Gene_stable_ID,Gene end (bp),Gene start (bp),Gene_length
ENSG00000210049,647,577,70
ENSG00000211459,1601,648,953
ENSG00000210077,1670,1602,68
ENSG00000210082,3229,1671,1558
ENSG00000209082,3304,3230,74
ENSG00000198888,4262,3307,955
ENSG00000210100,4331,4263,68
ENSG00000210107,4400,4329,71
ENSG00000210112,4469,4402,67
ENSG00000198763,5511,4470,1041
ENSG00000210117,5579,5512,67
ENSG00000210127,5655,5587,68
ENSG00000210135,5729,5657,72
ENSG00000210140,5826,5761,65
ENSG00000210144,5891,5826,65
ENSG00000198804,7445,5904,1541
ENSG00000210151,7514,7446,68
ENSG00000210154,7585,7518,67
ENSG00000198712,8269,7586,683
ENSG00000210156,8364,8295,69
ENSG00000228253,8572,8366,206
ENSG00000198899,9207,8527,680
ENSG00000198938,9990,9207,783
ENSG00000210164,10058,9991,67
ENSG00000198840,10404,10059,345
ENSG00000210174,10469,10405,64
ENSG00000212907,10766,10470,296
ENSG00000198886,12137,10760,1377
ENSG00000210176,12206,12138,68
ENSG00000210184,12265,12207,58
ENSG00000210191,12336,12266,70
ENSG00000198786,14148,12337,1811
ENSG00000198695,14673,14149,524
ENSG00000210194,14742,14674,68
ENSG00000198727,15887,14747,1140
ENSG00000210195,15953,15888,65
ENSG00000210196,16023,15956,67
ENSG00000262477,32413236,32412182,1054
ENSG00000212378,72760602,72760534,68
ENSG00000277234,16873851,16873708,143
ENSG00000243313,37833185,37832922,263
ENSG00000251915,35734504,35734393,111
ENSG00000276988,128484158,128483907,251
ENSG00000199530,82944845,82944738,107
ENSG00000207196,70705269,70705167,102
ENSG00000239102,8797194,8797135,59
ENSG00000243959,176547726,176547433,293
ENSG00000201356,28982970,28982852,118
ENSG00000239149,12507397,12507246,151
ENSG00000252647,35751684,35751574,110
ENSG00000200688,112069209,112069104,105
ENSG00000212512,202070943,202070841,102
ENSG00000222872,42221965,42221840,125
ENSG00000206698,97176113,97175950,163
ENSG00000271924,161409670,161409554,116
ENSG00000222613,140779141,140779039,102
ENSG00000252704,121736725,121736443,282
ENSG00000278189,8439975,8439823,152
ENSG00000202377,115581442,115581315,127
ENSG00000212448,95617786,95617689,97
ENSG00000265684,82078724,82078427,297
ENSG00000212452,52692812,52692736,76
ENSG00000222614,46736419,46736312,107
ENSG00000265078,48095105,48094801,304
ENSG00000252126,66344414,66344303,111
ENSG00000252827,96427486,96427200,286
ENSG00000280502,118994630,118994334,296
ENSG00000200763,20175909,20175805,104
ENSG00000275931,54776058,54751499,24559
ENSG00000222394,137715440,137715332,108
ENSG00000262776,57978277,57977965,312
ENSG00000252978,20452431,20452108,323
ENSG00000200761,4921064,4920770,294
ENSG00000274755,115734491,115734392,99
ENSG00000281112,45592814,45592722,92
ENSG00000223302,110642785,110642678,107
ENSG00000201405,23370346,23370254,92
ENSG00000281369,129041877,129041766,111
ENSG00000201330,29582332,29582249,83
ENSG00000212383,56861508,56861375,133
ENSG00000283789,12167038,12166943,95
ENSG00000221545,167998726,167998660,66
ENSG00000251990,17157071,17156971,100
ENSG00000207360,15776286,15776181,105
ENSG00000266203,32087007,32086949,58
ENSG00000221390,171101806,171101728,78
ENSG00000283527,35769867,35769785,82
ENSG00000274978,28648733,28648600,133
ENSG00000263908,62078859,62078786,73
ENSG00000207590,220117962,220117853,109
ENSG00000275293,21555457,21555138,319
ENSG00000243125,223248794,223248498,296
ENSG00000283676,148334554,148334479,75
ENSG00000265372,20552046,20551970,76
ENSG00000199676,35853364,35853252,112
ENSG00000212302,22756829,22756761,68
ENSG00000266041,65636369,65636310,59
ENSG00000283881,247202060,247201967,93
ENSG00000276363,54063953,54040833,23120
ENSG00000284155,64891439,64891355,84
ENSG00000221788,79419321,79419257,64
ENSG00000202392,6997328,6997012,316
ENSG00000241552,18547605,18547312,293
ENSG00000283326,67045708,67045643,65
ENSG00000273778,105150864,105150778,86
ENSG00000212206,8329719,8329583,136
ENSG00000276640,30136690,30136615,75
ENSG00000283744,86278398,86278333,65
ENSG00000275063,41876,41444,432
ENSG00000267195,2050380,2050271,109
ENSG00000238906,29912632,29912528,104
ENSG00000283818,94571352,94571231,121
ENSG00000199368,11392517,11392411,106
ENSG00000207996,59151221,59151136,85
ENSG00000266228,35079680,35079598,82
ENSG00000252755,98048962,98048856,106
ENSG00000207622,108837006,108836908,98
ENSG00000264060,77397054,77396984,70
ENSG00000251706,30483195,30483135,60
ENSG00000274770,56743981,56743873,108
ENSG00000207788,53686555,53686469,86
ENSG00000251785,77614952,77614869,83
ENSG00000265291,104677749,104677694,55
ENSG00000276746,33563130,33562880,250
ENSG00000207579,770277,770183,94
ENSG00000265539,69083258,69083176,82
ENSG00000207634,53748722,53748636,86
ENSG00000199550,2372750,2372638,112
ENSG00000283469,206783308,206783234,74
ENSG00000284148,119313012,119312950,62
ENSG00000277521,112339,112256,83
ENSG00000251831,16205120,16205014,106
ENSG00000261867,101205554,101205448,106
ENSG00000264793,87194859,87194786,73
ENSG00000221430,154347247,154347106,141
ENSG00000263581,65966429,65966330,99
ENSG00000239580,69923047,69922751,296
ENSG00000199575,100949904,100949833,71
ENSG00000265003,88082599,88082519,80
ENSG00000264056,53277071,53276993,78
ENSG00000211591,30893985,30893903,82
ENSG00000280514,69559073,69557495,1578
ENSG00000278770,45526746,45526466,280
ENSG00000263453,57895444,57895394,50
ENSG00000274396,27099957,27099856,101
ENSG00000264474,4788639,4788565,74
ENSG00000284082,31621531,31621467,64
ENSG00000263785,83508408,83508346,62
ENSG00000207123,62122421,62122320,101
ENSG00000242065,44773061,44772773,288
ENSG00000208036,100094074,100093993,81
ENSG00000278596,148388363,148388282,81
ENSG00000283772,18340886,18340814,72
ENSG00000201628,150326763,150326623,140
ENSG00000265810,151433639,151433489,150
ENSG00000207922,50173419,50173326,93
ENSG00000283799,231019924,231019828,96
ENSG00000207641,147272408,147272335,73
ENSG00000283853,75784607,75784521,86
ENSG00000212460,138116680,138116573,107
ENSG00000264572,125032870,125032783,87
ENSG00000221265,101330414,101330302,112
ENSG00000206693,154775126,154774998,128
ENSG00000277784,81693869,81693757,112
ENSG00000265874,65649253,65649192,61
ENSG00000242668,53630041,53629713,328
ENSG00000264233,535882,535840,42
ENSG00000277588,58334751,58334688,63
ENSG00000200480,100989201,100989130,71
ENSG00000275022,68044957,68044794,163
ENSG00000252503,139055578,139055475,103
ENSG00000265507,87629834,87629755,79
ENSG00000264536,119154716,119154637,79
ENSG00000243352,104912193,104911928,265
ENSG00000212102,21653058,21652981,77
ENSG00000264387,55174548,55174454,94
ENSG00000284325,140647926,140647844,82
ENSG00000266870,28916602,28916503,99
ENSG00000199102,112648430,112648363,67
ENSG00000264910,58543578,58543299,279
ENSG00000199047,149732890,149732825,65
ENSG00000283783,90231277,90231182,95
ENSG00000264274,147782668,147782595,73
ENSG00000201498,34384265,34384165,100
ENSG00000266589,66497034,66496958,76
ENSG00000277551,54913762,54913656,106
ENSG00000284256,33438437,33438331,106
ENSG00000274494,31633858,31633787,71
ENSG00000200564,25241827,25241746,81
ENSG00000265444,31094425,31094350,75
ENSG00000264773,30739232,30739156,76
ENSG00000207691,129775014,129774905,109
ENSG00000253038,39034110,39034007,103
ENSG00000284067,44051829,44051766,63
ENSG00000221680,193136583,193136503,80
ENSG00000222118,56205173,56205052,121
ENSG00000207935,70810084,70809975,109
ENSG00000274054,38825892,38825838,54
ENSG00000202532,127845341,127845236,105
ENSG00000283523,12727299,12727237,62
ENSG00000221269,97363681,97363554,127
ENSG00000206841,50691363,50691260,103
ENSG00000283218,30298960,30298910,50
ENSG00000241964,63234911,63234634,277
ENSG00000263861,109511545,109511475,70
ENSG00000202566,74218461,74218377,84
ENSG00000207585,13875011,13874875,136
ENSG00000238374,146245253,146245191,62
ENSG00000263600,32583752,32583656,96
ENSG00000241229,44007537,44007248,289
ENSG00000277942,113262999,113262920,79
ENSG00000266559,39409678,39409623,55
ENSG00000240294,24908812,24908522,290
ENSG00000211538,50009805,50009722,83
ENSG00000276178,72983461,72983360,101
ENSG00000207742,101052525,101052446,79
ENSG00000207598,63178586,63178500,86
ENSG00000275696,186630211,186629936,275
ENSG00000265789,151168326,151168222,104
ENSG00000264722,16306434,16306370,64
ENSG00000200636,100988230,100988161,69
ENSG00000252151,14124335,14124233,102
ENSG00000264534,10330285,10330229,56
ENSG00000266426,76869019,76868936,83
ENSG00000222592,39399248,39399149,99
ENSG00000272113,32820350,32820261,89
ENSG00000278103,96360039,96359964,75
ENSG00000283774,32350202,32350109,93
ENSG00000222213,149606741,149606637,104
ENSG00000275362,18615900,18615581,319
ENSG00000252542,133350912,133350847,65
ENSG00000284453,21829088,21829004,84
ENSG00000283207,36426428,36426366,62
ENSG00000252231,173921200,173921070,130
ENSG00000284331,22933438,22933349,89
ENSG00000252021,45004454,45004348,106
ENSG00000252657,29777744,29777619,125
ENSG00000266270,78820821,78820752,69
ENSG00000238426,41316589,41316488,101
ENSG00000277759,39829802,39829716,86
ENSG00000199017,62554376,62554306,70
ENSG00000239008,80857202,80857076,126
ENSG00000206654,39121043,39120940,103
ENSG00000199036,33207944,33207835,109
ENSG00000252262,162338742,162338643,99
ENSG00000283513,63919632,63919561,71
ENSG00000241785,54255910,54255627,283
ENSG00000221305,8089089,8088941,148
ENSG00000212199,131229713,131229607,106
ENSG00000274709,97014066,97013925,141
ENSG00000212344,128141977,128141875,102
ENSG00000276890,72927237,72926955,282
ENSG00000199177,21512185,21512115,70
ENSG00000206606,51167647,51167541,106
ENSG00000251873,51886769,51886688,81
ENSG00000207026,33923480,33923374,106
ENSG00000242985,8472128,8471831,297
ENSG00000266855,91636361,91636251,110
ENSG00000252441,115545717,115545637,80
ENSG00000221039,20249211,20249134,77
ENSG00000252903,31348296,31348192,104
ENSG00000221737,125790552,125790404,148
ENSG00000264823,128245030,128244947,83
ENSG00000200786,79654227,79654109,118
ENSG00000243702,18592619,18592330,289
ENSG00000200998,78632385,78632273,112
ENSG00000212370,112778469,112778363,106
ENSG00000283792,152536516,152536428,88
ENSG00000221466,38023986,38023895,91
ENSG00000252103,1529159,1529056,103
ENSG00000201610,11517503,11517397,106
ENSG00000265527,35664789,35664717,72
ENSG00000252115,116909964,116909877,87
ENSG00000200924,43892796,43892690,106
ENSG00000207827,71403621,71403551,70
ENSG00000211583,152393529,152393421,108
ENSG00000201162,15339855,15339749,106
ENSG00000222795,100831860,100831728,132
ENSG00000199085,25949986,25949919,67
ENSG00000207046,37434573,37434469,104
ENSG00000206613,168686716,168686608,108
ENSG00000199831,55376852,55376526,326
ENSG00000284176,102465826,102465742,84
ENSG00000207474,24703665,24703556,109
ENSG00000276956,110360746,110360452,294
ENSG00000274988,25345474,25345402,72
ENSG00000200278,124636592,124636459,133
ENSG00000202255,36668670,36668559,111
ENSG00000242118,81967374,81967079,295
ENSG00000252517,194664174,194664107,67
ENSG00000253051,45336447,45336314,133
ENSG00000263972,39837613,39837561,52
ENSG00000275808,59004494,59004213,281
ENSG00000251892,106729856,106729795,61
ENSG00000206703,158794696,158794590,106
ENSG00000201247,100969952,100969879,73
ENSG00000252313,32293692,32293558,134
ENSG00000277081,97564327,97564174,153
ENSG00000200283,28972521,28972414,107
ENSG00000277985,7578091,7577955,136
ENSG00000240302,199901377,199901081,296
ENSG00000199773,7980304,7980146,158
ENSG00000211578,119646848,119646738,110
ENSG00000222515,22085918,22085544,374
ENSG00000206585,148038916,148038753,163
ENSG00000273566,21455515,21455236,279
ENSG00000201483,7187686,7187582,104
ENSG00000252847,95860016,95859904,112
ENSG00000242014,33541000,33540694,306
ENSG00000212598,90030495,90030284,211
ENSG00000200003,27475595,27475494,101
ENSG00000239607,75042015,75041740,275
ENSG00000221363,22130729,22130603,126
ENSG00000241757,98351664,98351367,297
ENSG00000275660,2871484,2871423,61
ENSG00000277233,48429554,48429269,285
ENSG00000274754,45881312,45881211,101
ENSG00000265319,33034924,33034655,269
ENSG00000200028,76773045,76772909,136
ENSG00000201346,3384440,3384229,211
ENSG00000252284,58600698,58600631,67
ENSG00000201616,3048521,3048359,162
ENSG00000201382,116782208,116782105,103
ENSG00000200152,74968292,74968189,103
ENSG00000264218,29747948,29747847,101
ENSG00000240718,6048023,6047721,302
ENSG00000276132,29375225,29375114,111
ENSG00000200496,123301523,123301390,133
ENSG00000201758,244944216,244943910,306
ENSG00000200422,87146804,87146733,71
ENSG00000199471,202914980,202914880,100
ENSG00000263815,21229628,21229334,294
ENSG00000274164,36491322,36491199,123
ENSG00000275337,39349392,39349094,298
ENSG00000252031,79636963,79636862,101
ENSG00000200013,60662437,60662333,104
ENSG00000207457,41679817,41679711,106
ENSG00000278115,32682705,32682415,290
ENSG00000201569,100974880,100974806,74
ENSG00000272533,103337974,103337849,125
ENSG00000199698,23432282,23432181,101
ENSG00000200487,86052566,86052448,118
ENSG00000223294,64575741,64575665,76
ENSG00000207391,79534954,79534853,101
ENSG00000281245,133406244,133376515,29729
ENSG00000206686,181007384,181007281,103
ENSG00000281699,133339613,133339138,475
ENSG00000252863,101871801,101871742,59
ENSG00000212260,69530717,69530613,104
ENSG00000251953,18346238,18346123,115
ENSG00000264389,32485188,32485042,146
ENSG00000223273,76316048,76315751,297
ENSG00000201671,31228410,31228312,98
ENSG00000222231,76265732,76265543,189
ENSG00000206885,231455936,231455800,136
ENSG00000199483,83596584,83596444,140
ENSG00000244425,23879790,23879493,297
ENSG00000200189,69125376,69125270,106
ENSG00000276788,62855366,62855292,74
ENSG00000199201,73192325,73192223,102
ENSG00000262656,141734156,141733992,164
ENSG00000282676,73513,70780,2733
ENSG00000252794,165609679,165609441,238
ENSG00000207252,24456010,24455911,99
ENSG00000239153,115627185,115627082,103
ENSG00000271922,154329819,154329716,103
ENSG00000223128,21425041,21424758,283
ENSG00000207098,32841995,32841861,134
ENSG00000266381,11955006,11954709,297
ENSG00000252779,171856670,171856566,104
ENSG00000274606,116959805,116959593,212
ENSG00000263426,28977773,28977475,298
ENSG00000239908,100102839,100102559,280
ENSG00000252257,181968681,181968459,222
ENSG00000277777,5597490,5597390,100
ENSG00000207402,191122056,191121950,106
ENSG00000265882,195554043,195553792,251
ENSG00000243883,153382015,153381729,286
ENSG00000222675,157174040,157173918,122
ENSG00000252810,101915695,101915589,106
ENSG00000274202,93309,93197,112
ENSG00000239279,113420136,113419840,296
ENSG00000199929,26029025,26028912,113
ENSG00000222145,88714430,88714242,188
ENSG00000206781,64445243,64445130,113
ENSG00000207202,10582919,10582817,102
ENSG00000238410,75489710,75489576,134
ENSG00000242696,202357417,202357076,341
ENSG00000199363,183453944,183453814,130
ENSG00000277996,54173691,54160649,13042
ENSG00000206599,49764630,49764524,106
ENSG00000266420,119434820,119434519,301
ENSG00000206672,67625464,67625356,108
ENSG00000200673,144850084,144849755,329
ENSG00000252999,20090227,20090130,97
ENSG00000202257,228643927,228643809,118
ENSG00000223335,32352983,32352877,106
ENSG00000200475,13683886,13683542,344
ENSG00000222139,80663878,80663772,106
ENSG00000200855,108085014,108084913,101
ENSG00000207375,25091877,25091786,91
ENSG00000252475,44962933,44962830,103
ENSG00000238788,127017482,127017421,61
ENSG00000252474,49839827,49839725,102
ENSG00000238964,14643849,14643788,61
ENSG00000207450,47805179,47805079,100
ENSG00000201980,4756797,4756645,152
ENSG00000200495,248912795,248912690,105
ENSG00000212224,41712600,41712479,121
ENSG00000201523,19438418,19438283,135
ENSG00000222329,223261,223158,103
ENSG00000271852,202291421,202291332,89
ENSG00000274475,21429806,21429508,298
ENSG00000201240,100966100,100966029,71
ENSG00000280963,210234047,210231456,2591
ENSG00000201618,53909161,53909054,107
ENSG00000252734,53733083,53732981,102
ENSG00000203436,9712233,9711953,280
ENSG00000264113,4883316,4882975,341
ENSG00000206808,33171490,33171381,109
ENSG00000278237,76712861,76712763,98
ENSG00000275213,205684307,205684018,289
ENSG00000222293,86423128,86422938,190
ENSG00000200703,87742649,87742543,106
ENSG00000199672,229535189,229535064,125
ENSG00000240474,38873074,38872770,304
ENSG00000200890,81496327,81496214,113
ENSG00000222182,11414160,11414051,109
ENSG00000200831,133350168,133350095,73
ENSG00000277890,34996,34890,106
ENSG00000199985,36764551,36764445,106
ENSG00000200344,7982983,7982881,102
ENSG00000221216,28481480,28481362,118
ENSG00000277167,30763613,30763377,236
ENSG00000206850,130906949,130906838,111
ENSG00000274701,94656208,94655911,297
ENSG00000199223,6573057,6572956,101
ENSG00000206960,14646638,14646535,103
ENSG00000264294,44775943,44775864,79
ENSG00000277583,116953324,116953214,110
ENSG00000199788,49095492,49095391,101
ENSG00000276200,196289707,196289409,298
ENSG00000239542,41730405,41730127,278
ENSG00000222268,47505543,47505432,111
ENSG00000243782,87833098,87832818,280
ENSG00000265892,139185746,139185441,305
ENSG00000200288,177624409,177624282,127
ENSG00000206891,77811844,77811741,103
ENSG00000200201,3665259,3665164,95
ENSG00000202515,140726246,140726158,88
ENSG00000201649,200373269,200373175,94
ENSG00000238311,65696936,65696833,103
ENSG00000207082,164639671,164639565,106
ENSG00000274055,22046901,22046758,143
ENSG00000275856,30058190,30058115,75
ENSG00000201394,133710167,133710076,91
ENSG00000278234,150241860,150241777,83
ENSG00000238797,39441764,39441665,99
ENSG00000274127,146208819,146208665,154
ENSG00000274208,189720300,189720125,175
ENSG00000199910,228630508,228630390,118
ENSG00000199334,228632749,228632631,118
ENSG00000201315,36685369,36685040,329
ENSG00000252649,31356978,31356870,108
ENSG00000223190,43063609,43063326,283
ENSG00000200818,56825092,56824986,106
ENSG00000212266,117688742,117688621,121
ENSG00000202092,119445833,119445716,117
ENSG00000200065,32134834,32134738,96
ENSG00000207194,50582511,50582404,107
ENSG00000206633,10446849,10446714,135
ENSG00000222764,141486412,141486141,271
ENSG00000212306,100638457,100638363,94
ENSG00000212182,114005655,114005440,215
ENSG00000201176,168885461,168885355,106
ENSG00000221468,43341910,43341786,124
ENSG00000200367,100943524,100943451,73
ENSG00000252920,153012614,153012482,132
ENSG00000201440,135428285,135428168,117
ENSG00000212348,74048784,74048677,107
ENSG00000252888,76835502,76835377,125
ENSG00000207051,27255526,27255401,125
ENSG00000252121,92969710,92969604,106
ENSG00000266884,32447340,32447192,148
ENSG00000240202,93557206,93556913,293
ENSG00000252133,62358285,62358191,94
ENSG00000265141,8979874,8979576,298
ENSG00000201763,59456010,59455885,125
ENSG00000238785,47904423,47904348,75
ENSG00000275664,8205940,8205851,89
ENSG00000243373,158438088,158437797,291
ENSG00000207440,31143048,31142939,109
ENSG00000201756,76404252,76404140,112
ENSG00000252936,35755285,35755177,108
ENSG00000283965,211137522,210680180,457342
ENSG00000243267,10617115,10616836,279
ENSG00000252719,139910034,139909904,130
ENSG00000200860,66177635,66177527,108
ENSG00000277752,50075653,50075570,83
ENSG00000222940,24045938,24045835,103
ENSG00000283369,247607201,247607126,75
ENSG00000274266,28507571,28507366,205
ENSG00000276189,3737103,3736943,160
ENSG00000223262,42221286,42221173,113
ENSG00000266419,31518628,31518553,75
ENSG00000265920,32310433,32310327,106
ENSG00000243650,230507386,230507101,285
ENSG00000200360,111490423,111490317,106
ENSG00000201410,86125287,86125216,71
ENSG00000277891,37912140,37912034,106
ENSG00000253074,67196243,67196140,103
ENSG00000212565,48880967,48880840,127
ENSG00000243059,21103138,21102843,295
ENSG00000240613,15526081,15525782,299
ENSG00000201654,32202151,32202045,106
ENSG00000264192,21923288,21922993,295
ENSG00000222755,129291275,129290983,292
ENSG00000275655,97100874,97100587,287
ENSG00000278045,32437030,32436797,233
ENSG00000223341,45061086,45060729,357
ENSG00000201800,125517086,125516979,107
ENSG00000202514,42949495,42949388,107
ENSG00000206958,88382907,88382772,135
ENSG00000222154,53490439,53490148,291
ENSG00000283291,29741661,29741510,151
ENSG00000222921,134231312,134231195,117
ENSG00000240106,16539984,16539688,296
ENSG00000222845,187122861,187122562,299
ENSG00000277922,74293574,74293357,217
ENSG00000222430,101952704,101952605,99
ENSG00000207458,40226932,40226827,105
ENSG00000199756,28881835,28881726,109
ENSG00000244677,68149908,68149617,291
ENSG00000265607,31528627,31528550,77
ENSG00000207063,25051571,25051477,94
ENSG00000252374,14010763,14010669,94
ENSG00000200101,59647723,59647621,102
ENSG00000275128,70480487,70480192,295
ENSG00000222950,25779569,25779287,282
ENSG00000199798,100955439,100955370,69
ENSG00000199787,30419759,30419625,134
ENSG00000199318,87453373,87453240,133
ENSG00000206722,139256760,139256657,103
ENSG00000212499,12924785,12924679,106
ENSG00000222282,37885117,37885023,94
ENSG00000206941,75400538,75400391,147
ENSG00000206791,148014583,148014417,166
ENSG00000252214,74319501,74319399,102
ENSG00000274845,191682633,191682452,181
ENSG00000276094,41573606,41573512,94
ENSG00000206630,2155105,2155023,82
ENSG00000252881,104780389,104780288,101
ENSG00000206917,58677737,58677574,163
ENSG00000212373,166918478,166918364,114
ENSG00000201801,11909927,11909808,119
ENSG00000199666,90657964,90657750,214
ENSG00000251714,182631688,182631454,234
ENSG00000201916,20481268,20481158,110
ENSG00000252501,233448781,233448626,155
ENSG00000206969,102865963,102865856,107
ENSG00000277994,53966061,53965965,96
ENSG00000200991,84852615,84852498,117
ENSG00000283367,91356914,91356755,159
ENSG00000222524,55737600,55737285,315
ENSG00000278007,4127732,4127492,240
ENSG00000252591,17972117,17972025,92
ENSG00000199492,49966176,49966075,101
ENSG00000199603,38147521,38147415,106
ENSG00000252595,42892618,42892396,222
ENSG00000252190,26006130,26006006,124
ENSG00000280584,133209250,133205277,3973
ENSG00000199286,96608917,96608814,103
ENSG00000201945,121107174,121107043,131
ENSG00000212475,33576200,33576095,105
ENSG00000207068,105534765,105534659,106
ENSG00000239069,74895917,74895816,101
ENSG00000238482,24777979,24777873,106
ENSG00000200972,210374267,210374154,113
ENSG00000202508,13511313,13511206,107
ENSG00000201365,66653576,66653469,107
ENSG00000207221,83041598,83041464,134
ENSG00000278055,130488538,130488304,234
ENSG00000206656,25083679,25083588,91
ENSG00000274175,19833,17234,2599
ENSG00000276965,30973093,30972857,236
ENSG00000199913,73095458,73095357,101
ENSG00000276690,181699883,181699608,275
ENSG00000212140,94846639,94846533,106
ENSG00000252722,75121666,75121536,130
ENSG00000243562,440693,440399,294
ENSG00000244033,117018248,117017946,302
ENSG00000201564,9681238,9680924,314
ENSG00000207244,8961708,8961575,133
ENSG00000252977,181771644,181771566,78
ENSG00000200169,44731170,44731055,115
ENSG00000201600,139584445,139584105,340
ENSG00000207319,206701185,206701065,120
ENSG00000212589,113820590,113820459,131
ENSG00000212331,154943,154831,112
ENSG00000244006,64210988,64210691,297
ENSG00000201910,104099038,104098874,164
ENSG00000277761,1257196,1167457,89739
ENSG00000263367,31128019,31127920,99
ENSG00000202407,106426669,106426568,101
ENSG00000222582,154787278,154787118,160
ENSG00000201493,218129952,218129795,157
ENSG00000252545,75031186,75031097,89
ENSG00000278113,72567380,72567213,167
ENSG00000240235,99185866,99185587,279
ENSG00000276186,948524,948421,103
ENSG00000200769,92202334,92202243,91
ENSG00000199953,45327497,45327366,131
ENSG00000275605,54107026,54102906,4120
ENSG00000278109,43607723,43607436,287
ENSG00000278384,54893,51867,3026
ENSG00000199546,49270239,49270132,107
ENSG00000200216,70193341,70193236,105
ENSG00000252141,51565509,51565412,97
ENSG00000212295,156378824,156378750,74
ENSG00000252020,21389938,21389796,142
ENSG00000276345,11802,2585,9217
ENSG00000242360,27989584,27989296,288
ENSG00000263491,28977783,28977485,298
ENSG00000201376,51244224,51244090,134
ENSG00000200708,133596399,133596091,308
ENSG00000275086,54115801,54107066,8735
ENSG00000273782,15834804,15834730,74
ENSG00000251830,24166374,24166273,101
ENSG00000252464,178619998,178619728,270
ENSG00000274626,54208260,54201473,6787
ENSG00000238795,6967606,6967337,269
ENSG00000263362,31824506,31824440,66
ENSG00000212156,2199488,2199387,101
ENSG00000264322,60900185,60899891,294
ENSG00000275123,54081380,54069947,11433
ENSG00000277400,115018,53590,61428
ENSG00000274965,31312750,31152534,160216
ENSG00000276826,54734052,54715159,18893
ENSG00000274894,54131896,54115536,16360
ENSG00000274050,54982262,54957703,24559
ENSG00000278322,54190480,54173854,16626
ENSG00000276296,54115801,54107066,8735
ENSG00000283876,209623510,209623444,66
ENSG00000283558,101601497,101601417,80
ENSG00000263540,46753192,46753125,67
ENSG00000276628,54160192,54156127,4065
ENSG00000264032,111347824,111347757,67
ENSG00000281842,48654530,48654444,86
ENSG00000283621,57748682,57748618,64
ENSG00000283793,112163321,112163258,63
ENSG00000263742,72072302,72072228,74
ENSG00000266327,36952391,36952309,82
ENSG00000207967,116148654,116148560,94
ENSG00000265993,67441930,67441855,75
ENSG00000207766,41691678,41691585,93
ENSG00000263399,98208600,98208524,76
ENSG00000283891,55373034,55372940,94
ENSG00000208004,101056300,101056219,81
ENSG00000207695,79209871,79209788,83
ENSG00000277841,21514040,21513959,81
ENSG00000221634,85770578,85770496,82
ENSG00000265195,68801925,68801850,75
ENSG00000284346,2271840,2271747,93
ENSG00000275109,81611408,81611348,60
ENSG00000264314,42494830,42494773,57
ENSG00000277478,49510900,49510817,83
ENSG00000283492,11654941,11654885,56
ENSG00000207736,81125373,81125276,97
ENSG00000284553,11113534,11113474,60
ENSG00000207782,49500868,49500785,83
ENSG00000264175,18386634,18386562,72
ENSG00000273916,54857077,54850138,6939
ENSG00000278617,51207009,51206929,80
ENSG00000264979,110086523,110086433,90
ENSG00000216191,50696262,50696172,90
ENSG00000263973,40212431,40212352,79
ENSG00000221782,212426360,212426263,97
ENSG00000274552,41253050,41252992,58
ENSG00000278533,54102740,54094681,8059
ENSG00000275842,63919939,63919868,71
ENSG00000266329,176629500,176629439,61
ENSG00000276753,49962939,49962866,73
ENSG00000265724,73711397,73711317,80
ENSG00000276083,127587176,127587111,65
ENSG00000207597,136903294,136903167,127
ENSG00000266515,86542552,86542482,70
ENSG00000273882,101240872,101240795,77
ENSG00000265465,17425954,17425881,73
ENSG00000207800,138667793,138667711,82
ENSG00000284447,88666939,88666853,86
ENSG00000206973,61605722,61605616,106
ENSG00000283278,71307768,71307674,94
ENSG00000223012,86258646,86258358,288
ENSG00000284547,127786007,127785918,89
ENSG00000265848,134849682,134849609,73
ENSG00000277027,35658017,35657754,263
ENSG00000283899,51836402,51836344,58
ENSG00000199938,38566055,38565950,105
ENSG00000239547,17353177,17352881,296
ENSG00000284108,61792561,61792495,66
ENSG00000201643,75943916,75943782,134
ENSG00000207466,38950925,38950825,100
ENSG00000283603,25874079,25874020,59
ENSG00000200175,150812698,150812591,107
ENSG00000265061,128244573,128244506,67
ENSG00000278036,27315226,27315120,106
ENSG00000221537,64095125,64095024,101
ENSG00000252188,138625179,138625060,119
ENSG00000199109,101023420,101023325,95
ENSG00000200237,9820094,9819954,140
ENSG00000223087,31662143,31662039,104
ENSG00000211582,101026107,101026020,87
ENSG00000239419,143290910,143290615,295
ENSG00000280404,102161337,102161120,217
ENSG00000283180,2445457,2445392,65
ENSG00000263358,31527198,31527123,75
ENSG00000284564,64500839,64500774,65
ENSG00000284246,118644079,118644000,79
ENSG00000253058,31963933,31963805,128
ENSG00000202382,85367686,85367585,101
ENSG00000264405,69584823,69584722,101
ENSG00000266437,4446048,4445978,70
ENSG00000265526,123010728,123010667,61
ENSG00000275975,71368968,71368666,302
ENSG00000221445,25328721,25328640,81
ENSG00000276096,4756633,4756338,295
ENSG00000265432,54878193,54878113,80
ENSG00000264755,219058750,219058688,62
ENSG00000265462,21506135,21506049,86
ENSG00000223062,27824643,27824538,105
ENSG00000265281,56245623,56245520,103
ENSG00000263937,28916560,28916461,99
ENSG00000273745,10649695,10649636,59
ENSG00000199960,25195001,25194921,80
ENSG00000273657,7617505,7617439,66
ENSG00000277437,8208904,8208844,60
ENSG00000265301,35471486,35471405,81
ENSG00000283666,29510737,29510635,102
ENSG00000206887,224305483,224305380,103
ENSG00000275469,23079392,23079284,108
ENSG00000275950,8205406,8205315,91
ENSG00000264661,30731641,30731557,84
ENSG00000222520,21929094,21928985,109
ENSG00000207807,8005381,8005301,80
ENSG00000251923,55798731,55798636,95
ENSG00000283894,75630858,75630763,95
ENSG00000271899,156779731,156779678,53
ENSG00000207292,149631549,149631437,112
ENSG00000276656,124374437,124374332,105
ENSG00000276844,25266661,25266591,70
ENSG00000199145,112648071,112648004,67
ENSG00000273836,27433434,27433370,64
ENSG00000222869,37351242,37351143,99
ENSG00000277264,32179876,32179816,60
ENSG00000243541,15950981,15950689,292
ENSG00000265075,27701767,27701673,94
ENSG00000263652,11318686,11318614,72
ENSG00000276065,55071420,55046861,24559
ENSG00000199001,114823564,114823454,110
ENSG00000200830,14553970,14553702,268
ENSG00000283874,127690795,127690687,108
ENSG00000275132,38200532,38200234,298
ENSG00000252035,14487879,14487776,103
ENSG00000275661,53010,52895,115
ENSG00000252213,139276320,139276180,140
ENSG00000202502,183258416,183258300,116
ENSG00000252721,97193025,97192923,102
ENSG00000221303,81202834,81202695,139
ENSG00000200963,111331518,111331412,106
ENSG00000202474,62802438,62802320,118
ENSG00000200314,106454929,106454828,101
ENSG00000274385,30713346,30713240,106
ENSG00000243049,2558094,2557753,341
ENSG00000201831,25170804,25170723,81
ENSG00000223037,164620837,164620732,105
ENSG00000212214,3532251,3532117,134
ENSG00000253041,101322533,101322477,56
ENSG00000251733,19063786,19063656,130
ENSG00000207467,48810016,48809911,105
ENSG00000199764,115207996,115207894,102
ENSG00000275307,30973597,30973417,180
ENSG00000221611,12972143,12972053,90
ENSG00000281309,133336336,133328924,7412
ENSG00000202521,228623785,228623667,118
ENSG00000239175,30043908,30043801,107
ENSG00000202200,128761808,128761717,91
ENSG00000275414,170690742,170690564,178
ENSG00000202137,201808782,201808681,101
ENSG00000200029,218916287,218916184,103
ENSG00000199780,59533898,59533786,112
ENSG00000277966,27187124,27186892,232
ENSG00000252357,173808622,173808489,133
ENSG00000197334,9091508,9091240,268
ENSG00000263776,186787749,186787612,137
ENSG00000240160,23262071,23261782,289
ENSG00000252451,150970782,150970671,111
ENSG00000207124,4515057,4514952,105
ENSG00000274721,142318167,142318047,120
ENSG00000200413,100987117,100987046,71
ENSG00000239984,115606768,115606471,297
ENSG00000199450,116022779,116022686,93
ENSG00000201517,48154074,48153980,94
ENSG00000283791,65444557,65444458,99
ENSG00000273913,42511851,42511570,281
ENSG00000223299,96638514,96638187,327
ENSG00000207441,62187646,62187540,106
ENSG00000283998,94834513,94834398,115
ENSG00000201452,175767661,175767558,103
ENSG00000275642,1724395,1724115,280
ENSG00000221479,97491978,97491909,69
ENSG00000239190,133238438,133238335,103
ENSG00000238578,28722653,28722582,71
ENSG00000200720,45480136,45480030,106
ENSG00000207781,65471186,65471102,84
ENSG00000252807,170120098,170119996,102
ENSG00000277269,130487622,130487483,139
ENSG00000207439,65123474,65123369,105
ENSG00000221656,2090284,2090195,89
ENSG00000239731,31992381,31992087,294
ENSG00000223113,140370545,140370441,104
ENSG00000212279,74491028,74490959,69
ENSG00000273776,3485469,3485381,88
ENSG00000252224,33174295,33174170,125
ENSG00000238531,10109835,10109757,78
ENSG00000200795,120293237,120293097,140
ENSG00000201496,5458881,5458581,300
ENSG00000278581,64780824,64780759,65
ENSG00000252467,51902395,51902291,104
ENSG00000275518,3885432,3885353,79
ENSG00000201001,28760803,28760699,104
ENSG00000252615,151378099,151378000,99
ENSG00000252942,99145966,99145840,126
ENSG00000252970,39936855,39936753,102
ENSG00000207861,53742599,53742512,87
ENSG00000223044,82210440,82210338,102
ENSG00000284049,22822871,22822776,95
ENSG00000252136,105106094,105105987,107
ENSG00000206905,180519119,180519016,103
ENSG00000201003,53771153,53771018,135
ENSG00000278799,48550021,48549961,60
ENSG00000200754,17527247,17527140,107
ENSG00000252858,76139671,76139567,104
ENSG00000223060,56105510,56105416,94
ENSG00000281426,60617870,60617805,65
ENSG00000222714,218501037,218500729,308
ENSG00000252407,185434305,185434244,61
ENSG00000242614,96169847,96169545,302
ENSG00000265924,135803075,135802985,90
ENSG00000253035,122451599,122451474,125
ENSG00000201529,67617415,67617302,113
ENSG00000240637,114799629,114799331,298
ENSG00000207169,76337422,76337316,106
ENSG00000263926,37555422,37555365,57
ENSG00000252658,157934257,157934168,89
ENSG00000201861,282125,282015,110
ENSG00000222208,37341766,37341649,117
ENSG00000265725,120015257,120015179,78
ENSG00000251939,46121721,46121615,106
ENSG00000252956,9437778,9437669,109
ENSG00000283923,117020319,117020211,108
ENSG00000244384,232650136,232649849,287
ENSG00000252861,84196989,84196883,106
ENSG00000252639,27193500,27193358,142
ENSG00000207242,10858004,10857899,105
ENSG00000264744,134849369,134849298,71
ENSG00000265802,45002447,45002150,297
ENSG00000202449,14690832,14690710,122
ENSG00000212013,147258850,147258760,90
ENSG00000212205,211803104,211803017,87
ENSG00000200164,69191223,69191123,100
ENSG00000206637,201978595,201978461,134
ENSG00000273835,25193402,25193321,81
ENSG00000273938,54877247,54877141,106
ENSG00000201642,100952733,100952627,106
ENSG00000252139,49814443,49814361,82
ENSG00000278771,49853914,49853616,298
ENSG00000238485,139702390,139702287,103
ENSG00000266692,44437175,44437121,54
ENSG00000278526,117190269,117190133,136
ENSG00000210709,46921249,46921124,125
ENSG00000206702,13214219,13214056,163
ENSG00000200191,71815625,71815494,131
ENSG00000223138,9924021,9923920,101
ENSG00000206754,132815379,132815307,72
ENSG00000240233,77547846,77547566,280
ENSG00000252497,64909780,64909488,292
ENSG00000212464,100237302,100237156,146
ENSG00000221518,52560707,52560570,137
ENSG00000253086,11152452,11152350,102
ENSG00000252798,21587864,21587627,237
ENSG00000201635,45903298,45903187,111
ENSG00000252225,36440970,36440880,90
ENSG00000280627,133356824,133351906,4918
ENSG00000275992,75292928,75292706,222
ENSG00000200646,56316636,56316524,112
ENSG00000277947,19112636,19112419,217
ENSG00000201388,32608469,32608337,132
ENSG00000278587,30519318,30519161,157
ENSG00000275971,97530858,97530656,202
ENSG00000274062,43284329,43284139,190
ENSG00000238697,76447089,76446988,101
ENSG00000251914,20841302,20841241,61
ENSG00000244328,152757951,152757662,289
ENSG00000207334,118976619,118976513,106
ENSG00000212283,101273049,101272936,113
ENSG00000266754,103974814,103974515,299
ENSG00000238387,9578131,9578028,103
ENSG00000199291,31258709,31258608,101
ENSG00000277313,120228295,120228046,249
ENSG00000253010,53415607,53415294,313
ENSG00000222778,144187020,144186905,115
ENSG00000252821,33002054,33001950,104
ENSG00000251776,83201228,83200940,288
ENSG00000207434,12922660,12922554,106
ENSG00000207310,119341940,119341834,106
ENSG00000251844,97552228,97552137,91
ENSG00000207486,73397637,73397531,106
ENSG00000238880,77566994,77566934,60
ENSG00000199466,124766297,124766196,101
ENSG00000206909,171366252,171366118,134
ENSG00000200171,44153480,44153385,95
ENSG00000239202,231646273,231645998,275
ENSG00000222094,72045367,72045183,184
ENSG00000244232,128785448,128785147,301
ENSG00000199592,77587159,77587049,110
ENSG00000276594,30139683,30139580,103
ENSG00000251974,86364265,86364136,129
ENSG00000207203,36267274,36267168,106
ENSG00000200135,112149472,112149360,112
ENSG00000202215,189709714,189709539,175
ENSG00000222623,157887,157784,103
ENSG00000199523,165409676,165409562,114
ENSG00000222399,222503735,222503632,103
ENSG00000206669,36858329,36858227,102
ENSG00000251973,130497849,130497743,106
ENSG00000202044,152410394,152410275,119
ENSG00000222174,586850,586517,333
ENSG00000242855,39888664,39888375,289
ENSG00000275001,16767416,16767235,181
ENSG00000285757,45327497,45327366,131
ENSG00000200800,96226060,96225901,159
ENSG00000222990,88513663,88513498,165
ENSG00000199765,31595669,31595565,104
ENSG00000276031,49722247,49721949,298
ENSG00000206677,40492941,40492844,97
ENSG00000253021,44085303,44085213,90
ENSG00000239228,3058502,3058220,282
ENSG00000241866,73745232,73744935,297
ENSG00000223177,108301331,108301212,119
ENSG00000252461,28881607,28881480,127
ENSG00000199472,73906427,73906316,111
ENSG00000202231,100822752,100822620,132
ENSG00000276047,123071080,123070782,298
ENSG00000200320,186787431,186787300,131
ENSG00000222854,144701159,144701050,109
ENSG00000238419,47259420,47259358,62
ENSG00000200153,70445399,70445293,106
ENSG00000207502,115622005,115621872,133
ENSG00000276197,105376,105287,89
ENSG00000253089,127321529,127321355,174
ENSG00000277943,36105621,36103827,1794
ENSG00000207084,160697060,160696929,131
ENSG00000199786,102131135,102131007,128
ENSG00000200318,58760681,58760466,215
ENSG00000207088,129397348,129397210,138
ENSG00000207067,98042217,98042086,131
ENSG00000200982,248045889,248045788,101
ENSG00000275146,93721621,93721542,79
ENSG00000243437,77645618,77645324,294
ENSG00000252590,23450722,23450658,64
ENSG00000207274,214847081,214846947,134
ENSG00000222581,12300451,12300266,185
ENSG00000201913,100330877,100330777,100
ENSG00000276552,54899138,54899032,106
ENSG00000201846,148558048,148557947,101
ENSG00000283433,29874177,29874059,118
ENSG00000221500,132816877,132816802,75
ENSG00000223179,119007668,119007571,97
ENSG00000252727,8597640,8597509,131
ENSG00000200485,33196637,33196547,90
ENSG00000252879,212099676,212099521,155
ENSG00000201086,49982561,49982443,118
ENSG00000271923,87998335,87998229,106
ENSG00000276168,49586878,49586580,298
ENSG00000222220,94801812,94801514,298
ENSG00000239466,84688000,84687725,275
ENSG00000238749,61883751,61883640,111
ENSG00000200301,35195423,35195306,117
ENSG00000238966,42043575,42043504,71
ENSG00000275070,129796783,129796491,292
ENSG00000199598,43919901,43919795,106
ENSG00000252098,27255567,27255464,103
ENSG00000252905,8845358,8845263,95
ENSG00000200616,179097840,179097731,109
ENSG00000252714,40331648,40331537,111
ENSG00000239825,100906572,100906291,281
ENSG00000212365,14135100,14134986,114
ENSG00000278284,54801011,54782118,18893
ENSG00000252806,35754182,35754046,136
ENSG00000221340,12570072,12569972,100
ENSG00000222682,106155490,106155372,118
ENSG00000277370,16440106,16440036,70
ENSG00000200262,51107331,51107222,109
ENSG00000200897,107374827,107374747,80
ENSG00000252636,49036455,49036352,103
ENSG00000283272,91357036,91356877,159
ENSG00000201598,58805374,58805268,106
ENSG00000252780,31655461,31655356,105
ENSG00000240997,87845947,87845650,297
ENSG00000252427,46758873,46758766,107
ENSG00000201700,100929990,100929919,71
ENSG00000252832,19793101,19792998,103
ENSG00000200508,64066741,64066640,101
ENSG00000281243,133350316,133350243,73
ENSG00000263628,6152277,6152196,81
ENSG00000206816,77691751,77691650,101
ENSG00000265902,74720337,74720268,69
ENSG00000201884,121846700,121846600,100
ENSG00000199410,16912317,16912215,102
ENSG00000207332,3607365,3607258,107
ENSG00000276878,66023726,66023620,106
ENSG00000207444,71398407,71398337,70
ENSG00000199015,101062118,101062050,68
ENSG00000239504,88478114,88477828,286
ENSG00000281022,133348279,133338471,9808
ENSG00000199322,55777587,55777469,118
ENSG00000276641,4671390,4671318,72
ENSG00000266250,31395991,31395893,98
ENSG00000252917,42347214,42347061,153
ENSG00000243338,49199194,49198900,294
ENSG00000278340,28724321,28724252,69
ENSG00000268674,35916,35407,509
ENSG00000206685,47087612,47087506,106
ENSG00000199710,110764506,110764408,98
ENSG00000284362,53762430,53762344,86
ENSG00000202177,101955185,101955077,108
ENSG00000200456,44503879,44503773,106
ENSG00000283591,33418564,33418516,48
ENSG00000240481,24707083,24706788,295
ENSG00000278781,36110836,36110539,297
ENSG00000222574,78161992,78161698,294
ENSG00000253008,207110073,207109987,86
ENSG00000241162,110440303,110439996,307
ENSG00000278773,30061183,30061080,103
ENSG00000207997,34466418,34466325,93
ENSG00000221023,181738715,181738606,109
ENSG00000263669,70075272,70075014,258
ENSG00000274034,64077010,64076955,55
ENSG00000253063,32477471,32477382,89
ENSG00000252023,120672975,120672871,104
ENSG00000284550,6859256,6859171,85
ENSG00000200664,135810279,135810169,110
ENSG00000242170,125270902,125270604,298
ENSG00000222230,38758892,38758791,101
ENSG00000274060,8249596,8249505,91
ENSG00000222359,90144695,90144592,103
ENSG00000275693,88992539,88992370,169
ENSG00000265193,79507969,79507887,82
ENSG00000201826,76245074,76244968,106
ENSG00000284421,123161879,123161794,85
ENSG00000201148,34113063,34112949,114
ENSG00000252820,138175136,138175045,91
ENSG00000221436,110513915,110513829,86
ENSG00000200869,6874005,6873899,106
ENSG00000200839,51973535,51973410,125
ENSG00000277888,144057380,144057321,59
ENSG00000207080,184315765,184315658,107
ENSG00000274210,148522765,148522601,164
ENSG00000273885,93721866,93721797,69
ENSG00000208013,110055426,110055329,97
ENSG00000238500,66630776,66630715,61
ENSG00000216001,134540262,134540185,77
ENSG00000200059,2131950,2131851,99
ENSG00000265675,49081630,49081332,298
ENSG00000201567,95582162,95582064,98
ENSG00000216005,145994860,145994784,76
ENSG00000252692,206080324,206080239,85
ENSG00000277455,24449615,24449351,264
ENSG00000277634,49839493,49839401,92
ENSG00000244732,47560524,47560229,295
ENSG00000223096,178142651,178142548,103
ENSG00000242707,13715368,13715102,266
ENSG00000222378,39154296,39154164,132
ENSG00000273701,60487929,60487713,216
ENSG00000276034,30051079,30050976,103
ENSG00000277671,8250149,8250060,89
ENSG00000274168,94699502,94699223,279
ENSG00000275991,1102043,1101777,266
ENSG00000199609,14394757,14394648,109
ENSG00000275745,66550567,66550457,110
ENSG00000222305,90880179,90880040,139
ENSG00000238516,28834822,28834722,100
ENSG00000272262,202410207,202410108,99
ENSG00000240439,25060939,25060649,290
ENSG00000207150,87474289,87474183,106
ENSG00000283136,43023637,43023549,88
ENSG00000263728,30741114,30740863,251
ENSG00000223120,96842384,96842069,315
ENSG00000202027,155120598,155120490,108
ENSG00000199899,113156861,113156763,98
ENSG00000222852,180909927,180909838,89
ENSG00000222774,127406332,127406028,304
ENSG00000206792,12054926,12054824,102
ENSG00000252915,39344628,39344537,91
ENSG00000200204,3086300,3086143,157
ENSG00000201596,185634182,185634073,109
ENSG00000238300,33934376,33934296,80
ENSG00000252064,57311958,57311854,104
ENSG00000202470,95275872,95275770,102
ENSG00000201442,17737556,17737458,98
ENSG00000200620,15716346,15716208,138
ENSG00000201850,68089543,68089449,94
ENSG00000202497,69007155,69007052,103
ENSG00000273757,144551943,144551779,164
ENSG00000207309,96649591,96649453,138
ENSG00000240183,111930467,111930175,292
ENSG00000206782,131273348,131273242,106
ENSG00000239040,55412738,55412636,102
ENSG00000239247,2316506,2316197,309
ENSG00000206778,15877266,15877163,103
ENSG00000274359,54107026,54102906,4120
ENSG00000200822,222405095,222404985,110
ENSG00000253079,126408410,126408041,369
ENSG00000199620,26136998,26136880,118
ENSG00000277577,73831270,73831145,125
ENSG00000222345,52691453,52691378,75
ENSG00000206989,138561110,138561043,67
ENSG00000239151,89120840,89120779,61
ENSG00000199964,64834157,64834056,101
ENSG00000199673,66502910,66502812,98
ENSG00000278704,58376,56140,2236
ENSG00000206588,34556389,34556226,163
ENSG00000281822,72577203,72577040,163
ENSG00000244710,106283711,106283413,298
ENSG00000199321,126779774,126779702,72
ENSG00000252691,26006299,26006216,83
ENSG00000212276,106843866,106843749,117
ENSG00000251809,54771277,54770949,328
ENSG00000278782,1240349,1157687,82662
ENSG00000222522,47979521,47979414,107
ENSG00000201032,200933447,200933345,102
ENSG00000207072,68859040,68858934,106
ENSG00000202024,101325510,101325404,106
ENSG00000207210,173052555,173052452,103
ENSG00000241983,39369448,39369153,295
ENSG00000201518,129436647,129436530,117
ENSG00000252689,16138379,16138248,131
ENSG00000266231,31824072,31823970,102
ENSG00000252650,204707430,204707320,110
ENSG00000276496,27186263,27186166,97
ENSG00000274704,49913760,49913493,267
ENSG00000277119,32440383,32440109,274
ENSG00000252700,33414211,33414150,61
ENSG00000265814,40615928,40615665,263
ENSG00000242998,96023652,96023360,292
ENSG00000201622,197994709,197994601,108
ENSG00000241156,116582830,116582552,278
ENSG00000200107,55551920,55551810,110
ENSG00000276804,54980661,54956665,23996
ENSG00000200060,108738604,108738484,120
ENSG00000200437,15311451,15311345,106
ENSG00000264092,16863496,16863196,300
ENSG00000201324,108926541,108926435,106
ENSG00000200312,89712823,89712511,312
ENSG00000243426,78533055,78532813,242
ENSG00000275577,54063953,54040833,23120
ENSG00000274582,28581056,28580920,136
ENSG00000265777,2200039,2199762,277
ENSG00000275806,54081380,54069947,11433
ENSG00000264495,29747543,29747442,101
ENSG00000277733,54190480,54173854,16626
ENSG00000252637,67099425,67099302,123
ENSG00000251992,49814276,49814133,143
ENSG00000199470,12700889,12700758,131
ENSG00000252718,60719741,60719640,101
ENSG00000207422,151615879,151615773,106
ENSG00000242719,42881517,42881236,281
ENSG00000275254,74281082,74280936,146
ENSG00000238833,17209220,17209060,160
ENSG00000252217,65502836,65502741,95
ENSG00000199646,138876465,138876359,106
ENSG00000202093,49489308,49489245,63
ENSG00000252022,76469595,76469508,87
ENSG00000252258,3025566,3025434,132
ENSG00000212410,157985894,157985789,105
ENSG00000222741,33177838,33177740,98
ENSG00000206622,119787484,119787353,131
ENSG00000266580,31758735,31758660,75
ENSG00000277025,54190480,54173854,16626
ENSG00000202269,15110920,15110786,134
ENSG00000263795,42997681,42997563,118
ENSG00000286094,766919,716808,50111
ENSG00000207108,185630528,185630428,100
ENSG00000283476,69273218,69273157,61
ENSG00000283768,119713724,119713634,90
ENSG00000278715,25087753,25087662,91
ENSG00000276765,110341029,110340958,71
ENSG00000264406,85825730,85825635,95
ENSG00000278063,54868228,54868122,106
ENSG00000264881,10227803,10227718,85
ENSG00000266235,543366,543277,89
ENSG00000200361,106688779,106688678,101
ENSG00000284473,81385093,81385018,75
ENSG00000199409,150098506,150098406,100
ENSG00000278281,86357687,86357632,55
ENSG00000283796,41517217,41517164,53
ENSG00000277592,59584445,59584169,276
ENSG00000274056,98924568,98924499,69
ENSG00000267959,18282161,18282077,84
ENSG00000284005,20633788,20633679,109
ENSG00000207511,13279231,13279125,106
ENSG00000265719,119378043,119377972,71
ENSG00000264703,54282180,54282109,71
ENSG00000208024,172144644,172144535,109
ENSG00000276102,62567071,62567011,60
ENSG00000275996,62855083,62855012,71
ENSG00000263681,41167629,41167557,72
ENSG00000207975,198858982,198858873,109
ENSG00000264906,47364269,47364186,83
ENSG00000283281,21464758,21464700,58
ENSG00000283867,103394401,103394253,148
ENSG00000221394,179798346,179798278,68
ENSG00000273709,43241370,43241180,190
ENSG00000266655,123536534,123536409,125
ENSG00000265089,1844253,1844180,73
ENSG00000201314,145958240,145958128,112
ENSG00000275798,32414973,32402558,12415
ENSG00000207973,5495917,5495819,98
ENSG00000264763,112634254,112634170,84
ENSG00000283785,50049201,50049119,82
ENSG00000199306,197894613,197894507,106
ENSG00000211579,52810140,52810050,90
ENSG00000264426,56955864,56955785,79
ENSG00000222881,40391338,40391232,106
ENSG00000284269,64785686,64785626,60
ENSG00000275451,62343138,62343029,109
ENSG00000207741,74191294,74191198,96
ENSG00000285332,10884255,10881011,3244
ENSG00000207761,101026864,101026785,79
ENSG00000251802,34892549,34892417,132
ENSG00000199127,14853510,14853438,72
ENSG00000284288,93916119,93916022,97
ENSG00000212396,93510680,93510548,132
ENSG00000207959,101066801,101066724,77
ENSG00000284532,28360734,28360654,80
ENSG00000284570,100703024,100702968,56
ENSG00000199552,40655094,40654963,131
ENSG00000284344,43444885,43444806,79
ENSG00000215966,28863706,28863626,80
ENSG00000265957,44970166,44970082,84
ENSG00000284353,58331318,58331232,86
ENSG00000283863,127785923,127785833,90
ENSG00000238324,102857755,102857450,305
ENSG00000199143,53788773,53788705,68
ENSG00000221411,2234149,2234062,87
ENSG00000272080,50014683,50014598,85
ENSG00000199900,7887096,7886977,119
ENSG00000207980,13836659,13836587,72
ENSG00000275519,55230952,55230885,67
ENSG00000206734,47557514,47557413,101
ENSG00000202495,50171297,50171197,100
ENSG00000207629,53706336,53706252,84
ENSG00000212433,10686687,10686569,118
ENSG00000265321,27996449,27996367,82
ENSG00000264157,96798353,96798278,75
ENSG00000265326,28977740,28977442,298
ENSG00000252433,67102779,67102645,134
ENSG00000275523,39447069,39447010,59
ENSG00000283848,50273297,50273236,61
ENSG00000242560,96282863,96282567,296
ENSG00000283612,168560965,168560904,61
ENSG00000283958,186786777,186786672,105
ENSG00000202112,95599219,95599114,105
ENSG00000264390,140683883,140683814,69
ENSG00000239023,16719157,16718998,159
ENSG00000207716,11368921,11368827,94
ENSG00000275958,52482991,52482801,190
ENSG00000278449,143382800,143382686,114
ENSG00000257770,28534951,28526012,8939
ENSG00000283275,28819668,28819582,86
ENSG00000206925,40342441,40342329,112
ENSG00000283450,41660507,41660444,63
ENSG00000200516,131801434,131801315,119
ENSG00000266698,184851110,184851013,97
ENSG00000201588,228612627,228612509,118
ENSG00000283534,74218618,74218549,69
ENSG00000274566,55045969,55021410,24559
ENSG00000252524,157064663,157064557,106
ENSG00000264732,181222633,181222566,67
ENSG00000207268,117181200,117181066,134
ENSG00000283564,72376760,72376704,56
ENSG00000206935,23162810,23162704,106
ENSG00000284135,133034915,133034860,55
ENSG00000208883,110225063,110224985,78
ENSG00000201034,439397,439297,100
ENSG00000207275,82340876,82340771,105
ENSG00000265520,17681657,17681578,79
ENSG00000200021,74417704,74417594,110
ENSG00000212568,66891291,66891188,103
ENSG00000252519,23849882,23849778,104
ENSG00000283522,95072993,95072914,79
ENSG00000252291,6061749,6061644,105
ENSG00000252204,31811190,31811088,102
ENSG00000276575,53195488,53195411,77
ENSG00000277565,63549284,63549227,57
ENSG00000280479,133470996,133460113,10883
ENSG00000252080,6748969,6748908,61
ENSG00000208012,53557274,53557192,82
ENSG00000212144,234593402,234593275,127
ENSG00000252762,81928439,81928313,126
ENSG00000276019,8653797,8653558,239
ENSG00000284538,134169612,134169538,74
ENSG00000284154,33332492,33332393,99
ENSG00000201668,49871666,49871555,111
ENSG00000238862,52690827,52690744,83
ENSG00000202308,107663246,107663140,106
ENSG00000212443,98599883,98599635,248
ENSG00000265435,180438390,180438314,76
ENSG00000222407,231281524,231281414,110
ENSG00000275840,21396590,21396273,317
ENSG00000269103,49933078,49932795,283
ENSG00000265210,19575372,19575310,62
ENSG00000252122,75409466,75409332,134
ENSG00000200397,87218712,87218611,101
ENSG00000263389,36010204,36010098,106
ENSG00000276014,36110447,36110150,297
ENSG00000252072,73706613,73706490,123
ENSG00000199812,146571583,146571477,106
ENSG00000264402,74399333,74399237,96
ENSG00000240977,139982986,139982684,302
ENSG00000251718,11561306,11561194,112
ENSG00000201554,101458626,101458530,96
ENSG00000284143,120723266,120723193,73
ENSG00000201640,96349038,96348734,304
ENSG00000263675,37500994,37500935,59
ENSG00000199626,187270804,187270698,106
ENSG00000253024,67395311,67395210,101
ENSG00000265852,31487097,31486996,101
ENSG00000284202,98046171,98046070,101
ENSG00000283471,56904353,56904264,89
ENSG00000200184,192729716,192729555,161
ENSG00000212184,201927543,201927439,104
ENSG00000222831,235853060,235853000,60
ENSG00000202309,39128927,39128826,101
ENSG00000252815,55032071,55031965,106
ENSG00000283364,28861438,28861371,67
ENSG00000283672,87503954,87503881,73
ENSG00000238610,27897566,27897504,62
ENSG00000201096,75604278,75604173,105
ENSG00000211514,59137872,59137758,114
ENSG00000221214,110989013,110988926,87
ENSG00000266178,30922420,30922332,88
ENSG00000200354,38433998,38433865,133
ENSG00000200113,37419767,37419628,139
ENSG00000278794,1101273,1101007,266
ENSG00000221493,21683597,21683510,87
ENSG00000266581,88176593,88176502,91
ENSG00000226572,2657010,2656939,71
ENSG00000199514,38303879,38303773,106
ENSG00000215991,23418063,23417987,76
ENSG00000284272,2250718,2250639,79
ENSG00000241461,49083532,49083233,299
ENSG00000222767,47313121,47313027,94
ENSG00000252696,90135841,90135712,129
ENSG00000215957,101041445,101041363,82
ENSG00000273898,49009972,49009906,66
ENSG00000244066,244104210,244103932,278
ENSG00000206908,53219424,53219261,163
ENSG00000201516,176098285,176098163,122
ENSG00000221641,22225329,22225278,51
ENSG00000265057,32635331,32635255,76
ENSG00000284184,15611095,15611030,65
ENSG00000281541,133351060,133350995,65
ENSG00000275227,25618312,25618132,180
ENSG00000244501,170867144,170866835,309
ENSG00000283726,49806245,49806137,108
ENSG00000273613,18344079,18344013,66
ENSG00000275249,373405,372322,1083
ENSG00000242241,128971029,128970734,295
ENSG00000278658,129272243,129272146,97
ENSG00000266305,30504001,30503919,82
ENSG00000249784,1974760,1974636,124
ENSG00000274134,85918416,85918347,69
ENSG00000237261,14531223,14530941,282
ENSG00000207931,114656854,114656759,95
ENSG00000252437,55146645,55146546,99
ENSG00000223259,76655127,76655009,118
ENSG00000199031,53787741,53787675,66
ENSG00000275978,34659878,34659564,314
ENSG00000221296,173268233,173268160,73
ENSG00000273555,45425573,45425510,63
ENSG00000277136,41442392,41442102,290
ENSG00000222099,47068323,47068021,302
ENSG00000207619,169263694,169263601,93
ENSG00000277464,32602411,32602121,290
ENSG00000264824,22886379,22886267,112
ENSG00000274263,111271214,111271156,58
ENSG00000222202,20418427,20418321,106
ENSG00000263999,59214699,59214406,293
ENSG00000265483,48196616,48196564,52
ENSG00000238431,57227066,57227001,65
ENSG00000207814,120245050,120244979,71
ENSG00000201398,154007502,154007367,135
ENSG00000206944,48169890,48169784,106
ENSG00000264330,151565995,151565876,119
ENSG00000264268,7147937,7147860,77
ENSG00000222601,120504659,120504571,88
ENSG00000201675,49490048,49489965,83
ENSG00000222123,25738620,25738508,112
ENSG00000207717,168551949,168551854,95
ENSG00000251897,6937020,6936912,108
ENSG00000222092,29712008,29711915,93
ENSG00000212314,54264053,54263951,102
ENSG00000284276,2250156,2250077,79
ENSG00000201071,64111569,64111458,111
ENSG00000241665,69769773,69769487,286
ENSG00000252854,46250213,46249942,271
ENSG00000241868,196397778,196397508,270
ENSG00000263642,40502119,40502040,79
ENSG00000206785,65760186,65760052,134
ENSG00000252414,64578997,64578892,105
ENSG00000252369,83048640,83048579,61
ENSG00000201348,8831393,8831186,207
ENSG00000275667,64679176,64679064,112
ENSG00000221060,69804331,69804203,128
ENSG00000264353,31645579,31645466,113
ENSG00000207410,67271607,67271469,138
ENSG00000206952,58559929,58559796,133
ENSG00000266756,102125515,102125432,83
ENSG00000251889,48340826,48340687,139
ENSG00000201085,188121634,188121531,103
ENSG00000283435,85835858,85835780,78
ENSG00000239185,117139775,117139715,60
ENSG00000222604,74712045,74711936,109
ENSG00000284043,134169877,134169809,68
ENSG00000222973,2162953,2162763,190
ENSG00000251796,26247521,26247384,137
ENSG00000239553,66713009,66712720,289
ENSG00000202082,126553402,126553302,100
ENSG00000252454,150228083,150228004,79
ENSG00000212228,11274236,11274113,123
ENSG00000222941,151916418,151916331,87
ENSG00000284450,154768656,154768596,60
ENSG00000242889,57618393,57618108,285
ENSG00000252852,117313661,117313528,133
ENSG00000252271,58384542,58384442,100
ENSG00000207397,22555367,22555261,106
ENSG00000212297,198071417,198071311,106
ENSG00000238793,40027645,40027542,103
ENSG00000278591,43300231,43300041,190
ENSG00000277262,31107794,31107692,102
ENSG00000200052,165122823,165122713,110
ENSG00000207508,40177949,40177843,106
ENSG00000276859,58842132,58842030,102
ENSG00000222386,103484539,103484208,331
ENSG00000201285,148008215,148008100,115
ENSG00000206745,41302572,41302466,106
ENSG00000222937,138559039,138558970,69
ENSG00000273623,87345233,87345082,151
ENSG00000239021,130602913,130602795,118
ENSG00000264809,178484682,178484408,274
ENSG00000199878,143197591,143197248,343
ENSG00000280704,70846295,70846080,215
ENSG00000206915,49233899,49233794,105
ENSG00000222432,77895992,77895880,112
ENSG00000251771,15962405,15962302,103
ENSG00000274760,49279208,49279116,92
ENSG00000200293,41852029,41851913,116
ENSG00000278003,28665948,28665659,289
ENSG00000241652,173141938,173141643,295
ENSG00000251884,95142541,95142449,92
ENSG00000207443,63011569,63011463,106
ENSG00000252682,154288527,154288460,67
ENSG00000206612,48656782,48656648,134
ENSG00000263556,44716486,44716193,293
ENSG00000274228,35748655,35748520,135
ENSG00000275775,46660318,46660217,101
ENSG00000212340,64511857,64511755,102
ENSG00000201785,31536449,31536374,75
ENSG00000283618,30115994,30115845,149
ENSG00000200063,78400063,78399935,128
ENSG00000199468,156814234,156814130,104
ENSG00000200254,42569139,42569033,106
ENSG00000238590,128443510,128443449,61
ENSG00000199203,210266074,210265963,111
ENSG00000201329,43378510,43378297,213
ENSG00000252499,27488232,27488138,94
ENSG00000243115,12765055,12764761,294
ENSG00000265849,31603405,31603330,75
ENSG00000275930,75381739,75381638,101
ENSG00000274073,54115801,54107066,8735
ENSG00000254341,66922555,66922467,88
ENSG00000199986,180581163,180581057,106
ENSG00000201448,36418578,36418450,128
ENSG00000222561,948524,948421,103
ENSG00000273908,32440009,32439716,293
ENSG00000200376,47576588,47576471,117
ENSG00000253090,107985773,107985659,114
ENSG00000275127,25090014,25089923,91
ENSG00000277467,30612960,30612724,236
ENSG00000206987,32426420,32426288,132
ENSG00000202054,8393124,8393015,109
ENSG00000199348,168606496,168606390,106
ENSG00000222924,138069458,138069355,103
ENSG00000252017,282792,282689,103
ENSG00000251905,146145217,146145156,61
ENSG00000200605,50221996,50221888,108
ENSG00000202373,25249279,25249198,81
ENSG00000203411,75120562,75120265,297
ENSG00000277826,93637338,93637179,159
ENSG00000251829,15782455,15782341,114
ENSG00000243870,78371135,78370852,283
ENSG00000275646,136133826,136133696,130
ENSG00000201565,67297754,67297653,101
ENSG00000252211,58363562,58363438,124
ENSG00000252135,148385963,148385829,134
ENSG00000253057,111720061,111719769,292
ENSG00000212280,17748230,17748118,112
ENSG00000252688,133333930,133333829,101
ENSG00000239545,55215919,55215624,295
ENSG00000285089,30971101,30958848,12253
ENSG00000283276,91514157,91374331,139826
ENSG00000201340,50696760,50696644,116
ENSG00000222898,61632012,61631680,332
ENSG00000206620,75787150,75787072,78
ENSG00000201178,32830329,32830219,110
ENSG00000255156,20475311,20475203,108
ENSG00000251711,25819426,25819363,63
ENSG00000222862,27679935,27679836,99
ENSG00000222069,103523879,103523562,317
ENSG00000252598,72752051,72751952,99
ENSG00000199444,12088346,12088245,101
ENSG00000222429,4619852,4619749,103
ENSG00000274430,73944466,73944332,134
ENSG00000278825,39191360,39191100,260
ENSG00000277925,169765047,169764610,437
ENSG00000202252,123059422,123059335,87
ENSG00000201035,21113236,21113128,108
ENSG00000252765,101133339,101133153,186
ENSG00000199674,16137872,16137768,104
ENSG00000252724,39892540,39892446,94
ENSG00000200683,40917846,40917743,103
ENSG00000200792,32377322,32377187,135
ENSG00000252761,30932709,30932618,91
ENSG00000199226,46517868,46517766,102
ENSG00000201143,25247426,25247345,81
ENSG00000201987,164854332,164854231,101
ENSG00000263490,18631908,18631646,262
ENSG00000276377,22432206,22431917,289
ENSG00000201901,85100823,85100496,327
ENSG00000212354,39678622,39678520,102
ENSG00000200305,39922886,39922782,104
ENSG00000242794,232223145,232222866,279
ENSG00000263794,33716070,33715784,286
ENSG00000222232,28684083,28683976,107
ENSG00000274350,72664799,72664577,222
ENSG00000264393,31845923,31845835,88
ENSG00000275615,45188896,45188790,106
ENSG00000238812,236037311,236037250,61
ENSG00000202069,71652611,71652474,137
ENSG00000222636,101058567,101058299,268
ENSG00000223188,130120912,130120806,106
ENSG00000202222,39881678,39881566,112
ENSG00000277413,60677272,60677109,163
ENSG00000200522,110722348,110722250,98
ENSG00000199591,47931914,47931808,106
ENSG00000251764,66895572,66895491,81
ENSG00000275504,68926957,68926894,63
ENSG00000276530,32439206,32439086,120
ENSG00000212161,159851972,159851906,66
ENSG00000207393,218589320,218589214,106
ENSG00000200174,62211666,62211557,109
ENSG00000199572,190015255,190015138,117
ENSG00000278404,26657655,26657521,134
ENSG00000275168,54869030,54868924,106
ENSG00000200913,44776593,44776490,103
ENSG00000199480,106636786,106636672,114
ENSG00000200483,131815368,131815263,105
ENSG00000239316,89478433,89478141,292
ENSG00000222740,126145582,126145474,108
ENSG00000200381,228617109,228616991,118
ENSG00000207344,65066132,65065999,133
ENSG00000252191,53749951,53749851,100
ENSG00000207223,64652989,64652888,101
ENSG00000222129,94651529,94651397,132
ENSG00000278410,21615435,21614978,457
ENSG00000207512,38505581,38505480,101
ENSG00000275904,67697187,67697076,111
ENSG00000243260,39761298,39761000,298
ENSG00000222986,231670750,231670635,115
ENSG00000202522,72766116,72766004,112
ENSG00000199315,97657582,97657464,118
ENSG00000200057,21389491,21389191,300
ENSG00000244389,70180440,70180144,296
ENSG00000200520,139318486,139318378,108
ENSG00000252333,229937882,229937814,68
ENSG00000251825,73191855,73191604,251
ENSG00000207016,69520174,69520043,131
ENSG00000199892,180729737,180729586,151
ENSG00000207340,148362533,148362370,163
ENSG00000222238,101307718,101307529,189
ENSG00000280858,133351574,133348366,3208
ENSG00000212216,15701565,15701459,106
ENSG00000273770,78544188,78544095,93
ENSG00000252207,89727042,89726936,106
ENSG00000242113,151372287,151372003,284
ENSG00000200436,112661768,112661657,111
ENSG00000283271,13051411,13051342,69
ENSG00000207014,25056954,25056860,94
ENSG00000276066,54063953,54040833,23120
ENSG00000252783,87996448,87996345,103
ENSG00000206847,129030572,129030459,113
ENSG00000251977,8292263,8292157,106
ENSG00000275602,45943713,45943436,277
ENSG00000200114,12511213,12511095,118
ENSG00000222303,50649740,50649641,99
ENSG00000221564,64939117,64939023,94
ENSG00000202441,33199696,33199601,95
ENSG00000244671,21723182,21722895,287
ENSG00000265894,56806131,56805834,297
ENSG00000252039,42891435,42891338,97
ENSG00000275420,69478984,69478716,268
ENSG00000199540,144197,144087,110
ENSG00000207382,62661725,62661621,104
ENSG00000244034,55064026,55063738,288
ENSG00000202174,132253305,132253154,151
ENSG00000252969,12221271,12221148,123
ENSG00000207312,11027307,11027200,107
ENSG00000212479,29180639,29180425,214
ENSG00000252874,47820289,47820200,89
ENSG00000252311,85781899,85781775,124
ENSG00000206813,41747413,41747312,101
ENSG00000200350,154544037,154543933,104
ENSG00000206769,61391703,61391595,108
ENSG00000222477,65147778,65147584,194
ENSG00000222640,70361088,70360892,196
ENSG00000200817,58026812,58026706,106
ENSG00000252045,32538434,32538299,135
ENSG00000285912,152593091,152592973,118
ENSG00000273744,106271720,106271634,86
ENSG00000207024,64296138,64296037,101
ENSG00000201245,99783983,99783857,126
ENSG00000201573,50468498,50468397,101
ENSG00000252323,16336389,16336283,106
ENSG00000276767,28536060,28535771,289
ENSG00000238764,17358033,17357930,103
ENSG00000276839,182577040,182576772,268
ENSG00000200378,139448017,139447907,110
ENSG00000276643,166099924,166099853,71
ENSG00000252486,27252235,27252119,116
ENSG00000277599,65424118,65423960,158
ENSG00000277958,29041480,29041199,281
ENSG00000212432,9445205,9445058,147
ENSG00000212550,45003028,45002864,164
ENSG00000274409,96965481,96965302,179
ENSG00000212496,50256344,50256238,106
ENSG00000251812,4186424,4186326,98
ENSG00000280894,69160939,69160808,131
ENSG00000212418,76703727,76703632,95
ENSG00000199635,21160336,21160235,101
ENSG00000252316,148963410,148963315,95
ENSG00000252470,107435220,107435118,102
ENSG00000212588,52713370,52713249,121
ENSG00000200131,106680329,106679977,352
ENSG00000200885,19724599,19724435,164
ENSG00000223265,122579307,122579205,102
ENSG00000238364,10551092,10551033,59
ENSG00000252671,10337386,10337277,109
ENSG00000206827,22647688,22647582,106
ENSG00000223169,75865335,75865239,96
ENSG00000274873,54173691,54160649,13042
ENSG00000199584,127619447,127619336,111
ENSG00000277473,11644343,11644067,276
ENSG00000206719,113950998,113950886,112
ENSG00000201557,100972741,100972670,71
ENSG00000264549,181243379,181243312,67
ENSG00000252581,149525726,149525631,95
ENSG00000252729,43473690,43473585,105
ENSG00000275999,190021792,190021674,118
ENSG00000201076,60911442,60911303,139
ENSG00000277580,243081259,243081156,103
ENSG00000252002,9792861,9792751,110
ENSG00000241413,109866509,109866214,295
ENSG00000276304,139233520,139233414,106
ENSG00000238735,20246387,20246326,61
ENSG00000273496,104855,99351,5504
ENSG00000277610,120942763,120942600,163
ENSG00000239082,121908163,121908103,60
ENSG00000199883,16842587,16842253,334
ENSG00000201754,31837142,31837076,66
ENSG00000252320,136583345,136583240,105
ENSG00000207406,206162359,206162228,131
ENSG00000275384,54081380,54069947,11433
ENSG00000223309,48959282,48959179,103
ENSG00000200619,67268228,67268110,118
ENSG00000276886,32814964,32798311,16653
ENSG00000277263,32452117,32446915,5202
ENSG00000252482,32173744,32173684,60
ENSG00000274852,67176035,67175775,260
ENSG00000280249,134799945,134799782,163
ENSG00000252544,151300613,151300518,95
ENSG00000271765,136545492,136545192,300
ENSG00000253048,42473009,42472875,134
ENSG00000278217,65503008,65502914,94
ENSG00000201619,179201627,179201487,140
ENSG00000201680,31496790,31496689,101
ENSG00000253073,83686018,83685866,152
ENSG00000278140,54869088,54868982,106
ENSG00000199135,65058508,65058434,74
ENSG00000266863,6661942,6661651,291
ENSG00000277502,206161024,206160843,181
ENSG00000211543,116671827,116671749,78
ENSG00000264493,1859536,1859464,72
ENSG00000263679,31573153,31573052,101
ENSG00000265740,171359412,171359117,295
ENSG00000207994,122152308,122152229,79
ENSG00000251798,76087547,76087444,103
ENSG00000266043,1660380,1660315,65
ENSG00000252166,18117007,18116848,159
ENSG00000200011,93460826,93460725,101
ENSG00000283614,51314107,51314032,75
ENSG00000264916,179900564,179900262,302
ENSG00000221355,16282088,16282014,74
ENSG00000243723,158447461,158447166,295
ENSG00000207451,11226360,11226254,106
ENSG00000273627,38719748,38719691,57
ENSG00000206582,34526606,34526510,96
ENSG00000284144,40162001,40161933,68
ENSG00000278569,17205928,17205652,276
ENSG00000199911,24910695,24910594,101
ENSG00000265031,64425170,64425069,101
ENSG00000202412,129819033,129818932,101
ENSG00000201741,17460522,17460444,78
ENSG00000283927,21825785,21825698,87
ENSG00000223217,75409188,75409086,102
ENSG00000265390,8389380,8389290,90
ENSG00000252989,100646197,100646121,76
ENSG00000202290,97363101,97362972,129
ENSG00000274417,12940540,12940484,56
ENSG00000206755,30710665,30710537,128
ENSG00000201794,2999394,2999094,300
ENSG00000207821,19435158,19435063,95
ENSG00000278378,54102740,54094681,8059
ENSG00000207631,40282641,40282543,98
ENSG00000201474,162477993,162477891,102
ENSG00000278783,85783677,85783600,77
ENSG00000265965,109313625,109313571,54
ENSG00000283572,3128035,3127975,60
ENSG00000278420,36286907,36286847,60
ENSG00000266321,14383277,14383200,77
ENSG00000263631,5923328,5923275,53
ENSG00000276866,67403410,67403351,59
ENSG00000276350,154450386,154450320,66
ENSG00000284594,1880147,1880045,102
ENSG00000199489,25215622,25215541,81
ENSG00000265227,81158461,81158388,73
ENSG00000273710,28915864,28915579,285
ENSG00000277615,54156191,54138182,18009
ENSG00000252695,24162504,24162416,88
ENSG00000273942,97492597,97492462,135
ENSG00000275429,28391051,28390982,69
ENSG00000206729,55789474,55789368,106
ENSG00000277079,54208260,54201473,6787
ENSG00000221739,48156511,48156427,84
ENSG00000265351,32328503,32328397,106
ENSG00000284258,44758721,44758657,64
ENSG00000208008,51693339,51693254,85
ENSG00000243671,68694081,68693804,277
ENSG00000283490,53708835,53708735,100
ENSG00000252249,93879229,93879106,123
ENSG00000207699,53739419,53739333,86
ENSG00000206836,197447851,197447745,106
ENSG00000265056,11767525,11767444,81
ENSG00000252523,143754730,143754628,102
ENSG00000275724,54107026,54102906,4120
ENSG00000266139,111321086,111321013,73
ENSG00000252654,51905030,51904969,61
ENSG00000277590,207166498,207166400,98
ENSG00000207518,21551410,21551304,106
ENSG00000207635,34990497,34990376,121
ENSG00000274472,154705727,154705626,101
ENSG00000275670,113432200,113432118,82
ENSG00000207976,96828764,96828669,95
ENSG00000263932,183886885,183886800,85
ENSG00000206787,18880157,18880054,103
ENSG00000211997,79402109,79402022,87
ENSG00000263746,1708868,1708785,83
ENSG00000283857,101560422,101560287,135
ENSG00000199497,31901426,31901254,172
ENSG00000265304,38557561,38557502,59
ENSG00000284190,59841337,59841266,71
ENSG00000264099,72169540,72169467,73
ENSG00000238517,20399354,20399272,82
ENSG00000274906,148437045,148436777,268
ENSG00000263963,134928112,134928039,73
ENSG00000275652,40369907,40369846,61
ENSG00000201482,25201404,25201323,81
ENSG00000277713,130626363,130626297,66
ENSG00000211580,46019049,46018932,117
ENSG00000212036,49059658,49059603,55
ENSG00000212305,12297504,12297399,105
ENSG00000277120,2609254,2609191,63
ENSG00000207605,49020709,49020618,91
ENSG00000266328,55451582,55451495,87
ENSG00000274771,54855235,54855129,106
ENSG00000263981,87300583,87300495,88
ENSG00000252066,53652123,53651977,146
ENSG00000263597,132365599,132365490,109
ENSG00000283555,109874018,109873913,105
ENSG00000283274,16057622,16057472,150
ENSG00000266776,31701091,31701029,62
ENSG00000201752,116839385,116839279,106
ENSG00000202388,122025304,122025195,109
ENSG00000283461,32733077,32732981,96
ENSG00000277108,16439576,16439505,71
ENSG00000264512,12719190,12719132,58
ENSG00000222976,57789732,57789449,283
ENSG00000276158,114652723,114652655,68
ENSG00000244107,54420725,54420468,257
ENSG00000241529,113632998,113632704,294
ENSG00000207871,147199127,147199044,83
ENSG00000277786,54876536,54852540,23996
ENSG00000199704,25223327,25223246,81
ENSG00000277582,85210299,85210053,246
ENSG00000207357,1021628,1021522,106
ENSG00000207127,49416850,49416744,106
ENSG00000238765,148193838,148193716,122
ENSG00000283568,29297246,29297095,151
ENSG00000252416,42832550,42832447,103
ENSG00000251865,58835994,58835899,95
ENSG00000200253,87041341,87041238,103
ENSG00000222177,68329529,68329387,142
ENSG00000252642,125058438,125058304,134
ENSG00000206869,164687777,164687643,134
ENSG00000238783,30355540,30355436,104
ENSG00000201933,43096844,43096732,112
ENSG00000277395,36491694,36491571,123
ENSG00000200906,77837395,77837289,106
ENSG00000263360,82844757,82844455,302
ENSG00000252886,119631386,119631090,296
ENSG00000206862,118569515,118569405,110
ENSG00000285192,30917180,30904916,12264
ENSG00000238917,7576952,7576811,141
ENSG00000200033,221837437,221837334,103
ENSG00000222923,114420302,114420125,177
ENSG00000275399,55008845,54972989,35856
ENSG00000212189,7004112,7004007,105
ENSG00000252358,63609600,63609354,246
ENSG00000252973,19232947,19232855,92
ENSG00000263989,41290577,41290280,297
ENSG00000251789,223373956,223373822,134
ENSG00000275656,32188487,32188400,87
ENSG00000222501,128010611,128010382,229
ENSG00000206725,229973421,229973315,106
ENSG00000244391,94361526,94361220,306
ENSG00000201919,21987919,21987816,103
ENSG00000199366,23582121,23582016,105
ENSG00000252707,12036637,12036496,141
ENSG00000252267,26390776,26390667,109
ENSG00000275154,91715130,91714915,215
ENSG00000274011,98116135,98115885,250
ENSG00000252202,179847130,179847035,95
ENSG00000206768,69143953,69143852,101
ENSG00000207426,96701619,96701507,112
ENSG00000252412,37013319,37013225,94
ENSG00000266802,23057934,23057858,76
ENSG00000201823,31835326,31835263,63
ENSG00000275207,202003236,202003124,112
ENSG00000243439,1507598,1507322,276
ENSG00000207119,69458149,69457941,208
ENSG00000281430,133318617,133317942,675
ENSG00000278465,206474864,206474803,61
ENSG00000202008,201423604,201423513,91
ENSG00000253072,15481893,15481808,85
ENSG00000206833,57830642,57830536,106
ENSG00000278520,42323859,42323700,159
ENSG00000206784,37322371,37322259,112
ENSG00000222743,37620088,37619985,103
ENSG00000207993,101054759,101054687,72
ENSG00000274420,47818128,47818005,123
ENSG00000252823,89754152,89754059,93
ENSG00000207069,25008946,25008845,101
ENSG00000265005,26025310,26025237,73
ENSG00000276256,49164,42939,6225
ENSG00000251768,127317973,127317883,90
ENSG00000212414,100004649,100004583,66
ENSG00000207948,67202395,67202321,74
ENSG00000265754,31699502,31699371,131
ENSG00000274216,37216898,37216617,281
ENSG00000252868,29233979,29233868,111
ENSG00000274111,17813545,17813480,65
ENSG00000276664,30971149,30971005,144
ENSG00000212146,196341715,196341609,106
ENSG00000283394,6650439,6650373,66
ENSG00000238503,12030372,12030303,69
ENSG00000202071,66003940,66003839,101
ENSG00000265452,53849205,53849122,83
ENSG00000265955,30725938,30725828,110
ENSG00000239953,37361483,37361185,298
ENSG00000266113,31761086,31760998,88
ENSG00000222246,231892298,231892242,56
ENSG00000238444,112032598,112032499,99
ENSG00000223212,141052409,141052249,160
ENSG00000278316,54966679,54942120,24559
ENSG00000207433,15544294,15544188,106
ENSG00000207638,16539169,16539089,80
ENSG00000239112,9548905,9548836,69
ENSG00000251982,217251875,217251556,319
ENSG00000278433,43609989,43609887,102
ENSG00000276134,125351131,125350868,263
ENSG00000272215,111564883,111564821,62
ENSG00000284464,20086142,20086058,84
ENSG00000223306,225741380,225741275,105
ENSG00000277794,40731253,40730981,272
ENSG00000207364,37331876,37331770,106
ENSG00000201627,105929238,105929126,112
ENSG00000207689,135239256,135239160,96
ENSG00000278554,73959927,73959642,285
ENSG00000201435,96303513,96303375,138
ENSG00000252739,102837099,102837047,52
ENSG00000199158,129774769,129774692,77
ENSG00000276185,87345486,87345305,181
ENSG00000242430,14602094,14601823,271
ENSG00000263372,41271143,41271048,95
ENSG00000202240,57284708,57284602,106
ENSG00000272445,76557754,76557653,101
ENSG00000283505,74548609,74548550,59
ENSG00000207099,65095855,65095749,106
ENSG00000284087,124508576,124508515,61
ENSG00000275030,66142327,66142221,106
ENSG00000252681,23741105,23740942,163
ENSG00000274176,54156191,54138182,18009
ENSG00000207083,69175777,69175671,106
ENSG00000283146,93594894,93594841,53
ENSG00000207425,14915556,14915457,99
ENSG00000200279,100967123,100967052,71
ENSG00000207969,147231077,147230984,93
ENSG00000252540,49794914,49794811,103
ENSG00000252428,72299838,72299720,118
ENSG00000212567,40790204,40790077,127
ENSG00000240322,143298814,143298516,298
ENSG00000222490,90184733,90184634,99
ENSG00000239679,43863549,43863274,275
ENSG00000207352,65604761,65604661,100
ENSG00000276670,44940245,44940045,200
ENSG00000202344,55952014,55951654,360
ENSG00000222209,118264489,118264372,117
ENSG00000252259,63186450,63186336,114
ENSG00000201825,47234548,47234442,106
ENSG00000252130,191371044,191370938,106
ENSG00000277510,40450480,40450225,255
ENSG00000201372,43473119,43473013,106
ENSG00000263442,31531927,31531850,77
ENSG00000252325,21879904,21879801,103
ENSG00000251924,35735471,35735372,99
ENSG00000238379,128445198,128445081,117
ENSG00000200250,127316979,127316873,106
ENSG00000200217,109239746,109239639,107
ENSG00000206665,35496003,35495898,105
ENSG00000212398,223690114,223690051,63
ENSG00000200556,58497014,58496908,106
ENSG00000281393,133337972,133337876,96
ENSG00000238304,3781456,3781395,61
ENSG00000285674,7887096,7886977,119
ENSG00000274005,54208260,54201473,6787
ENSG00000200040,75928625,75928513,112
ENSG00000206775,3982572,3982507,65
ENSG00000221740,22856686,22856613,73
ENSG00000251986,41869095,41868998,97
ENSG00000275054,117184199,117184126,73
ENSG00000206765,133531826,133531723,103
ENSG00000278482,117191761,117191647,114
ENSG00000238443,133238549,133238455,94
ENSG00000202276,8877518,8877417,101
ENSG00000206663,19985159,19985058,101
ENSG00000199260,129203070,129202966,104
ENSG00000206592,79221073,79220942,131
ENSG00000199652,135742495,135742343,152
ENSG00000201950,100945720,100945649,71
ENSG00000222704,39016344,39016047,297
ENSG00000252343,182548779,182548659,120
ENSG00000202070,70075469,70075363,106
ENSG00000252338,75538119,75538015,104
ENSG00000252537,16005923,16005808,115
ENSG00000251946,54786492,54786387,105
ENSG00000275071,55128444,55128285,159
ENSG00000200247,19446055,19445949,106
ENSG00000252985,126426970,126426893,77
ENSG00000202347,113479078,113478915,163
ENSG00000200544,33352874,33352788,86
ENSG00000222467,121603164,121603073,91
ENSG00000278853,18869291,18869185,106
ENSG00000202017,60304151,60304047,104
ENSG00000199959,84277457,84277321,136
ENSG00000277628,109124609,109124357,252
ENSG00000206913,74252552,74252414,138
ENSG00000252063,53760188,53760087,101
ENSG00000212536,5098476,5098387,89
ENSG00000277983,16482129,16467435,14694
ENSG00000275330,54063953,54040833,23120
ENSG00000206807,20507756,20507644,112
ENSG00000278073,1296170,1296110,60
ENSG00000239468,148890513,148890226,287
ENSG00000252513,17789162,17789003,159
ENSG00000201727,178406830,178406695,135
ENSG00000266188,52935017,52934930,87
ENSG00000275935,54160192,54156127,4065
ENSG00000199961,76561192,76561109,83
ENSG00000201075,14275600,14275508,92
ENSG00000284442,114174179,114174105,74
ENSG00000200873,71858686,71858570,116
ENSG00000199932,122211811,122211648,163
ENSG00000252964,86138379,86138269,110
ENSG00000266676,129843374,129843299,75
ENSG00000199487,41963969,41963868,101
ENSG00000222357,168475388,168475198,190
ENSG00000212618,18944073,18943999,74
ENSG00000283497,46451887,46451807,80
ENSG00000273612,50068164,50068107,57
ENSG00000278791,632413,632325,88
ENSG00000252385,46410557,46410454,103
ENSG00000207586,97563911,97563812,99
ENSG00000266611,51552667,51552589,78
ENSG00000206776,119388469,119388348,121
ENSG00000207045,96330744,96330638,106
ENSG00000252172,149917449,149917342,107
ENSG00000264037,116428318,116428252,66
ENSG00000207961,101060674,101060573,101
ENSG00000201443,108826869,108826764,105
ENSG00000201241,19883716,19883614,102
ENSG00000284536,91350688,91350605,83
ENSG00000264902,21951323,21951242,81
ENSG00000222529,118970595,118970498,97
ENSG00000252446,16691907,16691798,109
ENSG00000276774,54160192,54156127,4065
ENSG00000207646,101049646,101049550,96
ENSG00000202479,24969477,24969388,89
ENSG00000223039,151319950,151319635,315
ENSG00000265855,80997473,80997417,56
ENSG00000264781,105859553,105859484,69
ENSG00000275900,26689529,26689316,213
ENSG00000241188,26815112,26814822,290
ENSG00000264947,50742377,50742305,72
ENSG00000238489,20855357,20855251,106
ENSG00000207161,147472243,147472133,110
ENSG00000264480,98784502,98784426,76
ENSG00000283416,85741700,85741621,79
ENSG00000221200,2748182,2748078,104
ENSG00000207385,53265567,53265461,106
ENSG00000212593,23441921,23441841,80
ENSG00000265509,31487550,31487449,101
ENSG00000284542,56891355,56891270,85
ENSG00000265976,31575358,31575269,89
ENSG00000201263,100957237,100957166,71
ENSG00000212195,58631836,58631641,195
ENSG00000265561,80098877,80098828,49
ENSG00000200295,106607819,106607716,103
ENSG00000283822,14529640,14529543,97
ENSG00000283615,39622175,39622123,52
ENSG00000276926,41869698,41869627,71
ENSG00000200112,115852718,115852648,70
ENSG00000276766,54107026,54102906,4120
ENSG00000264484,154496113,154495815,298
ENSG00000264684,151368411,151368334,77
ENSG00000266523,30814896,30814786,110
ENSG00000278264,55245250,55245186,64
ENSG00000266133,26954043,26953961,82
ENSG00000201145,190017814,190017696,118
ENSG00000200139,199888261,199888159,102
ENSG00000276147,32506389,32506283,106
ENSG00000265306,62064885,62064802,83
ENSG00000251852,103433561,103433461,100
ENSG00000199293,38852994,38852863,131
ENSG00000263705,10439794,10439717,77
ENSG00000264119,87226277,87226189,88
ENSG00000275942,26672248,26672164,84
ENSG00000278172,29864629,29864372,257
ENSG00000207573,32733077,32732981,96
ENSG00000201707,88201810,88201703,107
ENSG00000266383,124133025,124132929,96
ENSG00000276260,54173691,54160649,13042
ENSG00000251937,12400473,12400412,61
ENSG00000284012,100356721,100356651,70
ENSG00000207746,82753430,82753337,93
ENSG00000201709,65229967,65229861,106
ENSG00000275090,33103306,33103008,298
ENSG00000277403,29076488,29063961,12527
ENSG00000273593,2076640,2076589,51
ENSG00000281499,210374267,210374154,113
ENSG00000266583,122120167,122120082,85
ENSG00000264271,63529898,63529613,285
ENSG00000264638,18573379,18573306,73
ENSG00000206914,122768200,122768099,101
ENSG00000264136,134850356,134850277,79
ENSG00000202304,130310178,130310072,106
ENSG00000266514,134850807,134850742,65
ENSG00000238898,77920258,77920098,160
ENSG00000265144,16627085,16627012,73
ENSG00000212604,26009074,26008940,134
ENSG00000266375,31075523,31075424,99
ENSG00000199733,26509704,26509589,115
ENSG00000276604,54081380,54069947,11433
ENSG00000252219,145992826,145992750,76
ENSG00000212545,79030345,79030240,105
ENSG00000206796,37135343,37135237,106
ENSG00000222170,48731801,48731704,97
ENSG00000222460,35643462,35643143,319
ENSG00000265983,32546557,32546409,148
ENSG00000202473,143090677,143090347,330
ENSG00000201566,37435216,37435115,101
ENSG00000206962,41905224,41905118,106
ENSG00000200536,110272607,110272484,123
ENSG00000266645,11656722,11656651,71
ENSG00000222685,47359777,47359505,272
ENSG00000212385,116413869,116413766,103
ENSG00000251981,62383166,62383104,62
ENSG00000276002,50258722,50258443,279
ENSG00000266703,90555857,90555774,83
ENSG00000241756,38531338,38531042,296
ENSG00000199815,8931631,8931506,125
ENSG00000200198,105904687,105904373,314
ENSG00000273636,44893307,44893143,164
ENSG00000280773,104252651,104252591,60
ENSG00000252030,153265755,153265662,93
ENSG00000206762,205595147,205595041,106
ENSG00000276577,20323110,20323001,109
ENSG00000263978,20433846,20433778,68
ENSG00000222150,116944414,116944286,128
ENSG00000212485,74079643,74079537,106
ENSG00000276596,43266823,43266633,190
ENSG00000241230,54048308,54048007,301
ENSG00000221525,101043062,101042977,85
ENSG00000244544,152264445,152264150,295
ENSG00000241227,5253223,5252926,297
ENSG00000206731,27642169,27642043,126
ENSG00000266454,18411977,18411894,83
ENSG00000222890,101411459,101411357,102
ENSG00000212402,173020928,173020728,200
ENSG00000252060,11996916,11996809,107
ENSG00000252415,73679296,73679188,108
ENSG00000222346,111953765,111953653,112
ENSG00000207838,53741407,53741313,94
ENSG00000276263,54115801,54107066,8735
ENSG00000199219,173362240,173362134,106
ENSG00000253025,176244029,176243862,167
ENSG00000202039,5180162,5180061,101
ENSG00000209482,39315307,39315213,94
ENSG00000212158,184325771,184325696,75
ENSG00000283333,176515151,176515103,48
ENSG00000201943,25187616,25187536,80
ENSG00000284253,116299768,116299725,43
ENSG00000202023,137287762,137287687,75
ENSG00000200587,131938956,131938846,110
ENSG00000199977,21817828,21817624,204
ENSG00000283468,163093628,163093574,54
ENSG00000274171,46366990,46366710,280
ENSG00000223019,25813917,25813811,106
ENSG00000252269,132995302,132995190,112
ENSG00000207009,1683529,1683420,109
ENSG00000202601,59703703,59703606,97
ENSG00000263672,100821264,100821027,237
ENSG00000207318,147831877,147831770,107
ENSG00000201959,77041748,77041647,101
ENSG00000241963,154349725,154349428,297
ENSG00000283493,13590346,13590292,54
ENSG00000266150,59733296,59733227,69
ENSG00000212187,212025682,212025561,121
ENSG00000243359,115838159,115837870,289
ENSG00000202408,148334767,148334612,155
ENSG00000264720,66628517,66628440,77
ENSG00000199858,178007779,178007672,107
ENSG00000222455,127841222,127841112,110
ENSG00000243254,99614081,99613783,298
ENSG00000215930,117094728,117094643,85
ENSG00000200118,170244881,170244782,99
ENSG00000286079,67718955,67718236,719
ENSG00000222236,71759616,71759518,98
ENSG00000276396,139155444,139155153,291
ENSG00000278714,29076511,29063984,12527
ENSG00000265831,241132346,241132272,74
ENSG00000251929,49901950,49901850,100
ENSG00000212584,101691685,101691580,105
ENSG00000266464,33370056,33369961,95
ENSG00000207276,96256319,96256216,103
ENSG00000278757,516479,516376,103
ENSG00000264800,48985587,48985512,75
ENSG00000284293,68032922,68032864,58
ENSG00000202089,63882685,63882587,98
ENSG00000242315,100958180,100957883,297
ENSG00000277774,39887144,39886861,283
ENSG00000212466,102313829,102313722,107
ENSG00000252326,25097754,25097663,91
ENSG00000264295,104591716,104591633,83
ENSG00000206957,44697430,44697333,97
ENSG00000201182,10037655,10037552,103
ENSG00000216179,101064578,101064495,83
ENSG00000278004,217283523,217283370,153
ENSG00000263359,31523901,31523826,75
ENSG00000207379,93385817,93385711,106
ENSG00000207142,42454821,42454720,101
ENSG00000199762,47489170,47489067,103
ENSG00000207702,31065141,31065032,109
ENSG00000200379,56072407,56072104,303
ENSG00000263608,30751289,30751038,251
ENSG00000252667,18348147,18348035,112
ENSG00000274915,63102259,63102142,117
ENSG00000263537,110625917,110625645,272
ENSG00000277903,43271559,43271369,190
ENSG00000237611,7240018,7239781,237
ENSG00000199920,134760348,134760208,140
ENSG00000222915,30421148,30421045,103
ENSG00000276757,11012006,11011708,298
ENSG00000264397,2136129,2135977,152
ENSG00000278151,88710265,88710147,118
ENSG00000275266,1996610,1996540,70
ENSG00000266232,2532005,2531922,83
ENSG00000265918,67019817,67019519,298
ENSG00000252472,7423158,7423054,104
ENSG00000238854,141447549,141447475,74
ENSG00000284368,64501313,64501214,99
ENSG00000252220,83021992,83021890,102
ENSG00000207033,116400953,116400848,105
ENSG00000265595,54068485,54068408,77
ENSG00000212170,82174385,82174224,161
ENSG00000264251,44719130,44718861,269
ENSG00000277379,8388453,8388362,91
ENSG00000272096,155437823,155437538,285
ENSG00000222126,148825835,148825691,144
ENSG00000264757,17764259,17764180,79
ENSG00000199577,20269070,20268965,105
ENSG00000251988,159720540,159720415,125
ENSG00000283871,21653385,21653304,81
ENSG00000206681,165718338,165718235,103
ENSG00000283829,41923297,41923222,75
ENSG00000238365,154338802,154338743,59
ENSG00000212360,61852602,61852499,103
ENSG00000199791,230587227,230587121,106
ENSG00000252555,60018731,60018625,106
ENSG00000206623,28118219,28118113,106
ENSG00000252745,142591791,142591677,114
ENSG00000222327,112137900,112137797,103
ENSG00000265160,172662263,172662165,98
ENSG00000206801,43796543,43796437,106
ENSG00000251994,9518260,9518119,141
ENSG00000276089,50082484,50082295,189
ENSG00000221539,28578822,28578749,73
ENSG00000284370,30890972,30890883,89
ENSG00000251697,34478905,34478622,283
ENSG00000275746,31529455,31478417,51038
ENSG00000277605,47477152,47476822,330
ENSG00000238832,107603507,107603363,144
ENSG00000244236,69517046,69516751,295
ENSG00000284064,33290325,33290245,80
ENSG00000272230,114653455,114653345,110
ENSG00000206866,176930090,176929985,105
ENSG00000252247,27343746,27343687,59
ENSG00000262469,153743584,153743483,101
ENSG00000265660,143733153,143733083,70
ENSG00000275780,45327497,45327366,131
ENSG00000200281,228169849,228169743,106
ENSG00000266263,30909204,30908902,302
ENSG00000283751,151959712,151959628,84
ENSG00000274071,30048086,30048011,75
ENSG00000274467,20290289,20290174,115
ENSG00000200243,6848462,6848127,335
ENSG00000207415,9287578,9287472,106
ENSG00000252988,73298787,73298683,104
ENSG00000200372,116965227,116965112,115
ENSG00000253015,139333365,139333038,327
ENSG00000201331,25211877,25211796,81
ENSG00000202249,101466820,101466705,115
ENSG00000277194,62853035,62852910,125
ENSG00000277828,99357957,99357827,130
ENSG00000207287,96743273,96743167,106
ENSG00000252930,112919230,112919132,98
ENSG00000212454,73751077,73750972,105
ENSG00000202187,28505528,28505394,134
ENSG00000221562,129975001,129974891,110
ENSG00000212609,19345312,19345148,164
ENSG00000222985,65124542,65124352,190
ENSG00000199285,38987383,38987281,102
ENSG00000238380,113353484,113353425,59
ENSG00000251980,157912885,157912772,113
ENSG00000199459,85435284,85435175,109
ENSG00000271254,29626,4612,25014
ENSG00000208308,135136755,135136628,127
ENSG00000202245,122345793,122345690,103
ENSG00000243872,220572035,220571739,296
ENSG00000251719,29048719,29048620,99
ENSG00000275698,30506195,30506091,104
ENSG00000202406,112288952,112288623,329
ENSG00000200731,43073618,43073474,144
ENSG00000206716,21214743,21214637,106
ENSG00000243274,76135225,76134931,294
ENSG00000207089,68736028,68735922,106
ENSG00000201358,50068873,50068568,305
ENSG00000252321,85820612,85820435,177
ENSG00000278469,3125063,3124777,286
ENSG00000278363,54173691,54160649,13042
ENSG00000252272,29001775,29001670,105
ENSG00000252574,109185001,109184934,67
ENSG00000274075,27824382,27824207,175
ENSG00000207452,87299797,87299687,110
ENSG00000200783,72664152,72663823,329
ENSG00000276713,62244595,62244330,265
ENSG00000242066,77916982,77916718,264
ENSG00000280680,210679653,210328252,351401
ENSG00000272351,69672597,69672479,118
ENSG00000252346,227763152,227763052,100
ENSG00000252941,47804402,47804296,106
ENSG00000276159,54063953,54040833,23120
ENSG00000280937,210463012,210462345,667
ENSG00000275257,28845291,28845055,236
ENSG00000207258,38744131,38744020,111
ENSG00000202270,100969022,100968948,74
ENSG00000222426,34282670,34282528,142
ENSG00000252826,143720644,143720510,134
ENSG00000276470,11843984,11843812,172
ENSG00000221507,144451817,144451681,136
ENSG00000274076,32446964,32446674,290
ENSG00000201638,234838069,234837976,93
ENSG00000200701,85205032,85204926,106
ENSG00000201683,20500276,20500175,101
ENSG00000201457,39567508,39567374,134
ENSG00000251898,6581609,6581474,135
ENSG00000212520,67808608,67808502,106
ENSG00000264379,21524382,21524307,75
ENSG00000242657,70222314,70222006,308
ENSG00000201298,134701278,134701172,106
ENSG00000265838,32539971,32539820,151
ENSG00000200209,38294636,38294544,92
ENSG00000199857,76402146,76402076,70
ENSG00000222503,103673265,103673158,107
ENSG00000243173,162778014,162777730,284
ENSG00000244568,184335949,184335658,291
ENSG00000252635,18265879,18265690,189
ENSG00000221496,44304203,44303965,238
ENSG00000207037,84938522,84938416,106
ENSG00000253032,56125770,56125671,99
ENSG00000212534,202276518,202276431,87
ENSG00000201535,118836111,118836010,101
ENSG00000277118,186076591,186076306,285
ENSG00000206624,178884879,178884715,164
ENSG00000206711,166313034,166312935,99
ENSG00000207448,70701858,70701755,103
ENSG00000212397,112602452,112602354,98
ENSG00000212468,46018851,46018745,106
ENSG00000207612,29545097,29545004,93
ENSG00000200840,28232607,28232501,106
ENSG00000223305,55540835,55540502,333
ENSG00000276675,28002595,28002484,111
ENSG00000206865,56753326,56753226,100
ENSG00000278529,11783222,11783135,87
ENSG00000262132,50319120,50319002,118
ENSG00000200552,102336970,102336869,101
ENSG00000221148,84183448,84183324,124
ENSG00000207562,111513515,111513439,76
ENSG00000199289,26519458,26519351,107
ENSG00000263467,31076887,31076788,99
ENSG00000266828,115992773,115992466,307
ENSG00000201109,130027397,130027277,120
ENSG00000199415,104125356,104125236,120
ENSG00000264712,50299946,50299855,91
ENSG00000283389,121897826,121897583,243
ENSG00000202310,100158975,100158868,107
ENSG00000222102,151704578,151704289,289
ENSG00000207133,25067882,25067788,94
ENSG00000266545,20940333,20940252,81
ENSG00000202182,63848362,63848261,101
ENSG00000252955,72965303,72965178,125
ENSG00000201869,64573670,64573569,101
ENSG00000206614,169552555,169552449,106
ENSG00000273764,30048519,30048444,75
ENSG00000263964,28490845,28490752,93
ENSG00000242912,114424067,114423770,297
ENSG00000252747,88051778,88051701,77
ENSG00000274568,22429489,22429200,289
ENSG00000276544,47692727,47692399,328
ENSG00000199301,71666197,71666091,106
ENSG00000207703,88611934,88611825,109
ENSG00000222744,66292987,66292683,304
ENSG00000207497,185709967,185709873,94
ENSG00000239041,172691402,172691299,103
ENSG00000199395,56235330,56235217,113
ENSG00000239579,137595547,137595265,282
ENSG00000207561,68424548,68424451,97
ENSG00000207118,123058995,123058909,86
ENSG00000201253,73191667,73191528,139
ENSG00000266721,12920404,12920320,84
ENSG00000202542,48325671,48325558,113
ENSG00000201570,39970266,39970125,141
ENSG00000265248,32619974,32619811,163
ENSG00000240863,58199836,58199568,268
ENSG00000207616,53679085,53679003,82
ENSG00000281907,133350676,133350604,72
ENSG00000201998,9428954,9428773,181
ENSG00000200332,41648190,41648089,101
ENSG00000252673,35754688,35754555,133
ENSG00000207594,53690965,53690881,84
ENSG00000251975,120337653,120337549,104
ENSG00000278249,109100612,109100193,419
ENSG00000212153,141728148,141727984,164
ENSG00000265429,113721368,113721290,78
ENSG00000251794,74456611,74456541,70
ENSG00000199240,43196536,43196417,119
ENSG00000201160,25697188,25697076,112
ENSG00000207490,25383702,25383599,103
ENSG00000275141,159186901,159186835,66
ENSG00000273739,122225,122136,89
ENSG00000265052,67977972,67977698,274
ENSG00000253019,151576916,151576766,150
ENSG00000207863,16590325,16590237,88
ENSG00000207031,56645101,56645027,74
ENSG00000222842,17123140,17122841,299
ENSG00000258045,55731531,55731264,267
ENSG00000284251,48578977,48578902,75
ENSG00000266160,156986049,156985755,294
ENSG00000265921,31075603,31075504,99
ENSG00000276309,68970752,68970439,313
ENSG00000263762,10667070,10666978,92
ENSG00000252263,70496210,70496107,103
ENSG00000285447,113050043,112997120,52923
ENSG00000238934,161141336,161141208,128
ENSG00000252699,38851659,38851524,135
ENSG00000252923,196686330,196686148,182
ENSG00000263967,90023535,90023441,94
ENSG00000273961,27185530,27185433,97
ENSG00000200340,47823550,47823390,160
ENSG00000274115,95065446,95065350,96
ENSG00000276439,30711614,30711324,290
ENSG00000280864,72550889,72505075,45814
ENSG00000202529,66502091,66502020,71
ENSG00000201025,16284768,16284696,72
ENSG00000207867,147284728,147284641,87
ENSG00000263876,29744436,29744335,101
ENSG00000223046,101836927,101836820,107
ENSG00000200608,100968185,100968111,74
ENSG00000278365,54107026,54102906,4120
ENSG00000207380,5964650,5964538,112
ENSG00000202485,82174653,82174547,106
ENSG00000207027,23806377,23806229,148
ENSG00000280904,52688961,52688882,79
ENSG00000212160,110278291,110278185,106
ENSG00000252426,25723495,25723342,153
ENSG00000222705,28442896,28442575,321
ENSG00000207435,3572961,3572857,104
ENSG00000201164,68535658,68535515,143
ENSG00000201223,36155222,36155119,103
ENSG00000206897,123616840,123616708,132
ENSG00000207501,145281279,145281116,163
ENSG00000238295,177345961,177345858,103
ENSG00000283938,25906454,25906362,92
ENSG00000199792,175397348,175397247,101
ENSG00000201847,107320963,107320895,68
ENSG00000278101,57301413,57301316,97
ENSG00000201317,92700934,92700819,115
ENSG00000202216,179934527,179934402,125
ENSG00000199442,247997096,247997000,96
ENSG00000199872,26042781,26042675,106
ENSG00000242818,119768538,119768247,291
ENSG00000200008,33722596,33722492,104
ENSG00000252287,19088581,19088487,94
ENSG00000278118,30556202,30555912,290
ENSG00000253028,52269569,52269437,132
ENSG00000274401,30051512,30051409,103
ENSG00000253077,151971613,151971497,116
ENSG00000252800,63479413,63479272,141
ENSG00000206634,65755659,65755526,133
ENSG00000212579,35651945,35651818,127
ENSG00000276351,52734,52666,68
ENSG00000274686,77966440,77966173,267
ENSG00000281910,58559931,58559796,135
ENSG00000252377,51870809,51870706,103
ENSG00000277591,95003843,95003545,298
ENSG00000252015,141167357,141167257,100
ENSG00000200448,42762959,42762860,99
ENSG00000201198,57415403,57415296,107
ENSG00000252889,109225227,109225129,98
ENSG00000276442,144265326,144265217,109
ENSG00000241745,52150419,52150104,315
ENSG00000206802,26190813,26190707,106
ENSG00000252713,73507274,73507208,66
ENSG00000207289,21307855,21307749,106
ENSG00000207484,51884653,51884556,97
ENSG00000251712,148821073,148821012,61
ENSG00000222255,101765509,101765406,103
ENSG00000207247,136934866,136934765,101
ENSG00000273748,83311,54224,29087
ENSG00000207163,14531088,14530982,106
ENSG00000206815,57548945,57548838,107
ENSG00000275551,54102740,54094681,8059
ENSG00000201271,72740869,72740706,163
ENSG00000264704,32518174,32518027,147
ENSG00000211575,93846911,93846832,79
ENSG00000281228,67617084,67616903,181
ENSG00000253070,35231394,35231331,63
ENSG00000212342,130163127,130162972,155
ENSG00000207813,51299655,51299573,82
ENSG00000251705,10200306,10200155,151
ENSG00000212473,70078032,70077906,126
ENSG00000241943,16577135,16576851,284
ENSG00000266782,117167774,117167678,96
ENSG00000277653,22117814,22117665,149
ENSG00000207195,40826765,40826655,110
ENSG00000278483,27515047,27514970,77
ENSG00000201830,97915796,97915690,106
ENSG00000283475,12112036,12111952,84
ENSG00000201444,117708102,117707996,106
ENSG00000206888,27325325,27325219,106
ENSG00000266072,51348639,51348567,72
ENSG00000199934,85592356,85592280,76
ENSG00000265164,101967746,101967642,104
ENSG00000265255,30855232,30854930,302
ENSG00000278099,144551943,144551779,164
ENSG00000201113,32214562,32214456,106
ENSG00000199069,101025817,101025732,85
ENSG00000252033,78579356,78579255,101
ENSG00000207978,101059838,101059755,83
ENSG00000243066,14588656,14588357,299
ENSG00000252684,76948870,76948791,79
ENSG00000221065,34528371,34528290,81
ENSG00000201818,169005344,169005249,95
ENSG00000207303,216351504,216351403,101
ENSG00000207041,141118136,141118030,106
ENSG00000274621,40193663,40193597,66
ENSG00000238912,27547858,27547757,101
ENSG00000275863,55123292,55123225,67
ENSG00000283249,65843558,65843484,74
ENSG00000276222,46226841,46226740,101
ENSG00000284029,55388242,55388181,61
ENSG00000201595,51694582,51694465,117
ENSG00000266109,239068914,239068817,97
ENSG00000241693,38231993,38231720,273
ENSG00000207696,37847774,37847678,96
ENSG00000283551,68755238,68755172,66
ENSG00000284360,62260454,62260359,95
ENSG00000207624,220118241,220118157,84
ENSG00000207052,32309768,32309662,106
ENSG00000266396,75738363,75738280,83
ENSG00000284425,123364843,123364764,79
ENSG00000201868,35196062,35195969,93
ENSG00000275868,23419190,23419105,85
ENSG00000265333,195134580,195134506,74
ENSG00000241487,73040914,73040619,295
ENSG00000284122,21023386,21023314,72
ENSG00000273742,1510856,1510762,94
ENSG00000199077,43581483,43581394,89
ENSG00000238711,151439095,151439000,95
ENSG00000199088,101022132,101022066,66
ENSG00000265828,166997912,166997807,105
ENSG00000275644,54102740,54094681,8059
ENSG00000266015,102539726,102539644,82
ENSG00000207488,90252020,90251923,97
ENSG00000199488,170995033,170994870,163
ENSG00000263892,35608159,35608094,65
ENSG00000207743,101033836,101033755,81
ENSG00000207712,42199666,42199570,96
ENSG00000284499,134169452,134169378,74
ENSG00000244610,67457290,67457023,267
ENSG00000199633,78091297,78091172,125
ENSG00000263512,66040332,66040233,99
ENSG00000277243,21406459,21406385,74
ENSG00000264796,89884030,89883931,99
ENSG00000207307,76532327,76532222,105
ENSG00000239118,70030422,70030346,76
ENSG00000201620,85883798,85883680,118
ENSG00000200632,100941202,100941126,76
ENSG00000283301,6655502,6655449,53
ENSG00000221540,19344574,19344506,68
ENSG00000252697,87083536,87083233,303
ENSG00000273500,49288454,49288346,108
ENSG00000264999,46973100,46973017,83
ENSG00000199551,12226777,12226674,103
ENSG00000200591,32640052,32639951,101
ENSG00000221025,81133308,81133196,112
ENSG00000266146,13460026,13459947,79
ENSG00000238649,28723492,28723429,63
ENSG00000239169,25278409,25278343,66
ENSG00000274390,6389703,6389638,65
ENSG00000266226,42133513,42133445,68
ENSG00000264086,31817511,31817449,62
ENSG00000284394,49888230,49888175,55
ENSG00000221288,132257080,132256966,114
ENSG00000199942,100976551,100976477,74
ENSG00000223026,81252096,81251789,307
ENSG00000212525,108252507,108252401,106
ENSG00000275458,217900628,217900513,115
ENSG00000284031,19963834,19963753,81
ENSG00000266755,31617524,31617447,77
ENSG00000252580,26796304,26796173,131
ENSG00000284448,33550728,33550662,66
ENSG00000207575,21034272,21034176,96
ENSG00000243854,19303775,19303480,295
ENSG00000202056,228555901,228555793,108
ENSG00000264141,31160119,31160062,57
ENSG00000276062,22611955,22611719,236
ENSG00000284266,37988853,37988794,59
ENSG00000280646,146586200,146586099,101
ENSG00000216058,189830009,189829922,87
ENSG00000201431,37827904,37827798,106
ENSG00000266415,9053895,9053816,79
ENSG00000238584,35249833,35249772,61
ENSG00000207732,20528384,20528275,109
ENSG00000207728,55170742,55170646,96
ENSG00000272015,38894867,38894785,82
ENSG00000276771,27099114,27098900,214
ENSG00000222679,30288177,30288071,106
ENSG00000283733,160485450,160485352,98
ENSG00000198995,180015397,180015303,94
ENSG00000285609,182944490,182944365,125
ENSG00000199782,25185712,25185631,81
ENSG00000284427,44254285,44254206,79
ENSG00000264814,154853436,154853360,76
ENSG00000207278,3894805,3894699,106
ENSG00000252068,157579599,157579497,102
ENSG00000206901,139511555,139511424,131
ENSG00000207656,93484019,93483936,83
ENSG00000264494,72697978,72697903,75
ENSG00000199865,41377283,41377177,106
ENSG00000273866,37578922,37578669,253
ENSG00000284032,130876810,130876747,63
ENSG00000221510,102405855,102405742,113
ENSG00000206597,62665570,62665422,148
ENSG00000238606,38608276,38608215,61
ENSG00000264788,29957348,29957272,76
ENSG00000207804,99536730,99536636,94
ENSG00000276314,24982068,24981994,74
ENSG00000252578,23164053,23163953,100
ENSG00000264408,61714859,61714788,71
ENSG00000265599,100382845,100382763,82
ENSG00000222598,115774502,115774319,183
ENSG00000254324,140732653,140732564,89
ENSG00000284195,35710741,35710676,65
ENSG00000252979,53766632,53766534,98
ENSG00000274542,32319966,32181324,138642
ENSG00000201723,78544188,78544095,93
ENSG00000207864,95085541,95085445,96
ENSG00000271886,53556341,53556223,118
ENSG00000222543,25393844,25393557,287
ENSG00000265486,76242301,76242022,279
ENSG00000265872,134849564,134849487,77
ENSG00000283694,153981176,153981098,78
ENSG00000273499,108778271,108778144,127
ENSG00000275110,109054590,109054542,48
ENSG00000275625,74281849,74281703,146
ENSG00000252552,174996629,174996524,105
ENSG00000206749,57806260,57806154,106
ENSG00000240014,147809209,147808926,283
ENSG00000222122,115032533,115032427,106
ENSG00000252822,236060772,236060677,95
ENSG00000251816,19181856,19181814,42
ENSG00000207218,41857372,41857271,101
ENSG00000212136,37045636,37045530,106
ENSG00000275878,66980410,66980120,290
ENSG00000252233,139794433,139794125,308
ENSG00000275915,11847549,11847442,107
ENSG00000274617,32363059,32362972,87
ENSG00000201715,17345955,17345616,339
ENSG00000240250,134518092,134517810,282
ENSG00000238707,56596031,56595963,68
ENSG00000274864,27099836,27099778,58
ENSG00000207483,28668025,28667919,106
ENSG00000238490,108060930,108060818,112
ENSG00000276642,220825893,220825776,117
ENSG00000207071,45188896,45188790,106
ENSG00000223318,164895777,164895677,100
ENSG00000199994,151188223,151188099,124
ENSG00000207462,118702447,118702342,105
ENSG00000199453,25191497,25191416,81
ENSG00000272507,12116379,12116280,99
ENSG00000276494,2674740,2674625,115
ENSG00000200651,77442213,77442109,104
ENSG00000207004,51724209,51724103,106
ENSG00000201867,34189275,34189174,101
ENSG00000202141,183022971,183022859,112
ENSG00000274848,30816302,30816030,272
ENSG00000242281,129370461,129370170,291
ENSG00000278233,8212724,8212572,152
ENSG00000277918,144560829,144560666,163
ENSG00000201772,45105042,45104906,136
ENSG00000239472,5918844,5918564,280
ENSG00000220988,50802418,50802328,90
ENSG00000207480,88330278,88330176,102
ENSG00000283502,47781465,47781379,86
ENSG00000222583,192093436,192093122,314
ENSG00000252362,139231119,139231026,93
ENSG00000251788,64228675,64228560,115
ENSG00000242020,141479625,141479316,309
ENSG00000200525,95055320,95055214,106
ENSG00000199420,15094094,15093767,327
ENSG00000201384,77201140,77201026,114
ENSG00000276225,100894913,100894817,96
ENSG00000199709,122927173,122927034,139
ENSG00000222496,206221634,206221315,319
ENSG00000241959,151464938,151464650,288
ENSG00000252292,85650260,85650012,248
ENSG00000221038,31563894,31563768,126
ENSG00000274905,54173691,54160649,13042
ENSG00000277941,26671550,26671402,148
ENSG00000251996,7341642,7341531,111
ENSG00000252943,19073946,19073843,103
ENSG00000264846,31484251,31484150,101
ENSG00000201898,224179767,224179641,126
ENSG00000244112,118994159,118993857,302
ENSG00000238723,46215171,46215070,101
ENSG00000277306,140234923,140234737,186
ENSG00000252902,71845245,71845196,49
ENSG00000251724,75538658,75538598,60
ENSG00000242688,19971269,19970969,300
ENSG00000212415,32970791,32970727,64
ENSG00000280951,133376314,133361598,14716
ENSG00000275231,97494003,97493897,106
ENSG00000207257,32284258,32284152,106
ENSG00000278785,84468147,84467901,246
ENSG00000201815,9371195,9371090,105
ENSG00000264909,32479887,32479741,146
ENSG00000252073,244954963,244954858,105
ENSG00000212555,17903861,17903762,99
ENSG00000252933,1616595,1616492,103
ENSG00000240306,26895970,26895678,292
ENSG00000208772,86136006,86135870,136
ENSG00000201077,42427697,42427591,106
ENSG00000207420,176556805,176556704,101
ENSG00000275405,22024,21861,163
ENSG00000252515,148739479,148739379,100
ENSG00000265663,29581923,29581840,83
ENSG00000201811,38442169,38442036,133
ENSG00000199963,38926977,38926870,107
ENSG00000206652,16514285,16514122,163
ENSG00000222112,33336864,33336566,298
ENSG00000206800,77623472,77623372,100
ENSG00000206972,30254508,30254402,106
ENSG00000251756,51692861,51692752,109
ENSG00000252376,50463498,50463381,117
ENSG00000283712,1312566,1312502,64
ENSG00000276100,116956723,116956431,292
ENSG00000274777,56848204,56848068,136
ENSG00000283749,54054154,54054079,75
ENSG00000276735,193237107,193236794,313
ENSG00000202423,78882552,78882447,105
ENSG00000207022,92846182,92846059,123
ENSG00000283701,155346445,155346350,95
ENSG00000222589,5911236,5910945,291
ENSG00000252186,6709552,6709452,100
ENSG00000276884,63549112,63548977,135
ENSG00000283418,139388364,139388277,87
ENSG00000283936,165907976,165907921,55
ENSG00000283844,172138907,172138798,109
ENSG00000201519,15324472,15324367,105
ENSG00000201774,10902074,10901978,96
ENSG00000242482,67657129,67656831,298
ENSG00000207414,101199377,101199271,106
ENSG00000284311,228397109,228397048,61
ENSG00000277385,38281289,38281028,261
ENSG00000278069,2076089,2076019,70
ENSG00000202399,97772425,97772313,112
ENSG00000202429,127472415,127472234,181
ENSG00000222706,114253754,114253513,241
ENSG00000274809,3991259,3991160,99
ENSG00000252364,41658793,41658676,117
ENSG00000222072,100907280,100907174,106
ENSG00000221803,47755962,47755853,109
ENSG00000221331,12725353,12725254,99
ENSG00000200218,68846911,68846805,106
ENSG00000207366,48341332,48341226,106
ENSG00000221371,14436661,14436576,85
ENSG00000200086,55014521,55014418,103
ENSG00000207571,54034045,54033950,95
ENSG00000276367,30535680,30535548,132
ENSG00000199894,110433188,110433109,79
ENSG00000252534,60749046,60748940,106
ENSG00000264866,28977759,28977461,298
ENSG00000266099,94561859,94561789,70
ENSG00000263882,4364453,4364164,289
ENSG00000199107,101065378,101065300,78
ENSG00000206849,31928434,31928303,131
ENSG00000278551,67870053,67869947,106
ENSG00000252244,149517017,149516956,61
ENSG00000278739,17119,17052,67
ENSG00000253042,202527427,202527310,117
ENSG00000221439,781258,781133,125
ENSG00000264733,12720371,12720321,50
ENSG00000275006,38089500,38089399,101
ENSG00000238440,64355865,64355762,103
ENSG00000265388,6344837,6344554,283
ENSG00000275259,14926003,14925937,66
ENSG00000263558,59059493,59059226,267
ENSG00000222792,198196849,198196746,103
ENSG00000266276,48670668,48670600,68
ENSG00000273587,1965310,1965184,126
ENSG00000201592,20136385,20136306,79
ENSG00000206992,51987763,51987657,106
ENSG00000202081,85651628,85651522,106
ENSG00000283330,53734963,53734877,86
ENSG00000199276,37854970,37854852,118
ENSG00000277636,54645383,54645309,74
ENSG00000222974,12876946,12876684,262
ENSG00000252641,133665034,133664926,108
ENSG00000207042,21642400,21642294,106
ENSG00000264354,15697371,15697298,73
ENSG00000239005,139436494,139436368,126
ENSG00000252288,44973661,44973558,103
ENSG00000221263,100816565,100816482,83
ENSG00000272034,17074744,17074654,90
ENSG00000206811,1962466,1962334,132
ENSG00000207604,52144434,52144349,85
ENSG00000244091,94515760,94515476,284
ENSG00000252174,196072880,196072819,61
ENSG00000207403,121378898,121378797,101
ENSG00000201036,100979090,100979002,88
ENSG00000221393,18127309,18127220,89
ENSG00000239119,73594002,73593940,62
ENSG00000244392,80246225,80245926,299
ENSG00000207637,158532813,158532718,95
ENSG00000200594,154825279,154825176,103
ENSG00000252840,151527938,151527831,107
ENSG00000284351,27701759,27701677,82
ENSG00000238509,43303482,43303376,106
ENSG00000273660,30294906,30294670,236
ENSG00000265847,27886116,27886039,77
ENSG00000252906,175968540,175968398,142
ENSG00000225091,38427442,38427309,133
ENSG00000251941,208054258,208054161,97
ENSG00000265588,80241473,80241389,84
ENSG00000274740,2871498,2871437,61
ENSG00000201863,40083106,40082983,123
ENSG00000212014,147259726,147259652,74
ENSG00000207073,49566772,49566672,100
ENSG00000252143,21545039,21544897,142
ENSG00000200142,90977305,90977208,97
ENSG00000207370,193624301,193624189,112
ENSG00000200252,59409015,59408905,110
ENSG00000222361,98074763,98074667,96
ENSG00000264275,202333728,202333439,289
ENSG00000252410,45034588,45034474,114
ENSG00000202411,28530519,28530411,108
ENSG00000207264,21322067,21321961,106
ENSG00000200737,97421307,97421195,112
ENSG00000201533,139685427,139685127,300
ENSG00000212168,57544599,57544535,64
ENSG00000277127,75058188,75057877,311
ENSG00000243700,58180064,58179771,293
ENSG00000252510,116962471,116962347,124
ENSG00000222164,18808279,18807993,286
ENSG00000280632,133302711,133302618,93
ENSG00000239708,107735066,107734773,293
ENSG00000242894,104013933,104013642,291
ENSG00000206949,66501311,66501205,106
ENSG00000199516,129954794,129954693,101
ENSG00000252508,92059969,92059844,125
ENSG00000271798,2655198,2655067,131
ENSG00000222536,72722003,72721806,197
ENSG00000201607,95098367,95098227,140
ENSG00000207499,106420807,106420706,101
ENSG00000251741,113493960,113493835,125
ENSG00000207313,48667593,48667457,136
ENSG00000278838,46073935,46073651,284
ENSG00000265566,57528365,57528085,280
ENSG00000200338,41772103,41771945,158
ENSG00000280820,133228591,133224905,3686
ENSG00000222179,45989945,45989653,292
ENSG00000202125,142420369,142420205,164
ENSG00000253013,186130155,186130021,134
ENSG00000201548,88585733,88585638,95
ENSG00000206651,156484210,156484098,112
ENSG00000199705,123857163,123857062,101
ENSG00000241246,124607458,124607159,299
ENSG00000207187,30187566,30187434,132
ENSG00000244326,74318285,74317986,299
ENSG00000274342,27994654,27994474,180
ENSG00000200309,49132947,49132853,94
ENSG00000272344,100982046,100981975,71
ENSG00000212135,46762499,46762389,110
ENSG00000277468,95670577,95670441,136
ENSG00000199197,1324085,1323794,291
ENSG00000252568,9843876,9843815,61
ENSG00000285213,30916040,30903778,12262
ENSG00000200579,38014669,38014568,101
ENSG00000206625,67840045,67839939,106
ENSG00000243957,78115457,78115158,299
ENSG00000275319,18524935,18524620,315
ENSG00000266075,3783111,3782815,296
ENSG00000252833,76091801,76091708,93
ENSG00000222375,29731404,29731051,353
ENSG00000199593,100972177,100972103,74
ENSG00000276902,6366055,6365955,100
ENSG00000251781,30306524,30306431,93
ENSG00000275043,62855632,62855564,68
ENSG00000222451,90163960,90163651,309
ENSG00000201969,25206343,25206262,81
ENSG00000201370,16623095,16623004,91
ENSG00000244294,33919338,33918995,343
ENSG00000252290,237555171,237555040,131
ENSG00000252674,124933020,124932915,105
ENSG00000223086,10115884,10115756,128
ENSG00000207328,37203716,37203610,106
ENSG00000278421,74274411,74274341,70
ENSG00000200047,100839946,100839630,316
ENSG00000202034,62545679,62545582,97
ENSG00000277617,32269597,32269338,259
ENSG00000199482,10496374,10496272,102
ENSG00000242860,62072741,62072448,293
ENSG00000252837,57837660,57837354,306
ENSG00000200526,39785510,39785415,95
ENSG00000252266,5426984,5426885,99
ENSG00000209480,39313911,39313819,92
ENSG00000201185,4428081,4427963,118
ENSG00000252830,143439714,143439605,109
ENSG00000202248,11561779,11561661,118
ENSG00000201300,25220578,25220497,81
ENSG00000201207,31663401,31663288,113
ENSG00000199890,111446908,111446798,110
ENSG00000221387,102421322,102421197,125
ENSG00000207122,39081285,39081180,105
ENSG00000243365,76977210,76976915,295
ENSG00000212457,116188552,116188455,97
ENSG00000202528,149033167,149033057,110
ENSG00000206939,70808452,70808350,102
ENSG00000212338,179196579,179196473,106
ENSG00000200570,93375667,93375556,111
ENSG00000275372,144518574,144518447,127
ENSG00000251935,190553480,190553264,216
ENSG00000207005,16896143,16895980,163
ENSG00000241347,161736102,161735808,294
ENSG00000239471,20096029,20095733,296
ENSG00000252107,140158694,140158591,103
ENSG00000239808,104260826,104260531,295
ENSG00000199687,85728337,85728194,143
ENSG00000266886,31360340,31360234,106
ENSG00000241869,90856207,90855935,272
ENSG00000286265,19077416,19076946,470
ENSG00000200626,106970150,106970021,129
ENSG00000252210,68223402,68223318,84
ENSG00000277845,143542398,143542110,288
ENSG00000239127,29333258,29333163,95
ENSG00000239195,93733300,93733228,72
ENSG00000223220,70781008,70780914,94
ENSG00000266720,18258851,18258554,297
ENSG00000277457,54160192,54156127,4065
ENSG00000201216,102950564,102950467,97
ENSG00000275134,100899079,100898958,121
ENSG00000240299,121494821,121494519,302
ENSG00000199404,152593091,152592973,118
ENSG00000273905,15298617,15298518,99
ENSG00000274747,18840920,18840618,302
ENSG00000283489,132525887,132525809,78
ENSG00000212181,148260708,148260574,134
ENSG00000212511,36852859,36852640,219
ENSG00000253088,152402893,152402780,113
ENSG00000275948,65445598,65445541,57
ENSG00000207387,70907018,70906917,101
ENSG00000243015,93509768,93509487,281
ENSG00000252742,128350927,128350829,98
ENSG00000201343,177120800,177120691,109
ENSG00000252993,92076365,92076242,123
ENSG00000241333,37669739,37669464,275
ENSG00000275981,4750685,4750333,352
ENSG00000278673,22392,20741,1651
ENSG00000278119,30247618,30233872,13746
ENSG00000252756,36867495,36867398,97
ENSG00000283575,180758817,180758722,95
ENSG00000199843,38161582,38161466,116
ENSG00000274206,96939203,96938923,280
ENSG00000238741,160515236,160514907,329
ENSG00000207093,25070526,25070432,94
ENSG00000272359,196747324,196747192,132
ENSG00000252076,58869528,58869184,344
ENSG00000199879,148263632,148263476,156
ENSG00000223191,158926571,158926466,105
ENSG00000274046,7092716,7092616,100
ENSG00000278072,116716624,116716460,164
ENSG00000201634,25269858,25269783,75
ENSG00000207359,89900824,89900721,103
ENSG00000278257,54160192,54156127,4065
ENSG00000199218,53097984,53097652,332
ENSG00000252425,34597558,34597458,100
ENSG00000199940,71685747,71685452,295
ENSG00000279336,34201515,34201273,242
ENSG00000275558,143542398,143542110,288
ENSG00000222395,32263234,32263135,99
ENSG00000264470,64579923,64579847,76
ENSG00000277179,54953124,54929128,23996
ENSG00000265996,65057842,65057755,87
ENSG00000251907,73659660,73659564,96
ENSG00000264574,23393467,23393405,62
ENSG00000276202,77015138,77014880,258
ENSG00000274824,71790800,71790747,53
ENSG00000263833,31478805,31478704,101
ENSG00000284535,62789885,62789815,70
ENSG00000275770,48132867,48132797,70
ENSG00000278320,36285785,36285684,101
ENSG00000273554,1147868,1139577,8291
ENSG00000266531,65044769,65044688,81
ENSG00000274169,36110447,36110150,297
ENSG00000198984,100307956,100307859,97
ENSG00000266564,22266300,22266239,61
ENSG00000266643,2270772,2270713,59
ENSG00000264559,59595158,59595077,81
ENSG00000252460,103924641,103924540,101
ENSG00000274300,4969771,4969702,69
ENSG00000284416,61815240,61815161,79
ENSG00000199405,55902855,55902723,132
ENSG00000283978,31575521,31575411,110
ENSG00000272036,72615130,72615063,67
ENSG00000221046,45778823,45778698,125
ENSG00000283222,64340839,64340759,80
ENSG00000265064,72783592,72783530,62
ENSG00000275529,25059633,25059538,95
ENSG00000284125,32237847,32237795,52
ENSG00000265357,123381512,123381440,72
ENSG00000265345,124915659,124915547,112
ENSG00000212581,185661906,185661774,132
ENSG00000265007,30375378,30375294,84
ENSG00000276352,101055323,101055258,65
ENSG00000283990,46112822,46112749,73
ENSG00000206744,83703543,83703448,95
ENSG00000207639,14304049,14303967,82
ENSG00000221264,71542089,71541970,119
ENSG00000206932,181231843,181231737,106
ENSG00000265776,18405762,18405698,64
ENSG00000207956,32394475,32394378,97
ENSG00000284541,28958661,28958583,78
ENSG00000266478,143679971,143679860,111
ENSG00000265634,29582433,29582350,83
ENSG00000284112,7017701,7017615,86
ENSG00000265083,5148322,5148233,89
ENSG00000201243,109005623,109005517,106
ENSG00000263872,53237190,53237101,89
ENSG00000263894,36622512,36622436,76
ENSG00000200732,119327385,119327281,104
ENSG00000284361,805001,804940,61
ENSG00000208037,22245043,22244962,81
ENSG00000199874,24170623,24170505,118
ENSG00000283673,44653732,44653686,46
ENSG00000266324,123215863,123215788,75
ENSG00000221548,53758318,53758232,86
ENSG00000207283,5086279,5086178,101
ENSG00000278412,98229217,98229149,68
ENSG00000221628,207269424,207269275,149
ENSG00000263403,136519626,136519568,58
ENSG00000206803,235915521,235915415,106
ENSG00000266518,219906565,219906502,63
ENSG00000266507,136886803,136886733,70
ENSG00000275708,8208652,8208473,179
ENSG00000199914,100973664,100973595,69
ENSG00000284286,154019989,154019920,69
ENSG00000266780,75214549,75214476,73
ENSG00000200623,66503314,66503243,71
ENSG00000240877,149125986,149125690,296
ENSG00000221275,9556316,9556168,148
ENSG00000265846,174423864,174423795,69
ENSG00000239367,1570860,1570575,285
ENSG00000263526,94745900,94745860,40
ENSG00000284469,32170116,32170030,86
ENSG00000284489,65129978,65129916,62
ENSG00000276680,144007464,144007227,237
ENSG00000284310,144394230,144394149,81
ENSG00000221476,100189949,100189884,65
ENSG00000273964,28629883,28629794,89
ENSG00000266017,63819654,63819574,80
ENSG00000276908,113159177,113159113,64
ENSG00000280454,54114878,54114697,181
ENSG00000284317,137450086,137450026,60
ENSG00000264429,1022559,1022476,83
ENSG00000200235,140579792,140579667,125
ENSG00000283334,55451582,55451495,87
ENSG00000283935,30117172,30117079,93
ENSG00000272237,227887744,227887631,113
ENSG00000283775,112780788,112780718,70
ENSG00000263690,67471585,67471489,96
ENSG00000283931,134170111,134170041,70
ENSG00000199490,49920694,49920597,97
ENSG00000264297,64340848,64340747,101
ENSG00000216060,136550960,136550878,82
ENSG00000264725,189133111,189133036,75
ENSG00000238840,4962568,4962436,132
ENSG00000216098,145997274,145997198,76
ENSG00000284481,2652842,2652777,65
ENSG00000277614,32777405,32721966,55439
ENSG00000239137,55167274,55167171,103
ENSG00000202029,159027142,159027036,106
ENSG00000264616,34049190,34049119,71
ENSG00000266140,60478181,60478111,70
ENSG00000206638,72869650,72869544,106
ENSG00000207160,26366406,26366301,105
ENSG00000275692,8432621,8432530,91
ENSG00000202459,102695495,102695388,107
ENSG00000266533,46091126,46091044,82
ENSG00000223088,24905735,24905469,266
ENSG00000238950,47827044,47826969,75
ENSG00000252767,40407955,40407853,102
ENSG00000277388,47652743,47652669,74
ENSG00000207155,140700942,140700835,107
ENSG00000252036,110756723,110756456,267
ENSG00000239690,234904488,234904186,302
ENSG00000263712,16141624,16141556,68
ENSG00000252386,41685091,41684986,105
ENSG00000209645,10107735,10107651,84
ENSG00000276404,34240736,34240673,63
ENSG00000238367,98024621,98024531,90
ENSG00000201392,71966074,71965972,102
ENSG00000244512,184279233,184278936,297
ENSG00000207692,127058184,127058088,96
ENSG00000252717,101859957,101859851,106
ENSG00000201966,24004507,24004358,149
ENSG00000207990,129770492,129770383,109
ENSG00000199622,13596548,13596236,312
ENSG00000207574,143945279,143945191,88
ENSG00000277542,48723772,48723692,80
ENSG00000274932,123485622,123485529,93
ENSG00000199354,90511240,90511128,112
ENSG00000272075,118067539,118067237,302
ENSG00000206701,84665865,84665759,106
ENSG00000273829,50054430,50054143,287
ENSG00000212558,10090319,10090205,114
ENSG00000274663,38144287,38144201,86
ENSG00000280706,133418244,133406207,12037
ENSG00000285224,30916173,30904070,12103
ENSG00000275021,54868902,54868796,106
ENSG00000276153,38031709,38031608,101
ENSG00000206618,6207269,6207163,106
ENSG00000201710,100980066,100979992,74
ENSG00000252782,58292388,58292293,95
ENSG00000223282,226446292,226445937,355
ENSG00000223284,40708163,40708055,108
ENSG00000200741,56097504,56097390,114
ENSG00000207134,155358818,155358712,106
ENSG00000207186,241585075,241584968,107
ENSG00000277311,44934271,44934055,216
ENSG00000201687,113859449,113859346,103
ENSG00000222486,81265837,81265747,90
ENSG00000265411,46319959,46319679,280
ENSG00000275757,174108,173956,152
ENSG00000251868,72821992,72821933,59
ENSG00000252661,15145318,15145215,103
ENSG00000252049,23167101,23166985,116
ENSG00000278682,54738934,54703078,35856
ENSG00000278625,51114,51009,105
ENSG00000201415,17721903,17721786,117
ENSG00000264994,28913748,28913664,84
ENSG00000252413,39723627,39723566,61
ENSG00000252498,75644177,75644084,93
ENSG00000262579,69175768,69175662,106
ENSG00000274012,49862849,49862550,299
ENSG00000276729,50019320,50019019,301
ENSG00000263912,30743522,30743271,251
ENSG00000252008,124901611,124901512,99
ENSG00000277046,23170963,23170674,289
ENSG00000240457,102077472,102077180,292
ENSG00000278250,120019261,120018900,361
ENSG00000238357,167631541,167631480,61
ENSG00000243051,169958246,169957942,304
ENSG00000276398,97561048,97560856,192
ENSG00000252929,6057604,6057500,104
ENSG00000238446,71844794,71844735,59
ENSG00000206777,169720293,169720187,106
ENSG00000274632,28703790,28703554,236
ENSG00000263479,96914995,96914699,296
ENSG00000251850,69182003,69181897,106
ENSG00000265392,6429896,6429834,62
ENSG00000200296,62850901,62850738,163
ENSG00000264128,58565932,58565631,301
ENSG00000202517,40238741,40238608,133
ENSG00000265744,233624219,233624152,67
ENSG00000201583,105097061,105096756,305
ENSG00000199396,228619350,228619232,118
ENSG00000207094,88449231,88449092,139
ENSG00000266719,72721100,72721029,71
ENSG00000223117,190642503,190642163,340
ENSG00000207327,73529157,73529051,106
ENSG00000284415,98395307,98395218,89
ENSG00000207129,88274376,88274258,118
ENSG00000280636,179934538,179934401,137
ENSG00000200895,131820653,131820334,319
ENSG00000274986,64898437,64898363,74
ENSG00000199713,58819016,58818883,133
ENSG00000201658,31370240,31370134,106
ENSG00000272166,25555606,25555543,63
ENSG00000277141,117243508,117243212,296
ENSG00000263615,99643149,99643059,90
ENSG00000263955,4633881,4633591,290
ENSG00000222312,16033356,16033229,127
ENSG00000252097,76800774,76800664,110
ENSG00000266461,100814574,100814491,83
ENSG00000201648,175609613,175609479,134
ENSG00000200545,19598463,19598247,216
ENSG00000199640,49330547,49330210,337
ENSG00000283484,88611924,88611847,77
ENSG00000207164,28901347,28901236,111
ENSG00000240186,31060285,31059989,296
ENSG00000266204,10038413,10038354,59
ENSG00000201662,48988017,48987915,102
ENSG00000266553,76967765,76967518,247
ENSG00000207645,53666762,53666679,83
ENSG00000273767,121949487,121949412,75
ENSG00000273752,54855422,54855316,106
ENSG00000201581,6149940,6149623,317
ENSG00000207706,53700101,53700015,86
ENSG00000207192,4945383,4945277,106
ENSG00000241625,62491468,62491178,290
ENSG00000278391,18337049,18336960,89
ENSG00000263909,75090914,75090812,102
ENSG00000252459,114737798,114737704,94
ENSG00000275453,38516632,38516563,69
ENSG00000199398,160008546,160008445,101
ENSG00000238585,55501708,55501595,113
ENSG00000274280,35336799,35336721,78
ENSG00000201860,191641237,191641135,102
ENSG00000264706,49863660,49863375,285
ENSG00000212347,45892979,45892912,67
ENSG00000284289,37967624,37967563,61
ENSG00000252436,62726740,62726636,104
ENSG00000272536,72583086,72582803,283
ENSG00000264803,130962668,130962588,80
ENSG00000276365,149430733,149430646,87
ENSG00000251735,46960546,46960423,123
ENSG00000202533,132468257,132468147,110
ENSG00000199038,568198,568089,109
ENSG00000263572,6169435,6169304,131
ENSG00000264984,9090379,9090312,67
ENSG00000251818,28018907,28018770,137
ENSG00000242651,9830627,9830330,297
ENSG00000266019,98881729,98881650,79
ENSG00000283677,69584822,69584723,99
ENSG00000207581,128244830,128244721,109
ENSG00000277900,97081956,97081674,282
ENSG00000274759,67440118,67439992,126
ENSG00000264226,41101100,41101019,81
ENSG00000252909,31837298,31837238,60
ENSG00000202343,149594759,149594625,134
ENSG00000274969,50292675,50292616,59
ENSG00000201579,56588621,56588518,103
ENSG00000202172,558930,558826,104
ENSG00000277255,81533966,81533902,64
ENSG00000276339,54799053,54798947,106
ENSG00000252171,45047215,45047103,112
ENSG00000284172,64822102,64822030,72
ENSG00000206786,119138965,119138859,106
ENSG00000222609,120710840,120710698,142
ENSG00000199283,140242032,140241870,162
ENSG00000284186,74748699,74748613,86
ENSG00000222257,45995423,45995119,304
ENSG00000211563,81125955,81125877,78
ENSG00000264978,93831372,93831076,296
ENSG00000243968,35882153,35881890,263
ENSG00000206641,53764310,53764204,106
ENSG00000274306,49682195,49682117,78
ENSG00000222320,31937639,31937533,106
ENSG00000223142,49739003,49738677,326
ENSG00000223080,8943467,8943380,87
ENSG00000207925,53725526,53725442,84
ENSG00000202293,100982997,100982926,71
ENSG00000239356,65695837,65695552,285
ENSG00000278643,11033912,11033727,185
ENSG00000266649,69103755,69103682,73
ENSG00000252916,200899121,200899020,101
ENSG00000278418,177313882,177313806,76
ENSG00000212248,99979045,99978939,106
ENSG00000200411,96474692,96474572,120
ENSG00000221164,73126207,73126080,127
ENSG00000241709,73732868,73732569,299
ENSG00000263363,226658793,226658710,83
ENSG00000200084,89561517,89561434,83
ENSG00000201512,38429803,38429670,133
ENSG00000207265,52259187,52259076,111
ENSG00000199461,20679512,20679411,101
ENSG00000284158,39138266,39138206,60
ENSG00000252623,32008472,32008351,121
ENSG00000265733,45984810,45984610,200
ENSG00000201586,17115763,17115652,111
ENSG00000264013,55852594,55852492,102
ENSG00000202430,24564738,24564630,108
ENSG00000251978,106781715,106781600,115
ENSG00000265328,103524116,103524033,83
ENSG00000222057,121655604,121655475,129
ENSG00000222612,41024394,41024205,189
ENSG00000284146,197674576,197674496,80
ENSG00000252562,23613759,23613661,98
ENSG00000275072,85677658,85677589,69
ENSG00000221563,66276928,66276824,104
ENSG00000273768,146376970,146376807,163
ENSG00000201012,135474609,135474504,105
ENSG00000207559,165386337,165386242,95
ENSG00000264452,44439110,44439035,75
ENSG00000199824,51163007,51162901,106
ENSG00000251955,17187616,17187510,106
ENSG00000284047,2257577,2257515,62
ENSG00000274535,158909450,158909373,77
ENSG00000206886,81764156,81764024,132
ENSG00000283770,144400345,144400277,68
ENSG00000222337,99284373,99284022,351
ENSG00000240966,87387174,87386883,291
ENSG00000207870,45746266,45746157,109
ENSG00000206658,110369698,110369592,106
ENSG00000277085,30056344,30056241,103
ENSG00000251717,35753930,35753796,134
ENSG00000199448,46556191,46556089,102
ENSG00000199168,74287357,74287286,71
ENSG00000251839,27232316,27232255,61
ENSG00000252894,130914452,130914340,112
ENSG00000239197,92417689,92417547,142
ENSG00000216075,145994351,145994275,76
ENSG00000222249,119289677,119289562,115
ENSG00000222698,41045591,41045497,94
ENSG00000252010,233276002,233275727,275
ENSG00000221603,155457615,155457517,98
ENSG00000202279,136816574,136816477,97
ENSG00000206985,39082692,39082589,103
ENSG00000251747,11546540,11546479,61
ENSG00000222404,157299158,157298807,351
ENSG00000200726,25184387,25184306,81
ENSG00000206920,51586532,51586424,108
ENSG00000278411,54869063,54868957,106
ENSG00000274510,125417586,125417305,281
ENSG00000200161,149116480,149116178,302
ENSG00000252239,13297811,13297705,106
ENSG00000276525,10026168,10025917,251
ENSG00000212232,17962946,17962710,236
ENSG00000202019,31230172,31230071,101
ENSG00000207092,9250211,9250110,101
ENSG00000251814,117299638,117299364,274
ENSG00000222889,69700495,69700224,271
ENSG00000199402,28874507,28874393,114
ENSG00000252998,2098269,2098167,102
ENSG00000243544,121654296,121653994,302
ENSG00000200257,76753015,76752912,103
ENSG00000200345,7118891,7118785,106
ENSG00000264862,31518729,31518432,297
ENSG00000252480,39768444,39768341,103
ENSG00000252549,35647430,35647328,102
ENSG00000199224,115833373,115833273,100
ENSG00000263740,15738809,15738515,294
ENSG00000278135,25250639,25250545,94
ENSG00000265648,70276352,70276069,283
ENSG00000222626,157976956,157976766,190
ENSG00000202198,52995950,52995620,330
ENSG00000266716,31654150,31654037,113
ENSG00000207115,96341246,96341140,106
ENSG00000206600,195214893,195214787,106
ENSG00000252959,166053287,166053187,100
ENSG00000264391,76837195,76836900,295
ENSG00000252797,89987944,89987713,231
ENSG00000251732,107810924,107810629,295
ENSG00000274806,70194830,70194651,179
ENSG00000243704,1604672,1604374,298
ENSG00000238627,25202315,25202207,108
ENSG00000239099,66919823,66919762,61
ENSG00000201782,128220803,128220504,299
ENSG00000278274,28579893,28579764,129
ENSG00000276800,21464279,21463963,316
ENSG00000200942,201733505,201733406,99
ENSG00000200408,204562521,204562413,108
ENSG00000251886,21120506,21120404,102
ENSG00000201790,105923108,105922994,114
ENSG00000202332,75432087,75431990,97
ENSG00000244307,144785588,144785298,290
ENSG00000266860,32668212,32668064,148
ENSG00000201821,21038667,21038529,138
ENSG00000200558,68742588,68742480,108
ENSG00000222297,125574818,125574719,99
ENSG00000202410,94178106,94178005,101
ENSG00000264557,32429144,32429038,106
ENSG00000275588,64817675,64817378,297
ENSG00000202265,57289649,57289552,97
ENSG00000202317,66393612,66393449,163
ENSG00000239958,62262671,62262387,284
ENSG00000253437,38122480,38122374,106
ENSG00000239884,2681236,2680958,278
ENSG00000199771,50869575,50869455,120
ENSG00000266274,30959850,30959564,286
ENSG00000223281,98921550,98921233,317
ENSG00000206644,196393812,196393710,102
ENSG00000207432,30112330,30112198,132
ENSG00000273538,32079289,32079158,131
ENSG00000200857,69507622,69507510,112
ENSG00000273532,51792,51722,70
ENSG00000210678,56297689,56297564,125
ENSG00000275531,153700956,153700659,297
ENSG00000207177,110684927,110684794,133
ENSG00000202150,35030420,35030317,103
ENSG00000199352,228610386,228610268,118
ENSG00000201309,134283193,134283092,101
ENSG00000243951,80776962,80776666,296
ENSG00000264169,130400565,130400266,299
ENSG00000278852,11845697,11845549,148
ENSG00000276253,30361438,30361040,398
ENSG00000202046,120192357,120192245,112
ENSG00000201852,22180218,22180112,106
ENSG00000210825,93735236,93735111,125
ENSG00000200796,38396765,38396659,106
ENSG00000207776,3560790,3560695,95
ENSG00000242989,15113221,15112968,253
ENSG00000200629,129164961,129164849,112
ENSG00000283664,89063410,89063336,74
ENSG00000223027,26789157,26789017,140
ENSG00000200034,9740783,9740643,140
ENSG00000263693,48096858,48096782,76
ENSG00000264833,119170115,119169822,293
ENSG00000251702,30984215,30984106,109
ENSG00000200058,134257143,134257035,108
ENSG00000273875,54081380,54069947,11433
ENSG00000265635,128294178,128294092,86
ENSG00000243642,58070288,58069970,318
ENSG00000223308,46720512,46720193,319
ENSG00000266663,61199880,61199798,82
ENSG00000201104,123790711,123790605,106
ENSG00000251767,77420386,77420325,61
ENSG00000283442,155894386,155894281,105
ENSG00000264850,41866551,41866495,56
ENSG00000252242,64825819,64825765,54
ENSG00000278267,17436,17369,67
ENSG00000265991,30875323,30875266,57
ENSG00000207001,25054304,25054210,94
ENSG00000252205,152250676,152250572,104
ENSG00000264419,116560111,116560024,87
ENSG00000221698,13543646,13543529,117
ENSG00000200351,98936747,98936638,109
ENSG00000202427,113681217,113681111,106
ENSG00000207759,198859153,198859044,109
ENSG00000284162,29390730,29390662,68
ENSG00000278815,136080597,136080497,100
ENSG00000222765,65807435,65807240,195
ENSG00000207811,111513021,111512938,83
ENSG00000275238,38702331,38702262,69
ENSG00000252368,37264786,37264677,109
ENSG00000265322,20832869,20832795,74
ENSG00000284411,47227019,47226944,75
ENSG00000265889,36285413,36285312,101
ENSG00000284008,2106753,2106669,84
ENSG00000207738,53707539,53707453,86
ENSG00000207245,25106603,25106521,82
ENSG00000253007,33704920,33704786,134
ENSG00000284117,8145071,8144994,77
ENSG00000207653,32532246,32532153,93
ENSG00000201015,67546754,67546651,103
ENSG00000207523,92840851,92840719,132
ENSG00000264049,60043105,60043025,80
ENSG00000264975,52702615,52702522,93
ENSG00000274672,54195141,54190866,4275
ENSG00000274790,6223580,6223480,100
ENSG00000207688,67471585,67471489,96
ENSG00000207798,55989059,55988950,109
ENSG00000252457,49344861,49344800,61
ENSG00000272253,67657211,67657105,106
ENSG00000266436,79649359,79649294,65
ENSG00000221502,188978161,188978092,69
ENSG00000222691,107867910,107867807,103
ENSG00000278278,20114751,20114686,65
ENSG00000221585,47849629,47849555,74
ENSG00000263940,110118070,110117736,334
ENSG00000239108,132152349,132152243,106
ENSG00000265932,19705436,19705358,78
ENSG00000207940,112112898,112112801,97
ENSG00000239821,18333573,18333276,297
ENSG00000284596,102471531,102471469,62
ENSG00000264986,125151552,125151465,87
ENSG00000201379,121542626,121542486,140
ENSG00000207588,128081960,128081861,99
ENSG00000199631,49490699,49490615,84
ENSG00000263533,75428473,75428407,66
ENSG00000201464,79302066,79301963,103
ENSG00000284142,143837816,143837756,60
ENSG00000266555,138435294,138435213,81
ENSG00000207104,54343652,54343546,106
ENSG00000277168,37953780,37953508,272
ENSG00000199065,4850375,4850297,78
ENSG00000264090,29574358,29574278,80
ENSG00000221711,77702803,77702746,57
ENSG00000201294,3360142,3360036,106
ENSG00000212586,38822404,38822307,97
ENSG00000239122,195928775,195928589,186
ENSG00000202193,53337571,53337453,118
ENSG00000200959,139278978,139278781,197
ENSG00000239822,430504,430239,265
ENSG00000200823,100951933,100951856,77
ENSG00000274520,44932406,44932320,86
ENSG00000212628,121083813,121083700,113
ENSG00000221043,149695959,149695748,211
ENSG00000202001,100755195,100755099,96
ENSG00000277032,93397234,93397139,95
ENSG00000251985,45624632,45624531,101
ENSG00000221638,75628168,75627950,218
ENSG00000202468,60163707,60163567,140
ENSG00000222955,55745342,55745232,110
ENSG00000278695,23961206,23957418,3788
ENSG00000238317,202293134,202293051,83
ENSG00000199325,66615090,66614964,126
ENSG00000253065,168033205,168033091,114
ENSG00000207504,67541233,67541127,106
ENSG00000274967,53290751,53290640,111
ENSG00000283290,24352157,24352057,100
ENSG00000252848,44125873,44125752,121
ENSG00000199574,66501318,66501250,68
ENSG00000274428,146410062,146409903,159
ENSG00000253005,28142841,28142737,104
ENSG00000251972,25943145,25943044,101
ENSG00000252456,4056876,4056756,120
ENSG00000274656,72841727,72841437,290
ENSG00000207524,88684954,88684848,106
ENSG00000202341,237015305,237015204,101
ENSG00000252351,131385363,131385249,114
ENSG00000202537,86347195,86347062,133
ENSG00000201287,37662049,37661747,302
ENSG00000278144,65423392,65423273,119
ENSG00000200827,12098532,12098427,105
ENSG00000221633,109019116,109018909,207
ENSG00000251815,25099594,25099499,95
ENSG00000202217,74800222,74799895,327
ENSG00000277492,70846295,70846079,216
ENSG00000252594,46831156,46831050,106
ENSG00000222397,181839774,181839473,301
ENSG00000281067,210267241,210265636,1605
ENSG00000277913,50044768,50044649,119
ENSG00000202300,203319099,203318996,103
ENSG00000206595,51382414,51382308,106
ENSG00000222552,159178559,159178473,86
ENSG00000206948,154768659,154768528,131
ENSG00000264960,32579395,32579248,147
ENSG00000207399,103385067,103384961,106
ENSG00000206965,174558072,174557966,106
ENSG00000199906,40499003,40498891,112
ENSG00000212330,102501779,102501676,103
ENSG00000206817,91261724,91261625,99
ENSG00000252179,13536135,13536029,106
ENSG00000275524,25218698,25218617,81
ENSG00000252264,14319516,14319455,61
ENSG00000266610,100158765,100158502,263
ENSG00000199970,25175008,25174927,81
ENSG00000222844,125277657,125277552,105
ENSG00000201965,38125394,38125292,102
ENSG00000281072,231768680,231768604,76
ENSG00000201775,59834167,59834063,104
ENSG00000212420,89886591,89886485,106
ENSG00000278553,45741258,45740978,280
ENSG00000199806,36852028,36851911,117
ENSG00000223290,154590528,154590407,121
ENSG00000251778,41882300,41882205,95
ENSG00000252882,43396091,43395993,98
ENSG00000222328,62841809,62841619,190
ENSG00000207304,93732499,93732361,138
ENSG00000252393,121605012,121604902,110
ENSG00000238594,150164686,150164584,102
ENSG00000201465,138188129,138187998,131
ENSG00000202281,83018011,83017898,113
ENSG00000200985,21792524,21792434,90
ENSG00000222210,57978277,57977965,312
ENSG00000243845,125513207,125512902,305
ENSG00000201354,140609955,140609847,108
ENSG00000276057,30971382,30971296,86
ENSG00000222932,101796502,101796410,92
ENSG00000200162,153607479,153607377,102
ENSG00000244534,64907138,64906863,275
ENSG00000201704,59574222,59574103,119
ENSG00000252845,96956815,96956708,107
ENSG00000274122,28387417,28387160,257
ENSG00000251976,136390669,136390332,337
ENSG00000252814,76287739,76287630,109
ENSG00000277419,30405179,30405073,106
ENSG00000252774,64342698,64342539,159
ENSG00000199246,153681553,153681447,106
ENSG00000202444,44819997,44819883,114
ENSG00000274623,54940717,54940611,106
ENSG00000210181,36968316,36968191,125
ENSG00000277344,16534224,16534081,143
ENSG00000277953,54131896,54115536,16360
ENSG00000206733,36022045,36021939,106
ENSG00000278123,25104732,25104642,90
ENSG00000272469,73834042,73833773,269
ENSG00000264229,121531007,121530881,126
ENSG00000199436,21392253,21392150,103
ENSG00000212270,25806712,25806648,64
ENSG00000252526,50151731,50151642,89
ENSG00000264384,154166549,154166245,304
ENSG00000252274,72818972,72818836,136
ENSG00000242565,153704385,153704088,297
ENSG00000206615,31388837,31388733,104
ENSG00000207172,63630781,63630678,103
ENSG00000278010,67797181,67797087,94
ENSG00000276918,66374435,66374138,297
ENSG00000278406,192776073,192775943,130
ENSG00000278124,22010946,22010650,296
ENSG00000201026,2184820,2184710,110
ENSG00000251971,238029063,238028971,92
ENSG00000275909,48433208,48432927,281
ENSG00000276678,10287482,10287413,69
ENSG00000238386,70513356,70513294,62
ENSG00000199469,72576854,72576691,163
ENSG00000201894,31787255,31787148,107
ENSG00000252119,119323409,119323293,116
ENSG00000252173,16249041,16248935,106
ENSG00000206911,93827734,93827622,112
ENSG00000202345,168791610,168791498,112
ENSG00000276366,240289443,240289216,227
ENSG00000276312,167307,167218,89
ENSG00000274284,38231144,38231043,101
ENSG00000273929,54869065,54868959,106
ENSG00000207962,40757372,40757284,88
ENSG00000212451,126671654,126671522,132
ENSG00000266439,10222073,10221775,298
ENSG00000215938,154193743,154193665,78
ENSG00000223215,37669005,37668898,107
ENSG00000207974,168375621,168375524,97
ENSG00000202199,133238816,133238657,159
ENSG00000275424,30053688,30053585,103
ENSG00000201747,7906624,7906519,105
ENSG00000284203,207802523,207802443,80
ENSG00000281859,44778458,44778390,68
ENSG00000202063,230820358,230820250,108
ENSG00000265442,122417067,122416965,102
ENSG00000276872,418206,417283,923
ENSG00000283165,104117503,104117418,85
ENSG00000200419,45592085,45591984,101
ENSG00000199801,69986094,69985986,108
ENSG00000282035,11846845,11844908,1937
ENSG00000265102,35372364,35372256,108
ENSG00000251970,18833890,18833729,161
ENSG00000207008,2963893,2963771,122
ENSG00000263811,16859021,16858949,72
ENSG00000284250,77089497,77089417,80
ENSG00000212282,12312690,12312588,102
ENSG00000283933,150492410,150492345,65
ENSG00000201955,79170335,79170234,101
ENSG00000283514,35591806,35591737,69
ENSG00000198975,122146593,122146522,71
ENSG00000265954,49854651,49854591,60
ENSG00000212624,51724896,51724775,121
ENSG00000283759,12915918,12915829,89
ENSG00000251983,62146946,62146665,281
ENSG00000207981,53713434,53713347,87
ENSG00000284011,66251157,66251082,75
ENSG00000263813,134127192,134127125,67
ENSG00000265903,30854419,30854117,302
ENSG00000252494,78133522,78133420,102
ENSG00000277919,62304734,62304658,76
ENSG00000215973,175167709,175167633,76
ENSG00000199156,63871019,63870930,89
ENSG00000222800,27109980,27109790,190
ENSG00000276213,152025472,152025194,278
ENSG00000265503,12917342,12917268,74
ENSG00000207744,176150412,176150303,109
ENSG00000263583,27293996,27293910,86
ENSG00000283550,125507307,125507259,48
ENSG00000200026,38147561,38147428,133
ENSG00000266392,81400778,81400716,62
ENSG00000201574,231133630,231133462,168
ENSG00000221552,154685861,154685776,85
ENSG00000263800,12787192,12787128,64
ENSG00000212336,81622319,81622200,119
ENSG00000221456,155946879,155946797,82
ENSG00000281863,8931632,8931495,137
ENSG00000264279,239943094,239943015,79
ENSG00000266668,97964481,97964405,76
ENSG00000283320,3917563,3917502,61
ENSG00000201511,101647522,101647421,101
ENSG00000201962,25352392,25352284,108
ENSG00000207554,63942726,63942631,95
ENSG00000283386,6745240,6745168,72
ENSG00000266243,31936159,31936102,57
ENSG00000207065,81334418,81334303,115
ENSG00000266206,12727304,12727232,72
ENSG00000264760,154596072,154596012,60
ENSG00000199231,63176019,63175940,79
ENSG00000275117,54131896,54115536,16360
ENSG00000265251,28505182,28505116,66
ENSG00000284446,31956940,31956839,101
ENSG00000200601,73749623,73749517,106
ENSG00000276479,119325265,119325171,94
ENSG00000252200,44726058,44725984,74
ENSG00000207632,126484713,126484631,82
ENSG00000264069,43150994,43150895,99
ENSG00000276598,144435619,144435551,68
ENSG00000202322,50419899,50419781,118
ENSG00000199043,130496204,130496111,93
ENSG00000283242,76919360,76919273,87
ENSG00000207231,185416086,185415973,113
ENSG00000284200,144079942,144079874,68
ENSG00000212388,84939723,84939617,106
ENSG00000212559,94025598,94025470,128
ENSG00000264922,36864308,36864254,54
ENSG00000276029,41233835,41233755,80
ENSG00000264692,31392739,31392641,98
ENSG00000275014,19737254,19736975,279
ENSG00000207617,95086094,95086014,80
ENSG00000277889,106601022,106600928,94
ENSG00000276711,183364,183252,112
ENSG00000201326,25209999,25209918,81
ENSG00000207693,137838516,137838419,97
ENSG00000200884,96962757,96962656,101
ENSG00000240993,19176589,19176288,301
ENSG00000222532,63786087,63786002,85
ENSG00000207866,147282030,147281943,87
ENSG00000277967,49280571,49280485,86
ENSG00000207349,143699619,143699456,163
ENSG00000199971,140209671,140209563,108
ENSG00000199836,99945477,99945315,162
ENSG00000206806,40351672,40351564,108
ENSG00000243871,43391727,43391384,343
ENSG00000200150,100956312,100956240,72
ENSG00000201676,59833276,59833175,101
ENSG00000202351,13548013,13547704,309
ENSG00000207087,43091494,43091388,106
ENSG00000273549,179629410,179629151,259
ENSG00000200600,23994603,23994502,101
ENSG00000244632,62796419,62796124,295
ENSG00000206907,111839934,111839828,106
ENSG00000201136,43702470,43702363,107
ENSG00000207249,104733362,104733234,128
ENSG00000206927,18398036,18397937,99
ENSG00000207263,25082859,25082768,91
ENSG00000202472,140386907,140386781,126
ENSG00000202261,25250940,25250859,81
ENSG00000199797,28303850,28303754,96
ENSG00000252162,55398620,55398514,106
ENSG00000252161,53458288,53458197,91
ENSG00000202211,43247781,43247680,101
ENSG00000252317,240341477,240341385,92
ENSG00000242769,114697924,114697627,297
ENSG00000199440,77821142,77821030,112
ENSG00000241392,131720543,131720260,283
ENSG00000274008,69098794,69098496,298
ENSG00000212259,95521475,95521369,106
ENSG00000280775,72692160,72692054,106
ENSG00000240927,101773513,101773238,275
ENSG00000207241,75787972,75787889,83
ENSG00000222783,130812095,130811768,327
ENSG00000201666,28924138,28924069,69
ENSG00000238316,26642389,26642286,103
ENSG00000264998,32556496,32556348,148
ENSG00000252622,131127091,131126990,101
ENSG00000199884,152284460,152284350,110
ENSG00000252535,12333693,12333644,49
ENSG00000200852,9133946,9133828,118
ENSG00000281244,133459550,133414506,45044
ENSG00000276193,133668701,133668420,281
ENSG00000275908,20823537,20823443,94
ENSG00000223313,40529673,40529570,103
ENSG00000222616,22861884,22861552,332
ENSG00000199279,62443282,62443176,106
ENSG00000202358,55885701,55885595,106
ENSG00000212422,10223011,10222797,214
ENSG00000239007,53688812,53688749,63
ENSG00000252424,49552748,49552633,115
ENSG00000277630,139659,108007,31652
ENSG00000252768,52551943,52551846,97
ENSG00000239640,52714695,52714399,296
ENSG00000212368,76356715,76356610,105
ENSG00000199880,138123111,138123011,100
ENSG00000275143,77089493,77089307,186
ENSG00000206799,93731099,93730979,120
ENSG00000200624,228621565,228621447,118
ENSG00000222594,145035436,145035132,304
ENSG00000202434,197404854,197404718,136
ENSG00000223162,27198401,27198287,114
ENSG00000201180,15022958,15022852,106
ENSG00000251887,31832535,31832439,96
ENSG00000265707,31819327,31819261,66
ENSG00000223198,231502201,231501990,211
ENSG00000252070,57450299,57450183,116
ENSG00000280496,136726239,136726104,135
ENSG00000253081,8364648,8364529,119
ENSG00000253097,205566799,205566716,83
ENSG00000212273,133644725,133644598,127
ENSG00000252305,14177310,14177131,179
ENSG00000200291,117914345,117914244,101
ENSG00000277568,146510271,146510116,155
ENSG00000207256,42991544,42991438,106
ENSG00000201239,82417321,82417226,95
ENSG00000276568,6928629,6928345,284
ENSG00000212407,32911598,32911493,105
ENSG00000200304,130069652,130069541,111
ENSG00000273541,50105174,50104833,341
ENSG00000274732,116921479,116921328,151
ENSG00000206880,168263481,168263375,106
ENSG00000206743,37700437,37700331,106
ENSG00000199735,76656422,76656320,102
ENSG00000201302,127448630,127448501,129
ENSG00000221139,21450756,21450653,103
ENSG00000238886,33952850,33952769,81
ENSG00000278100,14392196,14391875,321
ENSG00000206805,48479198,48479097,101
ENSG00000206855,68911759,68911653,106
ENSG00000212167,175022319,175022214,105
ENSG00000241821,56688695,56688401,294
ENSG00000274059,207708981,207708898,83
ENSG00000238875,39874515,39874255,260
ENSG00000238427,160472416,160472348,68
ENSG00000272439,99444412,99444306,106
ENSG00000278379,7899912,7899815,97
ENSG00000252521,132421690,132421641,49
ENSG00000207237,25964300,25964197,103
ENSG00000207175,119423905,119423742,163
ENSG00000207338,123458094,123457988,106
ENSG00000222649,119057974,119057880,94
ENSG00000252601,29070610,29070496,114
ENSG00000199667,100185239,100185138,101
ENSG00000264002,9902627,9902344,283
ENSG00000251967,46650590,46650510,80
ENSG00000223269,99120490,99120176,314
ENSG00000273629,176217602,176217541,61
ENSG00000202025,186311928,186311825,103
ENSG00000274733,29076673,29064147,12526
ENSG00000238658,78067053,78066947,106
ENSG00000241074,168451606,168451324,282
ENSG00000266794,92971299,92971002,297
ENSG00000199695,31222853,31222745,108
ENSG00000199349,206748092,206747980,112
ENSG00000240869,20421887,20421583,304
ENSG00000212371,77466436,77466284,152
ENSG00000242699,29681323,29681027,296
ENSG00000263994,31613954,31613823,131
ENSG00000238933,61642494,61642383,111
ENSG00000201432,36337778,36337667,111
ENSG00000212157,223976249,223976146,103
ENSG00000202264,227561300,227561181,119
ENSG00000202229,23156414,23156309,105
ENSG00000223203,143449911,143449809,102
ENSG00000274504,55007215,54988322,18893
ENSG00000206964,55286128,55286018,110
ENSG00000223260,96410782,96410432,350
ENSG00000252013,75202169,75202081,88
ENSG00000201885,77013684,77013583,101
ENSG00000201489,7537196,7537096,100
ENSG00000222588,119061111,119060983,128
ENSG00000273730,156149,155997,152
ENSG00000278778,3063701,3063472,229
ENSG00000212238,129756377,129756266,111
ENSG00000274199,63549608,63549489,119
ENSG00000200887,30299673,30299569,104
ENSG00000275631,9647000,9646825,175
ENSG00000271932,140884178,140884072,106
ENSG00000264834,52928772,52928674,98
ENSG00000252481,95533629,95533355,274
ENSG00000208033,104218883,104218789,94
ENSG00000223280,41354659,41354557,102
ENSG00000264646,29747605,29747504,101
ENSG00000264201,48772037,48771975,62
ENSG00000206824,50386246,50386145,101
ENSG00000280494,75604261,75604209,52
ENSG00000206671,27596517,27596412,105
ENSG00000277968,142317920,142317830,90
ENSG00000199151,100874585,100874493,92
ENSG00000221440,88206552,88206427,125
ENSG00000275411,74840707,74840642,65
ENSG00000263942,30123371,30123209,162
ENSG00000207644,53669254,53669157,97
ENSG00000244308,120110786,120110498,288
ENSG00000273525,2962758,2962636,122
ENSG00000264370,12737444,12737367,77
ENSG00000199411,137094430,137094345,85
ENSG00000201524,59847544,59847438,106
ENSG00000264857,101309534,101309450,84
ENSG00000221240,179860908,179860836,72
ENSG00000199638,68461525,68461407,118
ENSG00000252891,89898392,89898283,109
ENSG00000266354,212926336,212926257,79
ENSG00000278708,27202219,27201844,375
ENSG00000244314,195147003,195146728,275
ENSG00000264139,49543466,49543393,73
ENSG00000241939,43315255,43314951,304
ENSG00000265433,116850367,116850277,90
ENSG00000200779,71379858,71379755,103
ENSG00000251813,194488205,194488103,102
ENSG00000266690,7460118,7460028,90
ENSG00000276932,93150,93050,100
ENSG00000276991,26673630,26673254,376
ENSG00000265919,87114954,87114879,75
ENSG00000266180,72967753,72967687,66
ENSG00000277029,36404932,36404826,106
ENSG00000244003,58770820,58770524,296
ENSG00000283797,130877539,130877459,80
ENSG00000263589,30178090,30177929,161
ENSG00000238628,87721018,87720915,103
ENSG00000284147,95072996,95072911,85
ENSG00000199867,62330913,62330812,101
ENSG00000277474,53198945,53198889,56
ENSG00000207404,108891546,108891437,109
ENSG00000202016,222498398,222498291,107
ENSG00000284107,134169766,134169671,95
ENSG00000264423,41191229,41190927,302
ENSG00000274980,948524,948421,103
ENSG00000275979,54156191,54138182,18009
ENSG00000274505,11753948,11753666,282
ENSG00000276626,124792562,124792319,243
ENSG00000201027,89622207,89621918,289
ENSG00000222664,93026542,93026252,290
ENSG00000277205,148386384,148386174,210
ENSG00000242764,92402685,92402389,296
ENSG00000201210,127963724,127963608,116
ENSG00000222054,9761013,9760907,106
ENSG00000253064,29424867,29424762,105
ENSG00000222849,77779999,77779904,95
ENSG00000274647,91633023,91632912,111
ENSG00000202471,59586943,59586793,150
ENSG00000207112,93730646,93730513,133
ENSG00000207401,110934507,110934406,101
ENSG00000252860,200054165,200054061,104
ENSG00000222796,150955587,150955494,93
ENSG00000264346,20126526,20126402,124
ENSG00000266784,31363922,31363816,106
ENSG00000199803,15021659,15021553,106
ENSG00000277483,48380132,48379834,298
ENSG00000263947,14602094,14601823,271
ENSG00000252898,173446704,173446603,101
ENSG00000200882,177126120,177126017,103
ENSG00000212556,127202473,127202372,101
ENSG00000275616,43240111,43239921,190
ENSG00000202254,99791753,99791662,91
ENSG00000274772,144683464,144683169,295
ENSG00000252164,34206241,34206134,107
ENSG00000222761,104401048,104400943,105
ENSG00000277762,147689537,147689256,281
ENSG00000222224,28927340,28927243,97
ENSG00000202268,45255620,45255409,211
ENSG00000276017,74814,72411,2403
ENSG00000275559,50081978,50081843,135
ENSG00000252473,39283791,39283657,134
ENSG00000201260,16207927,16207821,106
ENSG00000206763,92701814,92701708,106
ENSG00000199377,44721902,44721786,116
ENSG00000277578,84642763,84642487,276
ENSG00000277066,50045232,50045143,89
ENSG00000281552,210304540,210303684,856
ENSG00000275230,62363864,62363581,283
ENSG00000207061,156186223,156186122,101
ENSG00000200246,32256623,32256496,127
ENSG00000212612,18978953,18978847,106
ENSG00000265706,28928060,28927983,77
ENSG00000200889,59537499,59537359,140
ENSG00000221583,10222161,10222036,125
ENSG00000275917,30544252,30511927,32325
ENSG00000274424,30405597,30405307,290
ENSG00000241032,37909037,37908738,299
ENSG00000252992,117263952,117263799,153
ENSG00000253094,22803224,22803145,79
ENSG00000199446,63110246,63110139,107
ENSG00000251766,10090528,10090410,118
ENSG00000277341,37908063,37907957,106
ENSG00000275788,30684278,30684029,249
ENSG00000239010,40377513,40377452,61
ENSG00000241174,69884654,69884363,291
ENSG00000199196,34100838,34100711,127
ENSG00000277572,14076038,14075950,88
ENSG00000252746,37187314,37187219,95
ENSG00000222678,219590984,219590687,297
ENSG00000277187,23879790,23879493,297
ENSG00000275049,82412947,82403250,9697
ENSG00000243510,118016669,118016385,284
ENSG00000200847,23491893,23491792,101
ENSG00000252046,20993568,20993474,94
ENSG00000222416,93441384,93441277,107
ENSG00000266187,150211925,150211632,293
ENSG00000207234,88816885,88816779,106
ENSG00000207472,182982318,182982212,106
ENSG00000277923,54190480,54173854,16626
ENSG00000202051,147827384,147827279,105
ENSG00000238961,77080571,77080434,137
ENSG00000238731,72673564,72673503,61
ENSG00000266477,69479265,69478997,268
ENSG00000264371,25023586,25023503,83
ENSG00000207180,71182718,71182612,106
ENSG00000208017,69933180,69933081,99
ENSG00000275082,54930171,54894315,35856
ENSG00000252184,62118510,62118300,210
ENSG00000264511,75406162,75406069,93
ENSG00000284568,53787742,53787677,65
ENSG00000201186,119367646,119367562,84
ENSG00000266738,19348505,19348429,76
ENSG00000238789,155655026,155654963,63
ENSG00000207923,47377770,47377675,95
ENSG00000283637,212926336,212926257,79
ENSG00000207302,25877605,25877496,109
ENSG00000266887,48780353,48780295,58
ENSG00000199075,37969480,37969404,76
ENSG00000199716,22867917,22867818,99
ENSG00000284078,86620575,86620497,78
ENSG00000274118,146311822,146311720,102
ENSG00000221287,133427706,133427596,110
ENSG00000264341,5564143,5564071,72
ENSG00000284517,33287289,33287227,62
ENSG00000199179,62603769,62603686,83
ENSG00000241064,15506905,15506623,282
ENSG00000277138,135207078,135206994,84
ENSG00000284584,41568395,41568286,109
ENSG00000221442,147378121,147378017,104
ENSG00000222452,78165778,78165465,313
ENSG00000265450,114273908,114273828,80
ENSG00000283327,24953867,24953796,71
ENSG00000200879,123058161,123058077,84
ENSG00000207785,50008514,50008431,83
ENSG00000283279,101039755,101039690,65
ENSG00000207970,50013337,50013241,96
ENSG00000265098,35926923,35926856,67
ENSG00000265905,38937158,38936876,282
ENSG00000222934,86362474,86362132,342
ENSG00000263857,59366154,59366083,71
ENSG00000253053,53816479,53816185,294
ENSG00000222281,11819091,11818821,270
ENSG00000283604,81125949,81125883,66
ENSG00000212571,32050705,32050588,117
ENSG00000273981,23166186,23165897,289
ENSG00000207613,13874808,13874699,109
ENSG00000206645,37093234,37093133,101
ENSG00000207767,53756830,53756741,89
ENSG00000201809,73764413,73764279,134
ENSG00000202417,132945454,132945342,112
ENSG00000266097,62205917,62205826,91
ENSG00000212264,23396516,23396446,70
ENSG00000264525,66358328,66358249,79
ENSG00000207158,56786087,56785981,106
ENSG00000264501,10306757,10306465,292
ENSG00000263828,225010540,225010461,79
ENSG00000285626,11561779,11561661,118
ENSG00000199032,49020234,49020148,86
ENSG00000206846,30673843,30673750,93
ENSG00000223013,75935039,75934936,103
ENSG00000275334,50227490,50227436,54
ENSG00000200294,72180989,72180858,131
ENSG00000199357,23456467,23456371,96
ENSG00000283474,170423162,170423103,59
ENSG00000265850,197293948,197293878,70
ENSG00000251895,84740052,84739942,110
ENSG00000252656,148839732,148839483,249
ENSG00000207988,109488795,109488698,97
ENSG00000252960,18651450,18651147,303
ENSG00000278089,25182466,25182385,81
ENSG00000265623,143343535,143343460,75
ENSG00000252866,128697744,128697710,34
ENSG00000276532,18605356,18605054,302
ENSG00000278438,146408688,146408583,105
ENSG00000207371,41917526,41917416,110
ENSG00000264563,129097766,129097688,78
ENSG00000266166,25185538,25185253,285
ENSG00000201990,6004385,6004283,102
ENSG00000222958,166509433,166509354,79
ENSG00000273948,17675522,17675366,156
ENSG00000253031,103689577,103689473,104
ENSG00000222321,114651623,114651544,79
ENSG00000221093,56121352,56121242,110
ENSG00000199905,107475139,107475036,103
ENSG00000252913,48932854,48932755,99
ENSG00000202259,100000739,100000637,102
ENSG00000276036,38731920,38731802,118
ENSG00000238363,112161617,112161485,132
ENSG00000223223,59706383,59706057,326
ENSG00000199426,58666697,58666537,160
ENSG00000223145,7141544,7141227,317
ENSG00000274660,100667009,100666695,314
ENSG00000199645,74779413,74779309,104
ENSG00000200738,32244083,32243965,118
ENSG00000222808,77152674,77152561,113
ENSG00000243549,62650601,62650308,293
ENSG00000207193,16232330,16232231,99
ENSG00000252928,30281869,30281765,104
ENSG00000278242,25459184,25458926,258
ENSG00000275982,19649587,19649494,93
ENSG00000222726,20612338,20612161,177
ENSG00000207411,43620984,43620878,106
ENSG00000252802,26594041,26593940,101
ENSG00000200849,10232712,10232611,101
ENSG00000223015,87606885,87606783,102
ENSG00000201827,133551315,133551186,129
ENSG00000239143,85332996,85332895,101
ENSG00000222240,188156180,188155839,341
ENSG00000243770,174240457,174240143,314
ENSG00000252546,12070271,12070164,107
ENSG00000222162,13353523,13353208,315
ENSG00000264847,31011248,31011157,91
ENSG00000206759,66293220,66293114,106
ENSG00000212421,87260585,87260450,135
ENSG00000200816,31623210,31623079,131
ENSG00000201663,7850818,7850717,101
ENSG00000252951,147745417,147745303,114
ENSG00000212594,103592243,103592112,131
ENSG00000221643,203729705,203729581,124
ENSG00000212482,79343372,79343266,106
ENSG00000278232,46313387,46261820,51567
ENSG00000283691,118994655,118994560,95
ENSG00000206779,28422655,28422555,100
ENSG00000199364,110761242,110761142,100
ENSG00000269823,153791310,153789602,1708
ENSG00000252812,40407440,40407122,318
ENSG00000277830,49278624,49278427,197
ENSG00000252634,21785587,21785292,295
ENSG00000264573,41345876,41345576,300
ENSG00000252312,36231774,36231555,219
ENSG00000207191,25062427,25062333,94
ENSG00000201301,49467228,49467115,113
ENSG00000206832,109591640,109591534,106
ENSG00000252341,10292148,10292041,107
ENSG00000243633,21215830,21215537,293
ENSG00000206760,39408539,39408389,150
ENSG00000264955,31766266,31766178,88
ENSG00000202095,96431160,96431054,106
ENSG00000241198,131134390,131134086,304
ENSG00000199335,3044207,3044101,106
ENSG00000222880,80343792,80343515,277
ENSG00000221345,71127105,71126893,212
ENSG00000265315,46537814,46537534,280
ENSG00000252462,17431647,17431547,100
ENSG00000201168,101779929,101779814,115
ENSG00000273591,149290762,149290513,249
ENSG00000272197,154718689,154718383,306
ENSG00000252611,114969568,114969460,108
ENSG00000274186,46649276,46648948,328
ENSG00000252198,58441992,58441844,148
ENSG00000278700,4659151,4658851,300
ENSG00000278789,54945138,54909282,35856
ENSG00000206737,143729570,143729407,163
ENSG00000200652,28179223,28179098,125
ENSG00000283545,45554659,45554590,69
ENSG00000252145,68102132,68102068,64
ENSG00000252712,66347342,66347207,135
ENSG00000252091,56667531,56667430,101
ENSG00000274817,53968178,53968002,176
ENSG00000278592,27188021,27187819,202
ENSG00000206959,53544725,53544615,110
ENSG00000207294,15150796,15150697,99
ENSG00000201968,126564678,126564565,113
ENSG00000202160,15865051,15864935,116
ENSG00000198976,1169087,1169005,82
ENSG00000207941,34669694,34669599,95
ENSG00000201231,58814552,58814412,140
ENSG00000212298,64204899,64204793,106
ENSG00000284410,43171712,43171652,60
ENSG00000199677,132993200,132993099,101
ENSG00000252877,47532467,47532352,115
ENSG00000275455,107897304,107897223,81
ENSG00000277374,148843,148668,175
ENSG00000281696,220200619,220200538,81
ENSG00000251838,37702220,37702125,95
ENSG00000200757,25199529,25199448,81
ENSG00000283507,112695176,112695034,142
ENSG00000252975,39710176,39710085,91
ENSG00000207608,100883075,100882979,96
ENSG00000202099,238412745,238412642,103
ENSG00000276376,90076486,90076424,62
ENSG00000207754,101046538,101046455,83
ENSG00000201684,67362708,67362414,294
ENSG00000284386,45433129,45433050,79
ENSG00000200432,128067901,128067800,101
ENSG00000278265,14930879,14930820,59
ENSG00000200528,53914824,53914719,105
ENSG00000283929,42514307,42514188,119
ENSG00000207507,893590,893484,106
ENSG00000252633,7324595,7324297,298
ENSG00000207947,48037247,48037161,86
ENSG00000251888,82192790,82192505,285
ENSG00000223007,5126337,5126046,291
ENSG00000273758,6392983,6392921,62
ENSG00000223181,758336,758233,103
ENSG00000243560,46689068,46688797,271
ENSG00000264266,10230485,10230413,72
ENSG00000277948,175092587,175092401,186
ENSG00000275711,15179350,15179283,67
ENSG00000206895,4811289,4811188,101
ENSG00000283455,53698471,53698385,86
ENSG00000200750,21724229,21724119,110
ENSG00000201899,100984848,100984777,71
ENSG00000284173,218280188,218280125,63
ENSG00000252429,26602432,26602369,63
ENSG00000206910,159785733,159785594,139
ENSG00000199024,3917571,3917494,77
ENSG00000206991,43637738,43637632,106
ENSG00000266211,13406460,13406384,76
ENSG00000266726,32155067,32154947,120
ENSG00000278502,171186292,171186184,108
ENSG00000207181,235127937,235127803,134
ENSG00000216101,30584417,30584332,85
ENSG00000201467,17044511,17044380,131
ENSG00000273975,201098091,201097744,347
ENSG00000208014,93482855,93482760,95
ENSG00000202422,57991464,57991350,114
ENSG00000207547,100093643,100093560,83
ENSG00000199509,21139074,21138956,118
ENSG00000252769,7889279,7889182,97
ENSG00000216069,99536861,99536786,75
ENSG00000201728,23381012,23380896,116
ENSG00000264653,130008453,130008334,119
ENSG00000276179,84890961,84890744,217
ENSG00000199385,44390823,44390722,101
ENSG00000199132,134540431,134540341,90
ENSG00000222514,138091315,138091254,61
ENSG00000239888,15408688,15408384,304
ENSG00000207755,134540607,134540508,99
ENSG00000208000,147260625,147260532,93
ENSG00000252396,237121109,237120807,302
ENSG00000200048,78882734,78882628,106
ENSG00000199580,74983376,74983274,102
ENSG00000200898,61938000,61937894,106
ENSG00000252763,159808570,159808416,154
ENSG00000252050,38308241,38308112,129
ENSG00000251787,142801268,142801207,61
ENSG00000241791,46448511,46448224,287
ENSG00000263841,153500764,153500463,301
ENSG00000252335,95019336,95019235,101
ENSG00000200036,167006077,167005959,118
ENSG00000222983,31228847,31228715,132
ENSG00000266467,68008017,68007718,299
ENSG00000251864,36672944,36672838,106
ENSG00000252395,88415004,88414898,106
ENSG00000201217,152449384,152449272,112
ENSG00000278296,54876618,54876512,106
ENSG00000199337,228614868,228614750,118
ENSG00000278020,27188994,27188816,178
ENSG00000212327,9919153,9919051,102
ENSG00000252908,17240715,17240611,104
ENSG00000201766,14663494,14663395,99
ENSG00000253067,132080133,132080066,67
ENSG00000240589,44409358,44409059,299
ENSG00000200220,154040022,154039916,106
ENSG00000255851,49018061,49017793,268
ENSG00000221083,8511919,8511795,124
ENSG00000241613,53258372,53258077,295
ENSG00000283412,87648549,87648489,60
ENSG00000199783,24901214,24901147,67
ENSG00000199535,24640284,24640166,118
ENSG00000283414,43716556,43716467,89
ENSG00000202078,160326216,160326104,112
ENSG00000252887,89443424,89443318,106
ENSG00000206746,62731332,62731226,106
ENSG00000264556,31747282,31747180,102
ENSG00000276211,54967295,54942736,24559
ENSG00000275205,3047364,3047202,162
ENSG00000200478,25245559,25245478,81
ENSG00000222111,175628462,175628188,274
ENSG00000251792,50087083,50086982,101
ENSG00000243954,8683551,8683254,297
ENSG00000277717,86481130,86481028,102
ENSG00000244376,50429483,50429190,293
ENSG00000212625,60736886,60736769,117
ENSG00000274004,83387102,83386988,114
ENSG00000201273,22011088,22010985,103
ENSG00000200398,25213729,25213648,81
ENSG00000264592,36192170,36191915,255
ENSG00000252032,51538729,51538625,104
ENSG00000265885,110098151,110097851,300
ENSG00000201476,13441001,13440884,117
ENSG00000242650,51716922,51716657,265
ENSG00000201021,43405578,43405473,105
ENSG00000252400,51522967,51522864,103
ENSG00000283724,37480289,37480230,59
ENSG00000251951,87102846,87102603,243
ENSG00000202569,102436584,102436512,72
ENSG00000276714,101322533,101322477,56
ENSG00000242547,64539792,64539504,288
ENSG00000276857,112299690,112299612,78
ENSG00000199790,41084713,41084607,106
ENSG00000222791,83298167,83298071,96
ENSG00000273700,111304209,111304142,67
ENSG00000211137,62824041,62823957,84
ENSG00000206767,27675709,27675603,106
ENSG00000206715,87488552,87488445,107
ENSG00000207965,70079468,70079372,96
ENSG00000252193,43304679,43304555,124
ENSG00000264399,58336022,58335976,46
ENSG00000264961,80419493,80419418,75
ENSG00000223287,13968595,13968489,106
ENSG00000266582,47380565,47380496,69
ENSG00000201441,196708964,196708859,105
ENSG00000263354,67081686,67081584,102
ENSG00000243488,14584395,14584095,300
ENSG00000207722,53701287,53701227,60
ENSG00000283569,151368411,151368334,77
ENSG00000278294,217401,217250,151
ENSG00000207780,17980961,17980868,93
ENSG00000278470,32326396,32326292,104
ENSG00000207926,52294308,52294219,89
ENSG00000207927,112648251,112648183,68
ENSG00000200986,47131887,47131781,106
ENSG00000199035,168560973,168560896,77
ENSG00000273601,30028450,30028383,67
ENSG00000199080,52149041,52148923,118
ENSG00000263514,140205326,140205252,74
ENSG00000238808,69110574,69110513,61
ENSG00000284321,9903472,9903388,84
ENSG00000212366,72717769,72717663,106
ENSG00000284062,42896275,42896197,78
ENSG00000241243,87294473,87294189,284
ENSG00000283710,127796028,127795962,66
ENSG00000265112,89312306,89312225,81
ENSG00000206892,196785086,196784980,106
ENSG00000207563,95085304,95085208,96
ENSG00000238845,44843724,44843612,112
ENSG00000276124,129869671,129869605,66
ENSG00000266770,13815319,13815062,257
ENSG00000265284,6383963,6383906,57
ENSG00000202357,11408880,11408772,108
ENSG00000206923,110903445,110903337,108
ENSG00000242653,34753719,34753424,295
ENSG00000252643,102834708,102834605,103
ENSG00000271819,50347529,50347423,106
ENSG00000207394,23125087,23124981,106
ENSG00000200072,112052138,112052078,60
ENSG00000223229,96696167,96695856,311
ENSG00000252561,3069651,3069523,128
ENSG00000206687,798135,797989,146
ENSG00000200974,165252661,165252580,81
ENSG00000243383,105293946,105293664,282
ENSG00000252337,106546803,106546665,138
ENSG00000275853,55731403,55731100,303
ENSG00000278523,61928704,61928634,70
ENSG00000200085,248029221,248029120,101
ENSG00000277428,37534,37434,100
ENSG00000252900,4175090,4174985,105
ENSG00000275538,120850985,120850819,166
ENSG00000212149,42940702,42940575,127
ENSG00000201500,100977466,100977389,77
ENSG00000207171,168471539,168471409,130
ENSG00000200563,86515308,86515204,104
ENSG00000207395,69406552,69406441,111
ENSG00000212595,151026406,151026295,111
ENSG00000199595,161699607,161699506,101
ENSG00000200120,49137863,49137762,101
ENSG00000206724,124260752,124260646,106
ENSG00000212380,25264590,25264510,80
ENSG00000252651,73092257,73092148,109
ENSG00000200686,78355328,78355227,101
ENSG00000202363,39411206,39411054,152
ENSG00000242928,149722372,149722070,302
ENSG00000278696,30800396,30800160,236
ENSG00000264028,54344876,54344610,266
ENSG00000252158,131432869,131432776,93
ENSG00000207300,137784486,137784374,112
ENSG00000212459,90253559,90253456,103
ENSG00000207019,31345467,31345362,105
ENSG00000252246,33333007,33332898,109
ENSG00000251875,179576349,179576268,81
ENSG00000207215,97358478,97358265,213
ENSG00000252438,12416000,12415928,72
ENSG00000222414,101365035,101364845,190
ENSG00000252485,206007974,206007880,94
ENSG00000201412,92710608,92710499,109
ENSG00000239105,37573213,37573151,62
ENSG00000277642,54869083,54868977,106
ENSG00000201492,229550022,229549905,117
ENSG00000274450,146862845,146862729,116
ENSG00000221114,49684665,49684544,121
ENSG00000201545,19996925,19996803,122
ENSG00000243027,50689193,50688900,293
ENSG00000200521,157768113,157768013,100
ENSG00000199508,164858546,164858432,114
ENSG00000202534,92952745,92952639,106
ENSG00000206859,17170189,17170083,106
ENSG00000200170,72220852,72220752,100
ENSG00000243980,12273764,12273473,291
ENSG00000199263,68474664,68474553,111
ENSG00000222398,43602648,43602543,105
ENSG00000274792,387620,386278,1342
ENSG00000264778,31769661,31769573,88
ENSG00000273843,139135,137798,1337
ENSG00000252677,21712119,21711950,169
ENSG00000207407,19591291,19591156,135
ENSG00000279413,15703243,15702602,641
ENSG00000253003,34675994,34675891,103
ENSG00000207455,29899693,29899587,106
ENSG00000277178,54081380,54069947,11433
ENSG00000206882,22339003,22338886,117
ENSG00000274262,35889804,35889558,246
ENSG00000274940,153689793,153689705,88
ENSG00000263987,154104592,154104521,71
ENSG00000264676,236072556,236072295,261
ENSG00000266458,159900079,159899979,100
ENSG00000239001,22119089,22118983,106
ENSG00000283340,170151462,170151378,84
ENSG00000284152,57512750,57512688,62
ENSG00000251726,34845360,34845300,60
ENSG00000284503,103930555,103930425,130
ENSG00000206780,17320882,17320746,136
ENSG00000274172,105621180,105621116,64
ENSG00000275107,44207839,44207771,68
ENSG00000239560,44117397,44117098,299
ENSG00000207802,60308567,60308474,93
ENSG00000201608,160392909,160392768,141
ENSG00000271898,19314931,19314848,83
ENSG00000222051,101622965,101622859,106
ENSG00000283971,25664939,25664873,66
ENSG00000207627,53951599,53951504,95
ENSG00000238619,55451099,55451004,95
ENSG00000264342,90016720,90016621,99
ENSG00000223125,41468146,41467956,190
ENSG00000276770,43434620,43434542,78
ENSG00000199094,71377031,71376960,71
ENSG00000238936,41426727,41426655,72
ENSG00000265439,44210063,44209766,297
ENSG00000212249,68874087,68873954,133
ENSG00000238645,53334664,53334562,102
ENSG00000252548,98966873,98966815,58
ENSG00000199567,86019715,86019608,107
ENSG00000274086,147911948,147911822,126
ENSG00000206795,12149238,12149126,112
ENSG00000240116,22978127,22977877,250
ENSG00000212221,143350278,143350172,106
ENSG00000280505,72583884,72583719,165
ENSG00000199362,75837645,75837544,101
ENSG00000222343,47272889,47272597,292
ENSG00000240173,140646126,140645829,297
ENSG00000252057,80560625,80560567,58
ENSG00000251998,163796165,163796065,100
ENSG00000277062,96102249,96101951,298
ENSG00000251730,183454262,183454128,134
ENSG00000252012,17559889,17559774,115
ENSG00000251942,53470629,53470447,182
ENSG00000207362,100258677,100258571,106
ENSG00000252409,41688033,41687868,165
ENSG00000240626,33927625,33927364,261
ENSG00000264036,12328389,12328132,257
ENSG00000277452,150566860,150566562,298
ENSG00000241588,99791410,99791209,201
ENSG00000252607,60341941,60341824,117
ENSG00000252185,126755417,126755316,101
ENSG00000239014,24986995,24986925,70
ENSG00000251746,177138797,177138699,98
ENSG00000266660,32392394,32392288,106
ENSG00000200424,58744357,58744251,106
ENSG00000200506,99583118,99583017,101
ENSG00000207235,59260846,59260748,98
ENSG00000223158,25950821,25950704,117
ENSG00000201778,157153640,157153548,92
ENSG00000222087,15320944,15320840,104
ENSG00000201451,133337824,133337728,96
ENSG00000252884,80405609,80405516,93
ENSG00000252828,68883091,68882967,124
ENSG00000281230,210246631,210232796,13835
ENSG00000222987,102302810,102302504,306
ENSG00000207438,68503259,68503152,107
ENSG00000239030,94712511,94712409,102
ENSG00000212572,9618072,9617964,108
ENSG00000200208,23457685,23457584,101
ENSG00000252206,56352450,56352387,63
ENSG00000239080,136134420,136134317,103
ENSG00000200132,14531782,14531676,106
ENSG00000202313,11503671,11503509,162
ENSG00000202159,57755500,57755394,106
ENSG00000265093,45874330,45874035,295
ENSG00000212517,5121539,5121417,122
ENSG00000241997,56022313,56022019,294
ENSG00000275215,8395759,8395607,152
ENSG00000251900,65555534,65555432,102
ENSG00000201923,45559876,45559758,118
ENSG00000252051,229410767,229410500,267
ENSG00000200875,2649867,2649761,106
ENSG00000252252,54452511,54452423,88
ENSG00000199962,17576906,17576798,108
ENSG00000207351,184086903,184086791,112
ENSG00000244318,96940364,96940068,296
ENSG00000274053,54650873,54643934,6939
ENSG00000206635,151629430,151629324,106
ENSG00000273501,27382907,27382801,106
ENSG00000212332,86488549,86488446,103
ENSG00000238406,128543977,128543916,61
ENSG00000200903,48949520,48949361,159
ENSG00000222546,3700628,3700492,136
ENSG00000276516,77912545,77912271,274
ENSG00000200789,84003479,84003332,147
ENSG00000276003,88723316,88723209,107
ENSG00000206596,34546877,34546714,163
ENSG00000251880,37327196,37327135,61
ENSG00000223238,111411742,111411644,98
ENSG00000200418,186786445,186786323,122
ENSG00000212526,30956350,30956248,102
ENSG00000276685,46028892,46028804,88
ENSG00000201157,18979772,18979619,153
ENSG00000277995,29079498,29079384,114
ENSG00000212542,31305512,31305404,108
ENSG00000200917,105407092,105406997,95
ENSG00000273506,54918698,54911759,6939
ENSG00000275823,63549366,63549294,72
ENSG00000239039,33513578,33513475,103
ENSG00000275776,32394613,32394365,248
ENSG00000207100,133152892,133152754,138
ENSG00000199515,41065646,41065554,92
ENSG00000212257,65023074,65022968,106
ENSG00000252655,89650903,89650793,110
ENSG00000252042,75145762,75145670,92
ENSG00000252680,9844846,9844717,129
ENSG00000238423,28720616,28720550,66
ENSG00000276103,150608623,150608507,116
ENSG00000199711,99936711,99936610,101
ENSG00000222427,22688435,22688351,84
ENSG00000277667,54173691,54160649,13042
ENSG00000277418,48316770,48316669,101
ENSG00000275472,30026344,30026277,67
ENSG00000274581,91718789,91718574,215
ENSG00000200718,132523936,132523617,319
ENSG00000238529,42863306,42863200,106
ENSG00000265745,60034762,60034465,297
ENSG00000202239,46525722,46525618,104
ENSG00000263793,23044372,23044305,67
ENSG00000278752,98076421,98076361,60
ENSG00000274975,43448611,43448539,72
ENSG00000238730,40535563,40535502,61
ENSG00000263381,44545552,44545493,59
ENSG00000207729,162342640,162342546,94
ENSG00000206924,75020867,75020761,106
ENSG00000283598,171101798,171101739,59
ENSG00000201900,114727824,114727720,104
ENSG00000266262,237471191,237471119,72
ENSG00000265201,243346255,243346176,79
ENSG00000221273,64368703,64368602,101
ENSG00000284435,68033981,68033897,84
ENSG00000284020,133898581,133898504,77
ENSG00000284388,108635870,108635810,60
ENSG00000283815,91350821,91350751,70
ENSG00000283888,96333307,96333261,46
ENSG00000266124,535368,535316,52
ENSG00000272380,5840833,5840695,138
ENSG00000207580,53694475,53694393,82
ENSG00000265420,86193108,86193026,82
ENSG00000277842,237510988,237510931,57
ENSG00000266071,45705180,45705102,78
ENSG00000284193,61953662,61953546,116
ENSG00000199030,16539911,16539828,83
ENSG00000207932,41901012,41900944,68
ENSG00000264160,45760598,45760524,74
ENSG00000251856,55172353,55172262,91
ENSG00000283717,140563751,140563671,80
ENSG00000274994,173347536,173347455,81
ENSG00000283237,30289890,30289794,96
ENSG00000266525,67114397,67114322,75
ENSG00000207960,157574422,157574336,86
ENSG00000207826,1817307,1817231,76
ENSG00000207595,124692551,124692442,109
ENSG00000266827,134850641,134850570,71
ENSG00000221348,32641559,32641474,85
ENSG00000207957,152392299,152392219,80
ENSG00000239942,67825600,67825310,290
ENSG00000240723,139100658,139100377,281
ENSG00000202329,200014795,200014689,106
ENSG00000199424,136571815,136571705,110
ENSG00000240205,115718013,115717725,288
ENSG00000238987,14156523,14156462,61
ENSG00000252505,33540137,33540040,97
ENSG00000199313,124887549,124887410,139
ENSG00000222440,91798283,91798093,190
ENSG00000199529,101723980,101723876,104
ENSG00000277001,91314997,91314716,281
ENSG00000201318,100991990,100991919,71
ENSG00000200406,100983947,100983876,71
ENSG00000263616,8582655,8582352,303
ENSG00000206889,117544311,117544205,106
ENSG00000200685,13686658,13686550,108
ENSG00000200488,76445410,76445079,331
ENSG00000201097,92265807,92265702,105
ENSG00000252302,176763341,176763233,108
ENSG00000201242,27402587,27402476,111
ENSG00000252835,7906260,7906122,138
ENSG00000283636,63168847,63168600,247
ENSG00000242398,62006016,62005737,279
ENSG00000239075,89754726,89754620,106
ENSG00000200742,55651634,55651534,100
ENSG00000207225,147408448,147408342,106
ENSG00000252624,35735733,35735625,108
ENSG00000212345,9624228,9624122,106
ENSG00000201296,98418038,98417896,142
ENSG00000207473,73347048,73346936,112
ENSG00000264640,32611638,32611491,147
ENSG00000252408,3521320,3521248,72
ENSG00000223168,51671563,51671236,327
ENSG00000238813,166123597,166123494,103
ENSG00000251913,42569250,42569147,103
ENSG00000274097,102057960,102057854,106
ENSG00000222488,73019044,73018945,99
ENSG00000202241,30864552,30864250,302
ENSG00000206713,75089974,75089862,112
ENSG00000199217,119656416,119656311,105
ENSG00000206998,43451260,43451159,101
ENSG00000238777,59852728,59852667,61
ENSG00000212211,60856605,60856389,216
ENSG00000201674,113944399,113944186,213
ENSG00000202314,93731574,93731502,72
ENSG00000201812,14070986,14070871,115
ENSG00000264071,43492313,43492032,281
ENSG00000274197,130114335,130114251,84
ENSG00000265116,31575927,31575852,75
ENSG00000199473,17373326,17373201,125
ENSG00000207261,27111674,27111569,105
ENSG00000252994,102804031,102803929,102
ENSG00000201746,10163374,10163268,106
ENSG00000202242,27773748,27773645,103
ENSG00000251739,183706031,183705931,100
ENSG00000222259,34050244,34049966,278
ENSG00000252250,69334692,69334600,92
ENSG00000251703,57002792,57002692,100
ENSG00000222489,20323326,20323179,147
ENSG00000223175,48448042,48447936,106
ENSG00000207110,127999294,127999131,163
ENSG00000253098,40911128,40911067,61
ENSG00000242079,5142707,5142411,296
ENSG00000266634,17277975,17277889,86
ENSG00000207750,100281308,100281241,67
ENSG00000284485,209432242,209432133,109
ENSG00000283803,54231476,54231397,79
ENSG00000207789,57824692,57824609,83
ENSG00000283159,100875104,100875033,71
ENSG00000199012,101065537,101065447,90
ENSG00000263413,105858242,105858165,77
ENSG00000266039,28426584,28426491,93
ENSG00000284059,80581239,80581103,136
ENSG00000208003,80842073,80841978,95
ENSG00000207614,31560083,31559996,87
ENSG00000264010,11540677,11540605,72
ENSG00000265682,110070042,110069961,81
ENSG00000278524,218341980,218341911,69
ENSG00000216141,63919576,63919505,71
ENSG00000216135,10394562,10394489,73
ENSG00000283745,27169563,27169480,83
ENSG00000283956,116874800,116874728,72
ENSG00000221768,141786313,141786242,71
ENSG00000199072,94176433,94176347,86
ENSG00000199051,85903707,85903636,71
ENSG00000216171,147189787,147189704,83
ENSG00000273886,34910815,34910545,270
ENSG00000201010,48217899,48217575,324
ENSG00000252448,37884317,37884237,80
ENSG00000200102,21113745,21113639,106
ENSG00000272028,51014241,51014134,107
ENSG00000251791,233288940,233288676,264
ENSG00000251805,24273741,24273614,127
ENSG00000251960,15143386,15143289,97
ENSG00000277004,35746894,35746772,122
ENSG00000222617,96486891,96486582,309
ENSG00000238754,193057415,193057281,134
ENSG00000278747,198193242,198193139,103
ENSG00000252751,124407783,124407691,92
ENSG00000278026,181715293,181715185,108
ENSG00000252117,44927703,44927600,103
ENSG00000229686,2656694,2656624,70
ENSG00000243370,17178749,17178414,335
ENSG00000201780,8484852,8484746,106
ENSG00000240639,43222509,43222206,303
ENSG00000202513,72392069,72391964,105
ENSG00000221044,44025223,44025020,203
ENSG00000238998,112977420,112977353,67
ENSG00000264317,34422311,34421988,323
ENSG00000276609,27200521,27200465,56
ENSG00000277689,63549463,63549374,89
ENSG00000244356,33288601,33288304,297
ENSG00000222078,90001506,90001222,284
ENSG00000212246,208019741,208019638,103
ENSG00000212533,31077016,31076867,149
ENSG00000221574,10399317,10399192,125
ENSG00000202402,31244861,31244761,100
ENSG00000276493,32087813,32087523,290
ENSG00000202190,60081854,60081741,113
ENSG00000274710,93637338,93637179,159
ENSG00000273846,21379701,21379382,319
ENSG00000244399,85442791,85442495,296
ENSG00000275933,120670376,120670127,249
ENSG00000212304,49280772,49280683,89
ENSG00000240199,75698816,75698531,285
ENSG00000252937,73241896,73241789,107
ENSG00000212165,16983033,16982831,202
ENSG00000277908,189709714,189709539,175
ENSG00000251707,120503096,120503037,59
ENSG00000207148,121329170,121329069,101
ENSG00000251882,114866976,114866873,103
ENSG00000212527,163509595,163509484,111
ENSG00000273833,54115801,54107066,8735
ENSG00000199944,109059614,109059509,105
ENSG00000274860,6521412,6521131,281
ENSG00000202339,22205332,22205192,140
ENSG00000274963,150569269,150568971,298
ENSG00000201770,31581192,31581089,103
ENSG00000252011,246833529,246833448,81
ENSG00000206706,16314211,16314112,99
ENSG00000274934,136134248,136134082,166
ENSG00000276120,30242815,30242579,236
ENSG00000278048,43252019,43251829,190
ENSG00000273642,54107026,54102906,4120
ENSG00000272435,34205817,34205699,118
ENSG00000244357,45742970,45742675,295
ENSG00000207209,147420300,147420199,101
ENSG00000277864,82756071,82755945,126
ENSG00000238498,42076161,42076058,103
ENSG00000253026,53153898,53153795,103
ENSG00000212027,74218618,74218547,71
ENSG00000202334,114613906,114613787,119
ENSG00000266315,111932169,111932100,69
ENSG00000239221,16192151,16191832,319
ENSG00000259961,13516270,13513220,3050
ENSG00000158796,161132688,161120974,11714
ENSG00000278466,1116069,1086525,29544
ENSG00000130561,233347055,233307816,39239
ENSG00000198860,184123978,184051651,72327
ENSG00000117335,207795513,207752057,43456
ENSG00000204478,13421328,13410450,10878
ENSG00000185155,226227054,226223618,3436
ENSG00000234219,207763263,207762584,679
ENSG00000223570,226189221,226188870,351
ENSG00000158793,161125445,161118086,7359
ENSG00000084072,39763914,39692182,71732
ENSG00000182827,226186741,226144679,42062
ENSG00000234478,226155071,226148003,7068
ENSG00000225518,226090292,226083639,6653
ENSG00000270598,226127346,226127178,168
ENSG00000198756,184037729,183929854,107875
ENSG00000173627,183653316,183646275,7041
ENSG00000280323,219429319,219427477,1842
ENSG00000196155,67289499,67277510,11989
ENSG00000111647,100142874,100028455,114419
ENSG00000234638,219426184,219425071,1113
ENSG00000131791,147172550,147155106,17444
ENSG00000280088,100034074,100032325,1749
ENSG00000204399,127931440,127931327,113
ENSG00000272667,127887185,127886556,629
ENSG00000283342,147124285,147099482,24803
ENSG00000286172,147084756,147084616,140
ENSG00000230832,147083578,147082338,1240
ENSG00000224899,125153611,125151326,2285
ENSG00000234071,125345377,125344969,408
ENSG00000213291,125300878,125300504,374
ENSG00000205898,125160547,125159974,573
ENSG00000101310,18561415,18507482,53933
ENSG00000162755,161100346,161098361,1985
ENSG00000186676,125035301,125033453,1848
ENSG00000219445,125264291,125229579,34712
ENSG00000284770,235452443,235367360,85083
ENSG00000172954,30644225,30447226,196999
ENSG00000143217,161089558,161070998,18560
ENSG00000224897,125482966,124929873,553093
ENSG00000228917,161087571,161084465,3106
ENSG00000227847,125346197,125345825,372
ENSG00000090615,132829078,132768914,60164
ENSG00000258670,60554916,60515119,39797
ENSG00000175084,219426739,219418377,8362
ENSG00000255703,132900368,132899984,384
ENSG00000175087,26125555,26111165,14390
ENSG00000224323,186489083,186488624,459
ENSG00000250790,132914732,132911470,3262
ENSG00000108423,59892945,59859479,33466
ENSG00000196458,132956306,132918306,38000
ENSG00000179008,60515543,60396469,119074
ENSG00000236617,132888583,132887842,741
ENSG00000143344,183928531,183636085,292446
ENSG00000258764,60544654,60544400,254
ENSG00000270264,59885552,59885015,537
ENSG00000227554,183754937,183754418,519
ENSG00000270994,183710240,183709305,935
ENSG00000184302,60512850,60508951,3899
ENSG00000258692,60496885,60493766,3119
ENSG00000258427,60398281,60397757,524
ENSG00000176383,122208952,122203681,5271
ENSG00000065548,186509361,186486253,23108
ENSG00000259169,60400013,60398934,1079
ENSG00000152904,235344532,235327350,17182
ENSG00000227692,186365128,186364598,530
ENSG00000227946,206086564,206084605,1959
ENSG00000259915,186356773,186354570,2203
ENSG00000204479,13392629,13389632,2997
ENSG00000225610,206000858,205989585,11273
ENSG00000232568,186261919,186261419,500
ENSG00000237041,206040845,206040432,413
ENSG00000226410,186163245,186162949,296
ENSG00000204480,13371900,13369067,2833
ENSG00000233429,27100265,27095647,4618
ENSG00000128513,124929983,124822386,107597
ENSG00000285053,235448952,235328570,120382
ENSG00000114933,206086303,205993721,92582
ENSG00000265354,46003742,45972489,31253
ENSG00000215102,83749939,83748825,1114
ENSG00000105991,27095996,27092993,3003
ENSG00000285177,235367366,235366353,1013
ENSG00000236870,83560312,83559896,416
ENSG00000281524,1067399,1061530,5869
ENSG00000230026,235362540,235361153,1387
ENSG00000227962,235337087,235336806,281
ENSG00000139719,122266521,122229564,36957
ENSG00000236863,235296335,235295865,470
ENSG00000229795,235433231,235432985,246
ENSG00000117523,171593511,171485551,107960
ENSG00000196767,83512127,83508261,3866
ENSG00000256861,122266423,122207779,58644
ENSG00000213739,205950145,205949091,1054
ENSG00000279437,83509214,83506023,3191
ENSG00000256560,109359488,109354083,5405
ENSG00000258556,60323907,60323236,671
ENSG00000280154,30408346,30408170,176
ENSG00000255655,109447497,109445410,2087
ENSG00000213786,27048628,27048169,459
ENSG00000284934,122227534,122207662,19872
ENSG00000235997,30352431,30346659,5772
ENSG00000214869,27024907,27023737,1170
ENSG00000232735,82999236,82998699,537
ENSG00000236365,82875885,82875649,236
ENSG00000116983,39691485,39678648,12837
ENSG00000279148,100027540,100026248,1292
ENSG00000162885,235504452,235447190,57262
ENSG00000214203,100009838,100009052,786
ENSG00000186517,161069970,161046946,23024
ENSG00000110906,109477359,109448655,28704
ENSG00000070770,58198106,58157907,40199
ENSG00000139636,49110900,49096551,14349
ENSG00000260927,58159133,58129529,29604
ENSG00000260867,58217805,58197112,20693
ENSG00000237877,186083233,186032891,50342
ENSG00000174527,109455523,109347903,107620
ENSG00000144233,127885922,127861630,24292
ENSG00000224019,185957063,185956587,476
ENSG00000227242,147056593,147019656,36937
ENSG00000225603,147052481,147050817,1664
ENSG00000077274,111270483,111245099,25384
ENSG00000234225,147003618,147001931,1687
ENSG00000284830,111755537,111745299,10238
ENSG00000213653,82506812,82506434,378
ENSG00000144231,127858155,127843553,14602
ENSG00000244563,127847084,127846736,348
ENSG00000275356,124790810,124777292,13518
ENSG00000274010,127841763,127840606,1157
ENSG00000162704,183635783,183620846,14937
ENSG00000072609,132956304,132822187,134117
ENSG00000213420,100177381,100169606,7775
ENSG00000148688,90908553,90871716,36837
ENSG00000116473,111716691,111542218,174473
ENSG00000278949,132867958,132865855,2103
ENSG00000232888,132826184,132825701,483
ENSG00000282608,111503760,111499429,4331
ENSG00000184047,122227456,122207663,19793
ENSG00000139445,109309284,109277978,31306
ENSG00000197093,100168617,100159244,9373
ENSG00000215867,111649544,111648291,1253
ENSG00000121933,111563962,111483348,80614
ENSG00000197852,111755824,111680630,75194
ENSG00000054267,235328219,235131634,196585
ENSG00000112531,163578592,163414000,164592
ENSG00000168439,64204543,64185272,19271
ENSG00000228041,82497924,82497669,255
ENSG00000188739,235161283,235131183,30100
ENSG00000169689,82024107,82018702,5405
ENSG00000231346,111608723,111599655,9068
ENSG00000064703,111768000,111755245,12755
ENSG00000213337,96858016,96836611,21405
ENSG00000227811,111747798,111739841,7957
ENSG00000158022,26068436,26051304,17132
ENSG00000158773,161045977,161039251,6726
ENSG00000226747,185740479,185719874,20605
ENSG00000169683,82031151,82023305,7846
ENSG00000168763,96835382,96816245,19137
ENSG00000158113,122203471,122167738,35733
ENSG00000204671,122174199,122172030,2169
ENSG00000272562,226061876,226060712,1164
ENSG00000188738,185833290,185738804,94486
ENSG00000231646,185800151,185783691,16460
ENSG00000146416,143340304,143060496,279808
ENSG00000173227,67050863,67006778,44085
ENSG00000234349,111231061,111229889,1172
ENSG00000225752,143099645,143094034,5611
ENSG00000217495,143299554,143298770,784
ENSG00000216642,143327655,143327275,380
ENSG00000263586,74975728,74970704,5024
ENSG00000163041,226072007,226061851,10156
ENSG00000213626,30323730,30231534,92196
ENSG00000225406,185547818,185547135,683
ENSG00000163126,96857934,96824526,33408
ENSG00000237824,184902562,184902111,451
ENSG00000116981,39672038,39659121,12917
ENSG00000237700,13308907,13303539,5368
ENSG00000170396,184939492,184598529,340963
ENSG00000283839,184599008,184593577,5431
ENSG00000231712,30210307,30209995,312
ENSG00000255409,77739568,77738680,888
ENSG00000153201,108785809,108719482,66327
ENSG00000182330,13285174,13281035,4139
ENSG00000227376,77735026,77734475,551
ENSG00000234172,183949112,183904529,44583
ENSG00000286152,184187573,184049467,138106
ENSG00000204481,13347134,13342034,5100
ENSG00000177855,183608119,183607442,677
ENSG00000231219,13275627,13273539,2088
ENSG00000213120,183261046,183260642,404
ENSG00000272800,183215414,183182652,32762
ENSG00000228229,13324518,13324039,479
ENSG00000204501,13322598,13315581,7017
ENSG00000167861,74973166,74950742,22424
ENSG00000143110,111478512,111473792,4720
ENSG00000235644,108712900,108712262,638
ENSG00000251321,79877770,79827471,50299
ENSG00000233648,108694893,108694750,143
ENSG00000248408,79696837,79663761,33076
ENSG00000175727,122147344,122078756,68588
ENSG00000251399,79597173,79596542,631
ENSG00000284309,26049099,26046665,2434
ENSG00000048649,77821017,77659996,161021
ENSG00000249646,79588130,79587302,828
ENSG00000219529,77813676,77813319,357
ENSG00000254985,77718411,77717712,699
ENSG00000250334,79576460,79492416,84044
ENSG00000229525,219403633,219388496,15137
ENSG00000260545,58119353,58116885,2468
ENSG00000233446,81601306,81600072,1234
ENSG00000158014,26046133,26037252,8881
ENSG00000173237,66977004,66975277,1727
ENSG00000196475,79408293,79406352,1941
ENSG00000100614,60299087,60245752,53335
ENSG00000134853,54298245,54229280,68965
ENSG00000249341,53737156,53659208,77948
ENSG00000070761,58129381,58113592,15789
ENSG00000094914,53324864,53307457,17407
ENSG00000158008,26036464,26019884,16580
ENSG00000254718,60248765,60240121,8644
ENSG00000109220,54064605,54009789,54816
ENSG00000242135,60212912,60212462,450
ENSG00000225903,39633903,39633416,487
ENSG00000249307,79308798,78971745,337053
ENSG00000163909,39639643,39623435,16208
ENSG00000224523,81427276,81408938,18338
ENSG00000163002,183161680,183117513,44167
ENSG00000156269,79326050,79225694,100356
ENSG00000170775,124765627,124745997,19630
ENSG00000261151,58092947,58092053,894
ENSG00000258563,60180016,60179382,634
ENSG00000279419,124745017,124742312,2705
ENSG00000244371,146957659,146957117,542
ENSG00000182938,74949992,74935719,14273
ENSG00000072201,53701405,53459301,242104
ENSG00000224643,183108519,183083405,25114
ENSG00000229585,53987058,53986587,471
ENSG00000272650,53997712,53997415,297
ENSG00000180613,54102498,54099523,2975
ENSG00000183034,74933912,74924275,9637
ENSG00000249706,53916835,53899871,16964
ENSG00000162999,183100005,183078559,21446
ENSG00000242670,54221472,54221126,346
ENSG00000248494,53604047,53592956,11091
ENSG00000173966,53576387,53575713,674
ENSG00000166676,10818794,10760919,57875
ENSG00000182040,74923256,74916083,7173
ENSG00000250930,53549578,53496400,53178
ENSG00000250815,53928138,53927499,639
ENSG00000269506,54061210,54059597,1613
ENSG00000077264,111227361,110944285,283076
ENSG00000226112,111169403,111169221,182
ENSG00000215845,161038977,161037631,1346
ENSG00000279261,234760056,234757619,2437
ENSG00000145216,53460862,53377641,83221
ENSG00000282278,54295272,53377839,917433
ENSG00000169313,151384812,151337380,47432
ENSG00000230628,234696153,234669523,26630
ENSG00000232188,160934380,160931739,2641
ENSG00000239570,151270129,151269440,689
ENSG00000228044,234683176,234646289,36887
ENSG00000160789,156140089,156082573,57516
ENSG00000231768,234531779,234527891,3888
ENSG00000213787,26922912,26922110,802
ENSG00000179914,160885180,160876540,8640
ENSG00000059588,234479179,234391313,87866
ENSG00000268043,146996202,146938744,57458
ENSG00000148680,90858039,90740823,117216
ENSG00000270601,13263314,13254212,9102
ENSG00000259833,71093667,71080866,12801
ENSG00000277281,1048356,1019669,28687
ENSG00000116455,111449256,111439890,9366
ENSG00000179412,13165467,13164586,881
ENSG00000262158,10724617,10723836,781
ENSG00000233337,111438037,111437514,523
ENSG00000262322,10723068,10721698,1370
ENSG00000196961,49807113,49766968,40145
ENSG00000085465,111427777,111414314,13463
ENSG00000168275,234385068,234373456,11612
ENSG00000256139,109125594,109111218,14376
ENSG00000259798,71114000,71113352,648
ENSG00000135750,233672512,233614004,58508
ENSG00000158104,121863596,121839527,24069
ENSG00000213032,225964428,225964179,249
ENSG00000241345,124027659,123994622,33037
ENSG00000116698,183598246,183472216,126030
ENSG00000145348,106321495,106041599,279896
ENSG00000277406,146401647,146321214,80433
ENSG00000276509,146237807,146235806,2001
ENSG00000015153,42238349,42157104,81245
ENSG00000010818,142956698,142751469,205229
ENSG00000264343,146229026,146146203,82823
ENSG00000278302,1630868,1629984,884
ENSG00000232175,232918018,232917235,783
ENSG00000157064,183418380,183248237,170143
ENSG00000239428,171392790,171392229,561
ENSG00000286183,240194408,240189710,4698
ENSG00000227479,240256035,240227560,28475
ENSG00000172428,240136807,240126563,10244
ENSG00000188735,121783001,121712752,70249
ENSG00000213048,240110052,240109102,950
ENSG00000178586,240047027,240045077,1950
ENSG00000234476,225465347,225447243,18104
ENSG00000251579,130928276,130927754,522
ENSG00000058085,183244900,183186238,58662
ENSG00000283044,207416236,207401691,14545
ENSG00000214142,100140682,100139629,1053
ENSG00000117507,171161568,171137740,23828
ENSG00000139714,121672631,121648742,23889
ENSG00000169446,135974063,135962070,11993
ENSG00000267978,149587453,149581653,5800
ENSG00000261404,74296762,73943078,353684
ENSG00000275236,74291052,74289593,1459
ENSG00000261248,74287519,74282415,5104
ENSG00000260471,74221427,74220929,498
ENSG00000279420,74053965,74053365,600
ENSG00000162972,200008540,199955317,53223
ENSG00000279100,74151299,74150520,779
ENSG00000100612,60169856,60144119,25737
ENSG00000178074,199955935,199911293,44642
ENSG00000258896,60159324,60158976,348
ENSG00000114670,131350465,131026850,323615
ENSG00000284670,73941781,73940639,1142
ENSG00000110887,108901043,108858932,42111
ENSG00000260468,10528202,10514842,13360
ENSG00000139220,81759553,81257975,501578
ENSG00000274265,149251013,149176022,74991
ENSG00000135829,182887982,182839347,48635
ENSG00000225715,80710705,80709928,777
ENSG00000075945,170085208,169921326,163882
ENSG00000165288,80809688,80670854,138834
ENSG00000090382,69354234,69348341,5893
ENSG00000274979,69331882,69326574,5308
ENSG00000185842,225399292,224896262,503030
ENSG00000257818,69285485,69284397,1088
ENSG00000229435,159233377,159231435,1942
ENSG00000286008,132345352,132344477,875
ENSG00000279704,132352322,132351855,467
ENSG00000147145,78757094,78747709,9385
ENSG00000260742,181891663,181887851,3812
ENSG00000231777,131373650,131372294,1356
ENSG00000223595,123230741,123230120,621
ENSG00000271433,78699891,78699384,507
ENSG00000198022,135686151,135673591,12560
ENSG00000277486,135642756,135637623,5133
ENSG00000227275,131370301,131369785,516
ENSG00000242186,149057166,149056716,450
ENSG00000233396,146061948,146052566,9382
ENSG00000237319,109637063,109636834,229
ENSG00000162897,206970625,206957965,12660
ENSG00000229484,12528420,12527724,696
ENSG00000224539,135615431,135598927,16504
ENSG00000238285,203315871,203315390,481
ENSG00000229976,39813229,39785721,27508
ENSG00000286083,39663552,39655325,8227
ENSG00000237833,135585160,135583651,1509
ENSG00000081800,123199972,123113531,86441
ENSG00000108387,58540818,58520250,20568
ENSG00000233874,109570289,109568478,1811
ENSG00000279482,103162660,103161947,713
ENSG00000110583,63957319,63938959,18360
ENSG00000228507,171491931,171491422,509
ENSG00000162736,160358952,160343316,15636
ENSG00000230651,107826891,107823063,3828
ENSG00000169551,135171398,135156536,14862
ENSG00000185684,132131639,132084283,47356
ENSG00000244556,129030527,129028889,1638
ENSG00000261089,28415018,28413703,1315
ENSG00000229922,137972522,137945366,27156
ENSG00000260272,2520218,2496032,24186
ENSG00000259784,2527955,2513965,13990
ENSG00000179270,29074523,29060976,13547
ENSG00000162066,2531422,2520357,11065
ENSG00000260293,2482173,2476558,5615
ENSG00000130204,44903689,44890569,13120
ENSG00000189350,29061373,28956611,104762
ENSG00000135775,230693982,230642481,51501
ENSG00000176160,58488384,58420167,68217
ENSG00000232309,182128682,182127297,1385
ENSG00000258167,40443847,40395853,47994
ENSG00000224810,182069253,182062677,6576
ENSG00000255000,145048889,145047860,1029
ENSG00000179930,182061712,182054570,7142
ENSG00000178795,77301687,77216558,85129
ENSG00000235817,230612412,230612009,403
ENSG00000282564,230436822,230426491,10331
ENSG00000130766,28282491,28259518,22973
ENSG00000279484,238155994,238152889,3105
ENSG00000237840,45727231,45706431,20800
ENSG00000177614,230426332,230314490,111842
ENSG00000075035,108250537,108129288,121249
ENSG00000188153,108697545,108439844,257701
ENSG00000188993,52017620,51993702,23918
ENSG00000198734,169586588,169514166,72422
ENSG00000272880,181813261,181812705,556
ENSG00000204196,203191277,203190780,497
ENSG00000243929,51978372,51978079,293
ENSG00000228513,203062403,203061314,1089
ENSG00000144488,238133287,238100340,32947
ENSG00000227006,230268483,230258694,9789
ENSG00000110090,68844410,68754620,89790
ENSG00000278091,20957113,20929638,27475
ENSG00000225215,107404589,107403404,1185
ENSG00000280428,20785152,20784596,556
ENSG00000232628,224213279,224208747,4532
ENSG00000228058,230007162,230002730,4432
ENSG00000227043,229892008,229812917,79091
ENSG00000275923,55505215,55504906,309
ENSG00000120055,102451543,102449837,1706
ENSG00000117479,169485944,169463909,22035
ENSG00000225984,229705861,229705234,627
ENSG00000280030,20755250,20746923,8327
ENSG00000271787,10054866,10054421,445
ENSG00000135763,229660200,229626247,33953
ENSG00000235166,55482777,55408898,73879
ENSG00000144426,203226378,203014879,211499
ENSG00000272989,197506986,197505262,1724
ENSG00000237167,197467105,197458405,8700
ENSG00000104881,45406349,45379638,26711
ENSG00000257129,107912620,107910403,2217
ENSG00000256955,131864538,131857420,7118
ENSG00000229912,197456654,197450327,6327
ENSG00000235126,197458323,197445061,13262
ENSG00000118503,137883312,137867214,16098
ENSG00000229930,224035056,224030704,4352
ENSG00000110851,107761272,107732871,28401
ENSG00000130770,28246906,28236109,10797
ENSG00000107874,102432584,102423245,9339
ENSG00000231929,134962305,134961711,594
ENSG00000230316,122310077,122303658,6419
ENSG00000260077,10040663,10039092,1571
ENSG00000260476,10022825,10021578,1247
ENSG00000188525,10006030,10003158,2872
ENSG00000261098,107316271,107312132,4139
ENSG00000267801,75879546,75876372,3174
ENSG00000271601,145958017,145933423,24594
ENSG00000258655,32076793,32074946,1847
ENSG00000245017,98503855,98485544,18311
ENSG00000198598,131851783,131828393,23390
ENSG00000275321,20696533,20674923,21610
ENSG00000101134,54651171,54475597,175574
ENSG00000227825,98457145,98453835,3310
ENSG00000131779,145918717,145911350,7367
ENSG00000198156,28363508,28342555,20953
ENSG00000143632,229434098,229431245,2853
ENSG00000255353,107177530,107176286,1244
ENSG00000276099,54700905,54698377,2528
ENSG00000277191,28341543,28341437,106
ENSG00000272645,223992594,223951394,41200
ENSG00000174243,48852842,48829756,23086
ENSG00000121851,145978848,145964690,14158
ENSG00000274120,54713453,54707916,5537
ENSG00000230331,229425650,229425020,630
ENSG00000012061,45478828,45407333,71495
ENSG00000280778,145977811,145927258,50553
ENSG00000233771,223950416,223947605,2811
ENSG00000115541,197503449,197500140,3309
ENSG00000188460,223864851,223863726,1125
ENSG00000188322,28323849,28292525,31324
ENSG00000227621,223857387,223856579,808
ENSG00000258984,238099412,237967014,132398
ENSG00000211451,145925341,145919013,6328
ENSG00000183454,10182754,9753404,429350
ENSG00000100852,32159728,32076114,83614
ENSG00000230257,102988856,102973430,15426
ENSG00000226681,181425749,181422154,3595
ENSG00000272031,145964575,145959441,5134
ENSG00000283221,9805571,9794637,10934
ENSG00000285608,32158008,32149176,8832
ENSG00000258386,32018685,32006902,11783
ENSG00000276425,54752501,54738476,14025
ENSG00000123600,171434802,171317405,117397
ENSG00000275172,54736504,54724485,12019
ENSG00000201078,37055347,37055033,314
ENSG00000206881,17619634,17619533,101
ENSG00000206864,105676177,105676071,106
ENSG00000212316,75198177,75198071,106
ENSG00000274078,54195141,54190866,4275
ENSG00000221400,43417438,43417249,189
ENSG00000200949,25229048,25228967,81
ENSG00000200799,108392177,108392073,104
ENSG00000207011,30059147,30059052,95
ENSG00000239128,47250626,47250523,103
ENSG00000207454,101270041,101269938,103
ENSG00000200225,20415098,20414987,111
ENSG00000274079,96496462,96496180,282
ENSG00000281159,130929883,130929762,121
ENSG00000238344,20326526,20326450,76
ENSG00000201201,67321987,67321658,329
ENSG00000275568,32720246,32695437,24809
ENSG00000221725,70852814,70852698,116
ENSG00000280554,66502089,66502019,70
ENSG00000252532,43458129,43458065,64
ENSG00000206717,34821542,34821445,97
ENSG00000283200,128008956,128008898,58
ENSG00000266502,74548617,74548543,74
ENSG00000266509,33698234,33698128,106
ENSG00000212333,114220786,114220681,105
ENSG00000277629,54946235,54939296,6939
ENSG00000265470,185767904,185767847,57
ENSG00000274953,54063953,54040833,23120
ENSG00000222225,153102,152999,103
ENSG00000265510,88812454,88812370,84
ENSG00000207951,188297588,188297492,96
ENSG00000284129,2235926,2235829,97
ENSG00000222356,111996739,111996635,104
ENSG00000162494,13514003,13474973,39030
ENSG00000144355,172089677,172084740,4937
ENSG00000116985,39788865,39757182,31683
ENSG00000115844,172102900,172099438,3462
ENSG00000225333,39718595,39718028,567
ENSG00000257696,100144671,100143058,1613
ENSG00000198754,39771348,39769523,1825
ENSG00000266412,46030714,46005088,25626
ENSG00000285905,39781418,39779969,1449
ENSG00000198812,69611162,69608564,2598
ENSG00000168676,67326760,67289428,37332
ENSG00000262488,10841544,10840384,1160
ENSG00000236651,172109982,172103006,6976
ENSG00000143256,161118055,161100556,17499
ENSG00000232555,172323737,172315287,8450
ENSG00000278924,172424173,172423807,366
ENSG00000257609,81869046,81868368,678
ENSG00000231791,184332826,184329071,3755
ENSG00000257747,81993133,81953719,39414
ENSG00000271387,184386704,184385753,951
ENSG00000258193,81998962,81998632,330
ENSG00000279551,69661429,69660034,1395
ENSG00000116667,184629019,184387029,241990
ENSG00000127325,69699476,69643360,56116
ENSG00000183814,226309869,226231149,78720
ENSG00000232036,184567835,184566511,1324
ENSG00000230470,184412360,184408337,4023
ENSG00000285847,184664303,184635654,28649
ENSG00000163006,108885477,108786757,98720
ENSG00000166153,100267079,100203669,63410
ENSG00000274943,42361703,42361267,436
ENSG00000139168,42326118,42312086,14032
ENSG00000238105,100173659,100156357,17302
ENSG00000023228,206159509,206114817,44692
ENSG00000182108,10942468,10928891,13577
ENSG00000075089,100241865,100199122,42743
ENSG00000144369,186765959,186694060,71899
ENSG00000262151,10888752,10864914,23838
ENSG00000272480,147482628,147482238,390
ENSG00000213226,147320224,147319110,1114
ENSG00000280153,10936280,10933903,2377
ENSG00000227470,108878460,108878308,152
ENSG00000139174,42590355,42456757,133598
ENSG00000179583,10943021,10866222,76799
ENSG00000227227,186695287,186641339,53948
ENSG00000138448,186680901,186590056,90845
ENSG00000077279,111412429,111293779,118650
ENSG00000131778,147295765,147242654,53111
ENSG00000197245,26163962,26159079,4883
ENSG00000257489,100199783,100173196,26587
ENSG00000173156,67072017,67056847,15170
ENSG00000034971,171652688,171635417,17271
ENSG00000283683,171638799,171600621,38178
ENSG00000138279,73414076,73375101,38975
ENSG00000233328,171670939,171670517,422
ENSG00000230364,171684438,171683128,1310
ENSG00000117533,171742074,171700160,41914
ENSG00000247131,69738568,69713633,24935
ENSG00000130294,240821036,240713761,107275
ENSG00000196189,156177752,156147366,30386
ENSG00000232261,171752025,171751543,482
ENSG00000271459,171756323,171755803,520
ENSG00000236741,171762524,171762074,450
ENSG00000163535,200584096,200510008,74088
ENSG00000233144,73383496,73381433,2063
ENSG00000282872,26168581,26164161,4420
ENSG00000109089,75005800,74987632,18168
ENSG00000155729,200519784,200488958,30826
ENSG00000257875,82468948,82468456,492
ENSG00000127720,82479239,82358528,120711
ENSG00000236782,26171831,26169516,2315
ENSG00000254691,77851511,77850604,907
ENSG00000255449,77870091,77866412,3679
ENSG00000255115,77915275,77914990,285
ENSG00000087884,77918432,77821109,97323
ENSG00000142684,26170873,26169908,965
ENSG00000242810,151476174,151475804,370
ENSG00000242119,151499806,151499639,167
ENSG00000215909,13555694,13555001,693
ENSG00000241151,151657966,151637174,20792
ENSG00000217648,143343383,143342246,1137
ENSG00000270655,143387409,143386581,828
ENSG00000133773,82358805,82223681,135124
ENSG00000258068,42490019,42485353,4666
ENSG00000010165,171814023,171781660,32363
ENSG00000257225,42466128,42459366,6762
ENSG00000167862,75021261,75012670,8591
ENSG00000263639,46046269,46033307,12962
ENSG00000189007,143450695,143422832,27863
ENSG00000241782,77869195,77868722,473
ENSG00000134283,42459715,42238447,221268
ENSG00000149262,77994671,77878720,115951
ENSG00000143222,161158856,161152776,6080
ENSG00000218896,143436710,143436216,494
ENSG00000280012,46063715,46063250,465
ENSG00000224985,161159349,161153760,5589
ENSG00000250271,151808249,151797047,11202
ENSG00000258170,82497560,82481118,16442
ENSG00000259793,233353416,233351132,2284
ENSG00000242908,151928175,151751443,176732
ENSG00000236994,226318693,226318015,678
ENSG00000257837,82506188,82505211,977
ENSG00000264204,46131358,46109621,21737
ENSG00000257431,82515817,82512677,3140
ENSG00000197953,151761339,151733916,27423
ENSG00000275406,226333655,226331999,1656
ENSG00000286043,82686632,82673070,13562
ENSG00000240602,151784894,151770428,14466
ENSG00000272877,13501,12310,1191
ENSG00000163012,186849208,186827835,21373
ENSG00000198829,151884619,151873643,10976
ENSG00000114771,151828488,151814073,14415
ENSG00000213060,171803939,171803517,422
ENSG00000242097,151762011,151759747,2264
ENSG00000224600,171824959,171824610,349
ENSG00000229659,73422696,73422259,437
ENSG00000254459,77872262,77829654,42608
ENSG00000235102,41331660,41331123,537
ENSG00000166343,73433561,73423579,9982
ENSG00000105996,27102686,27100354,2332
ENSG00000136021,100341724,100267140,74584
ENSG00000077044,233472104,233354507,117597
ENSG00000224063,187554663,187003220,551443
ENSG00000226553,187003377,187001876,1501
ENSG00000106006,27150603,27145396,5207
ENSG00000003436,187565760,187464230,101530
ENSG00000253552,27134302,27107777,26525
ENSG00000258973,24337382,24332310,5072
ENSG00000129465,24340022,24336025,3997
ENSG00000106004,27143681,27141052,2629
ENSG00000138356,200677064,200586014,91050
ENSG00000273433,27152561,27128969,23592
ENSG00000105997,27152581,27106184,46397
ENSG00000129467,24335093,24318349,16744
ENSG00000197576,27130799,27128507,2292
ENSG00000272801,27152598,27147366,5232
ENSG00000122592,27157936,27153716,4220
ENSG00000254369,27155928,27129977,25951
ENSG00000064989,187448460,187341964,106496
ENSG00000250298,106368825,106357485,11340
ENSG00000249613,106453448,106433624,19824
ENSG00000237188,147295734,147172755,122979
ENSG00000213522,107203924,107203349,575
ENSG00000236806,147224348,147223554,794
ENSG00000286147,106938640,106525401,413239
ENSG00000180867,147179622,147172744,6878
ENSG00000251081,107301870,107258700,43170
ENSG00000155011,107283806,106921802,362004
ENSG00000226653,147419900,147419053,847
ENSG00000272443,147446133,147445579,554
ENSG00000226015,147204932,147203276,1656
ENSG00000278811,147517875,147258885,258990
ENSG00000237580,206116500,206116110,390
ENSG00000231955,206122323,206115547,6776
ENSG00000131781,147243050,147175351,67699
ENSG00000143799,226408093,226360691,47402
ENSG00000248915,106837601,106836498,1103
ENSG00000160785,156212796,156193932,18864
ENSG00000231739,187415818,187415552,266
ENSG00000116406,184754907,184690237,64670
ENSG00000132793,41360582,41340920,19662
ENSG00000143258,161165723,161159450,6273
ENSG00000163297,80125454,79901146,224308
ENSG00000183798,41366818,41359962,6856
ENSG00000256563,132972890,132972338,552
ENSG00000270287,226412135,226411615,520
ENSG00000257376,42433357,42431665,1692
ENSG00000136715,128028120,127941217,86903
ENSG00000160781,156248117,156243320,4797
ENSG00000257674,42288560,42286911,1649
ENSG00000135842,184974508,184790724,183784
ENSG00000183035,83886699,83861126,25573
ENSG00000180999,172468831,172420685,48146
ENSG00000179104,83134870,82686880,447990
ENSG00000260976,185008683,185001527,7156
ENSG00000121481,185102603,185045526,57077
ENSG00000135845,172444086,172370189,73897
ENSG00000213270,83152190,83151331,859
ENSG00000233540,171864687,171864187,500
ENSG00000230630,172144840,172138397,6443
ENSG00000258338,83172740,83171590,1150
ENSG00000257124,83661719,83661009,710
ENSG00000285191,84154338,84147304,7034
ENSG00000257729,84294562,84154434,140128
ENSG00000258358,84449878,84448625,1253
ENSG00000257296,84672026,84671598,428
ENSG00000232792,185072035,185071567,468
ENSG00000197959,172418466,171841498,576968
ENSG00000072133,84188199,84058346,129853
ENSG00000072041,84913615,84859491,54124
ENSG00000170374,53345315,53326575,18740
ENSG00000151148,109536705,109477402,59303
ENSG00000185591,53416446,53380176,36270
ENSG00000260238,156243332,156212982,30350
ENSG00000160783,156240042,156212993,27049
ENSG00000197462,125933832,125917871,15961
ENSG00000241921,126424185,126378970,45215
ENSG00000234044,128067407,128067194,213
ENSG00000103021,58283836,58231157,52679
ENSG00000135409,53431672,53423855,7817
ENSG00000242252,156243317,156242184,1133
ENSG00000103023,58295047,58279997,15050
ENSG00000158850,161177968,161171310,6658
ENSG00000179520,100422059,100357079,64980
ENSG00000224613,103525483,103418079,107404
ENSG00000230759,103425465,103414879,10586
ENSG00000236530,80081122,80079532,1590
ENSG00000143224,161178013,161166056,11957
ENSG00000167863,75046985,75038863,8122
ENSG00000165259,84502479,84317874,184605
ENSG00000152256,172608669,172555373,53296
ENSG00000180901,75065889,75032575,33314
ENSG00000022267,136211359,136146702,64657
ENSG00000270993,75060620,75060491,129
ENSG00000233484,84404024,84403898,126
ENSG00000082153,200827338,200810594,16744
ENSG00000173120,67258082,67119263,138819
ENSG00000225205,172556596,172480840,75756
ENSG00000168758,96870757,96859718,11039
ENSG00000091409,172506459,172427354,79105
ENSG00000284084,200748040,200695723,52317
ENSG00000258073,84939668,84939524,144
ENSG00000244301,200734109,200678233,55876
ENSG00000237166,200735177,200712305,22872
ENSG00000243478,200794239,200738608,55631
ENSG00000240038,103579534,103553815,25719
ENSG00000230408,200812170,200780495,31675
ENSG00000271177,100525420,100525186,234
ENSG00000213115,188228382,188227189,1193
ENSG00000012504,100564414,100473708,90706
ENSG00000236085,103570674,103569553,1121
ENSG00000144366,188595931,188291669,304262
ENSG00000185946,103555239,103525691,29548
ENSG00000179038,67197167,67195569,1598
ENSG00000228692,163588165,163586583,1582
ENSG00000285858,163714306,163705937,8369
ENSG00000235538,163759841,163703904,55937
ENSG00000232788,172466022,172464262,1760
ENSG00000226963,172428603,172427774,829
ENSG00000232136,18643634,18642782,852
ENSG00000232388,18569563,18567347,2216
ENSG00000125821,18766644,18587893,178751
ENSG00000237211,84756003,84755136,867
ENSG00000284776,18744216,18567453,176763
ENSG00000229547,84934890,84934151,739
ENSG00000233993,18698709,18674395,24314
ENSG00000260422,164085661,164084023,1638
ENSG00000230627,164109694,164108620,1074
ENSG00000226739,164348644,164346489,2155
ENSG00000227455,164831630,164827750,3880
ENSG00000239941,152151724,152118173,33551
ENSG00000217878,165117524,165117195,329
ENSG00000112539,165309605,165279664,29941
ENSG00000232724,75079549,75074306,5243
ENSG00000181938,58406144,58295080,111064
ENSG00000235616,187826449,187825341,1108
ENSG00000231689,188384313,187712816,671497
ENSG00000261078,58383798,58382989,809
ENSG00000276131,58392807,58392153,654
ENSG00000230781,84977829,84973217,4612
ENSG00000231738,85036277,85014311,21966
ENSG00000237139,73538391,73537803,588
ENSG00000166348,73625953,73497538,128415
ENSG00000133640,85264457,85036314,228143
ENSG00000180318,85301784,85280220,21564
ENSG00000114942,206162928,206159585,3343
ENSG00000221817,73520070,73495525,24545
ENSG00000180917,71289715,71281389,8326
ENSG00000107758,73496024,73436428,59596
ENSG00000158864,161214395,161197104,17291
ENSG00000227432,219516877,219482073,34804
ENSG00000268603,219498246,219497611,635
ENSG00000072182,219538772,219514170,24602
ENSG00000127328,69823204,69738681,84523
ENSG00000227249,126512879,126511135,1744
ENSG00000224070,206259918,206259628,290
ENSG00000183671,206218047,206175316,42731
ENSG00000179603,127253294,126438598,814696
ENSG00000144591,219506989,219498867,8122
ENSG00000158859,161199054,161184302,14752
ENSG00000279220,206265326,206203376,61950
ENSG00000258815,85342912,85318060,24852
ENSG00000257855,85568239,85567878,361
ENSG00000159186,206236871,206236236,635
ENSG00000258206,85782444,85781892,552
ENSG00000244002,80162011,80161129,882
ENSG00000198774,85836409,85800703,35706
ENSG00000121486,185157072,185118101,38971
ENSG00000133636,85882992,85874295,8697
ENSG00000248719,80190169,80183280,6889
ENSG00000152784,80204329,80183879,20450
ENSG00000230820,126981778,126980967,811
ENSG00000224981,126870532,126868767,1765
ENSG00000236340,127229921,127215127,14794
ENSG00000261260,71302869,71301583,1286
ENSG00000257897,86016441,86015697,744
ENSG00000204186,206314427,206274663,39764
ENSG00000233324,18783690,18782424,1266
ENSG00000258185,86838998,86599578,239420
ENSG00000258178,85960946,85958686,2260
ENSG00000179935,18794335,18786065,8270
ENSG00000182050,86838904,85955666,883238
ENSG00000180105,206410909,206410087,822
ENSG00000234491,206420238,206419292,946
ENSG00000139354,100628288,100573683,54605
ENSG00000170190,75106162,75087727,18435
ENSG00000238236,235520685,235519971,714
ENSG00000235638,235538041,235537520,521
ENSG00000231199,235539845,235538052,1793
ENSG00000223523,188839445,188598791,240654
ENSG00000226663,235541415,235540053,1362
ENSG00000174325,188790104,188733738,56366
ENSG00000231582,235541706,235541412,294
ENSG00000257803,100580197,100578744,1453
ENSG00000232714,235542097,235541759,338
ENSG00000280049,87042423,87041916,507
ENSG00000233583,185264356,185262286,2070
ENSG00000235761,235542390,235542159,231
ENSG00000242850,87170429,87169985,444
ENSG00000231084,185171710,185171335,375
ENSG00000258205,87746683,87746567,116
ENSG00000116668,185291781,185157080,134701
ENSG00000257648,87750313,87750142,171
ENSG00000230355,66881222,66881087,135
ENSG00000258173,87753447,87753414,33
ENSG00000230525,66971462,66904436,67026
ENSG00000258128,87784568,87782163,2405
ENSG00000172482,240880502,240868824,11678
ENSG00000232688,66922457,66921510,947
ENSG00000257912,87802028,87795733,6295
ENSG00000257940,87817831,87816486,1345
ENSG00000214725,29868053,29863593,4460
ENSG00000273148,18796067,18794529,1538
ENSG00000158869,161220699,161215234,5465
ENSG00000239521,100272232,100200653,71579
ENSG00000223859,67041966,67040546,1420
ENSG00000238061,185281816,185280844,972
ENSG00000258179,87820918,87820654,264
ENSG00000213051,185227700,185226808,892
ENSG00000240721,87950819,87944885,5934
ENSG00000279838,185294372,185292384,1988
ENSG00000094975,172611833,172532349,79484
ENSG00000130988,47093314,47078355,14959
ENSG00000168243,235650754,235547685,103069
ENSG00000111596,70354993,70242994,111999
ENSG00000227236,235616397,235614674,1723
ENSG00000286143,219498244,219491867,6377
ENSG00000114948,206621127,206443532,177595
ENSG00000270710,235566937,235565761,1176
ENSG00000072195,219493629,219434843,58786
ENSG00000172478,240896889,240886048,10841
ENSG00000205352,53446645,53441678,4967
ENSG00000284600,1811526,1795525,16001
ENSG00000168542,189012746,188974320,38426
ENSG00000232057,1828667,1824412,4255
ENSG00000223991,240986072,240981515,4557
ENSG00000143971,67412089,67397319,14770
ENSG00000228577,206609812,206606497,3315
ENSG00000226321,240993311,240906330,86981
ENSG00000233392,240967451,240954617,12834
ENSG00000186487,2331664,1789113,542551
ENSG00000236780,67397980,67123357,274623
ENSG00000236605,67325304,67324627,677
ENSG00000235885,67311439,67086446,224993
ENSG00000213413,100221490,100218241,3249
ENSG00000139625,53500063,53479669,20394
ENSG00000066923,100221488,100177563,43925
ENSG00000257379,53467528,53441741,25787
ENSG00000286095,219498287,219496125,2162
ENSG00000233203,54888850,54887563,1287
ENSG00000158874,161223631,161222292,1339
ENSG00000116133,54887195,54849627,37568
ENSG00000139428,109573580,109553715,19865
ENSG00000203709,207879096,207801518,77578
ENSG00000197111,53481162,53452102,29060
ENSG00000143669,235883640,235661041,222599
ENSG00000285719,207917088,207909992,7096
ENSG00000151572,101128641,100717526,411115
ENSG00000174059,207911402,207880972,30430
ENSG00000242396,54888001,54886875,1126
ENSG00000284237,207969329,207959292,10037
ENSG00000232139,118365103,118357108,7995
ENSG00000110921,109598125,109573255,24870
ENSG00000076356,208244384,208022242,222142
ENSG00000258007,101039094,101038420,674
ENSG00000258033,101069232,101066734,2498
ENSG00000257325,100859262,100852331,6931
ENSG00000117560,172666876,172659103,7773
ENSG00000229785,172749502,172748560,942
ENSG00000235674,235738989,235738005,984
ENSG00000279061,172752924,172752586,338
ENSG00000229463,235840182,235839483,699
ENSG00000237845,235943805,235942553,1252
ENSG00000229291,235971825,235957879,13946
ENSG00000224000,172907684,172906900,784
ENSG00000224228,173064015,172775905,288110
ENSG00000120337,173050963,173039960,11003
ENSG00000227177,172886258,172885947,311
ENSG00000230849,173142350,173141100,1250
ENSG00000226375,173175503,173174300,1203
ENSG00000226843,208255376,208255290,86
ENSG00000286198,208270667,208266059,4608
ENSG00000261453,208612192,208607100,5092
ENSG00000117586,173207331,173183731,23600
ENSG00000259815,208628085,208626741,1344
ENSG00000227887,208697698,208697369,329
ENSG00000232812,208733184,208728688,4496
ENSG00000236950,208975307,208972454,2853
ENSG00000258052,69855363,69801669,53694
ENSG00000278684,209001476,209001338,138
ENSG00000257613,70221862,70219132,2730
ENSG00000232537,209155101,209147267,7834
ENSG00000256870,101210407,101155493,54914
ENSG00000166268,69959097,69825304,133793
ENSG00000228081,209173375,209173014,361
ENSG00000224540,209233419,209232196,1223
ENSG00000225712,209268223,209267798,425
ENSG00000232751,173352004,173351689,315
ENSG00000227940,209328532,209325456,3076
ENSG00000116679,185317273,185296388,20885
ENSG00000231615,173363733,173362397,1336
ENSG00000241744,101228876,101228141,735
ENSG00000203739,173461362,173417793,43569
ENSG00000224346,200845461,200844240,1221
ENSG00000257139,70202004,70180338,21666
ENSG00000257241,69947081,69946543,538
ENSG00000257815,70243360,69904033,339327
ENSG00000117592,173488815,173477330,11485
ENSG00000165805,88034037,87980035,54002
ENSG00000279530,70324274,70321542,2732
ENSG00000162804,241095568,240998618,96950
ENSG00000282977,53465057,53464468,589
ENSG00000198952,156282825,156249224,33601
ENSG00000231653,206641282,206640073,1209
ENSG00000198707,88142088,88049014,93074
ENSG00000235118,206649011,206642412,6599
ENSG00000270403,117668858,117668483,375
ENSG00000120800,101386618,101280105,106513
ENSG00000137731,117828698,117800844,27854
ENSG00000232125,206718396,206651621,66775
ENSG00000136731,128195677,128091200,104477
ENSG00000213083,206687362,206686517,845
ENSG00000273004,185318530,185317779,751
ENSG00000214760,122365632,122364782,850
ENSG00000257097,122400857,122395542,5315
ENSG00000261024,185335039,185321157,13882
ENSG00000270920,185436047,185435839,208
ENSG00000279401,185520986,185518651,2335
ENSG00000130779,122422632,122271432,151200
ENSG00000163472,156293185,156282935,10250
ENSG00000177103,117817525,117427773,389752
ENSG00000198715,156295689,156290089,5600
ENSG00000118246,206796189,206765357,30832
ENSG00000183831,173669862,173609561,60301
ENSG00000238272,173612772,173555251,57521
ENSG00000232113,173637130,173635338,1792
ENSG00000285777,173669837,173596060,73777
ENSG00000276391,85210649,85207187,3462
ENSG00000229996,241010744,241010045,699
ENSG00000162753,173603072,173500460,102612
ENSG00000225521,241064116,241015599,48517
ENSG00000184788,85243961,85092287,151674
ENSG00000229173,128140516,128139792,724
ENSG00000122085,241102332,241072169,30163
ENSG00000232101,128151304,128151154,150
ENSG00000230104,172674898,172674212,686
ENSG00000138400,206765328,206737763,27565
ENSG00000172137,71390436,71358713,31723
ENSG00000283446,85156444,85143427,13017
ENSG00000155008,85093316,85003877,89439
ENSG00000257752,88058578,88057876,702
ENSG00000133641,88050160,88033846,16314
ENSG00000235461,85219698,85210706,8992
ENSG00000260186,58462470,58421326,41144
ENSG00000236105,127296203,127295620,583
ENSG00000228309,185628527,185558372,70155
ENSG00000262120,71421518,71420483,1035
ENSG00000261348,71426464,71410440,16024
ENSG00000261729,185657168,185655002,2166
ENSG00000168754,96986580,96875882,110698
ENSG00000116962,236065109,235975830,89279
ENSG00000254844,117821992,117818443,3549
ENSG00000279586,117612017,117611101,916
ENSG00000255245,117876667,117820163,56504
ENSG00000143341,186190949,185734391,456558
ENSG00000232292,172894383,172893763,620
ENSG00000137726,117877486,117836976,40510
ENSG00000091428,173052893,172735274,317619
ENSG00000275094,97001593,97000436,1157
ENSG00000273634,97009104,97008368,736
ENSG00000248134,97018604,97018343,261
ENSG00000144188,97031636,97025981,5655
ENSG00000235371,236112370,236110061,2309
ENSG00000286142,236130410,236123667,6743
ENSG00000230343,97034706,97034442,264
ENSG00000224691,186177302,186176814,488
ENSG00000231648,209379690,209367662,12028
ENSG00000147180,85273362,85244032,29330
ENSG00000139438,109770507,109714228,56279
ENSG00000240344,200889303,200870907,18396
ENSG00000086619,236281985,236215555,66430
ENSG00000230937,209432838,209428820,4018
ENSG00000255650,109773508,109734166,39342
ENSG00000260171,206822294,206821190,1104
ENSG00000229321,206868289,206866795,1494
ENSG00000236847,97037549,97035461,2088
ENSG00000144410,206969474,206939554,29920
ENSG00000270748,97046891,97046588,303
ENSG00000224260,209567673,209528455,39218
ENSG00000271402,97051028,97050729,299
ENSG00000204670,97060415,97060128,287
ENSG00000077585,236221865,236142505,79360
ENSG00000008118,209613939,209583714,30225
ENSG00000118263,207167267,207074137,93130
ENSG00000243480,103625780,103616811,8969
ENSG00000237922,236286960,236285976,984
ENSG00000237892,207122044,207120884,1160
ENSG00000234902,207236066,207186717,49349
ENSG00000224342,207222790,207173634,49156
ENSG00000225916,207228308,207226949,1359
ENSG00000240440,207237875,207235299,2576
ENSG00000186197,236502915,236348257,154658
ENSG00000225619,2327110,2319232,7878
ENSG00000188383,97083249,97081098,2151
ENSG00000132631,18814392,18813726,666
ENSG00000244457,236484468,236483165,1303
ENSG00000149443,18830153,18809728,20425
ENSG00000268896,219547658,219547211,447
ENSG00000254528,117838942,117833719,5223
ENSG00000123989,219543809,219538948,4861
ENSG00000274863,19056796,19000709,56087
ENSG00000013441,200864744,200853009,11735
ENSG00000228016,172736206,172677141,59065
ENSG00000234309,118573620,118572871,749
ENSG00000144199,97094882,97083583,11299
ENSG00000158882,161230746,161225939,4807
ENSG00000188760,219550595,219543663,6932
ENSG00000189030,156299299,156298624,675
ENSG00000119973,118595648,118589997,5651
ENSG00000142675,26189884,26177484,12400
ENSG00000225064,207270690,207260445,10245
ENSG00000118260,207605988,207529737,76251
ENSG00000163467,156346995,156337314,9681
ENSG00000143257,161238302,161229666,8636
ENSG00000196878,209652425,209614870,37555
ENSG00000237763,103664554,103655290,9264
ENSG00000147123,47145504,47142216,3288
ENSG00000182872,47186813,47145221,41592
ENSG00000163468,156367873,156308968,58905
ENSG00000120805,101407772,101393116,14656
ENSG00000235861,241118943,241118725,218
ENSG00000115687,241150264,241106099,44165
ENSG00000033030,122501073,122471600,29473
ENSG00000223725,207529795,207239864,289931
ENSG00000144401,207625928,207580631,45297
ENSG00000124429,85379717,85277396,102321
ENSG00000076321,173786692,173714941,71751
ENSG00000234441,103668268,103668071,197
ENSG00000279791,97097433,97094935,2498
ENSG00000225591,173741928,173741674,254
ENSG00000223707,85850139,85849410,729
ENSG00000257543,101409060,101408372,688
ENSG00000229647,207245887,207239650,6237
ENSG00000276892,85851682,85851575,107
ENSG00000239413,101424691,101424441,250
ENSG00000166211,101486997,101475421,11576
ENSG00000125458,75131757,75130225,1532
ENSG00000117594,209734949,209686178,48771
ENSG00000188419,86047561,85861180,186381
ENSG00000227591,209724125,209661364,62761
ENSG00000237351,47158199,47156638,1561
ENSG00000123689,209676390,209675412,978
ENSG00000115685,241183652,241149576,34076
ENSG00000236136,209745214,209744373,841
ENSG00000275265,122501641,122501187,454
ENSG00000279035,75133043,75130883,2160
ENSG00000125449,75130272,75109952,20320
ENSG00000116690,186314562,186296279,18283
ENSG00000234039,86066468,86066227,241
ENSG00000173020,67286556,67266473,20083
ENSG00000269068,219559626,219559083,543
ENSG00000124006,219571859,219550728,21131
ENSG00000047410,186375693,186311652,64041
ENSG00000174876,103696680,103687415,9265
ENSG00000091436,173268015,173075435,192580
ENSG00000249623,168648587,168647896,691
ENSG00000279384,168844735,168843988,747
ENSG00000129116,168928457,168497052,431405
ENSG00000225536,86086339,86084716,1623
ENSG00000123999,219575711,219569162,6549
ENSG00000223574,86129570,86128893,677
ENSG00000238133,173282036,173166446,115590
ENSG00000231735,173298512,173297629,883
ENSG00000185278,173903549,173868082,35467
ENSG00000111011,122527000,122503454,23546
ENSG00000152601,152465780,152243828,221952
ENSG00000120334,173824720,173799550,25170
ENSG00000111199,109833401,109783085,50316
ENSG00000144354,173368997,173354820,14177
ENSG00000270084,173863941,173862473,1468
ENSG00000135976,97264434,97113218,151216
ENSG00000117593,173858808,173824568,34240
ENSG00000236391,173356208,173338219,17989
ENSG00000145439,169010275,168863770,146505
ENSG00000132677,156385219,156369211,16008
ENSG00000249609,168832937,168828919,4018
ENSG00000181381,168537786,168356735,181051
ENSG00000234741,173868882,173858559,10323
ENSG00000237390,156395609,156388226,7383
ENSG00000213148,173431812,173431349,463
ENSG00000236832,173478400,173477996,404
ENSG00000226131,173486362,173485865,497
ENSG00000237016,173576341,173575110,1231
ENSG00000237617,173706148,173705948,200
ENSG00000270460,173811392,173811076,316
ENSG00000234415,173872465,173871653,812
ENSG00000214676,168756382,168755816,566
ENSG00000229226,168598757,168598240,517
ENSG00000009790,209782320,209756032,26288
ENSG00000225155,118644198,118643760,438
ENSG00000125462,156430701,156404250,26451
ENSG00000221962,152340990,152339695,1295
ENSG00000243305,152496813,152457759,39054
ENSG00000229619,152269555,152262616,6939
ENSG00000204262,189225312,189031898,193414
ENSG00000172845,173965702,173880850,84852
ENSG00000236627,165775780,165754189,21591
ENSG00000223942,165775186,165773201,1985
ENSG00000281832,165989615,165987551,2064
ENSG00000112541,165988078,165327287,660791
ENSG00000116977,236552981,236518000,34981
ENSG00000162757,209784559,209779208,5351
ENSG00000275703,6900212,6899752,460
ENSG00000111669,6870948,6867119,3829
ENSG00000144589,219616451,219597857,18594
ENSG00000271151,173969418,173968351,1067
ENSG00000085514,100400096,100367530,32566
ENSG00000273258,174012975,174011856,1119
ENSG00000260868,174027163,174025280,1883
ENSG00000235414,174043880,174043008,872
ENSG00000228073,189096158,189095063,1095
ENSG00000213601,189311967,189311263,704
ENSG00000135643,70434292,70366290,68002
ENSG00000248593,6885786,6884682,1104
ENSG00000236947,156456577,156446412,10165
ENSG00000010626,6914241,6873569,40672
ENSG00000115368,189475552,189441446,34106
ENSG00000235996,19213477,19212852,625
ENSG00000232675,19697576,19693209,4367
ENSG00000179447,19284596,19242302,42294
ENSG00000185052,19722937,19212646,510291
ENSG00000117595,209806175,209785617,20558
ENSG00000121716,100367733,100352176,15557
ENSG00000233996,189487992,189486480,1512
ENSG00000138449,189583758,189560579,23179
ENSG00000240370,6884741,6873389,11352
ENSG00000117597,209857565,209827972,29593
ENSG00000111674,6923698,6913745,9953
ENSG00000197826,80963756,80335720,628036
ENSG00000228973,219626693,219625059,1634
ENSG00000276828,189626259,189625443,816
ENSG00000232327,80388716,80386178,2538
ENSG00000138675,80336680,80266599,70081
ENSG00000196290,200903938,200889327,14611
ENSG00000139324,88199887,88142296,57591
ENSG00000111671,6889358,6870935,18423
ENSG00000255972,122563762,122563735,27
ENSG00000184445,122626396,122527246,99150
ENSG00000242294,100351900,100336079,15821
ENSG00000138381,189670831,189661385,9446
ENSG00000277247,70571440,70570969,471
ENSG00000258168,70543040,70468080,74960
ENSG00000078319,100341908,100320992,20916
ENSG00000174938,29899547,29871159,28388
ENSG00000286165,189667881,189661519,6362
ENSG00000286053,189666437,189661452,4985
ENSG00000127329,70637440,70515866,121574
ENSG00000272752,100367831,100336104,31727
ENSG00000235333,100353692,100352360,1332
ENSG00000214300,100322196,100307702,14494
ENSG00000119285,236604516,236549005,55511
ENSG00000253559,189765556,189762704,2852
ENSG00000151687,189761193,189674290,86903
ENSG00000227408,103719871,103713723,6148
ENSG00000225695,201064051,201063089,962
ENSG00000155744,201071671,200973718,97953
ENSG00000273240,189764456,189763859,597
ENSG00000128694,189763227,189746660,16567
ENSG00000143469,210171389,209900923,270466
ENSG00000230325,236550280,236540094,10186
ENSG00000223776,236524508,236523052,1456
ENSG00000183308,201009102,200963263,45839
ENSG00000115942,200963680,200908977,54703
ENSG00000126733,86832604,86148451,684153
ENSG00000273058,236536704,236536162,542
ENSG00000049130,88580851,88492793,88058
ENSG00000146205,241225377,241188509,36868
ENSG00000157181,186421378,186375838,45540
ENSG00000277687,118693535,118692361,1174
ENSG00000151893,118755249,118674167,81082
ENSG00000119013,201085750,201071433,14317
ENSG00000235495,67684077,67565604,118473
ENSG00000286002,67680798,67677499,3299
ENSG00000224173,67574044,67562067,11977
ENSG00000231478,86481813,86481532,281
ENSG00000271290,86799226,86798598,628
ENSG00000082497,210246631,210232796,13835
ENSG00000284601,54980464,54974900,5564
ENSG00000226658,201067191,201066691,500
ENSG00000215093,86161359,86160264,1095
ENSG00000281333,88598218,88580531,17687
ENSG00000278011,88602195,88601862,333
ENSG00000223772,86305086,86304367,719
ENSG00000203706,210234047,210231456,2591
ENSG00000143001,54992288,54980628,11660
ENSG00000262180,186401455,186400572,883
ENSG00000233271,54992274,54980950,11324
ENSG00000246363,89309566,89010681,298885
ENSG00000236058,118872602,118872054,548
ENSG00000228110,210267241,210265636,1605
ENSG00000237013,67825562,67796054,29508
ENSG00000116703,186461122,186443566,17556
ENSG00000187733,103758690,103750406,8284
ENSG00000213574,118933295,118932674,621
ENSG00000233455,210304540,210303684,856
ENSG00000235968,68024766,68023694,1072
ENSG00000257629,89028522,89027757,765
ENSG00000077522,236764631,236664141,100490
ENSG00000229272,119003884,119003536,348
ENSG00000257820,89319649,89319364,285
ENSG00000229739,186470291,186435161,35130
ENSG00000248485,161285450,161258745,26705
ENSG00000162399,55017172,54998193,18979
ENSG00000225191,103927806,103926567,1239
ENSG00000139433,109880541,109850945,29596
ENSG00000274021,89353271,89351015,2256
ENSG00000228347,104153830,104153306,524
ENSG00000215869,104226678,104072983,153695
ENSG00000139318,89352501,89347235,5266
ENSG00000270936,210463012,210462345,667
ENSG00000257405,42637111,42636815,296
ENSG00000257687,42627137,42627008,129
ENSG00000257510,42646498,42615503,30995
ENSG00000256351,109860420,109859767,653
ENSG00000273198,186522304,186521773,531
ENSG00000054392,210676296,210328252,348044
ENSG00000228238,186579299,186578279,1020
ENSG00000233196,186581191,186580515,676
ENSG00000277701,97291780,97281904,9876
ENSG00000223433,207654951,207654781,170
ENSG00000224137,207667024,207662375,4649
ENSG00000188613,119033730,119029714,4016
ENSG00000213082,207682033,207681590,443
ENSG00000249094,109888467,109880676,7791
ENSG00000107581,119080823,119033670,47153
ENSG00000285981,105032365,104998406,33959
ENSG00000073756,186680423,186671791,8632
ENSG00000225036,105434821,105433994,827
ENSG00000257164,42686701,42646583,40118
ENSG00000240759,42679124,42678873,251
ENSG00000237837,97304151,97301729,2422
ENSG00000271351,97322423,97322137,286
ENSG00000257114,42717119,42692216,24903
ENSG00000276050,97331843,97331533,310
ENSG00000274191,122634673,122634130,543
ENSG00000271272,42930579,42929848,731
ENSG00000272851,207754435,207753872,563
ENSG00000116604,156500779,156463727,37052
ENSG00000163249,207761839,207711540,50299
ENSG00000256249,122715979,122687125,28854
ENSG00000182782,122703343,122701293,2050
ENSG00000230768,105618958,105587575,31383
ENSG00000255398,122716892,122714756,2136
ENSG00000257849,42967353,42966122,1231
ENSG00000271015,97335974,97335671,303
ENSG00000197223,68110948,68041130,69818
ENSG00000257373,42996486,42979254,17232
ENSG00000114923,219641980,219627394,14586
ENSG00000270252,97349179,97348899,280
ENSG00000257927,43054386,43054089,297
ENSG00000271569,97355335,97355059,276
ENSG00000258331,43163110,43155315,7795
ENSG00000270450,97372835,97372532,303
ENSG00000236190,86888816,86888586,230
ENSG00000278537,97376973,97376674,299
ENSG00000271457,87144748,87143854,894
ENSG00000169174,55064852,55039548,25304
ENSG00000128699,189784364,189770267,14097
ENSG00000270799,174172725,174171891,834
ENSG00000101210,63499185,63488014,11171
ENSG00000138430,174248599,174072447,176152
ENSG00000226498,236820518,236819634,884
ENSG00000064933,189877629,189784085,93544
ENSG00000116984,236921278,236795292,125986
ENSG00000284932,68117200,68117026,174
ENSG00000196917,122730843,122726076,4767
ENSG00000256044,122749586,122749481,105
ENSG00000139726,122771064,122752824,18240
ENSG00000174939,29919864,29900375,19489
ENSG00000260460,156511681,156509854,1827
ENSG00000267919,219645631,219645090,541
ENSG00000139436,109996389,109929802,66587
ENSG00000231802,219684795,219684030,765
ENSG00000183856,156572604,156525405,47199
ENSG00000174943,29926236,29905012,21224
ENSG00000130783,122827528,122774327,53201
ENSG00000279789,29915337,29913144,2193
ENSG00000227180,174300956,174299324,1632
ENSG00000237804,174310974,174310015,959
ENSG00000227308,219737937,219685381,52556
ENSG00000231453,174330643,174326027,4616
ENSG00000223903,219698214,219697799,415
ENSG00000228909,219904889,219904051,838
ENSG00000280414,174337566,174334438,3128
ENSG00000217236,174338500,174334954,3546
ENSG00000286199,219912834,219904983,7851
ENSG00000225911,220049272,220048822,450
ENSG00000273275,68180532,68179833,699
ENSG00000235337,220212491,220127546,84945
ENSG00000273398,68261230,68131238,129992
ENSG00000239498,220450778,220105656,345122
ENSG00000138433,174395712,174348022,47690
ENSG00000273064,68253848,68252870,978
ENSG00000236451,220704566,220450679,253887
ENSG00000236259,68125747,68125265,482
ENSG00000115946,68176238,68157888,18350
ENSG00000224819,220797893,220791078,6815
ENSG00000221823,68256237,68178857,77380
ENSG00000257514,101659970,101646720,13250
ENSG00000187862,156586770,156579727,7043
ENSG00000243667,68157549,68122936,34613
ENSG00000163382,156594299,156591762,2537
ENSG00000162402,55215364,55066359,149005
ENSG00000144306,174429575,174395730,33845
ENSG00000279333,210681932,210678315,3617
ENSG00000234004,211173849,211173488,361
ENSG00000234233,211133374,211132588,786
ENSG00000284299,211134146,210858125,276021
ENSG00000230226,63505111,63502287,2824
ENSG00000271327,89369301,89367807,1494
ENSG00000143473,211134165,210676823,457342
ENSG00000125534,63522206,63520765,1441
ENSG00000158887,161309968,161304735,5233
ENSG00000101213,63537376,63528001,9375
ENSG00000196091,101686018,101568353,117665
ENSG00000271343,119093341,119093140,201
ENSG00000271259,89372359,89371820,539
ENSG00000160818,156601496,156594487,7009
ENSG00000119979,119137984,119104086,33898
ENSG00000279939,89544488,89544203,285
ENSG00000257594,89524796,89519412,5384
ENSG00000139323,89526047,89419718,106329
ENSG00000139437,109983841,109900264,83577
ENSG00000272971,156615288,156614742,546
ENSG00000161640,49961172,49948985,12187
ENSG00000125508,63547504,63540810,6694
ENSG00000163328,174487094,174431571,55523
ENSG00000277299,109949029,109948389,640
ENSG00000273129,186681446,186680622,824
ENSG00000163251,207769906,207762598,7308
ENSG00000283952,211188533,211082872,105661
ENSG00000284376,211207138,211108445,98693
ENSG00000213024,49929763,49906825,22938
ENSG00000224668,210862285,210859177,3108
ENSG00000226982,89502670,89500093,2577
ENSG00000270344,89548005,89525654,22351
ENSG00000286272,220853456,220811618,41838
ENSG00000259075,89526262,89519408,6854
ENSG00000232089,221163053,221162771,282
ENSG00000116711,186988981,186828949,160032
ENSG00000275812,63543738,63543411,327
ENSG00000286170,221308329,221306290,2039
ENSG00000231095,55223372,55222379,993
ENSG00000231090,55324691,55217645,107046
ENSG00000247735,29928933,29926836,2097
ENSG00000231900,55368774,55367466,1308
ENSG00000130787,122862961,122834453,28508
ENSG00000143252,161375340,161314257,61083
ENSG00000230250,55944974,55915607,29367
ENSG00000225111,207869915,207868582,1333
ENSG00000227104,55939280,55938714,566
ENSG00000232198,55373316,55372710,606
ENSG00000178385,208025527,207821288,204239
ENSG00000234810,56070513,55329288,741225
ENSG00000233079,55950119,55868254,81865
ENSG00000104951,49929539,49889654,39885
ENSG00000185078,208031953,208031383,570
ENSG00000119865,68320051,68284171,35880
ENSG00000224839,208057745,208057248,497
ENSG00000229150,208112511,208108233,4278
ENSG00000118231,208124524,208121607,2917
ENSG00000163254,208129828,208128137,1691
ENSG00000183648,92121917,92116122,5795
ENSG00000271558,187507119,187506838,281
ENSG00000230426,187686622,187070700,615922
ENSG00000274702,187632439,187632166,273
ENSG00000225462,187564131,187563061,1070
ENSG00000224529,208137697,208135394,2303
ENSG00000149932,29973050,29940885,32165
ENSG00000182187,208146158,208142573,3585
ENSG00000204673,49878459,49869033,9426
ENSG00000168582,208163576,208160740,2836
ENSG00000236401,187708898,187706561,2337
ENSG00000223847,187714735,187714243,492
ENSG00000285894,188144763,188013642,131121
ENSG00000150732,188067525,188067298,227
ENSG00000261182,188220676,188218400,2276
ENSG00000188931,161367874,161364731,3143
ENSG00000224278,188242678,188242139,539
ENSG00000226726,221533008,221532668,340
ENSG00000225006,188536465,188508538,27927
ENSG00000132702,156625725,156619331,6394
ENSG00000236484,161379358,161378707,651
ENSG00000235083,188671759,188671353,406
ENSG00000231022,188695111,188694320,791
ENSG00000116106,221574202,221418027,156175
ENSG00000272068,156641004,156637783,3221
ENSG00000188674,208190030,208165343,24687
ENSG00000226853,174488386,174487389,997
ENSG00000179997,174502312,174501952,360
ENSG00000279884,174546335,174545385,950
ENSG00000039650,49878351,49859882,18469
ENSG00000106683,74122525,74082933,39592
ENSG00000237283,188710880,188705623,5257
ENSG00000238054,188888540,188869477,19063
ENSG00000226486,189037262,188905688,131574
ENSG00000271036,189036444,189035961,483
ENSG00000226196,189133292,189132350,942
ENSG00000232212,189814918,189775465,39453
ENSG00000258302,89594878,89561129,33749
ENSG00000272944,221574454,221572506,1948
ENSG00000257725,89949726,89947693,2033
ENSG00000238270,189868528,189868001,527
ENSG00000271614,89712590,89708959,3631
ENSG00000230987,189993097,189989570,3527
ENSG00000226986,211207897,211207239,658
ENSG00000258290,89919776,89919437,339
ENSG00000257480,89753831,89752913,918
ENSG00000233869,208208984,208208135,849
ENSG00000258216,90100763,89712048,388715
ENSG00000230406,221592861,221592441,420
ENSG00000228111,208222625,208214724,7901
ENSG00000234446,221641813,221637543,4270
ENSG00000070961,89709300,89588049,121251
ENSG00000162670,190478404,190097658,380746
ENSG00000280138,122888720,122870059,18661
ENSG00000139722,122896127,122865330,30797
ENSG00000225811,190362270,190264898,97372
ENSG00000256152,122867021,122865335,1686
ENSG00000241505,190494297,190480379,13918
ENSG00000233868,221944612,221944223,389
ENSG00000237457,190480735,190478551,2184
ENSG00000226666,221963765,221961737,2028
ENSG00000231175,190801658,190624890,176768
ENSG00000238108,190797956,190797524,432
ENSG00000236025,190781995,190781787,208
ENSG00000223374,241353104,241351340,1764
ENSG00000226331,222044994,222044525,469
ENSG00000285638,191151410,190878145,273265
ENSG00000228020,191146961,191146025,936
ENSG00000235655,174720318,174719908,410
ENSG00000261642,191154634,191151510,3124
ENSG00000271187,191179739,191179521,218
ENSG00000138435,174787935,174747592,40343
ENSG00000233882,191228467,191221159,7308
ENSG00000168385,241354027,241315100,38927
ENSG00000223344,191890229,191858707,31522
ENSG00000228215,192011260,191875495,135765
ENSG00000236776,56538911,56538452,459
ENSG00000225475,56619549,56619409,140
ENSG00000235612,56155224,56145721,9503
ENSG00000117625,211316385,211258377,58008
ENSG00000223956,56415966,56414963,1003
ENSG00000162407,56645301,56494761,150540
ENSG00000231908,208256181,208255247,934
ENSG00000138413,208266074,208236227,29847
ENSG00000283317,161440996,161433444,7552
ENSG00000277882,161411802,161411597,205
ENSG00000283696,161422424,161399409,23015
ENSG00000215840,161407082,161406068,1014
ENSG00000283360,161470523,161403409,67114
ENSG00000229871,56208456,56207567,889
ENSG00000260971,56477687,56154545,323142
ENSG00000224980,56586242,56585612,630
ENSG00000115935,174682916,174559572,123344
ENSG00000284686,56524495,56173433,351062
ENSG00000115956,68397453,68365282,32171
ENSG00000203395,68365584,68361214,4370
ENSG00000251445,169010939,169010430,509
ENSG00000273112,161605099,161513176,91923
ENSG00000224515,161557078,161556290,788
ENSG00000173110,161526894,161524540,2354
ENSG00000104973,49840383,49818279,22104
ENSG00000203747,161550737,161541759,8978
ENSG00000165934,92172145,92121937,50208
ENSG00000237798,174587726,174575227,12499
ENSG00000236449,174774827,174547141,227686
ENSG00000143226,161524013,161505430,18583
ENSG00000154447,169270956,169094259,176697
ENSG00000229953,156661424,156646507,14917
ENSG00000272405,156644887,156641666,3221
ENSG00000132692,156659532,156641390,18142
ENSG00000251171,169220349,169201794,18555
ENSG00000214671,169167117,169166272,845
ENSG00000135903,222298996,222199888,99108
ENSG00000224203,161538158,161536571,1587
ENSG00000244682,161605662,161581339,24323
ENSG00000183605,119165667,119140767,24900
ENSG00000132688,156677407,156668763,8644
ENSG00000229462,68449174,68445710,3464
ENSG00000204923,68467294,68459422,7872
ENSG00000153233,70920738,70638073,282665
ENSG00000163081,222305217,222298147,7070
ENSG00000231767,192716653,192716132,521
ENSG00000127074,192660306,192636138,24168
ENSG00000111678,6946003,6942978,3025
ENSG00000082512,211374946,211326615,48331
ENSG00000150681,192185815,192158462,27353
ENSG00000272173,6944604,6943508,1096
ENSG00000111676,6942321,6924463,17858
ENSG00000253148,192367285,192316992,50293
ENSG00000285280,192957713,192167786,789927
ENSG00000226723,192247487,192246708,779
ENSG00000228687,192797205,192796533,672
ENSG00000236069,192538102,192517190,20912
ENSG00000226814,192801141,192800571,570
ENSG00000116741,192812275,192809039,3236
ENSG00000125531,63556695,63547891,8804
ENSG00000268006,49851676,49838639,13037
ENSG00000090104,192580024,192575763,4261
ENSG00000104946,49888750,49877425,11325
ENSG00000236792,192247947,192247505,442
ENSG00000149930,29992261,29973868,18393
ENSG00000138379,190062729,190055697,7032
ENSG00000213110,189931010,189930277,733
ENSG00000204253,189924216,189923336,880
ENSG00000187699,190203484,189879609,323875
ENSG00000198130,190344193,190189735,154458
ENSG00000104960,49860744,49850735,10009
ENSG00000258481,92263656,92253493,10163
ENSG00000169618,68658247,68643589,14658
ENSG00000169621,68655862,68467572,188290
ENSG00000257302,70672856,70671918,938
ENSG00000151689,190371665,190343570,28095
ENSG00000285570,156704757,156689676,15081
ENSG00000237588,156691997,156687695,4302
ENSG00000143320,156705816,156699606,6210
ENSG00000214525,68529452,68528241,1211
ENSG00000106682,74197101,74174245,22856
ENSG00000223356,156713174,156712212,962
ENSG00000269179,49958391,49909501,48890
ENSG00000169136,49933935,49928702,5233
ENSG00000115677,241317061,241227264,89797
ENSG00000143319,156728799,156721891,6908
ENSG00000269352,49859289,49856970,2319
ENSG00000268047,49854967,49852887,2080
ENSG00000223824,189917758,189917254,504
ENSG00000143303,156736960,156728442,8518
ENSG00000257194,90112779,90107739,5040
ENSG00000258183,90300340,90280894,19446
ENSG00000286021,90818303,90576495,241808
ENSG00000257995,90622822,90617759,5063
ENSG00000257787,90810680,90809276,1404
ENSG00000236992,19823943,19823443,500
ENSG00000196243,90948669,90918023,30646
ENSG00000132669,20002459,19757606,244853
ENSG00000182196,122982913,122980060,2853
ENSG00000197651,90955176,90905622,49554
ENSG00000083782,91005026,90963682,41344
ENSG00000224975,47205865,47204921,944
ENSG00000257265,71032083,71007773,24310
ENSG00000258053,71118247,71047402,70845
ENSG00000257454,71104526,71034122,70404
ENSG00000130985,47215128,47190861,24267
ENSG00000139330,91057983,91050491,7492
ENSG00000268628,19758037,19756390,1647
ENSG00000139329,91111494,91102629,8865
ENSG00000244545,152650447,152648146,2301
ENSG00000216624,166066028,166058505,7523
ENSG00000225217,161608217,161606291,1926
ENSG00000242561,152800732,152800434,298
ENSG00000231586,161619585,161617992,1593
ENSG00000169860,152841439,152835131,6308
ENSG00000152785,81057632,81030708,26924
ENSG00000241810,153067551,153067278,273
ENSG00000231297,166113273,166099665,13608
ENSG00000241671,153129640,153129074,566
ENSG00000162747,161631963,161623196,8767
ENSG00000244268,153161775,153156511,5264
ENSG00000257761,71583852,71582293,1559
ENSG00000139292,71586310,71439798,146512
ENSG00000189159,75168281,75135248,33033
ENSG00000256028,122982907,122975320,7587
ENSG00000111325,122980043,122974580,5463
ENSG00000234211,161674824,161671978,2846
ENSG00000263786,75146546,75145261,1285
ENSG00000188612,75182959,75165586,17373
ENSG00000072694,161678654,161663147,15507
ENSG00000265800,75141350,75138416,2934
ENSG00000277223,71448850,71448405,445
ENSG00000127324,71441898,71125085,316813
ENSG00000181467,153170620,153162270,8350
ENSG00000188782,26202968,26190561,12407
ENSG00000241220,153374186,153357107,17079
ENSG00000241912,153377562,153376831,731
ENSG00000236703,135195995,135195083,912
ENSG00000143314,156741590,156737303,4287
ENSG00000164458,166168700,166157656,11044
ENSG00000264895,51251748,51249579,2169
ENSG00000011258,51260163,51177425,82738
ENSG00000268584,73626790,73625996,794
ENSG00000243486,153940836,153881526,59310
ENSG00000238755,153980186,153384934,595252
ENSG00000237787,153502697,153431856,70841
ENSG00000279089,51186403,51183191,3212
ENSG00000011465,91182824,91140484,42340
ENSG00000143294,156800815,156750610,50205
ENSG00000165672,119178812,119167720,11092
ENSG00000172932,67302485,67288547,13938
ENSG00000143321,156766925,156742109,24816
ENSG00000150967,122981649,122920951,60698
ENSG00000162409,56715335,56645314,70021
ENSG00000272791,73631490,73630556,934
ENSG00000278572,26220476,26218581,1895
ENSG00000224748,32944695,32935926,8769
ENSG00000236155,26229840,26209741,20099
ENSG00000231631,32935368,32931434,3934
ENSG00000130589,63574239,63558086,16153
ENSG00000213075,161685252,161683695,1557
ENSG00000237991,236981708,236981339,369
ENSG00000244020,237004418,237004103,315
ENSG00000132185,161714352,161706972,7380
ENSG00000027644,156859117,156840063,19054
ENSG00000243958,32970271,32934853,35418
ENSG00000027869,156816862,156806243,10619
ENSG00000223939,32970532,32969856,676
ENSG00000233140,32937212,32934803,2409
ENSG00000198626,237833988,237042184,791804
ENSG00000258148,91193942,91193709,233
ENSG00000198400,156881850,156815640,66210
ENSG00000258100,91368606,91344435,24171
ENSG00000286049,91426936,91423781,3155
ENSG00000277738,91635644,91634887,757
ENSG00000258125,91680873,91680131,742
ENSG00000258224,91871230,91871122,108
ENSG00000257893,91880655,91877391,3264
ENSG00000257863,91906187,91901458,4729
ENSG00000162746,161728143,161721563,6580
ENSG00000267034,222318653,222317242,1411
ENSG00000237732,222352989,222318275,34714
ENSG00000153363,211435333,211382803,52530
ENSG00000236809,211417934,211417025,909
ENSG00000238137,211442806,211442274,532
ENSG00000149927,30023270,30005514,17756
ENSG00000167995,61965515,61950063,15452
ENSG00000116996,237890922,237877864,13058
ENSG00000163082,222562621,222424543,138078
ENSG00000257242,92142914,91984976,157938
ENSG00000237250,237928321,237862175,66146
ENSG00000234285,222504843,222503883,960
ENSG00000243781,237927605,237926831,774
ENSG00000228670,222453126,222452400,726
ENSG00000283174,237941061,237940762,299
ENSG00000283166,237942492,237941452,1040
ENSG00000283377,237943653,237942698,955
ENSG00000198570,211492917,211476522,16395
ENSG00000270188,237945275,237943724,1551
ENSG00000133639,92145846,92140278,5568
ENSG00000223649,211492917,211492255,662
ENSG00000232154,237949143,237948017,1126
ENSG00000225723,237949734,237949214,520
ENSG00000227860,237951536,237949736,1800
ENSG00000170385,211579161,211571568,7593
ENSG00000245904,92189660,92145573,44087
ENSG00000230019,238108567,238107736,831
ENSG00000239201,92168877,92168400,477
ENSG00000261314,211583725,211583015,710
ENSG00000232989,238268595,238268494,101
ENSG00000234464,238287016,238276037,10979
ENSG00000228792,211642867,211635906,6961
ENSG00000227764,211654581,211639695,14886
ENSG00000215808,238486054,238476542,9512
ENSG00000081721,161757238,161749758,7480
ENSG00000167996,61967634,61959718,7916
ENSG00000128656,175005381,174799313,206068
ENSG00000215149,238492644,238491358,1286
ENSG00000231877,238538305,238485445,52860
ENSG00000224783,238779200,238777049,2151
ENSG00000227854,239052903,239052748,155
ENSG00000116120,222656337,222566899,89438
ENSG00000259776,239250818,239247808,3010
ENSG00000133019,239915452,239386565,528887
ENSG00000234601,239899872,239898016,1856
ENSG00000233355,239770130,239703381,66749
ENSG00000231979,239916955,239915439,1516
ENSG00000117650,211675630,211658657,16973
ENSG00000215805,239974245,239972787,1458
ENSG00000217327,240013226,240012646,580
ENSG00000169592,30005793,29995715,10078
ENSG00000147804,144416895,144409742,7153
ENSG00000224763,211661277,211660189,1088
ENSG00000155816,240475187,240014348,460839
ENSG00000124003,222709930,222671786,38144
ENSG00000233751,222678289,222677677,612
ENSG00000203531,222699484,222698623,861
ENSG00000235225,222726834,222726457,377
ENSG00000231057,211690103,211675762,14341
ENSG00000226868,211725402,211715928,9474
ENSG00000233735,240179644,240177839,1805
ENSG00000223694,240171291,240170155,1136
ENSG00000272115,144409976,144409492,484
ENSG00000233519,240401123,240400671,452
ENSG00000228818,240145389,240142670,2719
ENSG00000231440,240590748,240588522,2226
ENSG00000224359,240530862,240530452,410
ENSG00000180875,240612155,240489573,122582
ENSG00000229258,211853703,211829846,23857
ENSG00000226014,240550378,240549867,511
ENSG00000123684,211830763,211743457,87306
ENSG00000228844,240637052,240636599,453
ENSG00000234872,240654625,240654241,384
ENSG00000230015,240739853,240739419,434
ENSG00000149929,29996436,29992321,4115
ENSG00000234193,222919363,222917387,1976
ENSG00000224121,222905055,222904640,415
ENSG00000258064,71698968,71674204,24764
ENSG00000123983,222944639,222860942,83697
ENSG00000139291,71705046,71686087,18959
ENSG00000223963,240771534,240769420,2114
ENSG00000238085,240998794,240998451,343
ENSG00000140090,92501483,92322581,178902
ENSG00000224348,241305882,241305580,302
ENSG00000226919,240776222,240763382,12840
ENSG00000173451,71680644,71664301,16343
ENSG00000233615,240920609,240919653,956
ENSG00000215802,240823433,240823006,427
ENSG00000182901,241357230,240775515,581715
ENSG00000133858,71667725,71609472,58253
ENSG00000233626,211936634,211936249,385
ENSG00000249216,41692797,41688858,3939
ENSG00000278083,222946388,222945930,458
ENSG00000152049,223198399,223051814,146585
ENSG00000233299,223398546,223398267,279
ENSG00000231189,223504611,223498773,5838
ENSG00000235610,223510933,223505476,5457
ENSG00000171951,223602361,223596940,5421
ENSG00000226539,223705338,223704621,717
ENSG00000064042,41700044,41359607,340437
ENSG00000227187,175034192,175033778,414
ENSG00000257515,71710374,71709171,1203
ENSG00000187889,56819696,56718789,100907
ENSG00000080371,71800286,71754863,45423
ENSG00000152056,223838027,223751686,86341
ENSG00000257410,71799627,71793855,5772
ENSG00000257991,71835396,71835034,362
ENSG00000286239,223945299,223757258,188041
ENSG00000085449,223945357,223855716,89641
ENSG00000187800,156916434,156893698,22736
ENSG00000137747,117929459,117900641,28818
ENSG00000225554,241433492,241424292,9200
ENSG00000091483,241519761,241497603,22158
ENSG00000160838,156933094,156920632,12462
ENSG00000143493,212035557,211940399,95158
ENSG00000203668,241640254,241628853,11401
ENSG00000162843,241802133,241652278,149855
ENSG00000228485,119211760,119208531,3229
ENSG00000198873,119459742,119207589,252153
ENSG00000117009,241595642,241532134,63508
ENSG00000236426,119336182,119330233,5949
ENSG00000229913,56826920,56823679,3241
ENSG00000115966,175168382,175072250,96132
ENSG00000163219,68826833,68679601,147232
ENSG00000054277,241677376,241590102,87274
ENSG00000220749,212052006,212051524,482
ENSG00000143476,212107400,212035553,71847
ENSG00000228802,223967706,223965701,2005
ENSG00000135900,223967714,223957463,10251
ENSG00000135919,224039318,223975045,64273
ENSG00000157131,56918221,56854806,63415
ENSG00000224826,224171537,224169664,1873
ENSG00000229983,212190259,212168207,22052
ENSG00000226251,212238977,212225278,13699
ENSG00000086730,74229834,74199652,30182
ENSG00000228681,224295753,224294930,823
ENSG00000124019,224402107,224378698,23409
ENSG00000115694,241509730,241492670,17060
ENSG00000036257,224585397,224470150,115247
ENSG00000229750,175168522,175167904,618
ENSG00000228446,224500100,224499387,713
ENSG00000274629,224474500,224464682,9818
ENSG00000132694,157045370,156934840,110530
ENSG00000230063,212299579,212297448,2131
ENSG00000234915,212331713,212299495,32218
ENSG00000225338,212309518,212309051,467
ENSG00000229832,212358353,212357418,935
ENSG00000066027,212361853,212285410,76443
ENSG00000257802,71850428,71849228,1200
ENSG00000251497,123084744,123081384,3360
ENSG00000006607,241494841,241356285,138556
ENSG00000121749,71927248,71839707,87541
ENSG00000280381,123092821,123087256,5565
ENSG00000090975,123150015,122983480,166535
ENSG00000065600,212414901,212363931,50970
ENSG00000283428,224716365,224703764,12601
ENSG00000117691,212446379,212432920,13459
ENSG00000224232,241478993,241478316,677
ENSG00000229022,241832787,241831935,852
ENSG00000224535,212467743,212466816,927
ENSG00000286213,212534060,212504178,29882
ENSG00000228067,212556065,212545694,10371
ENSG00000021852,56966140,56929207,36933
ENSG00000260805,212559731,212557833,1898
ENSG00000174371,241895148,241847967,47181
ENSG00000236341,56996757,56963886,32871
ENSG00000223416,58056480,58056133,347
ENSG00000162772,212620777,212565334,55443
ENSG00000230546,58084559,58084419,140
ENSG00000236888,57606206,57605847,359
ENSG00000162600,58546802,58415384,131418
ENSG00000237842,157060762,157059232,1530
ENSG00000224520,157074703,157073257,1446
ENSG00000253831,157099808,157092043,7765
ENSG00000233216,58229003,58228682,321
ENSG00000227935,57387450,57386576,874
ENSG00000235700,157128671,157128362,309
ENSG00000173406,58546734,56994778,1551956
ENSG00000117036,157138474,157121191,17283
ENSG00000235990,241916543,241916123,420
ENSG00000196289,241959062,241957767,1295
ENSG00000229961,157191963,157171116,20847
ENSG00000213026,241993682,241993185,497
ENSG00000284592,157205040,157204779,261
ENSG00000228239,157237136,157232231,4905
ENSG00000197769,241999073,241995490,3583
ENSG00000271736,157283068,157280716,2352
ENSG00000286073,157310655,157287267,23388
ENSG00000286151,157417259,157400927,16332
ENSG00000224625,242060242,242057085,3157
ENSG00000286005,157437754,157437484,270
ENSG00000277099,242062595,242060490,2105
ENSG00000135905,225042445,224765090,277355
ENSG00000154518,175184607,175176258,8349
ENSG00000213690,242377432,242376923,509
ENSG00000235038,58080274,58060139,20135
ENSG00000224525,242210827,242203555,7272
ENSG00000226759,57880905,57860532,20373
ENSG00000180287,242524696,242082986,441710
ENSG00000233131,175184607,175184215,392
ENSG00000143297,157552515,157513377,39138
ENSG00000272865,242209129,242147514,61615
ENSG00000229887,58049335,58047889,1446
ENSG00000235467,242365822,242365189,633
ENSG00000226750,242345718,242345558,160
ENSG00000270859,242671576,242671140,436
ENSG00000215800,242773103,242772620,483
ENSG00000270818,242883475,242882066,1409
ENSG00000277704,242890803,242890247,556
ENSG00000148908,119542719,119499817,42902
ENSG00000230199,242975084,242975005,79
ENSG00000234116,243007468,243005845,1623
ENSG00000231512,243052252,243029512,22740
ENSG00000278455,243051619,243049782,1837
ENSG00000253326,243056394,243054861,1533
ENSG00000214837,243101744,243056307,45437
ENSG00000101216,63627101,63587602,39499
ENSG00000162771,212626778,212624474,2304
ENSG00000176720,241574131,241551424,22707
ENSG00000229066,175454640,175257250,197390
ENSG00000235862,212626771,212624284,2487
ENSG00000223976,175843302,175842887,415
ENSG00000235047,175904232,175897336,6896
ENSG00000234235,241558977,241544403,14574
ENSG00000229779,175905502,175904371,1131
ENSG00000273113,241582726,241581922,804
ENSG00000072657,72670757,72087266,583491
ENSG00000111679,6961316,6946468,14848
ENSG00000257287,72432075,72431722,353
ENSG00000236333,72274907,72253508,21399
ENSG00000257723,72611316,72610678,638
ENSG00000139287,72186618,71938845,247773
ENSG00000258115,72057377,72046149,11228
ENSG00000163518,157598085,157573747,24338
ENSG00000111328,123272334,123250112,22222
ENSG00000176946,241637158,241584405,52753
ENSG00000144320,176002839,175923882,78957
ENSG00000280120,123153377,123152324,1053
ENSG00000130921,123257959,123232916,25043
ENSG00000168397,241673857,241637213,36644
ENSG00000051825,123244014,123152320,91694
ENSG00000236731,157630728,157629939,789
ENSG00000233712,157640301,157636300,4001
ENSG00000174279,176083913,176077472,6441
ENSG00000128714,176095944,176092721,3223
ENSG00000170178,176101193,176099730,1463
ENSG00000137601,169612629,169392857,219772
ENSG00000128710,176119942,176108790,11152
ENSG00000128713,176109754,176104216,5538
ENSG00000258235,72728844,72727923,921
ENSG00000258294,73143858,73115957,27901
ENSG00000269980,123262402,123262060,342
ENSG00000226036,212647755,212647296,459
ENSG00000237980,212665434,212653999,11435
ENSG00000123685,212699840,212686417,13423
ENSG00000144460,225654018,225399710,254308
ENSG00000117697,212791782,212726153,65629
ENSG00000175879,176132695,176129694,3001
ENSG00000278500,176173097,176151085,22012
ENSG00000237380,176137098,176121611,15487
ENSG00000226363,176179008,176177717,1291
ENSG00000128709,176124937,176122719,2218
ENSG00000224189,176188958,176164051,24907
ENSG00000273301,225703654,225698514,5140
ENSG00000228206,225698539,225698254,285
ENSG00000279015,225762112,225761559,553
ENSG00000230621,225993197,225992981,216
ENSG00000235070,226185371,226180044,5327
ENSG00000169047,226799759,226731317,68442
ENSG00000272622,226811029,226800146,10883
ENSG00000261379,226805061,226804036,1025
ENSG00000279160,176192538,176189919,2619
ENSG00000128652,176173102,176136612,36490
ENSG00000144468,226999215,226835581,163634
ENSG00000128645,176190907,176188668,2239
ENSG00000170166,176153226,176151550,1676
ENSG00000272729,176165716,176164164,1552
ENSG00000257682,73206835,73203815,3020
ENSG00000258123,73208317,73159190,49127
ENSG00000243164,73649039,73648666,373
ENSG00000257750,73798727,73760689,38038
ENSG00000257587,73919337,73906940,12397
ENSG00000258332,74049981,74039086,10895
ENSG00000160856,157700769,157674321,26448
ENSG00000232085,243169445,243164638,4807
ENSG00000081052,227164453,227002711,161742
ENSG00000227230,243140588,243135898,4690
ENSG00000143702,243255348,243124428,130920
ENSG00000203705,212816830,212791828,25002
ENSG00000227217,157696459,157691762,4697
ENSG00000258320,74171830,74170445,1385
ENSG00000251138,74402535,74133166,269369
ENSG00000257183,74283669,74248637,35032
ENSG00000257364,74293096,74292324,772
ENSG00000257113,74275231,74274952,279
ENSG00000257386,74538633,74538145,488
ENSG00000253719,74545430,74537827,7603
ENSG00000257323,74656860,74656561,299
ENSG00000188646,74664141,74663774,367
ENSG00000257998,74728851,74728038,813
ENSG00000166006,75209868,75040077,169791
ENSG00000257434,75044793,75020969,23824
ENSG00000231700,157709643,157709086,557
ENSG00000232366,157725020,157724180,840
ENSG00000132704,157777132,157745733,31399
ENSG00000239627,41389593,41389115,478
ENSG00000254451,75298508,75234740,63768
ENSG00000242049,128472317,128463594,8723
ENSG00000179407,128467248,128462439,4809
ENSG00000180881,75390928,75275979,114949
ENSG00000011260,51297936,51260546,37390
ENSG00000234335,32103293,32102522,771
ENSG00000234811,32111789,32111644,145
ENSG00000235113,32111666,32109861,1805
ENSG00000232184,243740821,243702857,37964
ENSG00000236031,243548329,243545532,2797
ENSG00000224727,243268119,243267257,862
ENSG00000257823,75306357,75305452,905
ENSG00000244300,128502348,128489212,13136
ENSG00000173401,75370560,75334639,35921
ENSG00000054282,243500091,243256034,244057
ENSG00000179348,128493185,128479427,13758
ENSG00000273987,75334486,75333798,688
ENSG00000258112,75258634,75257635,999
ENSG00000218175,176201252,176200908,344
ENSG00000100599,92688994,92513781,175213
ENSG00000228939,243794400,243793205,1195
ENSG00000226766,243625056,243624666,390
ENSG00000117020,243851079,243488233,362846
ENSG00000271353,119562530,119562101,429
ENSG00000110324,118003037,117986348,16689
ENSG00000236432,227325201,227221052,104149
ENSG00000169031,227314792,227164565,150227
ENSG00000228329,68837225,68832816,4409
ENSG00000237576,68837724,68832044,5680
ENSG00000232442,63628824,63627227,1597
ENSG00000165794,21001871,20999255,2616
ENSG00000163217,68871397,68860909,10488
ENSG00000226828,244047317,243917402,129915
ENSG00000283586,68926834,68921248,5586
ENSG00000179456,244057476,244048939,8537
ENSG00000258471,21014822,20995837,18985
ENSG00000168958,227357836,227325151,32685
ENSG00000279774,244067909,244064330,3579
ENSG00000229960,244093026,244068820,24206
ENSG00000237759,244109011,244107365,1646
ENSG00000165792,20997035,20989770,7265
ENSG00000151923,119597029,119571802,25227
ENSG00000173728,244389663,244352635,37028
ENSG00000035687,244451909,244408494,43415
ENSG00000225401,244395660,244394976,684
ENSG00000240963,244409592,244375100,34492
ENSG00000168393,241686944,241675747,11197
ENSG00000197457,63657682,63639705,17977
ENSG00000227735,244598687,244598391,296
ENSG00000179397,244641177,244454377,186800
ENSG00000183607,68952893,68945232,7661
ENSG00000235351,241725693,241724615,1078
ENSG00000256092,123366113,123363868,2245
ENSG00000168395,241729478,241687085,42393
ENSG00000139697,123364847,123289109,75738
ENSG00000217094,32188817,32188323,494
ENSG00000233190,32232245,32231849,396
ENSG00000121644,244709033,244653103,55930
ENSG00000236905,212824505,212824027,478
ENSG00000137648,118121890,118077012,44878
ENSG00000185523,212847649,212830141,17508
ENSG00000232059,244694720,244694432,288
ENSG00000284188,244730962,244729898,1064
ENSG00000282317,244731586,244731024,562
ENSG00000236317,212855366,212855175,191
ENSG00000198468,212858126,212852105,6021
ENSG00000235182,212853426,212853280,146
ENSG00000233825,32347179,32346499,680
ENSG00000183955,123409353,123383773,25580
ENSG00000120616,32378798,32267751,111047
ENSG00000150977,123436717,123410683,26034
ENSG00000162769,212899363,212858275,41088
ENSG00000229327,32374488,32347397,27091
ENSG00000227253,32269474,32266289,3185
ENSG00000226842,32282829,32281686,1143
ENSG00000270445,123441852,123441517,335
ENSG00000249383,51335165,51312609,22556
ENSG00000249982,51334090,51332679,1411
ENSG00000279491,61969490,61967794,1696
ENSG00000184209,123473154,123457641,15513
ENSG00000253698,178352250,178350867,1383
ENSG00000271681,178345316,178344843,473
ENSG00000050767,178590393,178237618,352775
ENSG00000188026,123533719,123470054,63665
ENSG00000255274,118088299,118003634,84665
ENSG00000278112,123519856,123519390,466
ENSG00000245688,178443094,178438681,4413
ENSG00000274427,123515513,123515275,238
ENSG00000282718,212917577,212916787,790
ENSG00000169605,68980974,68974573,6401
ENSG00000249658,51336240,51335261,979
ENSG00000244176,62012602,62011751,851
ENSG00000153187,244864560,244840638,23922
ENSG00000267452,51445802,51336715,109087
ENSG00000254424,62073052,62072882,170
ENSG00000255553,62082184,62077277,4907
ENSG00000143494,212992037,212950520,41517
ENSG00000239405,128538631,128538020,611
ENSG00000285656,62123767,62116470,7297
ENSG00000187504,51503233,51502488,745
ENSG00000198685,128576086,128572000,4086
ENSG00000049541,74254458,74231499,22959
ENSG00000086598,123598582,123584533,14049
ENSG00000247373,123585115,123575891,9224
ENSG00000174606,213015867,212992182,23685
ENSG00000168955,227381995,227362156,19839
ENSG00000234569,119621880,119621068,812
ENSG00000227437,119639082,119638456,626
ENSG00000102225,47229997,47217860,12137
ENSG00000054523,10381603,10210805,170798
ENSG00000111361,123633766,123620406,13360
ENSG00000203667,244845057,244835616,9441
ENSG00000111364,123620943,123602077,18866
ENSG00000151929,119677819,119651370,26449
ENSG00000257084,6964447,6963246,1201
ENSG00000180902,241768816,241734602,34214
ENSG00000278861,123656128,123655528,600
ENSG00000111358,123662604,123633739,28865
ENSG00000234793,241755740,241754793,947
ENSG00000215692,241735498,241734715,783
ENSG00000126749,6997428,6970913,26515
ENSG00000279953,123650485,123649068,1417
ENSG00000284629,227387949,227387683,266
ENSG00000215021,6970825,6965327,5498
ENSG00000163902,128681075,128619969,61106
ENSG00000173744,227561214,227472152,89062
ENSG00000111684,7018477,6976185,42292
ENSG00000242551,128677005,128674735,2270
ENSG00000149503,62153169,62123998,29171
ENSG00000239701,7032398,7032108,290
ENSG00000182326,7071032,6988259,82773
ENSG00000136643,213274774,213051233,223541
ENSG00000154975,52160017,51630313,529704
ENSG00000271969,6965382,6964949,433
ENSG00000257078,7041641,7041156,485
ENSG00000232823,119683823,119683127,696
ENSG00000228646,213429077,213428708,369
ENSG00000225233,213546447,213492301,54146
ENSG00000228255,213794587,213731416,63171
ENSG00000100600,92748679,92703807,44872
ENSG00000281664,213926654,213924749,1905
ENSG00000230461,213988508,213817751,170757
ENSG00000279743,51763397,51761260,2137
ENSG00000274895,213986419,213983793,2626
ENSG00000117707,214041502,213983181,58321
ENSG00000113240,178630615,178602664,27951
ENSG00000272167,214030901,214028891,2010
ENSG00000285843,227587515,227587237,278
ENSG00000284643,227599255,227598893,362
ENSG00000284622,227609101,227608784,317
ENSG00000236116,227617790,227616998,792
ENSG00000042304,227648606,227610090,38516
ENSG00000109572,169723673,169612633,111040
ENSG00000284704,227614840,227614538,302
ENSG00000284631,227618655,227616998,1657
ENSG00000284667,227667061,227666804,257
ENSG00000283518,214187773,214051194,136579
ENSG00000135917,227718028,227683763,34265
ENSG00000228498,32987162,32987088,74
ENSG00000143499,214337131,214281102,56029
ENSG00000241104,43248646,43211791,36855
ENSG00000183668,43269530,43211791,57739
ENSG00000284725,227724757,227724440,317
ENSG00000284718,227728625,227728335,290
ENSG00000284635,227746681,227745845,836
ENSG00000226718,227778735,227778510,225
ENSG00000229172,227804705,227801840,2865
ENSG00000169604,69249327,69013178,236149
ENSG00000243215,33061428,33039313,22115
ENSG00000235307,33122227,33059372,62855
ENSG00000241296,33043825,33025327,18498
ENSG00000282413,119819133,119818866,267
ENSG00000225788,33061529,33061015,514
ENSG00000236607,62169828,62169293,535
ENSG00000198825,119829278,119726042,103236
ENSG00000168515,62193539,62190216,3323
ENSG00000239503,128749489,128748538,951
ENSG00000239483,128799201,128798841,360
ENSG00000075785,128814796,128726122,88674
ENSG00000242992,128765018,128764466,552
ENSG00000270300,119816642,119793589,23053
ENSG00000160948,144428563,144423601,4962
ENSG00000106665,74405943,74289475,116468
ENSG00000167194,30027736,30023334,4402
ENSG00000149926,30052978,30024427,28551
ENSG00000124935,62244812,62242239,2573
ENSG00000124939,62213943,62208673,5270
ENSG00000254404,62260549,62213427,47122
ENSG00000263317,52535701,52390515,145186
ENSG00000226364,52899588,52862121,37467
ENSG00000169131,178730659,178711512,19147
ENSG00000285978,178729335,178694605,34730
ENSG00000285891,178697695,178694605,3090
ENSG00000227011,52987652,52985513,2139
ENSG00000284735,10387150,10381906,5244
ENSG00000284642,10397432,10395416,2016
ENSG00000236123,43284318,43278933,5385
ENSG00000262902,53106358,53105734,624
ENSG00000274560,101696450,101696002,448
ENSG00000224672,201102957,201102089,868
ENSG00000232719,201103136,201101382,1754
ENSG00000141200,53825213,53822901,2312
ENSG00000262271,53435829,53434131,1698
ENSG00000262384,53682111,53681630,481
ENSG00000263189,53955324,53952936,2388
ENSG00000233380,53757870,53756989,881
ENSG00000262518,53439721,53438556,1165
ENSG00000263252,53354134,53353427,707
ENSG00000285939,54365634,53276760,1088874
ENSG00000230681,43304523,43303171,1352
ENSG00000111666,101744140,101696947,47193
ENSG00000110484,62273160,62270158,3002
ENSG00000231412,43331430,43329295,2135
ENSG00000244065,128844404,128843564,840
ENSG00000243022,128849399,128848673,726
ENSG00000242062,128853008,128852112,896
ENSG00000261159,128860526,128859716,810
ENSG00000139351,101739472,101728648,10824
ENSG00000197745,62299064,62296277,2787
ENSG00000250796,128870026,128869624,402
ENSG00000231305,128871540,128861313,10227
ENSG00000255213,62331813,62330946,867
ENSG00000117601,173917378,173903804,13574
ENSG00000162174,62393412,62337448,55964
ENSG00000111670,101830959,101745499,85460
ENSG00000255126,62393372,62391516,1856
ENSG00000254454,62373168,62371146,2022
ENSG00000255118,62338090,62336911,1179
ENSG00000258230,101773755,101773114,641
ENSG00000204936,43363172,43353686,9486
ENSG00000243509,63698684,63696652,2032
ENSG00000135870,174022297,173931214,91083
ENSG00000272396,43368970,43360685,8285
ENSG00000101246,63708025,63698642,9383
ENSG00000250420,178818435,178764861,53574
ENSG00000236535,174016206,174009267,6939
ENSG00000258153,101873623,101873316,307
ENSG00000224977,174022985,174022509,476
ENSG00000142657,10420511,10398592,21919
ENSG00000258308,101962390,101954998,7392
ENSG00000258288,101964340,101963901,439
ENSG00000257202,101924719,101923410,1309
ENSG00000136048,102012130,101877580,134550
ENSG00000241917,101936674,101936216,458
ENSG00000225713,174090474,174090136,338
ENSG00000261965,54478168,54477796,372
ENSG00000026036,63698684,63659300,39384
ENSG00000203896,63739103,63736283,2820
ENSG00000231208,63816521,63808076,8445
ENSG00000273154,63739103,63708864,30239
ENSG00000130584,63832038,63743666,88372
ENSG00000125520,63744050,63739776,4274
ENSG00000197114,63736142,63707465,28677
ENSG00000152061,174995308,174159410,835898
ENSG00000231245,32511737,32511336,401
ENSG00000229299,63745958,63744689,1269
ENSG00000273047,63740398,63738270,2128
ENSG00000274501,63730377,63730072,305
ENSG00000216937,32882874,32446140,436734
ENSG00000258366,63696253,63657810,38443
ENSG00000263199,54703430,54702936,494
ENSG00000263125,54754649,54754165,484
ENSG00000274813,178825571,178825382,189
ENSG00000235869,174922440,174922107,333
ENSG00000237249,174893155,174892417,738
ENSG00000227373,174160004,174115300,44704
ENSG00000229531,174954261,174934947,19314
ENSG00000231378,174850168,174849667,501
ENSG00000223525,174897996,174896958,1038
ENSG00000237317,174368039,174367105,934
ENSG00000223828,174757119,174756850,269
ENSG00000203737,174449198,174448111,1087
ENSG00000160949,144444440,144428775,15665
ENSG00000232600,144439971,144437675,2296
ENSG00000204933,43379123,43372742,6381
ENSG00000253725,178841134,178840097,1037
ENSG00000278441,178842235,178842028,207
ENSG00000131126,43418597,43401496,17101
ENSG00000178338,178888122,178859953,28169
ENSG00000056050,169757944,169729470,28474
ENSG00000003402,201176687,201116154,60533
ENSG00000149021,62423195,62405103,18092
ENSG00000270209,58553333,58552913,420
ENSG00000255446,62426724,62421845,4879
ENSG00000184292,58577773,58575423,2350
ENSG00000271989,10430677,10429881,796
ENSG00000102226,47248328,47232690,15638
ENSG00000241563,10451902,10449719,2183
ENSG00000175279,10442808,10430433,12375
ENSG00000251503,10452153,10430102,22051
ENSG00000185839,58631530,58630841,689
ENSG00000229204,169791702,169791221,481
ENSG00000248625,169833363,169832653,710
ENSG00000162601,58700080,58654740,45340
ENSG00000251200,169963334,169945981,17353
ENSG00000248319,169975902,169917761,58141
ENSG00000249955,169993806,169981747,12059
ENSG00000198948,170033031,169986597,46434
ENSG00000114656,129002690,128909866,92824
ENSG00000066455,92839947,92794305,45642
ENSG00000279507,128915060,128914833,227
ENSG00000114654,129040742,129001629,39113
ENSG00000177646,128916067,128879596,36471
ENSG00000006704,74602604,74453790,148814
ENSG00000226312,201157823,201140278,17545
ENSG00000234431,201167546,201166965,581
ENSG00000235579,201162680,201162484,196
ENSG00000232133,201140027,201137516,2511
ENSG00000198939,178933212,178895898,37314
ENSG00000213328,178910609,178909710,899
ENSG00000253869,178922716,178922064,652
ENSG00000120860,102062149,102012927,49222
ENSG00000124466,43465608,43460787,4821
ENSG00000271597,69252364,69251818,546
ENSG00000197771,119892556,119829404,63152
ENSG00000257058,62547699,62545999,1700
ENSG00000250659,62542018,62537312,4706
ENSG00000124942,62556235,62433542,122693
ENSG00000177098,118152888,118133377,19511
ENSG00000075188,102120120,102073103,47017
ENSG00000257222,102074820,102063355,11465
ENSG00000254578,144465101,144463817,1284
ENSG00000187954,144465677,144449582,16095
ENSG00000272431,178939223,178938677,546
ENSG00000178187,178966433,178941191,25242
ENSG00000183395,102197833,102196459,1374
ENSG00000283052,102463491,102304355,159136
ENSG00000273038,32889311,32887255,2056
ENSG00000185480,102197520,102120185,77335
ENSG00000274904,30064825,30064306,519
ENSG00000149925,30070457,30064164,6293
ENSG00000203469,10459338,10458555,783
ENSG00000142655,10630758,10472288,158470
ENSG00000258142,102230533,102230027,506
ENSG00000017427,102481744,102395874,85870
ENSG00000160049,10472529,10456522,16007
ENSG00000281344,102402596,102197585,205011
ENSG00000254035,178990116,178969390,20726
ENSG00000113262,178996206,178977587,18619
ENSG00000176531,43504935,43474954,29981
ENSG00000255508,62591531,62559603,31928
ENSG00000149016,62592177,62575045,17132
ENSG00000285043,30070420,30053090,17330
ENSG00000254772,62574086,62559596,14490
ENSG00000249081,41723512,41722538,974
ENSG00000198380,69387254,69319769,67485
ENSG00000249122,41757341,41750345,6996
ENSG00000109132,41748970,41744082,4888
ENSG00000250467,41824119,41748293,75826
ENSG00000254158,178998815,178997969,846
ENSG00000283445,58771295,58715609,55686
ENSG00000258742,92893506,92886352,7154
ENSG00000232957,33150271,33144838,5433
ENSG00000237623,47274390,47273366,1024
ENSG00000177606,58784327,58780788,3539
ENSG00000203402,47298721,47297852,869
ENSG00000258499,92907482,92905697,1785
ENSG00000234284,179035064,179023752,11312
ENSG00000232009,47392300,47389961,2339
ENSG00000147117,47414305,47370583,43722
ENSG00000249745,41843950,41842154,1796
ENSG00000234807,58901105,58785128,115977
ENSG00000232453,58903747,58882868,20879
ENSG00000231740,58851254,58838448,12806
ENSG00000272226,58813342,58812808,534
ENSG00000226556,47439774,47438736,1038
ENSG00000176472,43536130,43525497,10633
ENSG00000100604,92935285,92923150,12135
ENSG00000105755,43527230,43506719,20511
ENSG00000177932,179083537,179060415,23122
ENSG00000149575,118176673,118161951,14722
ENSG00000253144,179083194,179082680,514
ENSG00000245870,41882955,41872747,10208
ENSG00000249771,41894579,41883060,11519
ENSG00000107651,119944657,119892730,51927
ENSG00000160973,144476335,144473412,2923
ENSG00000167702,144474202,144466043,8159
ENSG00000147124,47482946,47445879,37067
ENSG00000228121,59000494,58999676,818
ENSG00000270457,59289640,59289303,337
ENSG00000235215,59078116,59055999,22117
ENSG00000241042,59056049,59054397,1652
ENSG00000224609,59296491,59131936,164555
ENSG00000237352,59240555,58933643,306912
ENSG00000196741,47484823,47483571,1252
ENSG00000235636,47513483,47512602,881
ENSG00000180230,119997709,119997086,623
ENSG00000223455,120070159,120069980,179
ENSG00000109576,170091699,170060222,31477
ENSG00000226826,33227649,33216374,11275
ENSG00000220842,120355183,120354701,482
ENSG00000224098,33220308,33219899,409
ENSG00000236177,33221223,33205017,16206
ENSG00000249887,41924380,41924180,200
ENSG00000078061,47571920,47561100,10820
ENSG00000102265,47586789,47582408,4381
ENSG00000008056,47619857,47571901,47956
ENSG00000126759,47630305,47623172,7133
ENSG00000283743,47628742,47575128,53614
ENSG00000234522,120440376,120434983,5393
ENSG00000273069,74607299,74606913,386
ENSG00000279005,74633884,74633510,374
ENSG00000203805,120589855,120456954,132901
ENSG00000169599,69437628,69395750,41878
ENSG00000275710,54964679,54964474,205
ENSG00000279059,54958426,54956760,1666
ENSG00000141198,54961956,54899387,62569
ENSG00000177234,120600124,120597949,2175
ENSG00000258730,93072152,93067452,4700
ENSG00000100605,93116320,92936914,179406
ENSG00000227165,120851345,120761812,89533
ENSG00000166260,54968785,54951902,16883
ENSG00000271670,120880667,120879256,1411
ENSG00000120008,120909524,120851305,58219
ENSG00000166263,55173632,54968727,204905
ENSG00000274461,120825311,120819307,6004
ENSG00000160593,118225094,118193740,31354
ENSG00000228816,32944999,32944481,518
ENSG00000235962,33058407,33057615,792
ENSG00000229878,33035664,33035469,195
ENSG00000234163,33023647,33023368,279
ENSG00000150093,33005792,32900318,105474
ENSG00000229656,33082102,32958845,123257
ENSG00000255163,118209211,118208932,279
ENSG00000248822,170100104,170099818,286
ENSG00000248739,170142532,170141292,1240
ENSG00000250266,170283079,170273919,9160
ENSG00000251061,170372311,170343089,29222
ENSG00000250082,170482195,170481695,500
ENSG00000181359,170605450,170581470,23980
ENSG00000250968,170743718,170742469,1249
ENSG00000249943,170814548,170814339,209
ENSG00000258595,93138465,93138066,399
ENSG00000248872,171059163,171040602,18561
ENSG00000130940,10796650,10636604,160046
ENSG00000165943,93184923,93182199,2724
ENSG00000249525,171114581,171113789,792
ENSG00000248755,171169942,171169209,733
ENSG00000248339,171298267,171289475,8792
ENSG00000249297,171638763,171536034,102729
ENSG00000251176,171564267,171553000,11267
ENSG00000272078,10654333,10639241,15092
ENSG00000087116,179345461,179110853,234608
ENSG00000153485,93187089,93184951,2138
ENSG00000259066,93218586,93184973,33613
ENSG00000240096,93224139,93223598,541
ENSG00000012963,93229215,93207241,21974
ENSG00000249505,129046921,129045763,1158
ENSG00000169704,129062406,129060767,1639
ENSG00000170270,93207065,93202894,4171
ENSG00000174473,173041559,171812254,1229305
ENSG00000149480,62601865,62593214,8651
ENSG00000248637,172380487,172380028,459
ENSG00000109133,41960803,41935129,25674
ENSG00000115977,69674349,69457997,216352
ENSG00000231024,69713847,69700192,13655
ENSG00000232228,69595058,69594741,317
ENSG00000196975,69827112,69644425,182687
ENSG00000269583,43575618,43574638,980
ENSG00000268361,43593036,43554692,38344
ENSG00000167378,43596135,43584369,11766
ENSG00000269177,43555494,43553445,2049
ENSG00000234465,43583964,43575801,8163
ENSG00000073050,43580473,43543040,37433
ENSG00000229948,69598951,69597353,1598
ENSG00000160588,118252365,118226690,25675
ENSG00000226883,59789182,59754747,34435
ENSG00000172456,59810647,59296638,514009
ENSG00000261796,129161036,129087575,73461
ENSG00000273174,129124003,129123439,564
ENSG00000240682,129161293,129127415,33878
ENSG00000172780,129122801,129087569,35232
ENSG00000253163,179378761,179377531,1230
ENSG00000253979,179378865,179377505,1360
ENSG00000253617,179385992,179385819,173
ENSG00000250674,179456095,179455415,680
ENSG00000225158,10895998,10895761,237
ENSG00000253652,179515579,179503322,12257
ENSG00000251545,179525074,179522457,2617
ENSG00000175262,10982037,10946471,35566
ENSG00000253520,179527513,179527224,289
ENSG00000236898,33237743,33232201,5542
ENSG00000109586,173323967,173168811,155156
ENSG00000167701,144507174,144502973,4201
ENSG00000245213,173169652,173131928,37724
ENSG00000248774,173329694,173322206,7488
ENSG00000149573,118264536,118253416,11120
ENSG00000255182,144505444,144495458,9986
ENSG00000160972,144502121,144477969,24152
ENSG00000241499,93244323,93244010,313
ENSG00000011114,93333092,93237550,95542
ENSG00000280032,118266817,118264593,2224
ENSG00000226513,33247752,33244216,3536
ENSG00000215785,10991797,10990978,819
ENSG00000126767,47650604,47635521,15083
ENSG00000182308,41986465,41981756,4709
ENSG00000272862,41989237,41988741,496
ENSG00000233387,33116672,33096257,20415
ENSG00000168379,33269193,33252873,16320
ENSG00000223447,33271451,33271325,126
ENSG00000198851,118316175,118304545,11630
ENSG00000249212,42030123,42029209,914
ENSG00000014824,42090461,41990502,99959
ENSG00000126756,47659180,47651796,7384
ENSG00000267064,47660377,47658833,1544
ENSG00000164104,173335125,173331695,3430
ENSG00000226763,43614497,43596617,17880
ENSG00000131116,43619629,43607224,12405
ENSG00000149923,30085376,30075978,9398
ENSG00000124444,43601157,43596392,4765
ENSG00000232541,33329578,33302792,26786
ENSG00000262648,74742121,74741457,664
ENSG00000232729,74729001,74688939,40062
ENSG00000263001,74760692,74650231,110461
ENSG00000176783,179610012,179550554,59458
ENSG00000244945,179603741,179595904,7837
ENSG00000249140,179572741,179572156,585
ENSG00000273437,129163940,129163606,334
ENSG00000238258,33213804,33211277,2527
ENSG00000099250,33336262,33177492,158770
ENSG00000149499,62612765,62602218,10547
ENSG00000227307,120980700,120925547,55153
ENSG00000278484,120985596,120984966,630
ENSG00000236762,121133723,121133090,633
ENSG00000227143,121185966,121178700,7266
ENSG00000149489,62615120,62611722,3398
ENSG00000164105,173377532,173369969,7563
ENSG00000272870,173370446,173349543,20903
ENSG00000254964,62606405,62606161,244
ENSG00000254992,118323083,118322789,294
ENSG00000134709,59876370,59814786,61584
ENSG00000188848,42152878,42110853,42025
ENSG00000285454,42268110,42151028,117082
ENSG00000224374,135260933,135259996,937
ENSG00000105767,43639850,43622368,17482
ENSG00000187893,47753456,47707191,46265
ENSG00000224656,47719099,47718002,1097
ENSG00000164106,173406380,173384701,21679
ENSG00000169714,129183922,129169484,14438
ENSG00000167286,118342744,118338954,3790
ENSG00000229968,47778697,47776827,1870
ENSG00000242882,173420137,173419245,892
ENSG00000286226,173446596,173445033,1563
ENSG00000188459,47804789,47803296,1493
ENSG00000225696,33356439,33355816,623
ENSG00000261646,173470041,173467833,2208
ENSG00000234251,33379802,33377903,1899
ENSG00000286039,173511764,173509633,2131
ENSG00000139194,7128889,7115736,13153
ENSG00000227794,33415676,33412156,3520
ENSG00000231573,33395155,33389703,5452
ENSG00000159403,7092607,7080209,12398
ENSG00000236014,33412193,33390441,21752
ENSG00000205885,7122501,7108052,14449
ENSG00000139178,7109238,7089587,19651
ENSG00000250781,42391268,42281830,109438
ENSG00000178343,42402487,42397488,4999
ENSG00000241673,129218350,129218093,257
ENSG00000273012,33341905,33341655,250
ENSG00000108924,55325187,55264960,60227
ENSG00000263096,55273653,55271504,2149
ENSG00000226412,33600040,33578931,21109
ENSG00000203565,33687064,33684755,2309
ENSG00000261683,33772658,33759713,12945
ENSG00000167700,144511213,144509070,2143
ENSG00000226407,33864723,33864313,410
ENSG00000223470,33917804,33909238,8566
ENSG00000262079,55327791,55325757,2034
ENSG00000213370,173634371,173633728,643
ENSG00000237125,173659696,173527270,132426
ENSG00000011422,43670547,43646095,24452
ENSG00000234801,173616906,173615936,970
ENSG00000164107,173530229,173524969,5260
ENSG00000221994,48071658,47983356,88302
ENSG00000120948,11026420,11012344,14076
ENSG00000171489,48009729,48004336,5393
ENSG00000277541,48066583,48056310,10273
ENSG00000224401,47841702,47840963,739
ENSG00000197779,48002561,47836902,165659
ENSG00000147118,48003978,47974851,29127
ENSG00000149922,30091887,30085793,6094
ENSG00000160654,118355161,118344344,10817
ENSG00000134716,59926773,59893308,33465
ENSG00000187581,93348356,93347191,1165
ENSG00000278396,93335057,93334528,529
ENSG00000133958,93707876,93333219,374657
ENSG00000009724,11047233,11026523,20710
ENSG00000277726,11030528,11012662,17866
ENSG00000271895,11030528,11029659,869
ENSG00000108960,55421924,55392622,29302
ENSG00000250616,30104116,30096430,7686
ENSG00000090238,30096915,30092314,4601
ENSG00000181789,129277773,129249606,28167
ENSG00000270723,69873819,69873565,254
ENSG00000087338,69881384,69829660,51724
ENSG00000261873,55511444,55448433,63011
ENSG00000275381,69844933,69844509,424
ENSG00000248283,42562425,42561457,968
ENSG00000240167,42472380,42471810,570
ENSG00000124406,42657105,42408373,248732
ENSG00000262135,55551649,55550931,718
ENSG00000236319,55561577,55526964,34613
ENSG00000149541,62622154,62615296,6858
ENSG00000166292,55732121,55719627,12494
ENSG00000283525,43700508,43690002,10506
ENSG00000124449,43720021,43716076,3945
ENSG00000229396,33469421,33469139,282
ENSG00000160957,144517845,144511288,6557
ENSG00000172425,118531197,118527472,3725
ENSG00000255384,118435206,118433121,2085
ENSG00000167283,118431496,118401606,29890
ENSG00000254873,118401895,118397095,4800
ENSG00000118096,118572970,118544528,28442
ENSG00000265393,144513672,144512567,1105
ENSG00000226538,33529636,33529535,101
ENSG00000141179,55842830,55750979,91851
ENSG00000269944,118416521,118415977,544
ENSG00000110344,118399211,118359585,39626
ENSG00000262052,55872939,55842677,30262
ENSG00000232733,33540720,33540223,497
ENSG00000233450,33550087,33531696,18391
ENSG00000255435,118531094,118511911,19183
ENSG00000095139,118603033,118572390,30643
ENSG00000260519,42657928,42657496,432
ENSG00000243431,118561580,118560690,890
ENSG00000118058,118526832,118436464,90368
ENSG00000149582,118547280,118531041,16239
ENSG00000285827,118482737,118401602,81135
ENSG00000162598,60073770,59987269,86501
ENSG00000171483,48120210,48107992,12218
ENSG00000102886,30113537,30104810,8727
ENSG00000261367,30110541,30107675,2866
ENSG00000275371,30111955,30110895,1060
ENSG00000171478,48132613,48130657,1956
ENSG00000229332,60097976,60097415,561
ENSG00000238242,60149679,60114875,34804
ENSG00000230241,48136159,48135658,501
ENSG00000226476,60640491,60515716,124775
ENSG00000233139,48155941,48153868,2073
ENSG00000279610,63843915,63843436,479
ENSG00000268858,63864293,63861212,3081
ENSG00000183260,63862988,63861498,1490
ENSG00000225198,48166350,48156367,9983
ENSG00000270742,61125202,61124733,469
ENSG00000162599,61462788,60865259,597529
ENSG00000231252,60867998,60659631,208367
ENSG00000237853,61253510,61248945,4565
ENSG00000237928,60970776,60940239,30537
ENSG00000238032,48178023,48177731,292
ENSG00000204648,48306179,48296816,9363
ENSG00000165583,48196763,48186220,10543
ENSG00000126752,48267444,48255317,12127
ENSG00000229662,48245745,48244894,851
ENSG00000241207,48277578,48276704,874
ENSG00000237345,48281792,48279423,2369
ENSG00000204368,48218010,48212791,5219
ENSG00000231568,48228959,48228833,126
ENSG00000234780,48199431,48197221,2210
ENSG00000232813,48275047,48274904,143
ENSG00000059728,69942945,69897688,45257
ENSG00000124380,69905575,69893956,11619
ENSG00000175785,93788485,93718298,70187
ENSG00000066468,121598458,121478334,120124
ENSG00000279593,93897759,93895762,1997
ENSG00000140067,93929608,93918894,10714
ENSG00000258584,93927066,93904730,22336
ENSG00000264101,5862741,5862672,69
ENSG00000279724,102188828,102188599,229
ENSG00000263676,12191773,12191713,60
ENSG00000264309,19760083,19760004,79
ENSG00000265917,95309984,95309923,61
ENSG00000274822,113291608,113291523,85
ENSG00000274700,28315770,28315693,77
ENSG00000266325,77698116,77698012,104
ENSG00000208027,101055491,101055419,72
ENSG00000274816,57772352,57772289,63
ENSG00000266107,82668307,82668233,74
ENSG00000283685,53751297,53751211,86
ENSG00000284378,231713398,231713314,84
ENSG00000284433,63941544,63941465,79
ENSG00000284575,48644280,48644194,86
ENSG00000275067,127575331,127575266,65
ENSG00000277359,54208260,54201473,6787
ENSG00000277402,31355316,31355224,92
ENSG00000221325,36919432,36919357,75
ENSG00000212100,114639519,114639435,84
ENSG00000206609,25076020,25075929,91
ENSG00000200366,93977135,93977029,106
ENSG00000200502,37160237,37160137,100
ENSG00000206858,10726004,10725903,101
ENSG00000238558,132963793,132963732,61
ENSG00000273943,54156191,54138182,18009
ENSG00000265156,31827386,31827320,66
ENSG00000284332,30503,30366,137
ENSG00000283296,112461833,112461770,63
ENSG00000212529,172252478,172252334,144
ENSG00000276584,153962420,153962351,69
ENSG00000277444,144521116,144521039,77
ENSG00000263390,170151462,170151378,84
ENSG00000266174,228462152,228462074,78
ENSG00000202205,29445400,29445300,100
ENSG00000207930,24275781,24275685,96
ENSG00000200530,49497806,49497720,86
ENSG00000221184,68759414,68759318,96
ENSG00000221365,57194576,57194504,72
ENSG00000207500,27255135,27255064,71
ENSG00000283762,91351135,91351065,70
ENSG00000283840,100277417,100277357,60
ENSG00000199739,45274477,45274359,118
ENSG00000221614,101044283,101044198,85
ENSG00000284329,89368106,89368017,89
ENSG00000206697,73227260,73227147,113
ENSG00000278517,4970150,4970086,64
ENSG00000252067,23600138,23600026,112
ENSG00000284114,49832099,49832018,81
ENSG00000221017,53672040,53671968,72
ENSG00000222624,65416006,65415816,190
ENSG00000221760,26555323,26555212,111
ENSG00000263573,15496308,15496239,69
ENSG00000252366,101472456,101472339,117
ENSG00000263593,72878663,72878591,72
ENSG00000283678,132217918,132217849,69
ENSG00000194297,119331525,119331397,128
ENSG00000207714,149062409,149062313,96
ENSG00000266890,174751787,174751734,53
ENSG00000206976,3922703,3922567,136
ENSG00000207577,106784220,106784125,95
ENSG00000195024,21381506,21381363,143
ENSG00000265598,158591696,158591616,80
ENSG00000207816,64379257,64379149,108
ENSG00000202147,6017114,6016996,118
ENSG00000263575,6007904,6007826,78
ENSG00000200706,38207345,38207274,71
ENSG00000243035,77947772,77947497,275
ENSG00000199564,41292916,41292798,118
ENSG00000212229,67210480,67210408,72
ENSG00000202461,12024124,12024012,112
ENSG00000252563,41467028,41466937,91
ENSG00000251857,66066338,66066221,117
ENSG00000278818,55285558,55285227,331
ENSG00000200486,25189495,25189414,81
ENSG00000222644,75829589,75829454,135
ENSG00000200079,107461669,107461560,109
ENSG00000202526,228637214,228637096,118
ENSG00000202350,45843740,45843634,106
ENSG00000274638,55006759,54970903,35856
ENSG00000202306,93397234,93397139,95
ENSG00000270384,145431693,145431527,166
ENSG00000199565,153726353,153726252,101
ENSG00000265813,153200017,153199700,317
ENSG00000273570,97496057,97495932,125
ENSG00000275752,54264680,54264578,102
ENSG00000253075,100487787,100487544,243
ENSG00000277034,38421774,38421647,127
ENSG00000253059,35756463,35756327,136
ENSG00000207189,123349100,123348999,101
ENSG00000206621,25080233,25080142,91
ENSG00000266016,64622605,64622509,96
ENSG00000212455,18040733,18040606,127
ENSG00000253047,150600659,150600539,120
ENSG00000211491,40727875,40727828,47
ENSG00000253087,134780627,134780527,100
ENSG00000201423,144535670,144535354,316
ENSG00000199157,23388666,23388596,70
ENSG00000201466,12760818,12760717,101
ENSG00000278098,51314109,51314034,75
ENSG00000200377,153446883,153446813,70
ENSG00000200613,109120986,109120878,108
ENSG00000273606,2692919,2692861,58
ENSG00000200976,29758859,29758758,101
ENSG00000274620,37615039,37614931,108
ENSG00000266410,33177602,33177507,95
ENSG00000278672,50768730,50768650,80
ENSG00000264519,63798071,63797784,287
ENSG00000238370,589589,589530,59
ENSG00000276181,12852327,12852260,67
ENSG00000220986,69160939,69160806,133
ENSG00000264259,32505847,32505701,146
ENSG00000284544,45639087,45638994,93
ENSG00000207987,53729925,53729838,87
ENSG00000280889,133349618,133349544,74
ENSG00000206723,48724561,48724455,106
ENSG00000264089,12199201,12199130,71
ENSG00000244372,160877850,160877547,303
ENSG00000284252,177212799,177212726,73
ENSG00000244532,6784161,6783854,307
ENSG00000252268,35751935,35751828,107
ENSG00000284180,188995692,188995630,62
ENSG00000276784,73944663,73944595,68
ENSG00000206752,116850945,116850839,106
ENSG00000275818,30007113,30007049,64
ENSG00000200680,25176913,25176832,81
ENSG00000266508,48274415,48274364,51
ENSG00000252990,39620464,39620345,119
ENSG00000264477,121049715,121049640,75
ENSG00000239820,67751544,67751228,316
ENSG00000263634,159282734,159282646,88
ENSG00000223126,94009047,94008739,308
ENSG00000239923,14223325,14223041,284
ENSG00000283682,76575626,76575551,75
ENSG00000206950,14332663,14332555,108
ENSG00000221369,147344717,147344629,88
ENSG00000207468,119060138,119060011,127
ENSG00000273677,32436447,32436311,136
ENSG00000265135,55508926,55508850,76
ENSG00000272051,55484972,55484871,101
ENSG00000223315,127408148,127407851,297
ENSG00000283359,82840224,82840155,69
ENSG00000221066,70538098,70538005,93
ENSG00000266807,131792231,131792172,59
ENSG00000212395,131782958,131782860,98
ENSG00000238719,97913117,97913054,63
ENSG00000265878,71307770,71307672,98
ENSG00000239625,30366299,30366064,235
ENSG00000283764,144791991,144791931,60
ENSG00000242999,74846209,74845910,299
ENSG00000207609,20716188,20716105,83
ENSG00000201820,51254023,51253933,90
ENSG00000201151,35117207,35117136,71
ENSG00000264163,134850272,134850125,147
ENSG00000223040,2089211,2088933,278
ENSG00000263941,233205479,233205199,280
ENSG00000207361,28416551,28416448,103
ENSG00000284157,134170278,134170198,80
ENSG00000201679,25197656,25197576,80
ENSG00000207317,140019592,140019492,100
ENSG00000221081,140926219,140926172,47
ENSG00000274072,65506173,65506117,56
ENSG00000201816,56079594,56079394,200
ENSG00000252963,20356896,20356653,243
ENSG00000252279,43445613,43445507,106
ENSG00000278527,62854285,62854161,124
ENSG00000274597,54940445,54940339,106
ENSG00000201016,25701324,25701217,107
ENSG00000264017,89091242,89090946,296
ENSG00000251751,157930725,157930492,233
ENSG00000238597,28723753,28723682,71
ENSG00000273937,149348,149259,89
ENSG00000244218,128761598,128761338,260
ENSG00000200331,78315025,78314916,109
ENSG00000251908,14250341,14250232,109
ENSG00000201612,27806390,27806082,308
ENSG00000238616,151201444,151201341,103
ENSG00000251821,127892082,127891991,91
ENSG00000200872,48475600,48475487,113
ENSG00000222721,167663302,167662986,316
ENSG00000201351,90177330,90177222,108
ENSG00000200537,117015992,117015897,95
ENSG00000241082,62936234,62935982,252
ENSG00000223197,155089538,155089439,99
ENSG00000252041,24132837,24132705,132
ENSG00000199299,75861157,75861048,109
ENSG00000199407,13727916,13727796,120
ENSG00000222365,49280409,49280319,90
ENSG00000222777,39546244,39546104,140
ENSG00000207368,195419546,195419436,110
ENSG00000206921,161401395,161401289,106
ENSG00000277625,15183273,15183174,99
ENSG00000275587,45538379,45538099,280
ENSG00000200759,151022852,151022746,106
ENSG00000281808,136726879,136726748,131
ENSG00000275304,54539952,54539846,106
ENSG00000212495,94003922,94003815,107
ENSG00000212620,79843228,79843102,126
ENSG00000252108,68159146,68159061,85
ENSG00000277946,97998622,97998325,297
ENSG00000207416,36986851,36986739,112
ENSG00000222457,154297748,154297650,98
ENSG00000222244,79264573,79264454,119
ENSG00000201312,185015067,185014951,116
ENSG00000222713,117301758,117301455,303
ENSG00000238884,79800195,79800133,62
ENSG00000252839,73246880,73246818,62
ENSG00000201708,38163515,38163403,112
ENSG00000251742,181835108,181834865,243
ENSG00000201292,166209506,166209403,103
ENSG00000238560,76523706,76523605,101
ENSG00000240545,56794642,56794348,294
ENSG00000253083,147713554,147713455,99
ENSG00000266759,31650811,31650698,113
ENSG00000252083,23972294,23972188,106
ENSG00000221719,2796532,2796408,124
ENSG00000252971,20290358,20290257,101
ENSG00000274841,137638408,137638128,280
ENSG00000277635,109295498,109295239,259
ENSG00000242976,153755680,153755382,298
ENSG00000238457,108668508,108668448,60
ENSG00000222920,51027852,51027747,105
ENSG00000201368,35429277,35429064,213
ENSG00000200790,21866316,21866210,106
ENSG00000212528,25268551,25268466,85
ENSG00000283675,19420342,19420279,63
ENSG00000252112,30246820,30246757,63
ENSG00000274408,146539663,146539541,122
ENSG00000252947,27834566,27834401,165
ENSG00000252349,19662090,19662000,90
ENSG00000278457,380726,380608,118
ENSG00000212325,100398446,100398352,94
ENSG00000252585,27752986,27752874,112
ENSG00000200534,132817348,132817219,129
ENSG00000199634,158395534,158395394,140
ENSG00000283509,129819876,129819777,99
ENSG00000274868,8388987,8388898,89
ENSG00000278050,65423742,65423638,104
ENSG00000265325,31580638,31580561,77
ENSG00000200547,116452627,116452536,91
ENSG00000207306,48196786,48196680,106
ENSG00000253006,229236609,229236340,269
ENSG00000199585,211535769,211535653,116
ENSG00000206918,57512555,57512450,105
ENSG00000251744,139108534,139108430,104
ENSG00000199851,28015777,28015568,209
ENSG00000199331,109042487,109042386,101
ENSG00000207384,139200513,139200395,118
ENSG00000222747,21369899,21369790,109
ENSG00000241834,41840339,41840059,280
ENSG00000238913,73828073,73828012,61
ENSG00000277524,136134035,136133912,123
ENSG00000201184,103567545,103567405,140
ENSG00000251861,204728106,204727991,115
ENSG00000252411,35594273,35594173,100
ENSG00000200090,47726992,47726894,98
ENSG00000253020,174632064,174631823,241
ENSG00000201426,110727121,110727021,100
ENSG00000251783,42605263,42605158,105
ENSG00000212497,12028021,12027913,108
ENSG00000201134,151841837,151841736,101
ENSG00000207012,72047951,72047873,78
ENSG00000253093,16854114,16853994,120
ENSG00000221514,70529588,70529509,79
ENSG00000200355,172771405,172771277,128
ENSG00000201282,73011245,73011144,101
ENSG00000201876,73968206,73968123,83
ENSG00000207101,41803450,41803349,101
ENSG00000201135,12077984,12077881,103
ENSG00000271907,115126444,115126316,128
ENSG00000253056,48180389,48180328,61
ENSG00000278670,55043883,55019324,24559
ENSG00000222206,27223427,27223319,108
ENSG00000200407,41448844,41448742,102
ENSG00000223023,23024703,23024596,107
ENSG00000206903,65285591,65285461,130
ENSG00000202428,57536358,57536252,106
ENSG00000243103,50637981,50637691,290
ENSG00000276383,30051570,30051467,103
ENSG00000202225,120981553,120981426,127
ENSG00000222826,138863895,138863597,298
ENSG00000280836,45581321,45581219,102
ENSG00000277217,129170238,129170092,146
ENSG00000252919,49592337,49592236,101
ENSG00000221125,49949527,49949316,211
ENSG00000275635,23137864,23137805,59
ENSG00000201547,67408881,67408774,107
ENSG00000266308,75895302,75895040,262
ENSG00000277776,54955210,54931214,23996
ENSG00000276052,189709714,189709539,175
ENSG00000199460,69182983,69182877,106
ENSG00000252355,43435397,43435132,265
ENSG00000241587,66324152,66323855,297
ENSG00000238456,46660760,46660658,102
ENSG00000222652,76092940,76092834,106
ENSG00000252289,10092993,10092875,118
ENSG00000274703,54102740,54094681,8059
ENSG00000265071,33128507,33128412,95
ENSG00000264591,31523355,31523278,77
ENSG00000264610,98431360,98431292,68
ENSG00000276610,24985166,24985100,66
ENSG00000276639,45691776,45691704,72
ENSG00000277892,61878278,61878216,62
ENSG00000266435,32419628,32419522,106
ENSG00000263838,47187891,47187812,79
ENSG00000274693,3070151,3069977,174
ENSG00000275967,124337242,124337181,61
ENSG00000198982,101025077,101025017,60
ENSG00000201155,101779048,101778884,164
ENSG00000207934,101040299,101040219,80
ENSG00000207207,85434619,85434507,112
ENSG00000276311,16368942,16368876,66
ENSG00000283721,40026409,40026332,77
ENSG00000280126,17603127,17602910,217
ENSG00000263409,4932740,4932687,53
ENSG00000221406,224257141,224257004,137
ENSG00000264102,46376484,46376402,82
ENSG00000275640,10829035,10828973,62
ENSG00000272458,100884576,100884483,93
ENSG00000284034,35345627,35345513,114
ENSG00000265871,90006841,90006755,86
ENSG00000275449,101973591,101973524,67
ENSG00000207773,45675024,45674928,96
ENSG00000274418,54991632,54972739,18893
ENSG00000275360,76098076,76098019,57
ENSG00000278328,55239976,55239912,64
ENSG00000276221,26591535,26591467,68
ENSG00000284268,10403538,10403458,80
ENSG00000207548,55983076,55982967,109
ENSG00000284387,13836359,13836287,72
ENSG00000266078,60387445,60387362,83
ENSG00000207711,53697617,53697533,84
ENSG00000265252,219549147,219549073,74
ENSG00000276917,79866583,79866495,88
ENSG00000283506,140586685,140586626,59
ENSG00000216035,29602346,29602264,82
ENSG00000266104,63286866,63286808,58
ENSG00000208023,20033220,20033139,81
ENSG00000283688,112299688,112299612,76
ENSG00000264084,85385792,85385710,82
ENSG00000266750,2854107,2854031,76
ENSG00000265395,133371663,133371556,107
ENSG00000207769,45197770,45197674,96
ENSG00000207651,188688866,188688781,85
ENSG00000284458,93733764,93733674,90
ENSG00000276580,6622220,6622124,96
ENSG00000276176,128522449,128522390,59
ENSG00000283420,6827921,6827853,68
ENSG00000207600,11035302,11035206,96
ENSG00000278038,49966511,49966399,112
ENSG00000199153,134804945,134804876,69
ENSG00000273945,35732995,35732922,73
ENSG00000265793,21843824,21843750,74
ENSG00000252583,147250230,147250151,79
ENSG00000283941,123111643,123111546,97
ENSG00000284284,50360410,50360329,81
ENSG00000200444,83824953,83824863,90
ENSG00000278756,136746970,136746893,77
ENSG00000263643,83067415,83067335,80
ENSG00000251823,228558339,228558296,43
ENSG00000208005,134546398,134546328,70
ENSG00000266148,39676779,39676721,58
ENSG00000207367,48777071,48776965,106
ENSG00000216056,146027872,146027794,78
ENSG00000207799,53722255,53722166,89
ENSG00000283904,25574044,25573980,64
ENSG00000206730,17578739,17578631,108
ENSG00000252431,151280612,151280515,97
ENSG00000278401,24023387,24022930,457
ENSG00000207625,35744559,35744476,83
ENSG00000223327,80585773,80585585,188
ENSG00000251729,97472252,97472126,126
ENSG00000264974,175369621,175369540,81
ENSG00000264926,23929147,23929070,77
ENSG00000274309,38448215,38448084,131
ENSG00000200443,27035991,27035887,104
ENSG00000276489,195882395,195882329,66
ENSG00000265375,89063411,89063335,76
ENSG00000201028,111650537,111650431,106
ENSG00000207944,38868127,38868032,95
ENSG00000266570,79422226,79422169,57
ENSG00000207167,19012263,19012157,106
ENSG00000265105,29747922,29747821,101
ENSG00000275859,1390411,1390314,97
ENSG00000276326,37033813,37033745,68
ENSG00000201896,119712145,119711830,315
ENSG00000277986,231711647,231711525,122
ENSG00000266665,79707249,79707176,73
ENSG00000212024,29680828,29680734,94
ENSG00000202227,48502024,48501922,102
ENSG00000266530,37657215,37657135,80
ENSG00000207582,134800607,134800520,87
ENSG00000251799,56818314,56818218,96
ENSG00000284159,6416511,6416410,101
ENSG00000199856,7995785,7995570,215
ENSG00000221187,95063226,95063141,85
ENSG00000208797,151103891,151103827,64
ENSG00000269782,15449608,15449548,60
ENSG00000207229,55040945,55040847,98
ENSG00000221806,18611167,18611047,120
ENSG00000283734,160407882,160407810,72
ENSG00000249020,131479233,131479097,136
ENSG00000275355,76841102,76840838,264
ENSG00000221601,159318167,159318042,125
ENSG00000264810,239085926,239085827,99
ENSG00000264030,10280891,10280628,263
ENSG00000207130,128714705,128714571,134
ENSG00000199562,10299072,10298966,106
ENSG00000208018,50585879,50585786,93
ENSG00000252222,184821489,184821428,61
ENSG00000207381,54317887,54317781,106
ENSG00000275167,45478326,45478266,60
ENSG00000277415,30053354,30053279,75
ENSG00000222383,10752926,10752791,135
ENSG00000263458,184938440,184938383,57
ENSG00000201922,103160124,103159960,164
ENSG00000239106,24625513,24625411,102
ENSG00000263649,32749979,32749912,67
ENSG00000201813,195670474,195670372,102
ENSG00000252034,46077099,46077004,95
ENSG00000263407,9048518,9048445,73
ENSG00000252223,130109310,130109204,106
ENSG00000238963,154905206,154905076,130
ENSG00000238713,145149649,145149537,112
ENSG00000283188,74705747,74705693,54
ENSG00000251993,22298706,22298594,112
ENSG00000276274,77777055,77776951,104
ENSG00000266255,36823599,36823539,60
ENSG00000201386,112971599,112971493,106
ENSG00000238694,34966344,34966241,103
ENSG00000284179,83969857,83969748,109
ENSG00000201395,36594147,36593839,308
ENSG00000242436,32655308,32655016,292
ENSG00000207726,114209529,114209434,95
ENSG00000206604,142145555,142145454,101
ENSG00000201014,71913856,71913738,118
ENSG00000276823,48524806,48524480,326
ENSG00000263816,132945771,132945707,64
ENSG00000200421,37738054,37737955,99
ENSG00000253060,171768175,171768070,105
ENSG00000200393,53653791,53653685,106
ENSG00000207873,147213591,147213463,128
ENSG00000222499,157017696,157017342,354
ENSG00000206728,23273910,23273807,103
ENSG00000212411,29575381,29575306,75
ENSG00000277553,27206303,27206139,164
ENSG00000206852,41298265,41298163,102
ENSG00000206714,78317137,78317036,101
ENSG00000221015,51611562,51611438,124
ENSG00000251858,41594591,41594463,128
ENSG00000276895,391079,390790,289
ENSG00000200733,89837237,89837170,67
ENSG00000206627,52805212,52805108,104
ENSG00000277916,29171453,29171285,168
ENSG00000199859,157201668,157201562,106
ENSG00000253739,38166118,38166012,106
ENSG00000199697,62684010,62683905,105
ENSG00000202445,94507844,94507738,106
ENSG00000200871,29134120,29134014,106
ENSG00000200560,63573345,63573242,103
ENSG00000278511,30025519,30025452,67
ENSG00000200714,65592820,65592731,89
ENSG00000241568,35049563,35049271,292
ENSG00000196274,76230390,76230048,342
ENSG00000200650,188276844,188276732,112
ENSG00000201713,25025126,25025007,119
ENSG00000239398,59973207,59972914,293
ENSG00000238761,112371107,112371004,103
ENSG00000222107,125351131,125350868,263
ENSG00000200391,43864005,43863893,112
ENSG00000275881,62393880,62393607,273
ENSG00000242341,178378220,178377924,296
ENSG00000278701,20341045,20340743,302
ENSG00000252156,75768158,75768059,99
ENSG00000212358,17071505,17071398,107
ENSG00000238750,128344142,128344081,61
ENSG00000251773,86235424,86235321,103
ENSG00000252644,91091138,91091077,61
ENSG00000274051,76721396,76721216,180
ENSG00000201701,32037653,32037526,127
ENSG00000243546,68236539,68236243,296
ENSG00000202175,33492098,33491983,115
ENSG00000201791,178753772,178753654,118
ENSG00000265633,30943117,30942815,302
ENSG00000274547,44939028,44938833,195
ENSG00000206649,80317069,80316939,130
ENSG00000202360,101138313,101137959,354
ENSG00000207431,146639769,146639700,69
ENSG00000202167,143652215,143652050,165
ENSG00000238575,2555492,2555358,134
ENSG00000207121,149934483,149934376,107
ENSG00000207136,50633376,50633273,103
ENSG00000223225,118606553,118606450,103
ENSG00000275133,30050772,30050669,103
ENSG00000222436,108941310,108940969,341
ENSG00000201925,228641686,228641568,118
ENSG00000273573,181669028,181668749,279
ENSG00000202478,63783904,63783801,103
ENSG00000212138,109060100,109059986,114
ENSG00000206700,48344315,48344209,106
ENSG00000272025,65158860,65158662,198
ENSG00000251919,72621827,72621766,61
ENSG00000238650,56073901,56073835,66
ENSG00000199319,142673904,142673597,307
ENSG00000199556,45117888,45117771,117
ENSG00000206840,37994975,37994863,112
ENSG00000238622,10801608,10801467,141
ENSG00000199394,48892228,48892130,98
ENSG00000199455,130114510,130114409,101
ENSG00000202189,20787055,20786927,128
ENSG00000206812,75109693,75109587,106
ENSG00000201672,100936565,100936491,74
ENSG00000206982,128584491,128584390,101
ENSG00000241406,41807973,41807677,296
ENSG00000275033,95662598,95662480,118
ENSG00000262710,153803052,153802951,101
ENSG00000251811,43472596,43472477,119
ENSG00000212387,186501215,186501109,106
ENSG00000243011,112856162,112855874,288
ENSG00000275394,30263264,30263132,132
ENSG00000201218,7102681,7102573,108
ENSG00000206999,75183147,75183045,102
ENSG00000222428,68724048,68723911,137
ENSG00000212219,151900374,151900275,99
ENSG00000199701,94713812,94713715,97
ENSG00000264777,28915710,28915611,99
ENSG00000251952,29191808,29191697,111
ENSG00000200755,173969436,173969318,118
ENSG00000222701,30471703,30471587,116
ENSG00000207251,27265683,27265580,103
ENSG00000199700,135960809,135960703,106
ENSG00000241391,149291646,149291352,294
ENSG00000222114,137687994,137687891,103
ENSG00000207430,30581316,30581184,132
ENSG00000201602,248595033,248594925,108
ENSG00000239555,55291675,55291379,296
ENSG00000253043,130004601,130004528,73
ENSG00000202186,47484381,47484278,103
ENSG00000252178,123772139,123772078,61
ENSG00000202058,42565330,42565048,282
ENSG00000206676,37050930,37050828,102
ENSG00000199222,21481817,21481716,101
ENSG00000242175,78899154,78898855,299
ENSG00000202060,44071701,44071583,118
ENSG00000251893,75689304,75689152,152
ENSG00000278732,31975448,31975167,281
ENSG00000207034,2779057,2778941,116
ENSG00000264047,43904693,43904412,281
ENSG00000201342,170057429,170057301,128
ENSG00000222874,46859672,46859333,339
ENSG00000277198,47042105,47041825,280
ENSG00000199886,42398651,42398550,101
ENSG00000201371,27722392,27722284,108
ENSG00000266035,32036240,32036120,120
ENSG00000271394,35889804,35889558,246
ENSG00000199796,46306577,46306470,107
ENSG00000252945,50844712,50844625,87
ENSG00000263418,32118041,32117921,120
ENSG00000251750,240653477,240653367,110
ENSG00000201967,32863092,32862800,292
ENSG00000207199,39018683,39018615,68
ENSG00000262354,69191215,69191115,100
ENSG00000252772,92821079,92820977,102
ENSG00000277371,125869576,125869295,281
ENSG00000242201,194145971,194145674,297
ENSG00000251748,33868665,33868540,125
ENSG00000201119,145463399,145463238,161
ENSG00000201563,32705506,32705403,103
ENSG00000283300,28743291,28743208,83
ENSG00000209582,7574847,7574713,134
ENSG00000274640,25042040,25041974,66
ENSG00000251842,149057656,149057554,102
ENSG00000200256,75835323,75835215,108
ENSG00000252618,40374176,40374089,87
ENSG00000200806,107884611,107884494,117
ENSG00000200356,73279168,73279062,106
ENSG00000278497,20571175,20570886,289
ENSG00000274819,97532958,97532691,267
ENSG00000238632,25598625,25598564,61
ENSG00000212258,7047336,7047227,109
ENSG00000201367,15315026,15314920,106
ENSG00000241217,56670746,56670450,296
ENSG00000238943,8592585,8592476,109
ENSG00000222810,72377169,72376979,190
ENSG00000273750,48723314,48723188,126
ENSG00000252752,93010351,93010257,94
ENSG00000278397,30047775,30047700,75
ENSG00000266132,29582251,29582168,83
ENSG00000265795,28915733,28915634,99
ENSG00000200343,228626027,228625909,118
ENSG00000251964,14643848,14643787,61
ENSG00000199715,18273266,18273165,101
ENSG00000278261,76561705,76561634,71
ENSG00000244197,21790845,21790537,308
ENSG00000273788,72726337,72726122,215
ENSG00000199731,32234875,32234766,109
ENSG00000212329,14190806,14190700,106
ENSG00000207183,12411501,12411398,103
ENSG00000222266,134715582,134715483,99
ENSG00000201744,96152403,96152297,106
ENSG00000201421,185251411,185251313,98
ENSG00000252129,15574198,15574019,179
ENSG00000222544,95438843,95438737,106
ENSG00000274098,67791782,67791499,283
ENSG00000252363,8511188,8511125,63
ENSG00000206678,137105458,137105352,106
ENSG00000238949,66728904,66728843,61
ENSG00000222579,104851918,104851824,94
ENSG00000208839,114630924,114630797,127
ENSG00000202490,63618144,63618043,101
ENSG00000206898,10296180,10296047,133
ENSG00000210839,73026873,73026748,125
ENSG00000243333,119306631,119306343,288
ENSG00000199378,100021906,100021804,102
ENSG00000200922,71902550,71902455,95
ENSG00000199525,112252378,112252258,120
ENSG00000221705,52063474,52063347,127
ENSG00000200709,45551603,45551485,118
ENSG00000202169,61906408,61906313,95
ENSG00000244297,38744386,38744086,300
ENSG00000260682,81962243,81961926,317
ENSG00000207325,32763552,32763438,114
ENSG00000238519,30385091,30384959,132
ENSG00000207269,100733386,100733058,328
ENSG00000201558,146052244,146052081,163
ENSG00000278188,16141872,16141767,105
ENSG00000200635,55582834,55582733,101
ENSG00000207356,39944998,39944890,108
ENSG00000200941,4386556,4386410,146
ENSG00000252603,41722131,41722043,88
ENSG00000264963,94151080,94150738,342
ENSG00000277031,30560934,30560644,290
ENSG00000206875,42018514,42018408,106
ENSG00000251936,147849982,147849884,98
ENSG00000223056,25964273,25963983,290
ENSG00000252255,125649887,125649746,141
ENSG00000207320,3641555,3641443,112
ENSG00000263764,39319113,39319050,63
ENSG00000252132,38043975,38043873,102
ENSG00000222160,107650892,107650789,103
ENSG00000252935,78398622,78398515,107
ENSG00000244264,41122171,41121876,295
ENSG00000206981,31497683,31497577,106
ENSG00000212172,22195629,22195469,160
ENSG00000222371,68158408,68158079,329
ENSG00000207408,53324674,53324562,112
ENSG00000277846,62853732,62853663,69
ENSG00000252984,57405175,57405074,101
ENSG00000195401,68735823,68735720,103
ENSG00000252390,31594206,31594093,113
ENSG00000212564,15614389,15614283,106
ENSG00000201527,23160971,23160857,114
ENSG00000202469,10061323,10061222,101
ENSG00000266081,32572207,32572064,143
ENSG00000263968,85659675,85659378,297
ENSG00000212377,72453967,72453902,65
ENSG00000200326,27280436,27280318,118
ENSG00000238709,16767905,16767844,61
ENSG00000212133,88383597,88383494,103
ENSG00000251906,104974771,104974672,99
ENSG00000278040,75016848,75016681,167
ENSG00000239794,91830066,91829774,292
ENSG00000199990,140711373,140711275,98
ENSG00000283452,75086514,75086368,146
ENSG00000276787,31094547,31055318,39229
ENSG00000200572,134142340,134142228,112
ENSG00000212610,218541899,218541690,209
ENSG00000239182,118738182,118738055,127
ENSG00000277091,33890146,33890040,106
ENSG00000199845,123283034,123282916,118
ENSG00000199290,29750472,29750371,101
ENSG00000276229,44935368,44935294,74
ENSG00000223047,34926882,34926775,107
ENSG00000207168,56060602,56060470,132
ENSG00000201000,142411171,142411053,118
ENSG00000274323,54264425,54264323,102
ENSG00000252705,132406858,132406752,106
ENSG00000199571,39819883,39819750,133
ENSG00000273658,53464901,53464720,181
ENSG00000252922,41123012,41122907,105
ENSG00000199901,52786638,52786537,101
ENSG00000278822,32435846,32435738,108
ENSG00000243005,24563461,24563193,268
ENSG00000273839,28500346,28500089,257
ENSG00000242865,53091257,53090961,296
ENSG00000240606,122745529,122745280,249
ENSG00000281269,43110018,43109928,90
ENSG00000264615,2229241,2228961,280
ENSG00000252183,121192903,121192797,106
ENSG00000223298,95310955,95310830,125
ENSG00000277626,47113984,47057885,56099
ENSG00000200468,9564497,9564390,107
ENSG00000251891,85389884,85389823,61
ENSG00000222389,81509664,81509476,188
ENSG00000061938,195909009,195863365,45644
ENSG00000207460,25086618,25086527,91
ENSG00000284357,9151777,9151668,109
ENSG00000265422,22719598,22719517,81
ENSG00000251947,76595678,76595413,265
ENSG00000264014,22863226,22863159,67
ENSG00000277707,54131896,54115536,16360
ENSG00000221031,5224639,5224448,191
ENSG00000283836,43364715,43364648,67
ENSG00000221586,90869202,90869121,81
ENSG00000202385,89020365,89020246,119
ENSG00000283705,91351391,91351314,77
ENSG00000222314,38423728,38423625,103
ENSG00000221649,34382150,34382069,81
ENSG00000222806,153420572,153420438,134
ENSG00000264386,74788757,74788672,85
ENSG00000277698,16329364,16329305,59
ENSG00000199327,125119200,125119097,103
ENSG00000274025,18488365,18488301,64
ENSG00000284440,58451158,58451074,84
ENSG00000272101,29880829,29880557,272
ENSG00000284081,14073479,14073361,118
ENSG00000276270,49791934,49791866,68
ENSG00000207654,135665478,135665397,81
ENSG00000276220,54107026,54102906,4120
ENSG00000207626,232172747,232172653,94
ENSG00000280968,29333267,29333158,109
ENSG00000284197,37844371,37844272,99
ENSG00000199150,52268361,52268278,83
ENSG00000264425,101159555,101159473,82
ENSG00000283609,124822051,124821985,66
ENSG00000199133,94178920,94178834,86
ENSG00000264566,20017187,20017088,99
ENSG00000263515,106639896,106639814,82
ENSG00000252983,43194482,43194421,61
ENSG00000277248,10736283,10736171,112
ENSG00000277086,31142971,31092912,50059
ENSG00000281516,130929884,130929762,122
ENSG00000252397,33829649,33829539,110
ENSG00000223001,89063690,89063500,190
ENSG00000283477,43838683,43838622,61
ENSG00000277039,154822258,154821943,315
ENSG00000265815,52940413,52940314,99
ENSG00000252192,122492241,122492113,128
ENSG00000264553,150552014,150551929,85
ENSG00000211581,156936244,156936131,113
ENSG00000263419,28974366,28974068,298
ENSG00000283699,12653197,12653138,59
ENSG00000252277,25108352,25108268,84
ENSG00000284204,91350972,91350891,81
ENSG00000265768,93948302,93948226,76
ENSG00000199866,172558252,172558151,101
ENSG00000207942,100884783,100884702,81
ENSG00000222449,237563270,237563165,105
ENSG00000265612,105857572,105857513,59
ENSG00000264024,105858175,105858124,51
ENSG00000251760,35752942,35752826,116
ENSG00000277391,74411432,74411357,75
ENSG00000274711,130517312,130517049,263
ENSG00000275101,89326810,89326739,71
ENSG00000200303,48975646,48975543,103
ENSG00000277088,54102740,54094681,8059
ENSG00000265537,14911313,14911220,93
ENSG00000263527,13611200,13611114,86
ENSG00000252766,19019087,19018983,104
ENSG00000207599,53675797,53675711,86
ENSG00000222666,28408251,28408039,212
ENSG00000207825,53695293,53695213,80
ENSG00000222630,18606102,18605802,300
ENSG00000207946,53736934,53736845,89
ENSG00000207075,37700002,37699895,107
ENSG00000199095,53787956,53787890,66
ENSG00000263881,110284943,110284853,90
ENSG00000276088,16710361,16710059,302
ENSG00000276169,41169078,41169023,55
ENSG00000201984,29139384,29139283,101
ENSG00000264462,8987178,8986999,179
ENSG00000243856,74227803,74227506,297
ENSG00000207815,15873849,15873771,78
ENSG00000273614,7826225,7826098,127
ENSG00000277723,134367862,134367804,58
ENSG00000206853,59137502,59137372,130
ENSG00000265699,58530109,58530043,66
ENSG00000244402,37297689,37297398,291
ENSG00000277912,181043484,181043403,81
ENSG00000212363,74882783,74882656,127
ENSG00000277607,54063953,54040833,23120
ENSG00000207775,18571880,18571784,96
ENSG00000206766,24218404,24218300,104
ENSG00000276712,35470579,35470508,71
ENSG00000200794,109663183,109662863,320
ENSG00000266760,90312833,90312742,91
ENSG00000276137,133290988,133290881,107
ENSG00000207323,153471571,153471466,105
ENSG00000221753,100024084,100023982,102
ENSG00000251925,23423236,23423099,137
ENSG00000239184,68695779,68695643,136
ENSG00000207271,36626138,36626015,123
ENSG00000222251,60998888,60998752,136
ENSG00000200648,175704004,175703898,106
ENSG00000199630,89841424,89841329,95
ENSG00000202431,34297598,34297496,102
ENSG00000206710,49972212,49972106,106
ENSG00000206844,9874701,9874601,100
ENSG00000243339,196400207,196399911,296
ENSG00000222627,128075249,128075073,176
ENSG00000207516,45537377,45537250,127
ENSG00000238452,48494309,48494234,75
ENSG00000275287,388389,388100,289
ENSG00000200428,50743684,50743568,116
ENSG00000199691,38761842,38761528,314
ENSG00000222942,41766919,41766615,304
ENSG00000244521,47459234,47458941,293
ENSG00000275165,54195141,54190866,4275
ENSG00000200179,36203459,36203347,112
ENSG00000266195,17506728,17506453,275
ENSG00000252931,85821957,85821855,102
ENSG00000212176,41239626,41239520,106
ENSG00000263638,31747810,31747708,102
ENSG00000201584,121040710,121040610,100
ENSG00000252995,79817450,79817349,101
ENSG00000222067,126214478,126214260,218
ENSG00000251997,50319120,50319002,118
ENSG00000200842,62036945,62036833,112
ENSG00000276706,144705419,144705217,202
ENSG00000253054,35135502,35135443,59
ENSG00000252353,3093629,3093568,61
ENSG00000238297,107999982,107999791,191
ENSG00000278034,24919416,24919345,71
ENSG00000252371,238325788,238325687,101
ENSG00000273727,120355148,120354987,161
ENSG00000266417,178677834,178677749,85
ENSG00000206603,56055502,56055365,137
ENSG00000274314,64902455,64902387,68
ENSG00000244335,153666510,153666226,284
ENSG00000201542,35310425,35310274,151
ENSG00000264110,81890836,81890741,95
ENSG00000251757,130622944,130622838,106
ENSG00000207763,80832629,80832533,96
ENSG00000275161,100816244,100816041,203
ENSG00000239823,64390263,64390158,105
ENSG00000263561,66218324,66218250,74
ENSG00000279049,54100224,54099968,256
ENSG00000240750,28032180,28031884,296
ENSG00000201102,177195095,177194983,112
ENSG00000264737,65719332,65719246,86
ENSG00000207607,1167952,1167863,89
ENSG00000223109,69565868,69565808,60
ENSG00000242509,36870402,36870099,303
ENSG00000223336,46374590,46374401,189
ENSG00000265596,38089329,38089231,98
ENSG00000266297,12081996,12081899,97
ENSG00000252554,129436980,129436875,105
ENSG00000284586,155195272,155195177,95
ENSG00000222693,25089151,25088811,340
ENSG00000207615,53685091,53685009,82
ENSG00000222578,95840124,95840017,107
ENSG00000264500,248826443,248826377,66
ENSG00000202538,120291903,120291763,140
ENSG00000265215,239305545,239305462,83
ENSG00000199104,86264788,86264694,94
ENSG00000251943,172613534,172613428,106
ENSG00000284040,58817694,58817615,79
ENSG00000202021,75326060,75325959,101
ENSG00000277202,36972901,36972821,80
ENSG00000284498,44861981,44861888,93
ENSG00000278802,97560721,97560557,164
ENSG00000278223,44934681,44934618,63
ENSG00000200538,48382586,48382371,215
ENSG00000264931,10078692,10078611,81
ENSG00000241524,60831929,60831664,265
ENSG00000265331,69099656,69099542,114
ENSG00000221227,182169378,182169293,85
ENSG00000199875,93719715,93719603,112
ENSG00000277506,101582128,101581830,298
ENSG00000265226,99124696,99124609,87
ENSG00000263849,49049768,49049687,81
ENSG00000274321,88520170,88520000,170
ENSG00000265558,158764753,158764661,92
ENSG00000201179,105332896,105332790,106
ENSG00000265879,10780335,10780254,81
ENSG00000239180,70311701,70311607,94
ENSG00000208032,104484465,104484369,96
ENSG00000265407,49308868,49308797,71
ENSG00000240374,35292498,35292196,302
ENSG00000281156,92292547,92292458,89
ENSG00000283540,53682245,53682159,86
ENSG00000239744,30555904,30555601,303
ENSG00000265176,153981177,153981097,80
ENSG00000223245,41871388,41871271,117
ENSG00000207979,53754102,53754018,84
ENSG00000199740,50940026,50939927,99
ENSG00000201023,109305595,109305494,101
ENSG00000266666,57321591,57321502,89
ENSG00000252904,65961319,65961183,136
ENSG00000199870,75353986,75353885,101
ENSG00000277129,53968501,53968351,150
ENSG00000264633,49274186,49274120,66
ENSG00000264041,203259897,203259604,293
ENSG00000207363,107901246,107901145,101
ENSG00000276622,151522148,151522087,61
ENSG00000202383,1333953,1333837,116
ENSG00000223006,121061478,121061172,306
ENSG00000212017,57390212,57390132,80
ENSG00000251828,80306368,80306235,133
ENSG00000252019,54859330,54859215,115
ENSG00000207405,1963106,1962973,133
ENSG00000221520,92204098,92204015,83
ENSG00000252137,75593145,75593055,90
ENSG00000212553,39857227,39857135,92
ENSG00000283172,123348130,123348034,96
ENSG00000206631,94155745,94155639,106
ENSG00000252652,43331356,43331261,95
ENSG00000263735,124822058,124821978,80
ENSG00000242638,75183048,75182754,294
ENSG00000206636,7976360,7976259,101
ENSG00000199881,92272250,92272147,103
ENSG00000274655,73821724,73821657,67
ENSG00000243424,80613826,80613544,282
ENSG00000266128,163840852,163840561,291
ENSG00000238405,46807573,46807458,115
ENSG00000200527,49946389,49946266,123
ENSG00000283584,7431296,7431217,79
ENSG00000266119,30726268,30726158,110
ENSG00000252628,44307172,44307088,84
ENSG00000207378,98463050,98462944,106
ENSG00000265048,32360373,32360267,106
ENSG00000251728,140094792,140094697,95
ENSG00000252342,93820280,93820171,109
ENSG00000212190,30861938,30861843,95
ENSG00000199605,52400099,52400004,95
ENSG00000266646,31531441,31531364,77
ENSG00000252487,151298933,151298841,92
ENSG00000202157,83803685,83803554,131
ENSG00000275068,64082534,64082429,105
ENSG00000212561,44066731,44066624,107
ENSG00000212389,147877528,147877422,106
ENSG00000239183,92292593,92292461,132
ENSG00000252749,63736505,63736444,61
ENSG00000202368,96979629,96979528,101
ENSG00000207336,74725204,74725099,105
ENSG00000207513,16666948,16666785,163
ENSG00000201121,101662164,101662060,104
ENSG00000212441,40234029,40233923,106
ENSG00000199350,84040033,84039918,115
ENSG00000284219,133247620,133247511,109
ENSG00000238962,10815546,10815485,61
ENSG00000222363,29388683,29388560,123
ENSG00000283813,10508326,10508270,56
ENSG00000273946,87154369,87154041,328
ENSG00000252468,5019266,5019076,190
ENSG00000240317,219102719,219102434,285
ENSG00000274999,130666803,130666735,68
ENSG00000207546,64622605,64622509,96
ENSG00000201325,137518255,137518134,121
ENSG00000252750,112634784,112634719,65
ENSG00000199237,49593213,49593104,109
ENSG00000274697,111799905,111799834,71
ENSG00000222370,220200676,220200546,130
ENSG00000207330,27828869,27828763,106
ENSG00000275889,54264668,54264566,102
ENSG00000264171,39664135,39664034,101
ENSG00000206684,172366646,172366540,106
ENSG00000252599,44154895,44154789,106
ENSG00000284118,22957029,22956950,79
ENSG00000200091,75655299,75654970,329
ENSG00000263945,47761104,47760995,109
ENSG00000201428,112267394,112267077,317
ENSG00000252243,46531342,46531237,105
ENSG00000212051,24321735,24321686,49
ENSG00000251859,14274725,14274622,103
ENSG00000271817,158700909,158700691,218
ENSG00000252686,29812018,29811916,102
ENSG00000211513,46709345,46709293,52
ENSG00000212601,93488452,93488333,119
ENSG00000252458,159230322,159230194,128
ENSG00000207803,53731090,53731006,84
ENSG00000212590,152609434,152609313,121
ENSG00000240940,62350297,62350006,291
ENSG00000266640,58386858,58386770,88
ENSG00000221059,87910345,87910220,125
ENSG00000265172,11836986,11836933,53
ENSG00000206583,85510044,85509938,106
ENSG00000207322,135996092,135995929,163
ENSG00000201881,72654276,72654165,111
ENSG00000221238,70253005,70252918,87
ENSG00000276353,54130860,54130582,278
ENSG00000201355,228639455,228639337,118
ENSG00000283203,176601052,176600980,72
ENSG00000274862,43278168,43277978,190
ENSG00000284488,49099914,49099854,60
ENSG00000263755,6002030,6001733,297
ENSG00000284121,120395729,120395668,61
ENSG00000200087,28508762,28508559,203
ENSG00000278347,30114464,30114397,67
ENSG00000207147,40513279,40513144,135
ENSG00000284561,134437906,134437827,79
ENSG00000203573,40585751,40585454,297
ENSG00000278724,151275789,151275509,280
ENSG00000207650,195699497,195699401,96
ENSG00000206739,19045367,19045256,111
ENSG00000264658,7310524,7310450,74
ENSG00000206790,100257790,100257688,102
ENSG00000199373,32176168,32176050,118
ENSG00000200269,48106188,48106081,107
ENSG00000283379,159128891,159128805,86
ENSG00000223256,138259698,138259595,103
ENSG00000223321,12406781,12406486,295
ENSG00000277073,10478145,10478037,108
ENSG00000263610,30728666,30728556,110
ENSG00000198983,55170622,55170532,90
ENSG00000238493,55456204,55456106,98
ENSG00000200062,59540266,59540126,140
ENSG00000265237,160474483,160474402,81
ENSG00000206896,42174385,42174279,106
ENSG00000252716,206260214,206260066,148
ENSG00000222558,107797847,107797744,103
ENSG00000221669,34940834,34940760,74
ENSG00000200313,5346160,5346006,154
ENSG00000283256,31366366,31366288,78
ENSG00000284261,44881800,44881748,52
ENSG00000239142,5093543,5093408,135
ENSG00000283921,30281,30144,137
ENSG00000275671,54869054,54868948,106
ENSG00000252804,43408412,43408307,105
ENSG00000222922,32102176,32102065,111
ENSG00000264941,20502342,20502265,77
ENSG00000251870,58926296,58926197,99
ENSG00000200815,50435486,50435380,106
ENSG00000278222,23363561,23363272,289
ENSG00000221710,114715344,114715233,111
ENSG00000251843,53719165,53719064,101
ENSG00000238724,114527232,114527129,103
ENSG00000252608,81106639,81106533,106
ENSG00000281879,133275362,133255323,20039
ENSG00000252404,9082879,9082696,183
ENSG00000252685,66638374,66638271,103
ENSG00000243900,51470047,51469753,294
ENSG00000274187,30048577,30048502,75
ENSG00000251837,93027506,93027410,96
ENSG00000253023,143542587,143542514,73
ENSG00000239899,11585047,11584773,274
ENSG00000265323,30977354,30977263,91
ENSG00000207076,43474292,43474186,106
ENSG00000277660,90899,90796,103
ENSG00000238561,83750501,83750384,117
ENSG00000200484,32394665,32394558,107
ENSG00000264698,37161634,37161563,71
ENSG00000238371,15903772,15903669,103
ENSG00000202151,60187830,60187738,92
ENSG00000251715,72460601,72460519,82
ENSG00000284247,98045351,98045242,109
ENSG00000201341,49945442,49945336,106
ENSG00000206900,132580223,132580117,106
ENSG00000238745,138623582,138623479,103
ENSG00000277817,155951336,155951273,63
ENSG00000266144,162157182,162157107,75
ENSG00000206978,159064398,159064297,101
ENSG00000243505,29721684,29721399,285
ENSG00000222317,209722021,209721913,108
ENSG00000266618,224398311,224398227,84
ENSG00000223107,60912927,60912765,162
ENSG00000202335,110496421,110496352,69
ENSG00000201733,66432902,66432763,139
ENSG00000263511,641778,641689,89
ENSG00000202379,108574698,108574565,133
ENSG00000265014,46451889,46451805,84
ENSG00000201044,230752247,230752141,106
ENSG00000277927,156195,156089,106
ENSG00000207971,122099844,122099757,87
ENSG00000265738,31739680,31739567,113
ENSG00000277396,47383421,47383160,261
ENSG00000199122,54337314,54337216,98
ENSG00000244104,107811914,107811616,298
ENSG00000200571,136430183,136430084,99
ENSG00000207569,100881978,100881886,92
ENSG00000201270,164980137,164980035,102
ENSG00000199784,56274636,56274530,106
ENSG00000264966,89850721,89850637,84
ENSG00000266847,31662655,31662524,131
ENSG00000251866,15542304,15542165,139
ENSG00000222472,96949533,96949249,284
ENSG00000284324,92904475,92904399,76
ENSG00000207091,34314828,34314728,100
ENSG00000252539,453245,453134,111
ENSG00000284557,101960596,101960459,137
ENSG00000252254,8328179,8328067,112
ENSG00000277249,45114433,45114367,66
ENSG00000266185,69401200,69400903,297
ENSG00000221716,54814497,54814370,127
ENSG00000278236,87185020,87184849,171
ENSG00000207734,53712354,53712268,86
ENSG00000201856,13907590,13907484,106
ENSG00000212303,135665702,135665599,103
ENSG00000284436,1392961,1392900,61
ENSG00000202074,147495540,147495438,102
ENSG00000264997,109263564,109263494,70
ENSG00000265617,60564625,60564562,63
ENSG00000253000,178116861,178116721,140
ENSG00000207036,70357448,70357347,101
ENSG00000200997,58679690,58679527,163
ENSG00000264073,27920612,27920525,87
ENSG00000206947,39329134,39329003,131
ENSG00000199921,76753240,76753135,105
ENSG00000263834,1062974,1062896,78
ENSG00000207389,16740679,16740516,163
ENSG00000207578,96079212,96079138,74
ENSG00000200492,92119633,92119423,210
ENSG00000276723,65573495,65573384,111
ENSG00000202438,130574112,130573996,116
ENSG00000266619,44435722,44435641,81
ENSG00000199212,54330895,54330687,208
ENSG00000206764,182327174,182327068,106
ENSG00000284518,100156669,100156605,64
ENSG00000239035,57278673,57278570,103
ENSG00000206679,95125609,95125511,98
ENSG00000283858,1801192,1801125,67
ENSG00000238562,102903953,102903892,61
ENSG00000266038,6745244,6745164,80
ENSG00000206674,40299584,40299478,106
ENSG00000207390,44697430,44697333,97
ENSG00000240803,14213323,14213052,271
ENSG00000207768,50003588,50003503,85
ENSG00000276281,85567960,85567662,298
ENSG00000200832,100954448,100954374,74
ENSG00000207383,112579584,112579484,100
ENSG00000200455,40077982,40077884,98
ENSG00000239595,31465832,31465543,289
ENSG00000207077,100153779,100153672,107
ENSG00000200756,139718090,139717985,105
ENSG00000273515,103953284,103953098,186
ENSG00000199832,107202683,107202577,106
ENSG00000252261,32192153,32192028,125
ENSG00000223076,60613734,60613608,126
ENSG00000207392,159780381,159780250,131
ENSG00000273818,30091898,30091662,236
ENSG00000206709,73339200,73339094,106
ENSG00000200670,65814775,65814672,103
ENSG00000243124,86436138,86435848,290
ENSG00000207428,68004001,68003895,106
ENSG00000264933,123811587,123811331,256
ENSG00000202263,78094915,78094807,108
ENSG00000200472,31719208,31718893,315
ENSG00000207178,182873947,182873841,106
ENSG00000263896,31739234,31739132,102
ENSG00000212424,44884780,44884616,164
ENSG00000206682,31505788,31505684,104
ENSG00000239742,50557998,50557682,316
ENSG00000278459,7856471,7856169,302
ENSG00000221750,54927433,54927305,128
ENSG00000278039,73850571,73850487,84
ENSG00000283592,29575171,29575060,111
ENSG00000253080,111339621,111339527,94
ENSG00000241152,17054204,17053901,303
ENSG00000281710,30304536,30304321,215
ENSG00000252373,31820638,31820564,74
ENSG00000252421,31803090,31802958,132
ENSG00000275460,80057684,80057425,259
ENSG00000273990,144524021,144523860,161
ENSG00000253016,38274549,38274448,101
ENSG00000200369,27315226,27315120,106
ENSG00000276673,76733476,76733302,174
ENSG00000276295,153721625,153721328,297
ENSG00000199903,51037602,51037499,103
ENSG00000222650,236267958,236267780,178
ENSG00000199308,54869045,54868939,106
ENSG00000242381,25944766,25944478,288
ENSG00000209042,49279028,49278940,88
ENSG00000206692,171254022,171253906,116
ENSG00000201070,98782548,98782410,138
ENSG00000266059,20175639,20175346,293
ENSG00000222750,19498747,19498610,137
ENSG00000273968,1604672,1604374,298
ENSG00000200674,173791887,173791548,339
ENSG00000207132,30344604,30344503,101
ENSG00000223293,69930022,69929905,117
ENSG00000207222,134500284,134500178,106
ENSG00000244296,19366044,19365766,278
ENSG00000239319,65761352,65761058,294
ENSG00000251890,32635198,32635102,96
ENSG00000283438,23133005,23132730,275
ENSG00000252322,88583972,88583666,306
ENSG00000212147,105045668,105045562,106
ENSG00000222300,158935985,158935798,187
ENSG00000283372,98026139,98026042,97
ENSG00000252149,48040577,48040462,115
ENSG00000206974,108292869,108292766,103
ENSG00000251835,54152882,54152807,75
ENSG00000251841,2784853,2784749,104
ENSG00000212510,136774105,136773999,106
ENSG00000200494,16670742,16670641,101
ENSG00000252496,79389631,79389534,97
ENSG00000221498,183064346,183064235,111
ENSG00000264250,16907723,16907462,261
ENSG00000273717,42011610,42011350,260
ENSG00000274006,84887419,84887207,212
ENSG00000199545,139299968,139299852,116
ENSG00000207494,124815062,124814958,104
ENSG00000253049,3103015,3102913,102
ENSG00000276546,7664011,7663911,100
ENSG00000239748,70513008,70512727,281
ENSG00000207297,35573753,35573657,96
ENSG00000221461,123180525,123180310,215
ENSG00000200774,83068071,83067962,109
ENSG00000206695,125901054,125900951,103
ENSG00000199520,77092163,77092057,106
ENSG00000222724,88016547,88016354,193
ENSG00000240905,55980540,55980240,300
ENSG00000207039,153785821,153785720,101
ENSG00000238382,232700308,232700204,104
ENSG00000222960,53912123,53912020,103
ENSG00000242876,20482213,20481935,278
ENSG00000264613,51996039,51995740,299
ENSG00000202014,48153535,48153434,101
ENSG00000212518,29476912,29476784,128
ENSG00000199895,92170453,92170353,100
ENSG00000212308,78375268,78375164,104
ENSG00000206639,21872808,21872707,101
ENSG00000210841,57619572,57619447,125
ENSG00000252417,15608145,15608078,67
ENSG00000207003,45047561,45047458,103
ENSG00000201806,97664731,97664591,140
ENSG00000201208,113178519,113178423,96
ENSG00000278636,70431178,70430896,282
ENSG00000200206,86173270,86173198,72
ENSG00000274326,76779917,76779657,260
ENSG00000206662,17711046,17710934,112
ENSG00000238570,161558646,161558544,102
ENSG00000239115,101307428,101307367,61
ENSG00000201788,44880969,44880868,101
ENSG00000274500,130489966,130489868,98
ENSG00000266615,32054442,32054322,120
ENSG00000252479,31259704,31259599,105
ENSG00000212312,162497051,162496936,115
ENSG00000212278,18236196,18236123,73
ENSG00000200238,56185222,56185104,118
ENSG00000252948,26361092,26360989,103
ENSG00000207117,159536346,159536244,102
ENSG00000272160,109869992,109869858,134
ENSG00000200638,25238067,25237986,81
ENSG00000278230,54895747,54895641,106
ENSG00000199272,6455068,6454962,106
ENSG00000251958,78089083,78088988,95
ENSG00000212382,27863356,27863251,105
ENSG00000238942,186784864,186784796,68
ENSG00000283499,48109410,48109353,57
ENSG00000199311,25232468,25232387,81
ENSG00000200975,8206597,8206434,163
ENSG00000212599,59369151,59369051,100
ENSG00000222982,114505187,114504876,311
ENSG00000200888,45071543,45071442,101
ENSG00000222248,3088809,3088686,123
ENSG00000202050,24365754,24365651,103
ENSG00000252167,81885598,81885496,102
ENSG00000251851,20355852,20355748,104
ENSG00000212392,57493780,57493667,113
ENSG00000238842,80068757,80068691,66
ENSG00000201822,180161977,180161886,91
ENSG00000212549,26373733,26373598,135
ENSG00000262104,78544188,78544095,93
ENSG00000206834,93732133,93732004,129
ENSG00000274121,231815186,231814982,204
ENSG00000277856,26534,26241,293
ENSG00000200867,7112399,7112088,311
ENSG00000202275,103797348,103797272,76
ENSG00000264879,20316994,20316755,239
ENSG00000212379,58378148,58378052,96
ENSG00000283690,62078856,62078789,67
ENSG00000201786,153267010,153266909,101
ENSG00000207583,75552553,75552458,95
ENSG00000275222,8999100,8998849,251
ENSG00000200462,87420447,87420341,106
ENSG00000211568,43559753,43559656,97
ENSG00000239856,86324309,86324012,297
ENSG00000207151,11116193,11116092,101
ENSG00000208009,57641286,57641198,88
ENSG00000244080,11516330,11516047,283
ENSG00000266423,66934506,66934434,72
ENSG00000265170,153404141,153403844,297
ENSG00000211574,100852487,100852390,97
ENSG00000241291,146656695,146656401,294
ENSG00000283561,101040148,101040069,79
ENSG00000222686,85751753,85751581,172
ENSG00000265820,1735066,1734985,81
ENSG00000278161,54115801,54107066,8735
ENSG00000201183,148402875,148402715,160
ENSG00000221801,11306527,11306440,87
ENSG00000200138,28183430,28183318,112
ENSG00000277387,82689019,82688931,88
ENSG00000277904,2630793,2630715,78
ENSG00000252723,37333957,37333857,100
ENSG00000208002,52281893,52281797,96
ENSG00000207029,102591630,102591524,106
ENSG00000284407,232550573,232550474,99
ENSG00000264185,31360695,31360589,106
ENSG00000284419,26208278,26208186,92
ENSG00000277678,145169664,145169519,145
ENSG00000216195,63919827,63919756,71
ENSG00000207417,74376793,74376687,106
ENSG00000266320,35335758,35335640,118
ENSG00000274585,43233977,43233787,190
ENSG00000266594,40813958,40813883,75
ENSG00000284520,46113768,46113686,82
ENSG00000277584,190019233,190019116,117
ENSG00000264897,99964398,99964314,84
ENSG00000252606,43996420,43996322,98
ENSG00000216077,15935260,15935182,78
ENSG00000202389,28022464,28022330,134
ENSG00000265691,129397147,129397062,85
ENSG00000265327,40209304,40209005,299
ENSG00000284182,149429023,149428918,105
ENSG00000206616,23777543,23777437,106
ENSG00000221464,176368031,176367946,85
ENSG00000276055,151079584,151079506,78
ENSG00000275483,54685299,54661303,23996
ENSG00000207705,128207943,128207872,71
ENSG00000206980,151747700,151747597,103
ENSG00000275377,40929092,40929010,82
ENSG00000274887,54063953,54040833,23120
ENSG00000252307,9411253,9411178,75
ENSG00000278204,53405765,53405673,92
ENSG00000252027,176664766,176664676,90
ENSG00000207731,147230843,147230720,123
ENSG00000251896,25101666,25101575,91
ENSG00000239081,24400117,24400056,61
ENSG00000277188,76712327,76712195,132
ENSG00000207208,101803331,101803227,104
ENSG00000207525,74463988,74463888,100
ENSG00000239168,148991633,148991572,61
ENSG00000276955,28524440,28524151,289
ENSG00000252660,62935802,62935701,101
ENSG00000202048,100981075,100981004,71
ENSG00000244618,25031287,25031009,278
ENSG00000251819,100551922,100551820,102
ENSG00000274708,54882639,54882533,106
ENSG00000239494,169860052,169859756,296
ENSG00000200075,129868716,129868590,126
ENSG00000207421,44778456,44778390,66
ENSG00000242251,31757498,31757202,296
ENSG00000199804,24158722,24158603,119
ENSG00000251991,14478953,14478892,61
ENSG00000244056,84394336,84394072,264
ENSG00000252484,224107541,224107282,259
ENSG00000266781,33121320,33121225,95
ENSG00000251759,166670122,166670029,93
ENSG00000239078,9072516,9072455,61
ENSG00000263701,31413256,31413150,106
ENSG00000258002,31251125,31249103,2022
ENSG00000199400,230058324,230058229,95
ENSG00000281185,28515743,28510773,4970
ENSG00000201624,33982566,33982465,101
ENSG00000265521,9967458,9967381,77
ENSG00000206708,39026093,39025987,106
ENSG00000266370,112037715,112037599,116
ENSG00000200151,91595241,91594965,276
ENSG00000284375,91351278,91351192,86
ENSG00000283532,6374425,6374361,64
ENSG00000207138,126504869,126504763,106
ENSG00000283645,39676777,39676719,58
ENSG00000199566,47346297,47346166,131
ENSG00000221410,10552204,10552122,82
ENSG00000222859,177181741,177181442,299
ENSG00000283289,53711088,53711002,86
ENSG00000264292,239351804,239351724,80
ENSG00000272055,13217375,13217269,106
ENSG00000276145,54081380,54069947,11433
ENSG00000284463,112648557,112648485,72
ENSG00000240189,33580508,33580210,298
ENSG00000266751,134225852,134225757,95
ENSG00000252218,43544270,43544144,126
ENSG00000283210,10825443,10825373,70
ENSG00000278549,145850645,145850587,58
ENSG00000215939,28888955,28888879,76
ENSG00000222178,36485440,36485343,97
ENSG00000215952,166154798,166154743,55
ENSG00000265368,36893531,36893462,69
ENSG00000201084,32175351,32175247,104
ENSG00000252153,94810057,94809962,95
ENSG00000264358,212077685,212077613,72
ENSG00000263979,127869495,127869415,80
ENSG00000201761,22434497,22434391,106
ENSG00000284163,228097341,228097263,78
ENSG00000277569,28495663,28495555,108
ENSG00000283926,64891246,64891137,109
ENSG00000222997,130505201,130505106,95
ENSG00000208015,50009028,50008964,64
ENSG00000276769,67490315,67490245,70
ENSG00000251754,245044032,245043928,104
ENSG00000207868,147279344,147279247,97
ENSG00000207924,53991847,53991738,109
ENSG00000275822,54842110,54835171,6939
ENSG00000240767,46169748,46169458,290
ENSG00000201009,132753126,132753023,103
ENSG00000263510,109833436,109833348,88
ENSG00000280498,28581054,28580920,134
ENSG00000275634,60488327,60488078,249
ENSG00000221421,53688567,53688481,86
ENSG00000252450,32286561,32286452,109
ENSG00000207295,38884666,38884560,106
ENSG00000264075,127423618,127423537,81
ENSG00000222376,166180966,166180652,314
ENSG00000222998,57452022,57451690,332
ENSG00000221763,35454097,35453954,143
ENSG00000202183,82561347,82561201,146
ENSG00000207277,63813307,63813190,117
ENSG00000278618,13724274,13724189,85
ENSG00000266012,33436669,33436582,87
ENSG00000252953,125388997,125388934,63
ENSG00000199924,52494952,52494849,103
ENSG00000284015,41092566,41092513,53
ENSG00000251752,83276114,83275941,173
ENSG00000276074,181610729,181610498,231
ENSG00000272543,50675163,50675080,83
ENSG00000238302,89282285,89282223,62
ENSG00000207739,168768255,168768146,109
ENSG00000272296,181241892,181241814,78
ENSG00000252348,101615928,101615826,102
ENSG00000264249,171386760,171386656,104
ENSG00000240584,7633851,7633562,289
ENSG00000201789,146288696,146288596,100
ENSG00000283616,6169409,6169334,75
ENSG00000283409,134979432,134979338,94
ENSG00000206975,56917190,56917084,106
ENSG00000274884,100826370,100826284,86
ENSG00000264357,2527145,2527074,71
ENSG00000202273,6212740,6212638,102
ENSG00000278422,84205700,84205454,246
ENSG00000284185,128392714,128392618,96
ENSG00000212409,111097413,111097325,88
ENSG00000252533,139221837,139221758,79
ENSG00000263858,47587505,47587429,76
ENSG00000251704,16199295,16199203,92
ENSG00000207321,153331728,153331622,106
ENSG00000207206,81725349,81725243,106
ENSG00000200711,50813106,50812988,118
ENSG00000252726,59694869,59694762,107
ENSG00000275283,14938951,14938852,99
ENSG00000212607,8685569,8685439,130
ENSG00000240837,70610379,70610086,293
ENSG00000206848,42664268,42664162,106
ENSG00000244748,72314688,72314397,291
ENSG00000223208,119434108,119434005,103
ENSG00000262704,22205332,22205192,140
ENSG00000283337,102868519,102868421,98
ENSG00000206870,60974435,60974327,108
ENSG00000241226,45651805,45651510,295
ENSG00000277546,38556187,38556066,121
ENSG00000212413,103312568,103312436,132
ENSG00000212442,35256946,35256840,106
ENSG00000200473,70253162,70253042,120
ENSG00000252087,90370427,90370123,304
ENSG00000277071,54891503,54867507,23996
ENSG00000251770,47873273,47873191,82
ENSG00000207153,60985167,60985061,106
ENSG00000201393,78367623,78367507,116
ENSG00000274091,76558868,76558791,77
ENSG00000252859,41168316,41168217,99
ENSG00000206601,108652256,108652150,106
ENSG00000200121,175176586,175176493,93
ENSG00000199241,240698429,240698320,109
ENSG00000254172,30643802,30643689,113
ENSG00000244230,21699596,21699314,282
ENSG00000263974,2595291,2595019,272
ENSG00000206899,97721822,97721716,106
ENSG00000201502,93266096,93266017,79
ENSG00000222607,123262949,123262843,106
ENSG00000207095,27693835,27693731,104
ENSG00000251965,67467308,67467231,77
ENSG00000206979,136879271,136879199,72
ENSG00000201161,109915420,109915096,324
ENSG00000212608,53387836,53387713,123
ENSG00000265074,32672615,32672452,163
ENSG00000207503,41539326,41539206,120
ENSG00000222308,151875692,151875566,126
ENSG00000243591,6601836,6601540,296
ENSG00000238778,67772653,67772593,60
ENSG00000206598,121354460,121354354,106
ENSG00000207267,11234094,11233988,106
ENSG00000201420,111669948,111669829,119
ENSG00000277950,20070965,20070716,249
ENSG00000222931,23792236,23791930,306
ENSG00000277308,97297557,97297290,267
ENSG00000207933,156420429,156420341,88
ENSG00000275069,58850903,58850783,120
ENSG00000275994,118279320,118279190,130
ENSG00000222838,72691811,72691705,106
ENSG00000284035,161227261,161227186,75
ENSG00000206602,49491347,49491283,64
ENSG00000276764,18958413,18958147,266
ENSG00000284519,225922142,225922080,62
ENSG00000203286,128746138,128745857,281
ENSG00000238901,122671394,122671291,103
ENSG00000284277,30368665,30368597,68
ENSG00000200163,25203308,25203227,81
ENSG00000200812,25180578,25180497,81
ENSG00000283788,104048186,104048089,97
ENSG00000241175,50244931,50244628,303
ENSG00000277250,128674021,128673681,340
ENSG00000242165,100642273,100641975,298
ENSG00000221754,77266290,77266218,72
ENSG00000199282,72586810,72586680,130
ENSG00000278348,74162620,74162340,280
ENSG00000199020,101045994,101045920,74
ENSG00000202318,6234455,6234345,110
ENSG00000221792,43793759,43793659,100
ENSG00000252294,102678813,102678707,106
ENSG00000200394,67740799,67740669,130
ENSG00000201912,145057437,145057108,329
ENSG00000266593,51242264,51242190,74
ENSG00000277604,80484683,80484589,94
ENSG00000252328,35097657,35097560,97
ENSG00000238728,15010397,15010321,76
ENSG00000241144,102348691,102348392,299
ENSG00000265145,28927144,28927067,77
ENSG00000278324,127890720,127890626,94
ENSG00000265178,39726561,39726495,66
ENSG00000252319,8720132,8720034,98
ENSG00000207778,58451152,58451080,72
ENSG00000207493,58548633,58548499,134
ENSG00000252118,12456631,12456483,148
ENSG00000252735,33338966,33338867,99
ENSG00000207752,10817496,10817426,70
ENSG00000252950,32563210,32563075,135
ENSG00000284065,35122764,35122700,64
ENSG00000223092,200849144,200849038,106
ENSG00000222966,99952158,99952033,125
ENSG00000252710,48308030,48307927,103
ENSG00000207862,53702819,53702737,82
ENSG00000221300,42440436,42440377,59
ENSG00000206629,67429754,67429591,163
ENSG00000207992,53752481,53752397,84
ENSG00000274234,24211216,24210958,258
ENSG00000238685,12297323,12297197,126
ENSG00000283238,188978161,188978093,68
ENSG00000252350,156986693,156986372,321
ENSG00000252759,200863247,200863152,95
ENSG00000199121,218402722,218402646,76
ENSG00000201623,33888162,33888056,106
ENSG00000238420,107930182,107930088,94
ENSG00000222500,15280873,15280764,109
ENSG00000264395,31607240,31607186,54
ENSG00000207023,73464177,73464073,104
ENSG00000283206,63919520,63919449,71
ENSG00000207185,118594093,118593988,105
ENSG00000222413,117277286,117276985,301
ENSG00000264621,39411974,39411910,64
ENSG00000243905,26593546,26593243,303
ENSG00000207260,109992431,109992325,106
ENSG00000212490,52748259,52748137,122
ENSG00000207771,30289890,30289794,96
ENSG00000244256,63656047,63655743,304
ENSG00000251931,59450772,59450673,99
ENSG00000265657,103154689,103154614,75
ENSG00000273927,73039186,73039085,101
ENSG00000207725,45747124,45747015,109
ENSG00000212580,49888986,49888868,118
ENSG00000201594,146427572,146427456,116
ENSG00000212145,41899253,41899111,142
ENSG00000265456,121371053,121370972,81
ENSG00000212569,50669901,50669804,97
ENSG00000243227,109451068,109450772,296
ENSG00000216064,146001131,146001053,78
ENSG00000200274,109568115,109567975,140
ENSG00000202047,96619483,96619376,107
ENSG00000222439,63337449,63337339,110
ENSG00000200336,18248506,18248389,117
ENSG00000285574,177457228,177457111,117
ENSG00000201491,99784885,99784740,145
ENSG00000202433,70459570,70459464,106
ENSG00000265926,29582288,29582205,83
ENSG00000252757,86336614,86336318,296
ENSG00000285546,181822990,181822872,118
ENSG00000274458,36438788,36438661,127
ENSG00000212207,41571029,41570923,106
ENSG00000266672,29578931,29578848,83
ENSG00000274484,7474494,7474394,100
ENSG00000264554,102217613,102217318,295
ENSG00000252081,105974931,105974826,105
ENSG00000238542,178831449,178831371,78
ENSG00000251987,53530401,53530322,79
ENSG00000273694,120571264,120571120,144
ENSG00000276588,47581321,47581023,298
ENSG00000281024,133361306,133356698,4608
ENSG00000252577,60231646,60231516,130
ENSG00000207097,13047689,13047583,106
ENSG00000252297,123342519,123342414,105
ENSG00000241420,33046090,33045798,292
ENSG00000206772,112352662,112352556,106
ENSG00000201736,40990273,40990154,119
ENSG00000252593,102533339,102533241,98
ENSG00000239211,101397933,101397636,297
ENSG00000207060,51055459,51055353,106
ENSG00000206650,68627375,68627234,141
ENSG00000202119,150939328,150939222,106
ENSG00000206938,156872218,156872078,140
ENSG00000252787,52688962,52688890,72
ENSG00000273986,36561530,36561237,293
ENSG00000278049,30031140,30031073,67
ENSG00000201942,79878419,79878305,114
ENSG00000201591,39261213,39261107,106
ENSG00000201153,62298256,62298149,107
ENSG00000200310,120686742,120686621,121
ENSG00000221241,50799532,50799442,90
ENSG00000272474,100938264,100938187,77
ENSG00000201361,84262928,84262815,113
ENSG00000201931,177457228,177457111,117
ENSG00000202233,25264882,25264656,226
ENSG00000251807,41919349,41919254,95
ENSG00000277613,90899,90796,103
ENSG00000212428,25159279,25159221,58
ENSG00000239868,41286693,41286424,269
ENSG00000274662,25101415,25101132,283
ENSG00000200248,117060799,117060682,117
ENSG00000243446,77912545,77912271,274
ENSG00000206954,48088784,48088678,106
ENSG00000207476,13621683,13621577,106
ENSG00000275268,140451208,140451148,60
ENSG00000201050,164787396,164787290,106
ENSG00000251840,123589046,123588759,287
ENSG00000201609,19510733,19510593,140
ENSG00000199979,68885677,68885576,101
ENSG00000252514,130386680,130386621,59
ENSG00000239002,6510551,6510222,329
ENSG00000200156,65304792,65304677,115
ENSG00000200829,20480955,20480844,111
ENSG00000266158,47281063,47280811,252
ENSG00000200893,20784615,20784509,106
ENSG00000273904,114168280,114168156,124
ENSG00000276601,58785608,58785323,285
ENSG00000252209,18486672,18486511,161
ENSG00000242182,23004862,23004564,298
ENSG00000207114,171504351,171504245,106
ENSG00000206843,139315394,139315291,103
ENSG00000200041,75181621,75181520,101
ENSG00000275305,30816274,30816156,118
ENSG00000206839,55294598,55294490,108
ENSG00000202272,23782310,23782210,100
ENSG00000238554,36639672,36639545,127
ENSG00000277184,44985510,44985378,132
ENSG00000278640,105352956,105352670,286
ENSG00000206937,61417378,61417244,134
ENSG00000207220,113950082,113949917,165
ENSG00000222335,196202453,196202349,104
ENSG00000284736,74198854,74198748,106
ENSG00000252005,73883822,73883714,108
ENSG00000200877,86153334,86153227,107
ENSG00000263474,31161633,31161534,99
ENSG00000207116,200830116,200830009,107
ENSG00000252653,66267848,66267743,105
ENSG00000238551,64380300,64380194,106
ENSG00000200213,36066652,36066545,107
ENSG00000199273,40128232,40128121,111
ENSG00000285776,69672597,69672479,118
ENSG00000252612,185266627,185266535,92
ENSG00000222610,98889833,98889731,102
ENSG00000201308,135656579,135656477,102
ENSG00000201796,106208267,106208167,100
ENSG00000200471,54621131,54621025,106
ENSG00000251761,18955049,18954943,106
ENSG00000212191,178685956,178685886,70
ENSG00000200593,25230919,25230838,81
ENSG00000199570,14352425,14352320,105
ENSG00000222658,12885417,12885321,96
ENSG00000212175,55565850,55565703,147
ENSG00000202536,112755917,112755816,101
ENSG00000239333,16539439,16539137,302
ENSG00000274625,18605497,18605355,142
ENSG00000201659,47132826,47132671,155
ENSG00000202476,30454097,30453997,100
ENSG00000206867,41032998,41032892,106
ENSG00000251916,32550090,32549940,150
ENSG00000222635,48081428,48081319,109
ENSG00000222659,121580521,121580332,189
ENSG00000273845,44844712,44844600,112
ENSG00000265732,31825572,31825510,62
ENSG00000252582,131021306,131021168,138
ENSG00000274998,136726879,136726747,132
ENSG00000251961,170891597,170891467,130
ENSG00000242158,60641002,60640705,297
ENSG00000212230,243081259,243081156,103
ENSG00000238478,20738785,20738679,106
ENSG00000207182,146580210,146580048,162
ENSG00000200227,151477577,151477459,118
ENSG00000238390,31664482,31664306,176
ENSG00000278633,13001,10598,2403
ENSG00000252952,23217534,23217432,102
ENSG00000206820,113420486,113420323,163
ENSG00000201510,76736980,76736641,339
ENSG00000275574,46833407,46833127,280
ENSG00000202111,140719013,140718925,88
ENSG00000281311,64146471,64146337,134
ENSG00000206845,164935268,164935162,106
ENSG00000252128,21139957,21139886,71
ENSG00000277401,29972346,29850002,122344
ENSG00000252777,28689794,28689665,129
ENSG00000263529,32458135,32457835,300
ENSG00000223271,66348375,66348276,99
ENSG00000212237,228648032,228647912,120
ENSG00000207204,98794824,98794718,106
ENSG00000277154,54131896,54115536,16360
ENSG00000252693,124197849,124197743,106
ENSG00000241542,67706252,67705954,298
ENSG00000252443,69786113,69785994,119
ENSG00000252982,174057864,174057641,223
ENSG00000201690,102017069,102016953,116
ENSG00000207201,24077158,24076997,161
ENSG00000278081,54208260,54201473,6787
ENSG00000129932,3500940,3490822,10118
ENSG00000280263,16488322,16486985,1337
ENSG00000281133,45580996,45580892,104
ENSG00000276830,12579023,12578957,66
ENSG00000221028,201808702,201808611,91
ENSG00000265370,119958592,119958513,79
ENSG00000207805,2134209,2134134,75
ENSG00000207713,6963766,6963699,67
ENSG00000278149,54992248,54973355,18893
ENSG00000207719,99356228,99356131,97
ENSG00000283346,15134145,15134075,70
ENSG00000266307,85306325,85306226,99
ENSG00000207943,66787168,66787072,96
ENSG00000266189,81451188,81451104,84
ENSG00000275816,51060103,51060018,85
ENSG00000207797,35904926,35904818,108
ENSG00000284482,110898155,110898090,65
ENSG00000283801,72110,71973,137
ENSG00000273830,72516898,72516820,78
ENSG00000264934,109141588,109141490,98
ENSG00000283588,101040849,101040782,67
ENSG00000284140,20085833,20085746,87
ENSG00000199092,101065991,101065912,79
ENSG00000265213,98997460,98997387,73
ENSG00000263361,154829540,154829458,82
ENSG00000283736,15643372,15643294,78
ENSG00000276824,33899200,33899135,65
ENSG00000278221,16324654,16324588,66
ENSG00000265669,132115263,132115192,71
ENSG00000284424,31534971,31534883,88
ENSG00000266287,7067045,7066964,81
ENSG00000277057,38915042,38914979,63
ENSG00000274705,41660508,41660441,67
ENSG00000207735,53720182,53720096,86
ENSG00000207704,123348130,123348034,96
ENSG00000207647,219294200,219294111,89
ENSG00000284508,62565013,62564912,101
ENSG00000284054,144262737,144262673,64
ENSG00000265956,109602897,109602828,69
ENSG00000284459,95086088,95086021,67
ENSG00000266494,41598788,41598723,65
ENSG00000207698,109046298,109046229,69
ENSG00000266617,157529200,157529132,68
ENSG00000263897,134379472,134379411,61
ENSG00000208025,96219756,96219662,94
ENSG00000265658,1293992,1293918,74
ENSG00000207757,100093847,100093768,79
ENSG00000284191,151238538,151238421,117
ENSG00000284567,66018979,66018870,109
ENSG00000221261,128150188,128150116,72
ENSG00000207589,147237027,147236913,114
ENSG00000283351,91636345,91636264,81
ENSG00000207492,40554267,40554161,106
ENSG00000207270,149610774,149610668,106
ENSG00000212391,226969122,226968989,133
ENSG00000240853,131725467,131725168,299
ENSG00000207149,120127074,120126974,100
ENSG00000223189,128627275,128627172,103
ENSG00000207461,117457838,117457734,104
ENSG00000281394,155926086,155925958,128
ENSG00000207000,68935979,68935873,106
ENSG00000265159,33353576,33353481,95
ENSG00000212560,42139530,42139425,105
ENSG00000201988,30736414,30736304,110
ENSG00000238441,35633024,35632963,61
ENSG00000199381,72881214,72881108,106
ENSG00000206712,98805084,98804978,106
ENSG00000202195,52298096,52297995,101
ENSG00000199846,129484656,129484504,152
ENSG00000240347,80318544,80318253,291
ENSG00000207025,18396095,18395994,101
ENSG00000251956,131602896,131602790,106
ENSG00000199809,118829805,118829681,124
ENSG00000266548,31563765,31563664,101
ENSG00000201133,50935493,50935350,143
ENSG00000278515,36405304,36405198,106
ENSG00000252062,84886486,84886386,100
ENSG00000206593,109014940,109014834,106
ENSG00000265059,32550090,32549943,147
ENSG00000222468,31598204,31598099,105
ENSG00000273544,28580512,28580381,131
ENSG00000223300,73858165,73858061,104
ENSG00000252336,178429290,178429197,93
ENSG00000274603,99526205,99526097,108
ENSG00000212434,69693155,69692956,199
ENSG00000202503,49490974,49490904,70
ENSG00000243532,70654883,70654578,305
ENSG00000223254,85264402,85264296,106
ENSG00000202237,28703807,28703702,105
ENSG00000202188,25227190,25227109,81
ENSG00000199885,74680159,74680053,106
ENSG00000265123,34685642,34685355,287
ENSG00000201909,13459776,13459670,106
ENSG00000223224,71758487,71758402,85
ENSG00000222835,91674966,91674857,109
ENSG00000239964,36522501,36522191,310
ENSG00000243420,75958130,75957833,297
ENSG00000283519,75270780,75270700,80
ENSG00000222438,130869837,130869736,101
ENSG00000199601,75202809,75202703,106
ENSG00000201196,52852703,52852607,96
ENSG00000200168,111040208,111040098,110
ENSG00000274917,112177,112025,152
ENSG00000252620,195523221,195523087,134
ENSG00000202296,56340337,56340231,106
ENSG00000278104,30035983,30035916,67
ENSG00000207032,34390051,34389943,108
ENSG00000278525,20738731,20738433,298
ENSG00000206826,82001327,82001220,107
ENSG00000207442,25065121,25065026,95
ENSG00000252987,169067364,169067264,100
ENSG00000200914,6601051,6600944,107
ENSG00000239710,92975114,92974827,287
ENSG00000199744,133350528,133350456,72
ENSG00000238825,148388651,148388490,161
ENSG00000222790,140397444,140397323,121
ENSG00000275961,96004850,96004563,287
ENSG00000238835,83064337,83064204,133
ENSG00000281000,19112636,19112420,216
ENSG00000201749,114615568,114615455,113
ENSG00000199664,77777055,77776951,104
ENSG00000201882,20136135,20136066,69
ENSG00000238326,56000621,56000518,103
ENSG00000201633,83636290,83636196,94
ENSG00000207165,154400415,154400281,134
ENSG00000251954,111421608,111421510,98
ENSG00000209702,12706518,12706449,69
ENSG00000207282,18113579,18113467,112
ENSG00000238721,150209768,150209706,62
ENSG00000273966,17569051,17568962,89
ENSG00000200745,236210548,236210373,175
ENSG00000207341,166042350,166042244,106
ENSG00000200788,127470987,127470875,112
ENSG00000251722,48574520,48574453,67
ENSG00000252079,132835500,132835374,126
ENSG00000243976,100319370,100319073,297
ENSG00000207369,47667877,47667771,106
ENSG00000199912,7800467,7800361,106
ENSG00000272337,51907305,51907200,105
ENSG00000222895,31083109,31083010,99
ENSG00000207240,31382430,31382317,113
ENSG00000252892,64994860,64994746,114
ENSG00000252864,140940663,140940562,101
ENSG00000239093,187423419,187423315,104
ENSG00000201129,154259862,154259727,135
ENSG00000275662,100897996,100897920,76
ENSG00000265942,49042643,49042341,302
ENSG00000200463,8173587,8173454,133
ENSG00000200661,25074215,25074114,101
ENSG00000278287,63549216,63549133,83
ENSG00000276138,15273961,15273855,106
ENSG00000276881,93437510,93437400,110
ENSG00000276730,36072762,36072686,76
ENSG00000251763,43412530,43412427,103
ENSG00000277460,27919545,27919384,161
ENSG00000263871,32720965,32720817,148
ENSG00000201095,22527941,22527835,106
ENSG00000252558,98192313,98192205,108
ENSG00000278498,103027498,103027336,162
ENSG00000275809,21307837,21307731,106
ENSG00000202374,67747386,67747236,150
ENSG00000201724,99681877,99681786,91
ENSG00000222784,30844110,30843823,287
ENSG00000252645,89897637,89897576,61
ENSG00000222313,148822448,148822164,284
ENSG00000207174,25081378,25081287,91
ENSG00000242893,51594215,51593919,296
ENSG00000202283,103583268,103583135,133
ENSG00000222870,94495404,94495299,105
ENSG00000212269,23641592,23641489,103
ENSG00000200431,70451022,70450879,143
ENSG00000252597,18095632,18095571,61
ENSG00000206741,172780094,172779982,112
ENSG00000206926,15433216,15433110,106
ENSG00000264951,31833349,31833247,102
ENSG00000201403,17075868,17075779,89
ENSG00000207105,48996022,48995912,110
ENSG00000207445,75404566,75404421,145
ENSG00000202400,231460440,231460371,69
ENSG00000207333,75709599,75709495,104
ENSG00000201364,21933438,21933143,295
ENSG00000238908,40854229,40854119,110
ENSG00000275586,148876286,148876018,268
ENSG00000200390,127829852,127829747,105
ENSG00000273537,144520555,144520456,99
ENSG00000252275,188716725,188716665,60
ENSG00000252315,17557976,17557864,112
ENSG00000200334,149940131,149940030,101
ENSG00000212605,71020438,71020275,163
ENSG00000206929,101446932,101446825,107
ENSG00000239152,45856422,45856307,115
ENSG00000276562,41579186,41578903,283
ENSG00000252061,78898936,78898840,96
ENSG00000207233,54222412,54222284,128
ENSG00000277836,1271271,1270984,287
ENSG00000201992,25234328,25234247,81
ENSG00000265753,151300964,151300665,299
ENSG00000278817,137392,131494,5898
ENSG00000257215,31217512,31215489,2023
ENSG00000204805,61863200,61861625,1575
ENSG00000273896,54195141,54190866,4275
ENSG00000283795,192716390,192716328,62
ENSG00000275373,12163767,12163683,84
ENSG00000266192,96341526,96341438,88
ENSG00000263885,101519905,101519820,85
ENSG00000265861,97939121,97939056,65
ENSG00000276319,44196200,44196129,71
ENSG00000283856,24143565,24143489,76
ENSG00000266449,76586691,76586647,44
ENSG00000274805,2464038,2463967,71
ENSG00000257381,16300242,16300159,83
ENSG00000207808,13836517,13836440,77
ENSG00000265418,10192671,10192614,57
ENSG00000264764,102432366,102432289,77
ENSG00000283639,218823154,218823090,64
ENSG00000265841,18686164,18686090,74
ENSG00000265180,5250255,5250177,78
ENSG00000275789,52846552,52846463,89
ENSG00000265829,60922684,60922619,65
ENSG00000199169,112647941,112647874,67
ENSG00000264105,159128894,159128802,92
ENSG00000278571,158609790,158609707,83
ENSG00000207628,8127061,8126965,96
ENSG00000221494,84225828,84225752,76
ENSG00000222715,114763263,114763184,79
ENSG00000206640,185258015,185257911,104
ENSG00000207495,69803041,69802940,101
ENSG00000238680,66946222,66946116,106
ENSG00000252260,77863567,77863464,103
ENSG00000200211,95336201,95336106,95
ENSG00000206822,63621871,63621760,111
ENSG00000223118,123869570,123869256,314
ENSG00000238523,50590712,50590652,60
ENSG00000274230,97493286,97493178,108
ENSG00000251804,142407737,142407657,80
ENSG00000212289,27521726,27521605,121
ENSG00000206605,26790646,26790540,106
ENSG00000206688,25085476,25085385,91
ENSG00000264352,34809556,34809233,323
ENSG00000222146,112148825,112148742,83
ENSG00000252872,96377920,96377857,63
ENSG00000277563,24255333,24255246,87
ENSG00000240823,61444423,61444149,274
ENSG00000276183,18418632,18418526,106
ENSG00000276696,56634167,56634038,129
ENSG00000223174,76890613,76890263,350
ENSG00000206854,60789661,60789560,101
ENSG00000264767,38098700,38098414,286
ENSG00000200049,143309566,143309466,100
ENSG00000212293,32420516,32420390,126
ENSG00000252089,54859812,54859688,124
ENSG00000273725,9279816,9279532,284
ENSG00000264415,30854135,30853833,302
ENSG00000265495,30122889,30122730,159
ENSG00000206951,32945451,32945339,112
ENSG00000253055,35750175,35750061,114
ENSG00000200807,60384763,60384605,158
ENSG00000231587,131490571,131490486,85
ENSG00000276653,25058329,25058032,297
ENSG00000202336,68017817,68017710,107
ENSG00000276891,28387485,28387196,289
ENSG00000276522,61427877,61427617,260
ENSG00000222207,35734748,35734639,109
ENSG00000252512,32078628,32078508,120
ENSG00000252228,30132966,30132805,161
ENSG00000238804,48956753,48956650,103
ENSG00000207449,65553187,65553081,106
ENSG00000251877,28410456,28410270,186
ENSG00000263971,32608516,32608365,151
ENSG00000212171,20401724,20401627,97
ENSG00000200983,8684356,8684227,129
ENSG00000201641,77150437,77150328,109
ENSG00000200469,88275308,88275205,103
ENSG00000252398,32045979,32045873,106
ENSG00000223064,85537483,85537379,104
ENSG00000221527,100739927,100739802,125
ENSG00000200106,109196309,109196201,108
ENSG00000272020,126160445,126160283,162
ENSG00000202251,7266166,7266055,111
ENSG00000213167,116321031,116320751,280
ENSG00000199266,38449503,38449370,133
ENSG00000207144,155419500,155419397,103
ENSG00000273974,74280495,74280402,93
ENSG00000274984,73067332,73067231,101
ENSG00000212532,51464765,51464690,75
ENSG00000201297,125362929,125362819,110
ENSG00000273624,21429036,21428930,106
ENSG00000265033,49152944,49152651,293
ENSG00000251869,24744570,24744441,129
ENSG00000276871,11249959,11249809,150
ENSG00000221375,139885603,139885481,122
ENSG00000200553,119947232,119947131,101
ENSG00000252347,23259566,23259460,106
ENSG00000274742,101913279,101912998,281
ENSG00000263969,37215903,37215605,298
ENSG00000200834,33831078,33830978,100
ENSG00000276421,54131896,54115536,16360
ENSG00000221808,20988432,20988314,118
ENSG00000264583,47401042,47400970,72
ENSG00000264741,73758819,73758747,72
ENSG00000207587,101048748,101048658,90
ENSG00000199025,101065667,101065598,69
ENSG00000221630,88608197,88608107,90
ENSG00000283343,50126563,50126499,64
ENSG00000283298,67225527,67225464,63
ENSG00000277063,93029839,93029751,88
ENSG00000221176,128049238,128049152,86
ENSG00000265247,142176418,142176339,79
ENSG00000275335,52336642,52336557,85
ENSG00000284231,134546711,134546614,97
ENSG00000284363,151958658,151958578,80
ENSG00000252104,64397787,64397694,93
ENSG00000200969,81888985,81888918,67
ENSG00000281825,45605730,45605657,73
ENSG00000207248,21642160,21642054,106
ENSG00000201170,245134090,245133927,163
ENSG00000221662,18897148,18897071,77
ENSG00000198974,40754446,40754355,91
ENSG00000201277,173254290,173254190,100
ENSG00000207606,151545891,151545796,95
ENSG00000240713,22601707,22601485,222
ENSG00000283634,6152262,6152207,55
ENSG00000265258,2173138,2173063,75
ENSG00000277465,99368566,99368447,119
ENSG00000284402,121444352,121444273,79
ENSG00000222445,125875498,125875168,330
ENSG00000207952,31014742,31014646,96
ENSG00000252361,62816067,62815966,101
ENSG00000207989,100869148,100869060,88
ENSG00000221036,101030129,101030052,77
ENSG00000251917,23946771,23946618,153
ENSG00000221052,52277200,52277117,83
ENSG00000253027,44765100,44764950,150
ENSG00000207649,56858601,56858518,83
ENSG00000278447,42823943,42823880,63
ENSG00000278413,26359702,26359529,173
ENSG00000265499,14830242,14830166,76
ENSG00000242236,25654881,25654595,286
ENSG00000207810,53680023,53679940,83
ENSG00000266705,181305652,181305593,59
ENSG00000201413,134783555,134783436,119
ENSG00000284092,227472187,227472132,55
ENSG00000207299,90118461,90118391,70
ENSG00000265376,31161787,31161704,83
ENSG00000284364,48633698,48633636,62
ENSG00000252096,4869118,4868984,134
ENSG00000265253,113594942,113594876,66
ENSG00000212469,56871276,56871170,106
ENSG00000198987,160404825,160404745,80
ENSG00000221251,164171556,164171471,85
ENSG00000200677,90755312,90755243,69
ENSG00000284587,1986477,1986384,93
ENSG00000277320,76786190,76785782,408
ENSG00000263670,1309377,1309310,67
ENSG00000207784,134541437,134541341,96
ENSG00000275648,30731970,30731838,132
ENSG00000252489,56288584,56288485,99
ENSG00000275666,2652562,2652099,463
ENSG00000222509,170783271,170783167,104
ENSG00000244044,66364320,66364029,291
ENSG00000199949,86275523,86275429,94
ENSG00000239194,67390850,67390691,159
ENSG00000200231,24237398,24237255,143
ENSG00000207266,27998401,27998295,106
ENSG00000252569,53443332,53443228,104
ENSG00000265272,58491075,58490797,278
ENSG00000202000,88000401,88000237,164
ENSG00000222560,26013025,26012889,136
ENSG00000201289,61743476,61743154,322
ENSG00000199767,25517225,25517119,106
ENSG00000285956,139012441,139012329,112
ENSG00000239932,60696605,60696313,292
ENSG00000200957,19642529,19642425,104
ENSG00000199751,71491167,71491066,101
ENSG00000199840,184171823,184171714,109
ENSG00000252169,173292619,173292517,102
ENSG00000277980,30825096,30825003,93
ENSG00000212247,13973424,13973316,108
ENSG00000252870,115128373,115128218,155
ENSG00000201142,147079870,147079746,124
ENSG00000265013,29582134,29582051,83
ENSG00000207290,128371212,128371099,113
ENSG00000206704,28985810,28985710,100
ENSG00000251874,83003517,83003412,105
ENSG00000212546,80936540,80936434,106
ENSG00000199476,48288694,48288587,107
ENSG00000199805,63909119,63908955,164
ENSG00000199477,45337609,45337480,129
ENSG00000199202,95905141,95905005,136
ENSG00000252778,8555146,8555016,130
ENSG00000207058,70703123,70703018,105
ENSG00000200566,15916303,15916189,114
ENSG00000207280,231456523,231456444,79
ENSG00000202124,50098358,50098264,94
ENSG00000238417,8705517,8705456,61
ENSG00000252237,28319463,28319335,128
ENSG00000207113,88612911,88612805,106
ENSG00000222667,66676364,66676258,106
ENSG00000275901,16187566,16187313,253
ENSG00000251779,76319473,76319376,97
ENSG00000242266,147940301,147940007,294
ENSG00000201291,75473894,75473738,156
ENSG00000199332,31402250,31402152,98
ENSG00000223004,24811548,24811481,67
ENSG00000199454,78177921,78177803,118
ENSG00000277515,22609377,22609141,236
ENSG00000222760,36267922,36267783,139
ENSG00000199474,12842610,12842487,123
ENSG00000222969,98204192,98203835,357
ENSG00000274432,43245864,43245674,190
ENSG00000252776,122449331,122449210,121
ENSG00000222832,216793600,216793489,111
ENSG00000252238,4827084,4827001,83
ENSG00000274017,49197062,49196784,278
ENSG00000206922,72706123,72706017,106
ENSG00000263666,71698701,71698567,134
ENSG00000240490,19424671,19424384,287
ENSG00000223330,56402173,56402070,103
ENSG00000212204,33285887,33285769,118
ENSG00000252084,242188789,242188647,142
ENSG00000277668,130603724,130603461,263
ENSG00000238965,111928508,111928400,108
ENSG00000278764,46266971,46266690,281
ENSG00000212516,19422921,19422815,106
ENSG00000263625,31612798,31612723,75
ENSG00000252037,143574848,143574746,102
ENSG00000200555,180444612,180444509,103
ENSG00000274135,66915334,66915063,271
ENSG00000240151,117164255,117163968,287
ENSG00000223078,23281909,23281736,173
ENSG00000252082,172703225,172703124,101
ENSG00000281766,72447301,72378406,68895
ENSG00000277139,69530475,69530371,104
ENSG00000252391,78696797,78696694,103
ENSG00000275803,90294207,90293939,268
ENSG00000199536,170149951,170149845,106
ENSG00000206718,155330527,155330421,106
ENSG00000212587,110848673,110848546,127
ENSG00000207481,41303337,41303237,100
ENSG00000222821,36402859,36402721,138
ENSG00000265386,2013476,2013181,295
ENSG00000222302,107486635,107486511,124
ENSG00000278331,40759706,40759600,106
ENSG00000201209,28232823,28232756,67
ENSG00000201339,93968020,93967926,94
ENSG00000206912,23299262,23299155,107
ENSG00000274018,439397,439297,100
ENSG00000273928,106661467,106661353,114
ENSG00000241223,3571511,3571215,296
ENSG00000252770,68911982,68911921,61
ENSG00000239129,29883109,29883006,103
ENSG00000202491,200008607,200008505,102
ENSG00000238923,6943878,6943816,62
ENSG00000206661,5128412,5128279,133
ENSG00000241631,30702775,30702504,271
ENSG00000252001,19633812,19633683,129
ENSG00000252182,35747140,35747032,108
ENSG00000199568,65296166,65296051,115
ENSG00000241172,18958258,18957957,301
ENSG00000206611,133349470,133349396,74
ENSG00000273979,40917381,40917111,270
ENSG00000238924,163470266,163470205,61
ENSG00000264915,31702855,31702742,113
ENSG00000252028,177503552,177503303,249
ENSG00000200176,86889733,86889569,164
ENSG00000212425,137512210,137512098,112
ENSG00000240502,230894427,230894141,286
ENSG00000235284,131485750,131485665,85
ENSG00000252116,67267726,67267601,125
ENSG00000201041,128697556,128697439,117
ENSG00000222287,30701435,30701337,98
ENSG00000207386,206025697,206025593,104
ENSG00000252856,48206374,48206258,116
ENSG00000206647,10155206,10155072,134
ENSG00000252556,122004451,122004355,96
ENSG00000199936,85460252,85460144,108
ENSG00000242483,11379675,11379395,280
ENSG00000264293,1405752,1405460,292
ENSG00000275680,58951513,58951185,328
ENSG00000252640,68630968,68630851,117
ENSG00000199755,67340176,67340068,108
ENSG00000206818,79912208,79912104,104
ENSG00000243136,35672044,35671776,268
ENSG00000278454,134600336,134600257,79
ENSG00000238669,53138651,53138545,106
ENSG00000252720,93437510,93437400,110
ENSG00000212242,136630355,136630243,112
ENSG00000201221,35887801,35887659,142
ENSG00000276873,39171560,39171462,98
ENSG00000252621,37303109,37303000,109
ENSG00000252282,245023118,245023015,103
ENSG00000266689,32511094,32510948,146
ENSG00000202414,25214798,25214698,100
ENSG00000207047,206161957,206161878,79
ENSG00000277771,49846720,49846456,264
ENSG00000202041,240154772,240154651,121
ENSG00000275633,54709099,54684540,24559
ENSG00000276760,167571,136160,31411
ENSG00000283152,172138888,172138808,80
ENSG00000265986,196582481,196582413,68
ENSG00000221063,63373048,63372957,91
ENSG00000283656,113778054,113777993,61
ENSG00000265140,113450088,113450023,65
ENSG00000266431,53948484,53948427,57
ENSG00000265154,100109514,100109419,95
ENSG00000283556,101040535,101040436,99
ENSG00000277014,18494576,18494493,83
ENSG00000283160,8187004,8186945,59
ENSG00000207839,17813931,17813836,95
ENSG00000284565,28861440,28861369,71
ENSG00000284595,75498628,75498548,80
ENSG00000284216,1816238,1816159,79
ENSG00000207550,51692681,51692612,69
ENSG00000274380,52222098,52222020,78
ENSG00000266761,51452977,51452905,72
ENSG00000221120,184241489,184241405,84
ENSG00000263790,20411238,20411148,90
ENSG00000265347,93819421,93819357,64
ENSG00000265806,136831023,136830957,66
ENSG00000239057,50010750,50010672,78
ENSG00000207820,74287209,74287104,105
ENSG00000238904,118758274,118758211,63
ENSG00000244139,120122206,120121909,297
ENSG00000212489,190165523,190165417,106
ENSG00000252125,107133170,107133071,99
ENSG00000201433,183675715,183675603,112
ENSG00000274941,54156191,54138182,18009
ENSG00000238391,74487540,74487428,112
ENSG00000222448,179846152,179845832,320
ENSG00000239577,72199050,72198712,338
ENSG00000206758,48793258,48793152,106
ENSG00000199712,25172716,25172635,81
ENSG00000264153,31613436,31613305,131
ENSG00000206705,136130081,136129980,101
ENSG00000199683,37975481,37975156,325
ENSG00000201407,24133317,24133186,131
ENSG00000251934,3714875,3714772,103
ENSG00000252053,194533583,194533503,80
ENSG00000278028,41672406,41672295,111
ENSG00000252850,88581796,88581639,157
ENSG00000201550,131092927,131092821,106
ENSG00000274344,117117983,117117912,71
ENSG00000275229,149700296,149700151,145
ENSG00000207162,64671369,64671263,106
ENSG00000212539,56957469,56957270,199
ENSG00000200183,50657078,50656973,105
ENSG00000202144,19376875,19376774,101
ENSG00000278519,54190480,54173854,16626
ENSG00000200550,42712847,42712740,107
ENSG00000265559,47557833,47557534,299
ENSG00000252339,71563528,71563430,98
ENSG00000274293,38150138,38150050,88
ENSG00000221639,73264084,73263960,124
ENSG00000275669,1256670,1256605,65
ENSG00000201725,8883533,8883427,106
ENSG00000284525,3856141,3856062,79
ENSG00000263890,97995448,97995383,65
ENSG00000264618,39786823,39786524,299
ENSG00000266052,87618740,87618665,75
ENSG00000199347,11908271,11908152,119
ENSG00000265165,26908725,26908642,83
ENSG00000208001,100881120,100881007,113
ENSG00000243548,28711476,28711198,278
ENSG00000216099,101047979,101047901,78
ENSG00000207291,101634112,101634006,106
ENSG00000266291,18402271,18402178,93
ENSG00000201098,148987248,148987136,112
ENSG00000283845,28844007,28843919,88
ENSG00000263456,88469031,88468918,113
ENSG00000241604,29233385,29233090,295
ENSG00000264468,6655509,6655440,69
ENSG00000244692,139609939,139609669,270
ENSG00000284027,7018022,7017911,111
ENSG00000201549,7784511,7784403,108
ENSG00000283950,6736778,6736712,66
ENSG00000252795,38779516,38779424,92
ENSG00000277533,42351205,42351131,74
ENSG00000275924,58550376,58550285,91
ENSG00000253099,111383219,111383092,127
ENSG00000284079,207754881,207754807,74
ENSG00000240961,91739897,91739609,288
ENSG00000265734,213758159,213758067,92
ENSG00000263641,231362793,231362708,85
ENSG00000201843,133302563,133302470,93
ENSG00000211590,35720808,35720715,93
ENSG00000202103,85993159,85993021,138
ENSG00000284134,114316569,114316475,94
ENSG00000272412,130310476,130310180,296
ENSG00000207779,160404685,160404588,97
ENSG00000264585,52712747,52712682,65
ENSG00000207139,197685740,197685640,100
ENSG00000283193,113106955,113106863,92
ENSG00000201347,178561029,178560913,116
ENSG00000265421,54075583,54075518,65
ENSG00000252065,28982410,28982303,107
ENSG00000199023,1023026,1022933,93
ENSG00000277666,101141,100123,1018
ENSG00000283432,135315522,135315418,104
ENSG00000266168,57405090,57405025,65
ENSG00000207701,9741768,9741672,96
ENSG00000271814,12614197,12614003,194
ENSG00000266712,76966850,76966768,82
ENSG00000200554,125304026,125303920,106
ENSG00000284139,144400165,144400086,79
ENSG00000212319,101628406,101628310,96
ENSG00000283622,78901249,78901194,55
ENSG00000265584,110082218,110082118,100
ENSG00000207109,53333128,53333060,68
ENSG00000212445,68189421,68189287,134
ENSG00000202035,73403889,73403788,101
ENSG00000200105,15671810,15671707,103
ENSG00000238782,229606299,229606238,61
ENSG00000201944,205731352,205731221,131
ENSG00000201613,126590393,126590287,106
ENSG00000200298,72022516,72022407,109
ENSG00000243366,98672278,98671980,298
ENSG00000243801,56824656,56824375,281
ENSG00000200403,19305182,19305076,106
ENSG00000243029,65545696,65545401,295
ENSG00000264602,30922269,30922178,91
ENSG00000252401,28652755,28652630,125
ENSG00000272460,25243695,25243614,81
ENSG00000274651,54131896,54115536,16360
ENSG00000278226,56810681,56810422,259
ENSG00000199927,30304536,30304320,216
ENSG00000200630,13160279,13160178,101
ENSG00000202398,80369534,80369426,108
ENSG00000201031,149094462,149094353,109
ENSG00000252530,101728737,101728642,95
ENSG00000274716,179492157,179492076,81
ENSG00000199855,27088427,27088321,106
ENSG00000207205,144412740,144412576,164
ENSG00000201660,5410251,5410122,129
ENSG00000243539,12037014,12036740,274
ENSG00000222629,125890678,125890566,112
ENSG00000201006,120651374,120651273,101
ENSG00000252147,119456658,119456558,100
ENSG00000241159,70965867,70965584,283
ENSG00000199668,11315178,11315067,111
ENSG00000251803,17403620,17403508,112
ENSG00000273516,121008507,121008362,145
ENSG00000222727,186026586,186026456,130
ENSG00000274170,32368567,32368497,70
ENSG00000238959,73027873,73027808,65
ENSG00000200070,59212788,59212648,140
ENSG00000265735,9442380,9442060,320
ENSG00000277637,30143969,30143733,236
ENSG00000212215,61664239,61664145,94
ENSG00000200261,112169397,112169286,111
ENSG00000253040,42270715,42270589,126
ENSG00000221206,110551965,110551845,120
ENSG00000199629,53366209,53366058,151
ENSG00000252587,35755033,35754923,110
ENSG00000265602,30122511,30122351,160
ENSG00000200752,50959379,50959267,112
ENSG00000207459,134634945,134634839,106
ENSG00000199594,37140430,37140327,103
ENSG00000277005,38528985,38528620,365
ENSG00000202386,106449497,106449381,116
ENSG00000206797,450762,450663,99
ENSG00000252014,131768249,131768140,109
ENSG00000277739,8256933,8256781,152
ENSG00000252824,102194164,102194076,88
ENSG00000252867,28624763,28624657,106
ENSG00000199781,232828751,232828653,98
ENSG00000199839,181822990,181822872,118
ENSG00000253084,35093973,35093909,64
ENSG00000275843,55034296,54998440,35856
ENSG00000252334,58483843,58483749,94
ENSG00000199458,121454121,121453981,140
ENSG00000265260,97341344,97341046,298
ENSG00000276359,164703309,164703026,283
ENSG00000240203,42676491,42676189,302
ENSG00000272000,42143020,42138640,4380
ENSG00000202191,100924892,100924824,68
ENSG00000275836,63326984,63326925,59
ENSG00000221332,75399067,75398860,207
ENSG00000202609,177029445,177029363,82
ENSG00000201907,25239919,25239838,81
ENSG00000263584,12578823,12578753,70
ENSG00000284010,1996831,1996759,72
ENSG00000275359,116952813,116952698,115
ENSG00000208022,80935833,80935736,97
ENSG00000200146,80528066,80527960,106
ENSG00000284259,68233499,68233426,73
ENSG00000252113,67858871,67858818,53
ENSG00000275273,42708151,42708084,67
ENSG00000221420,186786852,186786675,177
ENSG00000263414,813653,813584,69
ENSG00000207630,4770779,4770670,109
ENSG00000252758,74857781,74857675,106
ENSG00000207869,53674320,53674197,123
ENSG00000242256,112242839,112242550,289
ENSG00000216031,58818313,58818226,87
ENSG00000238447,57685592,57685529,63
ENSG00000264063,8987430,8987370,60
ENSG00000283885,16933260,16933196,64
ENSG00000252370,34120167,34120056,111
ENSG00000207954,44114310,44114212,98
ENSG00000277084,43387417,43387226,191
ENSG00000284336,93620788,93620696,92
ENSG00000199833,25208163,25208083,80
ENSG00000216009,137647649,137647572,77
ENSG00000265565,27147688,27147626,62
ENSG00000276426,91844116,91844022,94
ENSG00000263734,91521737,91521660,77
ENSG00000283313,70848218,70848136,82
ENSG00000283419,5711910,5711840,70
ENSG00000206589,43734285,43734179,106
ENSG00000284028,138123821,138123758,63
ENSG00000277446,10691831,10691538,293
ENSG00000265181,136546259,136546173,86
ENSG00000207020,139555001,139554900,101
ENSG00000200801,25222428,25222348,80
ENSG00000274544,62854695,62854621,74
ENSG00000241550,80204902,80204606,296
ENSG00000252980,44071186,44071087,99
ENSG00000270722,145465780,145465617,163
ENSG00000276782,82430156,82429872,284
ENSG00000200215,100939630,100939556,74
ENSG00000242102,140578222,140577925,297
ENSG00000283262,88367862,88367793,69
ENSG00000199728,78036845,78036739,106
ENSG00000201501,50563110,50563009,101
ENSG00000222459,107918978,107918866,112
ENSG00000271739,120006101,120005976,125
ENSG00000264313,92659302,92659044,258
ENSG00000252212,59129458,59129276,182
ENSG00000201274,132848696,132848577,119
ENSG00000243738,121203435,121203159,276
ENSG00000264202,31822691,31822629,62
ENSG00000276082,54156191,54138182,18009
ENSG00000244194,74011876,74011578,298
ENSG00000276341,55068836,55049943,18893
ENSG00000200241,86160066,86159956,110
ENSG00000252890,66897371,66897262,109
ENSG00000274357,45732356,45732082,274
ENSG00000252069,109744749,109744643,106
ENSG00000207156,146996713,146996607,106
ENSG00000277722,54107026,54102906,4120
ENSG00000252944,104766926,104766822,104
ENSG00000252550,105897643,105897523,120
ENSG00000240847,41192265,41191965,300
ENSG00000206997,96210227,96210121,106
ENSG00000269167,31989286,31988350,936
ENSG00000275474,55070922,55052029,18893
ENSG00000273596,116954679,116954480,199
ENSG00000221203,68183610,68183518,92
ENSG00000207938,17845193,17845107,86
ENSG00000263869,32301224,32301118,106
ENSG00000275036,28289350,28289258,92
ENSG00000278851,65018570,65018505,65
ENSG00000277469,27202638,27202302,336
ENSG00000207568,104117514,104117405,109
ENSG00000252444,106304286,106304176,110
ENSG00000265929,106850999,106850885,114
ENSG00000222385,28261519,28261194,325
ENSG00000264004,2274691,2274620,71
ENSG00000284305,14901591,14901508,83
ENSG00000207007,70852240,70852130,110
ENSG00000273944,55096373,55077480,18893
ENSG00000283204,64525565,64525513,52
ENSG00000206747,68539549,68539443,106
ENSG00000263752,241477982,241477905,77
ENSG00000265028,24521435,24521362,73
ENSG00000265138,30123286,30123125,161
ENSG00000266421,85722533,85722468,65
ENSG00000251727,93843862,93843764,98
ENSG00000215961,110860647,110860582,65
ENSG00000207756,36147988,36147892,96
ENSG00000266110,85133873,85133794,79
ENSG00000221475,52190748,52190621,127
ENSG00000207982,119069143,119069047,96
ENSG00000264349,154975783,154975693,90
ENSG00000264377,234306539,234306467,72
ENSG00000221783,21471146,21471058,88
ENSG00000200267,73113018,73112915,103
ENSG00000265653,12130816,12130760,56
ENSG00000284224,143813042,143812957,85
ENSG00000266852,104268405,104268336,69
ENSG00000206963,126702942,126702839,103
ENSG00000221533,154887458,154887360,98
ENSG00000284094,15969621,15969533,88
ENSG00000281010,2155104,2155025,79
ENSG00000207197,25077142,25077051,91
ENSG00000221333,70284070,70283955,115
ENSG00000201875,205900958,205900630,328
ENSG00000264200,103849980,103849906,74
ENSG00000276599,35746636,35746523,113
ENSG00000206738,2615224,2615124,100
ENSG00000277052,132582061,132581997,64
ENSG00000264607,95137986,95137919,67
ENSG00000212359,120810569,120810469,100
ENSG00000252625,25929142,25928979,163
ENSG00000265673,23562131,23562062,69
ENSG00000263595,16910784,16910490,294
ENSG00000263918,14907781,14907717,64
ENSG00000252469,103550406,103550345,61
ENSG00000210741,48632559,48632490,69
ENSG00000273728,1105573,1105307,266
ENSG00000283385,69099632,69099564,68
ENSG00000222585,25715169,25715041,128
ENSG00000202224,2621201,2621090,111
ENSG00000284239,49487422,49487373,49
ENSG00000274734,30837039,30776860,60179
ENSG00000271818,45123414,45123093,321
ENSG00000265134,47227021,47226942,79
ENSG00000212498,2656182,2656097,85
ENSG00000198972,51692864,51692786,78
ENSG00000201939,153159345,153159220,125
ENSG00000240533,6095970,6095699,271
ENSG00000283441,34990472,34990400,72
ENSG00000275502,105462505,105462302,203
ENSG00000276162,28459948,28459869,79
ENSG00000252003,122081781,122081720,61
ENSG00000199506,95792635,95792529,106
ENSG00000207963,171106759,171106664,95
ENSG00000252016,88148918,88148792,126
ENSG00000278775,8433174,8433085,89
ENSG00000207642,350252,350157,95
ENSG00000264675,102293187,102293103,84
ENSG00000212461,71639483,71639355,128
ENSG00000277818,79562846,79562745,101
ENSG00000263763,129484142,129484057,85
ENSG00000274491,58850641,58850530,111
ENSG00000215943,145996743,145996669,74
ENSG00000278374,123455107,123454981,126
ENSG00000200197,123764089,123763927,162
ENSG00000278450,29077352,29064823,12529
ENSG00000207984,147225952,147225826,126
ENSG00000275041,100898136,100897853,283
ENSG00000277859,136129781,136129516,265
ENSG00000200637,6017839,6017723,116
ENSG00000252105,143791687,143791542,145
ENSG00000212440,9286822,9286673,149
ENSG00000275415,30026276,30026209,67
ENSG00000240692,69879895,69879592,303
ENSG00000201892,140992659,140992543,116
ENSG00000223003,56146846,56146739,107
ENSG00000223247,73111182,73110992,190
ENSG00000199636,24429609,24429505,104
ENSG00000202142,100975896,100975825,71
ENSG00000239910,74174753,74174456,297
ENSG00000206751,72853331,72853224,107
ENSG00000200645,14759294,14759188,106
ENSG00000266191,28978689,28978391,298
ENSG00000222663,105824770,105824634,136
ENSG00000199361,40269719,40269558,161
ENSG00000200108,84233763,84233657,106
ENSG00000221245,119569825,119569699,126
ENSG00000207296,38797109,38797002,107
ENSG00000278333,85613186,85613017,169
ENSG00000252101,75286800,75286712,88
ENSG00000242811,180736703,180736405,298
ENSG00000206983,37870215,37870109,106
ENSG00000201544,212352950,212352816,134
ENSG00000239189,55500055,55499950,105
ENSG00000208892,132031359,132031224,135
ENSG00000277740,69851436,69851148,288
ENSG00000276847,32435678,32435572,106
ENSG00000206587,67895737,67895631,106
ENSG00000199719,18295451,18295143,308
ENSG00000273524,24179295,24179038,257
ENSG00000202059,203052418,203052285,133
ENSG00000281780,206161929,206161841,88
ENSG00000207412,31686798,31686692,106
ENSG00000200064,49908730,49908634,96
ENSG00000252094,35746094,35745989,105
ENSG00000265896,31392284,31392186,98
ENSG00000276233,60546349,60546219,130
ENSG00000201999,66301940,66301809,131
ENSG00000274607,38755400,38755279,121
ENSG00000244642,119862956,119862662,294
ENSG00000202440,82402706,82402638,68
ENSG00000207090,121195057,121194948,109
ENSG00000207146,108677057,108676951,106
ENSG00000200610,106515998,106515897,101
ENSG00000199753,64146152,64146083,69
ENSG00000239390,144141166,144140879,287
ENSG00000253001,163829113,163828800,313
ENSG00000201436,16941951,16941843,108
ENSG00000251922,6017194,6017054,140
ENSG00000273950,127857147,127856890,257
ENSG00000252491,26790286,26790142,144
ENSG00000263944,59291333,59291052,281
ENSG00000276669,86216878,86216596,282
ENSG00000199251,207680639,207680533,106
ENSG00000264417,30741667,30741416,251
ENSG00000274574,144560831,144560668,163
ENSG00000275323,54208260,54201473,6787
ENSG00000252367,5114083,5113993,90
ENSG00000252170,129518647,129518576,71
ENSG00000200024,87744053,87743952,101
ENSG00000200385,37720561,37720425,136
ENSG00000201439,25404428,25404288,140
ENSG00000265223,32441699,32441551,148
ENSG00000200728,96112851,96112747,104
ENSG00000252026,68284318,68284223,95
ENSG00000200370,228646158,228646040,118
ENSG00000212626,7301153,7301020,133
ENSG00000242673,131004429,131004128,301
ENSG00000206675,39297711,39297605,106
ENSG00000223258,43207866,43207762,104
ENSG00000277242,16399327,16399228,99
ENSG00000206835,232832187,232832017,170
ENSG00000201458,172796558,172796429,129
ENSG00000252764,100683574,100683488,86
ENSG00000207227,37891448,37891347,101
ENSG00000222883,75965069,75964980,89
ENSG00000243847,23997085,23996795,290
ENSG00000221455,92790665,92790453,212
ENSG00000283920,209406,209336,70
ENSG00000200612,100986128,100986057,71
ENSG00000275877,30485076,30484925,151
ENSG00000221703,7234837,7234766,71
ENSG00000206804,64880475,64880369,106
ENSG00000244514,48765847,48765554,293
ENSG00000264603,18387860,18387787,73
ENSG00000252236,156192203,156192063,140
ENSG00000239043,45110968,45110883,85
ENSG00000221230,94466580,94466495,85
ENSG00000252074,30675402,30675300,102
ENSG00000266215,126988542,126988458,84
ENSG00000201487,75789548,75789477,71
ENSG00000201742,47493085,47492978,107
ENSG00000207983,12764743,12764649,94
ENSG00000222736,16875267,16875146,121
ENSG00000208028,57519259,57519163,96
ENSG00000243991,193740715,193740471,244
ENSG00000206814,17117686,17117576,110
ENSG00000199172,95308513,95308420,93
ENSG00000266569,72823171,72822894,277
ENSG00000277764,70900351,70900155,196
ENSG00000201311,82307168,82307067,101
ENSG00000207652,40810861,40810766,95
ENSG00000252452,232782766,232782665,101
ENSG00000212324,83764464,83764358,106
ENSG00000266875,134133868,134133573,295
ENSG00000264657,27633278,27633205,73
ENSG00000283944,74480204,74480133,71
ENSG00000274452,43290481,43290291,190
ENSG00000200327,163468605,163468496,109
ENSG00000221673,219962865,219962652,213
ENSG00000253030,59171262,59171183,79
ENSG00000212241,115139123,115139030,93
ENSG00000207475,155920045,155919909,136
ENSG00000283798,72587313,72587217,96
ENSG00000202164,208920664,208920547,117
ENSG00000274799,148390029,148389748,281
ENSG00000206680,92837383,92837289,94
ENSG00000284343,75353685,75353611,74
ENSG00000240733,36451201,36450912,289
ENSG00000284385,75762315,75762215,100
ENSG00000252420,61739229,61739127,102
ENSG00000252332,139448843,139448740,103
ENSG00000264115,15155002,15154850,152
ENSG00000265535,59975054,59974757,297
ENSG00000251904,88396547,88396437,110
ENSG00000222419,103850911,103850797,114
ENSG00000264005,8088147,8088056,91
ENSG00000285515,31005019,30992759,12260
ENSG00000284055,45475435,45475363,72
ENSG00000200575,61816522,61816419,103
ENSG00000212404,182828221,182828124,97
ENSG00000276152,30951821,30951585,236
ENSG00000207972,10718503,10718404,99
ENSG00000207329,109324796,109324685,111
ENSG00000201541,24333547,24333415,132
ENSG00000283212,45675008,45674932,76
ENSG00000207837,53721142,53721076,66
ENSG00000241037,122087811,122087508,303
ENSG00000201695,18266510,18266393,117
ENSG00000222222,150237156,150236967,189
ENSG00000211532,53726986,53726922,64
ENSG00000264893,32586718,32586571,147
ENSG00000207255,35471708,35471605,103
ENSG00000265396,177256010,177255945,65
ENSG00000264623,114743525,114743445,80
ENSG00000241395,211792406,211792111,295
ENSG00000201737,200775750,200775584,166
ENSG00000274847,115055,53594,61461
ENSG00000264319,37241991,37241910,81
ENSG00000201047,73082595,73082494,101
ENSG00000252626,107007670,107007568,102
ENSG00000284000,8460999,8460925,74
ENSG00000212292,154295601,154295503,98
ENSG00000199161,136670686,136670602,84
ENSG00000241789,51872464,51872178,286
ENSG00000221463,118386471,118386394,77
ENSG00000239224,102583177,102582888,289
ENSG00000267954,23783958,23782283,1675
ENSG00000264438,128710043,128709780,263
ENSG00000221190,155383198,155383100,98
ENSG00000202079,247294941,247294835,106
ENSG00000199702,12304194,12304091,103
ENSG00000222506,171439627,171439526,101
ENSG00000212335,22852728,22852616,112
ENSG00000201316,51015165,51015021,144
ENSG00000277295,75268652,75268430,222
ENSG00000222095,100994330,100994257,73
ENSG00000239464,43598844,43598544,300
ENSG00000240327,113976633,113976341,292
ENSG00000276323,54115801,54107066,8735
ENSG00000212374,83717522,83717427,95
ENSG00000252614,101648312,101648206,106
ENSG00000222971,146340524,146340420,104
ENSG00000221491,48654518,48654382,136
ENSG00000206819,157809204,157809098,106
ENSG00000212551,32081973,32081764,209
ENSG00000265961,31503744,31503631,113
ENSG00000200287,143897361,143897263,98
ENSG00000201114,114490832,114490724,108
ENSG00000275299,54264654,54264552,102
ENSG00000207157,23152686,23152586,100
ENSG00000206878,228652560,228652436,124
ENSG00000200275,155845528,155845437,91
ENSG00000238468,53668758,53668697,61
ENSG00000281420,43748468,43748365,103
ENSG00000222511,8796673,8796571,102
ENSG00000207214,124647822,124647719,103
ENSG00000275782,54882875,54882769,106
ENSG00000263879,31610614,31610483,131
ENSG00000212538,163923873,163923670,203
ENSG00000252379,18886053,18885950,103
ENSG00000275606,29076532,29064006,12526
ENSG00000199392,77431689,77431563,126
ENSG00000202415,9947636,9947318,318
ENSG00000253092,183452764,183452567,197
ENSG00000238372,101847360,101847256,104
ENSG00000199200,34202074,34201979,95
ENSG00000201074,93417966,93417855,111
ENSG00000200325,30309126,30309015,111
ENSG00000202395,37166658,37166352,306
ENSG00000201118,19089688,19089593,95
ENSG00000278746,32442639,32442341,298
ENSG00000200389,141903030,141902924,106
ENSG00000212251,131299751,131299640,111
ENSG00000201938,96103174,96103079,95
ENSG00000239096,179614878,179614775,103
ENSG00000201805,113086911,113086805,106
ENSG00000200953,51156977,51156868,109
ENSG00000200702,44401704,44401603,101
ENSG00000252725,38680104,38680006,98
ENSG00000206961,169728003,169727872,131
ENSG00000200434,34163110,34162959,151
ENSG00000266503,28643270,28642979,291
ENSG00000278198,179372,173872,5500
ENSG00000202324,99083905,99083783,122
ENSG00000222076,95745994,95745804,190
ENSG00000251999,32791946,32791814,132
ENSG00000252506,229383188,229383128,60
ENSG00000284372,1339708,1339650,58
ENSG00000275589,53963697,53963629,68
ENSG00000252743,31757053,31756951,102
ENSG00000238705,26554593,26554542,51
ENSG00000276015,2698076,2697851,225
ENSG00000266407,96064399,96064315,84
ENSG00000201042,118888564,118888434,130
ENSG00000265092,125819822,125819740,82
ENSG00000276608,30050695,30050620,75
ENSG00000252029,12087445,12087396,49
ENSG00000207874,28056910,28056815,95
ENSG00000222285,136969306,136969200,106
ENSG00000275208,47179737,47179611,126
ENSG00000253085,13696199,13696070,129
ENSG00000266006,61508657,61508596,61
ENSG00000207515,90597340,90597235,105
ENSG00000278359,64341904,64341849,55
ENSG00000202356,119891229,119891132,97
ENSG00000216192,24212495,24212421,74
ENSG00000283126,54312048,54311972,76
ENSG00000277824,54920784,54913845,6939
ENSG00000207345,148278778,148278672,106
ENSG00000199082,100109753,100109655,98
ENSG00000266626,31078064,31077965,99
ENSG00000207749,101023856,101023794,62
ENSG00000212040,101032064,101031987,77
ENSG00000238829,201141966,201141904,62
ENSG00000284160,85380662,85380596,66
ENSG00000252560,131642966,131642818,148
ENSG00000273648,5632566,5632467,99
ENSG00000207331,98908564,98908459,105
ENSG00000199053,7223379,7223297,82
ENSG00000274838,10759649,10759584,65
ENSG00000201088,174264981,174264878,103
ENSG00000263750,72853382,72853321,61
ENSG00000201264,151102128,151102057,71
ENSG00000284074,62332557,62332487,70
ENSG00000200615,33004345,33004250,95
ENSG00000265355,69049035,69048958,77
ENSG00000265981,124732516,124732439,77
ENSG00000202260,17576510,17576206,304
ENSG00000266240,13627957,13627865,92
ENSG00000275869,936467,933862,2605
ENSG00000207279,25094128,25094037,91
ENSG00000221616,27048963,27048853,110
ENSG00000199627,131054992,131054886,106
ENSG00000284280,27610751,27610601,150
ENSG00000266194,91205559,91205485,74
ENSG00000274866,1997552,1997484,68
ENSG00000275651,33467935,33467869,66
ENSG00000199975,73832690,73832382,308
ENSG00000207991,123402603,123402525,78
ENSG00000278066,27138,26533,605
ENSG00000265538,51059905,51059837,68
ENSG00000263730,39661321,39661216,105
ENSG00000240098,126245282,126245035,247
ENSG00000265822,55225723,55225641,82
ENSG00000207633,139924231,139924148,83
ENSG00000263476,45164088,45164014,74
ENSG00000281295,33704922,33704786,136
ENSG00000207818,152394492,152394412,80
ENSG00000198997,89592827,89592747,80
ENSG00000242853,119213146,119212857,289
ENSG00000275968,105460015,105459815,200
ENSG00000276982,54102740,54094681,8059
ENSG00000262621,3397745,3382113,15632
ENSG00000199837,182944490,182944365,125
ENSG00000263671,30795937,30795686,251
ENSG00000278712,54195141,54190866,4275
ENSG00000276514,94877777,94877599,178
ENSG00000263436,101601497,101601417,80
ENSG00000271841,17665025,17664963,62
ENSG00000275344,60209156,60209071,85
ENSG00000200926,111091332,111091213,119
ENSG00000238926,72285045,72284945,100
ENSG00000274066,62792771,62792702,69
ENSG00000202337,32203269,32203163,106
ENSG00000199090,75335186,75335092,94
ENSG00000278426,54160192,54156127,4065
ENSG00000201793,99206006,99205708,298
ENSG00000283665,17673394,17673299,95
ENSG00000201229,183451988,183451857,131
ENSG00000206857,120526400,120526294,106
ENSG00000221650,107531248,107531171,77
ENSG00000201279,3663911,3663815,96
ENSG00000252507,54850352,54850289,63
ENSG00000212296,40832735,40832656,79
ENSG00000223324,111683424,111683111,313
ENSG00000274258,8866590,8866502,88
ENSG00000212535,95290799,95290692,107
ENSG00000276835,22633366,22633258,108
ENSG00000273571,116955154,116954983,171
ENSG00000266740,65335183,65335117,66
ENSG00000207286,25287533,25287432,101
ENSG00000199005,100911213,100911139,74
ENSG00000284265,35641252,35641172,80
ENSG00000207056,7219524,7219360,164
ENSG00000283824,1713987,1713903,84
ENSG00000277785,25088895,25088804,91
ENSG00000283704,119019012,119018944,68
ENSG00000207552,62944312,62944215,97
ENSG00000201665,56885602,56885284,318
ENSG00000284826,10884255,10881011,3244
ENSG00000283429,9239551,9239467,84
ENSG00000266627,3920506,3920245,261
ENSG00000284583,53982397,53982307,90
ENSG00000208006,50049061,50048973,88
ENSG00000222952,13623284,13623184,100
ENSG00000222267,20229877,20229779,98
ENSG00000198973,219001708,219001645,63
ENSG00000221102,91126553,91126425,128
ENSG00000200224,56945836,56945730,106
ENSG00000263741,92490220,92490163,57
ENSG00000251822,60363935,60363822,113
ENSG00000284585,88716337,88716278,59
ENSG00000274883,45932083,45931806,277
ENSG00000170152,61862567,61861848,719
ENSG00000214305,39161520,39161270,250
ENSG00000207697,24520290,24520192,98
ENSG00000283805,76736548,76736450,98
ENSG00000277035,28134585,28134408,177
ENSG00000284412,44110912,44110849,63
ENSG00000264571,55479298,55479221,77
ENSG00000264840,64871784,64871504,280
ENSG00000276105,2674292,2674097,195
ENSG00000265423,93717005,93716928,77
ENSG00000283842,49933137,49933064,73
ENSG00000200687,19401981,19401872,109
ENSG00000238399,112643583,112643493,90
ENSG00000252914,136721495,136721394,101
ENSG00000207549,53716680,53716594,86
ENSG00000202523,83993033,83992932,101
ENSG00000200966,100581379,100581079,300
ENSG00000276733,5974732,5974662,70
ENSG00000222355,53776324,53776136,188
ENSG00000263783,134857873,134857820,53
ENSG00000252991,1001963,1001858,105
ENSG00000199165,94176036,94175957,79
ENSG00000244169,1065875,1065580,295
ENSG00000283880,176188901,176188843,58
ENSG00000239703,56029981,56029684,297
ENSG00000207737,124693798,124693710,88
ENSG00000207190,64029000,64028894,106
ENSG00000207611,240456089,240456001,88
ENSG00000263993,75742426,75742129,297
ENSG00000252163,138397628,138397351,277
ENSG00000207154,51283896,51283733,163
ENSG00000264580,42951014,42950928,86
ENSG00000274836,17676371,17676211,160
ENSG00000206774,80365832,80365726,106
ENSG00000275810,113152362,113152282,80
ENSG00000274144,54131896,54115536,16360
ENSG00000200719,29048604,29048494,110
ENSG00000264678,152489416,152489327,89
ENSG00000200051,140527428,140527352,76
ENSG00000212521,98032335,98032230,105
ENSG00000222465,70188750,70188571,179
ENSG00000263831,170028566,170028488,78
ENSG00000265727,74242908,74242608,300
ENSG00000266318,97963726,97963658,68
ENSG00000206726,124989325,124989219,106
ENSG00000263988,11953085,11952788,297
ENSG00000201807,136855831,136855698,133
ENSG00000283821,100868107,100868036,71
ENSG00000240936,6938897,6938606,291
ENSG00000222205,57126762,57126655,107
ENSG00000207995,77005501,77005404,97
ENSG00000276048,44937696,44937426,270
ENSG00000240964,78938292,78938009,283
ENSG00000275796,54671975,54636119,35856
ENSG00000266295,31526717,31526642,75
ENSG00000273610,21987777,21987481,296
ENSG00000276528,27096248,27096124,124
ENSG00000280004,102187039,102186819,220
ENSG00000206990,165662687,165662585,102
ENSG00000277488,37940790,37940704,86
ENSG00000277153,54869045,54868939,106
ENSG00000265606,18883275,18883202,73
ENSG00000223024,18869291,18869185,106
ENSG00000222788,148939817,148939739,78
ENSG00000284443,109598967,109598893,74
ENSG00000272393,133082932,133082829,103
ENSG00000202146,54099302,54099191,111
ENSG00000199059,205448398,205448302,96
ENSG00000268154,154950492,154950210,282
ENSG00000263744,70872368,70872270,98
ENSG00000252296,100100172,100100084,88
ENSG00000238540,36405274,36405214,60
ENSG00000264211,118910787,118910708,79
ENSG00000207419,11709960,11709819,141
ENSG00000202184,246189118,246189014,104
ENSG00000207166,17862720,17862588,132
ENSG00000221604,50234212,50234142,70
ENSG00000276161,136726234,136726105,129
ENSG00000264802,201719627,201719508,119
ENSG00000274706,198071417,198071311,106
ENSG00000283487,96427292,96427229,63
ENSG00000207730,1167198,1167104,94
ENSG00000252025,53745105,53745004,101
ENSG00000207365,93021712,93021606,106
ENSG00000207708,6964191,6964097,94
ENSG00000263629,59647020,59646962,58
ENSG00000264483,227941683,227941590,93
ENSG00000201013,233379955,233379843,112
ENSG00000252106,34873927,34873831,96
ENSG00000264210,49169153,49169070,83
ENSG00000276123,194658675,194658376,299
ENSG00000277030,105640232,105640168,64
ENSG00000264747,57304559,57304479,80
ENSG00000200095,100560792,100560686,106
ENSG00000265373,16309966,16309879,87
ENSG00000273912,28477548,28477481,67
ENSG00000265867,2133204,2133119,85
ENSG00000206727,25073201,25073107,94
ENSG00000222352,21545644,21545344,300
ENSG00000283819,28861618,28861533,85
ENSG00000266317,181813702,181813401,301
ENSG00000278108,53057012,53056944,68
ENSG00000199130,14309371,14309285,86
ENSG00000240577,5631755,5631463,292
ENSG00000284399,30117160,30117086,74
ENSG00000263905,3094509,3094171,338
ENSG00000264864,49996501,49996415,86
ENSG00000251940,19249966,19249873,93
ENSG00000267200,2050008,2049908,100
ENSG00000263602,48724475,48724408,67
ENSG00000194717,101029714,101029634,80
ENSG00000284574,82236728,82236668,60
ENSG00000277209,20343407,20343075,332
ENSG00000265110,15251696,15251627,69
ENSG00000200713,8895918,8895813,105
ENSG00000265641,35934142,35934088,54
ENSG00000283928,3961512,3961414,98
ENSG00000252230,34637781,34637696,85
ENSG00000284085,28861730,28861655,75
ENSG00000201957,179169210,179169083,127
ENSG00000207620,53761222,53761133,89
ENSG00000265137,18470691,18470615,76
ENSG00000239745,74390989,74390692,297
ENSG00000283728,2435000,2434914,86
ENSG00000278774,43273292,43273101,191
ENSG00000221055,113583096,113582959,137
ENSG00000221091,50614785,50614636,149
ENSG00000266463,63238842,63238779,63
ENSG00000284149,131491236,131491160,76
ENSG00000211520,56000795,56000714,81
ENSG00000201140,117197420,117197118,302
ENSG00000253096,103725825,103725728,97
ENSG00000266299,13644850,13644775,75
ENSG00000265694,168583018,168582943,75
ENSG00000263468,206783308,206783234,74
ENSG00000239250,71827471,71827177,294
ENSG00000265859,131985931,131985855,76
ENSG00000266808,184379044,184378975,69
ENSG00000278590,85368580,85368282,298
ENSG00000202331,149907675,149907560,115
ENSG00000263445,76573632,76573568,64
ENSG00000275166,41746841,41746772,69
ENSG00000222108,49979780,49979665,115
ENSG00000264901,47167058,47166967,91
ENSG00000276961,133046581,133046481,100
ENSG00000283225,27920611,27920526,85
ENSG00000202380,5890212,5890055,157
ENSG00000199512,59341417,59341314,103
ENSG00000221598,45201019,45200954,65
ENSG00000264158,92528058,92527984,74
ENSG00000199785,811814,811681,133
ENSG00000284175,46113657,46113566,91
ENSG00000252659,120313341,120313238,103
ENSG00000207758,50003238,50003148,90
ENSG00000266745,20137641,20137565,76
ENSG00000242330,71448958,71448689,269
ENSG00000264792,14826012,14825929,83
ENSG00000252957,100074190,100074081,109
ENSG00000252466,48316459,48316360,99
ENSG00000221697,34000051,33999972,79
ENSG00000251745,37936768,37936707,61
ENSG00000238366,6245831,6245731,100
ENSG00000264614,185253272,185253210,62
ENSG00000207281,40339164,40339059,105
ENSG00000283969,44073433,44073378,55
ENSG00000265816,32027085,32026965,120
ENSG00000252927,9600228,9600097,131
ENSG00000199422,53462310,53462209,101
ENSG00000221042,92204306,92204229,77
ENSG00000284334,75915269,75915197,72
ENSG00000284229,144317315,144317246,69
ENSG00000252352,69355218,69355133,85
ENSG00000206996,13044456,13044350,106
ENSG00000221771,127960695,127960633,62
ENSG00000263697,137169270,137169186,84
ENSG00000207176,32396147,32396050,97
ENSG00000206838,45104482,45104349,133
ENSG00000265873,88745905,88745836,69
ENSG00000211991,70022923,70022857,66
ENSG00000202354,148983856,148983755,101
ENSG00000283335,128392708,128392621,87
ENSG00000200622,95868764,95868667,97
ENSG00000200681,18307079,18306973,106
ENSG00000199326,88226829,88226729,100
ENSG00000207049,236153172,236153071,101
ENSG00000273932,133052059,133051996,63
ENSG00000223136,29949130,29948828,302
ENSG00000207453,7486809,7486703,106
ENSG00000212384,100927413,100927342,71
ENSG00000265236,31541178,31541101,77
ENSG00000207081,134918416,134918310,106
ENSG00000202498,215630117,215630026,91
ENSG00000212458,1119013,1118884,129
ENSG00000251957,11923288,11923181,107
ENSG00000207170,18583468,18583367,101
ENSG00000243346,11157747,11157455,292
ENSG00000206690,88100105,88099995,110
ENSG00000212240,28915744,28915645,99
ENSG00000222276,96384815,96384624,191
ENSG00000253066,114111517,114111414,103
ENSG00000207308,2321827,2321718,109
ENSG00000252047,103435092,103434994,98
ENSG00000222972,201646820,201646716,104
ENSG00000207013,86663250,86663144,106
ENSG00000251920,125979934,125979812,122
ENSG00000207496,12840450,12840312,138
ENSG00000263723,237869982,237869904,78
ENSG00000243911,112272837,112272596,241
ENSG00000271986,73487877,73487590,287
ENSG00000207173,58083168,58083068,100
ENSG00000252138,7726951,7726841,110
ENSG00000207217,6017011,6016877,134
ENSG00000206977,41832993,41832854,139
ENSG00000200653,88820432,88820297,135
ENSG00000202206,195514142,195514036,106
ENSG00000252283,28062068,28061967,101
ENSG00000199968,25204438,25204357,81
ENSG00000207135,27335607,27335501,106
ENSG00000199933,101719918,101719808,110
ENSG00000201048,10674768,10674658,110
ENSG00000239053,10744249,10744186,63
ENSG00000238941,45354885,45354779,106
ENSG00000221381,50799122,50799032,90
ENSG00000275939,131440196,131440031,165
ENSG00000200999,26702388,26702309,79
ENSG00000201447,77066827,77066709,118
ENSG00000252962,2503141,2503047,94
ENSG00000240625,43036500,43036196,304
ENSG00000276049,30025837,30025770,67
ENSG00000221676,134164564,134164439,125
ENSG00000222185,100998541,100998467,74
ENSG00000252816,21383909,21383801,108
ENSG00000201469,132724057,132723945,112
ENSG00000239396,45569492,45569199,293
ENSG00000276275,141453451,141453377,74
ENSG00000200764,207688059,207687960,99
ENSG00000212134,31376446,31376319,127
ENSG00000252490,43772350,43772120,230
ENSG00000199248,31479489,31479383,106
ENSG00000221459,47388777,47388649,128
ENSG00000206590,89714338,89714232,106
ENSG00000264887,31855201,31855113,88
ENSG00000252711,47715601,47715283,318
ENSG00000239726,118931490,118931216,274
ENSG00000238882,102256710,102256604,106
ENSG00000264400,35415149,35414881,268
ENSG00000278702,35400319,35399997,322
ENSG00000253602,142247866,142247585,281
ENSG00000240772,167400762,167400495,267
ENSG00000251834,15432006,15431899,107
ENSG00000243075,50841785,50841498,287
ENSG00000263517,30211463,30211301,162
ENSG00000200427,85777755,85777639,116
ENSG00000276140,134598149,134598071,78
ENSG00000199370,148389859,148389645,214
ENSG00000199732,96309322,96309221,101
ENSG00000251698,66639383,66639269,114
ENSG00000251753,90781869,90781766,103
ENSG00000201363,44344933,44344839,94
ENSG00000207002,123814207,123814077,130
ENSG00000240641,51975959,51975673,286
ENSG00000275174,21428985,21428879,106
ENSG00000252422,18433944,18433842,102
ENSG00000239948,43660776,43660500,276
ENSG00000239249,28056453,28056153,300
ENSG00000212493,52689315,52689248,67
ENSG00000253039,44932431,44932323,108
ENSG00000199730,58704154,58703852,302
ENSG00000252553,189666256,189666149,107
ENSG00000276861,89600680,89600571,109
ENSG00000277721,46553775,46553522,253
ENSG00000240647,31981427,31981147,280
ENSG00000200902,163289096,163288995,101
ENSG00000278334,27186018,27185832,186
ENSG00000274303,120365963,120365666,297
ENSG00000201644,75662213,75662120,93
ENSG00000207305,2453117,2453010,107
ENSG00000199390,100963130,100963054,76
ENSG00000242559,41683462,41683168,294
ENSG00000212623,80900864,80900757,107
ENSG00000206699,99527927,99527826,101
ENSG00000212154,131661174,131661063,111
ENSG00000263864,31902347,31902285,62
ENSG00000206970,203782143,203782037,106
ENSG00000276700,129029,128877,152
ENSG00000252996,2954338,2954240,98
ENSG00000207128,10476329,10476223,106
ENSG00000252273,16035509,16035413,96
ENSG00000199220,114658062,114657949,113
ENSG00000200089,100993310,100993236,74
ENSG00000242216,25818532,25818234,298
ENSG00000223156,16476164,16476003,161
ENSG00000212541,37991569,37991462,107
ENSG00000201711,77635309,77635203,106
ENSG00000207342,88840263,88840165,98
ENSG00000207137,25079149,25079058,91
ENSG00000202297,92334564,92334463,101
ENSG00000212321,122840645,122840426,219
ENSG00000276565,1591699,1586202,5497
ENSG00000252148,201079944,201079842,102
ENSG00000202285,106739054,106738948,106
ENSG00000262922,162477993,162477891,102
ENSG00000207316,88431309,88431191,118
ENSG00000278604,74072676,74072454,222
ENSG00000252509,72357815,72357728,87
ENSG00000201560,65859766,65859660,106
ENSG00000261709,45215033,45214906,127
ENSG00000201532,139012441,139012329,112
ENSG00000251810,27784053,27783846,207
ENSG00000199475,97599260,97598933,327
ENSG00000201954,76260903,76260800,103
ENSG00000221116,2654286,2654212,74
ENSG00000212611,114017102,114017033,69
ENSG00000201165,65023310,65023204,106
ENSG00000252604,154790484,154790291,193
ENSG00000252760,111041925,111041834,91
ENSG00000222421,127832743,127832635,108
ENSG00000238902,192534112,192534009,103
ENSG00000274878,50049663,50049591,72
ENSG00000212576,12106614,12106497,117
ENSG00000239148,5004842,5004710,132
ENSG00000202026,31713853,31713753,100
ENSG00000238609,106282989,106282927,62
ENSG00000276645,33029576,33029232,344
ENSG00000278218,11148769,11148584,185
ENSG00000252086,219761875,219761789,86
ENSG00000201604,90922835,90922731,104
ENSG00000206871,36309690,36309584,106
ENSG00000199643,91270867,91270727,140
ENSG00000222858,29641702,29641611,91
ENSG00000207131,87826285,87826173,112
ENSG00000242493,37246479,37246173,306
ENSG00000278793,127946,127840,106
ENSG00000275987,30580,30437,143
ENSG00000200987,25225284,25225203,81
ENSG00000207243,178656,178554,102
ENSG00000222733,58527751,58527655,96
ENSG00000275689,21126396,21126271,125
ENSG00000240470,90166526,90166233,293
ENSG00000222344,229894453,229894346,107
ENSG00000207355,24974280,24974171,109
ENSG00000266841,30923419,30923328,91
ENSG00000212265,56260446,56260333,113
ENSG00000212597,128993340,128993237,103
ENSG00000200503,25178819,25178738,81
ENSG00000275219,43296615,43296425,190
ENSG00000265409,31744429,31744327,102
ENSG00000251878,184432049,184431966,83
ENSG00000242863,97353815,97353497,318
ENSG00000252301,63545535,63545440,95
ENSG00000274459,68576136,68575858,278
ENSG00000201059,21000997,21000881,116
ENSG00000273940,61789426,61789143,283
ENSG00000238759,71298218,71298156,62
ENSG00000263410,77885634,77885377,257
ENSG00000200097,35251052,35250959,93
ENSG00000201066,155182184,155181881,303
ENSG00000199295,83657842,83657735,107
ENSG00000277055,46166022,46165745,277
ENSG00000252965,125528349,125528244,105
ENSG00000277512,16441298,16441226,72
ENSG00000252619,42417593,42417497,96
ENSG00000222418,182048905,182048822,83
ENSG00000223152,66094546,66094461,85
ENSG00000267828,75298091,75297990,101
ENSG00000207293,57169209,57169108,101
ENSG00000266747,31445248,31445150,98
ENSG00000202100,32463482,32463374,108
ENSG00000207021,81573602,81573490,112
ENSG00000252040,68630354,68630223,131
ENSG00000212450,45789688,45789585,103
ENSG00000206756,74551493,74551392,101
ENSG00000201470,127798998,127798903,95
ENSG00000202361,61874182,61874084,98
ENSG00000199245,88430550,88430442,108
ENSG00000274589,18539189,18538885,304
ENSG00000263950,30726672,30726562,110
ENSG00000212505,8656831,8656716,115
ENSG00000277051,45847940,45847630,310
ENSG00000212446,44135989,44135883,106
ENSG00000273511,54102740,54094681,8059
ENSG00000200874,75513126,75513025,101
ENSG00000266004,31605384,31605253,131
ENSG00000276722,58842546,58842433,113
ENSG00000201499,200881821,200881715,106
ENSG00000277124,96965695,96965489,206
ENSG00000271982,49491729,49491664,65
ENSG00000222068,133391398,133391109,289
ENSG00000280466,155926085,155925958,127
ENSG00000252934,54167007,54166944,63
ENSG00000201689,100990160,100990091,69
ENSG00000212615,45088308,45088243,65
ENSG00000276919,100829454,100829350,104
ENSG00000201033,27514032,27513871,161
ENSG00000222405,70443923,70443784,139
ENSG00000199303,99642347,99642237,110
ENSG00000206936,49082165,49082028,137
ENSG00000274040,23169654,23169365,289
ENSG00000199849,164351388,164351273,115
ENSG00000251854,149779108,149779009,99
ENSG00000252483,20894638,20894532,106
ENSG00000201065,102755170,102755064,106
ENSG00000223202,74685505,74685224,281
ENSG00000222351,122946094,122945988,106
ENSG00000252155,7378779,7378672,107
ENSG00000277732,134598518,134598318,200
ENSG00000221040,116278821,116278606,215
ENSG00000206931,150701972,150701866,106
ENSG00000253078,37435608,37435510,98
ENSG00000200446,35930264,35930158,106
ENSG00000253022,6540964,6540854,110
ENSG00000201839,100953423,100953349,74
ENSG00000202499,25236166,25236085,81
ENSG00000207062,65070672,65070538,134
ENSG00000239437,129591635,129591349,286
ENSG00000251883,25611223,25611153,70
ENSG00000207200,63970576,63970470,106
ENSG00000264540,44884274,44883986,288
ENSG00000221255,7576971,7576841,130
ENSG00000206828,149636929,149636766,163
ENSG00000199862,127028219,127028107,112
ENSG00000212447,122880323,122880213,110
ENSG00000200785,21397401,21397292,109
ENSG00000252796,39621073,39621012,61
ENSG00000277677,51858352,51858070,282
ENSG00000223263,67417318,67417214,104
ENSG00000212429,80749693,80749561,132
ENSG00000252897,82268706,82268612,94
ENSG00000277754,101145695,101145480,215
ENSG00000200388,31396501,31396390,111
ENSG00000284214,207801939,207801852,87
ENSG00000201920,41718260,41718154,106
ENSG00000206732,24676415,24676309,106
ENSG00000207326,246426119,246426006,113
ENSG00000200693,63651499,63651296,203
ENSG00000263439,235190116,235190034,82
ENSG00000207298,99025345,99025234,111
ENSG00000206842,22787499,22787393,106
ENSG00000222979,121411200,121410916,284
ENSG00000206646,68361187,68361075,112
ENSG00000239003,59480132,59480070,62
ENSG00000278349,71473568,71473503,65
ENSG00000273621,144739941,144739762,179
ENSG00000200935,116538276,116538183,93
ENSG00000207010,12289329,12289227,102
ENSG00000266704,120155499,120155434,65
ENSG00000207505,186771947,186771841,106
ENSG00000266300,31904165,31904099,66
ENSG00000264482,102046004,102045934,70
ENSG00000243398,172237591,172237326,265
ENSG00000222431,20452473,20452369,104
ENSG00000243374,148438577,148438309,268
ENSG00000202512,109699834,109699500,334
ENSG00000283170,101054381,101054306,75
ENSG00000277265,5872050,5871753,297
ENSG00000207347,21564577,21564471,106
ENSG00000200891,87994695,87994618,77
ENSG00000252784,63338372,63338263,109
ENSG00000276941,23197920,23197827,93
ENSG00000206660,32056839,32056746,93
ENSG00000223075,192875985,192875686,299
ENSG00000221033,64762515,64762387,128
ENSG00000221398,34456237,34456110,127
ENSG00000265674,30125466,30125305,161
ENSG00000241992,96583527,96583209,318
ENSG00000275391,18379410,18379351,59
ENSG00000242971,21794159,21793883,276
ENSG00000201390,21661741,21661635,106
ENSG00000252744,148330394,148330271,123
ENSG00000207044,112196546,112196440,106
ENSG00000266758,29599265,29599179,86
ENSG00000201555,31778905,31778817,88
ENSG00000252157,183653676,183653572,104
ENSG00000278598,87834660,87834592,68
ENSG00000206877,24537438,24537332,106
ENSG00000239702,44291151,44290856,295
ENSG00000278779,38532707,38532589,118
ENSG00000223131,22997358,22997255,103
ENSG00000284038,48579947,48579838,109
ENSG00000238704,42440259,42440198,61
ENSG00000251775,63883391,63883249,142
ENSG00000274713,11495622,11495544,78
ENSG00000263432,123022783,123022487,296
ENSG00000207456,53570480,53570374,106
ENSG00000251720,63536770,63536711,59
ENSG00000275726,45436704,45436654,50
ENSG00000278357,45523341,45523061,280
ENSG00000222338,3726327,3726222,105
ENSG00000207343,20416899,20416797,102
ENSG00000266063,111771134,111771061,73
ENSG00000266210,30918735,30918469,266
ENSG00000206995,52162852,52162751,101
ENSG00000207145,93733597,93733466,131
ENSG00000238830,98840736,98840675,61
ENSG00000278159,7371692,7371608,84
ENSG00000206659,175022580,175022479,101
ENSG00000266151,44408203,44408120,83
ENSG00000238698,199191120,199191059,61
ENSG00000242101,100530659,100530362,297
ENSG00000207053,35928675,35928570,105
ENSG00000277872,25455711,25455646,65
ENSG00000263598,28915906,28915807,99
ENSG00000201228,31506404,31506303,101
ENSG00000206770,72768811,72768702,109
ENSG00000238819,46351746,46351662,84
ENSG00000283498,118974670,118974586,84
ENSG00000206967,108229604,108229503,101
ENSG00000266245,170330844,170330761,83
ENSG00000206863,24124285,24124170,115
ENSG00000264688,30740788,30740537,251
ENSG00000265214,63621169,63621090,79
ENSG00000277694,27100111,27099967,144
ENSG00000252857,55686081,55685977,104
ENSG00000277965,38712103,38711821,282
ENSG00000264025,28915736,28915637,99
ENSG00000212186,20126488,20126388,100
ENSG00000241807,75785354,75785134,220
ENSG00000277809,44935908,44935585,323
ENSG00000265278,31653632,31653519,113
ENSG00000199814,14850535,14850429,106
ENSG00000264582,40805141,40804846,295
ENSG00000277567,54869016,54868910,106
ENSG00000278510,1110235,1109945,290
ENSG00000199360,110856522,110856417,105
ENSG00000239079,122726311,122726208,103
ENSG00000283454,45327497,45327366,131
ENSG00000252383,16098807,16098704,103
ENSG00000266710,18915535,18915243,292
ENSG00000275493,67726255,67725914,341
ENSG00000278190,54868156,54868050,106
ENSG00000212226,89130953,89130852,101
ENSG00000252449,62814491,62814382,109
ENSG00000201810,180542836,180542701,135
ENSG00000242348,1666640,1666360,280
ENSG00000206788,178039004,178038902,102
ENSG00000199270,228634989,228634871,118
ENSG00000206617,74289214,74289100,114
ENSG00000276027,42615393,42615244,149
ENSG00000201699,149162944,149162783,161
ENSG00000252018,52754462,52754322,140
ENSG00000242121,182314544,182314284,260
ENSG00000212309,202278192,202278108,84
ENSG00000277196,161852,138082,23770
ENSG00000276022,54115801,54107066,8735
ENSG00000202031,44777912,44777843,69
ENSG00000206906,18343144,18343038,106
ENSG00000243817,20963867,20963579,288
ENSG00000252627,123874565,123874459,106
ENSG00000252329,12904988,12904817,171
ENSG00000223042,10084490,10084186,304
ENSG00000206721,120210421,120210320,101
ENSG00000278573,60316,59711,605
ENSG00000200597,37915742,37915573,169
ENSG00000275291,144524021,144523860,161
ENSG00000264530,6542353,6542094,259
ENSG00000276150,27922178,27922022,156
ENSG00000252516,247204661,247204570,91
ENSG00000200814,62334197,62334091,106
ENSG00000207086,9615373,9615267,106
ENSG00000251774,12514807,12514706,101
ENSG00000277475,32528,31698,830
ENSG00000222412,31756136,31756042,94
ENSG00000223274,1300375,1300256,119
ENSG00000222909,34943075,34942969,106
ENSG00000252199,9908010,9907916,94
ENSG00000222608,52665347,52665231,116
ENSG00000207198,41114045,41113942,103
ENSG00000238653,64384459,64384398,61
ENSG00000201288,127241074,127240968,106
ENSG00000274194,54190480,54173854,16626
ENSG00000272232,70579461,70579163,298
ENSG00000273519,54813268,54813162,106
ENSG00000200222,64072019,64071807,212
ENSG00000274796,54195141,54190866,4275
ENSG00000222148,49889728,49889634,94
ENSG00000252423,69401303,69401202,101
ENSG00000201321,228628266,228628148,118
ENSG00000244404,25020463,25020166,297
ENSG00000200259,49491260,49491175,85
ENSG00000277049,41237557,41237440,117
ENSG00000277887,64146471,64146339,132
ENSG00000274889,54081380,54069947,11433
ENSG00000201377,70396375,70396279,96
ENSG00000200665,116082676,116082570,106
ENSG00000199827,175029877,175029769,108
ENSG00000274063,29073129,29060593,12536
ENSG00000222533,181302070,181301967,103
ENSG00000266653,32145636,32145516,120
ENSG00000275108,98987449,98987387,62
ENSG00000273874,187958,187891,67
ENSG00000240663,50207278,50206998,280
ENSG00000276869,12029222,12029158,64
ENSG00000200883,9249746,9249649,97
ENSG00000207721,71067716,71067631,85
ENSG00000200656,45106099,45105968,131
ENSG00000276081,77060202,77060143,59
ENSG00000277681,201863447,201863373,74
ENSG00000201255,30360566,30360463,103
ENSG00000222071,21496641,21496562,79
ENSG00000277411,15522300,15522195,105
ENSG00000221594,54607957,54607874,83
ENSG00000207551,100975084,100974985,99
ENSG00000241248,140086150,140085855,295
ENSG00000251862,34941920,34941837,83
ENSG00000274514,12577237,12576961,276
ENSG00000264539,114244561,114244505,56
ENSG00000221745,101025651,101025564,87
ENSG00000199204,34001799,34001698,101
ENSG00000207762,101027183,101027100,83
ENSG00000200753,20377401,20377331,70
ENSG00000202560,101047398,101047321,77
ENSG00000266517,25848825,25848747,78
ENSG00000274466,24203231,24203116,115
ENSG00000230133,24224588,24199767,24821
ENSG00000224311,27234352,27229106,5246
ENSG00000166847,23677472,23641466,36006
ENSG00000260482,23675499,23670011,5488
ENSG00000174106,65248355,65169583,78772
ENSG00000254450,111829212,111817214,11998
ENSG00000175809,22274461,22272943,1518
ENSG00000228610,23198690,23198339,351
ENSG00000283265,137700415,137693068,7347
ENSG00000162909,223776018,223701593,74425
ENSG00000234956,137792835,137730170,62665
ENSG00000230533,137763984,137657998,105986
ENSG00000224261,160267225,160266340,885
ENSG00000137720,111885975,111878935,7040
ENSG00000258465,160285130,160216800,68330
ENSG00000220412,137707201,137705423,1778
ENSG00000228606,160262778,160261744,1034
ENSG00000258587,74874254,74873684,570
ENSG00000156076,65121305,65050626,70679
ENSG00000251610,130055920,130048143,7777
ENSG00000268231,50557969,50555370,2599
ENSG00000213108,137544372,137543897,475
ENSG00000255561,111881243,111874056,7187
ENSG00000236509,134607632,134607157,475
ENSG00000237432,134651411,134650830,581
ENSG00000235813,134606254,134599457,6797
ENSG00000131409,50568435,50516892,51543
ENSG00000229660,157282686,157281536,1150
ENSG00000248995,64982524,64920845,61679
ENSG00000255693,64990607,64883394,107213
ENSG00000088320,31484895,31475288,9607
ENSG00000204121,232419816,232415818,3998
ENSG00000158683,47948491,47740202,208289
ENSG00000146666,47766772,47761476,5296
ENSG00000124831,237813682,237627587,186095
ENSG00000157350,70439237,70375977,63260
ENSG00000229102,179147973,179101366,46607
ENSG00000235181,54552256,54551970,286
ENSG00000244280,232387457,232385750,1707
ENSG00000280002,130990028,130988312,1716
ENSG00000279993,131028060,131025561,2499
ENSG00000117475,169396540,169367970,28570
ENSG00000224498,108849561,108848186,1375
ENSG00000223381,108839363,108710518,128845
ENSG00000153303,168101511,168053166,48345
ENSG00000128604,128950038,128937457,12581
ENSG00000162913,228213664,228203506,10158
ENSG00000269934,228276066,228266809,9257
ENSG00000132716,160262531,160215715,46816
ENSG00000257523,29064993,28875404,189589
ENSG00000256681,73851211,73850469,742
ENSG00000180770,130022520,130021553,967
ENSG00000013374,151378449,151341699,36750
ENSG00000189372,108383993,108383398,595
ENSG00000175395,37976647,37949573,27074
ENSG00000249869,130013541,130013182,359
ENSG00000182359,106077459,106051098,26361
ENSG00000254433,106101975,106085990,15985
ENSG00000149313,106098699,106075501,23198
ENSG00000259895,2468213,2464950,3263
ENSG00000170631,144950888,144930358,20530
ENSG00000214160,184249548,184242301,7247
ENSG00000111490,64881032,64780516,100516
ENSG00000213774,7325062,7324748,314
ENSG00000285622,169103276,168695874,407402
ENSG00000257835,77390864,77379820,11044
ENSG00000256151,130993976,130990138,3838
ENSG00000143196,168729206,168695468,33738
ENSG00000225826,168792886,168786939,5947
ENSG00000213063,168938923,168938467,456
ENSG00000229757,168579439,168578653,786
ENSG00000224629,157263229,157263022,207
ENSG00000143184,168582069,168576605,5464
ENSG00000229994,35351607,35350722,885
ENSG00000262881,45910779,45907670,3109
ENSG00000258846,96902698,96900697,2001
ENSG00000227409,35366077,35358822,7255
ENSG00000279685,45898798,45895783,3015
ENSG00000227777,168543354,168542737,617
ENSG00000215159,64779318,64759521,19797
ENSG00000143185,168543997,168540768,3229
ENSG00000278224,41787372,41780762,6610
ENSG00000214736,41789898,41787662,2236
ENSG00000227722,168376876,168317497,59379
ENSG00000083093,23641310,23603160,38150
ENSG00000009335,157269370,157138916,130454
ENSG00000163645,150703971,150659885,44086
ENSG00000163283,232382889,232378724,4165
ENSG00000154358,228378874,228208130,170744
ENSG00000121152,96377091,96335766,41325
ENSG00000225224,157192832,157192368,464
ENSG00000090020,27166981,27098809,68172
ENSG00000164663,41895361,41789896,105465
ENSG00000180424,31450257,31440632,9625
ENSG00000270110,228302998,228295911,7087
ENSG00000257748,28830204,28800084,30120
ENSG00000229365,157088543,157087955,588
ENSG00000115652,106194339,106093303,101036
ENSG00000233339,106183797,106179542,4255
ENSG00000170367,23879748,23875934,3814
ENSG00000124593,41790141,41780349,9792
ENSG00000130675,157010663,156994051,16612
ENSG00000235029,157007132,157006307,825
ENSG00000227002,223644383,223644110,273
ENSG00000272982,111181491,111181374,117
ENSG00000228086,100485997,100462399,23598
ENSG00000204334,170798971,170783786,15185
ENSG00000026652,161274061,161129967,144094
ENSG00000279355,161161982,161160105,1877
ENSG00000115750,9934416,9843443,90973
ENSG00000128692,170752788,170751805,983
ENSG00000275157,232368697,232368576,121
ENSG00000269387,41764460,41764292,168
ENSG00000106278,122062036,121873089,188947
ENSG00000225368,28987469,28986188,1281
ENSG00000124222,58679526,58651253,28273
ENSG00000178395,223395470,223393417,2053
ENSG00000225636,197016015,197014990,1025
ENSG00000243286,28988521,28986785,1736
ENSG00000230482,197263535,197263111,424
ENSG00000236977,197302519,197250858,51661
ENSG00000231621,197199273,197197991,1282
ENSG00000235541,28970448,28969118,1330
ENSG00000206526,28944525,28943865,660
ENSG00000267423,28518728,28509238,9490
ENSG00000238231,27990524,27990158,366
ENSG00000254995,58715410,58651434,63976
ENSG00000266893,28632728,28491864,140864
ENSG00000254419,58711633,58710795,838
ENSG00000146909,156973176,156949712,23464
ENSG00000027697,137219449,137197484,21965
ENSG00000283269,28727777,28683071,44706
ENSG00000270664,202995403,202995194,209
ENSG00000232479,202925904,202924609,1295
ENSG00000266976,28615229,28606688,8541
ENSG00000267537,28648303,28602379,45924
ENSG00000204335,170718078,170715351,2727
ENSG00000096088,41754109,41736711,17398
ENSG00000267320,28386204,28316705,69499
ENSG00000285581,1467632,1464582,3050
ENSG00000266928,28313500,28294093,19407
ENSG00000251544,94568909,94567461,1448
ENSG00000134255,111185104,111139627,45477
ENSG00000143178,168314426,168280877,33549
ENSG00000267509,28125430,28065267,60163
ENSG00000161509,74861504,74842023,19481
ENSG00000156232,82836108,82809628,26480
ENSG00000165704,134520513,134460165,60348
ENSG00000185261,94618597,94152966,465631
ENSG00000251340,94570676,94569540,1136
ENSG00000131669,93134251,93121496,12755
ENSG00000225816,14986074,14985378,696
ENSG00000237282,18381484,18379049,2435
ENSG00000261208,52289268,52286797,2471
ENSG00000280181,64710513,64709458,1055
ENSG00000256670,64609459,64599078,10381
ENSG00000230010,18359300,18322552,36748
ENSG00000253472,151378640,151378003,637
ENSG00000224715,47373541,47345569,27972
ENSG00000225195,64629976,64628344,1632
ENSG00000256199,64533638,64507166,26472
ENSG00000168229,52276724,52267713,9011
ENSG00000280312,47261007,47259366,1641
ENSG00000256314,64655019,64654060,959
ENSG00000280320,64696550,64696191,359
ENSG00000257548,107123314,107093298,30016
ENSG00000253897,151436953,151366299,70654
ENSG00000271494,151382381,151380341,2040
ENSG00000173930,102296284,102233986,62298
ENSG00000248261,102146572,102144077,2495
ENSG00000234773,12237767,12195015,42752
ENSG00000249844,4175238,4174319,919
ENSG00000117281,145739288,145719471,19817
ENSG00000234981,206529706,206528915,791
ENSG00000071677,237567175,237566574,601
ENSG00000183475,100651705,100602534,49171
ENSG00000177447,27806996,27806443,553
ENSG00000254934,27634627,27617626,17001
ENSG00000255496,27877648,27696312,181336
ENSG00000085998,46220305,46188682,31623
ENSG00000143324,180890251,180632004,258247
ENSG00000143486,206612465,206571292,41173
ENSG00000171357,46221256,46203334,17922
ENSG00000010030,36387800,36354091,33709
ENSG00000213016,54522031,54521723,308
ENSG00000143318,160201886,160190575,11311
ENSG00000279946,206544892,206541758,3134
ENSG00000204548,31412838,31404845,7993
ENSG00000151135,106978778,106955719,23059
ENSG00000156042,73358859,73253759,105100
ENSG00000250710,4157443,4156522,921
ENSG00000120832,106987160,106977277,9883
ENSG00000270127,100550153,100547765,2388
ENSG00000182223,48494389,48490252,4137
ENSG00000145248,48489526,48483343,6183
ENSG00000167617,54473296,54465026,8270
ENSG00000261000,206504456,206503948,508
ENSG00000240631,106911109,106910757,352
ENSG00000059758,96400480,96278261,122219
ENSG00000235060,180435936,180434800,1136
ENSG00000257169,96387194,96386818,376
ENSG00000240093,194180,182935,11245
ENSG00000121454,180278984,180230264,48720
ENSG00000257677,77228693,77219603,9090
ENSG00000239715,176013,174920,1093
ENSG00000156531,134428791,134373253,55538
ENSG00000261795,164972,161765,3207
ENSG00000146926,151187832,151175698,12134
ENSG00000225859,31586038,31569699,16339
ENSG00000164900,151174745,151148589,26156
ENSG00000230124,180502954,180269653,233301
ENSG00000180483,31390590,31377164,13426
ENSG00000130723,131500197,131373636,126561
ENSG00000176868,131500191,131497479,2712
ENSG00000243491,9770341,9757496,12845
ENSG00000240859,155465,149571,5894
ENSG00000073350,75575208,75525080,50128
ENSG00000244260,9708413,9674023,34390
ENSG00000240960,9746869,9746704,165
ENSG00000279311,158871821,158869898,1923
ENSG00000240687,9649439,9638772,10667
ENSG00000255575,120057180,120057035,145
ENSG00000242474,149466,135853,13613
ENSG00000172765,129893606,129647792,245814
ENSG00000196646,12189871,12163064,26807
ENSG00000242611,81178,77038,4140
ENSG00000170369,23826729,23823769,2960
ENSG00000236121,31344471,31341371,3100
ENSG00000273644,37477,37032,445
ENSG00000236807,44765464,44765148,316
ENSG00000189325,36336888,36315761,21127
ENSG00000158246,27012850,27005020,7830
ENSG00000263069,80415168,80351828,63340
ENSG00000134453,6117457,6089034,28423
ENSG00000263528,206496889,206470476,26413
ENSG00000170373,23751268,23747553,3715
ENSG00000225294,26986340,26985897,443
ENSG00000241544,157088547,157081841,6706
ENSG00000283061,27234,12704,14530
ENSG00000257869,28418612,28318141,100471
ENSG00000249992,45226278,45224466,1812
ENSG00000215547,31259632,31257664,1968
ENSG00000175707,26960468,26949562,10906
ENSG00000224094,45160175,45159774,401
ENSG00000186335,151347590,151314972,32618
ENSG00000139651,53195142,53180704,14438
ENSG00000257808,53161000,53159586,1414
ENSG00000187944,196810276,196805002,5274
ENSG00000018625,160143591,160115759,27832
ENSG00000250476,3967660,3967034,626
ENSG00000266918,45533838,45531577,2261
ENSG00000010278,6238271,6199715,38556
ENSG00000173818,80438086,80415165,22921
ENSG00000286117,23674873,23656609,18264
ENSG00000271947,6906301,6905724,577
ENSG00000225056,23656390,23655225,1165
ENSG00000239706,156988712,156988117,595
ENSG00000283443,30551470,30545601,5869
ENSG00000261129,144509001,144505900,3101
ENSG00000129480,31457506,31446036,11470
ENSG00000280719,35800920,35778302,22618
ENSG00000069275,205750182,205712822,37360
ENSG00000198021,141585011,141583674,1337
ENSG00000261250,179548922,179543201,5721
ENSG00000256496,127319986,127317709,2277
ENSG00000163359,237414375,237324003,90372
ENSG00000256292,127284283,127274467,9816
ENSG00000139223,48473624,48472665,959
ENSG00000203926,141590762,141589708,1054
ENSG00000162817,220699153,220690363,8790
ENSG00000071909,170655171,170178145,477026
ENSG00000223438,141626733,141625864,869
ENSG00000159388,203309602,203305491,4111
ENSG00000169169,49713731,49690898,22833
ENSG00000214821,170602228,170601662,566
ENSG00000256001,127146532,127145072,1460
ENSG00000278266,127150081,127147149,2932
ENSG00000286016,127207706,127130005,77701
ENSG00000172322,9995694,9951316,44378
ENSG00000116218,179575952,179550539,25413
ENSG00000233791,203305309,203298758,6551
ENSG00000224620,179448440,179447578,862
ENSG00000268677,49690573,49688853,1720
ENSG00000233639,104853183,104807572,45611
ENSG00000184761,130549883,130539095,10788
ENSG00000227779,141381107,141380823,284
ENSG00000231507,203288801,203287152,1649
ENSG00000158715,205680509,205657851,22658
ENSG00000224420,49690575,49688664,1911
ENSG00000236523,203256475,203255743,732
ENSG00000249345,127060401,126915203,145198
ENSG00000170935,107795829,107774899,20930
ENSG00000257021,126912322,126912034,288
ENSG00000256286,126876232,126874821,1411
ENSG00000152578,105982092,105609994,372098
ENSG00000249873,126874690,126869490,5200
ENSG00000255923,126865422,126864465,957
ENSG00000167614,54436900,54415219,21681
ENSG00000280537,219170827,219075329,95498
ENSG00000227407,54434698,54430654,4044
ENSG00000227195,26251526,26186920,64606
ENSG00000238129,26196891,26188408,8483
ENSG00000144285,166149214,165984641,164573
ENSG00000197442,136792477,136557046,235431
ENSG00000140830,72094431,72044289,50142
ENSG00000168090,100092187,100088969,3218
ENSG00000234263,136647999,136629172,18827
ENSG00000230440,26134198,26132887,1311
ENSG00000260252,72087443,72084857,2586
ENSG00000236842,75431588,75430571,1017
ENSG00000239525,83503034,83502699,335
ENSG00000080822,98523066,98497912,25154
ENSG00000163114,95841474,95840019,1455
ENSG00000281240,1694766,1694007,759
ENSG00000197670,53575863,53552770,23093
ENSG00000226646,35698037,35697300,737
ENSG00000285635,98585498,98521133,64365
ENSG00000205531,2992377,2944431,47946
ENSG00000278060,72934355,72932974,1381
ENSG00000281783,1691339,1688979,2360
ENSG00000231861,98498663,98497604,1059
ENSG00000177283,35642278,35638249,4029
ENSG00000183562,2991344,2989863,1481
ENSG00000157514,107777342,107713221,64121
ENSG00000124313,53321350,53225828,95522
ENSG00000281733,1673566,1671307,2259
ENSG00000171940,53609907,53567065,42842
ENSG00000281645,1669053,1668294,759
ENSG00000280870,77014532,76657798,356734
ENSG00000235415,53634590,53608354,26236
ENSG00000235919,155563944,155562042,1902
ENSG00000135638,72936071,72916260,19811
ENSG00000213901,219170095,219161465,8630
ENSG00000080819,98593723,98579446,14277
ENSG00000237872,155434262,155433178,1084
ENSG00000248839,98525334,98522570,2764
ENSG00000233266,54051760,54051334,426
ENSG00000250562,98525274,98525061,213
ENSG00000241114,54080280,54079974,306
ENSG00000277274,133678327,133677059,1268
ENSG00000225231,9943495,9936579,6916
ENSG00000178021,54256229,54253178,3051
ENSG00000227625,228134992,228134785,207
ENSG00000276964,133675017,133673749,1268
ENSG00000280157,228123771,228121523,2248
ENSG00000274599,133671718,133670450,1268
ENSG00000237552,76779267,76758124,21143
ENSG00000224566,228115473,228114997,476
ENSG00000116096,72892158,72887382,4776
ENSG00000280337,133668419,133667151,1268
ENSG00000241597,98954972,98954394,578
ENSG00000163161,127294176,127257290,36886
ENSG00000224132,237257676,237257091,585
ENSG00000163322,83523348,83459517,63831
ENSG00000248489,98995013,98929171,65842
ENSG00000224844,237124097,237122910,1187
ENSG00000226415,76700538,76699789,749
ENSG00000213301,104771885,104771282,603
ENSG00000133063,203273641,203212827,60814
ENSG00000213608,83478424,83477524,900
ENSG00000272855,76637339,76636877,462
ENSG00000279626,133665106,133664429,677
ENSG00000279509,47218768,47218026,742
ENSG00000162779,179554735,179365720,189015
ENSG00000234177,104757719,104746638,11081
ENSG00000239840,47150566,47150132,434
ENSG00000236539,179457315,179447602,9713
ENSG00000143190,167427345,167220876,206469
ENSG00000262038,47529916,47529190,726
ENSG00000279904,104707506,104706612,894
ENSG00000261369,47317814,47299447,18367
ENSG00000188393,9932381,9898673,33708
ENSG00000284981,102543849,102538417,5432
ENSG00000259918,47598996,47598654,342
ENSG00000260744,47202429,47196311,6118
ENSG00000270249,102592444,102541501,50943
ENSG00000174206,64222296,64186316,35980
ENSG00000261336,47566884,47565090,1794
ENSG00000260012,47263500,47262741,759
ENSG00000229436,80662585,80662331,254
ENSG00000116141,220664461,220528183,136278
ENSG00000205238,102562308,102551232,11076
ENSG00000233012,220628056,220625740,2316
ENSG00000187736,219160865,219075317,85548
ENSG00000205236,102642869,102582523,60346
ENSG00000116539,155562807,155335268,227539
ENSG00000227773,155396978,155396010,968
ENSG00000235233,31459233,31442784,16449
ENSG00000163319,83469735,83455932,13803
ENSG00000232667,80391474,80312574,78900
ENSG00000223550,80377835,80377554,281
ENSG00000285437,102572583,102562133,10450
ENSG00000214415,80512020,80458671,53349
ENSG00000140829,72112912,72093613,19299
ENSG00000163001,55545879,55519604,26275
ENSG00000267645,102671641,102637049,34592
ENSG00000256128,126772411,126729787,42624
ENSG00000272949,102543764,102483344,60420
ENSG00000106025,120858402,120787320,71082
ENSG00000189238,126746252,126726270,19982
ENSG00000274324,54892899,54877320,15579
ENSG00000231124,201824832,201824548,284
ENSG00000127838,218346793,218270392,76401
ENSG00000240108,26114028,26103416,10612
ENSG00000276013,54812147,54799595,12552
ENSG00000261701,72077246,72063148,14098
ENSG00000274243,54797414,54782617,14797
ENSG00000255998,126695832,126690479,5353
ENSG00000231295,120752514,120746738,5776
ENSG00000231529,220487043,220485104,1939
ENSG00000226226,220468808,220467954,854
ENSG00000255944,126690322,126628172,62150
ENSG00000278414,54780682,54771198,9484
ENSG00000272644,219069809,219069354,455
ENSG00000279171,126677806,126677262,544
ENSG00000278866,126676243,126675895,348
ENSG00000278731,54769220,54754673,14547
ENSG00000184408,120750337,120273175,477162
ENSG00000163501,219060921,219054424,6497
ENSG00000256732,126690318,126610034,80284
ENSG00000126457,49689029,49675786,13243
ENSG00000233969,120186064,120168345,17719
ENSG00000255900,126616554,126616344,210
ENSG00000233417,120142996,120141016,1980
ENSG00000081320,196176503,196133583,42920
ENSG00000225546,119907375,119704556,202819
ENSG00000277616,54828892,54814388,14504
ENSG00000234863,220455312,220455154,158
ENSG00000272211,196154881,196151263,3618
ENSG00000270516,119179149,119178177,972
ENSG00000129636,47464149,47154387,309762
ENSG00000256310,126524626,126524248,378
ENSG00000235163,220448853,220448516,337
ENSG00000255853,126511711,126510910,801
ENSG00000174672,1462689,1389899,72790
ENSG00000254343,120056201,120052180,4021
ENSG00000112559,41654246,41636882,17364
ENSG00000223537,109506800,109487906,18894
ENSG00000260505,220404033,220401122,2911
ENSG00000226927,220360183,220359731,452
ENSG00000232883,220317599,220316667,932
ENSG00000230318,220315565,220313945,1620
ENSG00000158711,205631962,205597556,34406
ENSG00000123728,132219480,132203024,16456
ENSG00000188101,92921560,92913156,8404
ENSG00000228179,31425302,31425088,214
ENSG00000226732,31423853,31423425,428
ENSG00000232160,132432862,132217147,215715
ENSG00000224131,31421029,31420428,601
ENSG00000168255,102572653,102537918,34735
ENSG00000233604,31409913,31409367,546
ENSG00000217442,50562919,50551112,11807
ENSG00000273777,44529788,44501677,28111
ENSG00000274945,54859121,54848094,11027
ENSG00000130487,50551023,50546203,4820
ENSG00000272666,50542906,50542305,601
ENSG00000273272,50543011,50541108,1903
ENSG00000266919,30117172,30117079,93
ENSG00000264007,29622254,29621617,637
ENSG00000177291,35608935,35605410,3525
ENSG00000214043,126472790,126442481,30309
ENSG00000273312,35608153,35604485,3668
ENSG00000256125,126458792,126458462,330
ENSG00000259672,63110589,63091367,19222
ENSG00000130775,27886685,27872543,14142
ENSG00000068878,53970993,53864069,106924
ENSG00000260708,46762563,46761894,669
ENSG00000136014,95551476,95516560,34916
ENSG00000277291,1636417,1635485,932
ENSG00000277068,1627848,1626668,1180
ENSG00000256494,126405528,126400792,4736
ENSG00000144028,96321271,96274338,46933
ENSG00000164896,151080866,151076593,4273
ENSG00000275920,1614173,1613275,898
ENSG00000174514,205602918,205568885,34033
ENSG00000255595,126434227,126191151,243076
ENSG00000230747,96321731,96307263,14468
ENSG00000236942,205626153,205625483,670
ENSG00000280398,126130865,126130166,699
ENSG00000280364,126107047,126106459,588
ENSG00000280272,126142377,126141952,425
ENSG00000125804,26086917,26054655,32262
ENSG00000284848,126177632,126095992,81640
ENSG00000277508,26072351,26071988,363
ENSG00000271855,9556775,9555899,876
ENSG00000276501,54875379,54861074,14305
ENSG00000239300,9512412,9505445,6967
ENSG00000170634,54305300,53970838,334462
ENSG00000175745,93594611,93583222,11389
ENSG00000275212,126043485,125983702,59783
ENSG00000272156,54085066,54082554,2512
ENSG00000235937,54030682,54029552,1130
ENSG00000155085,109691217,109492856,198361
ENSG00000167543,29573157,29566052,7105
ENSG00000241388,120980965,120941728,39237
ENSG00000136877,127814327,127794597,19730
ENSG00000265625,29645847,29644796,1051
ENSG00000267482,30059147,30059054,93
ENSG00000250214,77864804,77864508,296
ENSG00000232382,98472924,98463201,9723
ENSG00000105983,156893230,156668946,224284
ENSG00000214071,37078401,37077851,550
ENSG00000277921,54700905,54700593,312
ENSG00000237187,93585648,93409359,176289
ENSG00000274009,54704235,54703952,283
ENSG00000279418,156541103,156540491,612
ENSG00000277070,54701106,54698377,2729
ENSG00000124490,49713590,49692358,21232
ENSG00000214908,86375706,86374966,740
ENSG00000281962,106269911,106269377,534
ENSG00000272933,102644140,102642792,1348
ENSG00000255587,36733184,36697826,35358
ENSG00000077498,89295759,89177875,117884
ENSG00000264475,7080123,7076817,3306
ENSG00000275793,18611919,18605815,6104
ENSG00000232708,29920795,29918020,2775
ENSG00000212855,9758476,9740584,17892
ENSG00000280461,23185517,23183337,2180
ENSG00000231941,29918534,29917544,990
ENSG00000281012,23197164,23196959,205
ENSG00000234849,29948517,29946543,1974
ENSG00000279608,35044326,35038625,5701
ENSG00000129845,9774289,9753156,21133
ENSG00000235819,86414570,86414282,288
ENSG00000277020,20567045,20564708,2337
ENSG00000225114,29933027,29932035,992
ENSG00000110660,107928293,107790991,137302
ENSG00000174038,35045986,35041095,4891
ENSG00000240957,31786875,31783165,3710
ENSG00000235536,29849694,29849566,128
ENSG00000285686,86708307,86669349,38958
ENSG00000129158,18013047,17788048,224999
ENSG00000282284,106277814,106277317,497
ENSG00000232211,86696496,86632147,64349
ENSG00000238126,31678372,31678099,273
ENSG00000242061,22694535,22694098,437
ENSG00000278110,18625289,18623339,1950
ENSG00000220349,36737986,36737050,936
ENSG00000239285,31663777,31659349,4428
ENSG00000282601,106288428,106287582,846
ENSG00000286175,18634682,18633984,698
ENSG00000180447,86947506,86944362,3144
ENSG00000282295,142804658,142801130,3528
ENSG00000235769,31790096,31788620,1476
ENSG00000172939,38255484,38165089,90395
ENSG00000231780,17333431,17333126,305
ENSG00000100281,35295807,35257452,38355
ENSG00000282710,106290250,106289800,450
ENSG00000205678,64409468,64275257,134211
ENSG00000197692,89294246,89293745,501
ENSG00000241216,6347381,6347081,300
ENSG00000237400,36504513,36463023,41490
ENSG00000285717,6507443,6450356,57087
ENSG00000216863,6622771,6346465,276306
ENSG00000234095,30396191,30396057,134
ENSG00000180803,25863667,25863250,417
ENSG00000236422,30404553,30403920,633
ENSG00000163923,187180908,187120948,59960
ENSG00000186493,2755397,2752131,3266
ENSG00000237577,32759090,32758260,830
ENSG00000007384,76355,58059,18296
ENSG00000146278,89085160,89080751,4409
ENSG00000226343,32771923,32770986,937
ENSG00000206408,31656514,31651454,5060
ENSG00000233561,30662900,30642952,19948
ENSG00000100442,45135319,45115599,19720
ENSG00000274382,177996421,177992545,3876
ENSG00000269318,4358448,4356637,1811
ENSG00000228002,76987943,76984868,3075
ENSG00000008382,4360086,4343527,16559
ENSG00000281019,997308,987180,10128
ENSG00000276374,88181409,88180669,740
ENSG00000239675,28988546,28986810,1736
ENSG00000112799,6654983,6588108,66875
ENSG00000232902,29510429,29497383,13046
ENSG00000235405,28987494,28986213,1281
ENSG00000233192,32787758,32781927,5831
ENSG00000188660,43453902,43446601,7301
ENSG00000279297,89298199,89297717,482
ENSG00000279603,89301477,89300709,768
ENSG00000236404,2643359,2421597,221762
ENSG00000235178,29005326,28994795,10531
ENSG00000239389,141012347,140882124,130223
ENSG00000175077,187201465,187197486,3979
ENSG00000228876,16333978,16224047,109931
ENSG00000281521,1006623,1005039,1584
ENSG00000110422,33357023,33256672,100351
ENSG00000226687,29533446,29529298,4148
ENSG00000042429,93814963,93784227,30736
ENSG00000285354,16302290,16294445,7845
ENSG00000232444,16319566,16316324,3242
ENSG00000231266,16228194,16227027,1167
ENSG00000198491,187207629,187197090,10539
ENSG00000281582,23907068,23901432,5636
ENSG00000281926,106294579,106294339,240
ENSG00000273907,18638405,18636445,1960
ENSG00000224894,29538442,29537652,790
ENSG00000240652,107908764,107908420,344
ENSG00000231973,29554071,29553124,947
ENSG00000218868,6535631,6534697,934
ENSG00000229208,9846696,9831418,15278
ENSG00000230530,45689134,45679043,10091
ENSG00000223975,43467298,43465309,1989
ENSG00000225048,29027617,29026690,927
ENSG00000224075,9833895,9784372,49523
ENSG00000185186,43479534,43462094,17440
ENSG00000125686,39451272,39404285,46987
ENSG00000254765,9959790,9958744,1046
ENSG00000255476,9929263,9839143,90120
ENSG00000070495,76726799,76712832,13967
ENSG00000255746,257299,253442,3857
ENSG00000228379,9817513,9813315,4198
ENSG00000133812,10294207,9778667,515540
ENSG00000010379,262873,220621,42252
ENSG00000231052,2541635,2541097,538
ENSG00000281900,23929574,23926900,2674
ENSG00000211456,45745409,45689056,56353
ENSG00000084092,56977606,56963350,14256
ENSG00000165457,72221950,72216601,5349
ENSG00000141933,519654,507497,12157
ENSG00000117148,17827063,17755333,71730
ENSG00000130741,24078810,24054946,23864
ENSG00000253429,94709244,94708952,292
ENSG00000099866,505343,489176,16167
ENSG00000166289,29675477,29665459,10018
ENSG00000276004,54867064,54850300,16764
ENSG00000269949,56961373,56960927,446
ENSG00000276053,54378912,54359738,19174
ENSG00000279127,49724007,49721931,2076
ENSG00000243832,134057648,134055256,2392
ENSG00000163719,9702393,9649433,52960
ENSG00000067596,43610338,43483865,126473
ENSG00000204815,41966503,41930617,35886
ENSG00000278995,74961,74683,278
ENSG00000155463,22773041,22766522,6519
ENSG00000247315,300321,296968,3353
ENSG00000081842,141012347,140827958,184389
ENSG00000286158,313237,311731,1506
ENSG00000136758,27155266,27110112,45154
ENSG00000260264,24252863,24236104,16759
ENSG00000235939,49472903,49419277,53626
ENSG00000225830,49539538,49454470,85068
ENSG00000263648,12115885,12115547,338
ENSG00000164904,126595362,126531200,64162
ENSG00000241185,12021508,11998353,23155
ENSG00000125841,359660,346782,12878
ENSG00000006116,24362801,24255553,107248
ENSG00000224411,27891033,27888838,2195
ENSG00000065559,12143830,12020829,123001
ENSG00000254222,61292039,61264624,27415
ENSG00000253711,61301069,61300164,905
ENSG00000177182,61501645,61057158,444487
ENSG00000265118,31318831,31305213,13618
ENSG00000100784,91060641,90847861,212780
ENSG00000263033,11224969,11196177,28792
ENSG00000105509,51723994,51713112,10882
ENSG00000263179,11243552,11242653,899
ENSG00000179331,107963482,107928448,35034
ENSG00000240135,72878102,72876737,1365
ENSG00000237169,97309958,97309138,820
ENSG00000233641,30642942,30636880,6062
ENSG00000271266,72884679,72884234,445
ENSG00000264107,31095450,31090787,4663
ENSG00000184203,195543386,195514428,28958
ENSG00000165879,97321915,97319267,2648
ENSG00000108557,17811453,17681458,129995
ENSG00000266371,31138518,31133182,5336
ENSG00000260072,24495177,24472798,22379
ENSG00000273375,197790369,197789700,669
ENSG00000266933,507833,490046,17787
ENSG00000262513,162427345,162424378,2967
ENSG00000204961,141012344,140847463,164881
ENSG00000275151,29114317,29113759,558
ENSG00000231488,31685587,31669120,16467
ENSG00000196712,31382116,31094927,287189
ENSG00000257563,18403604,18402146,1458
ENSG00000257527,18411851,18411309,542
ENSG00000262445,2003671,1995614,8057
ENSG00000255408,141012347,140801028,211319
ENSG00000245522,9759533,9754770,4763
ENSG00000254285,61579668,61578220,1448
ENSG00000185924,2025334,1934677,90657
ENSG00000102805,77019143,76990660,28483
ENSG00000213881,61203220,61202350,870
ENSG00000254865,10165109,10149192,15917
ENSG00000234230,24149654,24146225,3429
ENSG00000255423,73063337,73061659,1678
ENSG00000249504,140863521,140861224,2297
ENSG00000254719,10272259,10272052,207
ENSG00000228133,2020706,2017716,2990
ENSG00000246273,9811335,9758292,53043
ENSG00000279028,140966490,140966212,278
ENSG00000224400,16432702,16354256,78446
ENSG00000163605,73069199,72996785,72414
ENSG00000005889,24216255,24149173,67082
ENSG00000198363,61714640,61500556,214084
ENSG00000204970,141012347,140786136,226211
ENSG00000262869,2023664,2019952,3712
ENSG00000262636,11381118,11380859,259
ENSG00000226746,17779529,17776686,2843
ENSG00000122304,11276480,11275639,841
ENSG00000230539,36600120,36597834,2286
ENSG00000237328,17770821,17759154,11667
ENSG00000136250,36724549,36512949,211600
ENSG00000266469,39406233,39401793,4440
ENSG00000264167,17779094,17777781,1313
ENSG00000108306,39402523,39252663,149860
ENSG00000278312,54395858,54393938,1920
ENSG00000276458,54394163,54380864,13299
ENSG00000178279,11269533,11267748,1785
ENSG00000173825,65357613,65354751,2862
ENSG00000203326,53392217,53365693,26524
ENSG00000242960,72929593,72929044,549
ENSG00000142303,8610735,8580240,30495
ENSG00000130856,76970727,76822607,148120
ENSG00000125657,6535924,6531026,4898
ENSG00000263080,11345211,11341809,3402
ENSG00000172986,72998138,72888073,110065
ENSG00000178257,11273641,11273218,423
ENSG00000189409,1635263,1632095,3168
ENSG00000175646,11281330,11280841,489
ENSG00000177732,330224,325595,4629
ENSG00000235213,22703065,22702143,922
ENSG00000258458,22766562,22701476,65086
ENSG00000261468,30699576,30697661,1915
ENSG00000225377,348224,320313,27911
ENSG00000155876,19050983,19049395,1588
ENSG00000280679,23229859,23229344,515
ENSG00000185338,11256200,11254405,1795
ENSG00000277278,28322152,28320122,2030
ENSG00000258823,22726572,22723476,3096
ENSG00000106628,44124358,44114681,9677
ENSG00000255478,65375299,65367438,7861
ENSG00000284653,18045612,18015712,29900
ENSG00000261781,18074412,18065657,8755
ENSG00000239912,53413345,53413190,155
ENSG00000162241,65383701,65375192,8509
ENSG00000237276,16228027,16215909,12118
ENSG00000095932,3480542,3473986,6556
ENSG00000196417,53430413,53389793,40620
ENSG00000125741,45602212,45527427,74785
ENSG00000198807,36679715,36657568,22147
ENSG00000134265,10552764,10525905,26859
ENSG00000188897,11527245,11359845,167400
ENSG00000224164,24751921,24742302,9619
ENSG00000230035,18179346,18166929,12417
ENSG00000248383,141012344,140926369,85975
ENSG00000117154,18378483,18107798,270685
ENSG00000218806,24751625,24750671,954
ENSG00000181817,36397908,36391238,6670
ENSG00000226567,10764192,10759484,4708
ENSG00000177464,45602212,45589764,12448
ENSG00000230599,10771718,10767464,4254
ENSG00000231845,134171085,134170487,598
ENSG00000274882,29181238,29152383,28855
ENSG00000282344,106302633,106302166,467
ENSG00000259838,41557435,41557027,408
ENSG00000163785,134250744,134065303,185441
ENSG00000175832,43579620,43527844,51776
ENSG00000274801,28336599,28332230,4369
ENSG00000273643,18653617,18650023,3594
ENSG00000237553,5193558,5193339,219
ENSG00000281065,23942798,23939998,2800
ENSG00000216639,105298895,105298149,746
ENSG00000282239,106310437,106310188,249
ENSG00000243289,46832476,46816516,15960
ENSG00000278008,18719341,18715815,3526
ENSG00000286084,105588802,105403207,185595
ENSG00000282126,28346643,28346477,166
ENSG00000185504,81553961,81539885,14076
ENSG00000282452,106315746,106315422,324
ENSG00000231628,105281755,105279016,2739
ENSG00000229521,77081190,77080511,679
ENSG00000120211,5235304,5231419,3885
ENSG00000282667,142815230,142811706,3524
ENSG00000219902,105302823,105302453,370
ENSG00000274898,77028482,77027944,538
ENSG00000150175,46894562,46870858,23704
ENSG00000229415,36513829,36473288,40541
ENSG00000085377,105454062,105273220,180842
ENSG00000278480,15227549,15226373,1176
ENSG00000280601,23954042,23949918,4124
ENSG00000248184,54355954,54332892,23062
ENSG00000280222,18115861,18109389,6472
ENSG00000184113,19527545,19523024,4521
ENSG00000282267,106319007,106318594,413
ENSG00000276455,28358014,28349050,8964
ENSG00000005810,77327094,77044657,282437
ENSG00000248518,54376752,54376002,750
ENSG00000262703,11349321,11348143,1178
ENSG00000262999,11473174,11465260,7914
ENSG00000115255,1497927,1491166,6761
ENSG00000261040,60091885,60083566,8319
ENSG00000175643,11381662,11249619,132043
ENSG00000279969,29225491,29200579,24912
ENSG00000282613,143577397,143573490,3907
ENSG00000241069,53386388,53386233,155
ENSG00000281548,19566839,19565203,1636
ENSG00000204963,141012347,140834248,178099
ENSG00000249435,53426499,53426019,480
ENSG00000260197,19694606,19691941,2665
ENSG00000261211,6683633,6680309,3324
ENSG00000230485,19633574,19630750,2824
ENSG00000249158,141012344,140868183,144161
ENSG00000254297,167303372,167296234,7138
ENSG00000279368,6686984,6685148,1836
ENSG00000254365,167294273,167287320,6953
ENSG00000225007,19667555,19667023,532
ENSG00000253357,167729124,167721363,7761
ENSG00000253925,168187719,168085329,102390
ENSG00000273594,143597744,143579697,18047
ENSG00000226281,6739030,6692744,46286
ENSG00000144791,45686341,45555394,130947
ENSG00000133943,91225632,91060333,165299
ENSG00000253947,167967086,167965187,1899
ENSG00000253527,167309870,167306273,3597
ENSG00000278461,69230127,69217760,12367
ENSG00000267416,60088695,60079309,9386
ENSG00000254187,167660481,167653228,7253
ENSG00000251264,54446723,54440502,6221
ENSG00000145934,168264157,167284799,979358
ENSG00000183032,37172866,36678431,494435
ENSG00000122512,6009106,5970925,38181
ENSG00000250456,54607131,54603211,3920
ENSG00000275855,28365684,28361822,3862
ENSG00000132881,16237183,16231692,5491
ENSG00000269807,4354057,4347244,6813
ENSG00000267938,4349061,4347780,1281
ENSG00000259280,36887035,36876379,10656
ENSG00000228477,39963404,39962680,724
ENSG00000168389,39969968,39955112,14856
ENSG00000227203,11790386,11790005,381
ENSG00000173511,64238793,64234538,4255
ENSG00000224532,6759291,6758276,1015
ENSG00000219986,6795402,6794915,487
ENSG00000223342,6918715,6901022,17693
ENSG00000107014,5304716,5299864,4852
ENSG00000161999,684528,681670,2858
ENSG00000050393,13814568,13786557,28011
ENSG00000115310,55112621,54972187,140434
ENSG00000233929,16241398,16241213,185
ENSG00000273633,54405337,54397172,8165
ENSG00000240006,134321171,134313576,7595
ENSG00000227852,35592951,35592786,165
ENSG00000268742,6554494,6552358,2136
ENSG00000203498,6995554,6993191,2363
ENSG00000269546,6563848,6562123,1725
ENSG00000037637,16352480,16246840,105640
ENSG00000214195,5311716,5311444,272
ENSG00000099804,542092,531760,10332
ENSG00000226237,87002033,86948699,53334
ENSG00000144644,30894765,30726200,168565
ENSG00000267986,8582715,8581160,1555
ENSG00000231659,30408920,30407752,1168
ENSG00000231007,87013151,87011652,1499
ENSG00000253563,36523016,36519278,3738
ENSG00000276422,60964185,60943311,20874
ENSG00000269994,87042126,87008455,33671
ENSG00000099998,24245142,24219654,25488
ENSG00000278485,60944636,60944555,81
ENSG00000229187,30463963,30459359,4604
ENSG00000109320,102617302,102501331,115971
ENSG00000174418,106426122,106425773,349
ENSG00000136352,36521149,36516392,4757
ENSG00000278907,140849696,140849105,591
ENSG00000260633,134349233,134347288,1945
ENSG00000224887,87085151,87084161,990
ENSG00000278915,140875922,140875346,576
ENSG00000204967,141012347,140806929,205418
ENSG00000235154,48048549,48044710,3839
ENSG00000007314,63972918,63938554,34364
ENSG00000204446,87159556,87148644,10912
ENSG00000132522,7315564,7311324,4240
ENSG00000278890,48058275,48052646,5629
ENSG00000185650,68796253,68787660,8593
ENSG00000262573,41227631,41226627,1004
ENSG00000204965,141012347,140821604,190743
ENSG00000265799,40014705,40012226,2479
ENSG00000284057,93812378,93741664,70714
ENSG00000262214,41213241,41212710,531
ENSG00000243449,2043970,2041993,1977
ENSG00000259686,33013068,33012119,949
ENSG00000279958,33106236,33105758,478
ENSG00000182919,93764749,93741591,23158
ENSG00000204962,141012347,140841187,171160
ENSG00000259392,32837326,32836983,343
ENSG00000285888,36774651,36768485,6166
ENSG00000257520,36519521,36473207,46314
ENSG00000124772,36839444,36740775,98669
ENSG00000253660,167953469,167937717,15752
ENSG00000136327,36582607,36580579,2028
ENSG00000248905,33194733,32765545,429188
ENSG00000273999,67213067,67211663,1404
ENSG00000276386,67293468,67059560,233908
ENSG00000114019,134375479,134355874,19605
ENSG00000253978,168232357,168229583,2774
ENSG00000279726,140822193,140788457,33736
ENSG00000279739,168130422,168128856,1566
ENSG00000243232,141012347,140966470,45877
ENSG00000243730,36578005,36577543,462
ENSG00000278688,88190202,88187735,2467
ENSG00000213467,121520424,121519816,608
ENSG00000258661,36658801,36647083,11718
ENSG00000134809,57530803,57528464,2339
ENSG00000277575,67208072,67203635,4437
ENSG00000282008,100976682,100975668,1014
ENSG00000220483,65789287,65788417,870
ENSG00000258690,36807163,36788644,18519
ENSG00000258601,36828729,36808871,19858
ENSG00000233859,65838039,65836930,1109
ENSG00000258708,37173811,37171888,1923
ENSG00000218890,66094909,66093431,1478
ENSG00000154548,89118071,89095959,22112
ENSG00000270521,66710827,66710242,585
ENSG00000158748,19680966,19664875,16091
ENSG00000244627,38398929,38335762,63167
ENSG00000271111,67457250,67456346,904
ENSG00000244229,76834888,76834429,459
ENSG00000258827,37098563,37097062,1501
ENSG00000265261,76888724,76884935,3789
ENSG00000253416,76913399,76904591,8808
ENSG00000258467,36534538,36533506,1032
ENSG00000271966,67345087,67343975,1112
ENSG00000269482,91102,90631,471
ENSG00000188831,36372383,36371165,1218
ENSG00000241961,67407072,67406515,557
ENSG00000231393,35643517,35642514,1003
ENSG00000238286,20608131,20607268,863
ENSG00000080573,10010504,9959561,50943
ENSG00000103148,138860,84271,54589
ENSG00000137101,35646810,35609533,37277
ENSG00000032742,20691437,20567069,124368
ENSG00000283098,36656163,36320753,335410
ENSG00000079459,11839304,11795573,43731
ENSG00000005513,986979,981770,5209
ENSG00000254253,67570078,67569416,662
ENSG00000255130,67735665,67732587,3078
ENSG00000111912,125932034,125781161,150873
ENSG00000165078,67746385,67422038,324347
ENSG00000237459,31802992,31794876,8116
ENSG00000254185,109471117,109470131,986
ENSG00000260496,1000926,991151,9775
ENSG00000205038,109537207,109362461,174746
ENSG00000279663,16545695,16541690,4005
ENSG00000261720,1066502,1065240,1262
ENSG00000197872,16666331,16549459,116872
ENSG00000162009,1080142,1078781,1361
ENSG00000278901,140882642,140878073,4569
ENSG00000261713,1078731,1064093,14638
ENSG00000188388,85247170,85240472,6698
ENSG00000260256,44348295,44347767,528
ENSG00000267060,42980433,42968088,12345
ENSG00000259317,85272974,85272527,447
ENSG00000263489,63989422,63972920,16502
ENSG00000218052,85330334,85255369,74965
ENSG00000126106,44674481,44635238,39243
ENSG00000162542,19799945,19682213,117732
ENSG00000177459,98093610,98064522,29088
ENSG00000107018,5339876,5334930,4946
ENSG00000238192,48141001,48139461,1540
ENSG00000282347,725877,725188,689
ENSG00000237407,21314904,21312920,1984
ENSG00000130299,17342731,17334920,7811
ENSG00000228373,87423893,87423634,259
ENSG00000206142,21325042,21300990,24052
ENSG00000233700,30512636,30511094,1542
ENSG00000282103,824587,737651,86936
ENSG00000276896,28391990,28378587,13403
ENSG00000282245,740374,738548,1826
ENSG00000282665,738106,731140,6966
ENSG00000254688,12823667,12822435,1232
ENSG00000187079,12944737,12674421,270316
ENSG00000107140,35610041,35605262,4779
ENSG00000283900,38398522,38291918,106604
ENSG00000267650,9997163,9995997,1166
ENSG00000229955,38388857,38387918,939
ENSG00000187147,44651724,44405194,246530
ENSG00000272866,5352410,5351796,614
ENSG00000231967,5356525,5356312,213
ENSG00000213923,38318084,38290691,27393
ENSG00000280216,39380015,39379610,405
ENSG00000243384,58574319,58572744,1575
ENSG00000100321,39385575,39349925,35650
ENSG00000168309,58627610,58564117,63493
ENSG00000204524,57262728,57240632,22096
ENSG00000112312,24786099,24774931,11168
ENSG00000272209,13826574,13825432,1142
ENSG00000279393,28497267,28495633,1634
ENSG00000214289,134356561,134351852,4709
ENSG00000235472,28600052,28598833,1219
ENSG00000237633,16555563,16523176,32387
ENSG00000276984,424543,424243,300
ENSG00000242178,166160370,166160021,349
ENSG00000273997,147406824,147406531,293
ENSG00000268713,57262738,57261354,1384
ENSG00000240084,166160704,166160414,290
ENSG00000132963,28678959,28659104,19855
ENSG00000220494,147408281,147406889,1392
ENSG00000240824,166161119,166160777,342
ENSG00000253308,27241228,27239243,1985
ENSG00000242456,166161968,166161203,765
ENSG00000242326,166181820,166181313,507
ENSG00000103266,682870,680224,2646
ENSG00000226249,147743324,147741434,1890
ENSG00000203727,147737547,147508690,228857
ENSG00000145283,86849263,86823468,25795
ENSG00000227681,147953937,147660703,293234
ENSG00000108825,42980528,42950526,30002
ENSG00000259248,63601589,63544247,57342
ENSG00000274363,4268430,4267691,739
ENSG00000185818,2069089,2059512,9577
ENSG00000159063,78139653,78100936,38717
ENSG00000180537,13980310,13924446,55864
ENSG00000267211,44331462,44328613,2849
ENSG00000146263,97283217,97142161,141056
ENSG00000101460,34560345,34546854,13491
ENSG00000227933,35647099,35646270,829
ENSG00000271237,49552652,49551308,1344
ENSG00000108622,64020634,64002594,18040
ENSG00000103152,85853,77007,8846
ENSG00000232131,125818858,125797856,21002
ENSG00000120539,27186924,27154824,32100
ENSG00000234962,2014348,2005473,8875
ENSG00000255067,12849433,12848795,638
ENSG00000125726,6604103,6583183,20920
ENSG00000203258,12922925,12921186,1739
ENSG00000214872,57550274,57542641,7633
ENSG00000275173,37802788,37798894,3894
ENSG00000276715,37884743,37828305,56438
ENSG00000274084,54442942,54429706,13236
ENSG00000140455,63594640,63504511,90129
ENSG00000268095,51900463,51888025,12438
ENSG00000286236,51773169,51771311,1858
ENSG00000187474,51826190,51795157,31033
ENSG00000273513,37935365,37924415,10950
ENSG00000268785,6594055,6593329,726
ENSG00000276204,67329404,67328207,1197
ENSG00000253557,19259469,19084992,174477
ENSG00000269483,51843315,51842878,437
ENSG00000277463,62626453,62626031,422
ENSG00000268316,51840945,51839771,1174
ENSG00000148481,15860507,15778170,82337
ENSG00000226694,2081097,2071845,9252
ENSG00000279713,62681354,62679403,1951
ENSG00000274565,62627590,62626437,1153
ENSG00000171049,51770531,51752026,18505
ENSG00000254242,19115024,19091733,23291
ENSG00000220868,13949666,13949095,571
ENSG00000011028,62693597,62627670,65927
ENSG00000254201,19249240,19246350,2890
ENSG00000213697,43523264,43522036,1228
ENSG00000232771,21345258,21341595,3663
ENSG00000228250,31798127,31794930,3197
ENSG00000276898,67515393,67512034,3359
ENSG00000253280,19257334,19254241,3093
ENSG00000250316,19241912,19237737,4175
ENSG00000231326,2189474,2169140,20334
ENSG00000274512,37989048,37977972,11076
ENSG00000273321,24402714,24402153,561
ENSG00000132507,7312463,7306999,5464
ENSG00000227912,2169460,2166332,3128
ENSG00000274026,67719178,67717411,1767
ENSG00000198093,51905040,51889235,15805
ENSG00000228779,127219,125737,1482
ENSG00000278763,67725902,67725690,212
ENSG00000277618,67797500,67797221,279
ENSG00000244383,58644491,58607080,37411
ENSG00000227706,67889339,67887646,1693
ENSG00000280852,60102919,60101759,1160
ENSG00000270509,67934682,67933485,1197
ENSG00000198643,58666834,58633946,32888
ENSG00000080511,10022279,10013249,9030
ENSG00000267295,60120687,60113793,6894
ENSG00000285838,68083574,68040290,43284
ENSG00000277532,60125474,60124110,1364
ENSG00000223504,68060502,68055351,5151
ENSG00000267248,60135693,60126531,9162
ENSG00000164751,77001044,76980258,20786
ENSG00000197540,549924,544034,5890
ENSG00000084652,32198285,32179675,18610
ENSG00000099625,1238027,1228287,9740
ENSG00000157404,54740715,54657918,82797
ENSG00000184661,25507911,25459199,48712
ENSG00000161551,51890950,51804816,86134
ENSG00000132164,10940714,10816201,124513
ENSG00000273176,35299541,35298838,703
ENSG00000100284,35347992,35299275,48717
ENSG00000226497,68329899,68226972,102927
ENSG00000246250,43880726,43829709,51017
ENSG00000218834,68598393,68598204,189
ENSG00000230910,68635161,68628117,7044
ENSG00000276836,45434353,45393920,40433
ENSG00000259685,90133445,90102649,30796
ENSG00000276848,54477600,54464632,12968
ENSG00000283217,43673393,43556436,116957
ENSG00000224383,64004304,63998351,5953
ENSG00000253952,77014028,77013751,277
ENSG00000254366,77537290,77399072,138218
ENSG00000269119,41830938,41829692,1246
ENSG00000278239,41835950,41833686,2264
ENSG00000283375,43856404,43855913,491
ENSG00000283341,43840030,43578889,261141
ENSG00000005812,77027195,76992598,34597
ENSG00000280612,128089384,128032022,57362
ENSG00000127419,958656,932387,26269
ENSG00000281853,128505312,128504663,649
ENSG00000283483,43734564,43733761,803
ENSG00000273713,10810168,10809137,1031
ENSG00000149084,43856617,43680680,175937
ENSG00000224229,29128934,29124236,4698
ENSG00000229040,29138839,29137903,936
ENSG00000167992,61295316,61258286,37030
ENSG00000262148,33491752,33491137,615
ENSG00000267095,60140081,60135762,4319
ENSG00000276143,28404923,28402766,2157
ENSG00000267736,1203842,1203209,633
ENSG00000225550,29174607,29173336,1271
ENSG00000282731,28416567,28416342,225
ENSG00000282516,28422264,28422060,204
ENSG00000282581,28427964,28427760,204
ENSG00000118046,1228435,1177558,50877
ENSG00000101255,397559,362835,34724
ENSG00000236051,77129717,77026767,102950
ENSG00000156587,57568284,57551656,16628
ENSG00000267751,572228,567210,5018
ENSG00000243312,86871404,86870191,1213
ENSG00000172270,583493,571277,12216
ENSG00000283208,77129589,76992078,137511
ENSG00000264954,63999899,63996071,3828
ENSG00000130748,47048624,47045909,2715
ENSG00000273210,37365932,37365477,455
ENSG00000250768,64433215,64430909,2306
ENSG00000135222,69961007,69955256,5751
ENSG00000251430,64606613,64606418,195
ENSG00000283541,61113954,61063752,50202
ENSG00000251385,64608831,64607703,1128
ENSG00000260691,67920552,67832765,87787
ENSG00000157540,37526358,37365573,160785
ENSG00000249893,64609424,64608905,519
ENSG00000153015,65018750,64768930,249820
ENSG00000254911,93721865,93721513,352
ENSG00000250169,64610532,64609454,1078
ENSG00000277439,55046379,55021820,24559
ENSG00000248259,64610909,64610616,293
ENSG00000249045,64611308,64610980,328
ENSG00000225387,18388514,18385829,2685
ENSG00000166012,93784391,93729948,54443
ENSG00000248328,64611888,64611374,514
ENSG00000182631,33938237,33936386,1851
ENSG00000244669,64767897,64767130,767
ENSG00000240371,57577080,57576292,788
ENSG00000179023,18486126,18480982,5144
ENSG00000284966,106521630,106491147,30483
ENSG00000173486,64244134,64241003,3131
ENSG00000187566,18122687,18120440,2247
ENSG00000125266,106535662,106489731,45931
ENSG00000250125,65024485,64914281,110204
ENSG00000249506,16397323,16360686,36637
ENSG00000250202,86876652,86876338,314
ENSG00000235043,86950113,86949669,444
ENSG00000282363,10896952,10894943,2009
ENSG00000277254,10909562,10907926,1636
ENSG00000172493,87141054,86935002,206052
ENSG00000237192,30150859,30141872,8987
ENSG00000283236,51863236,51860242,2994
ENSG00000282537,11094080,11093151,929
ENSG00000277238,10826358,10825317,1041
ENSG00000171051,51804110,51745172,58938
ENSG00000234684,1378734,1325405,53329
ENSG00000184471,1096244,1090005,6239
ENSG00000278111,11064452,11063523,929
ENSG00000276541,11167807,10937405,230402
ENSG00000271137,52754690,52753526,1164
ENSG00000114902,52711148,52704955,6193
ENSG00000275679,10932341,10929236,3105
ENSG00000223711,195550581,195544048,6533
ENSG00000274322,1393096,1317571,75525
ENSG00000248138,16512187,16400430,111757
ENSG00000236844,195555083,195554610,473
ENSG00000169744,16898678,16501541,397137
ENSG00000244429,166294353,166293756,597
ENSG00000142230,47210636,47113274,97362
ENSG00000125775,1329139,1309909,19230
ENSG00000236425,195561580,195561215,365
ENSG00000273111,41844697,41837074,7623
ENSG00000125861,3663399,3659292,4107
ENSG00000279254,46670778,46668870,1908
ENSG00000244321,166570763,166569693,1070
ENSG00000274149,166605455,166605188,267
ENSG00000224962,166691712,166691187,525
ENSG00000282546,11167587,11162354,5233
ENSG00000240458,166721610,166721458,152
ENSG00000278307,11022608,11021607,1001
ENSG00000231516,166811567,166811009,558
ENSG00000282612,10997864,10996484,1380
ENSG00000240033,166844956,166835021,9935
ENSG00000274204,106506713,106506046,667
ENSG00000276167,10986899,10985900,999
ENSG00000283393,43719143,43718676,467
ENSG00000163938,52694497,52681156,13341
ENSG00000239227,166862110,166861944,166
ENSG00000235661,43570395,43569306,1089
ENSG00000274699,11130572,11129613,959
ENSG00000254512,43734564,43733759,805
ENSG00000282174,10832016,10831074,942
ENSG00000279920,21355763,21354563,1200
ENSG00000282293,11049550,11048621,929
ENSG00000243721,43719146,43718676,470
ENSG00000198590,37435497,37386269,49228
ENSG00000277454,11167832,10845849,321983
ENSG00000107554,100009947,99875577,134370
ENSG00000276388,138129526,138129399,127
ENSG00000229926,138143864,138137095,6769
ENSG00000078898,33023703,33007704,15999
ENSG00000282269,11167847,10845849,321998
ENSG00000253618,149357642,149348116,9526
ENSG00000164284,149354583,149345430,9153
ENSG00000132388,4366628,4269259,97369
ENSG00000229328,29045250,29044223,1027
ENSG00000237608,29072607,29071832,775
ENSG00000260702,1105461,1101260,4201
ENSG00000229179,29077176,29076581,595
ENSG00000276684,55079406,55047223,32183
ENSG00000260532,1113399,1111627,1772
ENSG00000100324,39437060,39399778,37282
ENSG00000273551,1148754,1148224,530
ENSG00000286264,64244134,64241144,2990
ENSG00000100228,23164350,23145326,19024
ENSG00000225736,29087321,29086315,1006
ENSG00000163633,86892422,86876205,16217
ENSG00000280042,124793104,124791119,1985
ENSG00000226192,29101896,29100958,938
ENSG00000135317,85594156,85505496,88660
ENSG00000082781,124901418,124761948,139470
ENSG00000229866,29112835,29111900,935
ENSG00000227448,29128916,29124218,4698
ENSG00000236771,29138821,29137885,936
ENSG00000285661,91099838,91094847,4991
ENSG00000276149,61203087,61202718,369
ENSG00000242692,10259232,10258762,470
ENSG00000220343,167066320,167065831,489
ENSG00000277412,61203446,61194211,9235
ENSG00000234556,2315075,2305083,9992
ENSG00000272370,65020551,65020038,513
ENSG00000276040,61196280,61190003,6277
ENSG00000232945,29174588,29173317,1271
ENSG00000261868,4302698,4301372,1326
ENSG00000280118,24852253,24848355,3898
ENSG00000286102,21361299,21360601,698
ENSG00000279735,25092377,25091960,417
ENSG00000167434,60170899,60149942,20957
ENSG00000272354,65020989,65020614,375
ENSG00000226534,21371945,21370064,1881
ENSG00000215041,7329393,7315628,13765
ENSG00000279192,24988232,24985053,3179
ENSG00000185823,24683393,24675868,7525
ENSG00000281930,11172249,11167456,4793
ENSG00000282079,11080651,11079729,922
ENSG00000273173,24977850,24954986,22864
ENSG00000229444,43727343,43709392,17951
ENSG00000282675,11155955,11155045,910
ENSG00000139508,28718970,28700064,18906
ENSG00000282256,11031706,11030686,1020
ENSG00000233674,43743741,43743471,270
ENSG00000277823,11167778,10824960,342818
ENSG00000281898,45397495,45396950,545
ENSG00000213333,75080131,75079265,866
ENSG00000280162,1324367,1320710,3657
ENSG00000171561,75096876,75081753,15123
ENSG00000284968,86936202,86924630,11572
ENSG00000088832,1393172,1368978,24194
ENSG00000102471,79556075,79481124,74951
ENSG00000251411,86914817,86913266,1551
ENSG00000276217,10965352,10964425,927
ENSG00000275956,52733867,52732547,1320
ENSG00000234611,75072052,75071148,904
ENSG00000285458,86936178,86886472,49706
ENSG00000263314,33493815,33492056,1759
ENSG00000235985,31693314,31691477,1837
ENSG00000284722,75096964,75069243,27721
ENSG00000114904,52770946,52708444,62502
ENSG00000226799,29267126,29266972,154
ENSG00000006788,10373130,10300865,72265
ENSG00000230754,29269462,29268503,959
ENSG00000249006,2090617,2088718,1899
ENSG00000249047,2234499,2234251,248
ENSG00000250623,2141058,2139673,1385
ENSG00000262911,33501278,33495087,6191
ENSG00000130997,2242121,2071918,170203
ENSG00000126091,43931165,43705824,225341
ENSG00000260780,24225854,24206784,19070
ENSG00000260551,24169948,24162754,7194
ENSG00000116885,36450451,36415827,34624
ENSG00000274600,21389478,21383374,6104
ENSG00000249727,54845402,54836161,9241
ENSG00000130749,47113776,47064187,49589
ENSG00000251256,54859241,54845568,13673
ENSG00000274413,55062043,55035708,26335
ENSG00000233981,14006901,14004920,1981
ENSG00000259905,24823365,24101827,721538
ENSG00000248317,54956818,54943630,13188
ENSG00000237690,29291712,29290770,942
ENSG00000282587,28455878,28455755,123
ENSG00000244422,54976371,54976159,212
ENSG00000169635,21451463,21417371,34092
ENSG00000273635,28469402,28466463,2939
ENSG00000236927,29307728,29306763,965
ENSG00000134884,106568137,106541673,26464
ENSG00000258488,20520627,20516252,4375
ENSG00000214190,5418976,5418373,603
ENSG00000107020,5437925,5357971,79954
ENSG00000231034,34688978,34688688,290
ENSG00000230505,29441048,29439377,1671
ENSG00000101464,34698790,34560542,138248
ENSG00000229181,29450170,29444942,5228
ENSG00000227695,99958381,99927010,31371
ENSG00000215296,33247621,33235552,12069
ENSG00000272274,106631359,106617810,13549
ENSG00000242289,29432038,29422681,9357
ENSG00000154059,24453531,24426634,26897
ENSG00000232289,29457138,29425576,31562
ENSG00000128052,55125595,55078259,47336
ENSG00000235282,18513383,18513118,265
ENSG00000096006,49744437,49727384,17053
ENSG00000248447,65036017,65034634,1383
ENSG00000232132,79481231,79477364,3867
ENSG00000225478,18595636,18595414,222
ENSG00000277322,20541800,20531856,9944
ENSG00000248998,65145763,65142703,3060
ENSG00000140505,74756607,74748845,7762
ENSG00000111837,10838555,10762723,75832
ENSG00000250914,33972628,33970863,1765
ENSG00000258797,20549444,20545576,3868
ENSG00000249351,65217433,65216616,817
ENSG00000125735,6670588,6661253,9335
ENSG00000105483,48255946,48180770,75176
ENSG00000164175,33984693,33944623,40070
ENSG00000226548,46853496,46852020,1476
ENSG00000168273,52579237,52534013,45224
ENSG00000285711,65241814,65225867,15947
ENSG00000239332,46859007,46816697,42310
ENSG00000181984,20575696,20562375,13321
ENSG00000112149,14136918,14117256,19662
ENSG00000243886,137536142,137535572,570
ENSG00000266967,42964498,42950526,13972
ENSG00000242070,137724543,137723774,769
ENSG00000243986,124863317,124862094,1223
ENSG00000273969,28485066,28484946,120
ENSG00000244286,124787757,124781155,6602
ENSG00000168875,137766338,137764284,2054
ENSG00000281946,28506797,28506596,201
ENSG00000229728,1362585,1361622,963
ENSG00000222005,46822804,46698940,123864
ENSG00000274192,28520426,28518244,2182
ENSG00000234675,148020974,148017422,3552
ENSG00000198646,34825651,34689097,136554
ENSG00000258916,20599195,20593494,5701
ENSG00000258707,20627365,20626819,546
ENSG00000270685,20639890,20639464,426
ENSG00000230205,148137404,148133809,3595
ENSG00000161547,76737374,76734115,3259
ENSG00000142025,41852333,41844743,7590
ENSG00000171150,46780245,46698952,81293
ENSG00000009709,18748866,18630846,118020
ENSG00000248842,146407359,146400981,6378
ENSG00000262473,33521016,33508081,12935
ENSG00000236851,31356994,31356448,546
ENSG00000163939,52685917,52545352,140565
ENSG00000213854,31182650,31181751,899
ENSG00000265728,10604798,10594590,10208
ENSG00000264067,10341458,10320392,21066
ENSG00000232276,31368113,31367516,597
ENSG00000230111,31269406,31269007,399
ENSG00000235482,37748900,37748110,790
ENSG00000214367,2242164,2227464,14700
ENSG00000149131,57614853,57597387,17466
ENSG00000273388,10317926,10291820,26106
ENSG00000264311,10624305,10623876,429
ENSG00000106038,27250493,27242700,7793
ENSG00000264503,10622267,10622123,144
ENSG00000144668,37823507,37452115,371392
ENSG00000228483,29182467,29181532,935
ENSG00000266604,10626353,10612304,14049
ENSG00000260959,24240192,24238145,2047
ENSG00000233588,28724021,28722386,1635
ENSG00000261529,25347235,25345633,1602
ENSG00000277227,28778448,28778224,224
ENSG00000166004,93730358,93661682,68676
ENSG00000279919,19277573,19277284,289
ENSG00000227339,31455894,31452832,3062
ENSG00000189058,195584033,195568705,15328
ENSG00000111961,148552048,148272304,279744
ENSG00000264072,10628846,10627646,1200
ENSG00000253405,27247229,27241429,5800
ENSG00000265400,12215267,12201600,13667
ENSG00000225193,90206967,90206572,395
ENSG00000266470,10632396,10632238,158
ENSG00000114062,25439056,25333728,105328
ENSG00000273497,91896897,91896704,193
ENSG00000265038,10637399,10636670,729
ENSG00000185033,90229679,90160604,69075
ENSG00000274419,38014902,38003976,10926
ENSG00000285999,66093937,66085405,8532
ENSG00000174721,91909483,91906589,2894
ENSG00000179136,12642854,12549782,93072
ENSG00000277273,69277413,69234793,42620
ENSG00000272817,91909348,91908131,1217
ENSG00000267871,57280334,57267220,13114
ENSG00000265094,24439638,24435364,4274
ENSG00000197714,57294069,57280051,14018
ENSG00000281292,93244323,93244010,313
ENSG00000277222,93333092,93237550,95542
ENSG00000234170,2447352,2446253,1099
ENSG00000172940,38278757,38265812,12945
ENSG00000127511,16880353,16829400,50953
ENSG00000181038,76733936,76726830,7106
ENSG00000182921,73183291,73182501,790
ENSG00000278626,20643448,20642799,649
ENSG00000279541,57294469,57293083,1386
ENSG00000237500,2500570,2499721,849
ENSG00000235281,2567239,2501783,65456
ENSG00000229125,29464396,29457248,7148
ENSG00000113360,31532196,31400497,131699
ENSG00000237567,105632196,105612667,19529
ENSG00000228293,2665874,2664352,1522
ENSG00000231743,2936441,2936021,420
ENSG00000239513,137780878,137771949,8929
ENSG00000251381,12989548,12961842,27706
ENSG00000237982,38270767,38270283,484
ENSG00000095564,92030325,91923770,106555
ENSG00000197361,63602428,63597353,5075
ENSG00000224769,195620233,195614947,5286
ENSG00000185518,91301309,91099950,201359
ENSG00000167798,10074135,10037803,36332
ENSG00000120054,100081877,100042193,39684
ENSG00000137491,75206549,75100563,105986
ENSG00000250646,55092534,55053060,39474
ENSG00000229275,48143229,48141542,1687
ENSG00000285707,48259116,48254903,4213
ENSG00000227754,30514893,30513524,1369
ENSG00000282804,24809798,24797373,12425
ENSG00000220378,134298695,134296997,1698
ENSG00000224658,148283408,148237585,45823
ENSG00000285855,48415571,48403462,12109
ENSG00000220517,25024483,25023247,1236
ENSG00000215223,148480763,148478693,2070
ENSG00000278809,54867216,54850485,16731
ENSG00000224554,30531232,30530582,650
ENSG00000236411,37790445,37789921,524
ENSG00000233179,48451217,48448890,2327
ENSG00000267299,6125797,6109322,16475
ENSG00000267589,6073527,6072823,704
ENSG00000257086,64249494,64246939,2555
ENSG00000235257,37861780,37745432,116348
ENSG00000111913,25042170,24804281,237889
ENSG00000266983,6020363,5978403,41960
ENSG00000282206,195636301,195635188,1113
ENSG00000173457,64246943,64244479,2464
ENSG00000118515,134318112,134169246,148866
ENSG00000284490,6205121,6199405,5716
ENSG00000279696,93729805,93726654,3151
ENSG00000276539,101325135,101028709,296426
ENSG00000267415,6176442,6176256,186
ENSG00000264714,10728539,10724619,3920
ENSG00000229083,12826833,12825840,993
ENSG00000230691,12845430,12844865,565
ENSG00000087903,6199572,5993164,206408
ENSG00000219438,48850912,48489460,361452
ENSG00000196664,12890361,12867072,23289
ENSG00000154864,11148762,10666483,482279
ENSG00000234443,31699973,31697525,2448
ENSG00000124827,10881941,10873223,8718
ENSG00000255046,11802568,11797928,4640
ENSG00000256940,64248217,64245964,2253
ENSG00000185862,31314105,31303770,10335
ENSG00000227147,30162613,30153123,9490
ENSG00000259101,31700087,31689075,11012
ENSG00000078804,34713439,34704339,9100
ENSG00000218996,150935566,150934968,598
ENSG00000213087,151225947,151225550,397
ENSG00000234182,3013111,3010531,2580
ENSG00000187144,16437424,16387117,50307
ENSG00000272162,10930423,10747794,182629
ENSG00000231883,151197638,151196681,957
ENSG00000237482,31695981,31694505,1476
ENSG00000223598,151228447,151088103,140344
ENSG00000103540,19553408,19523811,29597
ENSG00000219088,105667998,105666326,1672
ENSG00000236677,36064408,36060432,3976
ENSG00000265798,31059121,31038575,20546
ENSG00000273001,3066001,3065424,577
ENSG00000197579,32552586,32540544,12042
ENSG00000185917,36079389,36034541,44848
ENSG00000284999,105893041,105679378,213663
ENSG00000120254,151101887,150865549,236338
ENSG00000243003,31692766,31689056,3710
ENSG00000153157,10979320,10886831,92489
ENSG00000092931,76781449,76735865,45584
ENSG00000126861,31297539,31272013,25526
ENSG00000281732,48547387,48538900,8487
ENSG00000232303,32567126,32566148,978
ENSG00000145882,149369653,149358037,11616
ENSG00000230156,106672163,106653916,18247
ENSG00000227590,106663847,106663437,410
ENSG00000165264,32573184,32553001,20183
ENSG00000282376,101125921,101125436,485
ENSG00000227188,39476822,39475807,1015
ENSG00000274583,61212373,61205258,7115
ENSG00000225989,30589402,30563598,25804
ENSG00000003756,50119021,50088908,30113
ENSG00000128268,39492194,39457012,35182
ENSG00000278698,106774279,106773623,656
ENSG00000263535,31346190,31345519,671
ENSG00000174408,106864286,106863816,470
ENSG00000266865,31093127,31008497,84630
ENSG00000236045,15335464,15334166,1298
ENSG00000236632,30538847,30534109,4738
ENSG00000137364,18155077,18128311,26766
ENSG00000142621,15400283,15247272,153011
ENSG00000160050,32205387,32200386,5001
ENSG00000055070,16398145,16352575,45570
ENSG00000254001,78153913,78148101,5812
ENSG00000213783,27269678,27269357,321
ENSG00000268205,57308562,57304305,4257
ENSG00000126860,31321884,31317560,4324
ENSG00000268723,57317562,57317208,354
ENSG00000236569,27329534,27328607,927
ENSG00000235453,32568621,32551144,17477
ENSG00000261915,7319174,7312661,6513
ENSG00000264569,82039380,82037905,1475
ENSG00000178229,57330770,57320472,10298
ENSG00000282189,143583305,143578358,4947
ENSG00000279655,27381206,27380562,644
ENSG00000137210,10852753,10747759,104994
ENSG00000278488,143578649,143574785,3864
ENSG00000136848,121785530,121567057,218473
ENSG00000167123,128437351,128411751,25600
ENSG00000224322,27409938,27361843,48095
ENSG00000268678,57352012,57350848,1164
ENSG00000131845,57359898,57351307,8591
ENSG00000136943,97039643,97029677,9966
ENSG00000231169,52505862,52505191,671
ENSG00000160051,32208687,32205661,3026
ENSG00000197535,52529050,52307283,221767
ENSG00000231773,31370936,31370510,426
ENSG00000159459,43106113,42942897,163216
ENSG00000237559,31372374,31372160,214
ENSG00000278934,73627626,73624410,3216
ENSG00000284638,3483446,3482804,642
ENSG00000239677,73626796,73621713,5083
ENSG00000258590,20688408,20657638,30770
ENSG00000255021,14303845,14272373,31472
ENSG00000279628,20664970,20658900,6070
ENSG00000224066,32206814,32204769,2045
ENSG00000214711,31233858,31173056,60802
ENSG00000235343,16748645,16746869,1776
ENSG00000121440,73624941,73382431,242510
ENSG00000172967,16821699,16783412,38287
ENSG00000137168,36874803,36854827,19976
ENSG00000226457,16369530,16369150,380
ENSG00000259240,51293912,51037488,256424
ENSG00000183578,51105276,51056598,48678
ENSG00000176343,111889474,111889199,275
ENSG00000268649,58817725,58817132,593
ENSG00000259204,51069586,51064609,4977
ENSG00000198663,36928964,36871870,57094
ENSG00000268743,16846473,16844025,2448
ENSG00000137265,411443,391752,19691
ENSG00000101916,12923169,12906620,16549
ENSG00000163704,9952408,9945542,6866
ENSG00000137869,51338610,51208057,130553
ENSG00000279429,27412891,27412164,727
ENSG00000233338,12908333,12902817,5516
ENSG00000233830,27458849,27458163,686
ENSG00000090565,523011,425649,97362
ENSG00000213781,27462969,27461766,1203
ENSG00000264705,69214350,69212277,2073
ENSG00000228137,46247682,46246890,792
ENSG00000235574,27492765,27491682,1083
ENSG00000215424,46259390,46229217,30173
ENSG00000197428,4643060,4637477,5583
ENSG00000205542,12977227,12975110,2117
ENSG00000269894,9936258,9935706,552
ENSG00000163703,9945413,9933822,11591
ENSG00000273269,47176511,47065941,110570
ENSG00000254307,94793106,94791643,1463
ENSG00000225187,47071204,47067822,3382
ENSG00000258635,31757371,31746360,11011
ENSG00000156162,94793836,94719703,74133
ENSG00000239605,47155308,47045538,109770
ENSG00000239415,46254133,46251549,2584
ENSG00000165458,72239147,72223701,15446
ENSG00000160294,46286297,46235133,51164
ENSG00000233524,20748057,20747035,1022
ENSG00000130377,6193094,6135247,57847
ENSG00000236210,31753269,31751793,1476
ENSG00000238284,42706447,42661726,44721
ENSG00000254475,75131880,75131138,742
ENSG00000229161,42802494,42794906,7588
ENSG00000150456,20773958,20728731,45227
ENSG00000255395,75140148,75099172,40976
ENSG00000231539,42844438,42829672,14766
ENSG00000225993,31757257,31754813,2444
ENSG00000261019,42902639,42901272,1367
ENSG00000233845,47040524,47035279,5245
ENSG00000068724,47076137,46916157,159980
ENSG00000178217,80646560,80537902,108658
ENSG00000233485,15343876,15326680,17196
ENSG00000239741,31750054,31746341,3713
ENSG00000250812,55219973,55219344,629
ENSG00000260409,20756183,20729747,26436
ENSG00000275485,20769375,20768876,499
ENSG00000259443,20774871,20773084,1787
ENSG00000278291,20703718,20699307,4411
ENSG00000259383,20774794,20759311,15483
ENSG00000279135,20714146,20712431,1715
ENSG00000237421,29469874,29464664,5210
ENSG00000172458,20723098,20702127,20971
ENSG00000229027,16829335,16827474,1861
ENSG00000180785,4655488,4643420,12068
ENSG00000234983,42920084,42918741,1343
ENSG00000258420,20775998,20775464,534
ENSG00000206177,166764,153892,12872
ENSG00000229136,29476139,29475093,1046
ENSG00000106588,42932185,42916861,15324
ENSG00000285883,91306321,91303756,2565
ENSG00000234121,16837666,16837522,144
ENSG00000205632,48898386,48866770,31616
ENSG00000159082,32728048,32628759,99289
ENSG00000258954,91535095,91532891,2204
ENSG00000234954,29487970,29486834,1136
ENSG00000258551,91605211,91408708,196503
ENSG00000283535,16846357,16844399,1958
ENSG00000230834,1778388,1776930,1458
ENSG00000258765,91649114,91643017,6097
ENSG00000235801,30563845,30560894,2951
ENSG00000159228,36073166,36069941,3225
ENSG00000258540,91677060,91676771,289
ENSG00000285623,49188062,49166421,21641
ENSG00000230428,453461,451404,2057
ENSG00000263952,10908783,10893617,15166
ENSG00000230980,1792870,1792553,317
ENSG00000226142,49214247,49213911,336
ENSG00000260779,10666887,10661933,4954
ENSG00000130656,154503,142728,11775
ENSG00000280199,49266080,49264201,1879
ENSG00000264843,10709599,10704297,5302
ENSG00000230080,1804095,1802889,1206
ENSG00000230622,31611356,31611083,273
ENSG00000227676,79571436,79566727,4709
ENSG00000236980,49191858,49177632,14226
ENSG00000285902,79667344,79637433,29911
ENSG00000275136,54890481,54874257,16224
ENSG00000267168,76738522,76732978,5544
ENSG00000169733,82051831,82047902,3929
ENSG00000206178,165156,163122,2034
ENSG00000244411,71528674,71527267,1407
ENSG00000249410,55552554,55551885,669
ENSG00000147654,109565996,109539711,26285
ENSG00000241233,71539207,71538025,1182
ENSG00000250464,55313924,55313011,913
ENSG00000104611,19396218,19313693,82525
ENSG00000189089,36051377,36050214,1163
ENSG00000236119,36090414,36082859,7555
ENSG00000230212,36126640,36069642,56998
ENSG00000167104,33044047,33031648,12399
ENSG00000233393,36109690,36104881,4809
ENSG00000273186,128432006,128431598,408
ENSG00000229854,121576214,121574891,1323
ENSG00000146281,89165565,89146055,19510
ENSG00000205302,122834543,122775079,59464
ENSG00000255094,28019575,27978669,40906
ENSG00000278299,38068592,38057693,10899
ENSG00000236912,31832607,31831329,1278
ENSG00000254266,78558503,78426103,132400
ENSG00000236339,28778937,28778558,379
ENSG00000233345,31830163,31823611,6552
ENSG00000169682,28984548,28974221,10327
ENSG00000285639,14211186,14152196,58990
ENSG00000234289,43565648,43565189,459
ENSG00000171033,78605267,78516340,88927
ENSG00000254997,71549553,71548418,1135
ENSG00000214326,43551600,43551229,371
ENSG00000235051,10884349,10881780,2569
ENSG00000183311,30714946,30709720,5226
ENSG00000160207,43659488,43529186,130302
ENSG00000282725,4427664,4356503,71161
ENSG00000230631,14231570,14229775,1795
ENSG00000230675,32804081,32796644,7437
ENSG00000259446,33310659,33303657,7002
ENSG00000254670,13009159,13001090,8069
ENSG00000001617,50189075,50155045,34030
ENSG00000256646,42932174,42909273,22901
ENSG00000226673,14285454,14280127,5327
ENSG00000189431,13012106,13009577,2529
ENSG00000170832,60422470,60177327,245143
ENSG00000274615,38124770,38078262,46508
ENSG00000136197,42912305,42908726,3579
ENSG00000255558,13134839,13054615,80224
ENSG00000130518,18274509,18257097,17412
ENSG00000219747,151099933,151099529,404
ENSG00000255018,13152348,13152200,148
ENSG00000232290,151056057,151054897,1160
ENSG00000278599,38138862,38127951,10911
ENSG00000273535,54846123,54836140,9983
ENSG00000246859,111739726,111512226,227500
ENSG00000230082,9954787,9947404,7383
ENSG00000223553,20656914,20602595,54319
ENSG00000165462,72245664,72239077,6587
ENSG00000249439,111846566,111846050,516
ENSG00000249619,111572239,111572102,137
ENSG00000164211,111512590,111496033,16557
ENSG00000133985,70675366,70641916,33450
ENSG00000238125,20654750,20652730,2020
ENSG00000276427,20632751,20632619,132
ENSG00000121621,28108156,28020619,87537
ENSG00000282259,101339373,101334084,5289
ENSG00000280353,48199720,48198107,1613
ENSG00000282406,101356875,101356497,378
ENSG00000268583,48213154,48204083,9071
ENSG00000234072,27367622,27356246,11376
ENSG00000185453,48197620,48170680,26940
ENSG00000276920,1038943,1008829,30114
ENSG00000282159,101370831,101368525,2306
ENSG00000276559,101381063,101371093,9970
ENSG00000234945,27342599,27335535,7064
ENSG00000164113,122429802,122378966,50836
ENSG00000250767,33997724,33997044,680
ENSG00000106012,2614733,2558972,55761
ENSG00000236920,98214683,98210020,4663
ENSG00000169727,82057470,82050691,6779
ENSG00000273294,34124528,33987174,137354
ENSG00000226207,97717197,97710953,6244
ENSG00000253432,139102830,139096305,6525
ENSG00000267262,6077119,6067953,9166
ENSG00000268001,48258199,48255675,2524
ENSG00000220505,98179832,98179499,333
ENSG00000169991,18956676,18904280,52396
ENSG00000253783,139127953,139114193,13760
ENSG00000278900,34106336,34105750,586
ENSG00000271860,98399872,97283303,1116569
ENSG00000279995,34124385,34124162,223
ENSG00000254258,139463016,139460062,2954
ENSG00000229441,29216224,29215281,943
ENSG00000275078,139508971,139508701,270
ENSG00000082196,34043832,34019448,24384
ENSG00000140522,89221614,89209869,11745
ENSG00000235434,19819502,19814367,5135
ENSG00000115211,27370486,27364352,6134
ENSG00000233168,29264098,29262722,1376
ENSG00000178828,19815283,19814029,1254
ENSG00000235273,29267104,29224018,43086
ENSG00000224990,29230202,29229272,930
ENSG00000086232,6059175,6022247,36928
ENSG00000135298,69389506,68635282,754224
ENSG00000269590,12669397,12664828,4569
ENSG00000126549,70002570,69995930,6640
ENSG00000285583,12671023,12670079,944
ENSG00000095059,12681880,12675717,6163
ENSG00000131943,29715789,29698886,16903
ENSG00000121067,49678163,49598884,79279
ENSG00000229313,25056664,25041839,14825
ENSG00000255275,18921121,18849273,71848
ENSG00000217083,24948344,24947880,464
ENSG00000183214,31406373,31389818,16555
ENSG00000260286,24798889,24797321,1568
ENSG00000223623,25057073,25053627,3446
ENSG00000165280,35072627,35056064,16563
ENSG00000159423,18902724,18871430,31294
ENSG00000214975,24976982,24976419,563
ENSG00000260686,122834533,122832356,2177
ENSG00000279858,19375622,19375128,494
ENSG00000229011,79805685,79804418,1267
ENSG00000230712,24249466,24248074,1392
ENSG00000242110,34008104,33986165,21939
ENSG00000229175,79917944,79872586,45358
ENSG00000281721,80028283,80011077,17206
ENSG00000146276,89231278,89177501,53777
ENSG00000284196,80074640,79941531,133109
ENSG00000185761,1513604,1505022,8582
ENSG00000169914,19912945,19882395,30550
ENSG00000180730,26051031,26044597,6434
ENSG00000163527,31637622,31532638,104984
ENSG00000240418,16413576,16412684,892
ENSG00000231983,26053385,26052276,1109
ENSG00000229107,20670984,20667836,3148
ENSG00000127527,16472085,16355239,116846
ENSG00000270951,58876981,58876592,389
ENSG00000235590,58850903,58818919,31984
ENSG00000188784,19923617,19920009,3608
ENSG00000243612,32856479,32852194,4285
ENSG00000126266,35353862,35351552,2310
ENSG00000268333,58836529,58833809,2720
ENSG00000259057,91743955,91742841,1114
ENSG00000157999,6036386,6031376,5010
ENSG00000126391,65413525,65386621,26904
ENSG00000283907,35581954,35557956,23998
ENSG00000087460,58911192,58839718,71474
ENSG00000106305,6023834,6009255,14579
ENSG00000105675,35563658,35550043,13615
ENSG00000241157,60245647,60245288,359
ENSG00000271626,60316215,60315834,381
ENSG00000275562,60258411,60256720,1691
ENSG00000141371,60431426,60392429,38997
ENSG00000113649,146511961,146447311,64650
ENSG00000258689,70712153,70698698,13455
ENSG00000217261,20698938,20689929,9009
ENSG00000282345,101386191,101384932,1259
ENSG00000235062,20698934,20697962,972
ENSG00000271858,50368197,50365334,2863
ENSG00000281691,50100988,50099603,1385
ENSG00000187595,42098479,42025576,72903
ENSG00000235016,50156085,50116022,40063
ENSG00000277368,26222654,26222191,463
ENSG00000249700,55395847,55363971,31876
ENSG00000127870,26222314,26132115,90199
ENSG00000004534,50100045,49940007,160038
ENSG00000259581,76261690,76258986,2704
ENSG00000126062,50359521,50354750,4771
ENSG00000140374,76311472,76215353,96119
ENSG00000250095,112017309,111912508,104801
ENSG00000168256,42025644,42011382,14262
ENSG00000204472,31617021,31615217,1804
ENSG00000182586,45264548,45234340,30208
ENSG00000226904,68229312,68228651,661
ENSG00000114395,50358460,50350695,7765
ENSG00000267092,1508963,1508375,588
ENSG00000253100,25687524,25685798,1726
ENSG00000130182,3099295,3088890,10405
ENSG00000251099,111572398,111572236,162
ENSG00000083642,32778019,32586452,191567
ENSG00000186866,45287898,45263928,23970
ENSG00000253342,25777456,25776679,777
ENSG00000225098,24263764,24259929,3835
ENSG00000134986,111997464,111662621,334843
ENSG00000128039,55373100,55346242,26858
ENSG00000134489,24479961,24460637,19324
ENSG00000128262,24265525,24251828,13697
ENSG00000227861,31831870,31829818,2052
ENSG00000141510,7687550,7661779,25771
ENSG00000251111,55352408,55351812,596
ENSG00000273257,55388271,55387949,322
ENSG00000262099,5470360,5469092,1268
ENSG00000030582,44353106,44345246,7860
ENSG00000285890,25833464,25820975,12489
ENSG00000264619,31831870,31825184,6686
ENSG00000254178,25840135,25834129,6006
ENSG00000120217,5470566,5450503,20063
ENSG00000114388,50351091,50347330,3761
ENSG00000144671,38318575,38282294,36281
ENSG00000283757,46496731,46455033,41698
ENSG00000217231,144037704,144036618,1086
ENSG00000184617,46492640,46484461,8179
ENSG00000283122,144008262,144004916,3346
ENSG00000118495,144064599,143940300,124299
ENSG00000225849,46477232,46463719,13513
ENSG00000215452,46459276,46414228,45048
ENSG00000228925,46908678,46899275,9403
ENSG00000272814,46956888,46956615,273
ENSG00000179002,18859682,18839599,20083
ENSG00000273828,46397994,46364551,33443
ENSG00000143933,47176601,47160083,16518
ENSG00000241015,53444670,53431984,12686
ENSG00000149451,3682246,3667965,14281
ENSG00000261146,137796678,137791973,4705
ENSG00000259306,51321996,51315841,6155
ENSG00000241478,137882237,137880295,1942
ENSG00000160336,53458261,53445001,13260
ENSG00000062598,46432985,46366050,66935
ENSG00000280521,195685904,195658096,27808
ENSG00000259701,51280015,51278927,1088
ENSG00000234706,26118964,26117548,1416
ENSG00000275676,61231863,61229913,1950
ENSG00000233963,26154175,26094724,59451
ENSG00000277863,106904099,106903150,949
ENSG00000286261,53461862,53431984,29878
ENSG00000279157,106942561,106941950,611
ENSG00000283378,61453030,61330717,122313
ENSG00000271793,85615234,85557978,57256
ENSG00000285643,106961392,106955689,5703
ENSG00000259968,73954014,73952940,1074
ENSG00000242583,170062951,170062244,707
ENSG00000135316,85643792,85607785,36007
ENSG00000248474,74103216,74084068,19148
ENSG00000173890,170085392,170037995,47397
ENSG00000232683,31593534,31593261,273
ENSG00000115207,27357034,27325849,31185
ENSG00000012817,19744939,19703865,41074
ENSG00000278303,195789727,195744993,44734
ENSG00000248942,74321239,74258689,62550
ENSG00000250846,65698029,65669961,28068
ENSG00000274110,54300924,54283996,16928
ENSG00000145242,65670495,65319563,350932
ENSG00000276740,107466674,107465984,690
ENSG00000227248,107835451,107788342,47109
ENSG00000197646,5571254,5510570,60684
ENSG00000204442,107866735,107163510,703225
ENSG00000253744,66144795,66144156,639
ENSG00000153914,66183615,66139971,43644
ENSG00000178464,12643919,12643275,644
ENSG00000105583,12669415,12668073,1342
ENSG00000277109,61582675,61581813,862
ENSG00000250446,74334766,74327995,6771
ENSG00000249343,74340378,74321631,18747
ENSG00000274499,20826173,20803505,22668
ENSG00000259089,20814958,20813299,1659
ENSG00000237346,14393288,14391231,2057
ENSG00000213658,28990783,28984826,5957
ENSG00000234540,14404289,14394326,9963
ENSG00000231248,61627683,61615876,11807
ENSG00000230701,23265005,23262767,2238
ENSG00000186716,23318037,23179704,138333
ENSG00000241525,414023,404468,9555
ENSG00000269242,12648397,12643831,4566
ENSG00000286162,5628981,5577021,51960
ENSG00000231509,5588994,5584490,4504
ENSG00000268480,8638649,8630671,7978
ENSG00000187624,431062,410325,20737
ENSG00000261866,8677584,8676844,740
ENSG00000215464,24270134,24269346,788
ENSG00000279426,8696321,8695721,600
ENSG00000104774,12666742,12646511,20231
ENSG00000262823,4486353,4481966,4387
ENSG00000204814,61662690,61659733,2957
ENSG00000130813,10093252,10086122,7130
ENSG00000231247,30677758,30666252,11506
ENSG00000182557,4488208,4433940,54268
ENSG00000248673,74536976,74369376,167600
ENSG00000274718,107873372,107870383,2989
ENSG00000221990,443160,441498,1662
ENSG00000168259,42021376,41976435,44941
ENSG00000181786,8698822,8697397,1425
ENSG00000237835,16856162,16855804,358
ENSG00000104131,44563029,44537125,25904
ENSG00000232974,29489745,29489340,405
ENSG00000220248,16860718,16857619,3099
ENSG00000231454,61666386,61665579,807
ENSG00000237689,16871126,16869478,1648
ENSG00000259214,20826640,20826454,186
ENSG00000224753,29510624,29497578,13046
ENSG00000269244,8729204,8728735,469
ENSG00000228122,16876421,16876218,203
ENSG00000181733,8732160,8721634,10526
ENSG00000238075,618314,617789,525
ENSG00000224957,846015,536231,309784
ENSG00000237358,16876902,16876552,350
ENSG00000174405,108218368,108207439,10929
ENSG00000235788,29533642,29529494,4148
ENSG00000225480,16897546,16897445,101
ENSG00000230481,16904696,16904219,477
ENSG00000224239,858091,857124,967
ENSG00000232963,24330674,24330402,272
ENSG00000276703,134211527,134211450,77
ENSG00000198399,24360714,24202864,157850
ENSG00000185988,1536046,1524074,11972
ENSG00000229646,14599690,14597514,2176
ENSG00000230031,20866314,20835372,30942
ENSG00000278130,138179774,138177426,2348
ENSG00000234261,15090003,14661829,428174
ENSG00000159247,138177433,138150075,27358
ENSG00000280741,321711,320990,721
ENSG00000267387,10090377,10089032,1345
ENSG00000130812,10102796,10092338,10458
ENSG00000237419,138203325,138199933,3392
ENSG00000179141,29490105,29476515,13590
ENSG00000255202,33696701,33665220,31481
ENSG00000110427,33674102,33376466,297636
ENSG00000223460,29307785,29306778,1007
ENSG00000132938,29505947,28820348,685599
ENSG00000235158,1012934,1008135,4799
ENSG00000264695,24491080,24489375,1705
ENSG00000253691,16914981,16914235,746
ENSG00000266489,24542023,24516699,25324
ENSG00000227576,29538861,29537778,1083
ENSG00000266181,24522919,24522273,646
ENSG00000180398,46941855,46901870,39985
ENSG00000228859,31704014,31700817,3197
ENSG00000072849,5486811,5471254,15557
ENSG00000132541,98117171,98102344,14827
ENSG00000255207,33450943,33450646,297
ENSG00000254537,33403605,33403216,389
ENSG00000280234,25257027,25255579,1448
ENSG00000169230,177306949,177303799,3150
ENSG00000241061,24909825,24908932,893
ENSG00000224078,25419462,24978583,440879
ENSG00000104133,44663678,44562696,100982
ENSG00000224393,31708879,31700763,8116
ENSG00000105711,35040449,35030470,9979
ENSG00000127743,149404202,149371324,32878
ENSG00000236758,29250554,29239379,11175
ENSG00000225138,480884,473236,7648
ENSG00000007402,50504244,50362799,141445
ENSG00000182446,81648465,81556887,91578
ENSG00000185897,35360485,35358460,2025
ENSG00000270680,29339869,29339566,303
ENSG00000216754,15104130,15102946,1184
ENSG00000271888,15245000,15243923,1077
ENSG00000236794,23180172,23179918,254
ENSG00000187472,98780505,98780257,248
ENSG00000188242,473098,466124,6974
ENSG00000126251,35372962,35370929,2033
ENSG00000253865,149375116,149372174,2942
ENSG00000283010,98832508,98829967,2541
ENSG00000206140,21471269,21466423,4846
ENSG00000125826,430966,407498,23468
ENSG00000184486,98839470,98834592,4878
ENSG00000250385,527448,524109,3339
ENSG00000268222,35384052,35382172,1880
ENSG00000066230,524332,470458,53874
ENSG00000285589,12681834,12668071,13763
ENSG00000243199,65574328,65573459,869
ENSG00000188257,19980416,19975431,4985
ENSG00000123154,12675832,12666802,9030
ENSG00000266985,33557470,33555568,1902
ENSG00000250071,74800100,74798994,1106
ENSG00000198780,74866966,74777574,89392
ENSG00000088881,2760108,2692878,67230
ENSG00000270941,52735013,52734735,278
ENSG00000168268,52535054,52524385,10669
ENSG00000108518,4949061,4945652,3409
ENSG00000278032,143023832,143017982,5850
ENSG00000167842,5490814,5486285,4529
ENSG00000108515,4957131,4948092,9039
ENSG00000213347,177312757,177301461,11296
ENSG00000243149,65193499,65174958,18541
ENSG00000255443,35214985,35210343,4642
ENSG00000285748,69250781,69240448,10333
ENSG00000278532,69399249,69398726,523
ENSG00000276438,389645,336496,53149
ENSG00000273651,28544591,28531231,13360
ENSG00000026508,35232402,35138870,93532
ENSG00000063322,39400637,39391303,9334
ENSG00000267221,42050614,42038232,12382
ENSG00000006740,12991643,12789498,202145
ENSG00000173786,41977740,41966763,10977
ENSG00000182612,81648749,81637171,11578
ENSG00000114113,139480747,139452884,27863
ENSG00000180104,471937,443175,28762
ENSG00000057657,106109939,105993463,116476
ENSG00000271662,195651472,195650146,1326
ENSG00000229178,195657927,195655565,2362
ENSG00000178631,139494937,139493809,1128
ENSG00000232230,100115223,100114417,806
ENSG00000248932,139583319,139389815,193504
ENSG00000283232,100140151,100105754,34397
ENSG00000066405,138033655,137998735,34920
ENSG00000231082,80653732,80649797,3935
ENSG00000223498,16898521,16897651,870
ENSG00000233353,80717068,80716483,585
ENSG00000169427,139704109,139600838,103271
ENSG00000233703,80751231,80749632,1599
ENSG00000214280,139583593,139582928,665
ENSG00000231060,80778088,80776165,1923
ENSG00000114115,139539829,139517434,22395
ENSG00000220418,89303114,89301783,1331
ENSG00000227209,80941201,80940665,536
ENSG00000111886,89315299,89257208,58091
ENSG00000106631,44141332,44138864,2468
ENSG00000180723,4661763,4660853,910
ENSG00000226466,81137335,81136540,795
ENSG00000183018,4539035,4498881,40154
ENSG00000174840,57566848,57556274,10574
ENSG00000169228,177303744,177301198,2546
ENSG00000167332,4697854,4680171,17683
ENSG00000116898,36464384,36455718,8666
ENSG00000128739,24978723,24823637,155086
ENSG00000259970,49684983,49684480,503
ENSG00000173531,49689501,49683947,5554
ENSG00000228510,128446628,128444587,2041
ENSG00000049860,74722647,74640023,82624
ENSG00000261067,28990775,28974804,15971
ENSG00000285722,49377119,49372924,4195
ENSG00000242399,100776865,100776512,353
ENSG00000265182,49496896,49495147,1749
ENSG00000197674,4697831,4690423,7408
ENSG00000212994,100896118,100895771,347
ENSG00000260368,100914388,100913247,1141
ENSG00000261552,28990778,28989140,1638
ENSG00000219951,83393409,83392416,993
ENSG00000260367,28978824,28973962,4862
ENSG00000250816,17203145,17202274,871
ENSG00000248790,139466795,139466430,365
ENSG00000271892,17107789,17107360,429
ENSG00000100335,39518132,39499432,18700
ENSG00000198833,89352722,89326625,26097
ENSG00000215196,17217047,17130028,87019
ENSG00000065833,83431051,83210402,220649
ENSG00000226896,29554267,29553320,947
ENSG00000237913,16071809,16071416,393
ENSG00000253460,16922173,16921443,730
ENSG00000163864,139678017,139560180,117837
ENSG00000176788,17276843,17065598,211245
ENSG00000254264,16926444,16925952,492
ENSG00000229782,4499674,4497394,2280
ENSG00000183688,445939,439978,5961
ENSG00000111911,125980244,125956770,23474
ENSG00000272609,138005122,138004649,473
ENSG00000132382,4555631,4538897,16734
ENSG00000016864,52706032,52694488,11544
ENSG00000248479,65705553,65702202,3351
ENSG00000253481,16934003,16933521,482
ENSG00000251527,65860204,65858761,1443
ENSG00000261048,20890606,20890206,400
ENSG00000165813,114174232,114120862,53370
ENSG00000272304,66016792,66003281,13511
ENSG00000236562,66094526,66094142,384
ENSG00000249413,66150012,65998846,151166
ENSG00000280541,46152647,46151614,1033
ENSG00000281775,46155567,46142109,13458
ENSG00000226140,16295858,16278701,17157
ENSG00000282681,143018437,143012485,5952
ENSG00000105327,47232766,47220822,11944
ENSG00000259422,76181486,76174891,6595
ENSG00000219928,87525475,87525302,173
ENSG00000136237,22357144,22118238,238906
ENSG00000169758,76229121,76059958,169163
ENSG00000232429,33589688,33589206,482
ENSG00000181588,1568058,1554669,13389
ENSG00000196730,87708634,87497228,211406
ENSG00000165985,16521879,16513734,8145
ENSG00000262664,2043425,2042022,1403
ENSG00000270623,100143995,100143065,930
ENSG00000176900,4882883,4881819,1064
ENSG00000165983,16513745,16436943,76802
ENSG00000198217,4878117,4871717,6400
ENSG00000284969,33722467,33698261,24206
ENSG00000262533,2043425,2042900,525
ENSG00000167346,4992429,4704927,287502
ENSG00000134160,31161273,31001061,160212
ENSG00000108963,2043430,2030110,13320
ENSG00000205177,33700801,33698261,2540
ENSG00000268545,57460120,57459912,208
ENSG00000152433,57379565,57363477,16088
ENSG00000085063,33736491,33703010,33481
ENSG00000261745,53126146,53125644,502
ENSG00000259109,73190004,73189763,241
ENSG00000108788,42573239,42567068,6171
ENSG00000244099,66431521,66431092,429
ENSG00000226217,2781041,2780614,427
ENSG00000080815,73223691,73136418,87273
ENSG00000278535,36600804,36591879,8925
ENSG00000269919,106100593,106100140,453
ENSG00000278760,4422453,4340251,82202
ENSG00000276449,57453011,57449689,3322
ENSG00000268533,57438457,57394183,44274
ENSG00000225003,4973884,4972943,941
ENSG00000186230,57447101,57435325,11776
ENSG00000272664,4719559,4718612,947
ENSG00000057663,106325791,106045423,280368
ENSG00000272634,4712421,4709569,2852
ENSG00000240668,138102917,138101478,1439
ENSG00000205496,4955713,4954772,941
ENSG00000233013,138253217,138217068,36149
ENSG00000169594,83284714,83255903,28811
ENSG00000158163,138115818,138061990,53828
ENSG00000285045,16956808,16953895,2913
ENSG00000176925,4822456,4821321,1135
ENSG00000269533,57419994,57389884,30110
ENSG00000261554,20893980,20893383,597
ENSG00000280021,4769938,4768979,959
ENSG00000254602,57652790,57638024,14766
ENSG00000176951,4787705,4786754,951
ENSG00000188785,57402992,57389850,13142
ENSG00000279270,4804380,4803433,947
ENSG00000250210,138286430,138286248,182
ENSG00000166793,57649944,57645087,4857
ENSG00000286255,138320835,138319898,937
ENSG00000258555,24442356,24270898,171458
ENSG00000197984,4833072,4830175,2897
ENSG00000197023,4890596,4889593,1003
ENSG00000115507,63057836,63050057,7779
ENSG00000260579,83114566,83113617,949
ENSG00000100024,24528390,24494107,34283
ENSG00000205497,4947605,4942831,4774
ENSG00000259986,83439445,83179182,260263
ENSG00000105372,41872926,41859918,13008
ENSG00000184669,17053024,17013998,39026
ENSG00000136404,83144854,83107407,37447
ENSG00000273051,4752944,4752046,898
ENSG00000231070,4795284,4793778,1506
ENSG00000271602,4724171,4722740,1431
ENSG00000244398,16975013,16974693,320
ENSG00000176904,4863652,4859610,4042
ENSG00000176893,4919350,4912588,6762
ENSG00000166689,17014414,16777297,237117
ENSG00000229458,82229179,82224213,4966
ENSG00000176895,4909462,4903783,5679
ENSG00000185737,82987179,81875194,1111985
ENSG00000272559,4737078,4736178,900
ENSG00000176922,4849238,4847489,1749
ENSG00000278870,4924339,4923374,965
ENSG00000227023,4938294,4937371,923
ENSG00000285025,39504443,39504231,212
ENSG00000274636,4339597,4314761,24836
ENSG00000267406,14269377,14267807,1570
ENSG00000267723,14293205,14254189,39016
ENSG00000271714,74867854,74865893,1961
ENSG00000197214,97068628,97067749,879
ENSG00000172409,57661865,57648992,12873
ENSG00000250030,67446574,67446267,307
ENSG00000250075,67468251,67417305,50946
ENSG00000221818,26045413,25841725,203688
ENSG00000266913,14370196,14305458,64738
ENSG00000255531,67849338,67849044,294
ENSG00000164347,74767147,74721206,45941
ENSG00000178201,57457142,57454790,2352
ENSG00000267147,14343916,14333743,10173
ENSG00000228376,97081945,97075671,6274
ENSG00000137270,53148841,53126961,21880
ENSG00000197128,57477570,57466663,10907
ENSG00000282228,4356579,4331549,25030
ENSG00000164062,49683971,49674014,9957
ENSG00000146670,65084164,65066300,17864
ENSG00000130305,73308867,73302517,6350
ENSG00000128016,39409412,39406813,2599
ENSG00000235488,15248634,15247815,819
ENSG00000131470,42577831,42572315,5516
ENSG00000228923,24518386,24516508,1878
ENSG00000008083,15522042,15246069,275973
ENSG00000205649,70036538,70028413,8125
ENSG00000267757,45642840,45641494,1346
ENSG00000100014,24417739,24270817,146922
ENSG00000235452,31761298,31758101,3197
ENSG00000262708,616595,616002,593
ENSG00000219074,53197159,53196720,439
ENSG00000141252,721717,508668,213049
ENSG00000125746,45645629,45606994,38635
ENSG00000189339,1692728,1659529,33199
ENSG00000228090,31766164,31758047,8117
ENSG00000010327,52524495,52495338,29157
ENSG00000103653,74803198,74782057,21141
ENSG00000186272,57421939,57411163,10776
ENSG00000173702,124953819,124905442,48377
ENSG00000187268,13044682,13035617,9065
ENSG00000256060,57365353,57363511,1842
ENSG00000088882,2800627,2794074,6553
ENSG00000225738,82232920,82228985,3935
ENSG00000268163,57477536,57437970,39566
ENSG00000139514,29595688,29509414,86274
ENSG00000285739,82210345,82207620,2725
ENSG00000269737,1674397,1671990,2407
ENSG00000268133,57398584,57363566,35018
ENSG00000272004,1662602,1659325,3277
ENSG00000276551,54388311,54387840,471
ENSG00000266520,24686351,24685772,579
ENSG00000265485,24708542,24628182,80360
ENSG00000105369,41881372,41877120,4252
ENSG00000274000,54519583,54504943,14640
ENSG00000228199,30178517,30176697,1820
ENSG00000072858,113629578,113532296,97282
ENSG00000266809,24690161,24689914,247
ENSG00000230230,30203317,30174354,28963
ENSG00000107864,92291078,92046692,244386
ENSG00000149636,36773818,36751791,22027
ENSG00000266573,24929076,24725781,203295
ENSG00000165886,97571206,97498924,72282
ENSG00000277621,12983002,12982613,389
ENSG00000230123,38329070,38325237,3833
ENSG00000141052,12768949,12665890,103059
ENSG00000264345,24987682,24933487,54195
ENSG00000166503,83207823,83112738,95085
ENSG00000260398,78609705,78605952,3753
ENSG00000153495,111344249,111316184,28065
ENSG00000105321,47273701,47255980,17721
ENSG00000267778,1239522,1238179,1343
ENSG00000215398,18341859,18333726,8133
ENSG00000257171,18412264,18395626,16638
ENSG00000100802,23010166,22985894,24272
ENSG00000229248,25017204,25016434,770
ENSG00000104427,78719765,78666089,53676
ENSG00000265552,25056760,25055600,1160
ENSG00000257356,18419273,18418775,498
ENSG00000278173,54877496,54853492,24004
ENSG00000249213,26256628,26254883,1745
ENSG00000258367,18568790,18562928,5862
ENSG00000138036,43810010,43774039,35971
ENSG00000213484,92138370,92136875,1495
ENSG00000204398,111672608,111588201,84407
ENSG00000257959,18596310,18555677,40633
ENSG00000257825,18588315,18588274,41
ENSG00000214549,92119164,92118664,500
ENSG00000105988,92216793,92216332,461
ENSG00000257721,18560191,18560047,144
ENSG00000215881,111642079,111596009,46070
ENSG00000204572,71566738,71565563,1175
ENSG00000226903,111901176,111899985,1191
ENSG00000248903,71568934,71568680,254
ENSG00000105173,29824312,29811991,12321
ENSG00000280593,408269,389670,18599
ENSG00000162408,6554513,6521347,33166
ENSG00000280532,424670,421847,2823
ENSG00000249387,71579848,71579728,120
ENSG00000255562,71608040,71603260,4780
ENSG00000280935,526792,526465,327
ENSG00000239453,113590189,113588748,1441
ENSG00000279439,25202837,25200976,1861
ENSG00000280844,548042,547926,116
ENSG00000198795,25352190,25061924,290266
ENSG00000204571,71603353,71579714,23639
ENSG00000228038,97094638,97093694,944
ENSG00000213612,97122489,97121659,830
ENSG00000277800,80044046,80027033,17013
ENSG00000261618,78840525,78835307,5218
ENSG00000254352,78724136,78723796,340
ENSG00000253919,78762431,78760142,2289
ENSG00000184055,71594382,71593454,928
ENSG00000104432,78805523,78675743,129780
ENSG00000214245,33048152,33047517,635
ENSG00000229042,42688562,42685404,3158
ENSG00000223536,16767555,16728124,39431
ENSG00000124302,33773509,33621953,151556
ENSG00000113645,168472303,168291651,180652
ENSG00000227599,42971492,42968743,2749
ENSG00000282011,4350608,4348654,1954
ENSG00000010256,48610976,48599002,11974
ENSG00000229892,42607559,42606694,865
ENSG00000058804,53838463,53765478,72985
ENSG00000274334,4385487,4373807,11680
ENSG00000186190,33073628,33055424,18204
ENSG00000196090,43189970,42072752,1117218
ENSG00000282703,4328340,4324667,3673
ENSG00000251576,14352568,14348451,4117
ENSG00000280332,16358327,16356329,1998
ENSG00000267703,16443584,16440946,2638
ENSG00000128271,24442357,24417879,24478
ENSG00000025039,89412270,89364636,47634
ENSG00000229519,6548619,6547905,714
ENSG00000155465,22829820,22773222,56598
ENSG00000092445,41583589,41557675,25914
ENSG00000285595,25218241,25196663,21578
ENSG00000224604,16855284,16853820,1464
ENSG00000166394,7677222,7665100,12122
ENSG00000264434,25302960,25302126,834
ENSG00000182968,112070488,112067647,2841
ENSG00000280168,12973834,12973033,801
ENSG00000265489,12790242,12760140,30102
ENSG00000173706,125055997,124965710,90287
ENSG00000104356,98159835,98117293,42542
ENSG00000006744,13018065,12991612,26453
ENSG00000285744,78956082,78805293,150789
ENSG00000130522,18281622,18279760,1862
ENSG00000169064,167381346,167240287,141059
ENSG00000122042,29850684,29764371,86313
ENSG00000242628,24221516,24214381,7135
ENSG00000160208,43696079,43659560,36519
ENSG00000277151,32788178,32782874,5304
ENSG00000206480,30732250,30717229,15021
ENSG00000233747,24335152,24334512,640
ENSG00000226968,32911650,32877431,34219
ENSG00000286110,24912924,24558060,354864
ENSG00000227604,32954401,32954057,344
ENSG00000214265,25000276,24955034,45242
ENSG00000214526,23322927,23322543,384
ENSG00000198346,53496255,53467733,28522
ENSG00000119408,124353307,124257606,95701
ENSG00000178803,24495074,24429206,65868
ENSG00000270814,25169676,25169337,339
ENSG00000099624,1244825,1241746,3079
ENSG00000279050,25138055,25135642,2413
ENSG00000257115,18602129,18601045,1084
ENSG00000261069,25088896,25087661,1235
ENSG00000242088,24911125,24910874,251
ENSG00000257647,25032047,25027736,4311
ENSG00000196873,68300015,68232003,68012
ENSG00000257672,18614561,18614388,173
ENSG00000260661,92331037,92148752,182285
ENSG00000241434,53496037,53495887,150
ENSG00000164346,74780113,74766991,13122
ENSG00000281265,23964374,23963780,594
ENSG00000258233,18626787,18623852,2935
ENSG00000250731,53480091,53479350,741
ENSG00000176463,92172435,91853708,318727
ENSG00000182824,18757906,18733914,23992
ENSG00000263011,3109576,3106764,2812
ENSG00000150753,10266389,10249929,16460
ENSG00000282726,106325531,106325025,506
ENSG00000257644,18650966,18631388,19578
ENSG00000249541,2788549,2787451,1098
ENSG00000225635,31806899,31803320,3579
ENSG00000282283,821977,821485,492
ENSG00000258364,18637421,18636043,1378
ENSG00000282702,106332323,106331887,436
ENSG00000258076,18646503,18645991,512
ENSG00000248137,2835139,2831021,4118
ENSG00000257731,18646221,18645044,1177
ENSG00000257504,18633634,18630318,3316
ENSG00000187790,45200890,45135930,64960
ENSG00000257175,18637208,18634955,2253
ENSG00000257558,18667370,18667249,121
ENSG00000239200,18692408,18692032,376
ENSG00000165097,18223861,18155329,68532
ENSG00000173662,6579755,6555307,24448
ENSG00000281722,23977589,23976905,684
ENSG00000275758,23972534,23966902,5632
ENSG00000277897,23983919,23980152,3767
ENSG00000168374,57598220,57571363,26857
ENSG00000171617,74641424,74627406,14018
ENSG00000259659,44559188,44557829,1359
ENSG00000111653,6663142,6650301,12841
ENSG00000234351,29269440,29268481,959
ENSG00000232469,29291689,29290747,942
ENSG00000266840,69724975,69704978,19997
ENSG00000206052,69849087,69400888,448199
ENSG00000237777,29307705,29306740,965
ENSG00000277103,97152694,97151894,800
ENSG00000248969,35827018,35678484,148534
ENSG00000152582,35814611,35617844,196767
ENSG00000275003,23980473,23971367,9106
ENSG00000257635,18699978,18698639,1339
ENSG00000265643,69618694,69483627,135067
ENSG00000257224,18702463,18702281,182
ENSG00000279221,69663413,69659837,3576
ENSG00000264845,69471736,69469517,2219
ENSG00000277529,18712643,18709478,3165
ENSG00000153885,33815763,33795933,19830
ENSG00000150637,69961803,69831158,130645
ENSG00000277367,18890424,18889084,1340
ENSG00000278143,18909673,18899942,9731
ENSG00000223379,61887084,61868727,18357
ENSG00000231527,62096920,61854148,242772
ENSG00000272146,57600927,57597715,3212
ENSG00000258726,92282084,92281484,600
ENSG00000281400,23969875,23969213,662
ENSG00000258925,92286678,92285841,837
ENSG00000218713,53208697,53206598,2099
ENSG00000169891,17153272,16946658,206614
ENSG00000258761,92172436,92162798,9638
ENSG00000282777,106336384,106335853,531
ENSG00000284471,61986934,61982796,4138
ENSG00000229697,61911022,61898805,12217
ENSG00000248736,2967628,2921496,46132
ENSG00000107897,27242130,27195214,46916
ENSG00000238149,28287625,28287235,390
ENSG00000282565,142825331,142821798,3533
ENSG00000235676,31690824,31674358,16466
ENSG00000271332,28145204,28144907,297
ENSG00000254606,28519341,28516832,2509
ENSG00000276845,61945136,61944232,904
ENSG00000282136,106343726,106343495,231
ENSG00000235659,61866965,61865755,1210
ENSG00000169519,28527041,28108248,418793
ENSG00000236258,29866169,29865959,210
ENSG00000224329,29888405,29872613,15792
ENSG00000124795,18264548,18223860,40688
ENSG00000224405,29926651,29918647,8004
ENSG00000122043,29950488,29935905,14583
ENSG00000197816,97378524,97307304,71220
ENSG00000234836,31599195,31597358,1837
ENSG00000266505,30023800,30022021,1779
ENSG00000258457,22999078,22982698,16380
ENSG00000227523,27462816,27462506,310
ENSG00000280129,23007123,23005499,1624
ENSG00000171791,63320128,63123346,196782
ENSG00000254271,60741828,60734342,7486
ENSG00000047579,15663058,15522801,140257
ENSG00000178607,64130819,64039142,91677
ENSG00000215914,1701782,1699942,1840
ENSG00000170950,49787307,49785651,1656
ENSG00000033867,27484420,27372721,111699
ENSG00000272104,50367923,50350892,17031
ENSG00000235122,49820442,49817430,3012
ENSG00000267766,63151320,63151114,206
ENSG00000274948,54830767,54816448,14319
ENSG00000283125,63208168,63207622,546
ENSG00000226707,49824782,49823712,1070
ENSG00000274611,38192541,38181659,10882
ENSG00000275178,77093446,77093086,360
ENSG00000270538,49252264,49252129,135
ENSG00000278330,77115726,77112602,3124
ENSG00000124812,49877096,49834257,42839
ENSG00000173421,49258106,49198428,59678
ENSG00000237399,3167972,3141632,26340
ENSG00000266844,76984162,76974690,9472
ENSG00000250733,139933946,139931172,2774
ENSG00000253574,139916620,139911238,5382
ENSG00000278419,3145166,3134566,10600
ENSG00000279433,77110537,77108284,2253
ENSG00000274064,140041037,140039756,1281
ENSG00000279811,77006846,77002849,3997
ENSG00000167632,140458579,139727725,730854
ENSG00000237670,16974497,16970034,4463
ENSG00000107959,3172841,3137728,35113
ENSG00000214843,17284895,17284292,603
ENSG00000236348,17386417,17385091,1326
ENSG00000214322,17100239,17099782,457
ENSG00000197971,77133683,76978827,154856
ENSG00000255261,71621032,71620020,1012
ENSG00000255415,71629421,71629045,376
ENSG00000127472,20091911,20028179,63732
ENSG00000214842,17518439,17510584,7855
ENSG00000274487,38257192,38195703,61489
ENSG00000107566,100186033,100150094,35939
ENSG00000203279,97238700,97200475,38225
ENSG00000188801,97199511,97198303,1208
ENSG00000255036,97377287,97238497,138790
ENSG00000226417,31816046,31806863,9183
ENSG00000284625,71639769,71639551,218
ENSG00000239481,71670297,71669520,777
ENSG00000104361,98294393,98189826,104567
ENSG00000186191,33111751,33079644,32107
ENSG00000140365,75343224,75335891,7333
ENSG00000231769,46129706,46097093,32613
ENSG00000001561,46146688,46129989,16699
ENSG00000013016,31269451,31234152,35299
ENSG00000151062,1918666,1791963,126703
ENSG00000230888,29636138,29635855,283
ENSG00000268922,8778861,8778665,196
ENSG00000139826,108234243,108218392,15851
ENSG00000245532,65445540,65422774,22766
ENSG00000254805,71690657,71690453,204
ENSG00000254972,71705404,71701268,4136
ENSG00000267390,63381629,63367328,14301
ENSG00000140632,4847288,4803203,44085
ENSG00000215900,31095558,31094987,571
ENSG00000119537,63367510,63327726,39784
ENSG00000255319,71781183,71711740,69443
ENSG00000285933,71747051,71745331,1720
ENSG00000102524,108308484,108251240,57244
ENSG00000106992,127877675,127866486,11189
ENSG00000225142,31108623,31108188,435
ENSG00000235204,124261156,124259250,1906
ENSG00000106049,27662883,27525442,137441
ENSG00000273794,54784337,54769825,14512
ENSG00000227200,124265809,124262876,2933
ENSG00000170312,60794852,60778331,16521
ENSG00000163032,17657018,17539126,117892
ENSG00000214321,17283093,17282637,456
ENSG00000120318,141682230,141653401,28829
ENSG00000214643,49950265,49946021,4244
ENSG00000278843,35795707,35765873,29834
ENSG00000106633,44198170,44144271,53899
ENSG00000138175,102714397,102673731,40666
ENSG00000236342,30675633,30649829,25804
ENSG00000084623,32231604,32221928,9676
ENSG00000142185,44443081,44350163,92918
ENSG00000271980,10267146,10264597,2549
ENSG00000084628,31239887,31179745,60142
ENSG00000213118,134393900,134393142,758
ENSG00000277246,108267734,108267320,414
ENSG00000224511,30108875,30103178,5697
ENSG00000273575,54814527,54803379,11148
ENSG00000257853,18916642,18912805,3837
ENSG00000213620,31291604,31290762,842
ENSG00000269300,8824110,8821501,2609
ENSG00000259720,31042302,31002013,40289
ENSG00000285696,108150381,108142458,7923
ENSG00000167785,8832314,8806170,26144
ENSG00000166266,108107761,108008898,98863
ENSG00000185296,17306960,17306381,579
ENSG00000248223,17354899,17353910,989
ENSG00000223361,17354624,17353695,929
ENSG00000131050,33181412,33161768,19644
ENSG00000277060,54929555,54894717,34838
ENSG00000147874,19102904,19053141,49763
ENSG00000278624,832018,825097,6921
ENSG00000284874,19724772,19717220,7552
ENSG00000236611,23328493,23326616,1877
ENSG00000276482,1111210,1050378,60832
ENSG00000271771,34158767,34158121,646
ENSG00000204859,6589280,6579994,9286
ENSG00000138795,108168956,108047545,121411
ENSG00000203618,19724771,19722945,1826
ENSG00000263300,540576,523140,17436
ENSG00000262905,553417,552566,851
ENSG00000263015,511347,503171,8176
ENSG00000244097,657547,656794,753
ENSG00000258799,20901609,20901441,168
ENSG00000184702,19724224,19714503,9721
ENSG00000270831,20935658,20916686,18972
ENSG00000225399,49261316,49260085,1231
ENSG00000126550,70058845,70050402,8443
ENSG00000235773,30681283,30677910,3373
ENSG00000160055,32222359,32214472,7887
ENSG00000277442,54910074,54906159,3915
ENSG00000241464,18285495,18285343,152
ENSG00000112796,46170980,46159185,11795
ENSG00000067057,3137718,3066333,71385
ENSG00000130520,18323274,18306230,17044
ENSG00000108342,40017813,40015361,2452
ENSG00000215568,17008222,16961936,46286
ENSG00000255467,108121684,108105074,16610
ENSG00000236709,87554459,87553454,1005
ENSG00000231995,62266919,62266319,600
ENSG00000278786,54798295,54786474,11821
ENSG00000264464,49501860,49499390,2470
ENSG00000075239,108147776,108121516,26260
ENSG00000248671,71818238,71794363,23875
ENSG00000273955,54767361,54754987,12374
ENSG00000226287,20704606,20701114,3492
ENSG00000274807,54848156,54832788,15368
ENSG00000282164,140100543,140094894,5649
ENSG00000158483,71801237,71787510,13727
ENSG00000160408,127905408,127885321,20087
ENSG00000212939,49556473,49548681,7792
ENSG00000188511,49657542,49414524,243018
ENSG00000283084,23485197,23485000,197
ENSG00000101782,23486603,23453287,33316
ENSG00000176542,113696646,113648385,48261
ENSG00000088827,3707128,3686970,20158
ENSG00000249808,3181232,3177835,3397
ENSG00000180385,10006990,9986893,20097
ENSG00000282356,106345604,106345166,438
ENSG00000274445,9868702,9868462,240
ENSG00000235111,49615716,49612657,3059
ENSG00000277570,54700905,54700593,312
ENSG00000213279,49575426,49572264,3162
ENSG00000276306,54704235,54703952,283
ENSG00000282404,106350526,106350054,472
ENSG00000280224,49501585,49500568,1017
ENSG00000275442,54713453,54707916,5537
ENSG00000279597,49534926,49534062,864
ENSG00000232310,134673960,134520163,153797
ENSG00000197421,18843399,18773665,69734
ENSG00000186162,10026365,10014238,12127
ENSG00000225213,16748377,16721352,27025
ENSG00000148484,16817463,16590611,226852
ENSG00000258710,20993303,20940438,52865
ENSG00000232117,30159621,30151886,7735
ENSG00000239989,18794804,18794414,390
ENSG00000232643,30154586,30154066,520
ENSG00000250711,42973092,42972624,468
ENSG00000234764,18834438,18833694,744
ENSG00000229722,134609437,134606299,3138
ENSG00000271788,43007543,43006733,810
ENSG00000231874,9870781,9869664,1117
ENSG00000231971,134520585,134428240,92345
ENSG00000114316,49340712,49277831,62881
ENSG00000279499,30196881,30196443,438
ENSG00000282761,106355479,106355443,36
ENSG00000260926,41612727,41609466,3261
ENSG00000258855,20961581,20960675,906
ENSG00000282049,142835652,142832063,3589
ENSG00000258494,20970215,20969282,933
ENSG00000232143,30601810,30586013,15797
ENSG00000125037,10011116,9962537,48579
ENSG00000218772,134604698,134603564,1134
ENSG00000236700,134504581,134437716,66865
ENSG00000249830,3461660,3452816,8844
ENSG00000183506,21517533,21473000,44533
ENSG00000248118,3536094,3417152,118942
ENSG00000266402,64146476,64145970,506
ENSG00000263707,12990610,12990149,461
ENSG00000261534,121819452,121815674,3778
ENSG00000227274,12706135,12671862,34273
ENSG00000227723,134642495,134636489,6006
ENSG00000250716,3504004,3496229,7775
ENSG00000282058,28561397,28557532,3865
ENSG00000173727,65466720,65455258,11462
ENSG00000285684,80134368,80115733,18635
ENSG00000281983,106357409,106356982,427
ENSG00000273565,75177418,75176929,489
ENSG00000187657,9908139,9905595,2544
ENSG00000188996,656963,655939,1024
ENSG00000282642,106360304,106359784,520
ENSG00000118900,4882360,4846665,35695
ENSG00000258820,75271950,75259411,12539
ENSG00000118017,138132387,138123718,8669
ENSG00000219712,670307,669081,1226
ENSG00000222046,32216196,32209094,7102
ENSG00000258740,75269283,75238616,30667
ENSG00000112685,693139,485154,207985
ENSG00000167258,39564907,39461511,103396
ENSG00000117215,20119566,20111939,7627
ENSG00000228173,48663305,48660575,2730
ENSG00000214534,71821548,71814045,7503
ENSG00000223611,24313315,24310907,2408
ENSG00000221955,125212864,125082636,130228
ENSG00000272382,43034635,43033716,919
ENSG00000272144,43062441,43061395,1046
ENSG00000285536,48711582,48708327,3255
ENSG00000249199,17375577,17369225,6352
ENSG00000177738,43067419,43014414,53005
ENSG00000279243,65488228,65487241,987
ENSG00000254978,71804640,71800541,4099
ENSG00000232901,10000940,10000647,293
ENSG00000229217,10058287,10057973,314
ENSG00000269982,9962539,9958717,3822
ENSG00000206567,10011209,10006418,4791
ENSG00000145241,67545503,67468762,76741
ENSG00000218792,152706128,152705735,393
ENSG00000170345,75282230,75278826,3404
ENSG00000120279,152724567,152697895,26672
ENSG00000172262,43192021,43065176,126845
ENSG00000225967,32878050,32861254,16796
ENSG00000060688,31296788,31259568,37220
ENSG00000225323,169334,168679,655
ENSG00000231212,62351536,62349941,1595
ENSG00000163705,10108231,10081317,26914
ENSG00000099219,5833117,5765076,68041
ENSG00000197879,1492812,1464186,28626
ENSG00000158786,20150386,20139326,11060
ENSG00000236450,62358140,62357834,306
ENSG00000235834,17587160,17528435,58725
ENSG00000122386,3120517,3112560,7957
ENSG00000254633,97295759,97276566,19193
ENSG00000188158,17735994,17375420,360574
ENSG00000226429,62395678,62395370,308
ENSG00000242375,97197687,97195351,2336
ENSG00000204802,62376836,62374128,2708
ENSG00000090924,39428415,39412669,15746
ENSG00000254876,97297314,97238449,58865
ENSG00000141499,7703502,7686071,17431
ENSG00000223731,24365378,24362761,2617
ENSG00000144554,10101930,10026414,75516
ENSG00000276980,6717742,6716386,1356
ENSG00000279578,48851625,48847766,3859
ENSG00000225705,48852898,48846426,6472
ENSG00000125734,6737603,6729914,7689
ENSG00000233651,62394004,62387171,6833
ENSG00000225071,24429920,24429573,347
ENSG00000227449,62435199,62376161,59038
ENSG00000149782,64269150,64251523,17627
ENSG00000229165,48903891,48902556,1335
ENSG00000235494,97235014,97233201,1813
ENSG00000223766,30608359,30601522,6837
ENSG00000254483,97246184,97238645,7539
ENSG00000177684,49964105,49960249,3856
ENSG00000229447,31263681,31263245,436
ENSG00000159712,97221235,97156570,64665
ENSG00000218305,48927454,48919765,7689
ENSG00000286144,38423933,38416565,7368
ENSG00000234686,49254816,49230137,24679
ENSG00000283285,51917703,51914675,3028
ENSG00000283384,108448316,108335354,112962
ENSG00000273872,10613379,10612455,924
ENSG00000272192,65843331,65842752,579
ENSG00000226153,17705691,17705339,352
ENSG00000270763,49259846,49258493,1353
ENSG00000279104,49762764,49760897,1867
ENSG00000230020,17557387,17552349,5038
ENSG00000276556,10640338,10640028,310
ENSG00000237662,33188292,33187391,901
ENSG00000214642,49969625,49968677,948
ENSG00000119660,75292495,75292131,364
ENSG00000241669,167408519,167392796,15723
ENSG00000277282,10649835,10649400,435
ENSG00000228620,38427336,38424288,3048
ENSG00000105707,35066571,35040506,26065
ENSG00000229306,13016692,12999676,17016
ENSG00000183566,33210462,33193585,16877
ENSG00000136478,64263301,64147227,116074
ENSG00000168135,38455199,38426327,28872
ENSG00000248988,159007835,159007119,716
ENSG00000052795,158908050,158769026,139024
ENSG00000232087,108481817,108480226,1591
ENSG00000224309,13067033,13038160,28873
ENSG00000156398,102743492,102714538,28954
ENSG00000176024,51948759,51927147,21612
ENSG00000280938,1203765,1201029,2736
ENSG00000278845,38323217,38297023,26194
ENSG00000124782,7251980,7107597,144383
ENSG00000232021,108256836,108167525,89311
ENSG00000105671,18929189,18919705,9484
ENSG00000232598,36944675,36940071,4604
ENSG00000175764,122093606,121821928,271678
ENSG00000249669,149432835,149406689,26146
ENSG00000224876,33217067,33214920,2147
ENSG00000230433,525581,524171,1410
ENSG00000140464,74047812,73994673,53139
ENSG00000273505,11183194,11182250,944
ENSG00000100201,38507660,38483438,24222
ENSG00000164123,159038760,158893134,145626
ENSG00000149043,1837521,1828307,9214
ENSG00000198060,92353964,92291167,62797
ENSG00000167470,1259140,1248553,10587
ENSG00000267379,14408723,14402717,6006
ENSG00000269235,51981367,51949134,32233
ENSG00000253564,73216627,73215929,698
ENSG00000275056,4840334,4839244,1090
ENSG00000256683,51986856,51964340,22516
ENSG00000123146,14408725,14380501,28224
ENSG00000234931,83314475,83311628,2847
ENSG00000249367,159026527,159026139,388
ENSG00000274443,73259502,73241329,18173
ENSG00000185527,81663112,81650459,12653
ENSG00000232563,1394448,1394173,275
ENSG00000134115,1404217,1092658,311559
ENSG00000085644,3142805,3129777,13028
ENSG00000237548,121963719,121884636,79083
ENSG00000253659,79314471,79297717,16754
ENSG00000277399,38343847,38325530,18317
ENSG00000225408,5720244,5719021,1223
ENSG00000107036,5776557,5629025,147532
ENSG00000275871,149428289,149425771,2518
ENSG00000283758,35587296,35586161,1135
ENSG00000274474,1303157,1247054,56103
ENSG00000242364,73648807,73648399,408
ENSG00000224910,35601501,35597907,3594
ENSG00000251212,17062165,17061878,287
ENSG00000249998,17073903,16973275,100628
ENSG00000242741,73902866,73808601,94265
ENSG00000184276,71837710,71833200,4510
ENSG00000254213,73278046,73277364,682
ENSG00000267626,35612666,35608285,4381
ENSG00000215068,43045390,43041575,3815
ENSG00000257524,127906022,127867850,38172
ENSG00000219163,53236297,53235621,676
ENSG00000123933,2262109,2247432,14677
ENSG00000066651,126203817,125986479,217338
ENSG00000278487,43143514,43143362,152
ENSG00000131059,33227758,33217310,10448
ENSG00000177721,43043170,43039081,4089
ENSG00000232949,22591622,22589705,1917
ENSG00000136244,22732002,22725884,6118
ENSG00000251131,43024247,43018429,5818
ENSG00000250548,61570653,61556313,14340
ENSG00000227392,35106304,35059059,47245
ENSG00000258989,61657964,61529128,128836
ENSG00000255206,68095081,68082204,12877
ENSG00000046889,68237032,67952046,284986
ENSG00000247287,61322818,61298164,24654
ENSG00000179066,35113664,35090930,22734
ENSG00000258926,61545287,61537508,7779
ENSG00000136146,48095131,48053323,41808
ENSG00000182107,61281840,61277370,4470
ENSG00000176945,195741123,195720884,20239
ENSG00000131016,151358559,151239967,118592
ENSG00000267433,29901869,29901696,173
ENSG00000278895,29917830,29915862,1968
ENSG00000089356,35124324,35115879,8445
ENSG00000267258,29921653,29921182,471
ENSG00000146250,83525704,83512534,13170
ENSG00000263072,3134882,3110460,24422
ENSG00000027075,61550976,61187559,363417
ENSG00000248990,28683469,28679183,4286
ENSG00000253391,79520649,79520145,504
ENSG00000272882,28987498,28986635,863
ENSG00000240540,79572335,79571153,1182
ENSG00000226954,49724506,49718053,6453
ENSG00000249867,29063821,28702615,361206
ENSG00000233033,41522336,41520036,2300
ENSG00000254526,29266734,29159956,106778
ENSG00000250822,17387310,17378906,8404
ENSG00000229822,41748608,41748222,386
ENSG00000239454,74005609,73999805,5804
ENSG00000248455,17441694,17404019,37675
ENSG00000164530,36964837,36948263,16574
ENSG00000237875,41790250,41790192,58
ENSG00000217624,41676494,41675760,734
ENSG00000042813,50121329,49850421,270908
ENSG00000223738,74103553,74101349,2204
ENSG00000130517,18369950,18340598,29352
ENSG00000213452,74136892,74135959,933
ENSG00000171657,41730130,41724181,5949
ENSG00000249662,17486829,17444010,42819
ENSG00000239801,57654918,57628810,26108
ENSG00000174839,57693077,57625454,67623
ENSG00000271559,26229644,26229332,312
ENSG00000255157,71863658,71856277,7381
ENSG00000268799,17491769,17491325,444
ENSG00000206404,31674267,31666915,7352
ENSG00000250667,17495826,17495658,168
ENSG00000227882,26237129,26234213,2916
ENSG00000171659,41697275,41688973,8302
ENSG00000274892,53512616,53512092,524
ENSG00000284373,17498827,17498231,596
ENSG00000213777,53512687,53503392,9295
ENSG00000248205,17502363,17502043,320
ENSG00000215837,195685904,195658096,27808
ENSG00000179428,22727620,22725395,2225
ENSG00000281036,125367734,125325350,42384
ENSG00000283426,195711643,195701618,10025
ENSG00000225336,34834462,34833575,887
ENSG00000105889,22727613,22419444,308169
ENSG00000281609,125377439,125376828,611
ENSG00000277177,54243483,54216894,26589
ENSG00000228286,72251288,72249856,1432
ENSG00000146112,30687895,30676389,11506
ENSG00000249620,17512238,17511833,405
ENSG00000198326,2820284,2816302,3982
ENSG00000242086,195739964,195658062,81902
ENSG00000284439,17518963,17518367,596
ENSG00000280688,626253,614020,12233
ENSG00000241690,2818066,2814968,3098
ENSG00000284283,17522397,17521801,596
ENSG00000258713,2815833,2814987,846
ENSG00000284234,17525831,17525235,596
ENSG00000280978,613884,604294,9590
ENSG00000101670,49599185,49560699,38486
ENSG00000284042,17529265,17528669,596
ENSG00000268193,18934397,18907013,27384
ENSG00000280666,526594,524705,1889
ENSG00000284465,17585758,17585162,596
ENSG00000250088,17587523,17587290,233
ENSG00000188315,49277232,49268596,8636
ENSG00000281861,524332,524112,220
ENSG00000113805,74521140,74262568,258572
ENSG00000119421,122159779,122144058,15721
ENSG00000114204,167479004,167441789,37215
ENSG00000269019,18946831,18940322,6509
ENSG00000283967,17590960,17590364,596
ENSG00000283988,17594394,17593798,596
ENSG00000105669,18919387,18899514,19873
ENSG00000138231,138174949,138161012,13937
ENSG00000100196,38483447,38468078,15369
ENSG00000232759,22573996,22563337,10659
ENSG00000259772,31230838,31221999,8839
ENSG00000255450,29276565,29275655,910
ENSG00000233476,22511999,22510616,1383
ENSG00000147044,41923645,41514934,408711
ENSG00000254530,29594295,29335878,258417
ENSG00000233945,83675439,83672406,3033
ENSG00000228005,50142823,50141540,1283
ENSG00000255281,29393844,29391525,2319
ENSG00000188730,49921950,49773638,148312
ENSG00000255029,29552639,29519076,33563
ENSG00000229111,48079991,48077137,2854
ENSG00000259448,31224445,31216020,8425
ENSG00000255227,29457393,29445487,11906
ENSG00000125730,6730562,6677704,52858
ENSG00000284356,17597828,17597232,596
ENSG00000248422,17598559,17598432,127
ENSG00000249282,17602134,17601882,252
ENSG00000110700,17077715,17074388,3327
ENSG00000281690,33894178,33842143,52035
ENSG00000164500,50159830,50096036,63794
ENSG00000283740,17605377,17604177,1200
ENSG00000105176,30016612,29923644,92968
ENSG00000119328,108950744,108934400,16344
ENSG00000249156,17611583,17610496,1087
ENSG00000285864,72290688,72261731,28957
ENSG00000271296,17615111,17614781,330
ENSG00000279246,61354477,61352244,2233
ENSG00000119535,36483278,36466043,17235
ENSG00000254051,68177221,68176768,453
ENSG00000162129,72434680,72285495,149185
ENSG00000223893,49944440,49942251,2189
ENSG00000259687,75296638,75294404,2234
ENSG00000162144,61362299,61348745,13554
ENSG00000231370,31619942,31602891,17051
ENSG00000276485,28572999,28565258,7741
ENSG00000012660,53349179,53267398,81781
ENSG00000282531,28576845,28576608,237
ENSG00000249115,35625355,35612735,12620
ENSG00000282090,28591020,28586639,4381
ENSG00000241863,30336684,30319108,17576
ENSG00000270226,17012932,17012404,528
ENSG00000281977,11193253,11192332,921
ENSG00000122257,24572863,24537693,35170
ENSG00000282539,11247646,11208476,39170
ENSG00000119326,109013522,108942569,70953
ENSG00000233089,32885767,32883358,2409
ENSG00000234539,32076703,32063716,12987
ENSG00000071655,1592865,1573596,19269
ENSG00000282128,70374969,70312831,62138
ENSG00000273576,39567559,39566915,644
ENSG00000230669,32883975,32879989,3986
ENSG00000282637,45317040,45316960,80
ENSG00000168122,13113790,13095305,18485
ENSG00000171532,39609777,39603536,6241
ENSG00000214727,49758980,49757627,1353
ENSG00000237202,13120807,13120244,563
ENSG00000277484,54753005,54738471,14534
ENSG00000282563,45372057,45371402,655
ENSG00000260657,68277994,68267792,10202
ENSG00000174776,167653983,167478684,175299
ENSG00000169018,68295862,68277745,18117
ENSG00000130513,18389176,18374731,14445
ENSG00000100425,49827512,49773283,54229
ENSG00000250819,17186059,17171757,14302
ENSG00000266959,3568273,3568120,153
ENSG00000279590,3567959,3567278,681
ENSG00000267436,3557569,3544199,13370
ENSG00000215278,17428274,17427696,578
ENSG00000232774,61658696,61570540,88156
ENSG00000242100,29956988,29956369,619
ENSG00000161091,3574290,3538261,36029
ENSG00000214546,39622513,39619613,2900
ENSG00000156599,57701182,57667747,33435
ENSG00000149809,65116384,65111845,4539
ENSG00000280108,13314944,13305152,9792
ENSG00000228140,15409433,15402979,6454
ENSG00000185681,122200088,122159908,40180
ENSG00000217527,53337346,53336943,403
ENSG00000185390,13350648,13349265,1383
ENSG00000282897,113617375,113614589,2786
ENSG00000198585,131388830,131381671,7159
ENSG00000233817,113622634,113619228,3406
ENSG00000183396,48621855,48620759,1096
ENSG00000277753,195739354,195719644,19710
ENSG00000227482,113682855,113650956,31899
ENSG00000214669,113759419,113758994,425
ENSG00000158125,31414742,31334321,80421
ENSG00000175302,13427773,13384249,43524
ENSG00000261167,131458598,131455126,3472
ENSG00000230061,44425272,44414588,10684
ENSG00000151914,56954649,56457987,496662
ENSG00000236688,30341039,30340905,134
ENSG00000227100,30349400,30348767,633
ENSG00000232905,113851632,113850687,945
ENSG00000188536,173710,172876,834
ENSG00000236122,30353765,30352597,1168
ENSG00000278619,36608964,36601583,7381
ENSG00000237034,30408812,30404207,4605
ENSG00000234642,32919085,32918409,676
ENSG00000104435,79666175,79610814,55361
ENSG00000242711,32918836,32883408,35428
ENSG00000224994,30333529,30316275,17254
ENSG00000229737,29577667,29577378,289
ENSG00000235630,29574755,29573828,927
ENSG00000206513,29559832,29555518,4314
ENSG00000281603,195776742,195658062,118680
ENSG00000206519,29582944,29582427,517
ENSG00000142634,15430339,15409888,20451
ENSG00000241022,75085237,75084155,1082
ENSG00000206511,29633080,29555518,77562
ENSG00000213300,75215636,75214631,1005
ENSG00000229349,46207386,46204729,2657
ENSG00000163689,59050084,58717365,332719
ENSG00000278313,72605008,72604399,609
ENSG00000260672,72618250,72615810,2440
ENSG00000161682,44363875,44353215,10660
ENSG00000260144,72612326,72605183,7143
ENSG00000259783,72636919,72608481,28438
ENSG00000223775,30618618,30609932,8686
ENSG00000157657,114056591,113876282,180309
ENSG00000233076,31770071,31766492,3579
ENSG00000274696,54767462,54724453,43009
ENSG00000226541,46438619,46438310,309
ENSG00000136295,2664802,2631986,32816
ENSG00000172348,46491972,46220736,271236
ENSG00000236867,49817712,49817248,464
ENSG00000233323,32066062,31989596,76466
ENSG00000279345,49807208,49805452,1756
ENSG00000169976,144095573,144094881,692
ENSG00000285526,35124297,35106510,17787
ENSG00000279009,1577086,1576939,147
ENSG00000136158,80341126,80335976,5150
ENSG00000267059,1605445,1578339,27106
ENSG00000218965,89423048,89422099,949
ENSG00000219297,144136775,144136450,325
ENSG00000127540,1605473,1597169,8304
ENSG00000227816,32893250,32884481,8769
ENSG00000183397,3544030,3539154,4876
ENSG00000273850,385935,333240,52695
ENSG00000227862,80620067,80619098,969
ENSG00000228868,75339071,75328549,10522
ENSG00000243674,75348787,75347833,954
ENSG00000259910,1160176,1159548,628
ENSG00000179799,75362268,75356437,5831
ENSG00000197253,1230184,1227272,2912
ENSG00000137078,35650950,35649295,1655
ENSG00000103657,63833948,63608618,225330
ENSG00000105325,3538330,3506273,32057
ENSG00000232709,92420875,92418667,2208
ENSG00000277804,848175,840960,7215
ENSG00000274851,54767325,54754976,12349
ENSG00000246174,78175323,78139771,35552
ENSG00000276400,17022570,17021398,1172
ENSG00000244926,43920944,43909292,11652
ENSG00000238104,30610835,30592623,18212
ENSG00000232641,29672153,29656787,15366
ENSG00000274679,46186787,46161526,25261
ENSG00000275720,36634698,36634069,629
ENSG00000188997,78188626,78171249,17377
ENSG00000276508,36685129,36684754,375
ENSG00000275613,36726340,36722583,3757
ENSG00000134852,55546909,55427903,119006
ENSG00000277268,36936661,36861674,74987
ENSG00000226683,80657027,80654755,2272
ENSG00000166199,43920274,43880811,39463
ENSG00000231222,80888867,80888348,519
ENSG00000271367,53350705,53350158,547
ENSG00000223565,83736493,83735506,987
ENSG00000279706,68251656,68250469,1187
ENSG00000233258,83912922,83911654,1268
ENSG00000219863,53355065,53354715,350
ENSG00000260385,112085471,112083549,1922
ENSG00000229246,81044442,81043670,772
ENSG00000149476,61353295,61333210,20085
ENSG00000212769,84081995,84081429,566
ENSG00000218049,53369009,53368670,339
ENSG00000270415,81115295,81114866,429
ENSG00000218261,53378861,53378503,358
ENSG00000170948,8843340,8832398,10942
ENSG00000275624,11266062,11262181,3881
ENSG00000260094,81226983,81225865,1118
ENSG00000254554,10303704,10302657,1047
ENSG00000128272,39522685,39519695,2990
ENSG00000237148,81273170,81272891,279
ENSG00000271338,53382203,53381519,684
ENSG00000229309,81302407,81250438,51969
ENSG00000276005,28602743,28601112,1631
ENSG00000261294,1207124,1206560,564
ENSG00000225806,58888809,58863528,25281
ENSG00000269400,8833541,8833065,476
ENSG00000116176,1225257,1221651,3606
ENSG00000276707,36943456,36940049,3407
ENSG00000165678,84153568,84139509,14059
ENSG00000273706,36944612,36936785,7827
ENSG00000280807,23039673,23036897,2776
ENSG00000253270,19688934,19678572,10362
ENSG00000173535,23117437,23102590,14847
ENSG00000147408,19758029,19404161,353868
ENSG00000270824,21010516,21010494,22
ENSG00000237438,17060825,17036570,24255
ENSG00000164924,100953388,100916523,36865
ENSG00000277010,1224143,1223639,504
ENSG00000262860,34229322,34172447,56875
ENSG00000229520,112106882,112106095,787
ENSG00000196557,1221771,1153106,68665
ENSG00000235342,30687396,30686667,729
ENSG00000224243,112108015,112107119,896
ENSG00000277069,33940223,33938372,1851
ENSG00000051128,18941261,18929201,12060
ENSG00000260102,112201000,112197350,3650
ENSG00000277571,856290,851006,5284
ENSG00000250351,17620939,17620533,406
ENSG00000271373,53418737,53418452,285
ENSG00000237814,31010713,31009891,822
ENSG00000274839,11306692,11303340,3352
ENSG00000132964,26405238,26254104,151134
ENSG00000284948,23103558,23084355,19203
ENSG00000106052,27844564,27739331,105233
ENSG00000284956,23115536,23084403,31133
ENSG00000243492,30256765,30249483,7282
ENSG00000224603,62444634,62444256,378
ENSG00000204801,62476333,62474948,1385
ENSG00000223840,30232162,30228173,3989
ENSG00000232827,62522018,62515191,6827
ENSG00000241701,30315930,30223924,92006
ENSG00000242428,59019093,58824437,194656
ENSG00000228894,30316946,30280607,36339
ENSG00000181143,8981342,8848844,132498
ENSG00000233151,31990111,31986739,3372
ENSG00000151338,37552361,37197913,354448
ENSG00000261606,74831795,74816223,15572
ENSG00000281753,46191252,46187390,3862
ENSG00000121579,113746300,113716458,29842
ENSG00000281289,46221883,46190452,31431
ENSG00000244165,10115372,10111693,3679
ENSG00000277013,33908391,33906352,2039
ENSG00000236308,100190747,100190036,711
ENSG00000213341,100229596,100188300,41296
ENSG00000130811,10119918,10115014,4904
ENSG00000140506,74825758,74812716,13042
ENSG00000256706,1922867,1917951,4916
ENSG00000140044,75474111,75427716,46395
ENSG00000166159,1836753,1820267,16486
ENSG00000226007,62534724,62532337,2387
ENSG00000271933,84140582,84138420,2162
ENSG00000212951,62532853,62532397,456
ENSG00000259460,37100173,37099339,834
ENSG00000204237,81666635,81665036,1599
ENSG00000134138,37101299,36889204,212095
ENSG00000259589,63713758,63675146,38612
ENSG00000219881,69746851,69745871,980
ENSG00000219085,69706160,69705287,873
ENSG00000267444,49651160,49650350,810
ENSG00000216365,70098676,70098390,286
ENSG00000267674,49742063,49739823,2240
ENSG00000185298,81673904,81666737,7167
ENSG00000260613,49837786,49832616,5170
ENSG00000144677,37984469,37861880,122589
ENSG00000168216,69867236,69672757,194479
ENSG00000213693,43899636,43897456,2180
ENSG00000130598,1841680,1838981,2699
ENSG00000239280,113741254,113740823,431
ENSG00000214182,81691072,81689911,1161
ENSG00000269900,35658018,35657751,267
ENSG00000151552,17512206,17460261,51945
ENSG00000282602,35372621,35372174,447
ENSG00000006432,70809534,70722526,87008
ENSG00000237099,82824136,82823131,1005
ENSG00000282041,35377261,35376422,839
ENSG00000259319,75427741,75423683,4058
ENSG00000270400,83145903,83145540,363
ENSG00000226651,31779217,31770035,9182
ENSG00000230551,149504670,149494314,10356
ENSG00000241112,149545810,149545383,427
ENSG00000100292,35394207,35380361,13846
ENSG00000113712,149551552,149492197,59355
ENSG00000255460,75228657,75228322,335
ENSG00000255136,75241173,75208054,33119
ENSG00000261594,75243697,75240905,2792
ENSG00000259407,85750281,85744109,6172
ENSG00000259367,85670948,85619623,51325
ENSG00000259453,85702771,85701109,1662
ENSG00000213578,74831802,74826627,5175
ENSG00000234136,197831296,197830685,611
ENSG00000259981,30097836,30089717,8119
ENSG00000186001,197888436,197791226,97210
ENSG00000170776,85749358,85380571,368787
ENSG00000167986,61342596,61299451,43145
ENSG00000133116,33066143,33016423,49720
ENSG00000178235,83882393,83877205,5188
ENSG00000106927,114078328,114060127,18201
ENSG00000248971,102730171,102728746,1425
ENSG00000285680,83892570,83877891,14679
ENSG00000109323,102760994,102630770,130224
ENSG00000250386,17625959,17625551,408
ENSG00000223440,32648685,32633454,15231
ENSG00000283776,17632684,17632088,596
ENSG00000276668,7699988,7699562,426
ENSG00000230516,32645026,32643103,1923
ENSG00000254951,7905955,7754393,151562
ENSG00000250782,17635053,17634460,593
ENSG00000122728,32635669,32629454,6215
ENSG00000129103,56080670,56064002,16668
ENSG00000087053,95925315,95832882,92433
ENSG00000281919,33956490,33946602,9888
ENSG00000176716,7729684,7726436,3248
ENSG00000238001,32676520,32676063,457
ENSG00000241008,7784407,7783697,710
ENSG00000230867,32727522,32727069,453
ENSG00000227892,7746906,7745990,916
ENSG00000229409,49846090,49845929,161
ENSG00000183378,7706421,7689438,16983
ENSG00000188133,32789201,32783540,5661
ENSG00000279494,49853364,49851425,1939
ENSG00000275137,54442625,54438579,4046
ENSG00000279017,45750651,45749627,1024
ENSG00000275650,54444827,54423352,21475
ENSG00000236796,32869595,32836575,33020
ENSG00000100426,49890080,49853844,36236
ENSG00000231193,32841762,32840598,1164
ENSG00000137135,35675866,35658875,16991
ENSG00000223807,32926450,32926051,399
ENSG00000259179,31420662,31420128,534
ENSG00000169926,31435665,31326835,108830
ENSG00000156603,57712323,57703714,8609
ENSG00000183303,7796973,7795905,1068
ENSG00000225165,95440687,95440044,643
ENSG00000182334,7830840,7824818,6022
ENSG00000153347,95450454,95391344,59110
ENSG00000275612,7699393,7698951,442
ENSG00000270451,21011469,21011451,18
ENSG00000170688,7849626,7848700,926
ENSG00000166408,7773814,7772890,924
ENSG00000248471,17643228,17642962,266
ENSG00000254707,7709517,7705288,4229
ENSG00000282089,21012589,21012559,30
ENSG00000248160,17647944,17647712,232
ENSG00000271758,7882947,7704628,178319
ENSG00000248542,17649643,17649046,597
ENSG00000248337,17654643,17654373,270
ENSG00000274782,54784000,54769765,14235
ENSG00000269466,17655847,17654870,977
ENSG00000156282,30166756,30165564,1192
ENSG00000253964,68293818,68293446,372
ENSG00000256739,72353210,72351347,1863
ENSG00000213365,72281178,72280151,1027
ENSG00000256403,72412079,72410716,1363
ENSG00000259909,72640125,72638821,1304
ENSG00000255843,72302965,72302139,826
ENSG00000269350,17362753,17360932,1821
ENSG00000227342,30211783,30209151,2632
ENSG00000255672,72363555,72354516,9039
ENSG00000130300,17377342,17351450,25892
ENSG00000144550,9729908,9703826,26082
ENSG00000271824,136193134,136191468,1666
ENSG00000064961,3579088,3572777,6311
ENSG00000282384,35808897,35808489,408
ENSG00000267679,78159135,78157403,1732
ENSG00000130810,10112012,10106362,5650
ENSG00000187997,78166177,78146353,19824
ENSG00000254123,82160577,82098451,62126
ENSG00000134851,55453397,55395957,57440
ENSG00000206228,82292379,82291624,755
ENSG00000225092,7185287,7183083,2204
ENSG00000253503,82677153,82514568,162585
ENSG00000282673,11351848,11348080,3768
ENSG00000254394,82961926,82912104,49822
ENSG00000259122,26970385,26964917,5468
ENSG00000165887,97583884,97572499,11385
ENSG00000253836,82958696,82862779,95917
ENSG00000253581,82979886,82979411,475
ENSG00000254189,83100846,83099976,870
ENSG00000073598,35130732,35121615,9117
ENSG00000070748,49665104,49609095,56009
ENSG00000282268,21015078,21015048,30
ENSG00000270185,21017816,21017800,16
ENSG00000273688,54790272,54786274,3998
ENSG00000261426,27366398,27362310,4088
ENSG00000214254,27208635,27208089,546
ENSG00000159884,35661511,35658290,3221
ENSG00000182256,27541984,26971181,570803
ENSG00000248180,87208086,87207092,994
ENSG00000228448,31024900,31024520,380
ENSG00000248196,87167734,87166844,890
ENSG00000257232,31029672,31019512,10160
ENSG00000145332,87240314,87160103,80211
ENSG00000073536,35142304,35128730,13574
ENSG00000273203,17070675,17067821,2854
ENSG00000273442,17081456,17080701,755
ENSG00000166946,43197177,43185118,12059
ENSG00000177663,17115694,17084954,30740
ENSG00000248211,136222159,136214048,8111
ENSG00000243207,10114780,10106223,8557
ENSG00000069018,136365545,136213320,152225
ENSG00000230655,75371342,75370448,894
ENSG00000236191,68525906,68525517,389
ENSG00000267634,44365751,44365014,737
ENSG00000248801,68331491,68303468,28023
ENSG00000215790,1745999,1724838,21161
ENSG00000261030,13094573,13093660,913
ENSG00000165084,68819023,68330955,488068
ENSG00000235385,13303452,13266048,37404
ENSG00000258739,92422735,92420860,1875
ENSG00000231216,13319933,13310652,9281
ENSG00000140557,92468728,92393881,74847
ENSG00000236242,109201483,109163902,37581
ENSG00000167315,49813953,49782164,31789
ENSG00000123594,13320399,13318236,2163
ENSG00000041515,109208005,108596152,611853
ENSG00000259168,27541991,27483035,58956
ENSG00000258970,27420735,27418796,1939
ENSG00000228740,27161319,27157615,3704
ENSG00000162300,65088398,65084210,4188
ENSG00000206172,177522,176680,842
ENSG00000258624,27340804,27340524,280
ENSG00000268575,1737688,1702736,34952
ENSG00000259152,27428338,27422381,5957
ENSG00000227775,1737251,1724512,12739
ENSG00000260343,112321758,112313467,8291
ENSG00000274935,54534404,54525581,8823
ENSG00000223626,112331225,112322567,8658
ENSG00000187051,39532761,39529093,3668
ENSG00000203942,97590934,97589727,1207
ENSG00000008128,1724357,1702379,21978
ENSG00000241935,97612802,97584323,28479
ENSG00000226930,13489176,13443373,45803
ENSG00000135604,144188370,144150526,37844
ENSG00000219280,13477263,13476371,892
ENSG00000217027,144200965,144200447,518
ENSG00000107159,35681159,35673918,7241
ENSG00000234336,28243917,28180322,63595
ENSG00000216475,144257624,144257034,590
ENSG00000153814,28180795,27830573,350222
ENSG00000162438,15449242,15438439,10803
ENSG00000267231,3558486,3558015,471
ENSG00000183307,17121367,17116299,5068
ENSG00000153498,112434689,112376355,58334
ENSG00000215158,34244796,34164698,80098
ENSG00000235328,17093939,17093612,327
ENSG00000155252,97676434,97640686,35748
ENSG00000259698,21020851,21019388,1463
ENSG00000263114,101235053,101234318,735
ENSG00000215156,34193653,34190056,3597
ENSG00000215478,23387731,23359603,28128
ENSG00000215049,30296735,30296147,588
ENSG00000227506,31068453,31062263,6190
ENSG00000102781,30307551,30202630,104921
ENSG00000254501,65111695,65110714,981
ENSG00000277783,79464999,79464740,259
ENSG00000121766,31364953,31296982,67971
ENSG00000274832,17669518,17669283,235
ENSG00000274955,54814525,54803541,10984
ENSG00000250715,17670571,17670168,403
ENSG00000149823,65111862,65089324,22538
ENSG00000213228,60435996,60433678,2318
ENSG00000131389,14489349,14402576,86773
ENSG00000086506,181179,180459,720
ENSG00000249380,34373850,34373028,822
ENSG00000271874,34651888,34651457,431
ENSG00000244699,75391810,75384059,7751
ENSG00000240665,75395320,75395188,132
ENSG00000242953,75395536,75395404,132
ENSG00000248409,23394792,23392553,2239
ENSG00000133519,23402726,23390606,12120
ENSG00000275282,69313854,69313353,501
ENSG00000148926,10307397,10305073,2324
ENSG00000215037,83907781,83907301,480
ENSG00000277868,69332741,69281282,51459
ENSG00000272040,75609983,75608817,1166
ENSG00000229893,27740395,27733064,7331
ENSG00000224188,84020762,84020327,435
ENSG00000264193,25953468,25953216,252
ENSG00000268836,186294,185748,546
ENSG00000248846,66209447,66206212,3235
ENSG00000249967,97673910,97584374,89536
ENSG00000238278,75422143,75415070,7073
ENSG00000285742,84069408,84063106,6302
ENSG00000251391,66322944,66298468,24476
ENSG00000244026,75435110,75421552,13558
ENSG00000171160,97633500,97614553,18947
ENSG00000228597,84521568,84520103,1465
ENSG00000286062,66440356,66350148,90208
ENSG00000119912,92574076,92451684,122392
ENSG00000241973,20859417,20707691,151726
ENSG00000234928,23435071,23433564,1507
ENSG00000274045,54446275,54445939,336
ENSG00000267511,50064440,50063795,645
ENSG00000266997,49837623,49795793,41830
ENSG00000204469,31637771,31620720,17051
ENSG00000080608,2844095,2720469,123626
ENSG00000227317,31712785,31709206,3579
ENSG00000267591,50099162,50098742,420
ENSG00000167306,50195147,49822789,372358
ENSG00000235592,13329867,13327937,1930
ENSG00000204179,47002488,46911396,91092
ENSG00000109471,122456725,122451470,5255
ENSG00000234742,197850954,197850400,554
ENSG00000082213,31555053,31532287,22766
ENSG00000067992,24550466,24465221,85245
ENSG00000274837,19932500,19932130,370
ENSG00000260403,1157974,1156976,998
ENSG00000237997,19987852,19986575,1277
ENSG00000232522,20012204,20001185,11019
ENSG00000228764,20396796,20390051,6745
ENSG00000259153,70815403,70810205,5198
ENSG00000270117,65498405,65498010,395
ENSG00000197582,13379340,13378735,605
ENSG00000251562,65506516,65497688,8828
ENSG00000226985,13403019,13334776,68243
ENSG00000156284,30216073,30214006,2067
ENSG00000082293,70212468,69866556,345912
ENSG00000132953,20903048,20777329,125719
ENSG00000187066,65089375,65084979,4396
ENSG00000225697,48635493,48625723,9770
ENSG00000251148,2319089,2295584,23505
ENSG00000215186,72666394,72654738,11656
ENSG00000249077,2325082,2324467,615
ENSG00000275630,70823984,70822004,1980
ENSG00000227132,31113948,31089020,24928
ENSG00000159733,2418663,2269582,149081
ENSG00000258431,70859429,70858844,585
ENSG00000274818,70907111,70906657,454
ENSG00000168263,2730037,2717510,12527
ENSG00000279584,131797929,131797415,514
ENSG00000225629,31138413,31131982,6431
ENSG00000234124,70085290,70067386,17904
ENSG00000227145,122689156,122618983,70173
ENSG00000198520,44725591,44674692,50899
ENSG00000275797,54447473,54446594,879
ENSG00000227755,23460833,23446598,14235
ENSG00000138684,122621069,122610108,10961
ENSG00000261659,692554,689001,3553
ENSG00000127585,705808,692498,13310
ENSG00000236466,46532758,46492052,40706
ENSG00000229938,109101919,109101261,658
ENSG00000227066,20160568,20154338,6230
ENSG00000225267,30263881,30263380,501
ENSG00000187980,20177424,20161253,16171
ENSG00000188694,30282958,30281309,1649
ENSG00000259025,21054702,21053004,1698
ENSG00000262217,101216388,101161669,54719
ENSG00000225986,20186486,20184242,2244
ENSG00000146233,46652830,46549580,103250
ENSG00000162543,20196050,20186096,9954
ENSG00000227911,33335277,33333679,1598
ENSG00000144596,14556075,14489107,66968
ENSG00000230300,33164409,33158587,5822
ENSG00000131238,40097727,40071461,26266
ENSG00000285621,33349619,33335497,14122
ENSG00000236581,33281584,33180401,101183
ENSG00000146469,152759765,152750797,8968
ENSG00000167741,4560818,4556927,3891
ENSG00000127580,690444,684622,5822
ENSG00000258771,21081447,21080812,635
ENSG00000129534,45253540,45203190,50350
ENSG00000276379,54820397,54816496,3901
ENSG00000197815,17860041,17858227,1814
ENSG00000260986,21130095,21127698,2397
ENSG00000279595,21152970,21148334,4636
ENSG00000258684,21167357,21160305,7052
ENSG00000133121,33350630,33103137,247493
ENSG00000175662,17972422,17843511,128911
ENSG00000280784,166229554,166229334,220
ENSG00000263050,2044968,2043475,1493
ENSG00000278726,54867235,54850439,16796
ENSG00000229236,20575491,20465668,109823
ENSG00000175202,72686149,72675782,10367
ENSG00000277438,20570519,20570222,297
ENSG00000214124,24513687,24513450,237
ENSG00000261281,72682904,72682266,638
ENSG00000285771,7261993,7258910,3083
ENSG00000258594,27629289,27621534,7755
ENSG00000232263,30289514,30289145,369
ENSG00000198759,13633575,13569601,63974
ENSG00000275346,69334181,69333861,320
ENSG00000197683,30320316,30319124,1192
ENSG00000214027,15935315,15934782,533
ENSG00000181472,151391559,151364115,27444
ENSG00000232947,15999797,15994944,4853
ENSG00000099940,20891214,20859007,32207
ENSG00000257704,47275707,47274453,1254
ENSG00000228105,20244655,20243095,1560
ENSG00000267322,49851059,49814023,37036
ENSG00000270526,65514923,65514403,520
ENSG00000185651,21624034,21549447,74587
ENSG00000284710,20275005,20272018,2987
ENSG00000267196,49970957,49969721,1236
ENSG00000229044,31346799,31333067,13732
ENSG00000064652,123029354,122843439,185915
ENSG00000226248,31721936,31712749,9187
ENSG00000233357,13575066,13574746,320
ENSG00000072422,61001440,60869438,132002
ENSG00000143947,55235853,55231903,3950
ENSG00000224207,102734612,102734358,254
ENSG00000251288,102752641,102751401,1240
ENSG00000106591,42948958,42932376,16582
ENSG00000241981,102663073,102662611,462
ENSG00000175489,18397622,18391137,6485
ENSG00000230069,102730721,102727274,3447
ENSG00000272600,20891214,20889206,2008
ENSG00000285972,84172093,84167228,4865
ENSG00000099937,20787720,20774113,13607
ENSG00000183246,21551461,21545357,6104
ENSG00000188373,84185294,84173801,11493
ENSG00000231704,6093085,6081103,11982
ENSG00000274212,16041614,16041381,233
ENSG00000217585,16108593,16107622,971
ENSG00000131668,93955355,93951627,3728
ENSG00000254469,71928654,71865509,63145
ENSG00000137409,36986298,36968141,18157
ENSG00000285080,43185779,43106225,79554
ENSG00000232447,84523915,84521725,2190
ENSG00000250313,66511604,66507544,4060
ENSG00000240808,17138265,17137976,289
ENSG00000166947,43221125,43197227,23898
ENSG00000213779,17194308,17193489,819
ENSG00000234838,66572546,66572057,489
ENSG00000011405,17207983,17077730,130253
ENSG00000233349,84563236,84562364,872
ENSG00000226370,85078920,85065087,13833
ENSG00000143921,43882988,43831942,51046
ENSG00000047634,17754988,17737449,17539
ENSG00000164398,132012243,131949973,62270
ENSG00000226317,85544570,85363601,180969
ENSG00000174197,41773081,41621224,151857
ENSG00000273741,79449137,79448129,1008
ENSG00000285834,85783203,85693937,89266
ENSG00000187714,49612720,49610310,2410
ENSG00000225929,50738139,50735825,2314
ENSG00000277600,54156165,54138190,17975
ENSG00000235601,93959140,93955597,3543
ENSG00000275902,81697714,81697025,689
ENSG00000256358,64308690,64308316,374
ENSG00000262049,81703300,81701324,1976
ENSG00000280765,166256947,166236969,19978
ENSG00000214087,81683924,81681174,2750
ENSG00000228321,31617784,31615015,2769
ENSG00000064666,1039068,1026586,12482
ENSG00000100297,35425431,35400134,25297
ENSG00000280557,166240493,166240290,203
ENSG00000187533,70176799,70133616,43183
ENSG00000228915,71894433,71893410,1023
ENSG00000225805,71884561,71878453,6108
ENSG00000262333,2307715,2306761,954
ENSG00000131069,34927962,34872146,55816
ENSG00000263345,2379306,2375061,4245
ENSG00000164776,56092996,56080283,12713
ENSG00000254593,71904081,71903194,887
ENSG00000277742,54790318,54786355,3963
ENSG00000167720,2325260,2303383,21877
ENSG00000275288,54830737,54816438,14299
ENSG00000245067,57205510,57109762,95748
ENSG00000130559,135907546,135808487,99059
ENSG00000145730,103031105,102753981,277124
ENSG00000250384,57073132,57072683,449
ENSG00000138075,43838865,43812472,26393
ENSG00000163029,17800242,17663812,136430
ENSG00000149483,61369509,61362344,7165
ENSG00000132622,3753111,3732685,20426
ENSG00000131771,39636626,39626740,9886
ENSG00000047315,57031158,56977722,53436
ENSG00000185359,81703138,81683326,19812
ENSG00000227799,55225908,55224280,1628
ENSG00000162994,55232563,55172547,60016
ENSG00000250947,136316100,136303757,12343
ENSG00000259170,92471546,92470233,1313
ENSG00000253423,83202431,83200952,1479
ENSG00000274116,83294271,83293925,346
ENSG00000183643,92501117,92471654,29463
ENSG00000253898,83408900,83403758,5142
ENSG00000278755,54784135,54769814,14321
ENSG00000254202,84140283,83912713,227570
ENSG00000168938,123036741,123023250,13491
ENSG00000254195,84162471,84162118,353
ENSG00000259276,85627689,85621264,6425
ENSG00000253362,84164564,84163449,1115
ENSG00000259375,85580178,85579046,1132
ENSG00000259630,85415633,85415228,405
ENSG00000259544,85727227,85726115,1112
ENSG00000239253,34021895,34021659,236
ENSG00000136930,124415444,124353465,61979
ENSG00000235223,30457570,30456041,1529
ENSG00000270702,41718672,41718370,302
ENSG00000260814,41772732,41770756,1976
ENSG00000236958,54869122,54864674,4448
ENSG00000236457,2216015,2215482,533
ENSG00000224510,48134534,48134358,176
ENSG00000005961,44389505,44372180,17325
ENSG00000236838,2214414,2213697,717
ENSG00000225084,2233610,2232680,930
ENSG00000282669,143057816,143057059,757
ENSG00000278812,143059942,143039209,20733
ENSG00000249996,123054667,123036271,18396
ENSG00000167721,2337507,2322503,15004
ENSG00000206107,30337694,30337013,681
ENSG00000147872,19149290,19108375,40915
ENSG00000186980,30348609,30348399,210
ENSG00000250973,30356885,30356515,370
ENSG00000106636,44214294,44200968,13326
ENSG00000182816,30372257,30371391,866
ENSG00000150275,55627942,53802771,1825171
ENSG00000198390,30396822,30396074,748
ENSG00000240432,30425968,30425265,703
ENSG00000275938,54848078,54832765,15313
ENSG00000206512,29588957,29587374,1583
ENSG00000186971,30431026,30430230,796
ENSG00000273522,54767371,54755023,12348
ENSG00000255117,29630664,29594918,35746
ENSG00000223693,30459758,30458389,1369
ENSG00000261371,64413776,64319415,94361
ENSG00000229038,30476096,30475446,650
ENSG00000233640,30436964,30436466,498
ENSG00000275699,54814517,54803535,10982
ENSG00000189045,75671846,75611459,60387
ENSG00000249987,34023427,34022656,771
ENSG00000255047,29669628,29668886,742
ENSG00000254734,29881714,29713909,167805
ENSG00000240554,29726565,29725764,801
ENSG00000241933,57696596,57693205,3391
ENSG00000119541,63422483,63389190,33293
ENSG00000261340,29982392,29980113,2279
ENSG00000203327,55216126,55214387,1739
ENSG00000182255,30017030,30009730,7300
ENSG00000156127,75547015,75522425,24590
ENSG00000267006,30029916,30028741,1175
ENSG00000254532,30084343,30044058,40285
ENSG00000267692,30037411,30037285,126
ENSG00000280333,2072956,2072823,133
ENSG00000255288,30167306,30167163,143
ENSG00000262810,2101560,2089681,11879
ENSG00000266910,30038181,30037423,758
ENSG00000279340,2122508,2122342,166
ENSG00000253468,98413784,98412882,902
ENSG00000224893,152875989,152794496,81493
ENSG00000253911,98606340,98603253,3087
ENSG00000141258,2381058,2337498,43560
ENSG00000240870,98782628,98782055,573
ENSG00000254112,98633865,98633547,318
ENSG00000279240,136397042,136376348,20694
ENSG00000254312,98906517,98906260,257
ENSG00000067182,6342114,6328757,13357
ENSG00000248351,136381511,136381268,243
ENSG00000278914,98391514,98391401,113
ENSG00000198597,30713538,30228290,485248
ENSG00000253415,98905671,98904603,1068
ENSG00000213568,136429854,136428892,962
ENSG00000272321,98439290,98436669,2621
ENSG00000249803,136520298,136466677,53621
ENSG00000156486,98432848,98427022,5826
ENSG00000250284,136763409,136734927,28482
ENSG00000093217,38421348,38346760,74588
ENSG00000137842,43185144,43123279,61865
ENSG00000226664,20323187,20294211,28976
ENSG00000248616,136858342,136857628,714
ENSG00000158816,20354894,20290919,63975
ENSG00000152377,137598379,136975298,623081
ENSG00000104375,98942827,98371228,571599
ENSG00000186118,46673594,46668855,4739
ENSG00000228896,31962405,31951734,10671
ENSG00000280061,30558058,30553956,4102
ENSG00000267760,30668647,30665274,3373
ENSG00000267223,30228715,30219666,9049
ENSG00000131808,30235261,30231016,4245
ENSG00000276959,54160192,54156123,4069
ENSG00000258647,92572042,92567818,4224
ENSG00000233647,46666375,46665910,465
ENSG00000227492,100234000,100229667,4333
ENSG00000123472,46673867,46632737,41130
ENSG00000230224,100249095,100248271,824
ENSG00000262921,4571760,4565752,6008
ENSG00000258676,92600545,92580829,19716
ENSG00000262519,4572515,4572206,309
ENSG00000095485,100267680,100232298,35382
ENSG00000260337,92596462,92592574,3888
ENSG00000224708,31701215,31699739,1476
ENSG00000233941,106359717,106358566,1151
ENSG00000276571,19694428,19694035,393
ENSG00000007944,16148248,16129086,19162
ENSG00000103544,19706793,19555240,151553
ENSG00000140600,83618743,83447228,171515
ENSG00000240008,31698004,31694294,3710
ENSG00000254212,84864907,84864668,239
ENSG00000248978,84829479,84828573,906
ENSG00000184672,84921844,84182787,739057
ENSG00000217372,152899280,152898047,1233
ENSG00000220745,152959605,152959359,246
ENSG00000226603,31705325,31694313,11012
ENSG00000227244,61026420,61016275,10145
ENSG00000258883,21260147,21250180,9967
ENSG00000272298,92724277,92699040,25237
ENSG00000275965,92634665,92634305,360
ENSG00000280898,166277068,166275457,1611
ENSG00000274215,92809057,92808451,606
ENSG00000258562,92763750,92762757,993
ENSG00000281982,45397477,45396932,545
ENSG00000184564,85806683,85792787,13896
ENSG00000218073,16161411,16160926,485
ENSG00000149639,36863538,36777447,86091
ENSG00000258741,92734195,92715710,18485
ENSG00000262139,101128641,101111599,17042
ENSG00000196932,61453450,61406643,46807
ENSG00000217078,16163762,16163377,385
ENSG00000276907,45434423,45393902,40521
ENSG00000267430,63416469,63415317,1152
ENSG00000236463,30319903,30316360,3543
ENSG00000258527,92796439,92795647,792
ENSG00000186970,30440945,30440275,670
ENSG00000260361,92781492,92779757,1735
ENSG00000253954,92712110,92711808,302
ENSG00000107611,17129817,16823966,305851
ENSG00000185442,92809884,92617448,192436
ENSG00000188176,4608319,4583999,24320
ENSG00000223858,29680888,29672173,8715
ENSG00000282155,80418,77038,3380
ENSG00000278580,85837532,85837126,406
ENSG00000131236,40072649,40040233,32416
ENSG00000228241,85969533,85968999,534
ENSG00000281993,95683,70972,24711
ENSG00000237161,21295201,21293653,1548
ENSG00000247765,21325241,21298233,27008
ENSG00000282226,149167,135676,13491
ENSG00000205871,43116493,43115702,791
ENSG00000237233,61481956,61452639,29317
ENSG00000260928,43131686,43131008,678
ENSG00000104613,19852083,19817391,34692
ENSG00000285117,43206481,43179793,26688
ENSG00000261687,43185141,43184079,1062
ENSG00000280881,21343881,21328380,15501
ENSG00000237437,32947222,32945996,1226
ENSG00000280703,21343958,21342171,1787
ENSG00000279000,7931268,7924592,6676
ENSG00000227873,17769398,17769005,393
ENSG00000258415,21345085,21344548,537
ENSG00000249650,612210,602620,9590
ENSG00000184351,30480344,30479699,645
ENSG00000186965,30487436,30487043,393
ENSG00000137404,30691420,30688047,3373
ENSG00000216364,16172031,16171606,425
ENSG00000131831,17861337,17800049,61288
ENSG00000275428,31208427,31111652,96775
ENSG00000170683,7941708,7937171,4537
ENSG00000223768,45297806,45288050,9756
ENSG00000236926,29708299,29707877,422
ENSG00000161179,21630064,21628089,1975
ENSG00000112029,152983579,152970519,13060
ENSG00000281725,23126101,23087871,38230
ENSG00000277386,33336716,33336216,500
ENSG00000204655,29672372,29657002,15370
ENSG00000279753,1039064,1038727,337
ENSG00000240484,92719740,92719393,347
ENSG00000259696,31454139,31453201,938
ENSG00000259064,92627414,92627073,341
ENSG00000282623,79434606,79434072,534
ENSG00000271763,92620015,92602910,17105
ENSG00000273605,79385673,79384784,889
ENSG00000152219,30338223,30323104,15119
ENSG00000280484,404559,385960,18599
ENSG00000258922,92808567,92805770,2797
ENSG00000285929,26496120,26488952,7168
ENSG00000268531,21370621,21368459,2162
ENSG00000278697,79354713,79354443,270
ENSG00000274619,863666,859680,3986
ENSG00000286262,45302964,45299929,3035
ENSG00000184274,45305257,45300245,5012
ENSG00000282075,155171,149303,5868
ENSG00000249937,17955857,17684584,271273
ENSG00000280769,420960,418137,2823
ENSG00000183111,149634968,149551947,83021
ENSG00000280877,523082,522755,327
ENSG00000242993,95963624,95963219,405
ENSG00000281050,544332,544216,116
ENSG00000242353,30368646,30368148,498
ENSG00000258712,21373881,21372793,1088
ENSG00000267081,30872507,30850975,21532
ENSG00000258767,21382842,21382383,459
ENSG00000229382,45338665,45336707,1958
ENSG00000258848,21384064,21383821,243
ENSG00000237664,45341990,45338590,3400
ENSG00000261316,30909155,30907199,1956
ENSG00000281767,168277,165082,3195
ENSG00000267378,30957192,30946582,10610
ENSG00000148600,84219621,84194537,25084
ENSG00000228930,45376382,45376191,191
ENSG00000284430,31147981,31100304,47677
ENSG00000228355,45379635,45378201,1434
ENSG00000242973,46688165,46670444,17721
ENSG00000277018,93348356,93347191,1165
ENSG00000273796,45404369,45403809,560
ENSG00000184384,96343195,95976598,366597
ENSG00000279923,31559875,31558573,1302
ENSG00000278875,31366098,31364297,1801
ENSG00000271781,676616,675826,790
ENSG00000267777,31207663,31167516,40147
ENSG00000261863,4617650,4610449,7201
ENSG00000112877,667168,612340,54828
ENSG00000121297,31349547,31149979,199568
ENSG00000153291,46678190,46652915,25275
ENSG00000276416,93707876,93333219,374657
ENSG00000137198,16295549,16238580,56969
ENSG00000285921,96137827,96092374,45453
ENSG00000276467,17900333,17897711,2622
ENSG00000227627,152990541,152983331,7210
ENSG00000225066,17934823,17933349,1474
ENSG00000169918,31870789,31475398,395391
ENSG00000267662,31417794,31348881,68913
ENSG00000112031,153002709,152987362,15347
ENSG00000225882,18104644,17970197,134447
ENSG00000253137,84679842,84678798,1044
ENSG00000206403,31693655,31677180,16475
ENSG00000239225,9911962,9910798,1164
ENSG00000236766,30703043,30692927,10116
ENSG00000244226,65688468,65687301,1167
ENSG00000281959,106369528,106369091,437
ENSG00000224587,30707748,30689666,18082
ENSG00000249581,17527104,17515165,11939
ENSG00000171368,693352,659862,33490
ENSG00000282492,142840629,142839736,893
ENSG00000282024,16264553,16259101,5452
ENSG00000151276,66038834,65353525,685309
ENSG00000160209,43762307,43719094,43213
ENSG00000278082,106374420,106373990,430
ENSG00000161180,21637329,21632716,4613
ENSG00000234950,9959423,9951553,7870
ENSG00000249488,17552752,17552117,635
ENSG00000259358,31768201,31765743,2458
ENSG00000236718,10035299,9954532,80767
ENSG00000277500,31787734,31787494,240
ENSG00000281421,168820656,168820423,233
ENSG00000131462,42615238,42609683,5555
ENSG00000281625,169725854,169725091,763
ENSG00000163453,57110385,57030773,79612
ENSG00000282595,106381287,106380821,466
ENSG00000232252,86170890,86060813,110077
ENSG00000100767,73274640,73237497,37143
ENSG00000281410,169738992,169725504,13488
ENSG00000283371,86266926,86266842,84
ENSG00000282253,142847317,142847306,11
ENSG00000282150,106384925,106384472,453
ENSG00000233801,31951746,31944741,7005
ENSG00000277914,86277262,86275493,1769
ENSG00000282078,142848020,142847973,47
ENSG00000282552,106392345,106392066,279
ENSG00000184423,1596245,1595777,468
ENSG00000132970,26688948,26557703,131245
ENSG00000281349,179318,178225,1093
ENSG00000277317,54752764,54738506,14258
ENSG00000170549,3601403,3595832,5571
ENSG00000280242,2256157,2255719,438
ENSG00000274758,2366791,2366589,202
ENSG00000282391,31246958,31246713,245
ENSG00000275084,2329237,2329016,221
ENSG00000274311,54258245,54251046,7199
ENSG00000279040,2101667,2101542,125
ENSG00000281788,197485,186240,11245
ENSG00000281429,199037,196274,2763
ENSG00000070366,2303785,2059839,243946
ENSG00000213672,48686364,48673844,12520
ENSG00000250192,57156452,57154577,1875
ENSG00000276838,1754189,1741760,12429
ENSG00000144645,32077580,31657890,419690
ENSG00000101138,56406369,56392371,13998
ENSG00000259603,3600188,3596211,3977
ENSG00000278522,21440451,21408243,32208
ENSG00000282115,35861566,35861093,473
ENSG00000282202,35830293,35816717,13576
ENSG00000161103,18861049,18846811,14238
ENSG00000276986,35868891,35854946,13945
ENSG00000178295,17788946,17753858,35088
ENSG00000280183,42599177,42598643,534
ENSG00000215544,18858640,18855621,3019
ENSG00000285935,26698804,26685640,13164
ENSG00000237001,26641364,26606544,34820
ENSG00000141699,42610623,42579513,31110
ENSG00000281989,142848157,142848110,47
ENSG00000282526,106394227,106393788,439
ENSG00000011485,46392981,46346994,45987
ENSG00000276491,106398826,106398342,484
ENSG00000146070,46735693,46704201,31492
ENSG00000234031,26577675,26576886,789
ENSG00000282500,142848772,142848723,49
ENSG00000282123,106402414,106401981,433
ENSG00000282273,142849368,142849318,50
ENSG00000282104,106414539,106414071,468
ENSG00000243643,10038375,10036195,2180
ENSG00000282215,142849640,142849591,49
ENSG00000235183,49795669,49795343,326
ENSG00000262837,49836454,49834239,2215
ENSG00000281986,106417912,106417455,457
ENSG00000250751,49720060,49708334,11726
ENSG00000225685,10069151,10066554,2597
ENSG00000121073,49709014,49700934,8080
ENSG00000281973,106421795,106421357,438
ENSG00000248962,4013649,4012708,941
ENSG00000281957,142850133,142850081,52
ENSG00000282425,106435702,106435173,529
ENSG00000106852,122229626,122202577,27049
ENSG00000249994,4041764,4033713,8051
ENSG00000172785,179147,121038,58109
ENSG00000279987,18884682,18883502,1180
ENSG00000276095,18894407,18873543,20864
ENSG00000281276,23991428,23987324,4104
ENSG00000286190,5501145,5499439,1706
ENSG00000278478,10070409,10070131,278
ENSG00000281981,142854461,142852787,1674
ENSG00000282576,106442759,106442706,53
ENSG00000259087,37567095,37556158,10937
ENSG00000250921,4143648,4135682,7966
ENSG00000221914,26372680,26291508,81172
ENSG00000091592,5619424,5499427,119997
ENSG00000258414,37579125,37564047,15078
ENSG00000231411,10172725,10171590,1135
ENSG00000281748,24005163,23998411,6752
ENSG00000282388,31254870,31254265,605
ENSG00000235478,17132104,17121586,10518
ENSG00000282579,106446899,106446390,509
ENSG00000282329,31256718,31256634,84
ENSG00000260763,4440259,4436850,3409
ENSG00000276930,54736536,54724479,12057
ENSG00000282488,142857507,142857458,49
ENSG00000226061,10174207,10173853,354
ENSG00000281396,93335057,93334528,529
ENSG00000231291,4516776,4512262,4514
ENSG00000129514,37596059,37589552,6507
ENSG00000248311,4805769,4775476,30293
ENSG00000249521,4774865,4773481,1384
ENSG00000063761,77935014,77800109,134905
ENSG00000254963,75265170,75264289,881
ENSG00000131067,34872856,34844720,28136
ENSG00000279117,75262466,75260129,2337
ENSG00000251371,4648254,4640731,7523
ENSG00000254429,75261025,75260127,898
ENSG00000248973,4866257,4451930,414327
ENSG00000206493,30483708,30478970,4738
ENSG00000258696,38004847,38003113,1734
ENSG00000137486,75351705,75260122,91583
ENSG00000180113,46704319,46687875,16444
ENSG00000267980,4364640,4363789,851
ENSG00000282194,106450244,106450046,198
ENSG00000141985,4400547,4360370,40177
ENSG00000139865,38041442,37595847,445595
ENSG00000276681,54469943,54456812,13131
ENSG00000276613,195791872,195747140,44732
ENSG00000282272,142857703,142857653,50
ENSG00000282533,106461236,106461096,140
ENSG00000237447,10192298,10190377,1921
ENSG00000282292,106465688,106465631,57
ENSG00000225840,10199103,10197256,1847
ENSG00000282783,106468265,106467814,451
ENSG00000282589,142857835,142857790,45
ENSG00000244025,30491985,30491464,521
ENSG00000280929,24009893,24008537,1356
ENSG00000273858,11042943,11042722,221
ENSG00000281971,106485736,106484773,963
ENSG00000282180,106488239,106487939,300
ENSG00000182261,7965426,7957537,7889
ENSG00000273693,11086061,11085476,585
ENSG00000282371,142857988,142857940,48
ENSG00000135047,87731469,87726109,5360
ENSG00000276636,24028697,24024565,4132
ENSG00000272463,711405,708592,2813
ENSG00000271365,11107263,11107065,198
ENSG00000186967,30497133,30496824,309
ENSG00000214074,1730474,1730070,404
ENSG00000282151,106495481,106494944,537
ENSG00000186977,30502117,30501657,460
ENSG00000271309,11107596,11107389,207
ENSG00000237841,30510497,30510307,190
ENSG00000235312,30514799,30514613,186
ENSG00000271727,750729,711533,39196
ENSG00000218125,30526701,30526546,155
ENSG00000236612,30537381,30537278,103
ENSG00000106771,109119947,109015135,104812
ENSG00000066135,43705518,43650149,55369
ENSG00000223965,31796175,31794470,1705
ENSG00000251590,32066611,32063974,2637
ENSG00000197385,31991628,31981771,9857
ENSG00000235670,32030678,32030196,482
ENSG00000238121,30377145,30340270,36875
ENSG00000232490,31721652,31704058,17594
ENSG00000224053,29583126,29582609,517
ENSG00000225305,29577850,29577561,289
ENSG00000282683,143066603,143065916,687
ENSG00000224319,29589138,29587555,1583
ENSG00000282693,143088278,143085735,2543
ENSG00000186008,34093310,34092561,749
ENSG00000229469,29574937,29574010,927
ENSG00000108639,78173527,78168558,4969
ENSG00000008300,48662886,48636463,26423
ENSG00000183628,18914238,18906028,8210
ENSG00000270849,34127423,34126973,450
ENSG00000232569,29633284,29555714,77570
ENSG00000274488,143166008,143163211,2797
ENSG00000231879,86726053,86725500,553
ENSG00000233528,86937108,86909586,27522
ENSG00000228074,87219269,87219004,265
ENSG00000186925,30541864,30541535,329
ENSG00000228473,87380258,87379472,786
ENSG00000126254,35637686,35629030,8656
ENSG00000232636,87447235,87427200,20035
ENSG00000273574,54471641,54469723,1918
ENSG00000285699,87458407,87423493,34914
ENSG00000258649,38202923,38190983,11940
ENSG00000228824,87671259,87427214,244045
ENSG00000259048,38194281,38034287,159994
ENSG00000275470,54456970,54452738,4232
ENSG00000234487,29722948,29719887,3061
ENSG00000259091,37902372,37896060,6312
ENSG00000284989,43931014,43650149,280865
ENSG00000224751,43851611,43850300,1311
ENSG00000279562,2117772,2117626,146
ENSG00000279149,30347167,30344672,2495
ENSG00000212163,2330370,2330180,190
ENSG00000272515,87609234,87607907,1327
ENSG00000178248,23486980,23462086,24894
ENSG00000273342,21641284,21640844,440
ENSG00000278941,2236086,2235713,373
ENSG00000233388,35503586,35501861,1725
ENSG00000236200,43708138,43699765,8373
ENSG00000273044,35527415,35526932,483
ENSG00000177374,2063241,2054154,9087
ENSG00000242488,75839114,75838157,957
ENSG00000128228,21644299,21642302,1997
ENSG00000224721,75579588,75574888,4700
ENSG00000149300,111926871,111918032,8839
ENSG00000258578,76014143,76013679,464
ENSG00000225413,23513602,23512494,1108
ENSG00000276833,35864615,35809455,55160
ENSG00000280623,23547797,23536881,10916
ENSG00000119686,75663214,75578620,84594
ENSG00000165300,87696272,87672615,23657
ENSG00000197619,52008230,51991332,16898
ENSG00000128322,23580302,23573125,7177
ENSG00000262402,2127904,2127430,474
ENSG00000258853,27685768,27684498,1270
ENSG00000254445,111926871,111912736,14135
ENSG00000279830,69350456,69349947,509
ENSG00000100302,35553999,35540831,13168
ENSG00000161905,4642294,4630902,11392
ENSG00000181274,97334709,97332497,2212
ENSG00000283809,18947732,18906238,41494
ENSG00000284294,18947741,18936411,11330
ENSG00000109846,111923722,111908619,15103
ENSG00000224277,23573507,23567064,6443
ENSG00000100033,18936553,18912777,23776
ENSG00000274669,54569575,54548949,20626
ENSG00000277640,87765881,87765752,129
ENSG00000223404,87803808,87801036,2772
ENSG00000272733,23583859,23580880,2979
ENSG00000269151,46390852,46390515,337
ENSG00000225850,97343203,97334564,8639
ENSG00000278655,23608407,23607041,1366
ENSG00000268810,46383169,46382492,677
ENSG00000236934,30508714,30505760,2954
ENSG00000272046,87811232,87807634,3598
ENSG00000277142,527407,525155,2252
ENSG00000232204,87892472,87890172,2300
ENSG00000231019,88236082,88142867,93215
ENSG00000248377,134385494,134385197,297
ENSG00000225289,88236969,88236547,422
ENSG00000101457,45811427,45791954,19473
ENSG00000257891,18934078,18920109,13969
ENSG00000178645,49710261,49679651,30610
ENSG00000257103,34229515,34172504,57011
ENSG00000258265,18945139,18944199,940
ENSG00000136504,49835026,49788681,46345
ENSG00000198125,35637951,35606764,31187
ENSG00000249663,29721104,29720114,990
ENSG00000244362,30561314,30560875,439
ENSG00000275563,18980742,18977180,3562
ENSG00000173889,170181749,170086732,95017
ENSG00000222036,18999012,18967434,31578
ENSG00000285773,30404967,30388785,16182
ENSG00000214288,134438211,134437605,606
ENSG00000175390,8001862,7970251,31611
ENSG00000282980,5512537,5512040,497
ENSG00000255480,30429268,30425552,3716
ENSG00000254489,30630508,30584130,46378
ENSG00000228315,23717356,23638487,78869
ENSG00000278247,23141599,23133045,8554
ENSG00000066382,30586872,30384493,202379
ENSG00000103326,554636,527712,26924
ENSG00000281737,23149199,23145340,3859
ENSG00000228350,48669174,48663776,5398
ENSG00000271973,48672733,48672455,278
ENSG00000228184,13528579,13525599,2980
ENSG00000278508,23173124,23162205,10919
ENSG00000176798,5005536,4994851,10685
ENSG00000179381,13545185,13544210,975
ENSG00000228159,13558461,13546033,12428
ENSG00000282307,1765915,1760880,5035
ENSG00000224300,5016079,5015138,941
ENSG00000189067,11636381,11547722,88659
ENSG00000100023,21700015,21666009,34006
ENSG00000218549,13582004,13581060,944
ENSG00000227739,30715284,30710059,5225
ENSG00000238021,27288824,27258762,30062
ENSG00000163817,45796536,45755449,41087
ENSG00000230261,5037951,5037013,938
ENSG00000230445,27259455,27246350,13105
ENSG00000258376,73245979,73242651,3328
ENSG00000128989,52569883,52547045,22838
ENSG00000267284,55788761,55721063,67698
ENSG00000258944,73274081,73272182,1899
ENSG00000268818,35635134,35626988,8146
ENSG00000267325,55781721,55776727,4994
ENSG00000254642,7977708,7977481,227
ENSG00000262412,27250804,27243130,7674
ENSG00000206106,30590397,30590105,292
ENSG00000177324,18220883,18162931,57952
ENSG00000258314,19055551,19024090,31461
ENSG00000212938,30593075,30592440,635
ENSG00000274369,19028189,19026521,1668
ENSG00000236389,134707349,134706060,1289
ENSG00000174945,2775500,2679522,95978
ENSG00000235022,30066210,30060589,5621
ENSG00000166351,13641585,13609858,31727
ENSG00000233213,37719569,37717102,2467
ENSG00000271715,10269918,10269489,429
ENSG00000184029,38121360,37951425,169935
ENSG00000261691,553847,547185,6662
ENSG00000223608,38010618,38006544,4074
ENSG00000244723,23653334,23649213,4121
ENSG00000157542,38121345,37607373,513972
ENSG00000162413,6614607,6590724,23883
ENSG00000159496,23699176,23688136,11040
ENSG00000240175,65925297,65893816,31481
ENSG00000140463,72738475,72686179,52296
ENSG00000223409,65844446,65843890,556
ENSG00000203647,66009200,66008770,430
ENSG00000270059,65359717,65359268,449
ENSG00000272610,65954558,65872815,81743
ENSG00000261312,19715383,19706351,9032
ENSG00000278925,141826325,141825708,617
ENSG00000174628,19858467,19716456,142011
ENSG00000227720,30060656,30057032,3624
ENSG00000206478,30734071,30732716,1355
ENSG00000196072,100286680,100273280,13400
ENSG00000270975,68862525,68861762,763
ENSG00000258565,68869951,68867857,2094
ENSG00000170276,111914093,111912734,1359
ENSG00000254409,44001157,43921059,80098
ENSG00000244953,43947206,43943787,3419
ENSG00000281173,23186826,23184646,2180
ENSG00000187479,43943883,43925342,18541
ENSG00000280490,23198473,23198268,205
ENSG00000281254,23220085,23219948,137
ENSG00000281754,23231168,23230653,515
ENSG00000119685,75955079,75633625,321454
ENSG00000239959,75491202,75446769,44433
ENSG00000198863,42993690,42980565,13125
ENSG00000272690,75457486,75435348,22138
ENSG00000279558,141084481,141078076,6405
ENSG00000146535,2844308,2728105,116203
ENSG00000279047,141096402,141046260,50142
ENSG00000116273,6624030,6613731,10299
ENSG00000283175,187297933,187291272,6661
ENSG00000282092,881626,868013,13613
ENSG00000171815,141059344,141051135,8209
ENSG00000127241,187292022,187217285,74737
ENSG00000205495,5047461,5046526,935
ENSG00000182923,134575017,134485721,89296
ENSG00000112852,141098703,141094578,4125
ENSG00000176787,5059627,5058650,977
ENSG00000248302,50124,49096,1028
ENSG00000278381,13654356,13654073,283
ENSG00000224133,30781741,30756325,25416
ENSG00000267172,55819759,55817167,2592
ENSG00000213117,134898759,134897874,885
ENSG00000273085,5070497,5069572,925
ENSG00000118369,78215232,78188812,26420
ENSG00000177058,55773194,55625845,147349
ENSG00000108039,109923553,109864766,58787
ENSG00000130511,18434562,18418864,15698
ENSG00000156453,141879246,141853111,26135
ENSG00000112297,106571978,106360808,211170
ENSG00000206129,56191262,56003613,187649
ENSG00000274161,1707457,1501879,205578
ENSG00000285811,88477267,88472151,5116
ENSG00000267732,56143221,56138612,4609
ENSG00000228803,22748804,22747675,1129
ENSG00000229443,88545509,88540864,4645
ENSG00000267399,56063078,56061109,1969
ENSG00000231357,2836022,2835621,401
ENSG00000260930,55920199,55881688,38511
ENSG00000279247,69370027,69350995,19032
ENSG00000267327,56023522,55893038,130484
ENSG00000263682,11328832,11326270,2562
ENSG00000267057,56096319,56042135,54184
ENSG00000187559,68304905,68302867,2038
ENSG00000283130,88572312,88571654,658
ENSG00000102098,18354688,18239313,115375
ENSG00000268041,41928516,41907705,20811
ENSG00000267051,11378409,11366913,11496
ENSG00000198183,33243311,33235995,7316
ENSG00000273119,11390729,11390033,696
ENSG00000267712,56137536,56083356,54180
ENSG00000261195,19766099,19761172,4927
ENSG00000076928,41930150,41883161,46989
ENSG00000254248,95087924,95071732,16192
ENSG00000234394,68330626,68306528,24098
ENSG00000282380,142858140,142858091,49
ENSG00000267425,11465996,11454478,11518
ENSG00000267564,11489369,11447756,41613
ENSG00000267252,11506983,11488570,18413
ENSG00000156170,95116455,94895767,220688
ENSG00000277507,24031599,24030925,674
ENSG00000103550,19718235,19701937,16298
ENSG00000233178,68406500,68393881,12619
ENSG00000270570,11107887,11107719,168
ENSG00000282802,106503074,106502901,173
ENSG00000274231,11144492,11144250,242
ENSG00000224958,68357852,68355189,2663
ENSG00000282820,142858259,142858212,47
ENSG00000282553,106514437,106514026,411
ENSG00000227874,13667546,13665868,1678
ENSG00000215523,30820172,30788147,32025
ENSG00000234353,23640762,23638492,2270
ENSG00000229019,68429369,68426843,2526
ENSG00000275609,23610538,23610329,209
ENSG00000189269,23632321,23608452,23869
ENSG00000282643,1621861,1565035,56826
ENSG00000154330,68531061,68328308,202753
ENSG00000274162,11178816,11178306,510
ENSG00000278212,11215026,11153858,61168
ENSG00000272602,88208,53286,34922
ENSG00000243295,59119509,59065150,54359
ENSG00000243903,59388704,59380024,8680
ENSG00000274502,11173821,11173618,203
ENSG00000242545,59510678,59464330,46348
ENSG00000281956,106519064,106518815,249
ENSG00000276618,69415042,69369307,45735
ENSG00000167191,19886167,19856691,29476
ENSG00000249941,4874759,4866521,8238
ENSG00000211683,23638941,23630618,8323
ENSG00000282154,142858384,142858332,52
ENSG00000137809,68432163,68296532,135631
ENSG00000272578,23717356,23658094,59262
ENSG00000235211,18341346,18341216,130
ENSG00000215448,47860672,47859788,884
ENSG00000282776,106532172,106531677,495
ENSG00000130347,106629487,106571971,57516
ENSG00000251506,4970425,4967764,2661
ENSG00000282392,142858595,142858549,46
ENSG00000248803,66623177,66622868,309
ENSG00000249057,66662988,66662331,657
ENSG00000282131,106536537,106535796,741
ENSG00000206491,30553215,30546378,6837
ENSG00000250481,5034267,4974690,59577
ENSG00000069020,67169595,66596361,573234
ENSG00000274830,54753065,54738514,14551
ENSG00000278444,54481158,54472957,8201
ENSG00000282083,35823713,35818399,5314
ENSG00000149231,96389956,96352769,37187
ENSG00000225337,68308445,68307393,1052
ENSG00000276849,142863838,142862134,1704
ENSG00000181449,181714436,181711925,2511
ENSG00000235294,181505879,181505075,804
ENSG00000180264,124478589,124451425,27164
ENSG00000236496,2876427,2875442,985
ENSG00000205981,180989774,180983709,6065
ENSG00000282196,106540535,106540499,36
ENSG00000229184,2900804,2900320,484
ENSG00000258567,11308181,11306918,1263
ENSG00000282398,106543708,106543263,445
ENSG00000232986,33659928,33657436,2492
ENSG00000262420,11744506,11741910,2596
ENSG00000282708,106556152,106555822,330
ENSG00000230490,33676768,33355206,321562
ENSG00000225888,30837670,30829032,8638
ENSG00000153066,11742878,11679080,63798
ENSG00000259154,11316187,11314921,1266
ENSG00000223405,30865496,30856563,8933
ENSG00000234535,33611522,33610967,555
ENSG00000168685,35879603,35852695,26908
ENSG00000274089,93788481,93718298,70183
ENSG00000131469,43002959,42998273,4686
ENSG00000277656,24042493,24033952,8541
ENSG00000282408,106457248,106451496,5752
ENSG00000126216,112588205,112485011,103194
ENSG00000182858,49918438,49900229,18209
ENSG00000206492,30546666,30530868,15798
ENSG00000277335,54518644,54505847,12797
ENSG00000261939,19819628,19819504,124
ENSG00000136931,124507420,124481236,26184
ENSG00000258608,45290386,45290036,350
ENSG00000260046,45370839,45369215,1624
ENSG00000257900,45389286,45377268,12018
ENSG00000258746,45503140,45502742,398
ENSG00000241231,181442486,181421058,21428
ENSG00000250572,87266822,87261931,4891
ENSG00000258845,45569069,45567995,1074
ENSG00000242808,181836880,180989762,847118
ENSG00000282297,142874492,142873679,813
ENSG00000147642,109691791,109573978,117813
ENSG00000106346,6161564,6104884,56680
ENSG00000184602,11679152,11668455,10697
ENSG00000213717,43274582,43274159,423
ENSG00000248599,101076251,101052054,24197
ENSG00000215231,5070004,5034359,35645
ENSG00000232006,43113931,42954135,159796
ENSG00000239939,108408578,108407843,735
ENSG00000278589,108416639,108415220,1419
ENSG00000002746,43566001,43112629,453372
ENSG00000281432,93897759,93895762,1997
ENSG00000228563,31563464,31526942,36522
ENSG00000278102,18305045,18304854,191
ENSG00000217414,18365423,18363417,2006
ENSG00000277893,31580938,31522480,58458
ENSG00000186930,30598902,30598590,312
ENSG00000203413,84949674,84948585,1089
ENSG00000281032,93927066,93904730,22336
ENSG00000251426,5049497,5046796,2701
ENSG00000250529,5078311,5069192,9119
ENSG00000061455,123194266,123089241,105025
ENSG00000250485,108419763,108417705,2058
ENSG00000207751,21670237,21652270,17967
ENSG00000282627,106563025,106562491,534
ENSG00000273533,93929608,93918894,10714
ENSG00000259029,11322823,11321557,1266
ENSG00000284630,21661021,21657811,3210
ENSG00000184111,92597287,92596852,435
ENSG00000284654,21661593,21661476,117
ENSG00000138160,92655395,92593130,62265
ENSG00000272954,21662363,21661934,429
ENSG00000284651,21661295,21661242,53
ENSG00000100027,21735794,21697536,38258
ENSG00000274556,54736132,54724447,11685
ENSG00000278213,62569907,62559839,10068
ENSG00000234967,47952055,47950799,1256
ENSG00000261799,277123,273954,3169
ENSG00000228503,47958603,47958022,581
ENSG00000227835,3053408,2907073,146335
ENSG00000184164,49927540,49918167,9373
ENSG00000173530,23164027,23135588,28439
ENSG00000229522,47984313,47983404,909
ENSG00000237423,47988744,47980488,8256
ENSG00000237027,89567044,89560875,6169
ENSG00000241804,59536415,59535863,552
ENSG00000286179,48022237,48007875,14362
ENSG00000276923,48074188,48073869,319
ENSG00000284621,21661929,21661859,70
ENSG00000083099,89638749,89568144,70605
ENSG00000225039,30422237,30419519,2718
ENSG00000223652,123090299,123087248,3051
ENSG00000105655,18438301,18434388,3913
ENSG00000274968,54529961,54529653,308
ENSG00000236444,30428616,30422488,6128
ENSG00000218976,18368644,18366736,1908
ENSG00000186924,30601382,30601087,295
ENSG00000225673,60730644,60730055,589
ENSG00000121769,31376850,31365625,11225
ENSG00000189283,61251459,59747277,1504182
ENSG00000228300,1279244,1275530,3714
ENSG00000184724,30613930,30613431,499
ENSG00000187288,9880254,9866711,13543
ENSG00000258876,75971587,75970924,663
ENSG00000229363,32035535,32028530,7005
ENSG00000259103,75847698,75814502,33196
ENSG00000214318,63497400,63496989,411
ENSG00000133935,75661189,75649791,11398
ENSG00000269989,63486018,63485601,417
ENSG00000206075,63505085,63476958,28127
ENSG00000241651,128069612,128069014,598
ENSG00000185164,18562211,18417325,144886
ENSG00000214319,13677116,13676022,1094
ENSG00000234492,108620460,108538190,82270
ENSG00000237354,5077066,5076130,936
ENSG00000138709,128222931,128061286,161645
ENSG00000234217,62602672,62601226,1446
ENSG00000279773,13681138,13679300,1838
ENSG00000258991,11333595,11332329,1266
ENSG00000270422,31651862,31651381,481
ENSG00000267332,9019984,9019344,640
ENSG00000273692,13705518,13704853,665
ENSG00000223647,31803980,31793823,10157
ENSG00000229231,13764332,13762338,1994
ENSG00000275316,106582158,106581617,541
ENSG00000236825,62607748,62606797,951
ENSG00000245080,95073182,95066808,6374
ENSG00000226157,5093611,5092676,935
ENSG00000237007,31823436,31822591,845
ENSG00000282465,106589279,106589056,223
ENSG00000242272,31823817,31823413,404
ENSG00000224922,13771740,13769932,1808
ENSG00000236511,3198517,3181589,16928
ENSG00000282138,106591236,106590798,438
ENSG00000268266,57482996,57477649,5347
ENSG00000232407,60690719,60690225,494
ENSG00000244183,60732636,60732144,492
ENSG00000277963,54713453,54707916,5537
ENSG00000175305,94896678,94879770,16908
ENSG00000273165,31853423,31852976,447
ENSG00000240097,60618079,60616822,1257
ENSG00000173231,13777266,13776086,1180
ENSG00000267189,42648143,42647834,309
ENSG00000236493,92669743,92668745,998
ENSG00000137393,18468874,18387350,81524
ENSG00000267132,42648738,42648178,560
ENSG00000267065,76807102,76799044,8058
ENSG00000203560,5105084,5104153,931
ENSG00000229356,44455284,44450986,4298
ENSG00000232797,13793141,13792635,506
ENSG00000109475,108630412,108620566,9846
ENSG00000271930,98944098,98943595,503
ENSG00000242951,75596206,75595805,401
ENSG00000270455,11337693,11335627,2066
ENSG00000224860,13825635,13824406,1229
ENSG00000119699,75982991,75958099,24892
ENSG00000215562,13827627,13826696,931
ENSG00000135299,89633834,89433152,200682
ENSG00000160233,44462196,44455510,6686
ENSG00000236897,5107530,5106062,1468
ENSG00000277574,106603917,106603423,494
ENSG00000138867,24555935,24540423,15512
ENSG00000282294,106608488,106608187,301
ENSG00000244624,30616699,30616425,274
ENSG00000276324,54704235,54703952,283
ENSG00000037042,42667006,42659284,7722
ENSG00000228793,3624747,3594247,30500
ENSG00000091640,4967817,4959226,8591
ENSG00000168528,31434680,31409565,25115
ENSG00000206105,30620850,30620627,223
ENSG00000282312,106609657,106609399,258
ENSG00000129055,134486716,134477706,9010
ENSG00000277240,54700905,54700593,312
ENSG00000270477,3694075,3693923,152
ENSG00000260230,109167295,109130293,37002
ENSG00000250579,5140054,5132780,7274
ENSG00000258616,45715952,45706250,9702
ENSG00000141458,23586506,23506184,80322
ENSG00000223771,29632938,29632655,283
ENSG00000123136,14419383,14408819,10564
ENSG00000282188,106611507,106611057,450
ENSG00000121104,49789180,49710332,78848
ENSG00000183704,11385687,11340579,45108
ENSG00000282594,141344621,141340549,4072
ENSG00000282593,106618028,106617357,671
ENSG00000184032,30635619,30635236,383
ENSG00000119650,76084585,75902136,182449
ENSG00000278403,54938887,54922093,16794
ENSG00000255723,87345210,87317170,28040
ENSG00000170509,87322886,87303789,19097
ENSG00000249688,31754656,31754219,437
ENSG00000249114,31738660,31738269,391
ENSG00000250164,31748078,31747644,434
ENSG00000214108,31909186,31908361,825
ENSG00000248878,31725902,31725539,363
ENSG00000249691,134511413,134510531,882
ENSG00000133401,32110932,31639131,471801
ENSG00000217824,148567654,148567378,276
ENSG00000231368,148648597,148647707,890
ENSG00000279375,141194088,141191599,2489
ENSG00000113212,141176383,141172619,3764
ENSG00000251368,55750401,55750206,195
ENSG00000181211,43163187,43117896,45291
ENSG00000283408,18674001,18522739,151262
ENSG00000152670,55817157,55738017,79140
ENSG00000280336,141168893,141168231,662
ENSG00000279472,141182369,141177849,4520
ENSG00000272674,141186399,141181399,5000
ENSG00000228680,43249268,43239066,10202
ENSG00000099617,1301431,1285873,15558
ENSG00000231638,43522542,43508728,13814
ENSG00000198189,87391188,87336515,54673
ENSG00000113248,141249365,141245395,3970
ENSG00000265702,62737922,62699244,38678
ENSG00000176896,13681964,13653189,28775
ENSG00000033327,78418348,78215293,203055
ENSG00000262096,141243034,141239923,3111
ENSG00000173838,62808344,62701314,107030
ENSG00000276672,33850825,33846190,4635
ENSG00000133119,33966558,33818069,148489
ENSG00000120324,141195642,141192353,3289
ENSG00000081818,141125623,141121799,3824
ENSG00000177839,141191541,141187127,4414
ENSG00000120322,141180529,141177790,2739
ENSG00000258930,71031970,71031686,284
ENSG00000258966,71044640,71044375,265
ENSG00000113209,141138625,141135218,3407
ENSG00000258571,71085833,71085482,351
ENSG00000166272,102834516,102743948,90568
ENSG00000100731,71115382,70907405,207977
ENSG00000255622,141159061,141155996,3065
ENSG00000187372,141218979,141213919,5060
ENSG00000100312,50745334,50738196,7138
ENSG00000226898,29560028,29555714,4314
ENSG00000113205,141103827,141100473,3354
ENSG00000272509,94885070,94884609,461
ENSG00000216854,56871743,56871191,552
ENSG00000231441,56864078,56844002,20076
ENSG00000119048,134391992,134371179,20813
ENSG00000258700,46501823,45940943,560880
ENSG00000120328,141212571,141208697,3874
ENSG00000164941,94881746,94813311,68435
ENSG00000272485,780214,774747,5467
ENSG00000271911,780648,761675,18973
ENSG00000274211,38405593,38351844,53749
ENSG00000165496,46651821,46651010,811
ENSG00000274826,54713453,54707916,5537
ENSG00000113211,141153287,141150022,3265
ENSG00000148795,102837472,102830531,6941
ENSG00000120327,141227759,141222932,4827
ENSG00000281923,106624605,106624351,254
ENSG00000270242,11397076,11395699,1377
ENSG00000141452,23531807,23503470,28337
ENSG00000254499,50743520,50740593,2927
ENSG00000282383,106626473,106626027,446
ENSG00000167900,78187233,78174091,13142
ENSG00000275828,11418716,11412548,6168
ENSG00000282616,106631232,106630782,450
ENSG00000213683,50755434,50754675,759
ENSG00000146001,141237529,141234333,3196
ENSG00000239381,181700611,181534177,166434
ENSG00000282176,31328102,31326589,1513
ENSG00000234538,13839409,13839118,291
ENSG00000282551,31314302,31313890,412
ENSG00000223448,31621970,31620003,1967
ENSG00000272108,141120765,141118680,2085
ENSG00000168994,3752026,3722614,29412
ENSG00000269399,16544814,16542746,2068
ENSG00000276371,31329331,31282857,46474
ENSG00000268087,16636531,16610411,26120
ENSG00000205494,5124513,5120621,3892
ENSG00000237806,181242901,181242345,556
ENSG00000240846,1307719,1307401,318
ENSG00000254420,78444049,78324758,119291
ENSG00000242140,181146463,181146233,230
ENSG00000279068,141188582,141182409,6173
ENSG00000283219,17558045,17557892,153
ENSG00000279529,16575340,16572624,2716
ENSG00000217379,19144160,19143695,465
ENSG00000137513,78574874,78435968,138906
ENSG00000234513,22773993,22773646,347
ENSG00000268790,16660115,16577642,82473
ENSG00000197479,141203779,141199582,4197
ENSG00000267372,1322846,1321225,1621
ENSG00000228314,13848364,13843133,5231
ENSG00000249774,31923532,31923367,165
ENSG00000241739,31840971,31840492,479
ENSG00000248813,31742327,31741833,494
ENSG00000243914,31848148,31847271,877
ENSG00000224282,31823136,31822561,575
ENSG00000278936,141201396,141183401,17995
ENSG00000275918,54553413,54540656,12757
ENSG00000248624,31665067,31657218,7849
ENSG00000280029,141245380,141136683,108697
ENSG00000248378,31744451,31743988,463
ENSG00000171944,5138356,5128776,9580
ENSG00000250764,32121941,32103445,18496
ENSG00000270504,3753871,3751111,2760
ENSG00000238197,32743122,32728115,15007
ENSG00000182070,5154757,5143219,11538
ENSG00000225433,11445564,11445418,146
ENSG00000282504,106634877,106634443,434
ENSG00000230965,13906488,13905960,528
ENSG00000224567,11446101,11445708,393
ENSG00000176752,5171296,5170351,945
ENSG00000159086,32771792,32733899,37893
ENSG00000176748,5178664,5177714,950
ENSG00000234758,131968220,131944408,23812
ENSG00000229931,16762652,16761138,1514
ENSG00000279983,141245861,141223372,22489
ENSG00000272154,141174391,141100242,74149
ENSG00000176742,5200700,5199735,965
ENSG00000100031,24629005,24594811,34194
ENSG00000239642,131945698,131806990,138708
ENSG00000124788,16761491,16299112,462379
ENSG00000229666,67003953,67001383,2570
ENSG00000282573,141355365,141353403,1962
ENSG00000275181,141367267,141356500,10767
ENSG00000121039,73325281,73294602,30679
ENSG00000276687,909006,905445,3561
ENSG00000267535,76861836,76850176,11660
ENSG00000231585,132013199,132011448,1751
ENSG00000278343,962272,958324,3948
ENSG00000223548,132007022,132003592,3430
ENSG00000175445,19967259,19901717,65542
ENSG00000164920,98952104,98944403,7701
ENSG00000214073,1906125,1905651,474
ENSG00000281938,132011637,131807143,204494
ENSG00000281347,21509404,21490364,19040
ENSG00000276974,54704235,54703952,283
ENSG00000101342,36894235,36876121,18114
ENSG00000270937,1027225,1026494,731
ENSG00000225044,1987470,1962381,25089
ENSG00000079974,50783663,50767501,16162
ENSG00000279977,16612203,16610374,1829
ENSG00000278325,54700905,54700593,312
ENSG00000141979,16628204,16479067,149137
ENSG00000176515,1104946,1079929,25017
ENSG00000137522,71997597,71929018,68579
ENSG00000270835,38206080,38204141,1939
ENSG00000105085,16629062,16574907,54155
ENSG00000282026,103243284,103177764,65520
ENSG00000233316,38208644,38206156,2488
ENSG00000231662,19321021,19290319,30702
ENSG00000250295,73356461,73297711,58750
ENSG00000224105,31191083,31189747,1336
ENSG00000232616,32046194,32035523,10671
ENSG00000273192,49904576,49902228,2348
ENSG00000157551,38307357,38155549,151808
ENSG00000275785,63890317,63890030,287
ENSG00000147604,73295789,73290242,5547
ENSG00000220785,32241620,32231658,9962
ENSG00000130303,17405630,17402939,2691
ENSG00000228412,19839080,19324988,514092
ENSG00000278481,54780763,54771247,9516
ENSG00000101347,36951901,36889773,62128
ENSG00000275306,54920219,54905771,14448
ENSG00000262113,34303913,34303449,464
ENSG00000196166,38560939,38510834,50105
ENSG00000279389,34308123,34261710,46413
ENSG00000278691,54842719,54830903,11816
ENSG00000269578,16587985,16586905,1080
ENSG00000278086,54903379,54888943,14436
ENSG00000269044,16635269,16633797,1472
ENSG00000214012,19614036,19612755,1281
ENSG00000112655,43161719,43076307,85412
ENSG00000224747,44472516,44469929,2587
ENSG00000172201,19842197,19837370,4827
ENSG00000105072,16521352,16496394,24958
ENSG00000276279,54812309,54799416,12893
ENSG00000253361,38560877,38543652,17225
ENSG00000223431,44473739,44472895,844
ENSG00000227999,44475097,44473723,1374
ENSG00000228146,3149963,3144015,5948
ENSG00000269720,17394158,17390509,3649
ENSG00000258870,21419960,21419620,340
ENSG00000241035,21399282,21398925,357
ENSG00000275522,54828575,54814247,14328
ENSG00000255084,78558565,78533176,25389
ENSG00000100888,21456126,21385194,70932
ENSG00000251323,78429836,78423982,5854
ENSG00000233734,31218582,31193274,25308
ENSG00000218643,19349076,19348181,895
ENSG00000267219,34359412,34348356,11056
ENSG00000254649,78392405,78388061,4344
ENSG00000273726,54269669,54268639,1030
ENSG00000217314,19638808,19638040,768
ENSG00000257074,34296592,34296277,315
ENSG00000277163,54797062,54782627,14435
ENSG00000261889,3157483,3156736,747
ENSG00000166398,34355586,34254537,101049
ENSG00000035664,64072033,63907036,164997
ENSG00000152804,92695647,92689955,5692
ENSG00000171135,9894349,9890572,3777
ENSG00000262521,3184018,3181233,2785
ENSG00000275037,54875495,54860882,14613
ENSG00000183615,32248856,32247222,1634
ENSG00000261664,51335324,51329654,5670
ENSG00000281498,93944129,93939555,4574
ENSG00000227246,31217894,31216078,1816
ENSG00000278693,93976791,93934153,42638
ENSG00000237165,31198966,31193614,5352
ENSG00000085831,51345116,51287258,57858
ENSG00000267154,9083398,9083112,286
ENSG00000234451,62610799,62609725,1074
ENSG00000170929,9095669,9087061,8608
ENSG00000285840,30482294,30466117,16177
ENSG00000224117,30554693,30553670,1023
ENSG00000213411,30543461,30539597,3864
ENSG00000241571,62688190,62686912,1278
ENSG00000234276,62690534,62690033,501
ENSG00000232489,30542897,30541643,1254
ENSG00000277579,37043252,37034668,8584
ENSG00000010539,3236221,3222325,13896
ENSG00000262974,18533817,18533418,399
ENSG00000189403,30617597,30456704,160893
ENSG00000277911,36980422,36980167,255
ENSG00000170923,9107475,9100407,7068
ENSG00000275700,37056871,36948954,107917
ENSG00000235256,62711398,62710036,1362
ENSG00000166323,108467531,108308519,159012
ENSG00000161807,9115763,9114828,935
ENSG00000146950,9949443,9786429,163014
ENSG00000152439,57518404,57499915,18489
ENSG00000238113,62813486,62801461,12025
ENSG00000275786,54830812,54816499,14313
ENSG00000275575,141438356,141391991,46365
ENSG00000246582,23230926,23224471,6455
ENSG00000226012,38238201,38237217,984
ENSG00000261666,88630397,88626853,3544
ENSG00000105136,57496097,57487711,8386
ENSG00000250714,23230915,23225233,5682
ENSG00000231123,38238664,38238227,437
ENSG00000198054,38156511,38121451,35060
ENSG00000104689,23225126,23190452,34674
ENSG00000221963,35668404,35648446,19958
ENSG00000225748,31714058,31697009,17049
ENSG00000280431,34080134,34079411,723
ENSG00000230326,9865543,9865093,450
ENSG00000215319,9819469,9818239,1230
ENSG00000227254,34083310,34082429,881
ENSG00000278477,34263090,34262863,227
ENSG00000272984,36734535,36734004,531
ENSG00000271850,34614170,34348043,266127
ENSG00000229424,36763081,36750687,12394
ENSG00000278594,19132890,19131842,1048
ENSG00000259351,63935953,63928274,7679
ENSG00000225179,34640685,34435450,205235
ENSG00000269427,16643942,16630743,13199
ENSG00000277710,19155089,19130636,24453
ENSG00000235728,36782789,36781008,1781
ENSG00000225210,19131167,19062316,68851
ENSG00000237747,87741953,87741233,720
ENSG00000085872,16542437,16517894,24543
ENSG00000286241,119693563,119686538,7025
ENSG00000231910,34574666,34574204,462
ENSG00000271901,34671182,34545929,125253
ENSG00000225739,36819690,36818959,731
ENSG00000188029,87786884,87772453,14431
ENSG00000230831,36841373,36838972,2401
ENSG00000276983,54560286,54560000,286
ENSG00000233211,88978785,88978447,338
ENSG00000274225,44478493,44477850,643
ENSG00000250772,119804515,119799089,5426
ENSG00000253395,101126158,101122145,4013
ENSG00000187792,23751112,23738682,12430
ENSG00000228709,44490288,44485577,4711
ENSG00000253570,38601200,38600661,539
ENSG00000250238,107114,105959,1155
ENSG00000277352,44495519,44494874,645
ENSG00000254321,38704855,38700626,4229
ENSG00000253355,101133486,101128987,4499
ENSG00000277128,19175530,19124807,50723
ENSG00000229625,98968284,98961428,6856
ENSG00000177427,18266552,18260597,5955
ENSG00000253180,99003842,99003407,435
ENSG00000226040,141896689,141896168,521
ENSG00000261728,34928076,34925834,2242
ENSG00000253948,99013044,98996763,16281
ENSG00000232743,87817970,87816465,1505
ENSG00000237743,87837225,87810642,26583
ENSG00000128218,23754425,23752743,1682
ENSG00000255296,71939544,71938671,873
ENSG00000232225,89236890,89214847,22043
ENSG00000277357,87825968,87825146,822
ENSG00000278638,37052775,37045462,7313
ENSG00000279014,45215044,45214448,596
ENSG00000276478,87821803,87799501,22302
ENSG00000239393,177346426,177346073,353
ENSG00000149311,108369102,108222484,146618
ENSG00000068137,42676994,42667914,9080
ENSG00000142556,52030240,52012765,17475
ENSG00000277589,37000034,36998598,1436
ENSG00000259338,45215943,45215547,396
ENSG00000248394,128156204,128155389,815
ENSG00000169223,177351668,177331567,20101
ENSG00000227247,89250100,89248818,1282
ENSG00000286063,48367976,48324812,43164
ENSG00000235621,48370629,48359950,10679
ENSG00000136883,114099291,114086126,13165
ENSG00000259520,45279251,45251580,27671
ENSG00000253655,84980547,84980073,474
ENSG00000231856,51813832,51803838,9994
ENSG00000215297,3364792,3364329,463
ENSG00000253283,85087186,85086615,571
ENSG00000243265,23207369,23206918,451
ENSG00000137860,45277846,45252234,25612
ENSG00000253930,23190675,23189279,1396
ENSG00000139668,51767709,51584455,183254
ENSG00000080298,3526004,3218297,307707
ENSG00000275787,9122492,9122160,332
ENSG00000224786,122732482,122728532,3950
ENSG00000170920,9126950,9126012,938
ENSG00000231129,30641816,30616012,25804
ENSG00000229422,62838302,62837139,1163
ENSG00000107593,100330264,100288149,42115
ENSG00000123595,13710506,13689125,21381
ENSG00000130803,9163424,9140397,23027
ENSG00000146021,137736089,137617500,118589
ENSG00000277540,54858960,54837484,21476
ENSG00000273722,54173691,54160592,13099
ENSG00000276463,69370027,69364756,5271
ENSG00000181004,122744942,122732702,12240
ENSG00000233106,33272657,33272262,395
ENSG00000215899,31488930,31487589,1341
ENSG00000139874,38213067,38207904,5163
ENSG00000120647,442642,389273,53369
ENSG00000119986,97687241,97677424,9817
ENSG00000224451,51599460,51598416,1044
ENSG00000268107,57517559,57487718,29841
ENSG00000102796,51804162,51767993,36169
ENSG00000285545,17351703,17349053,2650
ENSG00000233508,43202599,43190101,12498
ENSG00000070081,17349980,17208153,141827
ENSG00000244083,122816117,122815771,346
ENSG00000203581,3216543,3215611,932
ENSG00000229167,31575573,31571585,3988
ENSG00000262668,3224779,3188204,36575
ENSG00000260386,31509648,31500085,9563
ENSG00000168124,3205188,3204247,941
ENSG00000236704,20923233,20921664,1569
ENSG00000170917,122922968,122888697,34271
ENSG00000147570,66100526,66021560,78966
ENSG00000140521,89334861,89305198,29663
ENSG00000271228,32013368,32013061,307
ENSG00000162961,32039805,31867809,171996
ENSG00000198692,20593154,20575776,17378
ENSG00000001084,53616970,53497341,119629
ENSG00000142910,31587686,31576485,11201
ENSG00000259762,85752901,85750336,2565
ENSG00000139915,47675605,46840092,835513
ENSG00000228587,35689373,35685940,3433
ENSG00000282181,141455651,141439731,15920
ENSG00000267371,11552847,11552366,481
ENSG00000234660,89280240,89273203,7037
ENSG00000279748,16589409,16586905,2504
ENSG00000226336,35704176,35703803,373
ENSG00000267904,16640668,16639967,701
ENSG00000236396,11610612,11609596,1016
ENSG00000127526,16572415,16549831,22584
ENSG00000225530,89363224,89361160,2064
ENSG00000259935,52649866,52648634,1232
ENSG00000184523,62844276,62838824,5452
ENSG00000226037,89500509,89477608,22901
ENSG00000260618,52598709,52577842,20867
ENSG00000237451,62845184,62844818,366
ENSG00000267794,11618315,11618208,107
ENSG00000240775,122840690,122840343,347
ENSG00000128313,35729483,35717872,11611
ENSG00000273007,122884712,122881878,2834
ENSG00000047346,52709817,52581317,128500
ENSG00000138685,122898236,122826708,71528
ENSG00000227582,62864957,62860873,4084
ENSG00000275317,54814543,54803627,10916
ENSG00000251194,35214007,35212550,1457
ENSG00000282477,141443856,141443230,626
ENSG00000234665,62898087,62856999,41088
ENSG00000203970,50021981,50009138,12843
ENSG00000236176,89553804,89548691,5113
ENSG00000275368,169751587,169740114,11473
ENSG00000271395,89552389,89551233,1156
ENSG00000281106,51845177,51813347,31830
ENSG00000234227,89833941,89833157,784
ENSG00000112234,98948006,98868535,79471
ENSG00000099822,617159,589881,27278
ENSG00000267143,11621158,11620717,441
ENSG00000180872,50049874,50042144,7730
ENSG00000257513,11639699,11619509,20190
ENSG00000240785,18049872,18049232,640
ENSG00000248050,109648084,109644115,3969
ENSG00000248693,18746173,18704433,41740
ENSG00000285444,51845159,51763951,81208
ENSG00000226733,50181007,50093610,87397
ENSG00000272341,16766883,16764346,2537
ENSG00000162959,32011230,31865060,146170
ENSG00000230449,30697535,30696806,729
ENSG00000249191,18887095,18886622,473
ENSG00000215418,89992878,89991831,1047
ENSG00000243794,75522012,75521803,209
ENSG00000233470,50521104,50514035,7069
ENSG00000253775,20124857,20079114,45743
ENSG00000244674,75542929,75542149,780
ENSG00000242709,20113672,20113343,329
ENSG00000272710,75580199,75540049,40150
ENSG00000170161,62900104,62897449,2655
ENSG00000278830,27316587,27313723,2864
ENSG00000196459,13734635,13712244,22391
ENSG00000215409,27341252,27331357,9895
ENSG00000267036,591300,590430,870
ENSG00000205126,44059977,44047981,11996
ENSG00000137337,30717447,30699807,17640
ENSG00000233573,30103423,30093221,10202
ENSG00000278827,54365019,54360973,4046
ENSG00000219693,62889921,62888535,1386
ENSG00000238245,62858484,62857208,1276
ENSG00000276887,54367221,54345546,21675
ENSG00000164237,10307902,10275875,32027
ENSG00000276177,54887079,54877583,9496
ENSG00000268309,16552328,16551773,555
ENSG00000225721,44775810,44759037,16773
ENSG00000269085,16566330,16565551,779
ENSG00000235085,4696831,4673830,23001
ENSG00000269058,16496192,16479057,17135
ENSG00000282794,106643854,106643575,279
ENSG00000142937,44778779,44775251,3528
ENSG00000141456,4704337,4669774,34563
ENSG00000281310,24059615,24052465,7150
ENSG00000164938,94949378,94925972,23406
ENSG00000271375,11474237,11473727,510
ENSG00000231149,124516056,124514938,1118
ENSG00000182912,44525952,44517216,8736
ENSG00000284543,31583306,31506226,77080
ENSG00000100206,38570204,38518948,51256
ENSG00000282337,106647536,106647038,498
ENSG00000234385,11782527,11781052,1475
ENSG00000215583,11923769,11922536,1233
ENSG00000205439,44658341,44657932,409
ENSG00000221859,44638455,44637356,1099
ENSG00000213592,57718530,57718044,486
ENSG00000236382,44702791,44702221,570
ENSG00000214903,47444494,47444106,388
ENSG00000221837,44628293,44627123,1170
ENSG00000258392,46997174,46996454,720
ENSG00000283479,35408493,35407770,723
ENSG00000205786,35419385,35399511,19874
ENSG00000244053,47201104,47200575,529
ENSG00000249348,39594707,39528019,66688
ENSG00000282082,106662654,106662399,255
ENSG00000249262,87411388,87410644,744
ENSG00000282586,106656334,106655878,456
ENSG00000282451,106664338,106663800,538
ENSG00000109814,39528311,39498755,29556
ENSG00000236643,124772927,124770123,2804
ENSG00000188155,44592505,44591268,1237
ENSG00000239383,75590649,75590298,351
ENSG00000282691,106652506,106651930,576
ENSG00000244222,75599673,75598652,1021
ENSG00000221864,44666927,44666189,738
ENSG00000198561,57819546,57753243,66303
ENSG00000231744,124599580,124598707,873
ENSG00000160111,17026815,16892947,133868
ENSG00000172971,75623849,75619506,4343
ENSG00000276647,44686629,44686358,271
ENSG00000187175,44682163,44681576,587
ENSG00000224020,124698631,124658467,40164
ENSG00000205445,44551505,44550357,1148
ENSG00000280940,24062557,24060497,2060
ENSG00000148200,124771311,124517275,254036
ENSG00000253878,94951396,94950037,1359
ENSG00000237286,2947091,2944035,3056
ENSG00000215455,44540195,44538981,1214
ENSG00000235649,11987386,11957208,30178
ENSG00000277111,45490687,45435832,54855
ENSG00000214046,16660442,16630751,29691
ENSG00000235890,44516575,44506807,9768
ENSG00000198286,3043945,2906141,137804
ENSG00000281670,24065991,24065455,536
ENSG00000073614,389454,280129,109325
ENSG00000160953,1378431,1354711,23720
ENSG00000243979,94892107,94891239,868
ENSG00000253528,94974853,94974573,280
ENSG00000219992,3754840,3754099,741
ENSG00000267636,31427302,31421997,5305
ENSG00000084676,24770702,24491914,278788
ENSG00000282414,106668266,106667823,443
ENSG00000175894,44711572,44497892,213680
ENSG00000267599,31466431,31465653,778
ENSG00000267407,31554797,31542039,12758
ENSG00000235776,19793094,19792294,800
ENSG00000185838,19854939,19783223,71716
ENSG00000155254,97718150,97713173,4977
ENSG00000261400,31595720,31588040,7680
ENSG00000142945,44767767,44739818,27949
ENSG00000277375,54767824,54754958,12866
ENSG00000267465,31593781,31588196,5585
ENSG00000145945,3851320,3849373,1947
ENSG00000232510,30105041,30095564,9477
ENSG00000273887,54753050,54738479,14571
ENSG00000206449,31501409,31488393,13016
ENSG00000261446,90119719,90060247,59472
ENSG00000278495,54784323,54769810,14513
ENSG00000235879,90171799,90170866,933
ENSG00000267773,11644824,11644336,488
ENSG00000260759,11670165,11666456,3709
ENSG00000267489,32072082,31797666,274416
ENSG00000238158,3855737,3831933,23804
ENSG00000224328,30713184,30703067,10117
ENSG00000233068,3894292,3831936,62356
ENSG00000263305,16898,14195,2703
ENSG00000152642,32168713,32105689,63024
ENSG00000262352,15928,11103,4825
ENSG00000282099,106675466,106675232,234
ENSG00000267779,32056865,32025843,31022
ENSG00000155256,97760907,97737121,23786
ENSG00000178026,24593208,24585620,7588
ENSG00000261665,83740199,83739784,415
ENSG00000274128,83962583,83962176,407
ENSG00000167671,4457794,4444999,12795
ENSG00000156218,84039842,83654088,385754
ENSG00000106780,120714470,120600811,113659
ENSG00000215012,19854896,19846138,8758
ENSG00000236732,32151895,32151083,812
ENSG00000275055,52049754,52049007,747
ENSG00000226038,43231260,43230760,500
ENSG00000256087,52095738,52031378,64360
ENSG00000224419,90231682,90230384,1298
ENSG00000234384,90535080,90493287,41793
ENSG00000253663,103017589,103016744,845
ENSG00000231674,90926597,90890954,35643
ENSG00000277028,54736500,54724486,12014
ENSG00000227983,91023954,91023732,222
ENSG00000149308,108222638,108157215,65423
ENSG00000197149,17229151,17228279,872
ENSG00000234575,87847314,87844154,3160
ENSG00000234625,91089593,91087254,2339
ENSG00000229557,91131407,91127613,3794
ENSG00000214178,91272577,91272081,496
ENSG00000100028,24582052,24555958,26094
ENSG00000184058,19783593,19756703,26890
ENSG00000155097,103073051,103021063,51988
ENSG00000237433,32191627,32190747,880
ENSG00000226054,36131376,36130489,887
ENSG00000261572,32238578,32236688,1890
ENSG00000164683,79767857,79764010,3847
ENSG00000267418,9183048,9182369,679
ENSG00000166797,64093857,64072565,21292
ENSG00000267775,9192170,9191286,884
ENSG00000188000,9188817,9178979,9838
ENSG00000227458,30139059,30126433,12626
ENSG00000187847,9210067,9198354,11713
ENSG00000174667,9219589,9210276,9313
ENSG00000197608,52095765,52064466,31299
ENSG00000213939,4705217,4704816,401
ENSG00000230947,24599398,24598054,1344
ENSG00000244184,4705529,4704230,1299
ENSG00000286070,24629005,24556007,72998
ENSG00000023608,61796428,61762420,34008
ENSG00000188314,9236076,9235144,932
ENSG00000230214,36630857,36630335,522
ENSG00000285597,45280474,45279423,1051
ENSG00000224279,38575431,38574931,500
ENSG00000284705,36710582,36703953,6629
ENSG00000230873,17131372,17102258,29114
ENSG00000273509,62934964,62924911,10053
ENSG00000249379,53506919,53503185,3734
ENSG00000215417,91354579,91347820,6759
ENSG00000231683,53617171,53561289,55882
ENSG00000277691,54798282,54786460,11822
ENSG00000260160,52063703,52058490,5213
ENSG00000276885,54847746,54832710,15036
ENSG00000267755,1377520,1376773,747
ENSG00000235390,45321692,45321077,615
ENSG00000279488,1374364,1372238,2126
ENSG00000206113,2462942,2418974,43968
ENSG00000243489,44647650,44646414,1236
ENSG00000147457,23262000,23243637,18363
ENSG00000227334,30341350,30341216,134
ENSG00000229880,44678086,44675868,2218
ENSG00000284834,21535346,21534404,942
ENSG00000284788,21544008,21542990,1018
ENSG00000212935,44558760,44557790,970
ENSG00000170293,32370321,32238679,131642
ENSG00000125999,33309871,33273480,36391
ENSG00000259322,78296049,78293286,2763
ENSG00000189169,44698044,44697172,872
ENSG00000164379,1314758,1312098,2660
ENSG00000140395,78299703,78277835,21868
ENSG00000274513,54281944,54274450,7494
ENSG00000115234,27377535,27370496,7039
ENSG00000215454,44638284,44573724,64560
ENSG00000163683,39638902,39546336,92566
ENSG00000140525,89317261,89243949,73312
ENSG00000262961,5731085,5730289,796
ENSG00000248399,2464124,2463797,327
ENSG00000271605,64468643,64449037,19606
ENSG00000248155,2608146,2607870,276
ENSG00000234737,32260230,32258940,1290
ENSG00000270377,32244018,32243847,171
ENSG00000069998,17165287,17137511,27776
ENSG00000233504,31219449,31219263,186
ENSG00000259433,45332634,45330209,2425
ENSG00000100644,61748259,61695513,52746
ENSG00000254337,68852763,68848742,4021
ENSG00000233780,20949599,20938564,11035
ENSG00000063978,2625320,2462220,163100
ENSG00000241123,44580604,44579455,1149
ENSG00000099953,23784316,23768226,16090
ENSG00000187766,44612954,44612079,875
ENSG00000253658,69104190,68911803,192387
ENSG00000212933,44654659,44654213,446
ENSG00000231681,50262994,50202001,60993
ENSG00000272804,44602174,44600597,1577
ENSG00000236930,45884113,45883640,473
ENSG00000284837,5930696,5772234,158462
ENSG00000259416,85756237,85754941,1296
ENSG00000254236,103021428,103020187,1241
ENSG00000163818,45916042,45823316,92726
ENSG00000179314,6124427,6057807,66620
ENSG00000271042,99082761,99082449,312
ENSG00000236240,92510094,92484606,25488
ENSG00000254332,69130345,69129598,747
ENSG00000282864,91486870,91485793,1077
ENSG00000232699,99175479,99174744,735
ENSG00000283097,92449056,92446470,2586
ENSG00000228451,26382953,26375913,7040
ENSG00000238203,31844312,31832609,11703
ENSG00000229287,92180885,92180715,170
ENSG00000235620,50275622,50274790,832
ENSG00000282993,92659227,92658994,233
ENSG00000259195,85771163,85770990,173
ENSG00000179399,92873682,91398621,1475061
ENSG00000183655,85794925,85759326,35599
ENSG00000249927,18894168,18893902,266
ENSG00000249285,18909543,18908866,677
ENSG00000234469,9968352,9967358,994
ENSG00000260151,27344917,27343436,1481
ENSG00000242654,19041386,19041009,377
ENSG00000249174,19142346,18965861,176485
ENSG00000251487,19038799,19035197,3602
ENSG00000127533,16892606,16888860,3746
ENSG00000176435,38256369,38254103,2266
ENSG00000250392,119964293,119939540,24753
ENSG00000226222,24632601,24632257,344
ENSG00000250183,119963898,119937557,26341
ENSG00000236836,24658237,24650073,8164
ENSG00000282997,91996523,91994518,2005
ENSG00000237521,9252625,9247344,5281
ENSG00000232885,92340603,92339794,809
ENSG00000282560,106677362,106676918,444
ENSG00000102230,24672677,24558087,114590
ENSG00000152359,75717481,75674124,43357
ENSG00000235984,92721614,92701389,20225
ENSG00000230314,11078226,11043524,34702
ENSG00000240056,134942450,134941392,1058
ENSG00000244081,63025993,63025597,396
ENSG00000282865,92241951,92239835,2116
ENSG00000180926,9261716,9261015,701
ENSG00000118514,134950115,134917393,32722
ENSG00000198312,63059217,63055641,3576
ENSG00000224060,12347495,12339813,7682
ENSG00000268985,17013460,17009189,4271
ENSG00000232730,12322835,12321623,1212
ENSG00000274541,11015888,11015586,302
ENSG00000227472,30151257,30142269,8988
ENSG00000225117,12387328,12354096,33232
ENSG00000197977,11044305,10980759,63546
ENSG00000230472,50637205,50587607,49598
ENSG00000232226,12258033,12252321,5712
ENSG00000206159,12421587,12088010,333577
ENSG00000250479,23768443,23765834,2609
ENSG00000253190,66115207,66112667,2540
ENSG00000261147,90272208,90249556,22652
ENSG00000134107,4985323,4979116,6207
ENSG00000269481,17422324,17414257,8067
ENSG00000175063,45816957,45812576,4381
ENSG00000214433,90295683,90291962,3721
ENSG00000259194,51369110,51367377,1733
ENSG00000282851,17419324,17405686,13638
ENSG00000167889,76950393,76868456,81937
ENSG00000272592,61685388,61684892,496
ENSG00000008197,50772988,50713828,59160
ENSG00000226360,61743106,61742455,651
ENSG00000280239,4450836,4448810,2026
ENSG00000279469,134395008,134394360,648
ENSG00000228998,90275716,90275129,587
ENSG00000237456,62124608,62124204,404
ENSG00000186417,51408005,51341655,66350
ENSG00000183346,61766766,61662961,103805
ENSG00000167670,4445018,4402640,42378
ENSG00000241472,62369330,62260865,108465
ENSG00000213471,90265482,90249530,15952
ENSG00000248559,134401921,134399495,2426
ENSG00000132975,26760786,26755200,5586
ENSG00000236477,12245457,12244752,705
ENSG00000169314,23765861,23763021,2840
ENSG00000237190,134411881,134402065,9816
ENSG00000274236,106682939,106682404,535
ENSG00000249557,19234487,19233366,1121
ENSG00000255525,31314548,31305685,8863
ENSG00000255370,31280987,31280672,315
ENSG00000285471,6080792,5772926,307866
ENSG00000272835,42084284,42079691,4593
ENSG00000170959,31369810,30830369,539441
ENSG00000204173,111631289,111602831,28458
ENSG00000136156,48270357,48232612,37745
ENSG00000109205,70204576,70196496,8080
ENSG00000235831,4979961,4896809,83152
ENSG00000275674,90314499,90266317,48182
ENSG00000185043,90234047,90229975,4072
ENSG00000282821,106691213,106690773,440
ENSG00000248766,20158956,20158662,294
ENSG00000282018,106696725,106696478,247
ENSG00000249854,20347972,20305565,42407
ENSG00000282045,106700225,106699696,529
ENSG00000234417,30349710,30349077,633
ENSG00000244115,111670229,111631386,38843
ENSG00000267030,4448217,4447304,913
ENSG00000145526,20575873,19471296,1104577
ENSG00000280668,94008863,93997270,11593
ENSG00000267255,4430934,4429689,1245
ENSG00000267769,4455286,4454014,1272
ENSG00000185837,17165445,17159384,6061
ENSG00000262181,46047,45034,1013
ENSG00000114405,62336213,62318973,17240
ENSG00000059769,111654351,111631334,23017
ENSG00000173213,49557,47390,2167
ENSG00000286247,20734526,20725331,9195
ENSG00000148187,122331337,122264603,66734
ENSG00000225624,20742900,20727254,15646
ENSG00000250866,5176214,5142138,34076
ENSG00000274101,54581617,54575908,5709
ENSG00000259324,21596526,21595684,842
ENSG00000282965,73545,49815,23730
ENSG00000285491,21610043,21609102,941
ENSG00000087589,56460387,56412112,48275
ENSG00000145536,5320304,5140330,179974
ENSG00000285116,21615051,21614118,933
ENSG00000280369,10343131,10342813,318
ENSG00000197444,49762379,49734641,27738
ENSG00000279408,21652968,21651844,1124
ENSG00000259802,10353601,10352701,900
ENSG00000284988,21557161,21552815,4346
ENSG00000153551,32483067,32391671,91396
ENSG00000234363,20956443,20956179,264
ENSG00000229700,20042940,20042455,485
ENSG00000280709,21653276,21552795,100481
ENSG00000213621,20962195,20961310,885
ENSG00000232095,30354089,30352921,1168
ENSG00000062725,60526242,60443158,83084
ENSG00000242616,111670226,111661605,8621
ENSG00000285801,25134971,25061796,73175
ENSG00000213770,27350290,27349717,573
ENSG00000271396,90285580,90284376,1204
ENSG00000237956,27378362,27378138,224
ENSG00000079691,25620530,25279078,341452
ENSG00000163795,27380790,27377235,3555
ENSG00000284626,90265462,90234200,31262
ENSG00000132952,30660770,30617693,43077
ENSG00000182974,21638992,21637909,1083
ENSG00000232394,27776798,27775621,1177
ENSG00000183208,90245811,90233808,12003
ENSG00000008256,6272644,6161776,110868
ENSG00000275290,54595774,54581134,14640
ENSG00000182077,27414368,27397121,17247
ENSG00000279639,21575207,21574225,982
ENSG00000104044,28099315,27754875,344440
ENSG00000281809,1324022,1321698,2324
ENSG00000261730,1385066,1383790,1276
ENSG00000236184,32980403,32979560,843
ENSG00000137273,1395603,1389576,6027
ENSG00000225693,33020165,33019682,483
ENSG00000250062,86219926,86117912,102014
ENSG00000228601,56459583,56459428,155
ENSG00000284720,36769725,36768122,1603
ENSG00000254503,17418288,17417031,1257
ENSG00000144724,62297609,61561569,736040
ENSG00000196143,19181269,19180291,978
ENSG00000270378,51351192,51351100,92
ENSG00000271632,19200279,19199763,516
ENSG00000137074,33025168,32972606,52562
ENSG00000141971,17433724,17405722,28002
ENSG00000138639,86002668,85475150,527518
ENSG00000277252,19220912,19220796,116
ENSG00000275345,90282270,90281858,412
ENSG00000196683,22822852,22812628,10224
ENSG00000267568,76969156,76950317,18839
ENSG00000225980,9268819,9265440,3379
ENSG00000258781,19229945,19228898,1047
ENSG00000270322,90282031,90281848,183
ENSG00000182768,90278141,90265659,12482
ENSG00000046651,13769357,13734745,34612
ENSG00000267204,32105916,32102088,3828
ENSG00000226480,9279369,9278448,921
ENSG00000267521,76958222,76957023,1199
ENSG00000267133,32106537,32103583,2954
ENSG00000218027,1515289,1513698,1591
ENSG00000147573,66175485,66126896,48589
ENSG00000280122,76969530,76966285,3245
ENSG00000278208,126364938,126364076,862
ENSG00000196110,9309838,9294275,15563
ENSG00000259072,38311930,38290953,20977
ENSG00000281979,103165294,103164581,713
ENSG00000244306,19337730,19268853,68877
ENSG00000271468,38606098,38605255,843
ENSG00000228237,46692098,46674036,18062
ENSG00000258948,38728481,38727275,1206
ENSG00000270553,60513550,60513190,360
ENSG00000285788,45866571,45842265,24306
ENSG00000173585,45903175,45886504,16671
ENSG00000285522,770113,770005,108
ENSG00000259070,38948273,38749339,198934
ENSG00000159658,46719114,46675159,43955
ENSG00000206077,784729,710355,74374
ENSG00000267510,9294482,9291515,2967
ENSG00000091317,32502852,32481312,21540
ENSG00000233214,35424652,35424062,590
ENSG00000100804,23035230,23016543,18687
ENSG00000112183,17293871,17281361,12510
ENSG00000232680,35434642,35432957,1685
ENSG00000277156,19268164,19267115,1049
ENSG00000176115,63143401,63127359,16042
ENSG00000257310,19247673,19244962,2711
ENSG00000260274,75369584,75368155,1429
ENSG00000182021,63127100,63111255,15845
ENSG00000234481,36775768,36773140,2628
ENSG00000285990,19269380,19244904,24476
ENSG00000276744,75453947,75452964,983
ENSG00000177350,55767717,55766177,1540
ENSG00000228294,19316914,19301704,15210
ENSG00000258784,55773203,55748208,24995
ENSG00000146267,99350062,99271168,78894
ENSG00000169375,75455842,75369379,86463
ENSG00000258680,38835788,38835389,399
ENSG00000233146,33329969,33316869,13100
ENSG00000228334,3086421,3083252,3169
ENSG00000275216,109278512,109269634,8878
ENSG00000125997,33354444,33347720,6724
ENSG00000163873,37034515,36795527,238988
ENSG00000259562,78291221,78290527,694
ENSG00000249908,768930,767382,1548
ENSG00000277482,78299924,78299701,223
ENSG00000223617,109297690,109281973,15717
ENSG00000233884,87853442,87848113,5329
ENSG00000214132,20305448,20304045,1403
ENSG00000272418,78282190,78280950,1240
ENSG00000151379,17817101,17816496,605
ENSG00000230256,26905861,26905362,499
ENSG00000282439,106705723,106705284,439
ENSG00000283579,26991996,26965967,26029
ENSG00000270248,52110726,52110318,408
ENSG00000140403,78282196,78264086,18110
ENSG00000223782,26977789,26977543,246
ENSG00000281484,17612947,17604145,8802
ENSG00000236874,48384895,48383323,1572
ENSG00000218198,27017909,27017554,355
ENSG00000274261,48410716,48407367,3349
ENSG00000232176,19201046,19200335,711
ENSG00000270713,38974085,38973399,686
ENSG00000231473,48303661,48296513,7148
ENSG00000198467,35690121,35681992,8129
ENSG00000217455,3174654,3140234,34420
ENSG00000184949,38656629,38578120,78509
ENSG00000126262,35451767,35443907,7860
ENSG00000224531,11138733,11093834,44899
ENSG00000228197,29331112,29329677,1435
ENSG00000173264,64289500,64270062,19438
ENSG00000279656,23024217,23023083,1134
ENSG00000213972,25273751,25272200,1551
ENSG00000163558,170305977,170222424,83553
ENSG00000258421,78060278,78059942,336
ENSG00000244476,11111725,11102489,9236
ENSG00000217805,25181745,25181359,386
ENSG00000276999,21656539,21655154,1385
ENSG00000236963,20431234,20360579,70655
ENSG00000275482,142932255,142916237,16018
ENSG00000005102,43661922,43640389,21533
ENSG00000271108,25248779,25248263,516
ENSG00000280066,21687706,21687036,670
ENSG00000216718,25261731,25261239,492
ENSG00000279280,21719670,21719001,669
ENSG00000219682,25141403,25140003,1400
ENSG00000271245,11155150,11154929,221
ENSG00000198677,95555007,95461755,93252
ENSG00000113108,140564781,140558268,6513
ENSG00000280218,21729514,21729280,234
ENSG00000281317,17633199,17611744,21455
ENSG00000168405,25452263,25061626,390637
ENSG00000230060,31714117,31706001,8116
ENSG00000282315,141465933,141464977,956
ENSG00000272279,1528911,1528364,547
ENSG00000007923,6701924,6634168,67756
ENSG00000259608,85958971,85958717,254
ENSG00000248288,65210948,65209921,1027
ENSG00000278711,126367107,126365344,1763
ENSG00000282029,1186922,1160740,26182
ENSG00000250732,65251784,65251127,657
ENSG00000282063,103152327,103152009,318
ENSG00000049192,65481920,65148738,333182
ENSG00000282515,1260201,1247928,12273
ENSG00000279112,21762917,21760226,2691
ENSG00000285165,50400097,50388489,11608
ENSG00000276226,126411516,126406834,4682
ENSG00000267827,52171533,52130548,40985
ENSG00000226487,20413253,20412304,949
ENSG00000280916,1607354,1601654,5700
ENSG00000274746,21777028,21732245,44783
ENSG00000243680,52143336,52143043,293
ENSG00000111859,11382348,11183298,199050
ENSG00000279445,21683962,21683038,924
ENSG00000185811,50405101,50304068,101033
ENSG00000204611,52139938,52113091,26847
ENSG00000168066,64778786,64764606,14180
ENSG00000101220,3768387,3753508,14879
ENSG00000158486,21159441,20933111,226330
ENSG00000113384,32174319,32124716,49603
ENSG00000275517,11356402,11351822,4580
ENSG00000204033,84225589,84220495,5094
ENSG00000258777,61695823,61681041,14782
ENSG00000258667,61751097,61715558,35539
ENSG00000259636,86946331,86932880,13451
ENSG00000258964,61776260,61734138,42122
ENSG00000259620,86988426,86938797,49629
ENSG00000100346,39689737,39570753,118984
ENSG00000273540,87029052,86079973,949079
ENSG00000228649,22861579,22854178,7401
ENSG00000196267,52171643,52153864,17779
ENSG00000228992,27896582,27895704,878
ENSG00000198856,108667820,108650585,17235
ENSG00000281113,21705627,21703428,2199
ENSG00000115380,55924139,55865967,58172
ENSG00000281087,21710270,21709649,621
ENSG00000280969,20781032,20756164,24868
ENSG00000281179,21718245,21717808,437
ENSG00000236053,109311773,109310135,1638
ENSG00000142511,50771732,50770464,1268
ENSG00000054598,1613897,1609915,3982
ENSG00000258791,55796731,55781132,15599
ENSG00000229792,109401641,109400696,945
ENSG00000267927,52177002,52171158,5844
ENSG00000234854,109730007,109728282,1725
ENSG00000268458,52144156,52142626,1530
ENSG00000285534,109731700,109478739,252961
ENSG00000119446,122264840,122237622,27218
ENSG00000261341,50793142,50776141,17001
ENSG00000170745,18361616,17877847,483769
ENSG00000145214,986895,958887,28008
ENSG00000150457,21061586,20973036,88550
ENSG00000268375,50793584,50792685,899
ENSG00000142513,50795224,50790415,4809
ENSG00000259129,47795092,47764954,30138
ENSG00000237834,29668964,29653572,15392
ENSG00000281550,21735945,21735506,439
ENSG00000278263,21742799,21742364,435
ENSG00000233851,21018122,21005157,12965
ENSG00000224482,20811809,20808776,3033
ENSG00000216844,20843710,20843256,454
ENSG00000180172,21094714,21094315,399
ENSG00000229551,20862337,20861337,1000
ENSG00000260477,86116717,86078809,37908
ENSG00000237555,43389041,43388642,399
ENSG00000183077,78207701,78187317,20384
ENSG00000233711,43423538,43423196,342
ENSG00000225585,21104371,21103003,1368
ENSG00000243648,134423335,134422838,497
ENSG00000226504,20907562,20907344,218
ENSG00000250564,134460615,134429051,31564
ENSG00000254488,21044724,21038289,6435
ENSG00000250994,134492519,134436711,55808
ENSG00000226329,22881350,22863874,17476
ENSG00000237427,21131181,21130870,311
ENSG00000260125,86317173,86295649,21524
ENSG00000282813,103099764,103086630,13134
ENSG00000269053,17419774,17419305,469
ENSG00000251169,134509229,134506552,2677
ENSG00000204138,28500364,28369582,130782
ENSG00000262400,25152883,25152547,336
ENSG00000253373,69178189,69175579,2610
ENSG00000219681,25219069,25218688,381
ENSG00000280420,134523096,134522613,483
ENSG00000251229,2506279,2505081,1198
ENSG00000259734,86631136,86630266,870
ENSG00000233466,30409122,30404517,4605
ENSG00000261077,86140240,86139838,402
ENSG00000247925,11259099,11173452,85647
ENSG00000184319,50801309,50756948,44361
ENSG00000125386,2732565,2536631,195934
ENSG00000227803,20317739,20212087,105652
ENSG00000172197,20212399,20102145,110254
ENSG00000138190,93059493,92834713,224780
ENSG00000253825,120040615,120035033,5582
ENSG00000276358,45490401,45435902,54499
ENSG00000099821,633537,617221,16316
ENSG00000232344,18011822,18010643,1179
ENSG00000231892,3198256,3196626,1630
ENSG00000136514,187372076,187368385,3691
ENSG00000148604,84259960,84230666,29294
ENSG00000278496,27077962,27077218,744
ENSG00000171953,18039209,17977409,61800
ENSG00000152484,27171811,27066156,105655
ENSG00000108797,42699993,42682531,17462
ENSG00000280270,187384849,187383101,1748
ENSG00000133805,10507579,10308313,199266
ENSG00000228952,187449450,187448845,605
ENSG00000205644,65416222,65415353,869
ENSG00000263716,7135819,7134931,888
ENSG00000157103,11039247,10992186,47061
ENSG00000223933,30457898,30456371,1527
ENSG00000164109,120066858,120055623,11235
ENSG00000261763,139682564,139678620,3944
ENSG00000250543,139689342,139688403,939
ENSG00000277276,94049624,94026329,23295
ENSG00000233643,61821246,61781745,39501
ENSG00000263331,21130108,21120758,9350
ENSG00000002330,64284704,64269830,14874
ENSG00000250161,139845411,139845078,333
ENSG00000251471,139859894,139837220,22674
ENSG00000011638,21180616,21158377,22239
ENSG00000229412,29440906,29439235,1671
ENSG00000284743,20480397,20478779,1618
ENSG00000284641,20478937,20476222,2715
ENSG00000275723,103149564,103099776,49788
ENSG00000227446,29397539,29396471,1068
ENSG00000282117,106709031,106708076,955
ENSG00000223412,30460108,30458739,1369
ENSG00000282652,106711243,106711198,45
ENSG00000222028,23043331,23042167,1164
ENSG00000227703,30476445,30475795,650
ENSG00000234347,29457001,29425439,31562
ENSG00000275440,54598499,54597653,846
ENSG00000021762,3166739,3087107,79632
ENSG00000162545,20486210,20482391,3819
ENSG00000230742,29431896,29422544,9352
ENSG00000008196,50847619,50818723,28896
ENSG00000146555,4269000,3301252,967748
ENSG00000242022,29450027,29373478,76549
ENSG00000224707,20440178,20437821,2357
ENSG00000145217,993440,979073,14367
ENSG00000249103,29418163,29417201,962
ENSG00000112242,20493714,20401879,91835
ENSG00000138095,43995989,43886224,109765
ENSG00000206422,7232047,7231125,922
ENSG00000267042,42682020,42679963,2057
ENSG00000041988,6635586,6624866,10720
ENSG00000150347,62096944,61901684,195260
ENSG00000184451,42683917,42678889,5028
ENSG00000286126,7461135,7455844,5291
ENSG00000236183,31709252,31706055,3197
ENSG00000206104,30643136,30642864,272
ENSG00000231068,30718777,30718525,252
ENSG00000157005,187670394,187668912,1482
ENSG00000232984,29464258,29457111,7147
ENSG00000267765,42699466,42683187,16279
ENSG00000281417,42132983,42132528,455
ENSG00000232162,27169135,27162855,6280
ENSG00000280613,42148836,42090931,57905
ENSG00000187005,30755428,30755015,413
ENSG00000282020,1622707,1604655,18052
ENSG00000236400,30742595,30741780,815
ENSG00000187026,30747233,30746794,439
ENSG00000259708,78264156,78250502,13654
ENSG00000238257,30762882,30762682,200
ENSG00000233036,30802427,30802242,185
ENSG00000127415,1004564,986997,17567
ENSG00000282325,45463720,45452499,11221
ENSG00000255420,8016489,8011278,5211
ENSG00000282318,1708042,1627028,81014
ENSG00000227840,30807119,30806932,187
ENSG00000229820,28453934,28453541,393
ENSG00000249328,79871759,79769372,102387
ENSG00000183640,30813252,30812697,555
ENSG00000047644,10144478,10015562,128916
ENSG00000262692,3722488,3721628,860
ENSG00000275645,75347161,75346744,417
ENSG00000213655,123236370,123236079,291
ENSG00000177602,3726699,3723903,2796
ENSG00000272138,79802842,79768142,34700
ENSG00000241890,75388828,75388267,561
ENSG00000274749,30829759,30829039,720
ENSG00000083457,3801188,3714628,86560
ENSG00000273397,42090955,42085525,5430
ENSG00000243430,29746182,29742604,3578
ENSG00000140400,75368612,75355207,13405
ENSG00000228202,29745646,29745422,224
ENSG00000228491,29746102,29738863,7239
ENSG00000258580,32417974,32373337,44637
ENSG00000220563,85660606,85659892,714
ENSG00000282786,1731018,1729770,1248
ENSG00000230273,17981572,17981192,380
ENSG00000151320,32837684,32329298,508386
ENSG00000233904,30484059,30479321,4738
ENSG00000132906,15526534,15490832,35702
ENSG00000095203,109320964,109171975,148989
ENSG00000280750,42090028,42089630,398
ENSG00000282481,1764146,1761552,2594
ENSG00000171962,18016889,17972813,44076
ENSG00000280821,42150238,42148576,1662
ENSG00000272532,42130888,42126481,4407
ENSG00000281365,48472414,48471308,1106
ENSG00000218732,72317436,72316599,837
ENSG00000281460,48477553,48476999,554
ENSG00000278220,1786132,1755340,30792
ENSG00000255679,96506826,96447132,59694
ENSG00000183340,96507574,96389989,117585
ENSG00000285977,4635654,4633065,2589
ENSG00000254244,4788584,4787332,1252
ENSG00000079841,72403143,71886703,516440
ENSG00000229861,30704850,30696164,8686
ENSG00000231188,100346390,100335563,10827
ENSG00000253162,3375226,3373353,1873
ENSG00000259117,47802201,47801926,275
ENSG00000256684,96514748,96508425,6323
ENSG00000282789,103089610,103088664,946
ENSG00000225118,92878289,92878092,197
ENSG00000282463,103141930,103141340,590
ENSG00000254587,96713822,96590317,123505
ENSG00000280655,21752710,21752278,432
ENSG00000183117,4994972,2935353,2059619
ENSG00000255376,96643225,96642671,554
ENSG00000280972,17660384,17659276,1108
ENSG00000124193,43464243,43457896,6347
ENSG00000280882,17707455,17705408,2047
ENSG00000170502,87459455,87422573,36882
ENSG00000280542,17742196,17732440,9756
ENSG00000214888,87859599,87857015,2584
ENSG00000282493,1760009,1757770,2239
ENSG00000234460,87866291,87864096,2195
ENSG00000148602,84241461,84231593,9868
ENSG00000243508,125344797,125344085,712
ENSG00000229048,125311350,125310881,469
ENSG00000177992,87888899,87882826,6073
ENSG00000163848,125375354,125225561,149793
ENSG00000233917,21877703,21846329,31374
ENSG00000226279,22882390,22881893,497
ENSG00000259868,55962970,55896547,66423
ENSG00000262081,88570,80140,8430
ENSG00000284650,37136146,37133489,2657
ENSG00000206490,30586674,30560870,25804
ENSG00000230246,87923505,87914493,9012
ENSG00000250322,123260118,123259949,169
ENSG00000274446,94330,94202,128
ENSG00000286136,108678874,108671953,6921
ENSG00000223944,37325100,37262739,62361
ENSG00000145375,123319433,122923078,396355
ENSG00000076554,80231232,80034745,196487
ENSG00000238110,87945023,87944276,747
ENSG00000139946,56301524,56117814,183710
ENSG00000198832,31120069,31104772,15297
ENSG00000283205,87956883,87956214,669
ENSG00000280271,21803339,21778251,25088
ENSG00000279614,21810673,21809967,706
ENSG00000273194,42108953,42107765,1188
ENSG00000122299,11797258,11750586,46672
ENSG00000279566,21818511,21814429,4082
ENSG00000262358,3730493,3729361,1132
ENSG00000273761,94081245,94050920,30325
ENSG00000225076,10038654,10024842,13812
ENSG00000260604,3911979,3904920,7059
ENSG00000282016,106711881,106711794,87
ENSG00000218472,3914292,3913922,370
ENSG00000277763,56117990,56117316,674
ENSG00000008086,18653629,18425583,228046
ENSG00000282161,106717569,106717338,231
ENSG00000230451,37330996,37330852,144
ENSG00000227447,12507369,12440046,67323
ENSG00000233621,37474411,37454879,19532
ENSG00000146192,37029069,37005646,23423
ENSG00000224593,3338601,3337889,712
ENSG00000235291,30697067,30678854,18213
ENSG00000282808,106720078,106719783,295
ENSG00000238221,7298872,7276031,22841
ENSG00000236708,3302452,3264032,38420
ENSG00000267649,55221616,55216660,4956
ENSG00000217135,3922146,3921847,299
ENSG00000283991,4134837,4130181,4656
ENSG00000230570,7342056,7340854,1202
ENSG00000282055,106728827,106728533,294
ENSG00000236510,3643784,3642815,969
ENSG00000217566,3941801,3941282,519
ENSG00000260331,18548204,18547386,818
ENSG00000286230,55217281,55214287,2994
ENSG00000164304,7389742,7326656,63086
ENSG00000282350,106739862,106739363,499
ENSG00000281833,169772042,169770413,1629
ENSG00000109061,10518542,10492307,26235
ENSG00000237124,109301172,109300186,986
ENSG00000142186,65538704,65525077,13627
ENSG00000216657,3979099,3978062,1037
ENSG00000276187,169781584,169751622,29962
ENSG00000182591,30881555,30880644,911
ENSG00000163874,37484377,37474580,9797
ENSG00000228804,187733849,187702313,31536
ENSG00000240405,70518064,69999550,518514
ENSG00000282482,106748774,106748255,519
ENSG00000269927,71143253,71141125,2128
ENSG00000166634,63567011,63556160,10851
ENSG00000280681,17211347,17210469,878
ENSG00000120057,97771999,97766751,5248
ENSG00000280973,17299798,17299421,377
ENSG00000285938,187746028,187743686,2342
ENSG00000279926,3984130,3982673,1457
ENSG00000232232,30415453,30415319,134
ENSG00000113916,187745725,187721377,24348
ENSG00000282421,106753288,106752844,444
ENSG00000230648,4021215,4018843,2372
ENSG00000240857,18560679,18554723,5956
ENSG00000272248,4019202,4018713,489
ENSG00000259106,79633311,79611418,21893
ENSG00000258829,79074767,79072132,2635
ENSG00000235573,31113396,31113017,379
ENSG00000259907,71182106,71181456,650
ENSG00000229149,30423815,30423182,633
ENSG00000258637,79791263,79661666,129597
ENSG00000259045,32484800,32484098,702
ENSG00000263006,122219,109065,13154
ENSG00000275148,106762228,106761791,437
ENSG00000258662,79249023,79246668,2355
ENSG00000258517,71218216,71212633,5583
ENSG00000250741,18589564,18555545,34019
ENSG00000269945,71222724,71219100,3624
ENSG00000258719,78698122,78695321,2801
ENSG00000223560,30428182,30427014,1168
ENSG00000258723,78283376,78279572,3804
ENSG00000197345,68903835,68891276,12559
ENSG00000282822,106775426,106774973,453
ENSG00000258478,78753878,78744398,9480
ENSG00000258419,79201632,79199982,1650
ENSG00000282399,106786859,106786363,496
ENSG00000239438,78231619,78231281,338
ENSG00000196230,30725426,30720352,5074
ENSG00000258874,78709934,78703615,6319
ENSG00000282453,106795266,106794747,519
ENSG00000206102,31038476,31038159,317
ENSG00000282679,106799794,106799336,458
ENSG00000228941,31063168,31060600,2568
ENSG00000021645,79868290,78170373,1697917
ENSG00000236727,30483222,30478618,4604
ENSG00000233298,29748281,29747862,419
ENSG00000251568,5376836,5375723,1113
ENSG00000278042,106815409,106814867,542
ENSG00000248729,5395957,5395378,579
ENSG00000250808,5396335,5395972,363
ENSG00000225382,30583131,30580177,2954
ENSG00000271034,70126609,70125070,1539
ENSG00000242728,70140488,70140217,271
ENSG00000242120,70312726,70196894,115832
ENSG00000273539,106827409,106826868,541
ENSG00000259079,71330738,71330342,396
ENSG00000285612,71590354,71586269,4085
ENSG00000276731,54769216,54754688,14528
ENSG00000173250,146516190,146513103,3087
ENSG00000197555,71741229,71320449,420780
ENSG00000251476,5396968,5396477,491
ENSG00000166405,8169055,8106056,62999
ENSG00000185013,18589572,18562872,26700
ENSG00000230398,2362738,2362258,480
ENSG00000225310,2985575,2985231,344
ENSG00000091181,3126613,3066326,60287
ENSG00000280198,18026771,18026072,699
ENSG00000286009,12663474,12661309,2165
ENSG00000272540,30723877,30723105,772
ENSG00000258639,48046216,48045481,735
ENSG00000228411,12803830,12801973,1857
ENSG00000270359,48319394,48319068,326
ENSG00000233774,12634402,12618983,15419
ENSG00000123171,51866232,51861981,4251
ENSG00000258750,48399375,48398310,1065
ENSG00000114374,12860839,12537650,323189
ENSG00000258751,48491767,48396508,95259
ENSG00000242417,48490434,48489883,551
ENSG00000232872,51910621,51908218,2403
ENSG00000264424,10469559,10443290,26269
ENSG00000279677,51921587,51921251,336
ENSG00000178397,6348981,6329411,19570
ENSG00000248568,146707600,146706381,1219
ENSG00000267072,5043999,5010909,33090
ENSG00000215704,15491400,15465909,25491
ENSG00000260882,5078605,5078168,437
ENSG00000156475,147084784,146581146,503638
ENSG00000136059,38007188,37988059,19129
ENSG00000103174,5034141,5024844,9297
ENSG00000286075,6348959,6329412,19547
ENSG00000176225,70205945,70003031,202914
ENSG00000258381,48819593,48819360,233
ENSG00000258868,49077505,49057713,19792
ENSG00000164089,108763054,108742048,21006
ENSG00000182866,32286165,32251239,34926
ENSG00000142615,15472091,15456728,15363
ENSG00000253737,101140929,101139665,1264
ENSG00000130592,1892267,1852970,39297
ENSG00000261087,101169629,101166805,2824
ENSG00000214970,10623036,10579040,43996
ENSG00000275525,54610302,54601794,8508
ENSG00000125414,10549700,10521148,28552
ENSG00000250892,205009,201409,3600
ENSG00000101557,214629,158383,56246
ENSG00000275426,150317,149738,579
ENSG00000250312,202303,124501,77802
ENSG00000254921,8039718,8035446,4272
ENSG00000279391,8077781,8075573,2208
ENSG00000166402,8106112,8019244,86868
ENSG00000198471,187702557,187698259,4298
ENSG00000101470,45833745,45823214,10531
ENSG00000253216,69446260,69446057,203
ENSG00000198155,255985,212610,43375
ENSG00000253479,69448244,69425035,23209
ENSG00000114686,131502983,131462212,40771
ENSG00000251188,269531,268982,549
ENSG00000081791,141942047,141923855,18192
ENSG00000244009,160453403,160452598,805
ENSG00000248710,160449829,160227454,222375
ENSG00000124783,7347446,7268306,79140
ENSG00000260647,18268828,18268080,748
ENSG00000196739,114312511,114155537,156974
ENSG00000113810,160434954,160399274,35680
ENSG00000114739,38493142,38453890,39252
ENSG00000260550,18571683,18570448,1235
ENSG00000256340,18598328,18571162,27166
ENSG00000171766,45402327,45361124,41203
ENSG00000251453,140582335,140581504,831
ENSG00000176087,140569100,140564828,4272
ENSG00000282735,34355586,34351514,4072
ENSG00000226863,12544883,12537773,7110
ENSG00000283602,140594570,140569962,24608
ENSG00000282305,106835307,106834616,691
ENSG00000282746,34359412,34358485,927
ENSG00000275737,54752797,54738502,14295
ENSG00000270265,151353224,151333775,19449
ENSG00000251611,151408835,151407551,1284
ENSG00000282186,106845590,106845350,240
ENSG00000275741,109808252,109785831,22421
ENSG00000283155,140592123,140562443,29680
ENSG00000276060,106848323,106847863,460
ENSG00000185950,109786583,109752695,33888
ENSG00000281966,106852339,106852045,294
ENSG00000275248,109805868,109805317,551
ENSG00000285861,3426587,3409133,17454
ENSG00000286041,32184504,32127334,57170
ENSG00000274394,54736497,54724479,12018
ENSG00000248332,8069373,8060038,9335
ENSG00000204338,32008451,32005636,2815
ENSG00000249779,43207811,43206709,1102
ENSG00000247763,43233173,43231812,1361
ENSG00000249888,43225813,43225506,307
ENSG00000177453,43280850,43192071,88779
ENSG00000102104,18672109,18639910,32199
ENSG00000039560,34832612,34656328,176284
ENSG00000233276,49358358,49357176,1182
ENSG00000228522,63343660,63330326,13334
ENSG00000186466,63333091,63317067,16024
ENSG00000226425,93060426,93059663,763
ENSG00000163681,57929168,57755450,173718
ENSG00000231970,97419524,97401115,18409
ENSG00000237238,63385117,63299453,85664
ENSG00000236187,18536120,18535079,1041
ENSG00000259761,87047161,87042054,5107
ENSG00000052749,97426076,97356358,69718
ENSG00000259560,87703852,87432058,271794
ENSG00000204644,29681110,29672392,8718
ENSG00000259527,87579866,87576929,2937
ENSG00000099194,100364826,100347233,17593
ENSG00000229589,38454820,38451027,3793
ENSG00000079134,268050,214520,53530
ENSG00000279607,93073466,93071972,1494
ENSG00000224564,29789808,29788811,997
ENSG00000285846,93077424,93063646,13778
ENSG00000213061,102845473,102838011,7462
ENSG00000275672,45380123,45378700,1423
ENSG00000120329,141304045,141302629,1416
ENSG00000229194,29794690,29787918,6772
ENSG00000187553,93069540,93060798,8742
ENSG00000171763,45421415,45402336,19079
ENSG00000277795,141261364,141259235,2129
ENSG00000178913,141320821,141260225,60596
ENSG00000111319,6377730,6346843,30887
ENSG00000282473,106856228,106855943,285
ENSG00000276708,106875593,106875299,294
ENSG00000273666,54713453,54707916,5537
ENSG00000234123,14574792,14572852,1940
ENSG00000283392,14641443,14602035,39408
ENSG00000095596,93077885,93073475,4410
ENSG00000203875,85678748,85660950,17798
ENSG00000235629,14649432,14648194,1238
ENSG00000233916,29708547,29708125,422
ENSG00000118894,5097808,5084304,13504
ENSG00000214435,102901899,102869470,32429
ENSG00000206412,30617469,30605288,12181
ENSG00000197641,63604639,63586989,17650
ENSG00000255205,97000711,97000274,437
ENSG00000270753,97086682,97086160,522
ENSG00000255039,97259987,97222644,37343
ENSG00000255502,97942762,97878781,63981
ENSG00000249553,146919506,146914207,5299
ENSG00000250407,146617004,146563226,53778
ENSG00000254555,97908537,97908253,284
ENSG00000255380,98131198,98130239,959
ENSG00000267440,43705884,43680273,25611
ENSG00000251203,26434065,26433029,1036
ENSG00000158079,94109856,94030794,79062
ENSG00000235823,100454043,100373513,80530
ENSG00000104765,26505636,26383054,122582
ENSG00000188508,35495558,35487324,8234
ENSG00000232849,93057926,93056657,1269
ENSG00000259678,51498833,51414097,84736
ENSG00000236138,75670185,75668931,1254
ENSG00000243422,75670156,75624275,45881
ENSG00000278177,93227317,93226612,705
ENSG00000259668,51460582,51457286,3296
ENSG00000172969,75667220,75664330,2890
ENSG00000235784,93395855,93394977,878
ENSG00000183098,94408020,93226807,1181213
ENSG00000235899,53631394,53628380,3014
ENSG00000251369,57559863,57535257,24606
ENSG00000278432,54704235,54703952,283
ENSG00000124743,53665756,53647916,17840
ENSG00000277894,54700905,54700593,312
ENSG00000125875,462543,435480,27063
ENSG00000104093,51622833,51447711,175122
ENSG00000282912,75625188,75624899,289
ENSG00000265844,77235430,77180106,55324
ENSG00000241622,75659014,75658534,480
ENSG00000282511,75634057,75629993,4064
ENSG00000227885,53794274,53740749,53525
ENSG00000157191,16460078,16440721,19357
ENSG00000285518,71739794,71734927,4867
ENSG00000164151,5490220,5420664,69556
ENSG00000259146,71321814,71292729,29085
ENSG00000241532,75654773,75653561,1212
ENSG00000251689,270175,269866,309
ENSG00000236520,94187991,94154193,33798
ENSG00000270316,102901899,102854272,47627
ENSG00000255823,10509189,10507887,1302
ENSG00000224394,93836144,93818424,17720
ENSG00000186777,305321,270675,34646
ENSG00000166573,77277896,77250549,27347
ENSG00000286159,48659119,48657073,2046
ENSG00000235266,102888188,102887874,314
ENSG00000124126,48827999,48624252,203747
ENSG00000166275,102864961,102854223,10738
ENSG00000272736,10537862,10383132,154730
ENSG00000235960,30163004,30153514,9490
ENSG00000264736,77437242,77435253,1989
ENSG00000264015,77560763,77421619,139144
ENSG00000133020,10421950,10390322,31628
ENSG00000264693,77624515,77622552,1963
ENSG00000070159,109498313,109375466,122847
ENSG00000120963,101206193,101177878,28315
ENSG00000155846,149855022,149730298,124724
ENSG00000274305,54392337,54379038,13299
ENSG00000225317,31510574,31509763,811
ENSG00000110315,10541230,10511673,29557
ENSG00000267253,43720436,43718314,2122
ENSG00000232572,31518962,31518383,579
ENSG00000259349,60550798,60526293,24505
ENSG00000219375,7331676,7331286,390
ENSG00000267678,60562161,60562010,151
ENSG00000220472,7339568,7338839,729
ENSG00000167941,43758791,43753738,5053
ENSG00000230182,5069044,5068676,368
ENSG00000267772,60586623,60564547,22076
ENSG00000186575,29698598,29603556,95042
ENSG00000232634,21222089,21221106,983
ENSG00000266943,60565671,60564740,931
ENSG00000121406,57557542,57527325,30217
ENSG00000278555,54602395,54594151,8244
ENSG00000282772,102854513,102845761,8752
ENSG00000132423,99394195,99369401,24794
ENSG00000170836,60666280,60600183,66097
ENSG00000271702,77633360,77632928,432
ENSG00000236937,102845950,102845595,355
ENSG00000239628,170353961,170345678,8283
ENSG00000236487,24682634,24681909,725
ENSG00000258401,49374383,49373966,417
ENSG00000265843,77993722,77971294,22428
ENSG00000274319,6365770,6365441,329
ENSG00000264334,77986610,77983020,3590
ENSG00000266213,78140887,78137223,3664
ENSG00000265644,78484867,78480549,4318
ENSG00000274112,42084284,42079691,4593
ENSG00000103184,5019157,4958330,60827
ENSG00000274495,54394035,54392112,1923
ENSG00000236476,46743133,46742329,804
ENSG00000156983,9748018,9731729,16289
ENSG00000227666,94038345,94038030,315
ENSG00000036565,20183206,20144855,38351
ENSG00000258568,49600572,49599994,578
ENSG00000254362,26442595,26440491,2104
ENSG00000165501,49614672,49598761,15911
ENSG00000198836,193697823,193593144,104679
ENSG00000253430,26423929,26422593,1336
ENSG00000168056,65558930,65538805,20125
ENSG00000282313,142953930,142936996,16934
ENSG00000253208,26548463,26547669,794
ENSG00000092964,26658178,26514031,144147
ENSG00000276971,142946922,142932365,14557
ENSG00000153446,5066110,5044122,21988
ENSG00000090905,24827632,24610209,217423
ENSG00000178209,143976734,143915147,61587
ENSG00000248468,131520880,131517831,3049
ENSG00000137413,42087461,42050513,36948
ENSG00000248530,131527179,131526447,732
ENSG00000272975,10623886,10383144,240742
ENSG00000177112,10599932,10541272,58660
ENSG00000233989,29469736,29464526,5210
ENSG00000144619,3057959,2098813,959146
ENSG00000229889,29476001,29474955,1046
ENSG00000228515,29487832,29486696,1136
ENSG00000133800,10611689,10556966,54723
ENSG00000111321,6391571,6375045,16526
ENSG00000111962,149076990,148747030,329960
ENSG00000007392,229463,188969,40494
ENSG00000215425,31536841,31520488,16353
ENSG00000118898,4960741,4882507,78234
ENSG00000226918,21318895,21311268,7627
ENSG00000072952,10693988,10573091,120897
ENSG00000244270,49577794,49577392,402
ENSG00000213741,49599164,49570984,28180
ENSG00000101049,43588237,43558968,29269
ENSG00000236591,149032573,149027700,4873
ENSG00000227660,148964684,148955628,9056
ENSG00000150459,21149084,21140514,8570
ENSG00000161992,565529,560394,5135
ENSG00000136811,128501292,128455186,46106
ENSG00000226389,49773299,49771841,1458
ENSG00000229870,49815562,49815096,466
ENSG00000169515,46413662,46410329,3333
ENSG00000280418,18959512,18951934,7578
ENSG00000277531,46428951,46424697,4254
ENSG00000110243,116792420,116789367,3053
ENSG00000219487,149112672,149112009,663
ENSG00000182013,46471563,46466491,5072
ENSG00000232287,11019224,11006098,13126
ENSG00000279737,35896020,35895689,331
ENSG00000270437,63087322,63083008,4314
ENSG00000248349,35896290,35896188,102
ENSG00000232403,63108429,63108118,311
ENSG00000242412,63119542,63117851,1691
ENSG00000099942,20953747,20917407,36340
ENSG00000236267,116814003,116813204,799
ENSG00000277848,66265884,65909030,356854
ENSG00000285513,116821541,116820645,896
ENSG00000110244,116823304,116820700,2604
ENSG00000132549,99877580,99013266,864314
ENSG00000164902,126627252,126600925,26327
ENSG00000265413,8405161,8402847,2314
ENSG00000237476,20964679,20957092,7587
ENSG00000280880,42139731,42138063,1668
ENSG00000280556,42139932,42136436,3496
ENSG00000237334,32935719,32935645,74
ENSG00000277365,42090955,42085525,5430
ENSG00000224082,5084429,5080212,4217
ENSG00000278231,48849458,48821688,27770
ENSG00000173482,8406861,7566782,840079
ENSG00000251629,20937691,20611840,325851
ENSG00000254939,98566827,98565074,1753
ENSG00000278009,49601124,49601011,113
ENSG00000254599,98683735,98676391,7344
ENSG00000254830,98945079,98938912,6167
ENSG00000248308,20830947,20830166,781
ENSG00000249490,20614765,20612625,2140
ENSG00000251143,72020910,72014291,6619
ENSG00000225924,149257551,149243299,14252
ENSG00000230907,32078741,32077157,1584
ENSG00000177688,149401292,149400227,1065
ENSG00000136238,6403967,6374527,29440
ENSG00000270772,57801448,57800056,1392
ENSG00000261714,75416020,75415249,771
ENSG00000137496,72005715,71998541,7174
ENSG00000164040,128288829,128269237,19592
ENSG00000278846,42108953,42107765,1188
ENSG00000280811,42137053,42090933,46120
ENSG00000140398,75357114,75346955,10159
ENSG00000216265,149304428,149304107,321
ENSG00000086061,33039907,33025273,14634
ENSG00000231116,31862971,31844536,18435
ENSG00000055208,149411613,149218641,192972
ENSG00000168813,32387667,32345594,42073
ENSG00000060303,50857662,50857255,407
ENSG00000216913,50898225,50897615,610
ENSG00000286203,94157219,94147966,9253
ENSG00000064687,1065572,1040101,25471
ENSG00000230262,94259545,94176568,82977
ENSG00000165181,111795008,111686173,108835
ENSG00000033011,5087379,5033923,53456
ENSG00000237679,94288550,94287699,851
ENSG00000250539,123402344,123400922,1422
ENSG00000269946,94200880,94166266,34614
ENSG00000269929,94179563,94166258,13305
ENSG00000168944,123423592,123344885,78707
ENSG00000281542,42090028,42089630,398
ENSG00000175787,94301454,94259311,42143
ENSG00000275211,42130902,42126495,4407
ENSG00000075290,100483744,100463041,20703
ENSG00000233838,62845912,62845664,248
ENSG00000092758,62841159,62816244,24915
ENSG00000164142,151670503,151409176,261327
ENSG00000261669,24819739,24803451,16288
ENSG00000240694,26514092,26504701,9391
ENSG00000254205,80127670,80122852,4818
ENSG00000224310,24671062,24661422,9640
ENSG00000272264,80033300,80032724,576
ENSG00000251432,128519394,128292751,226643
ENSG00000147586,80030289,79918717,111572
ENSG00000180044,160228213,160225496,2717
ENSG00000152611,35938779,35904288,34491
ENSG00000273077,128553416,128552590,826
ENSG00000248187,128570531,128567972,2559
ENSG00000068885,160399880,160256986,142894
ENSG00000248802,128601407,128582999,18408
ENSG00000280711,128769948,128768228,1720
ENSG00000182899,197956610,197949980,6630
ENSG00000272518,79957381,79956465,916
ENSG00000231508,97393547,97393197,350
ENSG00000070501,42371808,42338454,33354
ENSG00000285758,79930832,79891595,39237
ENSG00000276418,80080775,79918860,161915
ENSG00000277159,112606417,112602828,3589
ENSG00000103310,21214510,21197450,17060
ENSG00000186566,44503430,44395281,108149
ENSG00000181778,68540867,68536580,4287
ENSG00000197595,112684497,112647044,37453
ENSG00000043143,134583230,134524312,58918
ENSG00000136603,170396835,170357678,39157
ENSG00000228408,149245554,149217926,27628
ENSG00000274444,37109984,37109587,397
ENSG00000270304,37254952,37253879,1073
ENSG00000150764,112022584,111927144,95440
ENSG00000283608,149255415,149246095,9320
ENSG00000086991,89498187,89324353,173834
ENSG00000243122,37491103,37490691,412
ENSG00000259434,37490808,37365027,125781
ENSG00000281870,30413531,30406695,6836
ENSG00000280892,30416755,30414392,2363
ENSG00000141380,26091217,26016253,74964
ENSG00000226029,16468481,16460948,7533
ENSG00000080947,16499257,16467436,31821
ENSG00000160213,43776445,43772511,3934
ENSG00000183146,21386360,21382954,3406
ENSG00000223637,21401585,21394991,6594
ENSG00000226467,32126567,32116683,9884
ENSG00000232280,30732592,30717565,15027
ENSG00000237566,5099861,5099627,234
ENSG00000234030,43783573,43783123,450
ENSG00000234528,29636252,29635969,283
ENSG00000133794,13387266,13276652,110614
ENSG00000273164,19023550,19023056,494
ENSG00000237517,18994628,18970514,24114
ENSG00000145495,10440388,10353695,86693
ENSG00000283045,44486815,44486153,662
ENSG00000270393,19018916,19018043,873
ENSG00000273032,19031242,18970525,60717
ENSG00000267213,32405560,32390050,15510
ENSG00000227588,2144241,2110409,33832
ENSG00000242516,75679303,75672391,6912
ENSG00000237990,3069242,3039033,30209
ENSG00000178904,32485895,32405543,80352
ENSG00000156299,31559977,31118416,441561
ENSG00000227124,75785583,75678660,106923
ENSG00000271275,18997595,18997138,457
ENSG00000286025,19031242,19029524,1718
ENSG00000262983,21205977,21194847,11130
ENSG00000283583,18981325,18980695,630
ENSG00000283366,19014506,19014353,153
ENSG00000132965,30764426,30713478,50948
ENSG00000279924,18178465,18174010,4455
ENSG00000230929,126628319,126628019,300
ENSG00000230204,50913256,50912712,544
ENSG00000284844,72109329,72105924,3405
ENSG00000274331,109986565,109984858,1707
ENSG00000230641,27182998,27172259,10739
ENSG00000275294,27251288,27178263,73025
ENSG00000234772,27236811,27236282,529
ENSG00000149357,72103297,72085895,17402
ENSG00000147571,66178464,66176376,2088
ENSG00000279081,18207466,18206570,896
ENSG00000273622,54403578,54395351,8227
ENSG00000279516,18232024,18195297,36727
ENSG00000275175,92819992,92819598,394
ENSG00000234271,43523572,43523261,311
ENSG00000188211,17377341,17351726,25615
ENSG00000236968,3227407,3223816,3591
ENSG00000104679,23296279,23270120,26159
ENSG00000272086,32175272,32174471,801
ENSG00000230829,32222347,32221932,415
ENSG00000185513,43550950,43489442,61508
ENSG00000237879,30810645,30803206,7439
ENSG00000266979,44650349,44646364,3985
ENSG00000219314,17382120,17381367,753
ENSG00000267384,44645587,44645411,176
ENSG00000286029,50008076,49988716,19360
ENSG00000271222,44597344,44596346,998
ENSG00000180340,44559570,44557459,2111
ENSG00000230166,49909942,49909613,329
ENSG00000114473,197960142,197889077,71065
ENSG00000178440,50011654,49942056,69598
ENSG00000224091,5207308,5205041,2267
ENSG00000278046,54306726,54294418,12308
ENSG00000159556,76342475,76336773,5702
ENSG00000242361,32992379,32987867,4512
ENSG00000285498,5225461,5224309,1152
ENSG00000130844,53580269,53519527,60742
ENSG00000247872,817001,816346,655
ENSG00000132376,1516742,1494577,22165
ENSG00000265378,78506410,78505165,1245
ENSG00000028310,892801,850291,42510
ENSG00000285803,49988899,49981420,7479
ENSG00000103647,68727806,68578969,148837
ENSG00000204152,49974850,49942049,32801
ENSG00000255165,44072403,44071462,941
ENSG00000110455,44084222,44065925,18297
ENSG00000137269,53924125,53794497,129628
ENSG00000058404,44334577,44217150,117427
ENSG00000196900,126636284,126631705,4579
ENSG00000259514,76342063,76339609,2454
ENSG00000260196,17383531,17380649,2882
ENSG00000249086,1866667,1864177,2490
ENSG00000283787,1891895,1888577,3318
ENSG00000204149,50010499,49988318,22181
ENSG00000278869,49934074,49933198,876
ENSG00000187486,17389331,17385859,3472
ENSG00000102802,30925572,30906271,19301
ENSG00000275569,56306394,56305838,556
ENSG00000259483,56310761,56303490,7271
ENSG00000263970,8406953,8406761,192
ENSG00000266767,7754831,7741310,13521
ENSG00000273368,8155070,8154558,512
ENSG00000028528,64146090,64094123,51967
ENSG00000203616,13937325,13936993,332
ENSG00000264596,7815730,7814118,1612
ENSG00000215559,13980437,13909574,70863
ENSG00000266149,8367034,8360820,6214
ENSG00000236094,30883395,30882551,844
ENSG00000122591,23014130,22889371,124759
ENSG00000284922,72110782,72080777,30005
ENSG00000223769,29489606,29489201,405
ENSG00000238185,30977623,30973289,4334
ENSG00000227345,49970203,49818279,151924
ENSG00000232356,29510486,29497439,13047
ENSG00000175664,30975500,30932656,42844
ENSG00000260096,74063785,74062780,1005
ENSG00000242092,32992379,32973881,18498
ENSG00000250081,65487048,65486444,604
ENSG00000270306,51385849,51385282,567
ENSG00000275830,110057331,109988097,69234
ENSG00000224446,29533502,29529354,4148
ENSG00000232702,51410537,51410081,456
ENSG00000276269,110031567,110031101,466
ENSG00000214641,51537543,51537155,388
ENSG00000231428,110054952,110053285,1667
ENSG00000271218,53920788,53918974,1814
ENSG00000266273,78796672,78795612,1060
ENSG00000225274,29538721,29537638,1083
ENSG00000248290,32012472,32008614,3858
ENSG00000237725,29554116,29553169,947
ENSG00000266586,78918993,78908629,10364
ENSG00000255286,111946892,111945639,1253
ENSG00000255334,112016124,112015307,817
ENSG00000278468,195792809,195746774,46035
ENSG00000224743,30933846,30881933,51913
ENSG00000237325,31453223,31452466,757
ENSG00000237594,31560487,31559245,1242
ENSG00000229314,114326475,114323056,3419
ENSG00000184154,72110782,72080331,30451
ENSG00000271894,56386171,56147630,238541
ENSG00000233251,56185770,56173534,12236
ENSG00000238071,31533401,31532567,834
ENSG00000272180,56181652,55952158,229494
ENSG00000226762,3257932,3232388,25544
ENSG00000226702,56047326,55963191,84135
ENSG00000206447,31520501,31518986,1515
ENSG00000145022,49416475,49412206,4269
ENSG00000227338,3267015,3266003,1012
ENSG00000055813,56386172,56183990,202182
ENSG00000233321,3502838,3486894,15944
ENSG00000159289,74082550,74069857,12693
ENSG00000206445,31537107,31534725,2382
ENSG00000275404,54320273,54314236,6037
ENSG00000229805,56090382,56077417,12965
ENSG00000178150,48287608,48270081,17527
ENSG00000235765,31841884,31840606,1278
ENSG00000234951,31841147,31839095,2052
ENSG00000228278,114333256,114329869,3387
ENSG00000258416,79974169,79893080,81089
ENSG00000231570,56750563,56750300,263
ENSG00000235908,49367006,49365145,1861
ENSG00000271115,57049336,57048350,986
ENSG00000105672,35644871,35641745,3126
ENSG00000067560,49412998,49359145,53853
ENSG00000285755,57380132,57289648,90484
ENSG00000270569,57430693,57429548,1145
ENSG00000253795,103086590,103085651,939
ENSG00000248286,21196860,21196720,140
ENSG00000249359,21341375,21323873,17502
ENSG00000148950,31509645,31432401,77244
ENSG00000233656,11481239,11417350,63889
ENSG00000108861,43778977,43766125,12852
ENSG00000242753,11515710,11487226,28484
ENSG00000218020,11516466,11514192,2274
ENSG00000270011,9382617,9324174,58443
ENSG00000258766,80455469,80211419,244050
ENSG00000227314,31839440,31816274,23166
ENSG00000268186,48271283,48262900,8383
ENSG00000211448,80387757,80197527,190230
ENSG00000183666,21589372,21341833,247539
ENSG00000237704,99341761,99340305,1456
ENSG00000265101,78927441,78925064,2377
ENSG00000253532,99120581,99119352,1229
ENSG00000101190,62861763,62841115,20648
ENSG00000236583,99234459,99233048,1411
ENSG00000263146,78979074,78976555,2519
ENSG00000253912,99804341,99804159,182
ENSG00000253539,99799187,99796615,2572
ENSG00000253556,103090671,103088796,1875
ENSG00000139880,23057538,23047062,10476
ENSG00000164919,99893707,99873200,20507
ENSG00000253977,103091509,103091263,246
ENSG00000259719,56345001,56310880,34121
ENSG00000274185,54346292,54316049,30243
ENSG00000223621,5856426,5855781,645
ENSG00000279107,21494596,21493436,1160
ENSG00000233974,21484011,21481327,2684
ENSG00000281104,30426225,30420942,5283
ENSG00000272130,21570045,21569755,290
ENSG00000243687,160343015,160342685,330
ENSG00000262231,6190541,6189361,1180
ENSG00000213186,160485773,160432445,53328
ENSG00000265000,62836371,62808500,27871
ENSG00000264907,62841645,62841101,544
ENSG00000275819,54441459,54428232,13227
ENSG00000091164,56651600,56597209,54391
ENSG00000224180,31236769,31220974,15795
ENSG00000183354,6008482,5881596,126886
ENSG00000276570,55230279,55227219,3060
ENSG00000282019,34381539,34359480,22059
ENSG00000247081,103298772,103156990,141782
ENSG00000225005,73315213,73314107,1106
ENSG00000180089,55229264,55226639,2625
ENSG00000240395,42342634,42341767,867
ENSG00000146755,73328082,73312539,15543
ENSG00000022277,56519449,56468585,50864
ENSG00000105063,55259017,55229779,29238
ENSG00000170946,31432835,31369840,62995
ENSG00000267744,35191702,35190961,741
ENSG00000141161,35189345,35147817,41528
ENSG00000164929,103230305,103140713,89592
ENSG00000196209,1491587,1470741,20846
ENSG00000228689,51623428,51599723,23705
ENSG00000170927,52087625,51615300,472325
ENSG00000253851,103229314,103228425,889
ENSG00000120215,5910606,5890802,19804
ENSG00000164930,103332866,103298433,34433
ENSG00000249290,140460351,140449435,10916
ENSG00000236892,3537031,3532094,4937
ENSG00000254778,32120449,32102303,18146
ENSG00000231048,31628357,31625572,2785
ENSG00000250433,140508789,140505611,3178
ENSG00000158258,140577397,139935185,642212
ENSG00000235313,31564076,31563166,910
ENSG00000101294,31577923,31514410,63513
ENSG00000188818,850986,795606,55380
ENSG00000259609,84080097,84053113,26984
ENSG00000259404,84126604,84080168,46436
ENSG00000088833,1473842,1442162,31680
ENSG00000267146,56873970,56872668,1302
ENSG00000110245,116833072,116829706,3366
ENSG00000091157,57036606,56651343,385263
ENSG00000204531,31180731,31164337,16394
ENSG00000251058,140462825,140461000,1825
ENSG00000229071,32102831,32096815,6016
ENSG00000090432,20508151,20499448,8703
ENSG00000160214,43805293,43789513,15780
ENSG00000261037,6022283,6019029,3254
ENSG00000253562,99094060,99091738,2322
ENSG00000240494,28655983,28655557,426
ENSG00000225017,99348256,99346052,2204
ENSG00000284679,18249035,18248913,122
ENSG00000235683,99698017,99695957,2060
ENSG00000132581,28662189,28648356,13833
ENSG00000259861,6030841,6030035,806
ENSG00000278913,6137171,6134303,2868
ENSG00000272070,141329357,141326210,3147
ENSG00000267333,11747581,11745626,1955
ENSG00000272703,11857554,11857155,399
ENSG00000267165,11852751,11851414,1337
ENSG00000256525,64497054,64477785,19269
ENSG00000236939,103141475,103132963,8512
ENSG00000255112,11854449,11851396,3053
ENSG00000280208,18270822,18253526,17296
ENSG00000250929,103132966,103121032,11934
ENSG00000153266,62374324,62369681,4643
ENSG00000250730,6290624,6289857,767
ENSG00000267455,11811484,11810406,1078
ENSG00000188321,9351162,9323772,27390
ENSG00000273141,11909223,11908712,511
ENSG00000279730,18298733,18297554,1179
ENSG00000279124,18309934,18279320,30614
ENSG00000249748,35939993,35938822,1171
ENSG00000231256,43787612,43780435,7177
ENSG00000154889,11909223,11882622,26601
ENSG00000250490,6339884,6310441,29443
ENSG00000137497,72080693,72002864,77829
ENSG00000241527,19034564,19031564,3000
ENSG00000279231,18348596,18331933,16663
ENSG00000236615,21405995,21405770,225
ENSG00000237269,21437245,21430697,6548
ENSG00000173575,93027996,92900189,127807
ENSG00000272901,42124100,42079691,44409
ENSG00000206256,32112151,32101899,10252
ENSG00000273740,54632455,54628233,4222
ENSG00000169849,21470683,21468158,2525
ENSG00000267604,43784682,43782804,1878
ENSG00000240156,70751350,70751123,227
ENSG00000183784,215893,212824,3069
ENSG00000229404,84294659,84279980,14679
ENSG00000198355,49964072,49960768,3304
ENSG00000235330,478423,477750,673
ENSG00000272765,42090955,42085525,5430
ENSG00000071564,1652615,1609284,43331
ENSG00000107099,465259,214854,250405
ENSG00000277808,54160226,54156104,4122
ENSG00000256826,64491789,64491523,266
ENSG00000262303,42127775,42124281,3494
ENSG00000272813,42108953,42107765,1188
ENSG00000181617,70235252,70226071,9181
ENSG00000134108,5180912,5122245,58667
ENSG00000273616,42125351,42090956,34395
ENSG00000163875,37514774,37492575,22199
ENSG00000259287,33864825,33858602,6223
ENSG00000259408,33856809,33851785,5024
ENSG00000277114,54156190,54138182,18008
ENSG00000014641,63607197,63588609,18588
ENSG00000267782,35167012,35164243,2769
ENSG00000266981,35191343,35188522,2821
ENSG00000277611,43569498,43540171,29327
ENSG00000236164,46761158,46758296,2862
ENSG00000230062,46759506,46746917,12589
ENSG00000198838,33866121,33310945,555176
ENSG00000112699,2245605,1623806,621799
ENSG00000226143,43550949,43549389,1560
ENSG00000231737,30663248,30645036,18212
ENSG00000215520,20526751,20525989,762
ENSG00000174495,28279700,28279211,489
ENSG00000259930,29799302,29797294,2008
ENSG00000267024,34428273,34426112,2161
ENSG00000101222,3781448,3777504,3944
ENSG00000126249,34426168,34404399,21769
ENSG00000083817,57578911,57571566,7345
ENSG00000159322,72785846,72751369,34477
ENSG00000271615,57766052,57755428,10624
ENSG00000171649,57593890,57578456,15434
ENSG00000106153,56106476,56101573,4903
ENSG00000280387,56523499,56522252,1247
ENSG00000124091,56525925,56491492,34433
ENSG00000183114,20555020,20552573,2447
ENSG00000280038,84169896,84166547,3349
ENSG00000124103,56526152,56517187,8965
ENSG00000105220,34402413,34359480,42933
ENSG00000259511,84182234,84172490,9744
ENSG00000134109,5219958,5187646,32312
ENSG00000182010,62268844,62183035,85809
ENSG00000259694,84173194,84171178,2016
ENSG00000185290,56116417,56114681,1736
ENSG00000232805,93107383,93106872,511
ENSG00000249257,108774020,108773613,407
ENSG00000230191,56163533,56163145,388
ENSG00000250185,108789779,108788745,1034
ENSG00000237417,93209627,93206857,2770
ENSG00000108771,42112714,42101404,11310
ENSG00000213432,93284558,93284004,554
ENSG00000254697,78582156,78581675,481
ENSG00000277369,11798275,11797468,807
ENSG00000279633,61803634,61801713,1921
ENSG00000262117,11828845,11819829,9016
ENSG00000260898,72798199,72782835,15364
ENSG00000233982,29800870,29800074,796
ENSG00000112818,46839782,46793389,46393
ENSG00000236830,36175815,36131767,44048
ENSG00000158825,20618903,20589086,29817
ENSG00000219755,99576456,99575712,744
ENSG00000228506,99432323,99424922,7401
ENSG00000258903,62117175,62103378,13797
ENSG00000270614,9348703,9348106,597
ENSG00000186369,62130962,62114353,16609
ENSG00000188629,9382617,9363020,19597
ENSG00000123552,99521728,99432379,89349
ENSG00000171209,70251428,70242588,8840
ENSG00000226111,30671031,30662345,8686
ENSG00000233912,5187329,5156905,30424
ENSG00000268509,5188298,5187172,1126
ENSG00000278795,54644657,54639543,5114
ENSG00000125817,3786740,3783851,2889
ENSG00000169811,21501968,21493519,8449
ENSG00000285603,2230261,2227803,2458
ENSG00000159231,36146562,36135079,11483
ENSG00000258842,62081154,62069518,11636
ENSG00000226122,50543463,50531759,11704
ENSG00000279965,110125234,110123208,2026
ENSG00000184895,2787699,2786855,844
ENSG00000234756,62304033,62289521,14512
ENSG00000139973,62112550,61811974,300576
ENSG00000250535,32013787,32013270,517
ENSG00000249305,140619837,140619694,143
ENSG00000267225,57038845,57027832,11013
ENSG00000258585,21912590,21911559,1031
ENSG00000233555,63581834,63581254,580
ENSG00000237659,2790328,2789827,501
ENSG00000145309,70337116,70334981,2135
ENSG00000132436,50542535,50444128,98407
ENSG00000148700,110135565,109996368,139197
ENSG00000232195,2828218,2827982,236
ENSG00000198721,4135597,4115689,19908
ENSG00000286130,2840851,2828192,12659
ENSG00000244734,5229395,5225464,3931
ENSG00000233592,29809577,29809446,131
ENSG00000142197,36294274,36156782,137492
ENSG00000230912,38668750,38666508,2242
ENSG00000213630,126663568,126663337,231
ENSG00000100211,38673854,38656636,17218
ENSG00000256338,28316059,28315651,408
ENSG00000253138,66197315,66192093,5222
ENSG00000128731,28322172,28111040,211132
ENSG00000143951,63827843,63119559,708284
ENSG00000206073,63644298,63637259,7039
ENSG00000105479,48321894,48296457,25437
ENSG00000249768,126737995,126737438,557
ENSG00000274922,112689815,112686769,3046
ENSG00000258956,61832369,61831861,508
ENSG00000224025,68611984,68609125,2859
ENSG00000234506,68546589,68543541,3048
ENSG00000226337,68644442,68541036,103406
ENSG00000236979,31632433,31628343,4090
ENSG00000251078,75753479,75752570,909
ENSG00000251419,75832764,75831255,1509
ENSG00000248684,75911867,75910565,1302
ENSG00000249301,75910576,75910283,293
ENSG00000160014,46610793,46601074,9719
ENSG00000156345,87974753,87966441,8312
ENSG00000256463,79002677,78980275,22402
ENSG00000136840,127917041,127907886,9155
ENSG00000251072,126776486,126751963,24523
ENSG00000246145,66428977,66419589,9388
ENSG00000271232,68750691,68749501,1190
ENSG00000232684,112754693,112745449,9244
ENSG00000068650,112887168,112690329,196839
ENSG00000205927,33029196,33025935,3261
ENSG00000132437,50565405,50458436,106969
ENSG00000188051,17448668,17435509,13159
ENSG00000179909,57709194,57697367,11827
ENSG00000171773,17460954,17455425,5529
ENSG00000232360,32849934,32844367,5567
ENSG00000228961,32960566,32958888,1678
ENSG00000104738,47978160,47960185,17975
ENSG00000228274,38681820,38667585,14235
ENSG00000152443,57758148,57746815,11333
ENSG00000205930,32937249,32772100,165149
ENSG00000269035,17460804,17436611,24193
ENSG00000234042,63703755,63703065,690
ENSG00000269736,17452969,17452211,758
ENSG00000268951,63720441,63719864,577
ENSG00000142227,48330553,48321509,9044
ENSG00000224267,63744910,63728877,16033
ENSG00000225360,63730173,63729702,471
ENSG00000205929,32813743,32790673,23070
ENSG00000214889,36133032,36132450,582
ENSG00000070269,56650606,56488354,162252
ENSG00000228149,36170180,36168970,1210
ENSG00000183647,57612722,57599885,12837
ENSG00000232539,33064983,33057829,7154
ENSG00000279690,32791504,32790673,831
ENSG00000140474,74843346,74836118,7228
ENSG00000213539,109534332,109532830,1502
ENSG00000227757,33071104,32913649,157455
ENSG00000224427,32841811,32841496,315
ENSG00000259726,84197384,84186752,10632
ENSG00000184221,33072413,33070141,2272
ENSG00000215458,43812567,43805758,6809
ENSG00000275832,38512385,38419280,93105
ENSG00000130950,94328644,94318196,10448
ENSG00000121417,57644041,57630395,13646
ENSG00000253837,23366125,23336171,29954
ENSG00000134013,23425328,23297189,128139
ENSG00000258997,21946641,21927657,18984
ENSG00000242038,32116752,32113054,3698
ENSG00000117242,20652193,20642657,9536
ENSG00000244038,20661544,20651767,9777
ENSG00000229453,48328341,48306842,21499
ENSG00000137345,29672280,29656888,15392
ENSG00000275629,54866390,54849620,16770
ENSG00000240821,66379915,66379337,578
ENSG00000075131,66386746,66336191,50555
ENSG00000213762,57624724,57614233,10491
ENSG00000277545,112812158,112811566,592
ENSG00000266442,31841147,31816303,24844
ENSG00000242393,21510470,21508299,2171
ENSG00000197217,23457695,23385783,71912
ENSG00000179041,66430733,66429014,1719
ENSG00000228000,18312651,18311904,747
ENSG00000237382,18313533,18312760,773
ENSG00000204519,57717301,57681969,35332
ENSG00000177302,18315007,18271428,43579
ENSG00000147576,66468907,66432492,36415
ENSG00000268423,46600861,46547056,53805
ENSG00000204851,46496498,46486906,9592
ENSG00000278797,46534351,46533669,682
ENSG00000204850,46496502,46494508,1994
ENSG00000083814,57727624,57719751,7873
ENSG00000230510,46601200,46480796,120404
ENSG00000277286,54698662,54686316,12346
ENSG00000274952,54684345,54669793,14552
ENSG00000247700,29881726,29879004,2722
ENSG00000237098,29888941,29887810,1131
ENSG00000158828,20651511,20633458,18053
ENSG00000225120,29879514,29878546,968
ENSG00000234364,29849342,29849214,128
ENSG00000232649,29899882,29899020,862
ENSG00000232122,29825242,29824263,979
ENSG00000228921,30021554,30021043,511
ENSG00000227715,30024386,30021043,3343
ENSG00000269292,46610779,46609277,1502
ENSG00000249210,46559642,46558641,1001
ENSG00000269026,57753575,57682045,71530
ENSG00000265262,62951188,62950831,357
ENSG00000269097,57665039,57664280,759
ENSG00000283538,62968549,62910021,58528
ENSG00000180532,57679152,57668935,10217
ENSG00000232063,94360948,94332476,28472
ENSG00000224815,94338733,94338347,386
ENSG00000282886,94347563,94347234,329
ENSG00000261068,42094259,42092233,2026
ENSG00000268392,57626950,57625032,1918
ENSG00000276170,38452444,38450394,2050
ENSG00000253829,38846439,38844866,1573
ENSG00000188112,42142620,42101119,41501
ENSG00000285837,62672011,62374192,297819
ENSG00000138311,62670301,62374192,296109
ENSG00000147526,38853028,38728186,124842
ENSG00000267011,4471493,4457962,13531
ENSG00000146592,28825894,28299321,526573
ENSG00000238181,120721972,120720673,1299
ENSG00000007541,584136,566995,17141
ENSG00000253339,73362788,73358913,3875
ENSG00000253235,73369295,73368770,525
ENSG00000164049,48401259,48372219,29040
ENSG00000185133,31134697,31122731,11966
ENSG00000112237,99568825,99542387,26438
ENSG00000285551,62672011,62520448,151563
ENSG00000258803,56551309,56514331,36978
ENSG00000259133,56730535,56648965,81570
ENSG00000258428,56648658,56633244,15414
ENSG00000236265,29898147,29897781,366
ENSG00000279765,92949230,92883413,65817
ENSG00000242995,56683741,56683421,320
ENSG00000237216,29828003,29823845,4158
ENSG00000229875,660326,659986,340
ENSG00000227914,685555,673478,12077
ENSG00000107104,746106,470291,275815
ENSG00000272888,92899701,92882707,16994
ENSG00000262660,81720539,81703371,17168
ENSG00000155890,140701150,140678064,23086
ENSG00000262814,81707517,81703367,4150
ENSG00000228656,63762824,63761546,1278
ENSG00000226020,63775241,63774870,371
ENSG00000282331,45561970,45506393,55577
ENSG00000239684,63776143,63775892,251
ENSG00000278723,54667814,54655800,12014
ENSG00000282002,45570373,45561416,8957
ENSG00000282491,45574865,45557439,17426
ENSG00000154065,23662911,23598926,63985
ENSG00000282727,45545473,45543212,2261
ENSG00000109208,70367158,70360761,6397
ENSG00000270036,76344365,76343642,723
ENSG00000234488,63684710,63684305,405
ENSG00000233716,63233577,63232453,1124
ENSG00000229221,63752630,63751697,933
ENSG00000279485,63519268,63517892,1376
ENSG00000227289,2890551,2881683,8868
ENSG00000183048,81721016,81712236,8780
ENSG00000228872,63717899,63717122,777
ENSG00000229163,2931120,2929001,2119
ENSG00000229920,63644038,63642455,1583
ENSG00000129824,2932000,2841602,90398
ENSG00000228305,63622831,63622178,653
ENSG00000229672,3763226,3751067,12159
ENSG00000172236,1242554,1240705,1849
ENSG00000095627,114232304,114179270,53034
ENSG00000261204,637537,637105,432
ENSG00000251583,149932668,149932014,654
ENSG00000225411,63814159,63802144,12015
ENSG00000132915,149944793,149857953,86840
ENSG00000232815,63818462,63817748,714
ENSG00000215548,63859641,63832127,27514
ENSG00000173991,39666555,39664187,2368
ENSG00000173141,21179084,21176658,2426
ENSG00000101898,31548081,31547412,669
ENSG00000165480,21176552,21153595,22957
ENSG00000274364,31535626,31535263,363
ENSG00000230613,31573263,31567707,5556
ENSG00000228367,75921660,75920670,990
ENSG00000249777,76075920,76075531,389
ENSG00000131748,39664201,39637090,27111
ENSG00000251342,76079763,76078666,1097
ENSG00000104343,73878910,73780097,98813
ENSG00000171848,10211725,10120698,91027
ENSG00000236733,68843275,68822403,20872
ENSG00000107242,69009176,68705240,303936
ENSG00000203416,17214155,17213516,639
ENSG00000241832,17266733,17256859,9874
ENSG00000093072,17258235,17178790,79445
ENSG00000229687,53841832,53841547,285
ENSG00000077800,73358637,73328161,30476
ENSG00000279237,110266113,110265251,862
ENSG00000187498,110307157,110148963,158194
ENSG00000107771,84518521,84328586,189935
ENSG00000266953,34409364,34396315,13049
ENSG00000278486,94433273,94432631,642
ENSG00000070388,644371,639879,4492
ENSG00000148110,94461042,94374551,86491
ENSG00000145975,4087344,4049434,37910
ENSG00000228353,3768751,3767915,836
ENSG00000225286,28615888,28615097,791
ENSG00000203876,110008381,109940104,68277
ENSG00000254885,79193160,79191558,1602
ENSG00000233028,56176412,56175634,778
ENSG00000255345,79098003,79092848,5155
ENSG00000279879,44693340,44689858,3482
ENSG00000285670,56220747,56214979,5768
ENSG00000267160,44676257,44673689,2568
ENSG00000227491,56229782,56228634,1148
ENSG00000180329,44689779,44673069,16710
ENSG00000223559,56291425,56288230,3195
ENSG00000224155,56305526,56304678,848
ENSG00000254563,78756480,78749250,7230
ENSG00000203462,56323601,56322804,797
ENSG00000228053,110025358,110024881,477
ENSG00000228257,21534011,21531839,2172
ENSG00000149256,79440948,78652831,788117
ENSG00000241978,110172512,110048598,123914
ENSG00000231299,56360541,56360362,179
ENSG00000242875,21549094,21511338,37756
ENSG00000235806,38799658,38770331,29327
ENSG00000234791,3189929,3189546,383
ENSG00000225371,56365270,56362458,2812
ENSG00000224370,56381312,56380976,336
ENSG00000182170,3218813,3217944,869
ENSG00000232944,56409210,56408699,511
ENSG00000261826,140867783,140865075,2708
ENSG00000224085,140902651,140902194,457
ENSG00000236301,3223131,3218332,4799
ENSG00000091844,153131282,153004459,126823
ENSG00000238123,38803883,38801568,2315
ENSG00000262609,6323228,6322413,815
ENSG00000165175,38806537,38801432,5105
ENSG00000285593,6375080,6373833,1247
ENSG00000224245,94512879,94496275,16604
ENSG00000257108,569495,567005,2490
ENSG00000234817,4157385,4136072,21313
ENSG00000166069,37967724,37921939,45785
ENSG00000224513,3232838,3226061,6777
ENSG00000254821,4146053,4135423,10630
ENSG00000184350,3232386,3225035,7351
ENSG00000180336,44690308,44656404,33904
ENSG00000237268,56448375,56421857,26518
ENSG00000112739,4064983,4021267,43716
ENSG00000224610,39299786,39226103,73683
ENSG00000282907,576257,568837,7420
ENSG00000278205,56467771,56462536,5235
ENSG00000235304,39327362,39304956,22406
ENSG00000171201,70390244,70370093,20151
ENSG00000214732,42163439,42155426,8013
ENSG00000225488,56483295,56477588,5707
ENSG00000157654,110172512,109780309,392203
ENSG00000254245,141512979,141343829,169150
ENSG00000270324,62978841,62978494,347
ENSG00000226485,56491635,56490682,953
ENSG00000048545,42180056,42155406,24650
ENSG00000272164,63005152,63004672,480
ENSG00000236747,39391774,39367285,24489
ENSG00000253910,141512979,141360042,152937
ENSG00000224174,16521796,16520694,1102
ENSG00000285853,16521788,16515034,6754
ENSG00000261135,16515754,16514645,1109
ENSG00000253873,141512975,141421047,91928
ENSG00000243920,57353329,57352999,330
ENSG00000187866,68784608,68780034,4574
ENSG00000236998,68789670,68788307,1363
ENSG00000059691,151761007,151670504,90503
ENSG00000234414,21549326,21511372,37954
ENSG00000237312,153308982,153304595,4387
ENSG00000218426,153282733,153282287,446
ENSG00000213121,153347488,153231320,116168
ENSG00000217160,153666390,153665707,683
ENSG00000227155,492248,452492,39756
ENSG00000253623,66481486,66480648,838
ENSG00000188517,109302752,108808725,494027
ENSG00000171199,70410195,70397931,12264
ENSG00000250348,76311462,76285542,25920
ENSG00000169085,66518524,66493520,25004
ENSG00000251668,76171106,76170930,176
ENSG00000249014,76242404,76242024,380
ENSG00000206402,31708139,31697128,11011
ENSG00000248127,76084186,76081946,2240
ENSG00000122012,76353939,76083383,270556
ENSG00000264513,63130947,63117019,13928
ENSG00000228115,495610,487774,7836
ENSG00000085760,55269347,55236595,32752
ENSG00000235880,273002,267966,5036
ENSG00000226403,549531,547317,2214
ENSG00000170921,63427699,63009556,418143
ENSG00000205269,11583524,11537749,45775
ENSG00000236987,3276390,3276045,345
ENSG00000242246,153666666,153666466,200
ENSG00000217044,153668106,153667318,788
ENSG00000218776,153667318,153666627,691
ENSG00000232939,109772043,109760360,11683
ENSG00000074356,3846246,3802158,44088
ENSG00000243444,109951476,109640788,310688
ENSG00000095917,1259008,1256059,2949
ENSG00000253731,141512979,141373914,139065
ENSG00000243804,31700820,31697109,3711
ENSG00000276547,141512979,141397987,114992
ENSG00000165140,94640249,94603133,37116
ENSG00000225928,84456056,84454679,1377
ENSG00000206401,31704039,31702563,1476
ENSG00000233189,84389626,84389170,456
ENSG00000225423,84392045,84390908,1137
ENSG00000279855,141427752,141427295,457
ENSG00000253767,141512979,141390157,122822
ENSG00000115241,27409591,27381195,28396
ENSG00000260182,1258074,1257339,735
ENSG00000216977,106642928,106642463,465
ENSG00000220733,153668362,153668177,185
ENSG00000130348,106668417,106629578,38839
ENSG00000278738,54715618,54701102,14516
ENSG00000181915,62808483,62804857,3626
ENSG00000271897,11607981,11607552,429
ENSG00000285729,72887128,72858354,28774
ENSG00000281274,2494479,2493437,1042
ENSG00000259259,72900260,72899399,861
ENSG00000281225,2493258,2492300,958
ENSG00000234489,62741385,62741208,177
ENSG00000276429,2505530,2467459,38071
ENSG00000238280,62805887,62682652,123235
ENSG00000262576,141512975,141355021,157954
ENSG00000220514,153668858,153668589,269
ENSG00000126746,6689572,6666477,23095
ENSG00000167747,50804929,50797704,7225
ENSG00000168967,22152356,22142352,10004
ENSG00000251107,76281267,76280956,311
ENSG00000254893,76174183,76173629,554
ENSG00000254273,73511654,73511276,378
ENSG00000253273,73831947,73831143,804
ENSG00000225730,46909078,46903471,5607
ENSG00000254538,73732897,73670441,62456
ENSG00000253383,73590883,73590574,309
ENSG00000069122,46954943,46852522,102421
ENSG00000253302,73441526,73420004,21522
ENSG00000224979,31874003,31864414,9589
ENSG00000154162,22853622,21750673,1102949
ENSG00000258677,73878854,73688691,190163
ENSG00000285791,66518524,66432486,86038
ENSG00000236325,17193308,17192936,372
ENSG00000280026,141350662,141350109,553
ENSG00000276545,141442449,141439853,2596
ENSG00000130957,94593824,94558720,35104
ENSG00000253953,141512979,141387698,125281
ENSG00000040341,73747708,73420369,327339
ENSG00000262209,141512975,141370242,142733
ENSG00000275051,130372618,130337887,34731
ENSG00000213453,27393367,27392784,583
ENSG00000253485,141512979,141364232,148747
ENSG00000230658,23105703,23101228,4475
ENSG00000231806,94603990,94555054,48936
ENSG00000253537,141512975,141382739,130236
ENSG00000276951,3289642,3289311,331
ENSG00000285655,66445324,66430185,15139
ENSG00000264529,63182817,63182166,651
ENSG00000067082,3785281,3775996,9285
ENSG00000263644,63431089,63391191,39898
ENSG00000163877,37554293,37534449,19844
ENSG00000271919,63332539,63331984,555
ENSG00000226797,63414312,63381231,33081
ENSG00000263501,63313521,63305262,8259
ENSG00000272383,63089197,63088162,1035
ENSG00000265282,63432211,63430468,1743
ENSG00000271749,63393586,63393355,231
ENSG00000113368,126837020,126776623,60397
ENSG00000233635,63339053,63193930,145123
ENSG00000250938,120416766,120066958,349808
ENSG00000141404,11885685,11689264,196421
ENSG00000130816,10231286,10133345,97941
ENSG00000248505,57465986,57425872,40114
ENSG00000169032,66492312,66386817,105495
ENSG00000145626,36001028,35951010,50018
ENSG00000081853,141512975,141338760,174215
ENSG00000070423,663233,647526,15707
ENSG00000250219,120092282,120091046,1236
ENSG00000233421,16536172,16533886,2286
ENSG00000106948,114394405,114334156,60249
ENSG00000225665,120342647,120342056,591
ENSG00000249409,120650796,120639090,11706
ENSG00000251459,57495233,57491390,3843
ENSG00000225710,16552531,16548651,3880
ENSG00000232273,37545294,37544763,531
ENSG00000251049,57605872,57595940,9932
ENSG00000250333,57658800,57605694,53106
ENSG00000213430,21884310,21882585,1725
ENSG00000249831,57724655,57720035,4620
ENSG00000249206,22580819,22580225,594
ENSG00000285998,57855271,57841721,13550
ENSG00000253104,22141468,22139247,2221
ENSG00000253766,21779522,21616262,163260
ENSG00000248660,58103434,58103147,287
ENSG00000271779,64573081,64572829,252
ENSG00000276033,54476118,54463149,12969
ENSG00000258890,64542461,64506865,35596
ENSG00000272912,102915404,102914585,819
ENSG00000273557,141471528,141468465,3063
ENSG00000253159,141512975,141430507,82468
ENSG00000010310,45683722,45668221,15501
ENSG00000219481,16613562,16562319,51243
ENSG00000226745,40133448,40132764,684
ENSG00000224706,37117185,37116779,406
ENSG00000224101,37013630,36997796,15834
ENSG00000149273,75422280,75399515,22765
ENSG00000213744,37376023,37375522,501
ENSG00000117000,40240921,40161387,79534
ENSG00000126267,35658861,35648223,10638
ENSG00000204528,31177899,31173735,4164
ENSG00000280868,169798825,169788790,10035
ENSG00000155849,37449249,36854361,594888
ENSG00000185689,4130951,4079206,51745
ENSG00000281305,169802873,169790321,12552
ENSG00000137310,31167159,31158547,8612
ENSG00000142973,46819413,46757838,61575
ENSG00000253305,141512979,141408021,104958
ENSG00000122026,27256691,27251309,5382
ENSG00000251455,151677893,151674483,3410
ENSG00000254122,141512979,141417645,95334
ENSG00000261275,56497285,56493124,4161
ENSG00000234191,39434824,39401252,33572
ENSG00000137312,30742732,30727709,15023
ENSG00000206072,63726432,63647579,78853
ENSG00000228232,39788136,39787132,1004
ENSG00000249105,58118070,58117758,312
ENSG00000282280,66273940,66270636,3304
ENSG00000174446,66497780,66490135,7645
ENSG00000279984,22308075,22307184,891
ENSG00000250340,58536328,58524515,11813
ENSG00000180198,28539300,28505943,33357
ENSG00000250078,58565122,58562165,2957
ENSG00000231504,56503044,56502284,760
ENSG00000269038,64779405,64778954,451
ENSG00000270759,39791904,39791580,324
ENSG00000251339,58984152,58780626,203526
ENSG00000279552,22294762,22294615,147
ENSG00000277477,54721610,54717647,3963
ENSG00000223740,56526113,56525428,685
ENSG00000271250,21216660,21216555,105
ENSG00000261435,39848358,39837536,10822
ENSG00000214702,74098414,74097106,1308
ENSG00000251266,59046959,58984282,62677
ENSG00000279731,22269542,22267900,1642
ENSG00000249382,58988160,58987182,978
ENSG00000273884,54306352,54294043,12309
ENSG00000279902,22253554,22251461,2093
ENSG00000224067,111803435,111802980,455
ENSG00000279350,22203995,22203120,875
ENSG00000262818,6418264,6417685,579
ENSG00000254221,141512979,141350102,162877
ENSG00000235618,50067803,50021182,46621
ENSG00000276219,22215686,22179091,36595
ENSG00000129221,6435199,6393693,41506
ENSG00000221829,35080016,35073835,6181
ENSG00000138119,93482334,93306429,175905
ENSG00000204956,141512981,141330571,182410
ENSG00000226631,50027363,50025135,2228
ENSG00000250375,59075256,59047020,28236
ENSG00000233288,56538130,56534230,3900
ENSG00000286097,59180414,59150924,29490
ENSG00000240184,141512977,141475947,37030
ENSG00000249111,59176146,59152834,23312
ENSG00000271732,16617729,16617391,338
ENSG00000214047,39865888,39865424,464
ENSG00000249392,59630324,59551142,79182
ENSG00000232814,110508179,110502575,5604
ENSG00000261351,66492109,66488658,3451
ENSG00000249892,59792114,59767816,24298
ENSG00000243404,66446777,66446455,322
ENSG00000134871,110513209,110305812,207397
ENSG00000261102,66415198,66414933,265
ENSG00000178199,149485061,149446795,38266
ENSG00000272856,87462280,87460807,1473
ENSG00000232390,3322202,3321862,340
ENSG00000267624,78211908,78211618,290
ENSG00000233405,21235204,21234568,636
ENSG00000273813,3335407,3335125,282
ENSG00000227222,30736950,30723385,13565
ENSG00000226704,31882094,31876648,5446
ENSG00000167178,74138540,74100311,38229
ENSG00000277077,21287828,21287634,194
ENSG00000235438,21295003,21260015,34988
ENSG00000113716,150053142,150000046,53096
ENSG00000283043,60038586,60038269,317
ENSG00000108854,64662307,64542282,120025
ENSG00000249066,60789999,60750586,39413
ENSG00000248237,60784696,60784115,581
ENSG00000145491,10472029,10441524,30505
ENSG00000184924,24793382,24789734,3648
ENSG00000150773,112074274,112064010,10264
ENSG00000282143,16667524,16656879,10645
ENSG00000186301,16650289,16645622,4667
ENSG00000215908,16657232,16618253,38979
ENSG00000057149,63661893,63655197,6696
ENSG00000005801,3379222,3339261,39961
ENSG00000138092,24822376,24793136,29240
ENSG00000268486,18431605,18408806,22799
ENSG00000133398,6378571,6371874,6697
ENSG00000241907,150021921,150021567,354
ENSG00000155850,149993455,149960737,32718
ENSG00000250600,10441792,10441290,502
ENSG00000235941,31884975,31882493,2482
ENSG00000248449,141429158,141426286,2872
ENSG00000146147,54266280,53929982,336298
ENSG00000261934,141512979,141402932,110047
ENSG00000164296,150000654,149993118,7536
ENSG00000258484,68946811,68818221,128590
ENSG00000240764,141512979,141489121,23858
ENSG00000184991,21605081,21565092,39989
ENSG00000267666,669500,663482,6018
ENSG00000283773,16643109,16642767,342
ENSG00000150776,112085150,112074086,11064
ENSG00000240152,61153962,61143656,10306
ENSG00000232804,31897281,31894767,2514
ENSG00000273851,69024176,69022230,1946
ENSG00000259265,69043565,69037549,6016
ENSG00000248696,150015154,150014785,369
ENSG00000271123,21632015,21631683,332
ENSG00000219553,149492289,149491567,722
ENSG00000230573,3834728,3833950,778
ENSG00000274348,142994995,142969288,25707
ENSG00000255346,69062762,68930525,132237
ENSG00000226005,3935813,3912027,23786
ENSG00000233325,21306373,21298139,8234
ENSG00000231231,38333421,38323635,9786
ENSG00000227101,4028394,4024940,3454
ENSG00000215571,21320866,21319156,1710
ENSG00000248540,74129278,74125915,3363
ENSG00000229654,106699994,106695535,4459
ENSG00000224429,21348721,21303515,45206
ENSG00000236990,4089013,4051726,37287
ENSG00000138031,24919839,24819169,100670
ENSG00000282480,130351707,130350996,711
ENSG00000282614,45598565,45597507,1058
ENSG00000283524,21972645,21971706,939
ENSG00000233117,4243912,4201141,42771
ENSG00000282351,45613978,45612507,1471
ENSG00000242419,141512979,141484997,27982
ENSG00000282238,45620551,45620204,347
ENSG00000285405,21981245,21980277,968
ENSG00000148154,111935369,111896814,38555
ENSG00000108654,64508199,64499616,8583
ENSG00000175344,32173018,31923438,249580
ENSG00000125900,1557705,1534251,23454
ENSG00000284500,22059831,21990080,69751
ENSG00000224821,110463287,110456396,6891
ENSG00000249856,75023928,74917726,106202
ENSG00000196390,74930566,74929880,686
ENSG00000249157,75007012,75006713,299
ENSG00000239517,74931817,74931662,155
ENSG00000182383,74990637,74990189,448
ENSG00000278355,54320118,54314055,6063
ENSG00000204790,64004155,63974762,29393
ENSG00000151348,44245429,44095549,149880
ENSG00000284892,22057638,22056709,929
ENSG00000283680,22031846,22030900,946
ENSG00000274102,22083221,22070241,12980
ENSG00000285472,22095857,22015233,80624
ENSG00000260861,1620009,1540144,79865
ENSG00000271821,31201918,31200165,1753
ENSG00000249400,123469429,123468781,648
ENSG00000272501,31198037,31195200,2837
ENSG00000164729,35194523,35192520,2003
ENSG00000206344,31203968,31197760,6208
ENSG00000285135,22045400,22044476,924
ENSG00000134061,67196799,67179613,17186
ENSG00000183706,22095472,22094522,950
ENSG00000242324,1557653,1516759,40894
ENSG00000219410,6672069,6663260,8809
ENSG00000258721,22010529,22009547,982
ENSG00000279772,123509187,123508736,451
ENSG00000253846,141512979,141412987,99992
ENSG00000101307,1620061,1563521,56540
ENSG00000230870,31628600,31627127,1473
ENSG00000282456,45828162,45633529,194633
ENSG00000227519,31970400,31963357,7043
ENSG00000173926,127030558,126867714,162844
ENSG00000266947,35242963,35231450,11513
ENSG00000230866,31973475,31970823,2652
ENSG00000282171,45659841,45631949,27892
ENSG00000234509,31659500,31653593,5907
ENSG00000266613,8414304,8412129,2175
ENSG00000229442,8513849,8486997,26852
ENSG00000263181,42132425,42128051,4374
ENSG00000246820,8178903,8169167,9736
ENSG00000232346,32039896,32039490,406
ENSG00000225212,8546817,8545635,1182
ENSG00000255726,31223093,31222913,180
ENSG00000237406,35898404,35897270,1134
ENSG00000255899,31225058,31224342,716
ENSG00000184787,44801826,44768580,33246
ENSG00000142168,31668931,31659622,9309
ENSG00000109756,159360174,159103013,257161
ENSG00000230911,112030367,112029858,509
ENSG00000100320,36028824,35738736,290088
ENSG00000150779,112086798,112084800,1998
ENSG00000206418,8639382,8609437,29945
ENSG00000215604,18485448,18467172,18276
ENSG00000276798,54346149,54315894,30255
ENSG00000224389,32035418,32014795,20623
ENSG00000276191,45847447,45795888,51559
ENSG00000266708,8636347,8635179,1168
ENSG00000067048,12920478,12904108,16370
ENSG00000150768,112064390,112024814,39576
ENSG00000138050,39779267,39736060,43207
ENSG00000272969,55547889,55547112,777
ENSG00000108947,7711372,7705202,6170
ENSG00000266524,47313577,47300197,13380
ENSG00000123219,65563168,65517766,45402
ENSG00000176029,8933006,8920076,12930
ENSG00000273271,31667247,31666728,519
ENSG00000226042,21639041,21637475,1566
ENSG00000230944,5256761,5255535,1226
ENSG00000261401,28336609,28332237,4372
ENSG00000166750,35273655,35243071,30584
ENSG00000229642,6124120,5962842,161278
ENSG00000232958,6208571,6208269,302
ENSG00000226022,6365885,6148484,217401
ENSG00000261561,28346647,28346490,157
ENSG00000257069,64304769,64291722,13047
ENSG00000237023,21674008,21661926,12082
ENSG00000182450,64300031,64291302,8729
ENSG00000271523,1591848,1591392,456
ENSG00000167695,742968,732412,10556
ENSG00000160013,46625089,46620468,4621
ENSG00000236044,51967149,51966742,407
ENSG00000123191,52012125,51930436,81689
ENSG00000166407,8268716,8224309,44407
ENSG00000271936,24826717,24825610,1107
ENSG00000237408,72479237,72478221,1016
ENSG00000238048,72521733,72519986,1747
ENSG00000276109,72551919,72551049,870
ENSG00000274664,72562554,72562044,510
ENSG00000227467,72573229,72570660,2569
ENSG00000166452,8920084,8911139,8945
ENSG00000242578,170418615,170410512,8103
ENSG00000270207,7790482,7606890,183592
ENSG00000189229,6736129,6490479,245650
ENSG00000236202,7560333,7519741,40592
ENSG00000152583,87531061,87473335,57726
ENSG00000237665,6894022,6892632,1390
ENSG00000217334,85732011,85731371,640
ENSG00000226258,6805449,6631689,173760
ENSG00000275970,54889651,54873427,16224
ENSG00000198738,85735921,85735744,177
ENSG00000219435,64304770,64300358,4412
ENSG00000101473,45857405,45841721,15684
ENSG00000171490,11851580,11833850,17730
ENSG00000267534,10231331,10221433,9898
ENSG00000206489,30608107,30589896,18211
ENSG00000174611,134651636,134599923,51713
ENSG00000122550,23177914,23105758,72156
ENSG00000223719,6693088,6692319,769
ENSG00000236152,6773343,6773037,306
ENSG00000196277,7741533,6770001,971532
ENSG00000226085,39876108,39875289,819
ENSG00000176177,39893864,39743044,150820
ENSG00000251127,61765969,61759094,6875
ENSG00000263761,47326270,47322490,3780
ENSG00000267364,35324900,35313502,11398
ENSG00000267271,35344564,35344231,333
ENSG00000253544,61910802,61909984,818
ENSG00000254120,61894206,61889839,4367
ENSG00000235647,39751293,39750127,1166
ENSG00000163440,55592245,55556519,35726
ENSG00000254119,61944180,61785047,159133
ENSG00000204308,32180793,32178405,2388
ENSG00000231468,28527227,28526318,909
ENSG00000276702,33851178,33850538,640
ENSG00000242125,28510892,28505980,4912
ENSG00000253834,61825252,61821481,3771
ENSG00000215218,6496723,6448859,47864
ENSG00000058799,53889798,53851719,38079
ENSG00000280281,32882830,32879246,3584
ENSG00000216713,153669901,153668879,1022
ENSG00000284711,50812707,50808145,4562
ENSG00000180279,50818880,50808874,10006
ENSG00000217085,153938992,153938433,559
ENSG00000271025,112036863,112036627,236
ENSG00000285709,39914419,39908309,6110
ENSG00000163701,9916402,9902612,13790
ENSG00000196364,1263845,1260952,2893
ENSG00000224947,56559958,56559221,737
ENSG00000153292,47042350,46997708,44642
ENSG00000232472,24789069,24788392,677
ENSG00000254592,3340630,3336721,3909
ENSG00000171195,70482997,70430492,52505
ENSG00000101868,24996986,24693919,303067
ENSG00000196353,132285410,131533555,751855
ENSG00000132740,68940602,68903842,36760
ENSG00000104371,42377229,42374063,3166
ENSG00000137808,69028889,68930504,98385
ENSG00000259286,68834749,68833830,919
ENSG00000140350,68820897,68778535,42362
ENSG00000237347,19056512,19055801,711
ENSG00000272682,19128449,19124309,4140
ENSG00000235050,54079726,53978549,101177
ENSG00000112599,42194956,42183284,11672
ENSG00000203624,30615890,30607204,8686
ENSG00000070413,19122454,19036282,86172
ENSG00000218143,54016777,54016479,298
ENSG00000236996,54007152,53998890,8262
ENSG00000253586,38802296,38799643,2653
ENSG00000236740,53997667,53930022,67645
ENSG00000175749,103033031,103032376,655
ENSG00000188263,50012659,49994513,18146
ENSG00000048544,42217861,42206807,11054
ENSG00000165409,81146302,80954989,191313
ENSG00000224472,31242737,31237108,5629
ENSG00000230165,114246714,114246074,640
ENSG00000279493,5017145,5011799,5346
ENSG00000248773,140973255,140972744,511
ENSG00000275024,114281258,114280725,533
ENSG00000268945,12687279,12682693,4586
ENSG00000165816,114294489,114239254,55235
ENSG00000114120,140980961,140941830,39131
ENSG00000138892,50056935,50015123,41812
ENSG00000124104,45843276,45833799,9477
ENSG00000266027,31747032,31722193,24839
ENSG00000277117,5040666,5022493,18173
ENSG00000283980,12688422,12687998,424
ENSG00000154928,135260467,134597801,662666
ENSG00000267791,12689238,12688922,316
ENSG00000132004,12696631,12688053,8578
ENSG00000269439,17511889,17488990,22899
ENSG00000130304,17506168,17468769,37399
ENSG00000206398,31712066,31708869,3197
ENSG00000132424,99425331,99398050,27281
ENSG00000282405,1938216,1934747,3469
ENSG00000282101,1847916,1847451,465
ENSG00000274726,1958641,1823976,134665
ENSG00000206396,31716928,31708815,8113
ENSG00000110200,72112780,72106378,6402
ENSG00000259142,62139973,62134149,5824
ENSG00000188800,40251684,40245947,5737
ENSG00000145723,103120138,103086000,34138
ENSG00000285919,68928941,68880663,48278
ENSG00000183249,14005279,14000927,4352
ENSG00000263935,8688410,8688022,388
ENSG00000163820,45995824,45917899,77925
ENSG00000160584,117098437,116843402,255035
ENSG00000229776,32036258,32032713,3545
ENSG00000270852,62152258,62150656,1602
ENSG00000258638,62515123,62514872,251
ENSG00000226543,43856342,43855890,452
ENSG00000258877,62605717,62604113,1604
ENSG00000167748,50823787,50819146,4641
ENSG00000259943,40257967,40256427,1540
ENSG00000100216,38685421,38681957,3464
ENSG00000225151,84230136,84199311,30825
ENSG00000213174,170654259,170653846,413
ENSG00000241416,170496636,170495627,1009
ENSG00000285051,170860993,170448639,412354
ENSG00000269161,17520565,17518330,2235
ENSG00000130313,17521288,17511636,9652
ENSG00000129009,74176872,74173710,3162
ENSG00000123143,14471867,14433053,38814
ENSG00000244738,170662123,170656562,5561
ENSG00000168502,8832778,8705661,127117
ENSG00000230042,23129841,23129178,663
ENSG00000239739,170741365,170740351,1014
ENSG00000267752,23672748,23672253,495
ENSG00000178429,84561263,84560443,820
ENSG00000013293,170586075,170459548,126527
ENSG00000285580,64362584,64343044,19540
ENSG00000072110,68979440,68874143,105297
ENSG00000021574,32157637,32063547,94090
ENSG00000176928,75052770,75025346,27424
ENSG00000279170,99589899,99520693,69206
ENSG00000285872,10302485,10287800,14685
ENSG00000133265,55280381,55262223,18158
ENSG00000261543,74179226,74152800,26426
ENSG00000151292,123617045,123512099,104946
ENSG00000243873,70754573,70753854,719
ENSG00000174562,50837213,50825289,11924
ENSG00000285218,170860380,170418868,441512
ENSG00000224185,64440180,64439346,834
ENSG00000013297,170454733,170418865,35868
ENSG00000172014,64413142,64369394,43748
ENSG00000131351,17075625,17049729,25896
ENSG00000240086,135439888,135138469,301419
ENSG00000261564,1276522,1273751,2771
ENSG00000230293,31744857,31722164,22693
ENSG00000161647,43833170,43800799,32371
ENSG00000122877,62919900,62811996,107904
ENSG00000167414,46634685,46634076,609
ENSG00000070404,683392,676392,7000
ENSG00000213509,57942304,57941818,486
ENSG00000184206,84245368,84235773,9595
ENSG00000279687,5087867,5073458,14409
ENSG00000076685,103193306,103088017,105289
ENSG00000275464,5154734,5130871,23863
ENSG00000223461,19124503,19121529,2974
ENSG00000197562,629272,589357,39915
ENSG00000273311,19048375,19046162,2213
ENSG00000224106,64466498,64465463,1035
ENSG00000231086,19125646,19124879,767
ENSG00000281530,19061843,19061041,802
ENSG00000167103,127930785,127920881,9904
ENSG00000229156,64463196,64462819,377
ENSG00000226858,29677737,29668984,8753
ENSG00000270496,18492419,18491904,515
ENSG00000279652,36000469,35992321,8148
ENSG00000251206,67270182,67268022,2160
ENSG00000271230,6533200,6532891,309
ENSG00000258452,80822796,80822524,272
ENSG00000231238,18550697,18540497,10200
ENSG00000259167,81033404,81032529,875
ENSG00000213849,32508325,32507955,370
ENSG00000271705,81001786,81001166,620
ENSG00000271656,81003645,81003325,320
ENSG00000272788,8802305,8801656,649
ENSG00000233905,18609702,18609132,570
ENSG00000265962,8707621,8695856,11765
ENSG00000100221,38701556,38685543,16013
ENSG00000229788,18611675,18610298,1377
ENSG00000100629,80959517,80476983,482534
ENSG00000103313,3256627,3242028,14599
ENSG00000137573,69660915,69466624,194291
ENSG00000237850,28358080,28349051,9029
ENSG00000275821,143002052,143000530,1522
ENSG00000235507,29705179,29704757,422
ENSG00000286127,21744108,21737448,6660
ENSG00000246016,10482309,10479371,2938
ENSG00000269680,6751467,6748293,3174
ENSG00000101224,3806121,3786772,19349
ENSG00000244361,10489142,10488820,322
ENSG00000267968,50851089,50830530,20559
ENSG00000125733,6751530,6737925,13605
ENSG00000250056,6588499,6582136,6363
ENSG00000249166,10494094,10493291,803
ENSG00000133739,85146080,85107215,38865
ENSG00000249396,10502728,10493291,9437
ENSG00000100030,21867680,21754500,113180
ENSG00000229416,21681118,21677246,3872
ENSG00000261497,28365731,28362796,2935
ENSG00000230029,21698220,21696570,1650
ENSG00000249160,10522084,10504996,17088
ENSG00000282361,45746266,45744950,1316
ENSG00000282523,45744574,45743300,1274
ENSG00000277519,21818218,21817579,639
ENSG00000280017,10543192,10541454,1738
ENSG00000286187,21846721,21825441,21280
ENSG00000237749,37556499,37556247,252
ENSG00000279450,10556815,10556582,233
ENSG00000237267,85197958,85193421,4537
ENSG00000235876,18667221,18665235,1986
ENSG00000229725,21873550,21871331,2219
ENSG00000231914,18676163,18672827,3336
ENSG00000258703,56765757,56759379,6378
ENSG00000276612,5133805,5116343,17462
ENSG00000223993,85432515,85431943,572
ENSG00000224504,85448961,85432863,16098
ENSG00000153684,28392018,28378621,13397
ENSG00000145700,75236878,75068275,168603
ENSG00000280071,5128425,5079294,49131
ENSG00000172215,45948351,45940933,7418
ENSG00000277789,54173655,54160591,13064
ENSG00000113615,134727909,134648785,79124
ENSG00000134697,37595937,37566816,29121
ENSG00000259633,84256014,84255913,101
ENSG00000259683,84395903,84389729,6174
ENSG00000259570,84395514,84394512,1002
ENSG00000277310,50256461,50256036,425
ENSG00000172361,50266495,50227193,39302
ENSG00000278016,143603224,143597835,5389
ENSG00000226510,35673291,35667948,5343
ENSG00000105668,35678483,35666516,11967
ENSG00000206510,29681010,29672300,8710
ENSG00000251663,75225668,75225424,244
ENSG00000224762,64473826,64473040,786
ENSG00000235832,64487069,64486164,905
ENSG00000185198,695498,685546,9952
ENSG00000164828,896435,816615,79820
ENSG00000235370,84411701,84398316,13385
ENSG00000234745,31357188,31269491,87697
ENSG00000251447,131537685,131537571,114
ENSG00000272887,84408005,84401807,6198
ENSG00000164291,95605064,95555074,49990
ENSG00000242899,132244265,132243528,737
ENSG00000240854,132176711,132175402,1309
ENSG00000228371,29708439,29708017,422
ENSG00000127578,634117,629239,4878
ENSG00000213726,691172,690353,819
ENSG00000265203,47357875,47348371,9504
ENSG00000251196,10655925,10652211,3714
ENSG00000250106,10628225,10627260,965
ENSG00000224382,4410612,4384246,26366
ENSG00000164236,10657816,10564070,93746
ENSG00000279161,46639161,46636810,2351
ENSG00000275118,54190413,54173853,16560
ENSG00000265763,47384293,47365496,18797
ENSG00000272465,2438249,2437549,700
ENSG00000250903,2482022,2245748,236274
ENSG00000235142,106787541,106717452,70089
ENSG00000163879,37566857,37556919,9938
ENSG00000236519,44804717,44802577,2140
ENSG00000152700,134649271,134601149,48122
ENSG00000267658,42155972,42154600,1372
ENSG00000218766,85869464,85868953,511
ENSG00000260325,42123352,42121431,1921
ENSG00000220069,86087134,86086415,719
ENSG00000267261,42154916,42119674,35242
ENSG00000217272,86171018,86170447,571
ENSG00000220831,86214576,86214237,339
ENSG00000219500,86432669,86432244,425
ENSG00000011478,45703989,45692666,11323
ENSG00000218561,86730108,86729708,400
ENSG00000219190,86768932,86768522,410
ENSG00000217769,86897421,86897118,303
ENSG00000220240,86897683,86897547,136
ENSG00000268289,17055087,17051994,3093
ENSG00000234728,31906788,31901630,5158
ENSG00000168830,87016679,86937528,79151
ENSG00000226527,33123703,33111699,12004
ENSG00000230962,85491996,85449592,42404
ENSG00000226433,33159110,33156632,2478
ENSG00000279910,85531115,85526880,4235
ENSG00000284959,81170414,81012099,158315
ENSG00000108773,42121367,42113111,8256
ENSG00000214457,86971193,86970466,727
ENSG00000280134,85557436,85555484,1952
ENSG00000259953,112037730,112032555,5175
ENSG00000217169,87000291,87000045,246
ENSG00000230096,4426179,4415305,10874
ENSG00000226976,37045189,37044860,329
ENSG00000258915,80983638,80981988,1650
ENSG00000213277,103176094,103175554,540
ENSG00000216412,37091806,37091314,492
ENSG00000223486,40012182,40009276,2906
ENSG00000225269,4662419,4655427,6992
ENSG00000237827,103125416,103125017,399
ENSG00000177733,137754376,137745651,8725
ENSG00000217716,88016793,88016300,493
ENSG00000148842,103090222,102918294,171928
ENSG00000184900,44818779,44805617,13162
ENSG00000231298,4678154,4650185,27969
ENSG00000280210,22175191,22174766,425
ENSG00000229086,33170649,33165470,5179
ENSG00000165588,56810479,56799905,10574
ENSG00000213650,56568858,56567906,952
ENSG00000279661,22141117,22140532,585
ENSG00000230341,30751809,30740303,11506
ENSG00000275641,22138981,22137931,1050
ENSG00000270697,137761936,137761546,390
ENSG00000234716,56578866,56577848,1018
ENSG00000092203,21499175,21476597,22578
ENSG00000279577,22130489,22130325,164
ENSG00000255099,109782288,109777912,4376
ENSG00000226306,137810751,137801193,9558
ENSG00000213067,56598342,56597379,963
ENSG00000271047,56603553,56603410,143
ENSG00000274875,22130323,22128748,1575
ENSG00000164241,127073492,127042558,30934
ENSG00000229909,56632727,56631739,988
ENSG00000236086,2341711,2341450,261
ENSG00000109111,28702679,28662198,40481
ENSG00000262055,42142850,42137734,5116
ENSG00000278847,2934771,2934406,365
ENSG00000125743,45692569,45687454,5115
ENSG00000262327,141655244,141633901,21343
ENSG00000078668,42405937,42391624,14313
ENSG00000279980,90349437,90347587,1850
ENSG00000238244,90349197,90348844,353
ENSG00000240809,76435428,76434018,1410
ENSG00000182362,46297751,46286342,11409
ENSG00000185008,77649964,75906695,1743269
ENSG00000267474,14459366,14458401,965
ENSG00000277844,66291180,66290635,545
ENSG00000226361,18681700,18680494,1206
ENSG00000281422,22363650,22363371,279
ENSG00000228797,18697507,18697003,504
ENSG00000281537,22376303,22374469,1834
ENSG00000230931,18724904,18724415,489
ENSG00000281846,22409655,22403919,5736
ENSG00000234059,12948182,12930165,18017
ENSG00000223609,5243657,5232678,10979
ENSG00000204718,18727414,18726706,708
ENSG00000278429,22440620,22429756,10864
ENSG00000262599,141702156,141656728,45428
ENSG00000217776,87070461,87070156,305
ENSG00000197905,3040676,2959330,81346
ENSG00000250159,137889336,137814333,75003
ENSG00000265190,47484158,47460162,23996
ENSG00000250260,138039979,138039199,780
ENSG00000280700,22457549,22453604,3945
ENSG00000239671,42714643,42714299,344
ENSG00000274404,22471066,22461390,9676
ENSG00000262671,141656810,141652381,4429
ENSG00000031003,138051961,137937960,114001
ENSG00000108774,42155044,42124976,30068
ENSG00000108799,42745049,42700275,44774
ENSG00000182771,86366795,85599552,767243
ENSG00000250234,34657250,34656412,838
ENSG00000236618,1518096,1516931,1165
ENSG00000254105,73651602,73651289,313
ENSG00000259225,38062340,37984766,77574
ENSG00000237359,3648338,3647335,1003
ENSG00000067646,2982506,2935281,47225
ENSG00000226669,3689626,3684076,5550
ENSG00000232104,3691814,3526723,165091
ENSG00000174238,1562816,1517718,45098
ENSG00000115392,58241372,58159243,82129
ENSG00000281828,22486719,22482318,4401
ENSG00000274332,45550562,45505209,45353
ENSG00000236914,38072959,38069481,3478
ENSG00000280787,22593430,22497423,96007
ENSG00000164068,49721529,49689538,31991
ENSG00000165819,21511342,21498133,13209
ENSG00000180138,37105664,37103259,2405
ENSG00000281249,169810102,169809318,784
ENSG00000229988,5243537,5241105,2432
ENSG00000280883,170276762,170275331,1431
ENSG00000234173,54656051,54486230,169821
ENSG00000259380,38226887,38139595,87292
ENSG00000280592,170279887,170272763,7124
ENSG00000236744,55597233,55247755,349478
ENSG00000274549,37139585,37139176,409
ENSG00000233442,14014880,14007134,7746
ENSG00000228048,55513217,55506219,6998
ENSG00000279511,37146718,37142967,3751
ENSG00000279262,18448802,18448275,527
ENSG00000224697,54600683,54599678,1005
ENSG00000280121,18448805,18448275,530
ENSG00000234942,85607213,85577731,29482
ENSG00000223800,55469222,55468327,895
ENSG00000268199,18443597,18441419,2178
ENSG00000249860,55600041,55599303,738
ENSG00000105656,18522116,18442663,79453
ENSG00000275170,14020725,14019060,1665
ENSG00000236606,85709167,85708760,407
ENSG00000168671,36071358,36035021,36337
ENSG00000111863,11807046,11712054,94992
ENSG00000270002,85648066,85644073,3993
ENSG00000228957,97396112,97386240,9872
ENSG00000113161,75362101,75336329,25772
ENSG00000197405,47322066,47290023,32043
ENSG00000233070,3002626,2966844,35782
ENSG00000134830,47347327,47332147,15180
ENSG00000215644,81814008,81804132,9876
ENSG00000223600,2995273,2995067,206
ENSG00000262024,42203293,42147859,55434
ENSG00000108509,4987675,4967992,19683
ENSG00000244395,21894526,21880076,14450
ENSG00000219395,151413945,151411259,2686
ENSG00000251187,112210139,112192020,18119
ENSG00000155906,151452158,151404762,47396
ENSG00000150712,32312987,32226994,85993
ENSG00000248350,112363666,112363456,210
ENSG00000250882,112175548,112173570,1978
ENSG00000251076,112257309,112228283,29026
ENSG00000179409,753999,744421,9578
ENSG00000129595,112419313,112142441,276872
ENSG00000250343,147234859,147180204,54655
ENSG00000119402,120793416,120751978,41438
ENSG00000196391,90369146,90352245,16901
ENSG00000137040,6015625,6011043,4582
ENSG00000206168,231472,231134,338
ENSG00000231784,755336,752660,2676
ENSG00000109255,55636698,55595229,41469
ENSG00000259435,22126434,22125511,923
ENSG00000260739,22148226,22145939,2287
ENSG00000230283,37221246,37220860,386
ENSG00000223877,22152897,22152276,621
ENSG00000234268,117036051,117035797,254
ENSG00000235910,116855729,116836117,19612
ENSG00000262453,38924708,38921227,3481
ENSG00000270505,22160868,22160431,437
ENSG00000129472,21476960,21459020,17940
ENSG00000118137,116837950,116835751,2199
ENSG00000262536,38949127,38949113,14
ENSG00000280423,2564143,2561947,2196
ENSG00000271288,22178542,22178107,435
ENSG00000079689,25701783,25652201,49582
ENSG00000278634,54518077,54503437,14640
ENSG00000228718,2640001,2617144,22857
ENSG00000169302,147387855,147234963,152892
ENSG00000164385,2634603,2621913,12690
ENSG00000262870,77199543,77198950,593
ENSG00000188959,110208189,110190048,18141
ENSG00000234912,77099902,77086716,13186
ENSG00000262156,38962839,38952742,10097
ENSG00000214654,120799918,120792403,7515
ENSG00000231480,38502621,38502445,176
ENSG00000253789,62119898,62110524,9374
ENSG00000235076,21359314,21358373,941
ENSG00000157554,38661780,38380027,281753
ENSG00000281364,45556925,45551530,5395
ENSG00000280810,45688015,45573716,114299
ENSG00000224035,13095805,13083790,12015
ENSG00000113119,140645408,140639427,5981
ENSG00000235462,13162214,13153931,8283
ENSG00000223915,13231439,13230884,555
ENSG00000227784,18734896,18734080,816
ENSG00000262679,38968270,38961611,6659
ENSG00000236953,21377874,21376977,897
ENSG00000180776,21459370,21372573,86797
ENSG00000259261,22185402,22184967,435
ENSG00000276450,54909244,54905329,3915
ENSG00000115216,27442259,27427790,14469
ENSG00000270356,22195317,22194885,432
ENSG00000145949,2750966,2663629,87337
ENSG00000276615,143023868,143002301,21567
ENSG00000232691,30140140,30079474,60666
ENSG00000255209,79612300,79604967,7333
ENSG00000217408,25679164,25678769,395
ENSG00000166068,38357249,38252836,104413
ENSG00000140015,63102037,62699464,402573
ENSG00000277552,54736221,54724203,12018
ENSG00000124496,42452051,42224931,227120
ENSG00000130475,17788568,17747718,40850
ENSG00000259262,90386063,90385814,249
ENSG00000230403,30996138,30995162,976
ENSG00000225544,21885673,21885282,391
ENSG00000231894,31115699,31063306,52393
ENSG00000164932,103382989,103371538,11451
ENSG00000230390,37484769,37481467,3302
ENSG00000265205,28672804,28670054,2750
ENSG00000225385,88068037,88066915,1122
ENSG00000281356,22620428,22610118,10310
ENSG00000227074,31747032,31744980,2052
ENSG00000275226,37551536,37534940,16596
ENSG00000127481,19210266,19074510,135756
ENSG00000237155,30734413,30733058,1355
ENSG00000100427,50085902,50059391,26511
ENSG00000223892,30085579,30084584,995
ENSG00000235600,30050914,30049251,1663
ENSG00000231004,17329232,17329034,198
ENSG00000236746,30037031,30035070,1961
ENSG00000271507,22202734,22202392,342
ENSG00000234599,30056871,30053572,3299
ENSG00000188763,73436120,73433783,2337
ENSG00000259098,22258848,22258138,710
ENSG00000227856,31747769,31746491,1278
ENSG00000231535,3200509,3002894,197615
ENSG00000228765,30111484,30110194,1290
ENSG00000227389,30072068,30071672,396
ENSG00000236808,30143406,30137399,6007
ENSG00000224032,112164276,112160526,3750
ENSG00000173153,64316743,64305524,11219
ENSG00000078795,137942747,137887968,54779
ENSG00000224086,21977632,21938293,39339
ENSG00000261524,28405033,28402868,2165
ENSG00000282700,44684155,44679746,4409
ENSG00000100034,21952848,21919425,33423
ENSG00000100351,39973721,39901082,72639
ENSG00000251548,10665113,10664495,618
ENSG00000228739,6066714,6047360,19354
ENSG00000213450,77317598,77316752,846
ENSG00000279979,10675575,10675317,258
ENSG00000241385,109899762,109899246,516
ENSG00000276928,28416674,28416449,225
ENSG00000282077,44711328,44711032,296
ENSG00000274532,28422373,28422172,201
ENSG00000251591,36072079,36071791,288
ENSG00000278865,10676423,10676096,327
ENSG00000009954,73522293,73440406,81887
ENSG00000284628,28444264,28444144,120
ENSG00000129657,77217101,77088749,128352
ENSG00000251618,21897559,21895394,2165
ENSG00000279295,79968708,79966805,1903
ENSG00000260159,28457783,28454660,3123
ENSG00000254471,79989630,79987513,2117
ENSG00000261365,28473448,28473322,126
ENSG00000274814,28495182,28494975,207
ENSG00000228421,28959345,28957667,1678
ENSG00000255690,28958292,28953358,4934
ENSG00000273494,2526600,2508533,18067
ENSG00000240305,44720597,44719760,837
ENSG00000161649,43863639,43847148,16491
ENSG00000112977,10761272,10679230,82042
ENSG00000262771,141752534,141744329,8205
ENSG00000161692,44752264,44708608,43656
ENSG00000084073,40294180,40258236,35944
ENSG00000233011,50152287,50150603,1684
ENSG00000240755,14144158,14143581,577
ENSG00000224905,14144468,14027421,117047
ENSG00000170458,140633701,140631728,1973
ENSG00000188611,50248610,50182778,65832
ENSG00000272324,10770294,10761065,9229
ENSG00000188992,14210891,14108813,102078
ENSG00000244155,18742718,18741730,988
ENSG00000100038,21982816,21957025,25791
ENSG00000260053,28508808,28506625,2183
ENSG00000113141,140662480,140647058,15422
ENSG00000227568,18808018,18807279,739
ENSG00000225016,18810048,18809830,218
ENSG00000242389,21918067,21903618,14449
ENSG00000230815,94824773,94824272,501
ENSG00000248881,75599380,75598482,898
ENSG00000236095,94904754,94900429,4325
ENSG00000271815,75364242,75363760,482
ENSG00000285807,94965624,94964369,1255
ENSG00000247372,75336914,75320155,16759
ENSG00000148120,95087218,94726701,360517
ENSG00000231296,40262984,40262672,312
ENSG00000173113,64318084,64316460,1624
ENSG00000254434,80327911,80321620,6291
ENSG00000255014,80653988,80653429,559
ENSG00000113163,75512138,75356345,155793
ENSG00000255178,80762826,80751200,11626
ENSG00000278088,42144572,42140208,4364
ENSG00000273063,58241686,58241349,337
ENSG00000183773,20981360,20965108,16252
ENSG00000028116,58159920,57907629,252291
ENSG00000225528,39964718,39960397,4321
ENSG00000169129,114404756,114294824,109932
ENSG00000251235,76377149,76376675,474
ENSG00000089685,78225636,78214186,11450
ENSG00000178015,95622142,95620087,2055
ENSG00000120729,137887851,137867791,20060
ENSG00000177910,88138446,88129458,8988
ENSG00000232439,38527325,38526802,523
ENSG00000270369,47484754,47484457,297
ENSG00000279407,45717381,45714387,2994
ENSG00000249493,14069087,14064325,4762
ENSG00000157036,38542161,38496127,46034
ENSG00000177051,45730896,45710629,20267
ENSG00000236113,30073777,30072900,877
ENSG00000226586,30088419,30085046,3373
ENSG00000164508,25726527,25726132,395
ENSG00000267628,79254856,79253577,1279
ENSG00000135346,87095406,87085498,9908
ENSG00000267655,79117920,79117207,713
ENSG00000274671,69444141,69415353,28788
ENSG00000258967,68888084,68887785,299
ENSG00000258531,68936864,68936602,262
ENSG00000164794,109975771,109963636,12135
ENSG00000224641,30782086,30756658,25428
ENSG00000286245,79191559,79185801,5758
ENSG00000166794,64163205,64155812,7393
ENSG00000279077,79354567,79352458,2109
ENSG00000279474,79146918,79144752,2166
ENSG00000189090,47491693,47487219,4474
ENSG00000230961,31786880,31779445,7435
ENSG00000166377,79378287,79069285,309002
ENSG00000237274,6197248,6195934,1314
ENSG00000073464,10237660,10156945,80715
ENSG00000255402,109974781,109973943,838
ENSG00000267190,35684201,35683778,423
ENSG00000127418,1026898,1009936,16962
ENSG00000250978,67475592,67463809,11783
ENSG00000011590,35717038,35704558,12480
ENSG00000249894,67890096,67800740,89356
ENSG00000250669,67690437,67690033,404
ENSG00000223813,29563670,29514225,49445
ENSG00000239870,67609130,67608654,476
ENSG00000250421,67902600,67699429,203171
ENSG00000249736,67646789,67632266,14523
ENSG00000249238,67638942,67636382,2560
ENSG00000233517,28988899,28987028,1871
ENSG00000249721,67693200,67692812,388
ENSG00000235669,29208970,29199540,9430
ENSG00000273860,67855986,67855735,251
ENSG00000254929,47553514,47517816,35698
ENSG00000249364,67805238,67379378,425860
ENSG00000273151,886547,879790,6757
ENSG00000255547,100337625,100336856,769
ENSG00000106069,29514328,29146569,367759
ENSG00000157734,64157481,64151715,5766
ENSG00000149972,100358885,99020949,1337936
ENSG00000248550,57152177,56813183,338994
ENSG00000239857,896436,876554,19882
ENSG00000129195,6451469,6444441,7028
ENSG00000251079,47551954,47538377,13577
ENSG00000286257,56992508,56951008,41500
ENSG00000263042,141737279,141714361,22918
ENSG00000258592,57112660,57066260,46400
ENSG00000258758,57042504,57040885,1619
ENSG00000259136,57044960,57044646,314
ENSG00000225137,50266815,50264978,1837
ENSG00000080166,94479682,94436811,42871
ENSG00000243388,56979621,56978409,1212
ENSG00000258776,56893710,56817570,76140
ENSG00000224919,47502195,47496212,5983
ENSG00000272398,106975627,106969831,5796
ENSG00000260991,1280544,1280161,383
ENSG00000246323,138037266,138032774,4492
ENSG00000204172,47523638,47501854,21784
ENSG00000067141,73305205,73051710,253495
ENSG00000099290,50133509,50067888,65621
ENSG00000235012,39529855,39525583,4272
ENSG00000261994,141744354,141710346,34008
ENSG00000185585,124814885,124777133,37752
ENSG00000225951,128473012,128468957,4055
ENSG00000251535,336786,336258,528
ENSG00000240590,110105964,110105076,888
ENSG00000268707,129170940,129170434,506
ENSG00000253956,110349607,110334743,14864
ENSG00000231241,37021984,37021743,241
ENSG00000269846,37097178,37095785,1393
ENSG00000226144,37049707,37049254,453
ENSG00000266289,103383854,103383078,776
ENSG00000253107,110556518,110555408,1110
ENSG00000080839,37095995,36996349,99646
ENSG00000196388,4997610,4988130,9480
ENSG00000137193,37175428,37170152,5276
ENSG00000234705,128663578,128663134,444
ENSG00000110429,33774543,33740939,33604
ENSG00000188483,129178262,129175552,2710
ENSG00000268050,129177575,129175807,1768
ENSG00000204055,129210548,129176771,33777
ENSG00000253122,110632394,110609241,23153
ENSG00000253717,110772759,110766863,5896
ENSG00000242756,18838098,18837768,330
ENSG00000206192,18871967,18816718,55249
ENSG00000152818,144853034,144285701,567333
ENSG00000211452,53911086,53891239,19847
ENSG00000225109,30178900,30177077,1823
ENSG00000173540,49723951,49716844,7107
ENSG00000276535,88145850,88144851,999
ENSG00000226060,30203710,30174734,28976
ENSG00000279154,88178578,88177695,883
ENSG00000283654,23104989,23099062,5927
ENSG00000259183,88144165,88143935,230
ENSG00000273914,143088382,143087345,1037
ENSG00000277885,54752150,54738243,13907
ENSG00000235500,18895230,18892260,2970
ENSG00000214485,150095048,150094302,746
ENSG00000258732,22282872,22278971,3901
ENSG00000140538,88256768,87859751,397017
ENSG00000282335,143108767,143108400,367
ENSG00000182578,150113372,150053291,60081
ENSG00000281145,22376504,22375985,519
ENSG00000224764,94934946,94928551,6395
ENSG00000226250,18907810,18905439,2371
ENSG00000179933,23100456,23095505,4951
ENSG00000274835,22360918,22360639,279
ENSG00000099864,748329,708935,39394
ENSG00000277378,143114534,143113507,1027
ENSG00000183778,39673137,39556442,116695
ENSG00000274854,22381346,22380766,580
ENSG00000255741,68942852,68941503,1349
ENSG00000268938,18532632,18531613,1019
ENSG00000262678,4987324,4986466,858
ENSG00000269191,18536188,18532908,3280
ENSG00000234652,3294826,3293808,1018
ENSG00000234203,4974681,4972851,1830
ENSG00000091622,6556555,6451263,105292
ENSG00000172938,68980986,68980021,965
ENSG00000262429,4968822,4967995,827
ENSG00000276011,54768727,54754397,14330
ENSG00000262227,4988446,4987706,740
ENSG00000105701,18544077,18531751,12326
ENSG00000100813,23095614,23058564,37050
ENSG00000145757,95698711,95652181,46530
ENSG00000237107,42500022,42499710,312
ENSG00000254999,10127190,10115675,11515
ENSG00000273679,22373570,22371736,1834
ENSG00000216777,3549810,3549652,158
ENSG00000228854,30755334,30751961,3373
ENSG00000251609,120897083,120895494,1589
ENSG00000138738,120922870,120684919,237951
ENSG00000223827,30509062,30506108,2954
ENSG00000115756,10427617,10302889,124728
ENSG00000134086,10152220,10141008,11212
ENSG00000184809,39612821,39597147,15674
ENSG00000260629,5245546,5244554,992
ENSG00000278826,54616589,54616083,506
ENSG00000225330,39726085,39630271,95814
ENSG00000236754,17589192,17580157,9035
ENSG00000229492,17419828,17418697,1131
ENSG00000233848,20800694,20756103,44591
ENSG00000099954,17558149,17359949,198200
ENSG00000225832,20723655,20722328,1327
ENSG00000145996,21232404,20534457,697947
ENSG00000239805,181847885,181847526,359
ENSG00000213155,181867154,181866351,803
ENSG00000136942,124861981,124857880,4101
ENSG00000175449,95684773,95646754,38019
ENSG00000230683,38515830,38515448,382
ENSG00000226618,31677219,31660168,17051
ENSG00000240401,55346049,55282350,63699
ENSG00000243925,26099226,26098839,387
ENSG00000160469,55312533,55282072,30461
ENSG00000169856,52791078,52756989,34089
ENSG00000176406,104256094,103500748,755346
ENSG00000116478,32333635,32292083,41552
ENSG00000136918,124857890,124853417,4473
ENSG00000162997,55284522,55282319,2203
ENSG00000182117,34343177,34341713,1464
ENSG00000261202,40044530,40043068,1462
ENSG00000176020,49719695,49716834,2861
ENSG00000133477,40043534,39994954,48580
ENSG00000134070,10243745,10164919,78826
ENSG00000279446,127075604,127073587,2017
ENSG00000204429,88181447,88180673,774
ENSG00000229288,88190202,88187735,2467
ENSG00000226327,88325339,88324454,885
ENSG00000115355,55419895,55287842,132053
ENSG00000253994,110809894,110809394,500
ENSG00000226933,46024156,46023296,860
ENSG00000173578,46027742,46017024,10718
ENSG00000254241,110934533,110933263,1270
ENSG00000227444,21921106,21918935,2171
ENSG00000241084,129261581,129259062,2519
ENSG00000165059,69014113,69012529,1584
ENSG00000250576,10777062,10775058,2004
ENSG00000235007,129259846,129258354,1492
ENSG00000106868,112175408,112040785,134623
ENSG00000100056,19144684,19130279,14405
ENSG00000226092,21937150,21927521,9629
ENSG00000131495,140647785,140638740,9045
ENSG00000285314,20998121,20979462,18659
ENSG00000122692,33076674,33041765,34909
ENSG00000261625,69002048,69000765,1283
ENSG00000253877,111027433,110937690,89743
ENSG00000229515,46143677,46142358,1319
ENSG00000237968,21941593,21940012,1581
ENSG00000146047,25727292,25726777,515
ENSG00000236006,30820509,30788497,32012
ENSG00000154611,26193355,26133852,59503
ENSG00000052850,44310166,44260440,49726
ENSG00000260493,85177062,85172077,4985
ENSG00000228691,31929929,31924682,5247
ENSG00000106723,88478694,88388430,90264
ENSG00000099949,20999038,20982013,17025
ENSG00000231713,39730680,39727755,2925
ENSG00000253801,68087494,68087161,333
ENSG00000171262,38487710,38454127,33583
ENSG00000226087,47239225,47225794,13431
ENSG00000213864,68159893,68159218,675
ENSG00000228045,17519029,17518676,353
ENSG00000253787,68198407,68189876,8531
ENSG00000286195,17570078,17521514,48564
ENSG00000232305,17424775,17424388,387
ENSG00000236824,47335514,47335315,199
ENSG00000182902,17590995,17563450,27545
ENSG00000234690,47345074,47192405,152669
ENSG00000183067,39802096,39745407,56689
ENSG00000151322,33804176,32934933,869243
ENSG00000248552,159375322,159375099,223
ENSG00000250180,159401246,159398533,2713
ENSG00000250488,159777784,159666503,111281
ENSG00000144635,32570858,32525974,44884
ENSG00000234093,44780715,44780331,384
ENSG00000240518,140609400,140609085,315
ENSG00000130349,107051586,107028199,23387
ENSG00000259538,84421837,84412773,9064
ENSG00000259774,84425882,84422618,3264
ENSG00000106635,73557690,73536356,21334
ENSG00000259192,38459540,38458760,780
ENSG00000086717,18827921,18675909,152012
ENSG00000136950,124877733,124862130,15603
ENSG00000178762,25732091,25731782,309
ENSG00000231522,30838017,30829379,8638
ENSG00000272568,29013367,28979967,33400
ENSG00000216436,25732827,25732497,330
ENSG00000224360,30865810,30856848,8962
ENSG00000285412,29128172,29122274,5898
ENSG00000275017,88391832,88391362,470
ENSG00000227638,88411463,88410529,934
ENSG00000224307,129285728,129282458,3270
ENSG00000196639,11263557,11137093,126464
ENSG00000106066,29195451,28995235,200216
ENSG00000234835,35251829,35251070,759
ENSG00000167106,127980989,127940582,40407
ENSG00000232795,35186679,35185294,1385
ENSG00000179082,129324905,129321016,3889
ENSG00000172915,35673022,34942287,730735
ENSG00000068079,43014456,43006725,7731
ENSG00000231159,22005349,21972313,33036
ENSG00000285906,11225877,11193439,32438
ENSG00000279416,79086435,79085134,1301
ENSG00000213964,11234582,11234256,326
ENSG00000267015,79343972,79340258,3714
ENSG00000065491,37332970,37257772,75198
ENSG00000274567,69469841,69469588,253
ENSG00000227939,31281519,31280317,1202
ENSG00000231402,31288964,31287510,1454
ENSG00000232027,51373224,51372270,954
ENSG00000214892,31278754,31275572,3182
ENSG00000206203,19132622,19131308,1314
ENSG00000256166,31301642,31293908,7734
ENSG00000164535,6484190,6409126,75064
ENSG00000278293,22395490,22395019,471
ENSG00000188985,26171284,26170726,558
ENSG00000272084,19075511,19072110,3401
ENSG00000085832,51519266,51354263,165003
ENSG00000259203,52804942,52801614,3328
ENSG00000124784,7418037,7389793,28244
ENSG00000137033,6257983,6215786,42197
ENSG00000274279,22406944,22401208,5736
ENSG00000204525,31272130,31268749,3381
ENSG00000273785,42155001,42149871,5130
ENSG00000165568,4848062,4786629,61433
ENSG00000035720,67607337,67558727,48610
ENSG00000176679,3580041,3579041,1000
ENSG00000231358,18944284,18921889,22395
ENSG00000172738,37258155,37212178,45977
ENSG00000167674,4502208,4472297,29911
ENSG00000254208,85178150,85177522,628
ENSG00000274360,143124772,143123517,1255
ENSG00000176731,85220421,85214048,6373
ENSG00000282507,157742461,157741015,1446
ENSG00000227218,127940952,127934503,6449
ENSG00000260342,18801519,18788063,13456
ENSG00000237221,18691604,18688643,2961
ENSG00000170540,18801572,18791669,9903
ENSG00000136908,127938484,127935099,3385
ENSG00000037474,6633291,6599239,34052
ENSG00000142959,44788170,44783585,4585
ENSG00000275550,37295742,37295584,158
ENSG00000286105,37257637,37212181,45456
ENSG00000273686,44718888,44711489,7399
ENSG00000232475,22049347,22048554,793
ENSG00000224253,29742478,29742254,224
ENSG00000232011,29948077,29946103,1974
ENSG00000250997,160522311,160521829,482
ENSG00000275500,54903107,54888671,14436
ENSG00000217195,144707047,144706733,314
ENSG00000230238,29791477,29785254,6223
ENSG00000183625,46266706,46163604,103102
ENSG00000219409,144398752,144397959,793
ENSG00000249425,160586817,160539254,47563
ENSG00000220739,144708497,144708106,391
ENSG00000275937,54780252,54770973,9279
ENSG00000242635,160818869,160818422,447
ENSG00000225311,144333301,144311699,21602
ENSG00000235068,31249234,31242859,6375
ENSG00000088451,94596242,94574054,22188
ENSG00000275732,54858688,54847612,11076
ENSG00000250821,55837487,55819819,17668
ENSG00000273814,69556424,69492007,64417
ENSG00000232331,29920706,29917929,2777
ENSG00000231998,29900148,29899284,864
ENSG00000227027,29889211,29888080,1131
ENSG00000241880,29721114,29720644,470
ENSG00000225346,29786629,29785655,974
ENSG00000225513,112173971,112173522,449
ENSG00000250321,342962,342821,141
ENSG00000232141,30022857,30021567,1290
ENSG00000214743,127143247,127143082,165
ENSG00000131127,384868,337814,47054
ENSG00000250080,127172266,127170535,1731
ENSG00000014257,132368298,132317369,50929
ENSG00000230413,29824817,29820648,4169
ENSG00000249568,161388417,161378953,9464
ENSG00000164050,48430086,48403854,26232
ENSG00000249419,162047567,162022733,24834
ENSG00000170677,70330199,70289045,41154
ENSG00000163823,46208313,46201711,6602
ENSG00000204305,32184322,32180968,3354
ENSG00000259244,84526949,84513241,13708
ENSG00000168843,162164004,161383897,780107
ENSG00000268729,55312495,55312029,466
ENSG00000134419,18790383,18781295,9088
ENSG00000259728,84580175,84570649,9526
ENSG00000271585,127177050,127176696,354
ENSG00000229671,1908656,1897015,11641
ENSG00000250956,127179900,127179756,144
ENSG00000231804,88485325,88484852,473
ENSG00000236736,46311922,46310591,1331
ENSG00000197627,84500599,84491480,9119
ENSG00000259302,84505495,84505463,32
ENSG00000230373,84516814,84507885,8929
ENSG00000242512,182010678,181952343,58335
ENSG00000140386,76905444,76347904,557540
ENSG00000248564,338583,338097,486
ENSG00000278096,69502181,69477193,24988
ENSG00000151470,129116640,129093317,23323
ENSG00000272829,20981755,20981361,394
ENSG00000189136,84571216,84526781,44435
ENSG00000229553,22058113,22049755,8358
ENSG00000004660,3894891,3860315,34576
ENSG00000173221,95822726,95751319,71407
ENSG00000132635,2841190,2835314,5876
ENSG00000167676,4518465,4502180,16285
ENSG00000164187,36151887,36098407,53480
ENSG00000136240,6484190,6445953,38237
ENSG00000133740,85217158,85177154,40004
ENSG00000181109,5727464,5726502,962
ENSG00000271871,141953375,141952419,956
ENSG00000184698,5393263,5383812,9451
ENSG00000113555,141969741,141943585,26156
ENSG00000259551,84502381,84500378,2003
ENSG00000248854,55840025,55838801,1224
ENSG00000196565,5505605,5253188,252417
ENSG00000164934,103443453,103414714,28739
ENSG00000105185,32587453,32581190,6263
ENSG00000249633,5528174,5527277,897
ENSG00000275647,128944956,128944628,328
ENSG00000254099,141982687,141970637,12050
ENSG00000258588,5644398,5596725,47673
ENSG00000151466,129093600,128864921,228679
ENSG00000165502,49620685,49618519,2166
ENSG00000013561,141990292,141958328,31964
ENSG00000164292,95824383,95713522,110861
ENSG00000237452,45764534,45733251,31283
ENSG00000183914,7833744,7717354,116390
ENSG00000285081,29194109,29191582,2527
ENSG00000270196,29552151,29551521,630
ENSG00000278116,54886807,54877311,9496
ENSG00000243646,33310187,33266367,43820
ENSG00000168282,49623481,49620795,2686
ENSG00000237065,29213214,29212302,912
ENSG00000285162,29514667,29122340,392327
ENSG00000258377,49623480,49620815,2665
ENSG00000277835,54842447,54830630,11817
ENSG00000229452,29082527,29080284,2243
ENSG00000276820,54828213,54813971,14242
ENSG00000267073,1748745,1748056,689
ENSG00000261276,69005100,69004394,706
ENSG00000276327,54919948,54905478,14470
ENSG00000246774,109316135,109303035,13100
ENSG00000256508,69018447,69012283,6164
ENSG00000254437,80957634,80957317,317
ENSG00000274465,54875223,54860636,14587
ENSG00000152592,87664361,87650307,14054
ENSG00000137403,29732497,29716754,15743
ENSG00000172935,69013382,69004395,8987
ENSG00000146039,25781191,25754699,26492
ENSG00000260305,88271066,88252730,18336
ENSG00000279796,114427398,114424445,2953
ENSG00000268869,16720157,16687339,32818
ENSG00000236527,62873076,62872250,826
ENSG00000276461,42215442,42160013,55429
ENSG00000121764,31632518,31617686,14832
ENSG00000236698,16686055,16685621,434
ENSG00000282053,1974637,1972570,2067
ENSG00000169718,82065887,82057506,8381
ENSG00000280114,16688749,16681097,7652
ENSG00000062650,86521792,86435256,86536
ENSG00000279151,16705594,16701546,4048
ENSG00000273645,2006936,1973878,33058
ENSG00000227070,51561629,51518309,43320
ENSG00000081870,53945929,53916574,29355
ENSG00000282334,1976478,1971397,5081
ENSG00000238140,51463416,51461721,1695
ENSG00000282260,1975314,1974818,496
ENSG00000228303,56650696,56638943,11753
ENSG00000187918,5456518,5449323,7195
ENSG00000223799,33266260,33263873,2387
ENSG00000260284,1288837,1286351,2486
ENSG00000204444,31658210,31652416,5794
ENSG00000260710,1299166,1294551,4615
ENSG00000280501,41685845,41681649,4196
ENSG00000249001,87733956,87568035,165921
ENSG00000181017,5767465,5761153,6312
ENSG00000183255,44873903,44849585,24318
ENSG00000229534,5572192,5571247,945
ENSG00000249624,33297160,33229901,67259
ENSG00000131013,149546038,149504733,41305
ENSG00000277174,56687366,56685036,2330
ENSG00000181616,5548533,5544489,4044
ENSG00000142515,50860764,50854915,5849
ENSG00000152591,87616910,87608529,8381
ENSG00000281424,41661305,41661018,287
ENSG00000282879,56736590,56736396,194
ENSG00000205922,1780988,1752373,28615
ENSG00000236248,5362849,5362615,234
ENSG00000280545,41648944,41648001,943
ENSG00000175518,5516705,5514393,2312
ENSG00000226057,19062718,18946755,115963
ENSG00000235790,31660162,31644049,16113
ENSG00000159110,33265675,33229901,35774
ENSG00000281659,41647241,41646911,330
ENSG00000277253,56808148,56805336,2812
ENSG00000228132,6276974,6276640,334
ENSG00000250240,95732295,95701249,31046
ENSG00000239920,5678434,5254392,424042
ENSG00000233846,6279153,6278667,486
ENSG00000274131,41635416,41627313,8103
ENSG00000251348,95770700,95768999,1701
ENSG00000226619,19028701,19027837,864
ENSG00000229375,19019336,19015487,3849
ENSG00000187721,19032626,19026001,6625
ENSG00000164933,103415189,103398635,16554
ENSG00000130045,88584274,88534033,50241
ENSG00000276657,143609773,143603913,5860
ENSG00000236965,5801297,5800364,933
ENSG00000165506,49635230,49625174,10056
ENSG00000162517,31644896,31629866,15030
ENSG00000181023,5738522,5736448,2074
ENSG00000167359,5441514,5440570,944
ENSG00000132670,3039076,2864184,174892
ENSG00000180660,35477209,35474182,3027
ENSG00000256433,6396148,6393905,2243
ENSG00000229093,5292380,5291761,619
ENSG00000232685,19012559,19008259,4300
ENSG00000093010,19969975,19941607,28368
ENSG00000181001,5791265,5786471,4794
ENSG00000121807,46360928,46353734,7194
ENSG00000213942,6410013,6409637,376
ENSG00000224906,6438852,6438498,354
ENSG00000227089,21355296,21354411,885
ENSG00000180988,5821348,5820314,1034
ENSG00000280989,21521414,21485896,35518
ENSG00000281505,41614013,41613683,330
ENSG00000280470,41614326,41608077,6249
ENSG00000284931,5254783,5248270,6513
ENSG00000271581,31357637,31356647,990
ENSG00000258450,49629890,49629291,599
ENSG00000229836,31308549,31307815,734
ENSG00000277932,5902730,5893208,9522
ENSG00000231754,21523783,21521678,2105
ENSG00000240480,7754976,7754320,656
ENSG00000132256,5938619,5663557,275062
ENSG00000103275,1327018,1308880,18138
ENSG00000228189,88652160,88627189,24971
ENSG00000276935,54190312,54173818,16494
ENSG00000255105,103559389,103559099,290
ENSG00000137331,30744548,30743199,1349
ENSG00000225856,88971341,88970887,454
ENSG00000285982,103501895,103398658,103237
ENSG00000279072,56848800,56809214,39586
ENSG00000204463,31652705,31639028,13677
ENSG00000100170,32113029,32043032,69997
ENSG00000276880,94103846,94081282,22564
ENSG00000261670,103468985,103464389,4596
ENSG00000259605,45769806,45764785,5021
ENSG00000264078,31649371,31644694,4677
ENSG00000254644,103568978,103568603,375
ENSG00000239344,103769029,103768281,748
ENSG00000268434,45785973,45779437,6536
ENSG00000271830,103481619,103481266,353
ENSG00000160791,46376206,46370854,5352
ENSG00000278306,54796789,54782354,14435
ENSG00000253477,103501676,103483398,18278
ENSG00000084636,31704319,31652263,52056
ENSG00000077684,128875224,128809700,65524
ENSG00000275795,54811528,54799171,12357
ENSG00000253103,111236203,111098961,137242
ENSG00000259528,73256109,73255334,775
ENSG00000259440,73162928,73161779,1149
ENSG00000281361,22397522,22397030,492
ENSG00000272273,30743592,30742929,663
ENSG00000254124,111227049,111225585,1464
ENSG00000223552,46407059,46364955,42104
ENSG00000259691,73143518,73143236,282
ENSG00000279330,3275807,3273609,2198
ENSG00000253489,111179872,111179193,679
ENSG00000162086,3318852,3305406,13446
ENSG00000100078,31140508,31134807,5701
ENSG00000124535,2786952,2765414,21538
ENSG00000268615,129328401,129328261,140
ENSG00000272239,147401996,147401760,236
ENSG00000255451,44470429,44468464,1965
ENSG00000113657,147510068,147390808,119260
ENSG00000267395,45772504,45767796,4708
ENSG00000166396,63805376,63752935,52441
ENSG00000214125,31156647,31155966,681
ENSG00000133110,37598844,37562583,36261
ENSG00000227028,40255209,39786453,468756
ENSG00000224118,29849688,29849539,149
ENSG00000229653,30051536,29990518,61018
ENSG00000225662,62779785,62779176,609
ENSG00000253710,52033600,52012398,21202
ENSG00000104936,45782552,45769717,12835
ENSG00000163618,62875416,62398346,477070
ENSG00000272885,416537,416118,419
ENSG00000249025,393658,393534,124
ENSG00000182903,499156,425815,73341
ENSG00000105576,12724011,12699194,24817
ENSG00000139193,6451718,6444867,6851
ENSG00000283480,21595593,21528739,66854
ENSG00000284748,37607336,37596126,11210
ENSG00000211450,57743554,57741250,2304
ENSG00000124766,21598619,21592768,5851
ENSG00000281005,3267567,3263743,3824
ENSG00000253797,52033600,52024691,8909
ENSG00000139192,6466517,6451690,14827
ENSG00000262554,3308816,3308609,207
ENSG00000105287,46717127,46674275,42852
ENSG00000279031,3293403,3292879,524
ENSG00000184507,34357737,34343315,14422
ENSG00000065609,83709691,83552880,156811
ENSG00000234181,35098141,35096378,1763
ENSG00000006194,3301401,3263800,37601
ENSG00000281016,454070,386174,67896
ENSG00000165282,35096601,35088688,7913
ENSG00000281536,22403079,22402588,491
ENSG00000251595,474129,425435,48694
ENSG00000254732,57793243,57742163,51080
ENSG00000225663,81833302,81822361,10941
ENSG00000161265,35745445,35742464,2981
ENSG00000233554,33179983,33166975,13008
ENSG00000185182,22437902,22427039,10863
ENSG00000233436,57751781,57743514,8267
ENSG00000086062,33167356,33104082,63274
ENSG00000281761,170298375,170297876,499
ENSG00000271882,101208558,101208148,410
ENSG00000275555,170306565,170282206,24359
ENSG00000254462,57791586,57712605,78981
ENSG00000213593,57740973,57712593,28380
ENSG00000251581,29742934,29735695,7239
ENSG00000237810,62144769,62143311,1458
ENSG00000232926,19887970,19887289,681
ENSG00000229995,29806385,29806254,131
ENSG00000183023,40611053,40097270,513783
ENSG00000224320,29999464,29879141,120323
ENSG00000184470,19941820,19875517,66303
ENSG00000236971,29636463,29636180,283
ENSG00000281074,22408097,22407947,150
ENSG00000136810,110256507,110243810,12697
ENSG00000281565,22413817,22413303,514
ENSG00000282766,130384179,130383653,526
ENSG00000126368,40100589,40092793,7796
ENSG00000140993,3305729,3298808,6921
ENSG00000232927,3683868,3682805,1063
ENSG00000274575,22419379,22418863,516
ENSG00000229668,114502347,114501997,350
ENSG00000228484,114794344,114764788,29556
ENSG00000225653,3779546,3777997,1549
ENSG00000281502,22430396,22429412,984
ENSG00000278728,148419466,148217288,202178
ENSG00000286050,3864893,3786282,78611
ENSG00000218410,3852869,3851224,1645
ENSG00000280941,22435400,22434907,493
ENSG00000099204,114768061,114431113,336948
ENSG00000261232,76472365,76472099,266
ENSG00000275333,170416388,170290703,125685
ENSG00000215039,6451567,6439001,12566
ENSG00000164615,134752157,134738548,13609
ENSG00000262899,3308393,3307573,820
ENSG00000204278,78240987,78231310,9677
ENSG00000115758,10448327,10439968,8359
ENSG00000126351,40093867,40058290,35577
ENSG00000228022,30792250,30766825,25425
ENSG00000214894,30830659,30798654,32005
ENSG00000235986,30547013,30531215,15798
ENSG00000276718,6467135,6466537,598
ENSG00000139190,6470987,6462237,8750
ENSG00000173638,45573365,45493572,79793
ENSG00000253809,70242156,70222758,19398
ENSG00000138942,31207019,31160182,46837
ENSG00000167699,783390,757097,26293
ENSG00000250259,1028972,1027678,1294
ENSG00000259891,140508043,140505813,2230
ENSG00000112280,70303083,70215061,88022
ENSG00000242659,113747408,113746872,536
ENSG00000172716,35373701,35350305,23396
ENSG00000114573,113812056,113747033,65023
ENSG00000160298,46323875,46300181,23694
ENSG00000130382,6279975,6210381,69594
ENSG00000235653,39929998,39929110,888
ENSG00000285898,40679604,40591285,88319
ENSG00000227042,10365323,10242339,122984
ENSG00000249465,109347459,109346326,1133
ENSG00000145794,127465737,127290796,174941
ENSG00000224049,187805258,187796187,9071
ENSG00000285568,81040236,81015849,24387
ENSG00000163584,170870208,170864875,5333
ENSG00000254747,81552516,81552226,290
ENSG00000255316,81556425,81555910,515
ENSG00000236864,187946221,187932764,13457
ENSG00000224187,187976407,187958775,17632
ENSG00000213931,5505652,5268345,237307
ENSG00000139044,563509,460364,103145
ENSG00000267563,6259799,6259157,642
ENSG00000280394,6263469,6263068,401
ENSG00000234479,32133469,32121977,11492
ENSG00000237439,32130612,32129689,923
ENSG00000232707,32134133,32134028,105
ENSG00000272333,35738878,35718019,20859
ENSG00000230807,27486617,27486247,370
ENSG00000239674,32143272,32141267,2005
ENSG00000232167,27525394,27525353,41
ENSG00000223968,27624456,27624202,254
ENSG00000205856,32159322,32149006,10316
ENSG00000138802,109540896,109433772,107124
ENSG00000166135,100559998,100529072,30926
ENSG00000228186,30553562,30546725,6837
ENSG00000233646,5567616,5566678,938
ENSG00000121236,5612958,5596109,16849
ENSG00000175130,32336233,32333839,2394
ENSG00000254835,31205616,31205264,352
ENSG00000237923,30848159,30839526,8633
ENSG00000271943,27639111,27632976,6135
ENSG00000237775,30875918,30866982,8936
ENSG00000283914,78251440,78248193,3247
ENSG00000122035,27273690,27270327,3363
ENSG00000278276,31581214,31580890,324
ENSG00000279886,78250932,78250346,586
ENSG00000267676,78254416,78248493,5923
ENSG00000236412,188003406,188001700,1706
ENSG00000125968,31606515,31605283,1232
ENSG00000233775,32350663,32349194,1469
ENSG00000225058,188003990,187997422,6568
ENSG00000249973,87786371,87785920,451
ENSG00000234238,188147020,188107096,39924
ENSG00000214456,4535224,4522531,12693
ENSG00000234427,11811248,11810602,646
ENSG00000029559,87812435,87799554,12881
ENSG00000104472,140517154,140511311,5843
ENSG00000166136,100530000,100523740,6260
ENSG00000224574,45410065,45407386,2679
ENSG00000131055,31645006,31637888,7118
ENSG00000279891,188180812,188178543,2269
ENSG00000224563,188568666,188562238,6428
ENSG00000270959,188154057,188151206,2851
ENSG00000225828,32364278,32361270,3008
ENSG00000182871,45513720,45405137,108583
ENSG00000145012,188890671,188153284,737387
ENSG00000235844,33119850,33103656,16194
ENSG00000254050,62474269,62473217,1052
ENSG00000249184,151801348,151799500,1848
ENSG00000253431,62864181,62863082,1099
ENSG00000274956,62984900,62977861,7039
ENSG00000185942,62999652,62248591,751061
ENSG00000236724,3878809,3875584,3225
ENSG00000249502,17614585,17586267,28318
ENSG00000267385,4540067,4528427,11640
ENSG00000162526,32364312,32351521,12791
ENSG00000107249,4348392,3824127,524265
ENSG00000002549,17607972,17577192,30780
ENSG00000171236,4540036,4536402,3634
ENSG00000278565,41595186,41557860,37326
ENSG00000285971,62249879,62191088,58791
ENSG00000253517,62857134,62855068,2066
ENSG00000253975,62483811,62482198,1613
ENSG00000008838,40061215,40019097,42118
ENSG00000204277,78278492,78261349,17143
ENSG00000231968,29559875,29555562,4313
ENSG00000267737,78347798,78315729,32069
ENSG00000126246,35742453,35738801,3652
ENSG00000229680,29588994,29587411,1583
ENSG00000184557,78360077,78356778,3299
ENSG00000236693,33126260,33114995,11265
ENSG00000237112,29633117,29555562,77555
ENSG00000156304,31732075,31671033,61042
ENSG00000107262,33264720,33247820,16900
ENSG00000075826,100519864,100486646,33218
ENSG00000258462,49681886,49681302,584
ENSG00000259155,49677893,49677369,524
ENSG00000167880,76027452,76004502,22950
ENSG00000100479,49688422,49643555,44867
ENSG00000267120,35745432,35739252,6180
ENSG00000171861,792509,782353,10156
ENSG00000246560,102844075,102828055,16020
ENSG00000233901,129359538,129332300,27238
ENSG00000281556,41563804,41557862,5942
ENSG00000278742,45768499,45723122,45377
ENSG00000255106,44540693,44539778,915
ENSG00000281224,41560616,41559910,706
ENSG00000109332,102868896,102794383,74513
ENSG00000262434,790525,789744,781
ENSG00000233437,56882146,56875385,6761
ENSG00000262228,765319,763565,1754
ENSG00000178409,107115269,107065182,50087
ENSG00000249708,151891263,151887543,3720
ENSG00000245598,46677447,46660364,17083
ENSG00000275363,22455154,22451209,3945
ENSG00000224626,18787752,18784807,2945
ENSG00000281471,22437120,22436625,495
ENSG00000248991,151943933,151919468,24465
ENSG00000105193,39435949,39433137,2812
ENSG00000236204,19348067,18986451,361616
ENSG00000249818,151928648,151904932,23716
ENSG00000277865,22469230,22458903,10327
ENSG00000197380,46661182,46647551,13631
ENSG00000236146,129380470,129380136,334
ENSG00000225244,56944353,56940341,4012
ENSG00000255033,111380868,111380603,265
ENSG00000251249,151969381,151955991,13390
ENSG00000253434,111756826,111376639,380187
ENSG00000273737,22441552,22441045,507
ENSG00000286066,151991925,151949338,42587
ENSG00000229518,3866722,3866306,416
ENSG00000189166,57009149,56991888,17261
ENSG00000280754,22457423,22455773,1650
ENSG00000229308,4100320,4036497,63823
ENSG00000280825,22459739,22459289,450
ENSG00000214668,57020273,57014285,5988
ENSG00000253156,111621797,111621458,339
ENSG00000225878,4802848,4801685,1163
ENSG00000281326,22475074,22474747,327
ENSG00000230676,129451422,129430652,20770
ENSG00000245954,152104720,152090459,14261
ENSG00000281909,22484840,22480439,4401
ENSG00000277930,4999650,4993858,5792
ENSG00000226355,129439118,129438216,902
ENSG00000261334,129482538,129480605,1933
ENSG00000277421,22518259,22493526,24733
ENSG00000229508,57061301,57060590,711
ENSG00000258591,39108707,39108342,365
ENSG00000258651,39103812,39103140,672
ENSG00000280540,41545246,41543524,1722
ENSG00000259121,39091101,39090901,200
ENSG00000220237,107230152,107229759,393
ENSG00000100934,39109646,39031919,77727
ENSG00000276620,107192573,107192300,273
ENSG00000224855,193627337,193618609,8728
ENSG00000164494,107459564,107152562,307002
ENSG00000250706,152178573,152146385,32188
ENSG00000275748,45820912,45699087,121825
ENSG00000227356,97849798,97828478,21320
ENSG00000215305,2866732,2840703,26029
ENSG00000275061,57074664,57067950,6714
ENSG00000101871,10833654,10445310,388344
ENSG00000251377,152225870,152207421,18449
ENSG00000237009,3901248,3898642,2606
ENSG00000250506,76005999,76000906,5093
ENSG00000228322,4306046,4299390,6656
ENSG00000281382,41532026,41531206,820
ENSG00000230001,4071884,4070906,978
ENSG00000220771,21602383,21602128,255
ENSG00000231580,33118935,33118526,409
ENSG00000215124,11862970,11861626,1344
ENSG00000281935,123935766,123826687,109079
ENSG00000274857,41521989,41521043,946
ENSG00000229609,27374366,27373348,1018
ENSG00000225102,11992012,11990343,1669
ENSG00000185177,57139864,57119614,20250
ENSG00000213133,126258355,126257921,434
ENSG00000095713,98030828,97865000,165828
ENSG00000095951,12164999,12008762,156237
ENSG00000257949,76000586,75979240,21346
ENSG00000113643,168519301,168486451,32850
ENSG00000276944,41506898,41506152,746
ENSG00000274751,1309413,1305547,3866
ENSG00000270302,152309983,152308283,1700
ENSG00000261505,1322845,1317891,4954
ENSG00000270883,152318364,152317902,462
ENSG00000224301,63125537,63123938,1599
ENSG00000280726,41500644,41479081,21563
ENSG00000230239,16859284,16855407,3877
ENSG00000174442,66550130,66504959,45171
ENSG00000272426,16904776,16904339,437
ENSG00000235095,57150347,57147986,2361
ENSG00000223643,16853129,16851257,1872
ENSG00000148572,63155031,63133247,21784
ENSG00000283897,127229809,127215159,14650
ENSG00000283431,57166024,57163168,2856
ENSG00000233563,5874892,5873960,932
ENSG00000242198,75374809,75374463,346
ENSG00000184321,5403547,5402597,950
ENSG00000186715,16770237,16754910,15327
ENSG00000277514,5904448,5903767,681
ENSG00000283547,57167880,57167200,680
ENSG00000284474,57167245,57167039,206
ENSG00000132274,5737089,5689697,47392
ENSG00000231537,57168651,57167880,771
ENSG00000122008,75601144,75511756,89388
ENSG00000270240,35885863,35868967,16896
ENSG00000271503,35880793,35871491,9302
ENSG00000122711,33248567,33218365,30202
ENSG00000161533,75979177,75941507,37670
ENSG00000161558,48364059,48332356,31703
ENSG00000177045,45769252,45764785,4467
ENSG00000183337,40177329,40049815,127514
ENSG00000231177,10285746,10284419,1327
ENSG00000263884,270278,268148,2130
ENSG00000235241,16889602,16889095,507
ENSG00000229896,12008856,12007670,1186
ENSG00000282740,16750589,16739938,10651
ENSG00000238142,16889649,16888538,1111
ENSG00000157020,10321112,10293131,27981
ENSG00000176049,147782775,147585438,197337
ENSG00000185800,45792845,45782947,9898
ENSG00000264514,319165,316737,2428
ENSG00000249404,23014527,23013048,1479
ENSG00000265477,424416,423744,672
ENSG00000250319,23263185,23262159,1026
ENSG00000058453,16972964,16740273,232691
ENSG00000158270,500722,316737,183985
ENSG00000206395,31720835,31717256,3579
ENSG00000228169,114690634,114690143,491
ENSG00000251253,162323907,162322188,1719
ENSG00000281954,123935036,123927107,7929
ENSG00000248396,162522041,162521682,359
ENSG00000183878,13480673,13248379,232294
ENSG00000275035,123946006,123918723,27283
ENSG00000247950,109433817,109347475,86342
ENSG00000277398,54532898,54524093,8805
ENSG00000270917,120812845,120812475,370
ENSG00000270701,81842669,81842435,234
ENSG00000282620,45910423,45907408,3015
ENSG00000282165,45922376,45919274,3102
ENSG00000277106,45858690,45856453,2237
ENSG00000273759,62929297,62928621,676
ENSG00000255246,82643419,82603743,39676
ENSG00000227097,82689768,82689559,209
ENSG00000101191,62937952,62877738,60214
ENSG00000282067,45907225,45854974,52251
ENSG00000245832,82718082,81879851,838231
ENSG00000266258,70352459,70335439,17020
ENSG00000254511,81987813,81970994,16819
ENSG00000214896,52886470,52885595,875
ENSG00000259093,63128214,63123033,5181
ENSG00000259612,52938518,52937139,1379
ENSG00000266304,70337310,70335929,1381
ENSG00000258995,63123201,63123007,194
ENSG00000277956,46039943,45906010,133933
ENSG00000259237,53129698,53116365,13333
ENSG00000266278,70384591,70380140,4451
ENSG00000226752,120854385,120824828,29557
ENSG00000104055,43266857,43232595,34262
ENSG00000187689,70532743,70518569,14174
ENSG00000225613,52151119,52146814,4305
ENSG00000265698,70412391,70412055,336
ENSG00000155265,97871580,97849843,21737
ENSG00000116771,15585051,15571699,13352
ENSG00000261216,11908916,11908208,708
ENSG00000261560,11882569,11881075,1494
ENSG00000260318,11904137,11903923,214
ENSG00000250332,23305143,23303565,1578
ENSG00000219391,44066154,44065894,260
ENSG00000249289,23329892,23329427,465
ENSG00000224637,44166943,44166266,677
ENSG00000103342,11916082,11868128,47954
ENSG00000227655,30712353,30712087,266
ENSG00000275499,22529375,22522841,6534
ENSG00000108405,3916476,3896592,19884
ENSG00000164056,123403760,123396795,6965
ENSG00000231257,30725280,30705297,19983
ENSG00000278540,37406836,37084992,321844
ENSG00000095261,120842951,120815496,27455
ENSG00000233010,29609501,29608900,601
ENSG00000152595,87846817,87821411,25406
ENSG00000217325,126644390,126643488,902
ENSG00000275953,126628570,126627484,1086
ENSG00000217404,126683847,126683036,811
ENSG00000235001,5338964,5337745,1219
ENSG00000116138,15592379,15526813,65566
ENSG00000231341,5208069,5207215,854
ENSG00000214207,5574431,5573145,1286
ENSG00000146374,127199481,127118671,80810
ENSG00000099715,5742224,5000226,741998
ENSG00000143867,19358623,19351485,7138
ENSG00000235432,20694013,20692734,1279
ENSG00000267615,75945142,75943832,1310
ENSG00000117245,20718017,20664014,54003
ENSG00000261408,76005999,75979231,26768
ENSG00000255339,100529881,100505628,24253
ENSG00000203760,126348875,126340174,8701
ENSG00000228549,16874092,16870945,3147
ENSG00000278585,5634655,5634480,175
ENSG00000227684,16750968,16740280,10688
ENSG00000101391,33401561,33358839,42722
ENSG00000236359,5331360,5330592,768
ENSG00000021355,2841959,2832332,9627
ENSG00000224295,5524955,5518441,6514
ENSG00000181074,5755905,5754243,1662
ENSG00000122034,27435823,27424619,11204
ENSG00000286215,127213609,126304223,909386
ENSG00000137802,41827855,41774434,53421
ENSG00000181609,5489749,5488685,1064
ENSG00000232381,5720212,5719290,922
ENSG00000266970,78373911,78360453,13458
ENSG00000205409,5841952,5840928,1024
ENSG00000261070,69171564,69147228,24336
ENSG00000284713,69159752,69155478,4274
ENSG00000223735,5315684,5314772,912
ENSG00000260895,69109094,69103493,5601
ENSG00000132510,7854796,7839904,14892
ENSG00000213934,5249859,5248079,1780
ENSG00000134815,47382704,47349315,33389
ENSG00000274996,38602701,38601049,1652
ENSG00000163577,170908644,170888418,20226
ENSG00000277363,38605952,38530031,75921
ENSG00000162341,69162440,69048932,113508
ENSG00000189149,21339037,21300849,38188
ENSG00000215477,87122688,87121693,995
ENSG00000168067,64803241,64784918,18323
ENSG00000282191,2039347,2033484,5863
ENSG00000279012,5324297,5323359,938
ENSG00000283421,21300506,21299903,603
ENSG00000276550,22590815,22495570,95245
ENSG00000248424,5431602,5430653,949
ENSG00000103316,21303083,21238874,64209
ENSG00000176239,5352446,5351508,938
ENSG00000229046,31706864,31706555,309
ENSG00000183251,5301946,5301014,932
ENSG00000279766,140572812,140572142,670
ENSG00000280326,140593201,140591684,1517
ENSG00000123908,140635633,140520156,115477
ENSG00000188994,87265943,87152833,113110
ENSG00000258659,5644398,5619764,24634
ENSG00000119139,69274615,69121264,153351
ENSG00000206394,31729989,31720799,9190
ENSG00000268864,53608451,53599628,8823
ENSG00000224006,29996628,29995625,1003
ENSG00000234681,29822046,29821066,980
ENSG00000233462,29797682,29796886,796
ENSG00000071539,919357,892884,26473
ENSG00000130413,8594289,8391868,202421
ENSG00000224859,30054799,30048795,6004
ENSG00000231359,6491098,6490793,305
ENSG00000269608,53617254,53616802,452
ENSG00000204595,53637009,53632056,4953
ENSG00000270347,53658462,53657400,1062
ENSG00000138032,44244384,44167969,76415
ENSG00000183199,87894015,87891843,2172
ENSG00000269842,53764199,53761961,2238
ENSG00000240704,170953897,170952850,1047
ENSG00000175093,141148611,141051347,97264
ENSG00000237589,53768553,53767971,582
ENSG00000229000,53773280,53772506,774
ENSG00000218313,87174303,87173368,935
ENSG00000272008,87155285,87151159,4126
ENSG00000263307,11895611,11851649,43962
ENSG00000279464,67610313,67607856,2457
ENSG00000174444,66524532,66498015,26517
ENSG00000251270,141124182,141115124,9058
ENSG00000279255,709067,707650,1417
ENSG00000182103,82733864,82729940,3924
ENSG00000259840,711277,710746,531
ENSG00000231049,5564327,5557096,7231
ENSG00000248431,162742048,162740668,1380
ENSG00000228658,88976298,88971638,4660
ENSG00000251123,162985416,162984795,621
ENSG00000255382,82817146,82791662,25484
ENSG00000180974,5887079,5880629,6450
ENSG00000255063,82806509,82805354,1155
ENSG00000103260,719655,715118,4537
ENSG00000230484,5469422,5468486,936
ENSG00000167525,28711854,28703197,8657
ENSG00000139200,6700800,6693792,7008
ENSG00000122033,27450591,27435643,14948
ENSG00000126785,63293508,63204114,89394
ENSG00000264265,515294,508568,6726
ENSG00000100983,34956027,34928432,27595
ENSG00000175520,5509958,5507300,2658
ENSG00000175311,21253850,21233699,20151
ENSG00000281642,45836529,45835461,1068
ENSG00000281815,45852968,45851975,993
ENSG00000214867,36295702,36295173,529
ENSG00000280780,147662009,147559994,102015
ENSG00000248553,5552563,5551662,901
ENSG00000187747,5581884,5580877,1007
ENSG00000146476,151470101,151452258,17843
ENSG00000183269,5857734,5856674,1060
ENSG00000227160,32343409,32112049,231360
ENSG00000255375,32143719,32132699,11020
ENSG00000119888,47387601,47345158,42443
ENSG00000230087,5355578,5354692,886
ENSG00000235816,63427939,63427297,642
ENSG00000167360,5423206,5422111,1095
ENSG00000171988,63521850,63167221,354629
ENSG00000181009,5783355,5776165,7190
ENSG00000167355,5505652,5303444,202208
ENSG00000157017,10292947,10285675,7272
ENSG00000132801,45879122,45857614,21508
ENSG00000197168,52129092,52033611,95481
ENSG00000234096,29672487,29657097,15390
ENSG00000138180,93529092,93496632,32460
ENSG00000216990,87300447,87298772,1675
ENSG00000178503,37586329,37585500,829
ENSG00000159259,36419015,36385392,33623
ENSG00000213694,89005155,88990863,14292
ENSG00000237301,15603626,15586136,17490
ENSG00000120262,151621193,151494017,127176
ENSG00000272510,15565956,15565611,345
ENSG00000168612,45885266,45881227,4039
ENSG00000140575,90502239,90388242,113997
ENSG00000164411,87329278,87282978,46300
ENSG00000258943,63299547,63298126,1421
ENSG00000111850,87399749,87322583,77166
ENSG00000179600,63318879,63312835,6044
ENSG00000126432,64321811,64318121,3690
ENSG00000250344,121080476,121071429,9047
ENSG00000183535,45425070,45419716,5354
ENSG00000173376,121073021,121035613,37408
ENSG00000253942,101224573,101223941,632
ENSG00000253679,101262903,101261541,1362
ENSG00000253282,101293783,101287445,6338
ENSG00000121797,46412997,46407166,5831
ENSG00000233935,29717950,29716960,990
ENSG00000196116,97496125,97412096,84029
ENSG00000271560,101337649,101337496,153
ENSG00000237395,29961971,29960309,1662
ENSG00000228224,101372707,101361794,10913
ENSG00000228220,29999460,29996087,3373
ENSG00000138207,93601744,93591687,10057
ENSG00000254063,101367005,101366417,588
ENSG00000145414,163166890,163110073,56817
ENSG00000223593,34417602,34416687,915
ENSG00000165389,34462240,34432788,29452
ENSG00000033178,67701155,67612652,88503
ENSG00000258897,34059300,34040097,19203
ENSG00000203872,87365463,87344813,20650
ENSG00000129521,34462774,33924231,538543
ENSG00000273153,17137585,17137336,249
ENSG00000224421,36389112,36388878,234
ENSG00000273199,36320670,36319792,878
ENSG00000107614,17202054,17137336,64718
ENSG00000223806,38747460,38739021,8439
ENSG00000226152,29879794,29878828,966
ENSG00000159256,36386148,36320189,65959
ENSG00000223708,29932608,29931616,992
ENSG00000253645,38973011,38970360,2651
ENSG00000279616,87358605,87356831,1774
ENSG00000236579,29967904,29964608,3296
ENSG00000169499,38973912,38901235,72677
ENSG00000235340,29984821,29983944,877
ENSG00000223352,29924002,29923817,185
ENSG00000228912,29745111,29744691,420
ENSG00000136098,52159861,52132639,27222
ENSG00000233241,29898411,29898045,366
ENSG00000227956,29918445,29917455,990
ENSG00000086289,37951936,37683843,268093
ENSG00000206446,29743014,29720576,22438
ENSG00000286078,129506433,129503461,2972
ENSG00000204054,129513686,129483451,30235
ENSG00000250027,163119965,163108785,11180
ENSG00000160951,14475354,14472466,2888
ENSG00000196796,29052726,29038655,14071
ENSG00000221857,35151336,35138824,12512
ENSG00000226893,29882006,29879284,2722
ENSG00000141744,39670475,39667981,2494
ENSG00000186188,93604480,93566665,37815
ENSG00000234242,29983112,29982716,396
ENSG00000274137,2165303,2044989,120314
ENSG00000260055,29796116,29794107,2009
ENSG00000185272,14228372,14216130,12242
ENSG00000226972,44271106,44270621,485
ENSG00000221946,35154301,35143250,11051
ENSG00000285542,44320310,44168851,151459
ENSG00000283444,37796888,37796058,830
ENSG00000138079,44321494,44275458,46036
ENSG00000106483,38025695,37905932,119763
ENSG00000277999,29272772,29272220,552
ENSG00000271699,29370272,29350746,19526
ENSG00000283230,57169074,57168725,349
ENSG00000283481,57169412,57169143,269
ENSG00000225295,57170771,57169406,1365
ENSG00000284649,29217860,29113050,104810
ENSG00000073670,44781846,44758988,22858
ENSG00000141480,4721499,4710596,10903
ENSG00000198106,29372110,29291220,80890
ENSG00000269970,122372825,122372605,220
ENSG00000260953,29264479,29262273,2206
ENSG00000235310,64489786,64488600,1186
ENSG00000260908,29108108,29053732,54376
ENSG00000086288,37900401,37848597,51804
ENSG00000277869,64498745,64498517,228
ENSG00000095303,122395703,122370530,25173
ENSG00000124198,49036693,48921711,114982
ENSG00000260517,29216706,29139661,77045
ENSG00000153902,35142451,35124513,17938
ENSG00000273582,29226348,29225594,754
ENSG00000176134,64652556,64637845,14711
ENSG00000240890,132389074,132386522,2552
ENSG00000099889,20016823,19969896,46927
ENSG00000279106,29205855,29204633,1222
ENSG00000181997,64637586,64621560,16026
ENSG00000257135,10457692,10448689,9003
ENSG00000259807,29220031,29217170,2861
ENSG00000260413,29331277,29312350,18927
ENSG00000215065,47566016,47564256,1760
ENSG00000265630,47569697,47563604,6093
ENSG00000284671,29104162,29075022,29140
ENSG00000213264,132401796,132401253,543
ENSG00000270257,67638359,67638177,182
ENSG00000236935,64329504,64325050,4454
ENSG00000284685,29331304,29139379,191925
ENSG00000103472,29116718,29074976,41742
ENSG00000266217,47582321,47581211,1110
ENSG00000228107,36362040,36360630,1410
ENSG00000224543,14489609,14489388,221
ENSG00000171552,31723989,31664452,59537
ENSG00000264404,47599830,47588681,11149
ENSG00000123159,14496149,14477760,18389
ENSG00000189014,47730436,47689707,40729
ENSG00000226964,47706802,47706203,599
ENSG00000148925,13463297,13388001,75296
ENSG00000165476,63625128,63521401,103727
ENSG00000277758,47763592,47750864,12728
ENSG00000178935,57814913,57803841,11072
ENSG00000188501,66565979,66547179,18800
ENSG00000214021,9855138,9808086,47052
ENSG00000240288,10293449,10285754,7695
ENSG00000173480,57916610,57900296,16314
ENSG00000272767,63466563,63465229,1334
ENSG00000270421,63359104,63358745,359
ENSG00000106638,73578791,73567533,11258
ENSG00000224412,63489638,63489461,177
ENSG00000234369,63223045,63222155,890
ENSG00000272410,10285796,10249372,36424
ENSG00000147416,20226819,20197381,29438
ENSG00000234597,19468961,19458220,10741
ENSG00000237992,19520095,19468997,51098
ENSG00000280395,50096437,50092745,3692
ENSG00000281376,31723409,31721507,1902
ENSG00000236559,31716825,31686216,30609
ENSG00000273523,52132723,52128891,3832
ENSG00000269476,57916591,57876765,39826
ENSG00000073146,50161690,50089879,71811
ENSG00000157014,10281218,10248023,33195
ENSG00000250379,41827936,41825099,2837
ENSG00000177143,582114,580357,1757
ENSG00000269867,57868172,57867038,1134
ENSG00000198466,57865117,57849859,15258
ENSG00000187037,37833788,37683796,149992
ENSG00000261604,43290839,43287601,3238
ENSG00000167751,50880567,50861568,18999
ENSG00000112972,43313512,43287470,26042
ENSG00000225314,37821610,37821210,400
ENSG00000138246,132539032,132417502,121530
ENSG00000272669,38743115,38742625,490
ENSG00000228850,22065712,22064698,1014
ENSG00000100246,38794198,38778508,15690
ENSG00000149634,45887635,45886489,1146
ENSG00000099812,764318,751112,13206
ENSG00000268015,52231294,52222225,9069
ENSG00000083828,57819939,57769655,50284
ENSG00000164509,55922854,55851357,71497
ENSG00000105568,52229518,52190048,39470
ENSG00000162004,726954,722582,4372
ENSG00000008283,63446354,63432304,14050
ENSG00000238058,135916126,135907812,8314
ENSG00000188396,44806675,44805913,762
ENSG00000244491,38738765,38734725,4040
ENSG00000130560,135961380,135932969,28411
ENSG00000173846,44805990,44800377,5613
ENSG00000232029,22069151,22068820,331
ENSG00000272473,781862,781002,860
ENSG00000100226,38738299,38705742,32557
ENSG00000204514,57889074,57848731,40343
ENSG00000169807,22096007,22071756,24251
ENSG00000266964,35143109,35138808,4301
ENSG00000085117,44620358,44564427,55931
ENSG00000273650,42751717,42751289,428
ENSG00000214578,42753799,42753530,269
ENSG00000267530,785080,782755,2325
ENSG00000254131,42485019,42484600,419
ENSG00000233503,7482594,7481094,1500
ENSG00000254165,42538304,42537529,775
ENSG00000226908,21484174,21483834,340
ENSG00000176209,42555193,42541155,14038
ENSG00000219993,7506549,7506203,346
ENSG00000234115,7517840,7516600,1240
ENSG00000112038,154246867,154010496,236371
ENSG00000236951,22147484,22100814,46670
ENSG00000173867,88546585,88459501,87084
ENSG00000131548,22146831,22144966,1865
ENSG00000047662,17781512,17629306,152206
ENSG00000259427,45567074,45566776,298
ENSG00000259342,45441808,45430652,11156
ENSG00000261189,7541338,7540451,887
ENSG00000179362,45586290,45511136,75154
ENSG00000277134,54645767,54638682,7085
ENSG00000140543,88546675,88494440,52235
ENSG00000271984,45893419,45892694,725
ENSG00000113520,132682678,132673986,8692
ENSG00000100979,45912155,45898621,13534
ENSG00000270804,57868834,57867885,949
ENSG00000259681,45562877,45558598,4279
ENSG00000275709,45586304,45585757,547
ENSG00000183629,28533014,28519611,13403
ENSG00000269343,57846238,57819721,26517
ENSG00000166920,45448761,45430529,18232
ENSG00000154781,14672659,14651746,20913
ENSG00000273096,38736792,38736610,182
ENSG00000268750,57858941,57819719,39222
ENSG00000259177,90397881,90393490,4391
ENSG00000118579,17634105,17614641,19464
ENSG00000228174,97517836,97512706,5130
ENSG00000100242,38794143,38734725,59418
ENSG00000136937,97673748,97633668,40080
ENSG00000269304,57826778,57826461,317
ENSG00000272716,32165757,32165046,711
ENSG00000181991,88480776,88467453,13323
ENSG00000279443,28546542,28544460,2082
ENSG00000251639,1101558,1100016,1542
ENSG00000196564,18839452,18838709,743
ENSG00000168575,42541926,42416475,125451
ENSG00000237450,34486447,34485979,468
ENSG00000178222,1113564,1056250,57314
ENSG00000049089,40317813,40300489,17324
ENSG00000148411,136095289,136006537,88752
ENSG00000138078,44361862,44316281,45581
ENSG00000104154,45522755,45479606,43149
ENSG00000273604,38675421,38671703,3718
ENSG00000180098,28578545,28553085,25460
ENSG00000188573,168530634,168529116,1518
ENSG00000280303,140638283,140636281,2002
ENSG00000225955,29574792,29573865,927
ENSG00000232189,29577704,29577415,289
ENSG00000250547,163266583,163265575,1008
ENSG00000227961,29582981,29582464,517
ENSG00000273760,47973496,47970043,3453
ENSG00000264717,47923524,47918739,4785
ENSG00000232766,27703568,27703129,439
ENSG00000204193,110337884,110303521,34363
ENSG00000259354,45513767,45448427,65340
ENSG00000167769,6333629,6306142,27487
ENSG00000116212,53968168,53946085,22083
ENSG00000275023,38729803,38705542,24261
ENSG00000259494,88467390,88459477,7913
ENSG00000241889,113886031,113885298,733
ENSG00000279927,36070110,36066533,3577
ENSG00000276850,47991850,47908064,83786
ENSG00000273394,113947570,113947005,565
ENSG00000279217,36085573,36071000,14573
ENSG00000240776,113850731,113850237,494
ENSG00000279714,36093352,36091148,2204
ENSG00000279805,36139350,36137430,1920
ENSG00000272282,27714005,27712910,1095
ENSG00000178075,113947174,113828182,118992
ENSG00000228432,31366898,31366352,546
ENSG00000235911,19717576,19711715,5861
ENSG00000242058,9020764,9020029,735
ENSG00000213403,19826575,19826249,326
ENSG00000228784,19885047,19868860,16187
ENSG00000285647,31376088,31367057,9031
ENSG00000251393,73477175,73462423,14752
ENSG00000230994,31378019,31377419,600
ENSG00000230120,32160392,32159454,938
ENSG00000279945,88478387,88477871,516
ENSG00000170777,6331900,6328375,3525
ENSG00000232978,19292576,19291337,1239
ENSG00000168071,64357534,64340204,17330
ENSG00000137145,19373545,19230435,143110
ENSG00000197291,42761257,42753914,7343
ENSG00000133961,73458617,73275107,183510
ENSG00000125656,6368906,6361531,7375
ENSG00000108576,30236002,30194319,41683
ENSG00000183891,19901983,19896631,5352
ENSG00000197989,28583132,28578538,4594
ENSG00000273529,2530245,2528745,1500
ENSG00000169800,22182982,22168542,14440
ENSG00000227742,51594897,51561866,33031
ENSG00000271991,19902569,19902025,544
ENSG00000281734,2547460,2546465,995
ENSG00000131477,42763041,42758447,4594
ENSG00000146072,47309905,47231532,78373
ENSG00000241166,30257227,30249873,7354
ENSG00000214255,70431125,70430231,894
ENSG00000232846,51709940,51709062,878
ENSG00000225659,30232554,30228578,3976
ENSG00000112115,52190638,52186375,4263
ENSG00000232839,30333982,30316726,17256
ENSG00000269802,6362149,6343761,18388
ENSG00000223702,31380839,31380411,428
ENSG00000117859,51798427,51577179,221248
ENSG00000225851,31382288,31382074,214
ENSG00000206440,31549080,31537129,11951
ENSG00000114209,167734939,167683298,51641
ENSG00000240915,63014681,63013068,1613
ENSG00000235275,123637403,123636110,1293
ENSG00000273936,2565622,2555639,9983
ENSG00000271328,47369230,47368943,287
ENSG00000275532,38706261,38703480,2781
ENSG00000275665,38720272,38715328,4944
ENSG00000251421,124400655,124395603,5052
ENSG00000253807,124405079,124059794,345285
ENSG00000277969,38704747,38702452,2295
ENSG00000279119,38728198,38727833,365
ENSG00000250862,124221077,124220579,498
ENSG00000270761,47477572,47477243,329
ENSG00000126261,34471251,34428352,42899
ENSG00000231521,97636051,97634515,1536
ENSG00000278971,70491205,70489630,1575
ENSG00000165283,35103195,35099776,3419
ENSG00000136925,97633368,97600080,33288
ENSG00000263417,70650744,70630534,20210
ENSG00000137563,63038806,63015079,23727
ENSG00000265781,71011490,71000477,11013
ENSG00000112116,52244537,52236681,7856
ENSG00000279619,35139580,35137645,1935
ENSG00000253644,101393186,101387299,5887
ENSG00000254084,101452452,101411873,40579
ENSG00000265639,71033056,71028770,4286
ENSG00000263733,71226721,71225704,1017
ENSG00000265484,71237102,71216704,20398
ENSG00000218363,52247362,52246460,902
ENSG00000260676,71578956,71519962,58994
ENSG00000253991,101529569,101528723,846
ENSG00000264388,71588884,71588537,347
ENSG00000083307,101669726,101492432,177294
ENSG00000270977,35911023,35893707,17316
ENSG00000265946,71665525,71665148,377
ENSG00000265352,71788128,71732615,55513
ENSG00000253121,63025294,63024372,922
ENSG00000131437,132737638,132692628,45010
ENSG00000251214,124460549,124459912,637
ENSG00000271013,35918010,35912635,5375
ENSG00000270068,6723687,6723233,454
ENSG00000248600,124460098,124455373,4725
ENSG00000176009,8938211,8937579,632
ENSG00000124257,45891287,45888625,2662
ENSG00000255092,44608101,44606170,1931
ENSG00000260457,71870788,71837039,33749
ENSG00000254693,44605337,44604508,829
ENSG00000244461,78046794,78038705,8089
ENSG00000271313,71932796,71932493,303
ENSG00000265995,71944577,71890409,54168
ENSG00000154001,63543377,63371364,172013
ENSG00000164128,163344832,163323962,20870
ENSG00000064601,45898820,45890144,8676
ENSG00000103254,722590,720581,2009
ENSG00000197632,63903888,63871692,32196
ENSG00000136842,97601743,97501180,100563
ENSG00000229159,22186021,22183850,2171
ENSG00000112118,52284881,52264009,20872
ENSG00000113721,150155872,150113839,42033
ENSG00000235168,149563949,149561152,2797
ENSG00000115137,24972094,24943636,28458
ENSG00000240375,113920200,113919222,978
ENSG00000276163,54377679,54360692,16987
ENSG00000253861,168553727,168552277,1450
ENSG00000120137,168579368,168548495,30873
ENSG00000164129,163351934,163343892,8042
ENSG00000276430,47999791,47995355,4436
ENSG00000183036,39929397,39867438,61959
ENSG00000130731,636366,634427,1939
ENSG00000264125,30206468,30204318,2150
ENSG00000101193,62948475,62938147,10328
ENSG00000103245,741329,729760,11569
ENSG00000163257,17810758,17800655,10103
ENSG00000275274,54647090,54643920,3170
ENSG00000024048,42693504,42564062,129442
ENSG00000260193,136109424,136107808,1616
ENSG00000254127,32200234,32199919,315
ENSG00000128253,32205001,32190435,14566
ENSG00000238227,136118875,136114581,4294
ENSG00000224705,30317397,30281062,36335
ENSG00000260455,22147193,22134957,12236
ENSG00000172179,22302826,22287244,15582
ENSG00000108852,43909711,43875357,34354
ENSG00000224165,25039694,24971390,68304
ENSG00000233913,168616996,168616352,644
ENSG00000253153,101562488,101562008,480
ENSG00000254024,101492499,101461177,31322
ENSG00000243064,14362754,14236206,126548
ENSG00000163508,27722711,27715949,6762
ENSG00000136935,124948492,124878357,70135
ENSG00000269886,9813097,9812762,335
ENSG00000272842,19371945,19371386,559
ENSG00000169764,63891562,63840940,50622
ENSG00000241553,9807726,9792495,15231
ENSG00000237953,24969224,24968958,266
ENSG00000238150,53775882,53775599,283
ENSG00000242550,63936111,63897174,38937
ENSG00000269877,53788169,53787597,572
ENSG00000269564,53789168,53788782,386
ENSG00000196235,39476670,39436156,40514
ENSG00000281197,2557031,2549920,7111
ENSG00000261679,43268388,43267904,484
ENSG00000240573,78092270,78087404,4866
ENSG00000234206,107511721,107509803,1918
ENSG00000112320,107661306,107490106,171200
ENSG00000144741,66388116,66133610,254506
ENSG00000182541,31280080,31212239,67841
ENSG00000250438,124469901,124469591,310
ENSG00000278211,44767863,44729020,38843
ENSG00000219404,22214237,22213306,931
ENSG00000272221,31395495,31394289,1206
ENSG00000248296,124536348,124492775,43573
ENSG00000280443,21822737,21822536,201
ENSG00000112273,22571666,22569493,2173
ENSG00000267315,35377678,35377416,262
ENSG00000226634,31718024,31714445,3579
ENSG00000267711,35403006,35400878,2128
ENSG00000240241,78294731,78266940,27791
ENSG00000272168,22654455,21664206,990249
ENSG00000239226,78525485,78525101,384
ENSG00000129518,34539711,34515938,23773
ENSG00000216813,47563018,47562622,396
ENSG00000227619,129584556,129575371,9185
ENSG00000281021,149590864,149576089,14775
ENSG00000198087,47627263,47477789,149474
ENSG00000055211,149591748,149566294,25454
ENSG00000280135,107700218,107697299,2919
ENSG00000273076,38743910,38743495,415
ENSG00000286242,102819881,102814252,5629
ENSG00000267505,44794474,44793199,1275
ENSG00000230149,38738990,38734730,4260
ENSG00000204520,31415315,31399784,15531
ENSG00000177736,124968840,124968294,546
ENSG00000267405,44797783,44794747,3036
ENSG00000225450,38749041,38739003,10038
ENSG00000173611,125143506,124942608,200898
ENSG00000229598,38723505,38722743,762
ENSG00000141668,72638521,72536680,101841
ENSG00000225883,64709311,64705734,3577
ENSG00000254114,60851745,60851382,363
ENSG00000267449,61070356,61069856,500
ENSG00000267770,78522828,78522247,581
ENSG00000243009,30337137,30319559,17578
ENSG00000087157,78425114,78378649,46465
ENSG00000141376,61392838,60677453,715385
ENSG00000189398,3391752,3390780,972
ENSG00000223756,3408978,3380961,28017
ENSG00000226082,62926882,62926371,511
ENSG00000074706,154356792,154154496,202296
ENSG00000242841,63097711,63096374,1337
ENSG00000244342,63125062,62950430,174632
ENSG00000258609,57072119,57054558,17561
ENSG00000264315,72619222,72618267,955
ENSG00000070367,57268905,57200507,68398
ENSG00000187091,38029762,38007496,22266
ENSG00000179058,129620776,129612225,8551
ENSG00000089012,1657779,1629152,28627
ENSG00000273106,44168859,44167625,1234
ENSG00000234818,10604830,10589166,15664
ENSG00000206337,31477506,31400702,76804
ENSG00000240359,63203448,63203218,230
ENSG00000115761,10689987,10570754,119233
ENSG00000228772,22593833,22589137,4696
ENSG00000223957,31902529,31897282,5247
ENSG00000166492,3422496,3410352,12144
ENSG00000148335,129636131,129608884,27247
ENSG00000267547,35404373,35403837,536
ENSG00000175348,8965011,8947202,17809
ENSG00000112186,17557790,17393505,164285
ENSG00000267745,35409768,35406684,3084
ENSG00000255367,3581211,3481520,99691
ENSG00000230174,31446973,31441667,5306
ENSG00000046653,13938638,13770939,167699
ENSG00000267648,35407818,35406948,870
ENSG00000284605,3500621,3429758,70863
ENSG00000233902,31463336,31462728,608
ENSG00000255522,3531608,3531420,188
ENSG00000267102,35410228,35409602,626
ENSG00000285130,69255187,69035747,219440
ENSG00000275214,94116698,94104836,11862
ENSG00000237226,3550519,3549745,774
ENSG00000283646,46423591,46416524,7067
ENSG00000223688,3560022,3559657,365
ENSG00000254757,3531328,3469319,62009
ENSG00000284639,3581135,3580927,208
ENSG00000250151,9835401,9793082,42319
ENSG00000280433,5165472,5155499,9973
ENSG00000270236,69108217,69107926,291
ENSG00000230612,132723725,132688681,35044
ENSG00000165060,69100178,69035259,64919
ENSG00000112130,37394734,37353979,40755
ENSG00000165124,110579880,110365248,214632
ENSG00000103253,735525,726936,8589
ENSG00000183242,32458769,32435518,23251
ENSG00000281569,45902887,45899740,3147
ENSG00000184937,32435885,32387775,48110
ENSG00000275867,46068204,45871009,197195
ENSG00000144749,66501263,66378797,122466
ENSG00000171148,9793011,9779860,13151
ENSG00000124568,25832059,25782897,49162
ENSG00000145725,103212799,103120149,92650
ENSG00000273284,9260390,9259388,1002
ENSG00000266053,9136645,9121265,15380
ENSG00000277458,11926307,11926199,108
ENSG00000263847,9115877,9112404,3473
ENSG00000241053,30316381,30224316,92065
ENSG00000178127,9134345,9102630,31715
ENSG00000095464,93666010,93612588,53422
ENSG00000237914,1648472,1633508,14964
ENSG00000167874,7856099,7855065,1034
ENSG00000233330,149592663,149591755,908
ENSG00000152749,94634661,94601857,32804
ENSG00000254860,8977527,8964675,12852
ENSG00000148331,129642169,129634604,7565
ENSG00000166788,18106087,18069935,36152
ENSG00000260406,43302772,43302096,676
ENSG00000159495,43302255,43276280,25975
ENSG00000238230,94702862,94699694,3168
ENSG00000145833,134855133,134758771,96362
ENSG00000226955,32593312,32592972,340
ENSG00000231552,32621902,32620903,999
ENSG00000237676,32635554,32635222,332
ENSG00000187775,78577394,78423697,153697
ENSG00000125285,94712399,94709622,2777
ENSG00000220848,149601878,149592687,9191
ENSG00000227640,94716246,94712716,3530
ENSG00000186625,149648972,149594873,54099
ENSG00000282876,43590596,43590009,587
ENSG00000168806,43330605,43323649,6956
ENSG00000235768,94759272,94757451,1821
ENSG00000230685,31727162,31717988,9174
ENSG00000234789,129641282,129640476,806
ENSG00000125731,6767463,6752160,15303
ENSG00000053770,57298742,57268924,29818
ENSG00000119314,112333667,112217716,115951
ENSG00000182963,44830816,44798448,32368
ENSG00000229816,32203999,32201600,2399
ENSG00000148082,89178818,89005771,173047
ENSG00000176994,18328056,18315293,12763
ENSG00000152683,32224379,32165841,58538
ENSG00000167680,4559684,4542593,17091
ENSG00000176974,18363563,18327860,35703
ENSG00000280486,1389651,1386804,2847
ENSG00000099797,14565980,14517085,48895
ENSG00000280735,46062802,46062345,457
ENSG00000115286,1395589,1383527,12062
ENSG00000254583,13479037,13478333,704
ENSG00000255401,13489390,13488612,778
ENSG00000244267,44629674,44629357,317
ENSG00000152266,13496181,13492054,4127
ENSG00000230022,21531323,21530690,633
ENSG00000265257,9254346,9102736,151610
ENSG00000151631,4891975,4871901,20074
ENSG00000165487,21604181,21492691,111490
ENSG00000172590,22835037,22829879,5158
ENSG00000224945,89109934,89088604,21330
ENSG00000101745,9285985,9136228,149757
ENSG00000228901,13610771,13610363,408
ENSG00000168916,124748807,124636913,111894
ENSG00000237924,94761015,94760553,462
ENSG00000169495,38988663,38974228,14435
ENSG00000260962,94961319,94960041,1278
ENSG00000169218,37634892,37611350,23542
ENSG00000130270,1812276,1782075,30201
ENSG00000134072,9769992,9757347,12645
ENSG00000253733,20290458,20275773,14685
ENSG00000061337,20303963,20246165,57798
ENSG00000275725,44656920,44656771,149
ENSG00000119403,120894896,120855651,39245
ENSG00000146285,107824317,107702154,122163
ENSG00000123975,89316703,89311195,5508
ENSG00000141034,18068404,18039292,29112
ENSG00000172366,648474,636817,11657
ENSG00000225615,22203712,22198429,5283
ENSG00000267004,12725886,12725517,369
ENSG00000181904,134859735,134845680,14055
ENSG00000229234,22216580,22209331,7249
ENSG00000177406,663706,630891,32815
ENSG00000169490,38996824,38988808,8016
ENSG00000255825,591269,590633,636
ENSG00000235336,31946068,31930215,15853
ENSG00000256020,586486,585865,621
ENSG00000171840,663779,564296,99483
ENSG00000241179,134805132,134804778,354
ENSG00000108828,43025123,43014607,10516
ENSG00000157557,38824955,38805307,19648
ENSG00000137076,35732195,35696948,35247
ENSG00000230081,112281335,112280978,357
ENSG00000261613,2556060,2554060,2000
ENSG00000235932,64737755,64737403,352
ENSG00000269937,2565096,2561471,3625
ENSG00000279162,2594563,2592514,2049
ENSG00000280402,2579963,2578395,1568
ENSG00000279568,2577373,2575628,1745
ENSG00000164543,43650713,43582758,67955
ENSG00000123144,12734684,12730640,4044
ENSG00000114026,9788219,9749944,38275
ENSG00000255295,89499198,89498748,450
ENSG00000234719,11976643,11927373,49270
ENSG00000267432,78503056,78484882,18174
ENSG00000140992,2603188,2537979,65209
ENSG00000279248,89534043,89533645,398
ENSG00000279697,89545744,89545128,616
ENSG00000271302,121118734,121118299,435
ENSG00000279056,89557205,89556860,345
ENSG00000255429,89589611,89546637,42974
ENSG00000279045,89548795,89548130,665
ENSG00000280201,89577652,89576913,739
ENSG00000237593,154217489,154216931,558
ENSG00000134612,89698718,89639237,59481
ENSG00000113593,65587549,65563236,24313
ENSG00000105467,48376376,48364395,11981
ENSG00000251000,95835046,95834424,622
ENSG00000255079,44696301,44694863,1438
ENSG00000228201,649200,648473,727
ENSG00000048462,11968068,11965210,2858
ENSG00000265971,63455817,63454993,824
ENSG00000228979,63472093,63471604,489
ENSG00000226816,23208045,23205787,2258
ENSG00000282498,35885863,35868967,16896
ENSG00000285926,23206059,23200131,5928
ENSG00000223750,1708200,1665283,42917
ENSG00000249112,124710737,124707827,2910
ENSG00000274233,35880793,35871491,9302
ENSG00000136243,23201011,23181841,19170
ENSG00000236550,1676907,1676662,245
ENSG00000251456,124735175,124734618,557
ENSG00000234282,1722537,1722045,492
ENSG00000131475,42779599,42773449,6150
ENSG00000271461,1758940,1756756,2184
ENSG00000232528,1779995,1767957,12038
ENSG00000260224,11968743,11968508,235
ENSG00000178522,70607288,70592256,15032
ENSG00000012223,46485234,46435645,49589
ENSG00000255385,89701325,89700764,561
ENSG00000230839,1817606,1804016,13590
ENSG00000256672,684127,674801,9326
ENSG00000255808,72659407,72643237,16170
ENSG00000215522,30889733,30870550,19183
ENSG00000184612,17531652,17530899,753
ENSG00000050730,121227466,121131408,96058
ENSG00000106603,43729717,43608456,121261
ENSG00000276649,1894374,1888128,6246
ENSG00000186642,72674591,72576141,98450
ENSG00000198053,1940592,1894167,46425
ENSG00000233610,48578088,48576974,1114
ENSG00000278605,54194332,54190536,3796
ENSG00000277684,48341330,48340797,533
ENSG00000274929,48532599,48532013,586
ENSG00000253813,26836300,26835817,483
ENSG00000139679,48444704,48389567,55137
ENSG00000240519,26772140,26771790,350
ENSG00000215560,22298876,22296798,2078
ENSG00000157570,44932421,44726465,205956
ENSG00000229940,22307951,22305925,2026
ENSG00000120907,26867273,26748150,119123
ENSG00000284930,73466167,73458850,7317
ENSG00000243040,22321825,22308859,12966
ENSG00000285006,73463642,73366897,96745
ENSG00000163630,63616924,63228315,388609
ENSG00000147854,6507054,6413151,93903
ENSG00000261041,28549777,28545912,3865
ENSG00000224224,18866554,18865771,783
ENSG00000259247,22332500,22330452,2048
ENSG00000237902,22402568,22400403,2165
ENSG00000227717,28561379,28553638,7741
ENSG00000070610,35749228,35736866,12362
ENSG00000260444,28565152,28564986,166
ENSG00000139687,48599436,48303726,295710
ENSG00000226525,21629015,21628413,602
ENSG00000261581,28579400,28575019,4381
ENSG00000276882,54938615,54921821,16794
ENSG00000227283,163382516,163382179,337
ENSG00000044446,18984598,18892300,92298
ENSG00000151005,163473746,163471093,2653
ENSG00000226941,22417881,22403461,14420
ENSG00000224077,117108170,117098987,9183
ENSG00000270228,67724262,67718996,5266
ENSG00000198092,68129880,68053198,76682
ENSG00000137868,74212267,74179466,32801
ENSG00000232398,67773854,67766480,7374
ENSG00000101194,62969585,62952707,16878
ENSG00000270292,67726395,67725183,1212
ENSG00000250656,67717388,67716375,1013
ENSG00000283131,68050478,68049706,772
ENSG00000254698,83039115,82963681,75434
ENSG00000254441,82837222,82835509,1713
ENSG00000242222,135926167,135925891,276
ENSG00000241905,135959590,135959275,315
ENSG00000266227,26205904,26204869,1035
ENSG00000254522,83041403,83040806,597
ENSG00000242279,82958216,82957423,793
ENSG00000109163,67754360,67739328,15032
ENSG00000184347,169301129,168661733,639396
ENSG00000105676,19060311,19033575,26736
ENSG00000137502,83071923,82973133,98790
ENSG00000276287,54200585,54200068,517
ENSG00000241359,63550051,63423596,126455
ENSG00000187054,67964140,67909385,54755
ENSG00000282484,2201817,2199057,2760
ENSG00000282263,2496887,2478186,18701
ENSG00000281936,2506502,2503318,3184
ENSG00000100354,40335808,40044817,290991
ENSG00000182224,7862282,7857746,4536
ENSG00000161395,39696797,39671122,25675
ENSG00000125843,3828838,3820524,8314
ENSG00000241120,167694642,167694355,287
ENSG00000149243,75430629,75422394,8235
ENSG00000261809,4512033,4511959,74
ENSG00000145020,49422753,49416775,5978
ENSG00000280046,7866083,7858943,7140
ENSG00000164916,4771442,4682295,89147
ENSG00000255032,44736692,44719392,17300
ENSG00000170004,7912760,7884806,27954
ENSG00000120694,31162388,31134974,27414
ENSG00000214076,32273110,32269381,3729
ENSG00000215127,68063269,68061822,1447
ENSG00000227567,31640388,31634594,5794
ENSG00000242082,32278382,32205115,73267
ENSG00000237836,18894497,18890296,4201
ENSG00000175274,44951306,44885903,65403
ENSG00000153802,67884032,67820876,63156
ENSG00000255059,100666962,100666459,503
ENSG00000100191,32255341,32218476,36865
ENSG00000277562,52242440,52241765,675
ENSG00000101400,33443892,33407955,35937
ENSG00000227896,86525101,86521945,3156
ENSG00000275491,3812434,3808357,4077
ENSG00000230507,86631628,86630825,803
ENSG00000096696,7586714,7541617,45097
ENSG00000274949,3823882,3811384,12498
ENSG00000264813,63521848,63484823,37025
ENSG00000251526,123527525,123505279,22246
ENSG00000107175,35736999,35732598,4401
ENSG00000233367,6449558,6415145,34413
ENSG00000249125,123522106,123490268,31838
ENSG00000105438,48391551,48382575,8976
ENSG00000132554,100131268,99960936,170332
ENSG00000248027,100687955,100684162,3793
ENSG00000235493,28059268,27916774,142494
ENSG00000250458,123862015,123861860,155
ENSG00000281296,22575707,22568448,7259
ENSG00000249464,123930406,123650267,280139
ENSG00000165895,100993941,100687288,306653
ENSG00000275013,22568466,22556806,11660
ENSG00000225548,27931579,27797563,134016
ENSG00000159640,63498380,63477061,21319
ENSG00000145604,36184319,36151989,32330
ENSG00000229243,27834136,27830888,3248
ENSG00000248015,1396467,1392170,4297
ENSG00000225236,117119181,117117794,1387
ENSG00000278078,29380345,29380242,103
ENSG00000248049,68080952,67701280,379672
ENSG00000226655,123745673,123744923,750
ENSG00000228489,123746226,123745750,476
ENSG00000254206,29404029,29381354,22675
ENSG00000240454,13685656,13685499,157
ENSG00000254791,13670149,13669327,822
ENSG00000197601,13732346,13668668,63678
ENSG00000189410,20732837,20719731,13106
ENSG00000279163,89704658,89704164,494
ENSG00000224011,60727482,60727165,317
ENSG00000254851,117138582,117135528,3054
ENSG00000266934,61384680,61382785,1895
ENSG00000214414,89717872,89710299,7573
ENSG00000227725,68039647,68038544,1103
ENSG00000229009,68015768,67991684,24084
ENSG00000117407,43937240,43933320,3920
ENSG00000267280,61411555,61393456,18099
ENSG00000250899,3044950,3041437,3513
ENSG00000227761,31634883,31621198,13685
ENSG00000198498,163520539,163494442,26097
ENSG00000198464,52325922,52297169,28753
ENSG00000234589,3072145,3071532,613
ENSG00000213714,56536520,56533246,3274
ENSG00000267667,61135964,61130704,5260
ENSG00000273982,61355155,61354763,392
ENSG00000227694,61070341,61069871,470
ENSG00000267207,61070122,61034636,35486
ENSG00000225657,56598621,56577563,21058
ENSG00000121068,61409466,61399843,9623
ENSG00000238086,48320475,48316863,3612
ENSG00000132002,14529770,14514769,15001
ENSG00000136161,48533256,48488959,44297
ENSG00000160216,43987592,43865223,122369
ENSG00000230851,3591615,3591277,338
ENSG00000145675,68301821,68215756,86065
ENSG00000099956,23838008,23786931,51077
ENSG00000011105,3286564,3077355,209209
ENSG00000141736,39730426,39687914,42512
ENSG00000269102,52297920,52284780,13140
ENSG00000105464,48444931,48394875,50056
ENSG00000267083,60811462,60810165,1297
ENSG00000222009,44815585,44808482,7103
ENSG00000267131,61400243,61361668,38575
ENSG00000167554,52367778,52336243,31535
ENSG00000250484,124062990,124062462,528
ENSG00000233535,13963904,13955393,8511
ENSG00000271384,95407662,95406990,672
ENSG00000212663,13988820,13980066,8754
ENSG00000213761,95413449,95413267,182
ENSG00000260017,18812181,18803083,9098
ENSG00000249837,124252044,124149377,102667
ENSG00000118705,37241619,37178410,63209
ENSG00000158169,95426796,95099054,327742
ENSG00000157106,18926454,18804853,121601
ENSG00000228599,40107066,40106325,741
ENSG00000090989,55905086,55853648,51438
ENSG00000267789,57146998,57136322,10676
ENSG00000237950,43946551,43944370,2181
ENSG00000088888,3876123,3846799,29324
ENSG00000275115,27010746,27010486,260
ENSG00000230758,49038602,49038357,245
ENSG00000215288,27012371,27011147,1224
ENSG00000228075,57150410,57147087,3323
ENSG00000257403,21352138,21347139,4999
ENSG00000253899,27065278,27063996,1282
ENSG00000227431,49046044,49040463,5581
ENSG00000235175,5793737,5793300,437
ENSG00000046647,14029893,14008279,21614
ENSG00000285470,5888740,5887504,1236
ENSG00000267726,57171194,57169615,1579
ENSG00000219102,53976031,53974969,1062
ENSG00000177511,57371731,57352557,19174
ENSG00000254678,117144191,117143891,300
ENSG00000196214,52296046,52269587,26459
ENSG00000277972,38735044,38730235,4809
ENSG00000256197,3151476,3149797,1679
ENSG00000264911,26349004,26348347,657
ENSG00000227081,3211917,3211663,254
ENSG00000266237,26267409,26266009,1400
ENSG00000275850,3174056,3171657,2399
ENSG00000117425,44843253,44819844,23409
ENSG00000141384,26391685,26225936,165749
ENSG00000276985,54961872,54945648,16224
ENSG00000154198,46900437,46843095,57342
ENSG00000137509,82970584,82822936,147648
ENSG00000277182,38751457,38749360,2097
ENSG00000278921,112420978,112419583,1395
ENSG00000238145,46892830,46891639,1191
ENSG00000248506,124437120,124435750,1370
ENSG00000277258,38749817,38733898,15919
ENSG00000248430,112452989,112452703,286
ENSG00000214541,56602113,56601701,412
ENSG00000248565,124463790,124462863,927
ENSG00000251014,112547505,112546973,532
ENSG00000233247,14244928,14244382,546
ENSG00000111652,6731875,6724014,7861
ENSG00000112658,43181506,43171269,10237
ENSG00000102678,21704498,21671383,33115
ENSG00000269535,52345229,52300693,44536
ENSG00000117408,43968022,43946950,21072
ENSG00000158865,24911628,24845841,65787
ENSG00000070444,2401104,2384073,17031
ENSG00000268465,48472431,48465837,6594
ENSG00000118965,19990131,19910260,79871
ENSG00000268530,48469693,48465593,4100
ENSG00000248965,168995677,168993000,2677
ENSG00000248222,169037998,169013227,24771
ENSG00000105447,48457022,48445773,11249
ENSG00000156990,9844602,9837849,6753
ENSG00000250358,112632100,112628436,3664
ENSG00000277837,57432112,57427133,4979
ENSG00000262456,2386664,2384847,1817
ENSG00000177197,48328564,48328084,480
ENSG00000233456,48573317,48570639,2678
ENSG00000131538,22441458,22439593,1865
ENSG00000203463,31903058,31902815,243
ENSG00000282195,44893221,44827352,65869
ENSG00000235059,22485592,22438940,46652
ENSG00000119547,57491298,57435374,55924
ENSG00000113722,150184558,150166795,17763
ENSG00000158482,21386064,21376648,9416
ENSG00000261083,124558445,124499940,58505
ENSG00000226722,21878160,21872770,5390
ENSG00000276548,21401198,21401089,109
ENSG00000064607,19034023,18990888,43135
ENSG00000235049,1936574,1929202,7372
ENSG00000226118,22113338,22113119,219
ENSG00000237175,22099544,22099163,381
ENSG00000254042,168720884,168706567,14317
ENSG00000276476,22276524,22040975,235549
ENSG00000155304,14383484,14371115,12369
ENSG00000254192,168667761,168654513,13248
ENSG00000261288,2556105,2554975,1130
ENSG00000279752,169013146,169012148,998
ENSG00000261140,2571936,2569043,2893
ENSG00000260436,2572353,2571570,783
ENSG00000261093,2599718,2597881,1837
ENSG00000214922,29749049,29726601,22448
ENSG00000254398,28682252,28679405,2847
ENSG00000206149,28685264,28589492,95772
ENSG00000197588,50896398,50882096,14302
ENSG00000124207,49096960,49046246,50714
ENSG00000105443,48482314,48469208,13106
ENSG00000166024,98244897,98134624,110273
ENSG00000279423,34541714,34541044,670
ENSG00000239257,29727139,29726669,470
ENSG00000273340,29748969,29741731,7238
ENSG00000172575,38565575,38488103,77472
ENSG00000263829,26256355,26255698,657
ENSG00000213275,69303807,69303412,395
ENSG00000212766,69095820,69072926,22894
ENSG00000204642,29738528,29722775,15753
ENSG00000235413,17912976,17911674,1302
ENSG00000172927,69367726,69294151,73575
ENSG00000178177,18021876,17841199,180677
ENSG00000273333,32185882,32184733,1149
ENSG00000204304,32190202,32184733,5469
ENSG00000259222,69099987,69080879,19108
ENSG00000255075,13757560,13756027,1533
ENSG00000255088,13758345,13758111,234
ENSG00000254930,13870616,13844862,25754
ENSG00000099958,23839128,23834503,4625
ENSG00000138604,69272217,69160584,111633
ENSG00000255411,13848002,13784029,63973
ENSG00000254927,13879499,13826843,52656
ENSG00000259002,34546329,34541740,4589
ENSG00000169789,22514637,22490397,24240
ENSG00000230479,36481070,36430360,50710
ENSG00000254508,33775670,33774699,971
ENSG00000223741,36487411,36485983,1428
ENSG00000159261,36576569,36460621,115948
ENSG00000255272,33779495,33776188,3307
ENSG00000253903,27087783,27086076,1707
ENSG00000109805,17844865,17810979,33886
ENSG00000253888,27210494,27184321,26173
ENSG00000255161,33787795,33787054,741
ENSG00000255169,33805641,33804768,873
ENSG00000104763,18084998,18055992,29006
ENSG00000254619,33811178,33810145,1033
ENSG00000255133,33822095,33814877,7218
ENSG00000240463,34569129,34568689,440
ENSG00000129515,34630183,34561094,69089
ENSG00000184566,33881800,33880643,1157
ENSG00000166415,53762878,53513741,249137
ENSG00000066926,57586702,57544389,42313
ENSG00000135363,33892076,33858576,33500
ENSG00000275045,69592641,69559974,32667
ENSG00000224353,63519806,63507056,12750
ENSG00000183011,7885238,7856685,28553
ENSG00000279365,36487760,36485867,1893
ENSG00000233818,36532408,36445731,86677
ENSG00000101353,37179588,37101226,78362
ENSG00000278899,149718888,149717621,1267
ENSG00000131023,149718105,149658153,59952
ENSG00000108830,43032041,43025231,6810
ENSG00000151458,124712732,124664048,48684
ENSG00000182324,48466980,48455509,11471
ENSG00000164256,23528597,23443586,85011
ENSG00000233069,20733952,20732880,1072
ENSG00000176454,34367196,34358633,8563
ENSG00000183960,19535642,19148510,387132
ENSG00000230604,51860135,51859778,357
ENSG00000272175,51801307,51801028,279
ENSG00000236973,51708137,51707138,999
ENSG00000132465,70681817,70655541,26276
ENSG00000078618,51878937,51789191,89746
ENSG00000281578,46254322,46202111,52211
ENSG00000167131,44905390,44899142,6248
ENSG00000174227,540200,499210,40990
ENSG00000265018,48031640,48009873,21767
ENSG00000236619,29745964,29745740,224
ENSG00000101958,14731812,14529298,202514
ENSG00000206508,29746500,29724050,22450
ENSG00000278194,46252843,46250606,2237
ENSG00000281139,46098637,46098193,444
ENSG00000282124,35911023,35893707,17316
ENSG00000281284,46201928,46198938,2990
ENSG00000280786,46190209,46187101,3108
ENSG00000225864,29723971,29722981,990
ENSG00000227758,29748513,29748289,224
ENSG00000206509,29735978,29720222,15756
ENSG00000188850,43348716,43336164,12552
ENSG00000276155,46203150,46069784,133366
ENSG00000141741,39730532,39728496,2036
ENSG00000151882,43412391,43376645,35746
ENSG00000248591,23456850,23456468,382
ENSG00000224889,30626122,30625856,266
ENSG00000274308,37141424,37140611,813
ENSG00000234549,30639047,30619065,19982
ENSG00000276054,37387926,37386886,1040
ENSG00000132464,70686816,70628744,58072
ENSG00000235123,40385358,40383083,2275
ENSG00000278505,37392708,37375986,16722
ENSG00000169246,21448567,21402237,46330
ENSG00000282397,2607662,2544294,63368
ENSG00000151881,43483893,43444252,39641
ENSG00000223757,31853590,31841886,11704
ENSG00000270025,48060016,48050282,9734
ENSG00000281980,2651108,2649201,1907
ENSG00000233756,40630767,40615378,15389
ENSG00000278561,48119455,48064308,55147
ENSG00000242802,4794397,4775615,18782
ENSG00000282435,2713141,2650769,62372
ENSG00000235084,15605043,15604597,446
ENSG00000275029,37144463,37143607,856
ENSG00000276810,37163139,37162616,523
ENSG00000236500,15614867,15614643,224
ENSG00000171587,40847158,40010999,836159
ENSG00000226200,50641451,50624951,16500
ENSG00000282661,2793124,2712008,81116
ENSG00000230983,31256445,31252275,4170
ENSG00000108883,44899445,44849948,49497
ENSG00000223577,31282581,31276325,6256
ENSG00000198964,50625163,50305586,319577
ENSG00000276879,94130253,94127779,2474
ENSG00000099817,1095380,1086574,8806
ENSG00000226408,31280532,31278735,1797
ENSG00000232396,29719859,29705256,14603
ENSG00000235119,114398503,114396724,1779
ENSG00000239446,29719714,29711820,7894
ENSG00000258186,21520365,21519830,535
ENSG00000100314,29731833,29720003,11830
ENSG00000180747,21520444,21446683,73761
ENSG00000261898,4732371,4731756,615
ENSG00000162244,51995942,51993522,2420
ENSG00000161921,4739928,4733533,6395
ENSG00000165490,82958277,82899975,58302
ENSG00000100319,29767011,29730956,36055
ENSG00000229539,3888868,3888239,629
ENSG00000125779,3929882,3888839,41043
ENSG00000236159,37166312,37165774,538
ENSG00000272514,87464465,87407972,56493
ENSG00000129250,5028401,4997950,30451
ENSG00000176912,658340,641320,17020
ENSG00000122375,86666848,86654547,12301
ENSG00000132199,712662,670318,42344
ENSG00000259135,34561298,34556774,4524
ENSG00000141497,4746119,4739833,6286
ENSG00000249492,43509356,43483959,25397
ENSG00000248240,43525310,43515274,10036
ENSG00000172244,43515148,43486709,28439
ENSG00000167749,50910738,50906352,4386
ENSG00000223662,14598303,14582202,16101
ENSG00000155307,14658821,14485228,173593
ENSG00000128284,36166177,36140330,25847
ENSG00000198730,10801625,10751246,50379
ENSG00000226499,44844082,44843921,161
ENSG00000248554,43521811,43511058,10753
ENSG00000249855,43496454,43495073,1381
ENSG00000087510,56639283,56629306,9977
ENSG00000242173,283010,268727,14283
ENSG00000218793,87442146,87441165,981
ENSG00000225303,50474246,50472814,1432
ENSG00000216324,87426088,87425795,293
ENSG00000279863,50336123,50334538,1585
ENSG00000231588,50631075,50629532,1543
ENSG00000164414,87512336,87470623,41713
ENSG00000179855,3593541,3585478,8063
ENSG00000227495,5020093,5019214,879
ENSG00000116922,37692249,37681570,10679
ENSG00000181104,76735770,76716126,19644
ENSG00000251197,29746420,29739180,7240
ENSG00000237195,6159265,6158802,463
ENSG00000248949,956520,946315,10205
ENSG00000224921,29721418,29720428,990
ENSG00000250204,6245283,6242446,2837
ENSG00000239784,29724588,29724118,470
ENSG00000278326,94279735,94146128,133607
ENSG00000249713,76608970,76606608,2362
ENSG00000277561,22617854,22606022,11832
ENSG00000228674,50927571,50927079,492
ENSG00000250574,76510766,76510440,326
ENSG00000240992,145270558,145269810,748
ENSG00000164220,76623413,76615482,7931
ENSG00000227267,136055764,136055184,580
ENSG00000260877,69372512,69371463,1049
ENSG00000161920,4733607,4731428,2179
ENSG00000272727,145340421,145335263,5158
ENSG00000259854,69416832,69414307,2525
ENSG00000073711,136147894,135965728,182166
ENSG00000251333,145376253,145375543,710
ENSG00000275582,3923400,3921279,2121
ENSG00000278943,145377957,145376909,1048
ENSG00000255980,69429621,69425690,3931
ENSG00000248745,145456844,145456005,839
ENSG00000101236,4015558,3927309,88249
ENSG00000255606,69444743,69438365,6378
ENSG00000261347,69469705,69467598,2107
ENSG00000225407,76716215,76691439,24776
ENSG00000110321,10808940,10797050,11890
ENSG00000255774,69481545,69475567,5978
ENSG00000250173,981300,979365,1935
ENSG00000218359,17582305,17582034,271
ENSG00000229986,38848644,38846247,2397
ENSG00000230438,2881407,2854657,26750
ENSG00000145703,76708132,76403285,304847
ENSG00000137414,17611715,17600302,11413
ENSG00000101052,43647296,43590931,56365
ENSG00000073150,50180294,50170731,9563
ENSG00000229925,38903905,38888772,15133
ENSG00000215246,997308,987180,10128
ENSG00000227721,38895252,38894917,335
ENSG00000234129,11111141,10847877,263264
ENSG00000205622,38956467,38863676,92791
ENSG00000170365,145559176,145481194,77982
ENSG00000272347,1006623,1005039,1584
ENSG00000076344,275980,268301,7679
ENSG00000170542,2903309,2887270,16039
ENSG00000233616,122402906,122400970,1936
ENSG00000240478,182142137,182121884,20253
ENSG00000230172,14767440,14764952,2488
ENSG00000237643,70399417,70394887,4530
ENSG00000233128,40767452,40746487,20965
ENSG00000242012,182368256,182365147,3109
ENSG00000131379,14773034,14675099,97935
ENSG00000255486,89727253,89723482,3771
ENSG00000282486,35918010,35912635,5375
ENSG00000088325,31801805,31739271,62534
ENSG00000285685,52048657,52046763,1894
ENSG00000182676,81835050,81833492,1558
ENSG00000117906,76954393,76931738,22655
ENSG00000188001,189325304,188947214,378090
ENSG00000254438,13924863,13921450,3413
ENSG00000272021,95849855,95849309,546
ENSG00000251409,95852721,95835943,16778
ENSG00000244199,182461072,182460417,655
ENSG00000236882,95860133,95852232,7901
ENSG00000241098,182486364,182446970,39394
ENSG00000230221,95294810,95292338,2472
ENSG00000180448,1086628,1065923,20705
ENSG00000223849,95123868,95123521,347
ENSG00000278154,54378234,54361220,17014
ENSG00000235760,47535199,47527008,8191
ENSG00000056558,120929173,120902393,26780
ENSG00000261384,74304343,74303005,1338
ENSG00000168757,6249019,6246223,2796
ENSG00000229065,95114461,95113708,753
ENSG00000277749,74319688,74311516,8172
ENSG00000279669,5243833,5232668,11165
ENSG00000140481,74336472,74202705,133767
ENSG00000238161,3600706,3599595,1111
ENSG00000279094,5502542,5499151,3391
ENSG00000095002,47663146,47402969,260177
ENSG00000213204,87511634,87408012,103622
ENSG00000137200,37482827,37433219,49608
ENSG00000108578,30292056,30248203,43853
ENSG00000218698,87445175,87444395,780
ENSG00000250582,145502971,145497073,5898
ENSG00000250902,145517118,145514615,2503
ENSG00000092208,39136973,39114223,22750
ENSG00000205808,4665258,4662315,2943
ENSG00000237000,56701514,56700837,677
ENSG00000231604,56731460,56730397,1063
ENSG00000250770,3366122,3296202,69920
ENSG00000106688,4587469,4490468,97001
ENSG00000169139,48064708,48008415,56293
ENSG00000236908,3325343,3318718,6625
ENSG00000262655,14268133,13962723,305410
ENSG00000231078,57107128,57105741,1387
ENSG00000203266,57122745,57110640,12105
ENSG00000133742,85379014,85327608,51406
ENSG00000280220,57163775,57161822,1953
ENSG00000004848,25016420,25003694,12726
ENSG00000249417,141367137,141267353,99784
ENSG00000241400,141258779,141258418,361
ENSG00000230115,189240594,189238686,1908
ENSG00000155893,141367753,141228726,139027
ENSG00000138002,27489789,27444377,45412
ENSG00000236182,188990135,188989382,753
ENSG00000148690,93702592,93667883,34709
ENSG00000234076,188947639,188941715,5924
ENSG00000237442,41157555,41143780,13775
ENSG00000257048,3371346,3367833,3513
ENSG00000281055,22589401,22588947,454
ENSG00000255540,89734782,89731017,3765
ENSG00000276141,22686213,22664359,21854
ENSG00000236090,41820754,41819747,1007
ENSG00000259062,68987463,68979682,7781
ENSG00000253164,20372769,20350210,22559
ENSG00000236533,41850601,41850203,398
ENSG00000254418,14273691,14262846,10845
ENSG00000231324,36637033,36632681,4352
ENSG00000253178,20551405,20551201,204
ENSG00000234376,89753975,89752785,1190
ENSG00000273098,13100939,13095728,5211
ENSG00000254971,89754953,89753982,971
ENSG00000242293,69023308,69023150,158
ENSG00000253300,20700134,20655691,44443
ENSG00000232832,198039234,198038321,913
ENSG00000214691,41894046,41876763,17283
ENSG00000253866,20934837,20934435,402
ENSG00000185621,198043720,197960200,83520
ENSG00000234634,13306771,13299184,7587
ENSG00000167112,128322447,128305159,17288
ENSG00000145506,1038943,1008829,30114
ENSG00000255170,89765138,89764884,254
ENSG00000254260,20950175,20941428,8747
ENSG00000204456,89768836,89766440,2396
ENSG00000159263,36749917,36699133,50784
ENSG00000234362,41933723,41931599,2124
ENSG00000253199,20995119,20973797,21322
ENSG00000165202,122615682,122614738,944
ENSG00000254026,20968904,20954012,14892
ENSG00000253147,20968904,20953127,15777
ENSG00000136834,122477926,122476958,968
ENSG00000004961,11123086,11111301,11785
ENSG00000254092,20973877,20952645,21232
ENSG00000197233,122511743,122510802,941
ENSG00000256633,72587979,72584572,3407
ENSG00000171496,122583384,122567117,16267
ENSG00000153976,13601929,13494032,107897
ENSG00000253262,5072869,5072645,224
ENSG00000171505,122527296,122526358,938
ENSG00000273876,5128233,5127919,314
ENSG00000278256,5363650,5363371,279
ENSG00000239590,122520082,122519141,941
ENSG00000198356,12748323,12737139,11184
ENSG00000163581,171026743,170996347,30396
ENSG00000184076,29770413,29767369,3044
ENSG00000234156,122639685,122403407,236278
ENSG00000280309,74304527,74299503,5024
ENSG00000280094,122629573,122628579,994
ENSG00000171501,122554214,122553112,1102
ENSG00000228914,122608800,122607864,936
ENSG00000106686,4666674,4553386,113288
ENSG00000141028,14025488,14024514,974
ENSG00000271248,5455665,5455218,447
ENSG00000240486,5476966,5476548,418
ENSG00000006695,14208677,14069496,139181
ENSG00000175854,128316123,128275379,40744
ENSG00000253510,5509126,5506068,3058
ENSG00000254007,5670077,5659679,10398
ENSG00000261242,63544664,63543569,1095
ENSG00000275461,5716804,5716584,220
ENSG00000205767,63568308,63567958,350
ENSG00000253571,5849692,5848697,995
ENSG00000270878,63595291,63594031,1260
ENSG00000234131,22517573,22517242,331
ENSG00000278023,35930773,35918066,12707
ENSG00000006638,3606840,3594506,12334
ENSG00000232187,22696574,22696023,551
ENSG00000224269,36701564,36698773,2791
ENSG00000224873,22521695,22520681,1014
ENSG00000225777,22706206,22704739,1467
ENSG00000254751,89782582,89776981,5601
ENSG00000235658,30691459,30671478,19981
ENSG00000169710,82098294,82078338,19956
ENSG00000253189,6036974,6036433,541
ENSG00000224349,70413950,70412828,1122
ENSG00000253880,6257537,6044353,213184
ENSG00000281345,22597793,22597260,533
ENSG00000280866,22604161,22603633,528
ENSG00000266120,30252237,30238741,13496
ENSG00000232999,2912113,2910613,1500
ENSG00000082269,70561174,70412941,148233
ENSG00000277491,795794,795306,488
ENSG00000236088,14069495,13756478,313017
ENSG00000112619,42722597,42696598,25999
ENSG00000281493,22614270,22613550,720
ENSG00000228365,2917733,2916894,839
ENSG00000281031,22628268,22627677,591
ENSG00000277435,22691158,22690454,704
ENSG00000266744,13966952,13957748,9204
ENSG00000227858,29673248,29672598,650
ENSG00000233852,13940594,13932720,7874
ENSG00000265494,13911212,13909231,1981
ENSG00000254040,21029058,21023296,5762
ENSG00000280215,21130100,21129990,110
ENSG00000171314,97433444,97426191,7253
ENSG00000254334,21309449,21298206,11243
ENSG00000147432,42737407,42697376,40031
ENSG00000259504,69295322,69278675,16647
ENSG00000273455,136087913,136087475,438
ENSG00000233764,36172779,36172422,357
ENSG00000261634,69298763,69278328,20435
ENSG00000231576,36173948,36172934,1014
ENSG00000131100,17628749,17592136,36613
ENSG00000169862,11904446,10971836,932610
ENSG00000237948,36174822,36174261,561
ENSG00000205089,132754403,132747445,6958
ENSG00000101327,1994285,1978757,15528
ENSG00000215045,6551436,6497462,53974
ENSG00000273484,21797759,21797460,299
ENSG00000255361,42726228,42725547,681
ENSG00000168546,21812357,21690398,121959
ENSG00000255101,42721946,42705583,16363
ENSG00000274333,5614880,5553637,61243
ENSG00000167110,128275995,128255829,20166
ENSG00000164402,132807241,132750819,56422
ENSG00000167930,268971,234802,34169
ENSG00000171311,97446017,97436142,9875
ENSG00000078699,33650036,33490075,159961
ENSG00000259883,41928883,41921417,7466
ENSG00000137877,41894053,41848146,45907
ENSG00000285094,69494952,69481662,13290
ENSG00000261740,29454651,29443230,11421
ENSG00000182048,3637559,3609901,27658
ENSG00000131097,44850476,44846353,4123
ENSG00000183336,29454964,29443056,11908
ENSG00000233896,2030028,1947246,82782
ENSG00000213435,42727700,42727234,466
ENSG00000254627,32072173,32064912,7261
ENSG00000213648,29464976,29459889,5087
ENSG00000281880,32002405,31812307,190098
ENSG00000124659,42746096,42744481,1615
ENSG00000266456,652843,650229,2614
ENSG00000279784,5707160,5705345,1815
ENSG00000079101,650334,596988,53346
ENSG00000279186,5705637,5703182,2455
ENSG00000279064,5709456,5707004,2452
ENSG00000249540,141307933,141307612,321
ENSG00000214447,44905390,44899712,5678
ENSG00000285283,32104665,31812391,292274
ENSG00000225893,4633756,4633027,729
ENSG00000177311,141449792,141324213,125579
ENSG00000259904,34374603,34373541,1062
ENSG00000112624,42868560,42746958,121602
ENSG00000049449,32105755,32090904,14851
ENSG00000129625,112922289,112876385,45904
ENSG00000118785,87983426,87975650,7776
ENSG00000131095,44916937,44903159,13778
ENSG00000226193,152404966,152402398,2568
ENSG00000233823,151814179,151813276,903
ENSG00000275730,54678557,54671018,7539
ENSG00000091831,152129619,151656691,472928
ENSG00000113552,142013041,141991749,21292
ENSG00000109911,31790324,31509755,280569
ENSG00000078401,12297194,12290361,6833
ENSG00000243708,41848147,41837775,10372
ENSG00000283189,49429314,49416777,12537
ENSG00000271214,114491741,114491564,177
ENSG00000095397,114505473,114402080,103393
ENSG00000167755,50969673,50958631,11042
ENSG00000147434,42796392,42752620,43772
ENSG00000159363,17011928,16985958,25970
ENSG00000119335,128696400,128683424,12976
ENSG00000279912,32186475,32182551,3924
ENSG00000271078,32256125,32250302,5823
ENSG00000145029,49429326,49422946,6380
ENSG00000280722,170428648,170423462,5186
ENSG00000249607,23689386,23688927,459
ENSG00000218893,12319592,12319453,139
ENSG00000281184,170544544,170544440,104
ENSG00000254634,29447026,29425800,21226
ENSG00000248874,24178263,23951348,226915
ENSG00000260335,29449625,29449191,434
ENSG00000286134,24271821,24135184,136637
ENSG00000226432,24171246,24170370,876
ENSG00000234865,23980938,23980587,351
ENSG00000181625,29458219,29454501,3718
ENSG00000260211,32315654,32313126,2528
ENSG00000212802,12514724,12514110,614
ENSG00000274559,5973383,5972924,459
ENSG00000280737,68342717,68266500,76217
ENSG00000280013,6008810,6008604,206
ENSG00000260642,32367784,32359538,8246
ENSG00000234260,33136354,33130812,5542
ENSG00000111218,3593973,3381349,212624
ENSG00000234015,12585404,12582915,2489
ENSG00000167311,3642316,3638503,3813
ENSG00000261491,32387484,32384937,2547
ENSG00000243789,41837581,41828092,9489
ENSG00000227577,33146362,33142826,3536
ENSG00000250694,24353443,24352309,1134
ENSG00000226071,33168112,33151483,16629
ENSG00000231895,33170370,33170244,126
ENSG00000217281,33405304,33404609,695
ENSG00000249931,32403292,32392782,10510
ENSG00000212643,112893079,112891610,1469
ENSG00000263727,657259,653985,3274
ENSG00000259326,38504981,38502853,2128
ENSG00000265490,707648,706523,1125
ENSG00000259598,38534655,38524070,10585
ENSG00000153037,112898371,112861188,37183
ENSG00000176890,673578,657653,15925
ENSG00000279769,6036093,6034690,1403
ENSG00000280191,6076305,6060340,15965
ENSG00000243507,3469296,3468950,346
ENSG00000256691,3463586,3462718,868
ENSG00000273091,31736407,31735732,675
ENSG00000137561,63086053,63048553,37500
ENSG00000215304,32435233,32398956,36277
ENSG00000129744,3664416,3645128,19288
ENSG00000275329,136124363,136122521,1842
ENSG00000225557,36175854,36175167,687
ENSG00000237129,36176526,36175857,669
ENSG00000213022,51009634,51002508,7126
ENSG00000261279,32434992,32406597,28395
ENSG00000174171,41898575,41892793,5782
ENSG00000229088,36179385,36178554,831
ENSG00000187048,46941484,46929177,12307
ENSG00000108590,6651634,6643311,8323
ENSG00000258150,29467833,29464967,2866
ENSG00000231595,14217922,14210488,7434
ENSG00000266993,51799154,51793934,5220
ENSG00000234107,31840858,31840341,517
ENSG00000278493,41908714,41908204,510
ENSG00000103966,41972557,41895933,76624
ENSG00000228440,57172771,57170974,1797
ENSG00000131931,42843325,42836674,6651
ENSG00000283311,57173283,57172772,511
ENSG00000224880,57174362,57173357,1005
ENSG00000172123,35433283,35411060,22223
ENSG00000129455,51002711,50996007,6704
ENSG00000224723,57180052,57177409,2643
ENSG00000279228,29467578,29466069,1509
ENSG00000230764,57186202,57185788,414
ENSG00000260280,29464963,29455105,9858
ENSG00000237309,57187441,57186412,1029
ENSG00000234961,17234833,17233325,1508
ENSG00000263862,26426101,26422995,3106
ENSG00000236692,57189437,57187892,1545
ENSG00000280984,35689373,35685940,3433
ENSG00000129235,6644541,6640758,3783
ENSG00000026025,17237593,17228241,9352
ENSG00000283273,22717727,22714342,3385
ENSG00000277867,22715225,22714939,286
ENSG00000280095,6082585,6081193,1392
ENSG00000259301,53837560,53837271,289
ENSG00000284291,57190226,57189578,648
ENSG00000280782,35704176,35703803,373
ENSG00000280362,53914712,53910769,3943
ENSG00000284098,57190460,57190300,160
ENSG00000280179,6091407,6084364,7043
ENSG00000283626,57191138,57190461,677
ENSG00000092067,23119616,23117304,2312
ENSG00000206507,29797819,29791100,6719
ENSG00000277807,54568080,54547681,20399
ENSG00000232075,63634827,63634317,510
ENSG00000270352,63658521,63658074,447
ENSG00000236225,29792967,29791993,974
ENSG00000213609,63903245,63902451,794
ENSG00000146223,42889925,42879618,10307
ENSG00000168970,41848155,41828095,20060
ENSG00000165417,81221377,81175452,45925
ENSG00000234830,6265595,6256267,9328
ENSG00000228566,63990568,63664664,325904
ENSG00000203985,54018186,54007298,10888
ENSG00000226426,64037280,64036345,935
ENSG00000235489,64170850,64168959,1891
ENSG00000277390,35729483,35717872,11611
ENSG00000233900,64620922,64620374,548
ENSG00000270648,64763172,64762883,289
ENSG00000164879,85449040,85373436,75604
ENSG00000216740,64826579,64825572,1007
ENSG00000213654,32195523,32190766,4757
ENSG00000224714,64924518,64901136,23382
ENSG00000270754,65055003,65054460,543
ENSG00000275325,22744918,22727104,17814
ENSG00000164086,52056571,52048919,7652
ENSG00000141968,6857366,6772708,84658
ENSG00000237138,32021782,32020966,816
ENSG00000142149,32044633,31873020,171613
ENSG00000233464,152546984,152545930,1054
ENSG00000284615,152118397,152112759,5638
ENSG00000234577,152381564,152380546,1018
ENSG00000232837,38977774,38974429,3345
ENSG00000258645,63601814,63601509,305
ENSG00000258800,63599248,63598874,374
ENSG00000270892,134863433,134863091,342
ENSG00000140006,63641861,63597039,44822
ENSG00000263017,959366,959034,332
ENSG00000282936,6640316,6636780,3536
ENSG00000235888,39062894,38988707,74187
ENSG00000167693,979776,799310,180466
ENSG00000185015,85284073,85220587,63486
ENSG00000198920,6640711,6578147,62564
ENSG00000205086,41956806,41935368,21438
ENSG00000227210,20004210,19990217,13993
ENSG00000237609,39029128,39028536,592
ENSG00000225094,109554094,109553243,851
ENSG00000132031,20012668,19992052,20616
ENSG00000249965,109555732,109555170,562
ENSG00000131018,152637801,152121684,516117
ENSG00000255162,89787838,89785945,1893
ENSG00000157992,27446481,27442366,4115
ENSG00000226398,42025302,42015625,9677
ENSG00000255285,89789733,89789412,321
ENSG00000220871,89797877,89797598,279
ENSG00000186867,121381059,121329312,51747
ENSG00000253555,63138084,63136223,1861
ENSG00000270673,63168442,63167725,717
ENSG00000112159,89819794,89642498,177296
ENSG00000204301,32224067,32194843,29224
ENSG00000278458,46237041,46041525,195516
ENSG00000253549,85464915,85441851,23064
ENSG00000269899,11846391,11846154,237
ENSG00000260601,12546684,12545482,1202
ENSG00000257962,85249848,85246295,3553
ENSG00000273783,81222460,81221218,1242
ENSG00000278979,12376032,12374355,1677
ENSG00000104267,85481493,85463968,17525
ENSG00000259899,12611044,12560756,50288
ENSG00000228851,57191927,57191141,786
ENSG00000259876,12557694,12556353,1341
ENSG00000175604,12090302,12086746,3556
ENSG00000215760,114811170,114809375,1795
ENSG00000284558,57192337,57191997,340
ENSG00000164733,11869448,11842524,26924
ENSG00000048471,12574287,11976734,597553
ENSG00000227584,57194068,57192695,1373
ENSG00000185728,63212786,63168553,44233
ENSG00000221923,52385795,52369917,15878
ENSG00000284221,57192698,57192405,293
ENSG00000169035,50984099,50976468,7631
ENSG00000230531,57196054,57194257,1797
ENSG00000284572,57196564,57196056,508
ENSG00000281687,195685904,195658096,27808
ENSG00000236393,40287720,40262917,24803
ENSG00000151553,114899832,114821744,78088
ENSG00000234671,57197772,57196638,1134
ENSG00000213480,121370345,121369433,912
ENSG00000281060,195740223,195658062,82161
ENSG00000205579,81246563,81246295,268
ENSG00000214045,40360726,40359183,1543
ENSG00000270343,81260239,81259565,674
ENSG00000162878,42058517,42048021,10496
ENSG00000169325,57203597,57200825,2772
ENSG00000134982,112846239,112707498,138741
ENSG00000056097,32444740,32354350,90390
ENSG00000235685,40515508,40514895,613
ENSG00000235267,27455862,27455156,706
ENSG00000244247,182507124,182498264,8860
ENSG00000213935,4865804,4865432,372
ENSG00000157927,4883719,4797055,86664
ENSG00000180061,55334048,55312801,21247
ENSG00000109670,152536092,152320544,215548
ENSG00000235821,29751148,29750729,419
ENSG00000260723,12373899,12372812,1087
ENSG00000261293,12095307,12093627,1680
ENSG00000258256,85245717,85222446,23271
ENSG00000261394,12372582,12366982,5600
ENSG00000284128,24653356,24644791,8565
ENSG00000260488,11977850,11976851,999
ENSG00000255254,18106841,18106583,258
ENSG00000241641,12081902,12081237,665
ENSG00000259669,53976908,53947624,29284
ENSG00000284233,24633443,24633272,171
ENSG00000215481,24650012,24632915,17097
ENSG00000259165,69085389,69083398,1991
ENSG00000160299,46445769,46324141,121628
ENSG00000139990,69153150,69050881,102269
ENSG00000262003,911212,909632,1580
ENSG00000284070,24651657,24645171,6486
ENSG00000262133,880093,877902,2191
ENSG00000267441,18389459,18388871,588
ENSG00000214860,18389647,18377778,11869
ENSG00000282185,158424386,158291152,133234
ENSG00000138794,109703583,109688622,14961
ENSG00000227656,31358618,31357419,1199
ENSG00000231309,31366055,31364601,1454
ENSG00000226050,31355856,31352684,3172
ENSG00000167754,50953093,50943303,9790
ENSG00000253550,6474288,6473845,443
ENSG00000218823,4862030,4857738,4292
ENSG00000225691,31349256,31345885,3371
ENSG00000278025,54981465,54977550,3915
ENSG00000246089,6407142,6403551,3591
ENSG00000242387,25882395,25882026,369
ENSG00000249898,6708209,6618475,89734
ENSG00000226033,32057890,32047618,10272
ENSG00000124564,25882286,25833066,49220
ENSG00000272696,128316909,128316337,572
ENSG00000068697,20051628,20032650,18978
ENSG00000264177,18388984,18379855,9129
ENSG00000147316,6648508,6406596,241912
ENSG00000214111,25030235,25029545,690
ENSG00000183978,42798704,42795147,3557
ENSG00000226526,17005091,16978926,26165
ENSG00000129749,3671384,3665587,5797
ENSG00000117122,16980835,16974502,6333
ENSG00000168092,117176894,117144284,32610
ENSG00000126562,42797066,42780610,16456
ENSG00000101144,57266641,57168753,97888
ENSG00000238235,6269275,6266593,2682
ENSG00000228766,182611414,182610674,740
ENSG00000277755,22756729,22756172,557
ENSG00000238837,182655880,182644214,11666
ENSG00000275352,6274065,6273579,486
ENSG00000281951,37822,19790,18032
ENSG00000175265,34437466,34379068,58398
ENSG00000282799,46208324,46205177,3147
ENSG00000234583,6305074,6303957,1117
ENSG00000248785,109674124,109673843,281
ENSG00000218980,57004799,57004520,279
ENSG00000228061,31767953,31618124,149829
ENSG00000005059,109688719,109560209,128510
ENSG00000282279,46047379,46046922,457
ENSG00000229124,17229985,17214239,15746
ENSG00000151917,57027346,56955107,72239
ENSG00000228861,39128040,39127568,472
ENSG00000255490,32085712,32085111,601
ENSG00000148985,3826371,3797724,28647
ENSG00000275223,33656423,33655701,722
ENSG00000277977,52392755,52392659,96
ENSG00000269834,52397766,52388842,8924
ENSG00000107187,136205128,136196250,8878
ENSG00000269881,269943,249547,20396
ENSG00000259425,22776199,22770523,5676
ENSG00000122367,86736068,86668449,67619
ENSG00000224264,31872249,31853814,18435
ENSG00000223734,20054496,20052134,2362
ENSG00000263677,26689668,26688111,1557
ENSG00000265369,26703638,26687621,16017
ENSG00000217653,89815463,89814709,754
ENSG00000219790,56976062,56975606,456
ENSG00000228124,89675783,89673469,2314
ENSG00000234378,20106829,20063856,42973
ENSG00000170113,22829789,22773063,56726
ENSG00000007372,31818062,31784779,33283
ENSG00000154080,27185308,26906481,278827
ENSG00000213729,20156057,20155618,439
ENSG00000273447,109692703,109692004,699
ENSG00000197312,15669044,15617458,51586
ENSG00000274015,63642696,63642143,553
ENSG00000271743,6617198,6615604,1594
ENSG00000277791,38764225,38752741,11484
ENSG00000126821,63728065,63684216,43849
ENSG00000091879,6563409,6499651,63758
ENSG00000163536,167825568,167735243,90325
ENSG00000263846,26600338,26599408,930
ENSG00000266549,26952558,26952201,357
ENSG00000156755,64765535,64765054,481
ENSG00000277534,26545791,26542971,2820
ENSG00000275805,26575626,26565723,9903
ENSG00000271225,64811429,64810865,564
ENSG00000091106,32265732,32224453,41279
ENSG00000257096,21522660,21521083,1577
ENSG00000263382,26823979,26822813,1166
ENSG00000253483,23483534,23483016,518
ENSG00000282989,101872549,101871830,719
ENSG00000171885,26865771,26852043,13728
ENSG00000165821,21537216,21521080,16136
ENSG00000253390,23484971,23458601,26370
ENSG00000253629,101689093,101686547,2546
ENSG00000269741,51009581,50996018,13563
ENSG00000283108,9407055,9383581,23474
ENSG00000197550,64836341,64817870,18471
ENSG00000104490,102124907,101686542,438365
ENSG00000225043,46421034,46420553,481
ENSG00000215695,15661722,15659869,1853
ENSG00000286224,46326491,46326288,203
ENSG00000269495,50963649,50950185,13464
ENSG00000271742,15683128,15682873,255
ENSG00000267879,51012129,50968210,43919
ENSG00000253986,23494198,23493009,1189
ENSG00000279676,50962781,50962197,584
ENSG00000251652,1132977,1113639,19338
ENSG00000243819,10692099,10690344,1755
ENSG00000227189,1153701,1151372,2329
ENSG00000235032,57215866,57214872,994
ENSG00000215367,1153726,1115197,38529
ENSG00000176812,25195207,25194381,826
ENSG00000229256,103216800,103215709,1091
ENSG00000174652,9435571,9412461,23110
ENSG00000229310,25591808,25591353,455
ENSG00000228519,25646327,25645722,605
ENSG00000235757,30623393,30623124,269
ENSG00000235376,103248016,103245887,2129
ENSG00000224313,32048735,32046253,2482
ENSG00000206488,30636318,30616337,19981
ENSG00000233403,25893544,25878339,15205
ENSG00000173503,31564550,31562278,2272
ENSG00000258875,91252211,91242759,9452
ENSG00000176774,26140735,26138343,2392
ENSG00000118518,127288567,127266610,21957
ENSG00000223851,30678534,30678268,266
ENSG00000227663,2075822,2075555,267
ENSG00000250362,95874519,95861786,12733
ENSG00000231345,50660472,50655967,4505
ENSG00000119714,91253925,91232532,21393
ENSG00000269836,17178476,17177511,965
ENSG00000110092,69654474,69641087,13387
ENSG00000269066,17099307,17095418,3889
ENSG00000148798,103290346,103277138,13208
ENSG00000174579,136197241,136148917,48324
ENSG00000039987,12758458,12751702,6756
ENSG00000099331,17214537,17075781,138756
ENSG00000274253,22778741,22757857,20884
ENSG00000133107,37870425,37636636,233789
ENSG00000272269,17707344,17706257,1087
ENSG00000226428,114901366,114900722,644
ENSG00000124789,17706834,17615035,91799
ENSG00000232446,26148281,26147774,507
ENSG00000241438,136155996,136155549,447
ENSG00000282333,39799,39354,445
ENSG00000256737,21565084,21563819,1265
ENSG00000235094,6308202,6306042,2160
ENSG00000282645,98004,73293,24711
ENSG00000282557,82739,79359,3380
ENSG00000227311,40333557,40333078,479
ENSG00000260538,29802452,29800445,2007
ENSG00000285830,39151363,39147833,3530
ENSG00000258778,63735923,63734697,1226
ENSG00000182400,39170532,39147811,22721
ENSG00000279092,34420273,34415450,4823
ENSG00000260639,34394931,34394594,337
ENSG00000223744,6343323,6328052,15271
ENSG00000261081,34410594,34409625,969
ENSG00000258411,63762149,63762013,136
ENSG00000248356,145650624,145642336,8288
ENSG00000270912,63808732,63808546,186
ENSG00000249245,145626035,145624159,1876
ENSG00000009950,73624543,73593194,31349
ENSG00000142405,53824394,53793603,30791
ENSG00000282647,112201000,112197350,3650
ENSG00000151611,145660035,145599042,60993
ENSG00000132517,5052009,5032600,19409
ENSG00000282662,151787,138174,13613
ENSG00000260372,27190698,26655742,534956
ENSG00000206439,31568564,31565793,2771
ENSG00000213172,40365183,40364766,417
ENSG00000237554,29804020,29803224,796
ENSG00000149716,69675416,69653076,22340
ENSG00000084070,40423326,40344850,78476
ENSG00000282706,112305608,112297337,8271
ENSG00000277392,54736494,54724479,12015
ENSG00000278114,195741123,195720882,20241
ENSG00000113621,134901525,134873803,27722
ENSG00000233358,23031780,22744395,287385
ENSG00000218476,23103546,23102680,866
ENSG00000267166,43927388,43922775,4613
ENSG00000282199,43923001,43914433,8568
ENSG00000278767,94293271,94280460,12811
ENSG00000267496,43917985,43917194,791
ENSG00000250045,112778161,112777630,531
ENSG00000258864,112867582,112827213,40369
ENSG00000249947,112885745,112885094,651
ENSG00000134504,26657401,26454910,202491
ENSG00000147454,23575463,23528956,46507
ENSG00000272236,29752207,29751965,242
ENSG00000241984,39157852,39156742,1110
ENSG00000259746,90635033,90634725,308
ENSG00000285560,90631755,90630535,1220
ENSG00000223701,149919508,149884431,35077
ENSG00000235743,23346560,23337711,8849
ENSG00000278370,90651103,90650631,472
ENSG00000259212,90596447,90595840,607
ENSG00000259736,90717141,90620007,97134
ENSG00000203722,149923121,149916878,6243
ENSG00000235701,39172106,39171130,976
ENSG00000248496,28587330,28573507,13823
ENSG00000281237,195685904,195658096,27808
ENSG00000245479,90664967,90660234,4733
ENSG00000235714,29812723,29812592,131
ENSG00000240752,78759374,78758974,400
ENSG00000282737,112315069,112306417,8652
ENSG00000167555,52418412,52397849,20563
ENSG00000259314,90614558,90604225,10333
ENSG00000229643,6369921,6357219,12702
ENSG00000270751,152338098,152337655,443
ENSG00000169855,79767998,78597239,1170759
ENSG00000140577,90645345,90529923,115422
ENSG00000281794,195739964,195658062,81902
ENSG00000226734,110139426,110139214,212
ENSG00000164087,52154690,52075253,79437
ENSG00000234089,57222174,57209865,12309
ENSG00000275430,195741387,195721575,19812
ENSG00000274108,54752986,54738481,14505
ENSG00000105298,3626815,3610645,16170
ENSG00000274299,57275197,57270839,4358
ENSG00000280225,57404717,57402181,2536
ENSG00000236149,30587022,30561217,25805
ENSG00000040731,24644978,24487100,157878
ENSG00000120256,149864026,149818798,45228
ENSG00000113504,1112063,1050384,61679
ENSG00000166787,18116132,18112472,3660
ENSG00000242163,81333361,81332961,400
ENSG00000140022,81436465,81260656,175809
ENSG00000008130,1780457,1751232,29225
ENSG00000078246,2941138,2877223,63915
ENSG00000179826,18138480,18120955,17525
ENSG00000166444,8910951,8693351,217600
ENSG00000223602,64889063,64878790,10273
ENSG00000224599,65193610,65189995,3615
ENSG00000255470,18189495,18140186,49309
ENSG00000236252,65230861,65219987,10874
ENSG00000282906,65141185,65123667,17518
ENSG00000255138,18189621,18189000,621
ENSG00000226215,31734489,31728695,5794
ENSG00000179817,18174280,18172837,1443
ENSG00000227173,65169869,65169438,431
ENSG00000267085,65222777,65222522,255
ENSG00000204780,65250826,65250543,283
ENSG00000132467,70690551,70688532,2019
ENSG00000285562,18145142,18142341,2801
ENSG00000254857,18154255,18153277,978
ENSG00000236162,10720952,10717773,3179
ENSG00000204779,65285209,65282101,3108
ENSG00000120265,149811420,149749443,61977
ENSG00000233724,65248792,65248032,760
ENSG00000253488,23635507,23634876,631
ENSG00000204778,65323015,65287914,35101
ENSG00000232630,125151589,125150653,936
ENSG00000266184,26832432,26831520,912
ENSG00000119414,125189939,125146573,43366
ENSG00000223747,31981098,31973822,7276
ENSG00000232030,26161824,26160601,1223
ENSG00000227511,26170913,26170052,861
ENSG00000135387,34102610,34051731,50879
ENSG00000198028,9498607,9466507,32100
ENSG00000251294,24613222,24554018,59204
ENSG00000176746,26195646,26192440,3206
ENSG00000115884,20225433,20200797,24636
ENSG00000204364,31985058,31959563,25495
ENSG00000249562,24578561,24578294,267
ENSG00000275478,28591739,28587373,4366
ENSG00000232644,26200647,26200042,605
ENSG00000249032,28654475,28648243,6232
ENSG00000060237,911452,752579,158873
ENSG00000258605,81413239,81412970,269
ENSG00000260653,57416203,57404771,11432
ENSG00000227182,57423725,57422830,895
ENSG00000259565,76980451,76979245,1206
ENSG00000283138,3757842,3752518,5324
ENSG00000235368,57425676,57424503,1173
ENSG00000130038,3764819,3606633,158186
ENSG00000173679,122662648,122661566,1082
ENSG00000182111,57473546,57450177,23369
ENSG00000243378,182692285,182691928,357
ENSG00000280286,65652679,65646982,5697
ENSG00000260377,182740848,182739669,1179
ENSG00000171481,122676153,122675036,1117
ENSG00000240063,182793394,182783236,10158
ENSG00000270957,57485895,57485166,729
ENSG00000226783,122688372,122685933,2439
ENSG00000272986,70704491,70703747,744
ENSG00000233601,57610104,57599794,10310
ENSG00000167034,23682938,23678697,4241
ENSG00000226800,3613930,3607247,6683
ENSG00000273655,54210033,54209707,326
ENSG00000134690,37709719,37692481,17238
ENSG00000277190,54225500,54225142,358
ENSG00000018189,70808619,70704204,104415
ENSG00000274345,54230835,54229658,1177
ENSG00000285761,29763295,29752573,10722
ENSG00000105364,10260045,10251901,8144
ENSG00000270896,29763392,29763258,134
ENSG00000274148,54243458,54237215,6243
ENSG00000119820,32316594,32277904,38690
ENSG00000183527,39183851,39174769,9082
ENSG00000282461,157786,151918,5868
ENSG00000136297,4959213,4905989,53224
ENSG00000234651,31728984,31715314,13670
ENSG00000273226,19375996,19375451,545
ENSG00000276432,35930773,35918066,12707
ENSG00000137154,19380254,19375715,4539
ENSG00000159674,1208962,1166932,42030
ENSG00000147753,6457906,6449468,8438
ENSG00000272379,13290490,13290018,472
ENSG00000143870,10837977,10783391,54586
ENSG00000112137,13290484,12716805,573679
ENSG00000259296,51715220,51707995,7225
ENSG00000104112,51721026,51681492,39534
ENSG00000256150,2812902,2695765,117137
ENSG00000215467,43653291,43652523,768
ENSG00000160058,32394731,32365103,29628
ENSG00000272754,32323002,32321638,1364
ENSG00000278255,2217920,2217462,458
ENSG00000256769,2607440,2603350,4090
ENSG00000258092,2803938,2797136,6802
ENSG00000129816,6411564,6390431,21133
ENSG00000280202,3612003,3610307,1696
ENSG00000111206,2877155,2857681,19474
ENSG00000212856,6462091,6406244,55847
ENSG00000188408,26218270,26216169,2101
ENSG00000101057,43716495,43667019,49476
ENSG00000237563,6450685,6443434,7251
ENSG00000251044,68375292,68374765,527
ENSG00000248884,68434481,68430427,4054
ENSG00000156374,103351144,103302796,48348
ENSG00000268056,17168051,17152588,15463
ENSG00000235411,20241046,20239892,1154
ENSG00000269480,17208010,17207138,872
ENSG00000269776,52426202,52425863,339
ENSG00000214264,112183191,112180773,2418
ENSG00000259083,39175880,39174885,995
ENSG00000265579,72745961,72743756,2205
ENSG00000204370,112120013,112086824,33189
ENSG00000166342,72868146,72742314,125832
ENSG00000100941,39183220,39175183,8037
ENSG00000277750,54814476,54803572,10904
ENSG00000260170,45676314,45587351,88963
ENSG00000273179,1168174,1167778,396
ENSG00000158555,75525941,75434640,91301
ENSG00000137767,45691281,45631148,60133
ENSG00000206437,31572750,31570783,1967
ENSG00000176998,29792750,29791753,997
ENSG00000181126,29797811,29790954,6857
ENSG00000285969,14793504,14791534,1970
ENSG00000145979,13328583,13266542,62041
ENSG00000196724,57935393,57921884,13509
ENSG00000228713,31385659,31384925,734
ENSG00000259241,51695765,51693216,2549
ENSG00000232126,31433637,31346626,87011
ENSG00000267273,9510079,9498678,11401
ENSG00000226308,57282998,57266797,16201
ENSG00000180053,23706598,23702451,4147
ENSG00000237171,26224658,26223903,755
ENSG00000164266,147831786,147824568,7218
ENSG00000253471,23789487,23707141,82346
ENSG00000254002,23743042,23726331,16711
ENSG00000136939,122724925,122723990,935
ENSG00000260112,9519341,9518150,1191
ENSG00000242849,52194785,52193170,1615
ENSG00000184261,47570939,47516581,54358
ENSG00000271118,23806154,23805933,221
ENSG00000171459,122750783,122742303,8480
ENSG00000198633,52452315,52429187,23128
ENSG00000274834,12614852,12614451,401
ENSG00000276465,54848263,54832686,15577
ENSG00000140750,25015666,24919389,96277
ENSG00000053702,2835544,2825348,10196
ENSG00000278329,54767306,54754958,12348
ENSG00000267420,43932622,43927563,5059
ENSG00000278368,54830744,54816432,14312
ENSG00000261158,12761162,12759282,1880
ENSG00000261514,43938959,43938363,596
ENSG00000103381,12803887,12659799,144088
ENSG00000249518,147852659,147851644,1015
ENSG00000110713,3797792,3671083,126709
ENSG00000248923,134926459,134924648,1811
ENSG00000249119,134924644,134924123,521
ENSG00000247627,134928036,134926660,1376
ENSG00000165661,136245841,136206333,39508
ENSG00000108849,43942468,43940804,1664
ENSG00000249192,134928527,134928393,134
ENSG00000244921,134924049,134923303,746
ENSG00000132570,135007959,134904906,103053
ENSG00000282728,101209591,101129077,80514
ENSG00000255504,101209450,101208905,545
ENSG00000274080,73611502,73609262,2240
ENSG00000082175,101130524,101029624,100900
ENSG00000165832,114977676,114938195,39481
ENSG00000224438,2782371,2781904,467
ENSG00000256837,2020532,2018213,2319
ENSG00000105371,10288522,10286955,1567
ENSG00000283587,2727050,2726400,650
ENSG00000256257,2049463,2048352,1111
ENSG00000260378,12757835,12745873,11962
ENSG00000285734,2457392,2440189,17203
ENSG00000256271,2672220,2668500,3720
ENSG00000225733,14948424,14920347,28077
ENSG00000151065,2004535,1946053,58482
ENSG00000198868,134928326,134928030,296
ENSG00000260810,91259003,91258299,704
ENSG00000152705,135011696,134967907,43789
ENSG00000090339,10286615,10271093,15522
ENSG00000239238,167888715,167888414,301
ENSG00000244227,167924011,167864773,59238
ENSG00000177463,15053600,14947584,106016
ENSG00000205403,109802179,109740694,61485
ENSG00000267301,23710287,23709825,462
ENSG00000283769,136267237,136263925,3312
ENSG00000279813,136251205,136249978,1227
ENSG00000280378,54034880,54033126,1754
ENSG00000217733,149881572,149879962,1610
ENSG00000260220,136306901,136249971,56930
ENSG00000164520,149898102,149883375,14727
ENSG00000116209,54053504,54026681,26823
ENSG00000255231,112208898,112208601,297
ENSG00000070808,150290291,150219491,70800
ENSG00000243930,112218720,112218326,394
ENSG00000164265,147882191,147870682,11509
ENSG00000254638,112172606,112165197,7409
ENSG00000053747,23956222,23689443,266779
ENSG00000150782,112164096,112143253,20843
ENSG00000279799,134905691,134905235,456
ENSG00000219453,23649774,23649496,278
ENSG00000232387,122762233,122761844,389
ENSG00000251314,96631085,95962001,669084
ENSG00000065308,52577060,52497408,79652
ENSG00000118985,95961851,95885098,76753
ENSG00000148215,122789895,122788933,962
ENSG00000178776,147906538,147880726,25812
ENSG00000250140,34861506,34860783,723
ENSG00000272323,34839278,34837549,1729
ENSG00000241829,34883520,34883057,463
ENSG00000268030,18561560,18557775,3785
ENSG00000205838,34899456,34838833,60623
ENSG00000267105,10260045,10259109,936
ENSG00000268983,18569375,18568506,869
ENSG00000251320,147887704,147887112,592
ENSG00000283297,2857083,2849039,8044
ENSG00000248362,147886878,147886086,792
ENSG00000266978,10285108,10252268,32840
ENSG00000004478,2805423,2794970,10453
ENSG00000105700,18569387,18557762,11625
ENSG00000267607,10289019,10285801,3218
ENSG00000285889,149826294,149797317,28977
ENSG00000219433,149795746,149794763,983
ENSG00000275206,18390323,18390153,170
ENSG00000170915,52407777,52361421,46356
ENSG00000231760,149799150,149796151,2999
ENSG00000204471,18400961,18393480,7481
ENSG00000268592,149919507,149863494,56013
ENSG00000273132,149853192,149852462,730
ENSG00000285991,149896011,149817937,78074
ENSG00000216906,149906418,149904243,2175
ENSG00000120253,149749665,149724315,25350
ENSG00000096093,52529886,52362123,167763
ENSG00000123739,109730070,109709989,20081
ENSG00000244706,167950292,167866500,83792
ENSG00000104164,45615999,45587123,28876
ENSG00000015592,27258420,27235323,23097
ENSG00000213716,95973446,95973041,405
ENSG00000249746,96215075,96213346,1729
ENSG00000164307,96808100,96760810,47290
ENSG00000159692,1249953,1211448,38505
ENSG00000278543,52475239,52473336,1903
ENSG00000258405,52516882,52453553,63329
ENSG00000163617,114056594,113964137,92457
ENSG00000228395,128552410,128528901,23509
ENSG00000119392,128542288,128504700,37588
ENSG00000285704,867139,865288,1851
ENSG00000197580,112224699,112175467,49232
ENSG00000285330,109801999,109713916,88083
ENSG00000269349,52512342,52511282,1060
ENSG00000168930,89808575,89797655,10920
ENSG00000204359,31990148,31985034,5114
ENSG00000275751,54798220,54786398,11822
ENSG00000274659,2742855,2740093,2762
ENSG00000277356,54783981,54769746,14235
ENSG00000274587,54223706,54217271,6435
ENSG00000274810,132722459,132558142,164317
ENSG00000127483,20787323,20742679,44644
ENSG00000279897,32574818,32557273,17545
ENSG00000276517,32529507,32526504,3003
ENSG00000230046,32379599,32377631,1968
ENSG00000279544,32566436,32563328,3108
ENSG00000276334,32523547,32521927,1620
ENSG00000279853,44369292,44367140,2152
ENSG00000248724,132874223,132721750,152473
ENSG00000115760,32618899,32357028,261871
ENSG00000278128,23855457,23854444,1013
ENSG00000251614,132650383,132645831,4552
ENSG00000236036,35699256,35697524,1732
ENSG00000151067,2697950,1970786,727164
ENSG00000129048,132618967,132597237,21730
ENSG00000224062,121451967,121451541,426
ENSG00000218512,23856818,23856698,120
ENSG00000011083,150222788,150190062,32726
ENSG00000262495,5062123,5060356,1767
ENSG00000270880,113984655,113984037,618
ENSG00000285836,114016261,113998782,17479
ENSG00000070785,44986722,44850522,136200
ENSG00000220748,23972941,23971879,1062
ENSG00000282781,167293,164086,3207
ENSG00000184307,113965401,113947901,17500
ENSG00000262693,5078113,5075678,2435
ENSG00000113971,132722414,132680609,41805
ENSG00000259917,34490571,34489002,1569
ENSG00000282309,178334,177241,1093
ENSG00000219582,24002433,24001824,609
ENSG00000143882,10785110,10721100,64010
ENSG00000277405,94323394,94304248,19146
ENSG00000275865,112418533,112360163,58370
ENSG00000262316,3323925,3323192,733
ENSG00000168158,3357294,3355889,1405
ENSG00000232706,50686326,50676743,9583
ENSG00000224875,42170301,42143238,27063
ENSG00000143924,42332548,42169353,163195
ENSG00000254460,75508391,75506937,1454
ENSG00000125834,2177038,2101611,75427
ENSG00000180787,5096374,5078467,17907
ENSG00000276831,55339283,55338945,338
ENSG00000151576,114088422,114005833,82589
ENSG00000259008,57359410,57355446,3964
ENSG00000261559,34495900,34494420,1480
ENSG00000278582,34521791,34520608,1183
ENSG00000139977,57415906,57390544,25362
ENSG00000152954,24154900,24126186,28714
ENSG00000236024,129718635,129712896,5739
ENSG00000167157,129722674,129665647,57027
ENSG00000282723,46256963,46255525,1438
ENSG00000281927,46272509,46271462,1047
ENSG00000282032,46280579,46278924,1655
ENSG00000286108,2109991,2107900,2091
ENSG00000282147,199896,195290,4606
ENSG00000169208,21580076,21568520,11556
ENSG00000282575,196501,185256,11245
ENSG00000165204,122801073,122800123,950
ENSG00000142279,34512304,34481638,30666
ENSG00000250158,96278751,96247776,30975
ENSG00000244740,136205915,136205540,375
ENSG00000248734,96785999,96784777,1222
ENSG00000136940,122828631,122798389,30242
ENSG00000256081,21586280,21585290,990
ENSG00000226168,50695981,50695592,389
ENSG00000272631,86756298,86749754,6544
ENSG00000249180,96742698,96741079,1619
ENSG00000273586,21602825,21601882,943
ENSG00000175426,96434143,96390333,43810
ENSG00000256385,21612381,21611924,457
ENSG00000275984,54680789,54679429,1360
ENSG00000274821,94374417,94363640,10777
ENSG00000231005,57328696,57328546,150
ENSG00000215022,13295586,13264861,30725
ENSG00000154783,14934565,14810853,123712
ENSG00000228464,26346242,26345236,1006
ENSG00000231388,26505603,26496936,8667
ENSG00000272476,107959986,107957413,2573
ENSG00000249814,28733696,28732809,887
ENSG00000271174,66623102,66622760,342
ENSG00000232778,107932254,107931800,454
ENSG00000136235,23275108,23235967,39141
ENSG00000214560,66637412,66637149,263
ENSG00000230574,28784821,28784450,371
ENSG00000025796,107958208,107867756,90452
ENSG00000285738,66796921,66794041,2880
ENSG00000188817,63679020,63652668,26352
ENSG00000237006,28839644,28838507,1137
ENSG00000226714,28862678,28862047,631
ENSG00000178202,108498384,108472112,26272
ENSG00000227966,28864009,28860261,3748
ENSG00000163376,67011210,66998307,12903
ENSG00000235184,28890731,28889657,1074
ENSG00000139517,27620529,27545913,74616
ENSG00000081307,132678097,132654446,23651
ENSG00000282230,39105144,39101863,3281
ENSG00000023330,52214327,52198086,16241
ENSG00000272275,10770058,10767875,2183
ENSG00000241884,67306359,67296300,10059
ENSG00000196810,1288291,1249300,38991
ENSG00000230801,31808749,31808503,246
ENSG00000230004,28898138,28897348,790
ENSG00000229815,44959395,44958557,838
ENSG00000215154,2630494,2603350,27144
ENSG00000280927,1218591,1210120,8471
ENSG00000262855,5127010,5126740,270
ENSG00000234327,5115004,5111468,3536
ENSG00000168803,43354555,43330657,23898
ENSG00000131096,44004469,43952738,51731
ENSG00000279057,2621794,2620222,1572
ENSG00000015676,44490658,44379119,111539
ENSG00000161996,667833,649311,18522
ENSG00000205918,2643296,2616121,27175
ENSG00000277080,54247928,54246700,1228
ENSG00000278270,54249609,54201357,48252
ENSG00000129204,5175034,5116438,58596
ENSG00000236799,114996593,114994657,1936
ENSG00000241582,34694644,34694170,474
ENSG00000251224,32737454,32730635,6819
ENSG00000213842,32753901,32752910,991
ENSG00000259832,46967874,46967679,195
ENSG00000274159,32549040,32548675,365
ENSG00000182973,32773875,32685145,88730
ENSG00000235356,65315080,65271319,43761
ENSG00000177370,1003671,997129,6542
ENSG00000101306,31834689,31819308,15381
ENSG00000152454,57947706,57940833,6873
ENSG00000275997,1156175,1155966,209
ENSG00000235361,1185086,1181893,3193
ENSG00000285258,64003462,63864557,138905
ENSG00000251048,18489508,18488062,1446
ENSG00000273449,163530697,163529771,926
ENSG00000286046,18888662,18418662,470000
ENSG00000184640,77500596,77280569,220027
ENSG00000176532,29567293,29563835,3458
ENSG00000279918,19098740,19098199,541
ENSG00000159842,1229738,1003518,226220
ENSG00000145416,164384050,163524298,859752
ENSG00000074370,3964464,3923870,40594
ENSG00000160446,128724127,128720870,3257
ENSG00000248515,19909692,19455436,454256
ENSG00000250955,95986311,95964999,21312
ENSG00000249441,19754591,19747179,7412
ENSG00000248238,19456994,19172335,284659
ENSG00000251687,145839580,145833118,6462
ENSG00000272109,96806105,96804353,1752
ENSG00000241612,19814231,19813749,482
ENSG00000086065,33282070,33264879,17191
ENSG00000279379,19258337,19257951,386
ENSG00000151612,145938823,145757627,181196
ENSG00000124196,43726998,43726164,834
ENSG00000262075,136327323,136322303,5020
ENSG00000146677,44468304,44467897,407
ENSG00000250611,20037972,20037560,412
ENSG00000230814,22536639,22528281,8358
ENSG00000241932,12881493,12881170,323
ENSG00000284677,40450039,40436199,13840
ENSG00000206476,30916043,30897815,18228
ENSG00000237952,22803648,22803296,352
ENSG00000243234,57953759,57953158,601
ENSG00000226507,22837880,22837026,854
ENSG00000228571,22537849,22537047,802
ENSG00000153113,96779595,96525267,254328
ENSG00000231650,22850561,22850101,460
ENSG00000150783,112172559,112167372,5187
ENSG00000262619,22916369,22894656,21713
ENSG00000225264,29685255,29598795,86460
ENSG00000078369,1891117,1785285,105832
ENSG00000234685,22916523,22915651,872
ENSG00000230535,22898005,22897341,664
ENSG00000163634,63863868,63833870,29998
ENSG00000223437,29625983,29625870,113
ENSG00000275196,54427817,54426396,1421
ENSG00000259191,69435120,69434466,654
ENSG00000227855,29742594,29650227,92367
ENSG00000258408,73539781,73539221,560
ENSG00000230476,22614081,22580989,33092
ENSG00000258443,73520648,73517233,3415
ENSG00000170468,73493392,73490964,2428
ENSG00000092068,23183674,23125295,58379
ENSG00000137807,69448427,69414246,34181
ENSG00000258695,73530610,73522878,7732
ENSG00000255292,112193805,112086903,106902
ENSG00000184227,73543796,73537143,6653
ENSG00000240303,132660082,132558138,101944
ENSG00000103351,3539048,3500976,38072
ENSG00000177025,57974534,57958437,16097
ENSG00000127804,2511891,2405562,106329
ENSG00000250946,89826922,89820082,6840
ENSG00000229627,57639112,57638725,387
ENSG00000166013,89850970,89841997,8973
ENSG00000243981,57645189,57628479,16710
ENSG00000233277,43895468,43894720,748
ENSG00000100105,31346346,31325804,20542
ENSG00000276063,69154804,69154311,493
ENSG00000160447,128720916,128702503,18413
ENSG00000275993,6123739,6111134,12605
ENSG00000270749,57630151,57629285,866
ENSG00000258675,81450157,81441987,8170
ENSG00000187801,40463718,40450102,13616
ENSG00000187105,73558947,73478484,80463
ENSG00000230796,57651119,57650381,738
ENSG00000237639,57650854,57650521,333
ENSG00000236261,57653208,57652875,333
ENSG00000233962,57653459,57652736,723
ENSG00000234085,57655392,57654822,570
ENSG00000250746,164190367,164188311,2056
ENSG00000227015,57770946,57770619,327
ENSG00000248546,164197711,164197007,704
ENSG00000232161,57771173,57770966,207
ENSG00000163632,63848636,63819362,29274
ENSG00000177803,163933182,163932526,656
ENSG00000230271,57773199,57772584,615
ENSG00000250923,57773381,57773183,198
ENSG00000224484,57777521,57776972,549
ENSG00000047648,11665920,11137543,528377
ENSG00000125533,63007035,63005927,1108
ENSG00000256913,6480207,6477714,2493
ENSG00000279481,145832980,145830456,2524
ENSG00000236907,57818012,57817601,411
ENSG00000250618,57818197,57817996,201
ENSG00000237136,145771032,145680115,90917
ENSG00000268471,152539263,152536264,2999
ENSG00000237515,13240416,12901598,338818
ENSG00000133247,55348121,55339853,8268
ENSG00000240549,63861819,63860645,1174
ENSG00000224653,57820627,57819819,808
ENSG00000163635,64003453,63898399,105054
ENSG00000223836,57820410,57820032,378
ENSG00000260902,14811414,14799331,12083
ENSG00000243417,152552364,152551277,1087
ENSG00000131368,15065317,15042460,22857
ENSG00000240669,152614333,152613875,458
ENSG00000230265,26558330,26557675,655
ENSG00000237236,57822942,57822201,741
ENSG00000231232,57822801,57822465,336
ENSG00000261196,46994502,46994382,120
ENSG00000015133,91417844,91271323,146521
ENSG00000259849,26561052,26558337,2715
ENSG00000231484,57837046,57828331,8715
ENSG00000236160,26657507,26657291,216
ENSG00000271696,57836251,57835309,942
ENSG00000261593,47001087,47000898,189
ENSG00000233918,62275678,62275361,317
ENSG00000227148,63054431,63044827,9604
ENSG00000280280,2460294,2460183,111
ENSG00000254546,18197337,18196657,680
ENSG00000262116,13204907,13197606,7301
ENSG00000226435,198080720,198053522,27198
ENSG00000279872,2424412,2424179,233
ENSG00000189332,18214562,18209138,5424
ENSG00000170006,152680012,152618628,61384
ENSG00000168566,7611967,7590198,21769
ENSG00000230169,112539317,112538889,428
ENSG00000235332,125195821,125194649,1172
ENSG00000164796,113436939,112222928,1214011
ENSG00000168522,43085788,43034194,51594
ENSG00000166426,78348225,78340353,7872
ENSG00000248571,152670107,152666368,3739
ENSG00000228839,31338021,31292499,45522
ENSG00000108231,93806272,93757840,48432
ENSG00000054796,57343994,57329759,14235
ENSG00000251345,129134098,129133106,992
ENSG00000100100,31292534,31281593,10941
ENSG00000248958,129139740,129135926,3814
ENSG00000276276,46408885,46286670,122215
ENSG00000251195,129179094,129177386,1708
ENSG00000250193,129305022,129299175,5847
ENSG00000273589,22646327,22646031,296
ENSG00000262198,22924602,22918591,6011
ENSG00000246876,129771481,129724171,47310
ENSG00000071537,81533853,81471547,62306
ENSG00000276912,54441468,54429845,11623
ENSG00000279694,78341757,78339208,2549
ENSG00000225443,44511332,44511025,307
ENSG00000230048,31759475,31747771,11704
ENSG00000250346,147923421,147922179,1242
ENSG00000283075,22931999,22931537,462
ENSG00000224657,22658878,22649245,9633
ENSG00000261548,29802425,29800415,2010
ENSG00000161653,44009063,44004546,4517
ENSG00000233440,23134564,23134174,390
ENSG00000280620,63911772,63911518,254
ENSG00000136933,125234158,125200542,33616
ENSG00000213880,29803991,29803195,796
ENSG00000224479,63827445,63741827,85618
ENSG00000254506,101595156,101584295,10861
ENSG00000254534,101769961,101765935,4026
ENSG00000285399,63905838,63863155,42683
ENSG00000137672,101872562,101451564,420998
ENSG00000239210,34534084,34533427,657
ENSG00000167840,5123116,5105541,17575
ENSG00000227110,8611924,7952805,659119
ENSG00000248830,34545395,34542462,2933
ENSG00000259569,88568562,88568287,275
ENSG00000114349,50196516,50191612,4904
ENSG00000249487,88605110,88585566,19544
ENSG00000125514,63037028,63034217,2811
ENSG00000100325,29838304,29788609,49695
ENSG00000267408,4622307,4621194,1113
ENSG00000268751,34577701,34576733,968
ENSG00000228351,8125538,8079322,46216
ENSG00000237119,63053863,63038011,15852
ENSG00000071282,8574668,8501807,72861
ENSG00000272259,63085071,63009383,75688
ENSG00000270554,182844619,182843521,1098
ENSG00000273261,182921938,182921240,698
ENSG00000185361,4655568,4639516,16052
ENSG00000058063,182921629,182793503,128126
ENSG00000221974,30903679,30897757,5922
ENSG00000268565,4655524,4654964,560
ENSG00000162302,64372215,64359148,13067
ENSG00000074842,4670370,4641374,28996
ENSG00000285582,115218819,115123482,95337
ENSG00000120925,42897290,42849637,47653
ENSG00000187676,31332276,31199975,132301
ENSG00000160360,136359605,136327476,32129
ENSG00000107518,115948999,115093365,855634
ENSG00000091947,44023946,44011188,12758
ENSG00000269356,113009424,113008778,646
ENSG00000235280,112968824,112967484,1340
ENSG00000148965,18236802,18231355,5447
ENSG00000160255,44931989,44885953,46036
ENSG00000267868,112966131,112964835,1296
ENSG00000186919,76083666,76071961,11705
ENSG00000269376,113010319,113009671,648
ENSG00000229427,31312921,31311289,1632
ENSG00000126217,113099742,112894378,205364
ENSG00000255071,18248635,18231423,17212
ENSG00000137251,54390142,54307859,82283
ENSG00000233454,63060084,63057453,2631
ENSG00000142484,4783213,4771884,11329
ENSG00000233782,63088261,63087070,1191
ENSG00000175352,9004049,8980576,23473
ENSG00000233426,58252525,58251440,1085
ENSG00000225226,58296548,58275877,20671
ENSG00000234312,63114805,63113635,1170
ENSG00000169989,152779764,152769354,10410
ENSG00000134339,18248643,18239223,9420
ENSG00000277221,46384852,46339497,45355
ENSG00000231523,63154934,63117501,37433
ENSG00000182687,76077537,76074781,2756
ENSG00000254673,43077334,43018424,58910
ENSG00000167881,76072517,76038775,33742
ENSG00000168172,43030535,42896946,133589
ENSG00000231401,8366392,8364707,1685
ENSG00000215131,3495480,3493484,1996
ENSG00000224884,8593124,8573726,19398
ENSG00000268949,44991834,44988705,3129
ENSG00000232369,44988725,44988234,491
ENSG00000218537,23898930,23894426,4504
ENSG00000230979,47691246,47690716,530
ENSG00000273956,21531141,21526824,4317
ENSG00000285329,3479550,3365099,114451
ENSG00000133460,23886309,23856703,29606
ENSG00000228231,54369971,54365335,4636
ENSG00000234125,129904163,129903010,1153
ENSG00000263212,3515564,3458071,57493
ENSG00000249618,129955368,129771659,183709
ENSG00000235797,114573371,114572901,470
ENSG00000240311,3496768,3496201,567
ENSG00000278942,3534258,3533429,829
ENSG00000213335,54485850,54485169,681
ENSG00000249588,68530007,68523878,6129
ENSG00000187796,136373681,136361903,11778
ENSG00000142166,33359864,33324429,35435
ENSG00000261290,47003148,47002995,153
ENSG00000216938,26687955,26686026,1929
ENSG00000223510,14236862,14235673,1189
ENSG00000236683,26749090,26748029,1061
ENSG00000122390,3486953,3443649,43304
ENSG00000271609,21538794,21538487,307
ENSG00000257639,21550373,21532945,17428
ENSG00000242021,27176298,27042907,133391
ENSG00000251326,130386371,130376229,10142
ENSG00000248877,130495285,130494673,612
ENSG00000233807,27218678,27218131,547
ENSG00000140497,74873365,74843730,29635
ENSG00000249018,130504344,130503357,987
ENSG00000228933,27398997,27174920,224077
ENSG00000280059,130811933,130808507,3426
ENSG00000248359,68533530,68531690,1840
ENSG00000225998,31883281,31873692,9589
ENSG00000250503,130885641,130881027,4614
ENSG00000262528,656194,654611,1583
ENSG00000250213,131113255,131112748,507
ENSG00000250289,68855085,68854910,175
ENSG00000249335,68962158,68832585,129573
ENSG00000186377,47050751,47023669,27082
ENSG00000250102,131541397,131380013,161384
ENSG00000250066,68967845,68963246,4599
ENSG00000248715,131540489,131540281,208
ENSG00000262786,14297600,14295512,2088
ENSG00000111639,6493841,6491886,1955
ENSG00000164051,48440456,48432164,8292
ENSG00000125363,11300761,11293413,7348
ENSG00000270965,115820487,115819842,645
ENSG00000249352,69030165,68970692,59473
ENSG00000206433,31579139,31576352,2787
ENSG00000250237,69043821,69038518,5303
ENSG00000125780,2341079,2296001,45078
ENSG00000258524,73571667,73571159,508
ENSG00000119673,73575658,73567620,8038
ENSG00000266378,14329474,14327335,2139
ENSG00000125430,14349404,14301081,48323
ENSG00000226621,11290663,11290406,257
ENSG00000237042,29812696,29812565,131
ENSG00000232783,198111878,198110112,1766
ENSG00000272483,11612197,11611602,595
ENSG00000266709,14305505,14303854,1651
ENSG00000234853,19383887,19383217,670
ENSG00000249183,69069200,69068925,275
ENSG00000286022,2341059,2207328,133731
ENSG00000224647,7335413,7330452,4961
ENSG00000226644,2213151,2207217,5934
ENSG00000144560,11771350,11556069,215281
ENSG00000285911,19408532,19386927,21605
ENSG00000235642,27428231,27427777,454
ENSG00000067369,43510728,43403061,107667
ENSG00000230859,40864473,40863994,479
ENSG00000177076,19452505,19409009,43496
ENSG00000226496,41148133,41141493,6640
ENSG00000255569,21622567,21621838,729
ENSG00000249416,131768578,131768233,345
ENSG00000213221,136363744,136359480,4264
ENSG00000183317,37765133,37713880,51253
ENSG00000255582,21634940,21633836,1104
ENSG00000253238,80484316,80265927,218389
ENSG00000100336,36204840,36189124,15716
ENSG00000174799,56033363,55948871,84492
ENSG00000259413,78383155,78382573,582
ENSG00000251676,131791482,131773302,18180
ENSG00000253237,80351416,80351132,284
ENSG00000244380,48446656,48440352,6304
ENSG00000213791,80301481,80300869,612
ENSG00000260912,19455173,19453209,1964
ENSG00000250347,142037125,142036707,418
ENSG00000230011,50708906,50705380,3526
ENSG00000241746,80266155,80265528,627
ENSG00000275194,11225731,11221348,4383
ENSG00000232112,48444208,48440257,3951
ENSG00000044574,125241343,125234853,6490
ENSG00000232392,11335901,11334233,1668
ENSG00000233425,122838820,122837557,1263
ENSG00000231050,1892658,1891471,1187
ENSG00000279382,76091669,76090308,1361
ENSG00000280003,52219012,52217016,1996
ENSG00000080503,2193624,1980290,213334
ENSG00000169885,1917296,1915108,2188
ENSG00000172340,67654614,67360460,294154
ENSG00000182473,76121576,76081016,40560
ENSG00000256553,21643578,21642889,689
ENSG00000173366,52231190,52221081,10109
ENSG00000275496,6267317,6228966,38351
ENSG00000247596,52239158,52228612,10546
ENSG00000106070,50793462,50590063,203399
ENSG00000280660,93771991,93762453,9538
ENSG00000276232,6510522,6510275,247
ENSG00000280485,93788605,93772681,15924
ENSG00000197006,21657473,21597218,60255
ENSG00000260920,40466767,40464319,2448
ENSG00000010292,6531955,6493356,38599
ENSG00000061492,138092365,138083892,8473
ENSG00000279667,40474059,40473055,1004
ENSG00000221821,42890821,42890265,556
ENSG00000226501,33335096,33334571,525
ENSG00000133895,64811294,64803510,7784
ENSG00000263958,72881399,72868388,13011
ENSG00000124191,44069616,43914852,154764
ENSG00000249577,127466118,127465822,296
ENSG00000171611,42925835,42915989,9846
ENSG00000271766,127478737,127478295,442
ENSG00000213529,112363116,112362714,402
ENSG00000263711,73264480,73151241,113239
ENSG00000226171,30665285,30645335,19950
ENSG00000100626,69357033,69259277,97756
ENSG00000250859,127512842,127511464,1378
ENSG00000285786,48248512,48246525,1987
ENSG00000170324,48274696,48153088,121608
ENSG00000136888,114598879,114587769,11110
ENSG00000242510,67514320,67513940,380
ENSG00000131507,142154440,142108779,45661
ENSG00000270666,27515274,27515039,235
ENSG00000278332,27510694,27510501,193
ENSG00000285703,27519435,27491422,28013
ENSG00000230185,112487204,112433816,53388
ENSG00000149577,117197445,117178733,18712
ENSG00000223568,14041861,14040716,1145
ENSG00000182271,30334059,30316333,17726
ENSG00000216347,54603150,54602487,663
ENSG00000100557,57493867,57469301,24566
ENSG00000213954,14069417,14068932,485
ENSG00000165185,112669397,112486847,182550
ENSG00000259474,78481820,78480057,1763
ENSG00000270522,43787852,43787591,261
ENSG00000136381,78501453,78437431,64022
ENSG00000239732,52226163,52221080,5083
ENSG00000218347,27524339,27523076,1263
ENSG00000188338,50221486,50205246,16240
ENSG00000286082,45625675,45596364,29311
ENSG00000259645,69392149,69391192,957
ENSG00000233922,45603056,45593654,9402
ENSG00000280906,243856491,243855738,753
ENSG00000137819,69407780,69298947,108833
ENSG00000219738,27561744,27560822,922
ENSG00000280047,142168387,142165767,2620
ENSG00000254492,102154725,102154550,175
ENSG00000261596,21627569,21626742,827
ENSG00000140749,21652608,21639550,13058
ENSG00000280019,6276532,6272135,4397
ENSG00000250068,112582590,112581779,811
ENSG00000119471,112472405,112380080,92325
ENSG00000274001,43878163,43877715,448
ENSG00000233725,44030461,43908669,121792
ENSG00000137161,42939287,42929192,10095
ENSG00000225147,142567076,142566700,376
ENSG00000231185,142672001,142325293,346708
ENSG00000248203,103253519,103246048,7471
ENSG00000179630,43893932,43879284,14648
ENSG00000015520,44541315,44512535,28780
ENSG00000181751,103278660,103258763,19897
ENSG00000113578,142698070,142592178,105892
ENSG00000259426,69415029,69396904,18125
ENSG00000249082,135040047,135038831,1216
ENSG00000230647,14421026,14374139,46887
ENSG00000224186,135358219,135033280,324939
ENSG00000278710,54867186,54850408,16778
ENSG00000281883,44028526,43883800,144726
ENSG00000147443,21913690,21908873,4817
ENSG00000151773,43879740,43823909,55831
ENSG00000279709,6312948,6309161,3787
ENSG00000231113,42948360,42940364,7996
ENSG00000270021,135401296,135399280,2016
ENSG00000181524,42956765,42956345,420
ENSG00000237100,30645325,30639263,6062
ENSG00000261780,73349878,73324941,24937
ENSG00000248482,135131249,135124380,6869
ENSG00000278903,6360415,6318434,41981
ENSG00000277619,135035894,135034521,1373
ENSG00000179611,43971199,43968424,2775
ENSG00000245261,43223860,43213801,10059
ENSG00000248753,135139681,135120526,19155
ENSG00000280060,43895182,43894725,457
ENSG00000227766,29943067,29942075,992
ENSG00000230521,29888268,29887294,974
ENSG00000112659,43224587,43182184,42403
ENSG00000113648,135399914,135333900,66014
ENSG00000235963,29908645,29907783,862
ENSG00000220773,54625488,54624605,883
ENSG00000281831,29873783,29871895,1888
ENSG00000280708,144568743,144567601,1142
ENSG00000235290,29958570,29956596,1974
ENSG00000204622,30009956,30005971,3985
ENSG00000220635,54771134,54770583,551
ENSG00000281416,144568027,144561389,6638
ENSG00000250567,103412511,103408941,3570
ENSG00000226926,103526618,103430406,96212
ENSG00000157693,114646422,114611206,35216
ENSG00000248757,103541985,103528434,13551
ENSG00000187815,40496343,40477290,19053
ENSG00000239705,125257018,125241663,15355
ENSG00000204632,29831125,29826967,4158
ENSG00000230897,14705534,14705076,458
ENSG00000112981,138139443,138115175,24268
ENSG00000213538,9095890,9094377,1513
ENSG00000238287,40508661,40493157,15504
ENSG00000206430,31583213,31579125,4088
ENSG00000175356,9138114,9019498,118616
ENSG00000124587,42979181,42963865,15316
ENSG00000224984,54840855,54840118,737
ENSG00000051180,40732340,40694774,37566
ENSG00000081177,69244020,69191511,52509
ENSG00000168143,54945099,54846771,98328
ENSG00000176593,58011232,58002061,9171
ENSG00000261116,54945099,54943167,1932
ENSG00000230054,114662374,114656304,6070
ENSG00000125257,95301475,95019835,281640
ENSG00000166441,8714759,8682788,31971
ENSG00000277042,35943699,35934518,9181
ENSG00000137252,55282620,55106460,176160
ENSG00000166704,58003349,57977053,26296
ENSG00000148488,17454595,17315421,139174
ENSG00000270874,86856236,86854696,1540
ENSG00000107779,86932838,86756601,176237
ENSG00000124713,42963880,42960754,3126
ENSG00000187678,142326455,142310427,16028
ENSG00000237572,63211822,63209219,2603
ENSG00000241316,67947713,67654697,293016
ENSG00000237669,30007116,30006121,995
ENSG00000227262,29926973,29925983,990
ENSG00000167483,17553839,17523301,30538
ENSG00000204832,17413503,17386936,26567
ENSG00000206503,29945884,29941260,4624
ENSG00000273238,576300,573880,2420
ENSG00000283183,584866,577168,7698
ENSG00000279093,65561607,65561484,123
ENSG00000260233,65570423,65568482,1941
ENSG00000240568,68192580,68192398,182
ENSG00000214552,68145630,68145004,626
ENSG00000178821,1919279,1917590,1689
ENSG00000183662,68545621,68004247,541374
ENSG00000182240,41282530,41167801,114729
ENSG00000197548,11557665,11272309,285356
ENSG00000228065,65768835,65570338,198497
ENSG00000285611,60071108,60057601,13507
ENSG00000231815,59442261,59434552,7709
ENSG00000179577,104421500,104419512,1988
ENSG00000112874,103562790,103548855,13935
ENSG00000271955,60100200,59218680,881520
ENSG00000147647,104467055,104330324,136731
ENSG00000244640,68634356,68633706,650
ENSG00000285673,59277688,59014354,263334
ENSG00000270447,59515124,59514890,234
ENSG00000241506,68637024,68635705,1319
ENSG00000233891,59733396,59238714,494682
ENSG00000261441,89336161,89335053,1108
ENSG00000236582,17578212,17577362,850
ENSG00000280073,69359308,69357010,2298
ENSG00000258957,69214092,69183020,31072
ENSG00000245281,18096394,18084689,11705
ENSG00000254900,8680913,8679089,1824
ENSG00000258520,69260567,69239166,21401
ENSG00000163377,68953297,68731766,221531
ENSG00000166436,8682694,8612037,70657
ENSG00000222030,59279400,59217708,61692
ENSG00000259619,54050876,54048588,2288
ENSG00000204455,89862893,89854953,7940
ENSG00000259550,54321565,54320731,834
ENSG00000233723,59063766,58427799,635967
ENSG00000173465,65573942,65570430,3512
ENSG00000137766,54633414,53978201,655213
ENSG00000255664,21650337,21649728,609
ENSG00000105197,39493785,39480412,13373
ENSG00000253384,18089687,18088569,1118
ENSG00000221977,21667642,21653835,13807
ENSG00000162460,15747982,15742499,5483
ENSG00000262235,13458698,13458326,372
ENSG00000262801,13562918,13246316,316602
ENSG00000010270,38230671,38178222,52449
ENSG00000164935,104356689,104339087,17602
ENSG00000276240,21673818,21667940,5878
ENSG00000262011,13332583,13331368,1215
ENSG00000279708,89360377,89358841,1536
ENSG00000149591,117204782,117199321,5461
ENSG00000213667,50727969,50726947,1022
ENSG00000224459,15749896,15740051,9845
ENSG00000162461,15741392,15736258,5134
ENSG00000108582,30469989,30378927,91062
ENSG00000109063,10657309,10628526,28783
ENSG00000118412,89874436,89829894,44542
ENSG00000185624,81860624,81843161,17463
ENSG00000266654,82160452,82160056,396
ENSG00000279467,23873277,23865248,8029
ENSG00000232884,14753863,14746762,7101
ENSG00000265678,82154815,82153430,1385
ENSG00000240972,23895227,23894383,844
ENSG00000173826,63548977,63523334,25643
ENSG00000137822,43409771,43369221,40550
ENSG00000176155,82212830,82101460,111370
ENSG00000176973,65574198,65572349,1849
ENSG00000278703,57589091,57588611,480
ENSG00000228600,14758352,14757588,764
ENSG00000231043,58462032,58460292,1740
ENSG00000116786,15734769,15684320,50449
ENSG00000226751,14763090,14761710,1380
ENSG00000225502,14775262,14774301,961
ENSG00000240651,63248321,63241590,6731
ENSG00000226075,63234245,63233035,1210
ENSG00000244550,63241645,63233115,8530
ENSG00000258977,81623061,81605347,17714
ENSG00000255159,8810231,8768778,41453
ENSG00000251357,23895223,23862188,33035
ENSG00000270714,64747492,64747264,228
ENSG00000236638,63263456,63263065,391
ENSG00000272973,23857039,23856427,612
ENSG00000258841,81662874,81661428,1446
ENSG00000254665,8696607,8693357,3250
ENSG00000230323,32197813,32080316,117497
ENSG00000185037,63304056,63291518,12538
ENSG00000226406,14829989,14829154,835
ENSG00000229047,14964233,14961309,2924
ENSG00000279026,73582918,73580694,2224
ENSG00000130005,1401570,1397026,4544
ENSG00000180530,15065936,14961235,104701
ENSG00000241891,81777613,81777016,597
ENSG00000138622,73368958,73319859,49099
ENSG00000184139,131857913,131857343,570
ENSG00000259035,82030349,81741002,289347
ENSG00000253973,9065154,9004162,60992
ENSG00000258501,81917888,81916231,1657
ENSG00000214176,64837154,64779259,57895
ENSG00000258718,81743138,81727780,15358
ENSG00000265380,73715490,73711329,4161
ENSG00000106804,121050276,120952335,97941
ENSG00000263655,74034161,73914405,119756
ENSG00000220161,18414380,18411159,3221
ENSG00000278902,73922631,73921939,692
ENSG00000259650,73342387,73335260,7127
ENSG00000197299,90816166,90717346,98820
ENSG00000226587,63354326,63326674,27652
ENSG00000205266,18425097,18415728,9369
ENSG00000261610,32261585,32259804,1781
ENSG00000232165,63346732,63345840,892
ENSG00000227298,63343200,63342711,489
ENSG00000227545,63350059,63349154,905
ENSG00000227923,63354365,63354033,332
ENSG00000230000,63351774,63348861,2913
ENSG00000164244,127555089,127517609,37480
ENSG00000232988,29891825,29890694,1131
ENSG00000236203,29987433,29986556,877
ENSG00000281903,14918552,14819699,98853
ENSG00000277480,29828384,29827404,980
ENSG00000234831,29935221,29934229,992
ENSG00000231904,29884620,29881898,2722
ENSG00000266162,18418306,18418195,111
ENSG00000235372,30025470,30024180,1290
ENSG00000273027,44930112,44929653,459
ENSG00000228524,30002072,29998699,3373
ENSG00000227039,44929678,44921051,8627
ENSG00000279390,15052379,15050189,2190
ENSG00000235609,15014430,14818843,195587
ENSG00000231201,14992854,14971470,21384
ENSG00000261757,142705421,142703782,1639
ENSG00000263647,64762710,64761912,798
ENSG00000235277,14947096,14918534,28562
ENSG00000218300,89876878,89876544,334
ENSG00000265982,64778937,64778842,95
ENSG00000253843,48194627,48193850,777
ENSG00000265298,64751311,64750420,891
ENSG00000266820,64758603,64749918,8685
ENSG00000253654,48294694,48294026,668
ENSG00000236714,142760998,142745587,15411
ENSG00000224594,48385049,48384590,459
ENSG00000215769,64781707,64749663,32044
ENSG00000164144,152918463,152779937,138526
ENSG00000279881,48431041,48428143,2898
ENSG00000181026,88632281,88621337,10944
ENSG00000253140,48517089,48515852,1237
ENSG00000280143,117210292,117204967,5325
ENSG00000280109,41186788,41175231,11557
ENSG00000160613,117232525,117204337,28188
ENSG00000226608,4024444,4023917,527
ENSG00000262267,13779760,13730137,49623
ENSG00000253608,48698510,48551567,146943
ENSG00000250099,24749772,24749374,398
ENSG00000215063,4060113,4059633,480
ENSG00000228490,29882408,29881442,966
ENSG00000205300,4075165,4070152,5013
ENSG00000224538,29902760,29901898,862
ENSG00000272795,109815410,109815047,363
ENSG00000224388,41180626,41180097,529
ENSG00000253455,48623895,48620465,3430
ENSG00000248156,24787024,24786842,182
ENSG00000278443,29852298,29852167,131
ENSG00000286238,24850971,24772144,78827
ENSG00000282525,35965476,35963502,1974
ENSG00000227366,29926616,29926431,185
ENSG00000248908,24840583,24835280,5303
ENSG00000253702,48621018,48597458,23560
ENSG00000229474,44711316,44665732,45584
ENSG00000276051,29831158,29826986,4172
ENSG00000253892,48658894,48657260,1634
ENSG00000261708,32439767,32436503,3264
ENSG00000233858,48594621,48590401,4220
ENSG00000122574,29917066,29806486,110580
ENSG00000250524,24885461,24881943,3518
ENSG00000212789,18263091,18261982,1109
ENSG00000253688,48556441,48551527,4914
ENSG00000224639,32058494,32058468,26
ENSG00000217483,72523238,72522641,597
ENSG00000048392,102239118,102204502,34616
ENSG00000229856,32084894,32084376,518
ENSG00000251654,25298612,25218973,79639
ENSG00000181514,72599634,72598451,1183
ENSG00000271049,34635717,34634844,873
ENSG00000251273,25190956,25087450,103506
ENSG00000268683,34640689,34638122,2567
ENSG00000269811,34646070,34645662,408
ENSG00000225299,67055028,67052609,2419
ENSG00000279971,34646838,34645380,1458
ENSG00000273360,66118326,66079243,39083
ENSG00000205209,34675699,34593329,82370
ENSG00000285042,25188778,25188059,719
ENSG00000245849,40695107,40686243,8864
ENSG00000254558,89865550,89863848,1702
ENSG00000226448,67334882,67334123,759
ENSG00000260761,25321346,25319834,1512
ENSG00000277056,66837704,66837457,247
ENSG00000165996,17617374,17589032,28342
ENSG00000103343,3409364,3401215,8149
ENSG00000245662,25324386,25187800,136586
ENSG00000274881,54709430,54705130,4300
ENSG00000183230,67696195,65912523,1783672
ENSG00000189253,89876017,89869282,6735
ENSG00000134440,57622213,57600656,21557
ENSG00000274517,54712760,54712477,283
ENSG00000216676,27652825,27652602,223
ENSG00000248443,124830290,124829472,818
ENSG00000256350,21699151,21698954,197
ENSG00000278031,54580112,54574401,5711
ENSG00000249904,125886753,125886285,468
ENSG00000249950,125863193,125862746,447
ENSG00000281706,27710222,27694035,16187
ENSG00000211776,21712843,21712321,522
ENSG00000242814,124809233,124808828,405
ENSG00000286111,125602229,125493261,108968
ENSG00000255235,89886213,89883927,2286
ENSG00000248358,21716262,21714795,1467
ENSG00000140265,43371025,43358172,12853
ENSG00000279118,126498604,126496279,2325
ENSG00000254617,89889991,89887366,2625
ENSG00000211777,21724321,21723713,608
ENSG00000206127,32455634,32445106,10528
ENSG00000146038,24358059,24171755,186304
ENSG00000241888,125968085,125966777,1308
ENSG00000254785,89900449,89895799,4650
ENSG00000249261,124869914,124868972,942
ENSG00000211778,21736982,21736152,830
ENSG00000238186,40517174,40515754,1420
ENSG00000260192,125602227,124808981,793246
ENSG00000283462,103891393,103880129,11264
ENSG00000255055,89909047,89908540,507
ENSG00000211779,21749705,21749178,527
ENSG00000164002,40516556,40508741,7815
ENSG00000275974,144593524,144592865,659
ENSG00000240954,21751546,21750269,1277
ENSG00000250721,125265651,125265528,123
ENSG00000251026,104105403,104079911,25492
ENSG00000250602,126509021,126372477,136544
ENSG00000223417,89921767,89911111,10656
ENSG00000280579,144641637,144627218,14419
ENSG00000259471,66685794,66582190,103604
ENSG00000237938,15736896,15720312,16584
ENSG00000250402,125377439,125376828,611
ENSG00000204290,32407128,32393963,13165
ENSG00000216915,27738494,27737000,1494
ENSG00000248107,126193850,126179577,14273
ENSG00000125650,6379058,6375148,3910
ENSG00000236549,47883909,47883455,454
ENSG00000218069,27781111,27780619,492
ENSG00000155324,126496494,126360132,136362
ENSG00000280460,144669313,144660404,8909
ENSG00000125652,6375250,6372794,2456
ENSG00000140987,3401065,3382081,18984
ENSG00000198739,67101551,66926036,175515
ENSG00000231680,64395831,64394342,1489
ENSG00000116062,47810101,47695530,114571
ENSG00000285598,145311092,145296545,14547
ENSG00000231492,64432670,64420391,12279
ENSG00000220515,73055857,73055097,760
ENSG00000181908,64451657,64449074,2583
ENSG00000219274,1329777,1329078,699
ENSG00000279671,25350073,25349841,232
ENSG00000146049,24358284,24356903,1381
ENSG00000229154,73143514,73134803,8711
ENSG00000274276,6468040,6444869,23171
ENSG00000237285,32326178,32325219,959
ENSG00000232500,64505386,64500853,4533
ENSG00000279531,25425599,25425412,187
ENSG00000248605,25445925,25404733,41192
ENSG00000225914,32407763,32254640,153123
ENSG00000237363,64532970,64531044,1926
ENSG00000273864,54721701,54716447,5254
ENSG00000185760,73198851,72621792,577059
ENSG00000285714,77422847,77417821,5026
ENSG00000273325,32285131,32284683,448
ENSG00000234626,32343105,32327171,15934
ENSG00000142609,2003837,1921951,81886
ENSG00000168065,64572875,64555626,17249
ENSG00000163576,19947025,19879472,67553
ENSG00000237071,28924807,28903816,20991
ENSG00000227278,40515057,40514461,596
ENSG00000235443,30057408,30051404,6004
ENSG00000204296,32371912,32288526,83386
ENSG00000249647,135248179,135236234,11945
ENSG00000109534,109824740,109815510,9230
ENSG00000276576,57029988,57029521,467
ENSG00000069011,135034813,135027734,7079
ENSG00000215252,34588503,34525207,63296
ENSG00000211692,38276318,38276259,59
ENSG00000211696,38330935,38330343,592
ENSG00000133818,14364506,14277922,86584
ENSG00000211691,38273647,38273587,60
ENSG00000126581,42833350,42810134,23216
ENSG00000211701,38368169,38367586,583
ENSG00000227514,113377227,113376669,558
ENSG00000272908,38329643,38326070,3573
ENSG00000211688,38256396,38256337,59
ENSG00000275722,35943713,35934518,9195
ENSG00000148344,129753042,129738331,14711
ENSG00000231202,38296233,38295763,470
ENSG00000249978,38335514,38335041,473
ENSG00000129473,23311759,23298790,12969
ENSG00000225992,38322730,38322446,284
ENSG00000231916,38311808,38311383,425
ENSG00000228668,38345499,38345030,469
ENSG00000211697,38350022,38349355,667
ENSG00000233306,38363518,38362864,654
ENSG00000227191,38249572,38239580,9992
ENSG00000205189,80526265,80485619,40646
ENSG00000211693,38292078,38291616,462
ENSG00000211695,38318861,38317017,1844
ENSG00000211698,38354517,38353715,802
ENSG00000211690,38269540,38269491,49
ENSG00000225978,63104386,63102205,2181
ENSG00000281103,38378804,38341577,37227
ENSG00000182175,93089204,93035273,53931
ENSG00000231133,63102371,63092256,10115
ENSG00000232953,19943310,19940269,3041
ENSG00000211694,38300322,38299811,511
ENSG00000211699,38359162,38358512,650
ENSG00000266998,77377236,77373818,3418
ENSG00000215271,23299447,23272422,27025
ENSG00000267263,77471045,77469068,1977
ENSG00000233103,42054836,42047883,6953
ENSG00000211687,38253429,38253380,49
ENSG00000279801,77447167,77444704,2463
ENSG00000263718,77281897,77257737,24160
ENSG00000228847,42099173,42098754,419
ENSG00000211689,38265678,38257879,7799
ENSG00000175595,13952345,13920157,32188
ENSG00000228780,42150744,42150511,233
ENSG00000267016,77472770,77469162,3608
ENSG00000265121,77264776,77264180,596
ENSG00000263177,3370906,3369957,949
ENSG00000226212,38340998,38340700,298
ENSG00000283737,42285925,42285130,795
ENSG00000231772,42699385,42252459,446926
ENSG00000167984,3577403,3539033,38370
ENSG00000262831,81843958,81843165,793
ENSG00000240131,23230116,23229961,155
ENSG00000260416,63129459,63127495,1964
ENSG00000233802,89933063,89924064,8999
ENSG00000215277,23273477,23185316,88161
ENSG00000231977,63180903,63166797,14106
ENSG00000217576,52291557,52167709,123848
ENSG00000102055,42778247,42777368,879
ENSG00000131242,31538211,31391675,146536
ENSG00000151812,57982194,57563922,418272
ENSG00000272281,52334277,52219344,114933
ENSG00000250980,152796831,152796063,768
ENSG00000149658,63216139,63195429,20710
ENSG00000269487,46732700,46728603,4097
ENSG00000254818,89949402,89944035,5367
ENSG00000258743,82706825,82642620,64205
ENSG00000105281,46788594,46774883,13711
ENSG00000278837,89954908,89954593,315
ENSG00000224120,30731566,30725496,6070
ENSG00000223418,11705590,11704123,1467
ENSG00000282840,11757718,11668401,89317
ENSG00000259032,82693055,82692704,351
ENSG00000196204,5040675,4973988,66687
ENSG00000112425,145736023,145382535,353488
ENSG00000255360,89957165,89955146,2019
ENSG00000229301,63359306,63354457,4849
ENSG00000251867,80486699,80484561,2138
ENSG00000273552,27680566,27667540,13026
ENSG00000258683,82796221,82788478,7743
ENSG00000226703,27697204,27696393,811
ENSG00000236284,63368156,63367427,729
ENSG00000258600,83018144,83017106,1038
ENSG00000258856,57631162,57629841,1321
ENSG00000242307,13922679,13922332,347
ENSG00000186184,27744237,27620742,123495
ENSG00000270280,43000396,43000174,222
ENSG00000230361,63378233,63377329,904
ENSG00000259039,57600404,57578409,21995
ENSG00000262732,13935635,13930677,4958
ENSG00000230601,114682066,114666434,15632
ENSG00000258426,83039602,83018201,21401
ENSG00000224294,43226598,43176994,49604
ENSG00000230600,63385789,63380466,5323
ENSG00000258549,83805640,83805496,144
ENSG00000258532,83915050,83906872,8178
ENSG00000230284,114696315,114695922,393
ENSG00000232817,63393657,63388808,4849
ENSG00000223798,29999232,29998237,995
ENSG00000274919,114775120,114774737,383
ENSG00000285826,84140544,83986776,153768
ENSG00000270531,11529755,11529488,267
ENSG00000187871,55402493,55327469,75024
ENSG00000164111,121696995,121667946,29049
ENSG00000229215,30002076,29881755,120321
ENSG00000235194,23302848,23295643,7205
ENSG00000235240,11488473,11488300,173
ENSG00000271716,11610748,11607184,3564
ENSG00000224960,27463341,27460211,3130
ENSG00000143952,64019428,63892146,127282
ENSG00000259892,34556820,34555870,950
ENSG00000223889,63394109,63393749,360
ENSG00000213113,198120778,198119721,1057
ENSG00000234467,63398957,63398046,911
ENSG00000227305,63422046,63393788,28258
ENSG00000160471,55354719,55349306,5413
ENSG00000268181,63399250,63396341,2909
ENSG00000227426,63402271,63401385,886
ENSG00000181634,114806039,114784652,21387
ENSG00000234387,63395439,63394277,1162
ENSG00000224368,63405400,63404842,558
ENSG00000215004,29088599,29087396,1203
ENSG00000079313,1848483,1815248,33235
ENSG00000258762,84173606,84172841,765
ENSG00000258611,93066606,93065586,1020
ENSG00000163512,28349050,28315003,34047
ENSG00000176563,42811587,42798792,12795
ENSG00000227429,31542189,31540726,1463
ENSG00000277377,94392703,94378757,13946
ENSG00000233909,129791837,129791196,641
ENSG00000231841,152928207,152927446,761
ENSG00000229817,114848585,114845594,2991
ENSG00000228590,60439828,60336446,103382
ENSG00000243406,52194465,52167709,26756
ENSG00000173915,103396492,103389041,7451
ENSG00000169398,141002216,140657900,344316
ENSG00000258923,84175510,84173791,1719
ENSG00000187134,4983283,4963253,20030
ENSG00000206341,29890482,29887752,2730
ENSG00000255035,17436181,17435672,509
ENSG00000137460,152979696,152936352,43344
ENSG00000228078,29934286,29934101,185
ENSG00000270433,23295798,23293852,1946
ENSG00000232757,30033003,30031713,1290
ENSG00000285323,52171248,52169987,1261
ENSG00000100836,23326185,23321289,4896
ENSG00000285160,52168321,52167954,367
ENSG00000238024,29993605,29993209,396
ENSG00000224443,47705979,47705468,511
ENSG00000229390,29972464,29970801,1663
ENSG00000213888,31348719,31346777,1942
ENSG00000224058,47732035,47731402,633
ENSG00000066379,30064909,30058899,6010
ENSG00000233230,47907810,47905678,2132
ENSG00000231377,30751521,30731576,19945
ENSG00000006071,17476879,17392498,84381
ENSG00000131467,42843758,42824385,19373
ENSG00000168116,57055239,57046532,8707
ENSG00000138081,47905793,47789316,116477
ENSG00000259012,84177088,84176419,669
ENSG00000144566,19985175,19947097,38078
ENSG00000167981,3443504,3432414,11090
ENSG00000272968,5073221,4983718,89503
ENSG00000197990,63456687,63449819,6868
ENSG00000278977,31533938,31533171,767
ENSG00000258506,84951373,84951274,99
ENSG00000180043,55363260,55354908,8352
ENSG00000230132,63480989,63480598,391
ENSG00000271712,84999296,84998278,1018
ENSG00000249022,153091165,153034211,56954
ENSG00000262118,3369246,3367719,1527
ENSG00000259044,85239474,85202849,36625
ENSG00000034239,48735311,48710789,24522
ENSG00000232196,3372740,3370979,1761
ENSG00000164740,63502536,63495799,6737
ENSG00000262312,3545785,3542739,3046
ENSG00000258814,85388765,85387275,1490
ENSG00000146587,5069487,5045821,23666
ENSG00000234025,73158139,73157517,622
ENSG00000267244,1824542,1822089,2453
ENSG00000179913,17813082,17794828,18254
ENSG00000259107,85420074,85393879,26195
ENSG00000285844,72622073,72614386,7687
ENSG00000267706,55359516,55352301,7215
ENSG00000232422,72987750,72986313,1437
ENSG00000236461,115138409,115119539,18870
ENSG00000258902,85516934,85362457,154477
ENSG00000233844,72678558,72630495,48063
ENSG00000234692,115254251,115252538,1713
ENSG00000267007,1815873,1815249,624
ENSG00000228645,63510165,63509303,862
ENSG00000106952,114930595,114893343,37252
ENSG00000072778,7225266,7217125,8141
ENSG00000214660,63562588,63556598,5990
ENSG00000278788,1156979,1107635,49344
ENSG00000219240,89887848,89886156,1692
ENSG00000275095,35981528,35976525,5003
ENSG00000258945,85529386,85528599,787
ENSG00000258400,49708792,49707667,1125
ENSG00000205562,85529988,85524432,5556
ENSG00000275328,5037831,5031608,6223
ENSG00000197776,49753150,49693105,60045
ENSG00000223566,63585075,63567743,17332
ENSG00000255571,89398487,89361579,36908
ENSG00000277361,28099370,27871154,228216
ENSG00000270822,5009328,5009164,164
ENSG00000273313,5073223,5072125,1098
ENSG00000090372,46746994,46719511,27483
ENSG00000185070,85654428,85530144,124284
ENSG00000217612,145492092,145489630,2462
ENSG00000148835,103389065,103367976,21089
ENSG00000228714,115744330,115324932,419398
ENSG00000270638,145737218,145735570,1648
ENSG00000270828,145737173,145736911,262
ENSG00000173077,115402644,114850968,551676
ENSG00000258643,23325369,23306835,18534
ENSG00000224140,32088915,32085057,3858
ENSG00000230697,20008247,20007852,395
ENSG00000183977,20012330,19979961,32369
ENSG00000276293,38800126,38765689,34437
ENSG00000226401,63636617,63632608,4009
ENSG00000226411,63700441,63699390,1051
ENSG00000237206,43279658,43278125,1533
ENSG00000231750,43408559,43407665,894
ENSG00000188266,78537372,78507564,29808
ENSG00000285899,43438657,43279560,159097
ENSG00000223391,27517881,27517771,110
ENSG00000271466,63771047,63768257,2790
ENSG00000055917,20352234,20248691,103543
ENSG00000286093,56299873,56291601,8272
ENSG00000273821,63218502,63218041,461
ENSG00000109265,56328625,56049073,279552
ENSG00000041982,115118257,115019575,98682
ENSG00000261011,87009905,87001636,8269
ENSG00000176428,73672112,73667831,4281
ENSG00000272508,87024732,86993432,31300
ENSG00000099795,14572066,14566078,5988
ENSG00000269814,48513660,48513207,453
ENSG00000142235,48513935,48485271,28664
ENSG00000173269,86969481,86935540,33941
ENSG00000256862,3910338,3871584,38754
ENSG00000258798,91421176,91418266,2910
ENSG00000118976,3842525,3839459,3066
ENSG00000258446,91419751,91419449,302
ENSG00000109654,153339317,153152342,186975
ENSG00000236471,15067837,15067070,767
ENSG00000251162,164597976,164597719,257
ENSG00000111224,3873448,3791047,82401
ENSG00000229142,29828364,29827385,979
ENSG00000224312,29995314,29994437,877
ENSG00000173432,18269977,18266260,3717
ENSG00000204623,30061640,30001011,60629
ENSG00000260176,2645214,2644084,1130
ENSG00000136936,97697357,97674909,22448
ENSG00000276196,54744341,54732699,11642
ENSG00000101197,63240495,63235883,4612
ENSG00000270652,36944125,36943267,858
ENSG00000224790,36975164,36966492,8672
ENSG00000248752,126368755,125400095,968660
ENSG00000165410,34714823,34706769,8054
ENSG00000250194,125074980,125074665,315
ENSG00000159267,36990236,36750888,239348
ENSG00000188100,87024730,87020294,4436
ENSG00000282545,27896582,27895704,878
ENSG00000224124,24658765,24657481,1284
ENSG00000185697,66614247,66562175,52072
ENSG00000280082,15346738,15346652,86
ENSG00000148671,86983934,86968192,15742
ENSG00000166401,64019779,63969925,49854
ENSG00000267796,35754519,35748361,6158
ENSG00000224524,15490767,15490530,237
ENSG00000272400,64847728,64847386,342
ENSG00000229425,15627342,15370500,256842
ENSG00000213606,67751225,67750284,941
ENSG00000225922,67794245,67793770,475
ENSG00000215606,141471902,141470634,1268
ENSG00000229969,87015782,87009785,5997
ENSG00000088002,48599425,48552075,47350
ENSG00000273413,86970826,86970237,589
ENSG00000089327,35169883,35154730,15153
ENSG00000240089,87000435,86992253,8182
ENSG00000173267,86963258,86958599,4659
ENSG00000137332,30890046,30870863,19183
ENSG00000224247,15496124,15493932,2192
ENSG00000267439,35753415,35747057,6358
ENSG00000179820,53876435,53864763,11672
ENSG00000205155,35747519,35745600,1919
ENSG00000236130,97853080,97699625,153455
ENSG00000226216,29391218,29390848,370
ENSG00000230795,29929232,29926459,2773
ENSG00000248162,164726706,164725310,1396
ENSG00000231130,29897786,29896654,1132
ENSG00000133083,36131306,35768652,362654
ENSG00000204625,29978410,29975112,3298
ENSG00000260677,97744935,97743208,1727
ENSG00000181035,19112888,19063999,48889
ENSG00000214417,97700734,97698922,1812
ENSG00000233677,29906909,29906543,366
ENSG00000285799,29885615,29849550,36065
ENSG00000144642,30010391,28574791,1435600
ENSG00000236246,198123232,198121479,1753
ENSG00000231909,19464524,19460926,3598
ENSG00000151303,87010203,86992406,17797
ENSG00000260565,2673444,2660349,13095
ENSG00000188223,35754519,35745678,8841
ENSG00000272734,86971311,86965345,5966
ENSG00000250324,56321334,56320719,615
ENSG00000281974,86949875,86948677,1198
ENSG00000110723,108593768,108505435,88333
ENSG00000271880,87010126,86970741,39385
ENSG00000279373,78538946,78537681,1265
ENSG00000136816,129811281,129803157,8124
ENSG00000258722,21113472,21110295,3177
ENSG00000172239,43557758,43526267,31491
ENSG00000173442,65592650,65576046,16604
ENSG00000178107,21116703,21108043,8660
ENSG00000169327,21159060,21148370,10690
ENSG00000214141,37779418,37776670,2748
ENSG00000157227,22849027,22836560,12467
ENSG00000282521,36001656,35983688,17968
ENSG00000259102,21163743,21162513,1230
ENSG00000267040,57669296,57630302,38994
ENSG00000279869,25716715,25716271,444
ENSG00000258906,21184959,21184341,618
ENSG00000243877,79958142,79957566,576
ENSG00000270789,32461809,32461666,143
ENSG00000271389,80164795,80163327,1468
ENSG00000267787,57738603,57639455,99148
ENSG00000251593,25911234,25909503,1731
ENSG00000161654,44067619,44034635,32984
ENSG00000239699,80217234,80216261,973
ENSG00000242586,80442305,80442081,224
ENSG00000213406,153308717,153307792,925
ENSG00000249099,26399819,26382519,17300
ENSG00000237646,36806284,36803984,2300
ENSG00000242828,80788963,80761042,27921
ENSG00000261375,32491586,32489267,2319
ENSG00000235369,47798091,47797826,265
ENSG00000281283,46497453,46495985,1468
ENSG00000258733,86129778,85934710,195068
ENSG00000242781,80789354,80764897,24457
ENSG00000286204,26484711,26473505,11206
ENSG00000281144,46520589,46518953,1636
ENSG00000081923,57803315,57646426,156889
ENSG00000230571,26669736,26669346,390
ENSG00000248426,26669989,26669711,278
ENSG00000281487,46708058,46706769,1289
ENSG00000258912,86062960,86014686,48274
ENSG00000254912,32500346,32494003,6343
ENSG00000281336,46770900,46769907,993
ENSG00000282588,36011654,36009598,2056
ENSG00000197891,64602353,64590641,11712
ENSG00000281922,46785913,46784842,1071
ENSG00000136827,129824244,129812942,11302
ENSG00000250703,26670481,26670334,147
ENSG00000282446,35990302,35983688,6614
ENSG00000227397,63790098,63789909,189
ENSG00000281797,46804933,46799540,5393
ENSG00000249616,26741183,26739753,1430
ENSG00000236574,63843505,63843314,191
ENSG00000251033,26749997,26711551,38446
ENSG00000225451,63877350,63876341,1009
ENSG00000277236,35987036,35983323,3713
ENSG00000248099,17821574,17816512,5062
ENSG00000232220,53876049,53874626,1423
ENSG00000228323,53869107,53854581,14526
ENSG00000223478,128733194,128724445,8749
ENSG00000106089,73719672,73699206,20466
ENSG00000160445,128772414,128729786,42628
ENSG00000238247,27519759,27517884,1875
ENSG00000221887,63981774,63949301,32473
ENSG00000156928,23311729,23298739,12990
ENSG00000184708,31496108,31436977,59131
ENSG00000240230,975549,898778,76771
ENSG00000243694,81095647,80993868,101779
ENSG00000283667,63970181,63966406,3775
ENSG00000136247,6589374,6577434,11940
ENSG00000242145,81208914,81208193,721
ENSG00000285663,93179999,93177269,2730
ENSG00000280076,93208048,93206066,1982
ENSG00000232627,23365976,23365618,358
ENSG00000241593,81297345,81246579,50766
ENSG00000154760,35448837,35435096,13741
ENSG00000136231,23470491,23310209,160282
ENSG00000275528,36002080,35996472,5608
ENSG00000285948,32641615,32624106,17509
ENSG00000232653,32607310,32593456,13854
ENSG00000275949,46875243,46812294,62949
ENSG00000183876,150339307,150296343,42964
ENSG00000119950,110287365,110207605,79760
ENSG00000225506,47179271,47096653,82618
ENSG00000225514,47165920,47164510,1410
ENSG00000258888,93260475,93257198,3277
ENSG00000254655,89960624,89960422,202
ENSG00000224805,47180339,47179250,1089
ENSG00000204450,89974072,89968502,5570
ENSG00000162365,47149735,47137435,12300
ENSG00000105963,955407,897900,57507
ENSG00000105419,47419523,47403124,16399
ENSG00000168884,2756376,2741648,14728
ENSG00000230354,32090230,32089713,517
ENSG00000126107,45011324,45002540,8784
ENSG00000255305,89980661,89978540,2121
ENSG00000276724,32584312,32583612,700
ENSG00000261064,32587613,32536047,51566
ENSG00000237141,67834081,67833763,318
ENSG00000237706,89989559,89981441,8118
ENSG00000108176,67838188,67796669,41519
ENSG00000262728,32615158,32586105,29053
ENSG00000225581,89999741,89993536,6205
ENSG00000141665,74147865,74073353,74512
ENSG00000275621,46851260,46805899,45361
ENSG00000223509,32536926,32519848,17078
ENSG00000198826,32639941,32615144,24797
ENSG00000275594,39284943,39106990,177953
ENSG00000223692,46469306,46462471,6835
ENSG00000258971,93301647,93301416,231
ENSG00000227746,32111862,32091205,20657
ENSG00000244281,81368021,81366990,1031
ENSG00000160305,46570015,46458891,111124
ENSG00000253776,104799772,104773641,26131
ENSG00000257060,93569483,93312557,256926
ENSG00000232159,105100098,105099473,625
ENSG00000253584,105246364,104917492,328872
ENSG00000274410,54761251,54746721,14530
ENSG00000278958,104435499,104434772,727
ENSG00000251574,105392970,104383298,1009672
ENSG00000258909,93422576,93416850,5726
ENSG00000258787,93431217,93430659,558
ENSG00000271974,64906018,64905883,135
ENSG00000176809,64919480,64854312,65168
ENSG00000281693,46858400,46854433,3967
ENSG00000159167,23854806,23841929,12877
ENSG00000227256,32280988,32277863,3125
ENSG00000186831,18431848,18426861,4987
ENSG00000159055,32279049,32268228,10821
ENSG00000274995,66741151,66740445,706
ENSG00000114480,81761645,81489703,271942
ENSG00000137834,66782849,66702236,80613
ENSG00000273559,38825355,38800441,24914
ENSG00000273931,54856485,54840878,15607
ENSG00000187912,14611157,14583084,28073
ENSG00000274232,54822719,54811737,10982
ENSG00000130818,9538645,9523223,15422
ENSG00000099246,27542237,27504174,38063
ENSG00000126088,45015575,45010950,4625
ENSG00000186160,47118318,47067231,51087
ENSG00000164393,47697797,47656436,41361
ENSG00000246528,69854971,69834111,20860
ENSG00000137571,69834978,69667046,167932
ENSG00000273736,35965472,35963488,1984
ENSG00000241319,81612805,81612238,567
ENSG00000225154,47075979,47074778,1201
ENSG00000240404,81613075,81612790,285
ENSG00000236438,198222513,198153287,69226
ENSG00000275152,35981497,35976493,5004
ENSG00000253891,24177080,24169957,7123
ENSG00000153294,47722021,47685864,36157
ENSG00000278611,9539734,9538733,1001
ENSG00000225482,48293417,48292699,718
ENSG00000250132,991190,974133,17057
ENSG00000258441,21206900,21200079,6821
ENSG00000197961,9584533,9560353,24180
ENSG00000189186,27748821,27590382,158439
ENSG00000232581,6588974,6578565,10409
ENSG00000226130,14729686,14725729,3957
ENSG00000205325,14780203,14767583,12620
ENSG00000266644,64900716,64899766,950
ENSG00000249028,1391502,1380060,11442
ENSG00000272134,64881181,64881091,90
ENSG00000238212,14900554,14834638,65916
ENSG00000272220,64892845,64892728,117
ENSG00000255074,14441677,14440787,890
ENSG00000265218,64910180,64892729,17451
ENSG00000002016,990053,912077,77976
ENSG00000071462,73705161,73683025,22136
ENSG00000118762,88077777,88007635,70142
ENSG00000162458,15786594,15756607,29987
ENSG00000278503,54792334,54778013,14321
ENSG00000274036,54838980,54824676,14304
ENSG00000136819,129835863,129827290,8573
ENSG00000088826,4187747,4120980,66767
ENSG00000271659,95514520,95514045,475
ENSG00000242036,167956616,167956311,305
ENSG00000258454,76263474,76235817,27657
ENSG00000114735,50596168,50569152,27016
ENSG00000145740,69131069,69093949,37120
ENSG00000089916,76254342,76151916,102426
ENSG00000185920,95517057,95442980,74077
ENSG00000275719,46789043,46787815,1228
ENSG00000259186,73483943,73483196,747
ENSG00000128872,51816363,51751597,64766
ENSG00000156642,73634134,73560014,74120
ENSG00000181027,46776988,46746046,30942
ENSG00000142188,33479974,33432485,47489
ENSG00000242255,52564231,52564076,155
ENSG00000268886,52585561,52575883,9678
ENSG00000198482,52564464,52527652,36812
ENSG00000233109,48914380,48913916,464
ENSG00000271113,69794734,69794062,672
ENSG00000254557,69719722,69713390,6332
ENSG00000112667,43229484,43225629,3855
ENSG00000227416,37782885,37782457,428
ENSG00000244952,32615111,32613733,1378
ENSG00000229169,31538589,31538352,237
ENSG00000233728,37800879,37799720,1159
ENSG00000233733,31521592,31521199,393
ENSG00000185090,37801137,37793802,7335
ENSG00000113100,27121150,26880597,240553
ENSG00000272834,40415445,40415003,442
ENSG00000198089,31618586,31488688,129898
ENSG00000227413,40433641,40433136,505
ENSG00000136878,129881838,129834698,47140
ENSG00000172912,40569895,40569286,609
ENSG00000229999,40388290,40372664,15626
ENSG00000232564,40526707,40521800,4907
ENSG00000230071,40588003,40586700,1303
ENSG00000114353,50259362,50226292,33070
ENSG00000167562,52587174,52555457,31717
ENSG00000100359,40410289,40370591,39698
ENSG00000229593,25081689,25079901,1788
ENSG00000227795,29797825,29797652,173
ENSG00000084710,25159135,25042076,117059
ENSG00000187118,28325142,28241584,83558
ENSG00000178919,97856715,97853254,3461
ENSG00000088543,50571027,50558025,13002
ENSG00000259969,57994525,57993545,980
ENSG00000226298,15696581,15694300,2281
ENSG00000235697,29901025,29900659,366
ENSG00000233964,29923320,29920543,2777
ENSG00000235144,29950690,29948716,1974
ENSG00000019549,48921740,48917598,4142
ENSG00000235809,29985724,29985328,396
ENSG00000231287,29921057,29920067,990
ENSG00000237634,28941061,28940401,660
ENSG00000236598,30054145,29993130,61015
ENSG00000276503,54775570,54763222,12348
ENSG00000276041,54798517,54794554,3963
ENSG00000104941,45815308,45795713,19595
ENSG00000169220,177372596,177357924,14672
ENSG00000281804,21260147,21250180,9967
ENSG00000276042,54600251,54592642,7609
ENSG00000274240,21295183,21293635,1548
ENSG00000283629,76152627,76131707,20920
ENSG00000258671,39212255,39211781,474
ENSG00000281836,21325353,21298216,27137
ENSG00000230304,198226310,198223497,2813
ENSG00000241203,167959082,167958744,338
ENSG00000259377,51756475,51752485,3990
ENSG00000278546,31560573,31560132,441
ENSG00000270503,39216335,39215065,1270
ENSG00000281263,21344014,21342227,1787
ENSG00000140280,51751585,51723011,28574
ENSG00000281507,21343937,21328492,15445
ENSG00000177689,27823014,27807990,15024
ENSG00000261304,34655764,34651135,4629
ENSG00000229731,27812902,27811885,1017
ENSG00000281208,21345142,21344605,537
ENSG00000226008,198228376,198228194,182
ENSG00000281803,21370717,21368518,2199
ENSG00000226199,27833204,27832175,1029
ENSG00000136932,97922570,97904489,18081
ENSG00000159128,33479348,33402896,76452
ENSG00000232834,27847939,27847588,351
ENSG00000159248,34754998,34751032,3966
ENSG00000072818,7351477,7336529,14948
ENSG00000260303,146056762,146052604,4158
ENSG00000228345,27855353,27854323,1030
ENSG00000256969,4026658,4020977,5681
ENSG00000197324,22881713,22871740,9973
ENSG00000230480,28448073,28447725,348
ENSG00000235593,29934156,29926811,7345
ENSG00000233243,27864349,27863893,456
ENSG00000203506,29642809,29526251,116558
ENSG00000281183,73569294,73567012,2282
ENSG00000281718,21384148,21383905,243
ENSG00000281153,21382926,21382467,459
ENSG00000274439,21387280,21372682,14598
ENSG00000183324,73560013,73443164,116849
ENSG00000248809,146121913,146077717,44196
ENSG00000235904,29290726,29264194,26532
ENSG00000248664,69136394,69113112,23282
ENSG00000139971,58298139,57999735,298404
ENSG00000234048,28428444,28427963,481
ENSG00000206559,28538122,28348721,189401
ENSG00000125967,33674463,33657087,17376
ENSG00000226156,14948198,14947741,457
ENSG00000232058,15052276,15014805,37471
ENSG00000259944,15031957,15030975,982
ENSG00000265163,15106187,15105237,950
ENSG00000224589,27894059,27893348,711
ENSG00000256356,4099519,4097451,2068
ENSG00000261542,63218034,63215981,2053
ENSG00000227198,31660721,31658329,2392
ENSG00000227420,30616238,30607552,8686
ENSG00000280184,145791973,145789270,2703
ENSG00000204439,31660772,31658298,2474
ENSG00000260714,25021023,25015978,5045
ENSG00000226372,27981449,27977993,3456
ENSG00000215734,36995075,36994643,432
ENSG00000242444,4118132,4109661,8471
ENSG00000185700,6473630,6470773,2857
ENSG00000128335,36239954,36226209,13745
ENSG00000243023,58141660,58141279,381
ENSG00000262587,25058109,25031744,26365
ENSG00000279812,7192448,7192295,153
ENSG00000258836,58101574,58100985,589
ENSG00000223742,28586395,28571532,14863
ENSG00000237403,30148830,30145206,3624
ENSG00000278301,19373490,19371822,1668
ENSG00000131966,58235636,58200080,35556
ENSG00000262155,25068943,25066937,2006
ENSG00000274827,19384587,19344578,40009
ENSG00000236993,55668350,55667341,1009
ENSG00000132535,7219841,7187169,32672
ENSG00000105639,17848071,17824780,23291
ENSG00000280609,2569888,2566410,3478
ENSG00000282003,112488558,112468853,19705
ENSG00000224806,24686679,24686168,511
ENSG00000255458,39666879,39639125,27754
ENSG00000281740,2584534,2581560,2974
ENSG00000068745,48740353,48688003,52350
ENSG00000224334,24688087,24686923,1164
ENSG00000282012,24696003,24691122,4881
ENSG00000237601,24703503,24703348,155
ENSG00000277410,25885751,25885419,332
ENSG00000225540,32112702,32109173,3529
ENSG00000282071,36012927,36012540,387
ENSG00000182351,24712520,24712292,228
ENSG00000187537,19434341,19402486,31855
ENSG00000118971,4305353,4273762,31591
ENSG00000283563,29767537,28349178,1418359
ENSG00000276114,36018001,36013092,4909
ENSG00000137462,153705702,153684070,21632
ENSG00000129911,1863579,1852399,11180
ENSG00000230995,30608455,30590243,18212
ENSG00000232158,19705655,19705338,317
ENSG00000155886,19786928,19507452,279476
ENSG00000267141,1862019,1860250,1769
ENSG00000205853,32382052,32359906,22146
ENSG00000267125,1853622,1852382,1240
ENSG00000099968,17730855,17628855,102000
ENSG00000213970,4324811,4323724,1087
ENSG00000179772,31845619,31844301,1318
ENSG00000138166,110511533,110497907,13626
ENSG00000118972,4379728,4368227,11501
ENSG00000282698,39158701,39157538,1163
ENSG00000112337,25930726,25912754,17972
ENSG00000230332,30154384,30148763,5621
ENSG00000279901,2684764,2683106,1658
ENSG00000167977,2709030,2682523,26507
ENSG00000241954,32385631,32383786,1845
ENSG00000285901,4405490,4273762,131728
ENSG00000101266,543835,472498,71337
ENSG00000276888,19425017,19420975,4042
ENSG00000243519,32377135,32376682,453
ENSG00000078237,4360028,4307763,52265
ENSG00000239900,40390463,40346500,43963
ENSG00000183844,41357431,41304212,53219
ENSG00000271093,32356988,32356676,312
ENSG00000128276,32361161,32354885,6276
ENSG00000148153,112718149,112683926,34223
ENSG00000114520,125520202,125446650,73552
ENSG00000244535,32758614,32758268,346
ENSG00000186714,32794658,32602246,192412
ENSG00000232896,110605219,110599475,5744
ENSG00000230736,32384343,32376664,7679
ENSG00000255920,4276184,4248765,27419
ENSG00000271105,25070109,25069570,539
ENSG00000263326,25072727,25071490,1237
ENSG00000243824,34740833,34740336,497
ENSG00000224987,107985690,107985089,601
ENSG00000260448,25111555,25085592,25963
ENSG00000162344,69704022,69698238,5784
ENSG00000204516,31511124,31494881,16243
ENSG00000170262,32314784,32291813,22971
ENSG00000267328,35755490,35754566,924
ENSG00000004776,35758079,35754566,3513
ENSG00000275494,25107102,25106569,533
ENSG00000272927,661945,661209,736
ENSG00000204435,31670343,31665236,5107
ENSG00000262700,25095255,25093387,1868
ENSG00000284060,21009453,21002895,6558
ENSG00000242686,656213,652850,3363
ENSG00000284130,21014217,21011384,2833
ENSG00000184436,21002196,20999104,3092
ENSG00000152207,48711226,48653711,57515
ENSG00000133256,670782,625584,45198
ENSG00000231112,107986031,107985811,220
ENSG00000101158,58995133,58981208,13925
ENSG00000169306,29956723,28587399,1369324
ENSG00000225093,108005568,108004357,1211
ENSG00000271734,108030718,108030249,469
ENSG00000270903,32592771,32591793,978
ENSG00000232623,32308737,32306464,2273
ENSG00000149100,32606264,32583798,22466
ENSG00000142207,32393012,32311018,81994
ENSG00000225131,48771827,48771128,699
ENSG00000250007,34812923,34755084,57839
ENSG00000177202,48607714,48606742,972
ENSG00000112208,57189833,57172326,17507
ENSG00000120656,28643085,28589323,53762
ENSG00000159251,34795726,34788095,7631
ENSG00000227393,29369845,29369001,844
ENSG00000105523,48614854,48600810,14044
ENSG00000258754,94070820,93718542,352278
ENSG00000237994,28942568,28942050,518
ENSG00000275718,36001553,35996440,5113
ENSG00000226436,28659469,28659065,404
ENSG00000176410,73683453,73680969,2484
ENSG00000082805,1495933,990509,505424
ENSG00000285737,27594588,27564430,30158
ENSG00000186111,3700479,3630183,70296
ENSG00000272462,26001775,25992662,9113
ENSG00000164167,146200000,146175703,24297
ENSG00000112343,25991231,25962802,28429
ENSG00000226803,57174236,57114894,59342
ENSG00000248771,164803795,164754064,49731
ENSG00000249019,39714451,39713842,609
ENSG00000161149,21014292,21008193,6099
ENSG00000180610,39771371,39770081,1290
ENSG00000258476,93878356,93863109,15247
ENSG00000177465,73596496,73591706,4790
ENSG00000078140,39782792,39698109,84683
ENSG00000276409,35987004,35983288,3716
ENSG00000258785,93984150,93900701,83449
ENSG00000099957,21028830,21009808,19022
ENSG00000272558,25999167,25983812,15355
ENSG00000112200,57170305,57086844,83461
ENSG00000251555,131975952,131930031,45921
ENSG00000258831,93886743,93882082,4661
ENSG00000250170,141526121,141525133,988
ENSG00000181322,138329886,138261437,68449
ENSG00000258631,93760799,93589867,170932
ENSG00000249986,141600579,141600276,303
ENSG00000267232,1875992,1875016,976
ENSG00000249463,132028434,132027175,1259
ENSG00000259123,93852981,93837611,15370
ENSG00000155903,141615342,141487047,128295
ENSG00000261526,1876169,1874871,1298
ENSG00000211780,21769080,21768489,591
ENSG00000189221,43746824,43654907,91917
ENSG00000251598,132345621,131978485,367136
ENSG00000259724,94107938,93905405,202533
ENSG00000266677,18184753,18172625,12128
ENSG00000279845,146181316,146180851,465
ENSG00000188060,28595443,28592200,3243
ENSG00000258895,94034177,94033658,519
ENSG00000258627,93825159,93825058,101
ENSG00000108591,18107970,18087892,20078
ENSG00000166710,44718877,44711487,7390
ENSG00000256441,69738017,69737298,719
ENSG00000110318,102001058,101915015,86043
ENSG00000075388,69775341,69771022,4319
ENSG00000151632,5018031,4987400,30631
ENSG00000275083,54867200,54850406,16794
ENSG00000275688,36001621,35983656,17965
ENSG00000258519,58185507,58184576,931
ENSG00000257621,58298134,58265365,32769
ENSG00000186895,69819416,69809968,9448
ENSG00000215096,63409457,63409064,393
ENSG00000253894,63475482,63465849,9633
ENSG00000100991,35092807,35002404,90403
ENSG00000228768,31575659,31571142,4517
ENSG00000253205,63470205,63384839,85366
ENSG00000156509,100145817,100133351,12466
ENSG00000266877,31637543,31583162,54381
ENSG00000266448,31709859,31709568,291
ENSG00000265863,31761385,31759795,1590
ENSG00000275431,35990270,35983656,6614
ENSG00000280645,2636215,2632565,3650
ENSG00000275944,36011618,36001419,10199
ENSG00000267312,35460550,35459481,1069
ENSG00000112294,24537207,24494852,42355
ENSG00000282925,127590710,127588746,1964
ENSG00000146216,43288258,43243481,44777
ENSG00000275125,2591469,2586491,4978
ENSG00000187151,101916522,101890674,25848
ENSG00000175073,66667231,66628487,38744
ENSG00000279329,34677581,34675717,1864
ENSG00000286030,35522945,35522579,366
ENSG00000229711,50824525,50822692,1833
ENSG00000267554,35470628,35470069,559
ENSG00000267046,35491238,35490009,1229
ENSG00000205045,35522379,35464249,58130
ENSG00000172183,88656483,88636153,20330
ENSG00000148584,50885675,50799409,86266
ENSG00000257162,19489148,19485336,3812
ENSG00000267369,35499175,35498218,957
ENSG00000286065,35537861,35474904,62957
ENSG00000180189,58285363,58284773,590
ENSG00000226609,112750456,112748902,1554
ENSG00000279636,58289158,58288033,1125
ENSG00000267074,35510270,35499690,10580
ENSG00000255987,35515186,35514766,420
ENSG00000100567,58272012,58244843,27169
ENSG00000267349,35478444,35477994,450
ENSG00000226594,47740741,47729827,10914
ENSG00000075336,74160531,74148523,12008
ENSG00000253583,63589408,63586000,3408
ENSG00000224251,4997380,4995488,1892
ENSG00000075891,100829941,100735603,94338
ENSG00000131183,177398848,177379235,19613
ENSG00000168333,49076090,49054311,21779
ENSG00000131044,31944963,31870702,74261
ENSG00000225174,108159392,108123515,35877
ENSG00000223918,110727679,110727456,223
ENSG00000030304,110801620,110668771,132849
ENSG00000081087,108165854,108041409,124445
ENSG00000272892,67850746,67849525,1221
ENSG00000219932,67874911,67874332,579
ENSG00000248329,164898965,164877178,21787
ENSG00000147669,100154003,100150623,3380
ENSG00000153721,154510685,154387515,123170
ENSG00000240053,31673776,31670167,3609
ENSG00000114098,138298389,138187248,111141
ENSG00000263020,31673546,31666102,7444
ENSG00000254380,85540511,85523899,16612
ENSG00000100796,91510554,91457611,52943
ENSG00000053501,17219829,17215346,4483
ENSG00000261433,10659082,10658542,540
ENSG00000242190,81764756,81762706,2050
ENSG00000242009,81922861,81840547,82314
ENSG00000078814,35002437,34975403,27034
ENSG00000239440,82463675,81986138,477537
ENSG00000235895,6496757,6492976,3781
ENSG00000204438,31666283,31661228,5055
ENSG00000249201,1178605,1173141,5464
ENSG00000241367,82320279,82319172,1107
ENSG00000064545,19138513,19119169,19344
ENSG00000254654,44978028,44973902,4126
ENSG00000263567,31769048,31762440,6608
ENSG00000101146,57379211,57351223,27988
ENSG00000265046,31831750,31830731,1019
ENSG00000125651,6393981,6379572,14409
ENSG00000136929,97944856,97926791,18065
ENSG00000254664,45235292,45215815,19477
ENSG00000019485,45235110,45095806,139304
ENSG00000124532,24426194,24402908,23286
ENSG00000254836,32053260,32052843,417
ENSG00000254584,32041318,32035981,5337
ENSG00000267304,3674295,3672582,1713
ENSG00000230513,21010342,21001886,8456
ENSG00000255252,32105091,32097143,7948
ENSG00000226872,21043969,21031357,12612
ENSG00000206145,21045017,21035243,9774
ENSG00000099960,21032840,21028718,4122
ENSG00000135355,89921760,89894469,27291
ENSG00000113851,3179727,3144628,35099
ENSG00000275571,2801699,2635571,166128
ENSG00000241095,82808021,82806515,1506
ENSG00000171720,141636849,141620876,15973
ENSG00000233505,28966988,28965658,1330
ENSG00000263312,3981899,3977103,4796
ENSG00000105186,32676597,32597006,79591
ENSG00000102531,49209779,48975912,233867
ENSG00000277131,2632987,2590639,42348
ENSG00000239940,28985128,28983392,1736
ENSG00000141349,44076344,44070735,5609
ENSG00000227380,28984076,28982795,1281
ENSG00000250337,27496404,27217714,278690
ENSG00000280604,45919483,45914296,5187
ENSG00000235569,31751987,31730217,21770
ENSG00000205424,45836419,45827961,8458
ENSG00000224333,32403115,32402109,1006
ENSG00000145428,153760235,153710125,50110
ENSG00000183570,45942454,45643694,298760
ENSG00000088356,31952046,31944337,7709
ENSG00000270850,32422319,32421979,340
ENSG00000248799,127664029,127651693,12336
ENSG00000229259,32426789,32423214,3575
ENSG00000205279,127658630,127649044,9586
ENSG00000248490,27436411,27412613,23798
ENSG00000205669,73619888,73610945,8943
ENSG00000223687,29001915,28991375,10540
ENSG00000096717,67918390,67884656,33734
ENSG00000258972,73632019,73631475,544
ENSG00000149599,31870747,31847637,23110
ENSG00000258603,73633941,73616700,17241
ENSG00000251051,132368479,132367786,693
ENSG00000248369,132447235,132435802,11433
ENSG00000251398,132678503,132591089,87414
ENSG00000249038,132592536,132592084,452
ENSG00000148158,112881671,112750760,130911
ENSG00000251488,132981677,132836772,144905
ENSG00000169840,27794768,27792643,2125
ENSG00000249513,132988677,132985510,3167
ENSG00000112210,57222307,57186992,35315
ENSG00000250241,133149116,133075311,73805
ENSG00000105404,41959321,41956681,2640
ENSG00000247381,27917298,27819376,97922
ENSG00000213600,50239984,50239618,366
ENSG00000254553,32600792,32465057,135735
ENSG00000216616,47753240,47752828,412
ENSG00000139515,27926313,27920000,6313
ENSG00000273274,32496686,32465072,31614
ENSG00000248735,133126063,133124104,1959
ENSG00000238289,31587478,31574447,13031
ENSG00000279138,104480783,104478539,2244
ENSG00000253231,64332152,64331927,225
ENSG00000253734,63785501,63769430,16071
ENSG00000259704,90841378,90839724,1654
ENSG00000249309,153727722,153720327,7395
ENSG00000253762,63751677,63704756,46921
ENSG00000271631,112885767,112885158,609
ENSG00000176261,32650903,32600172,50731
ENSG00000227626,29024213,29023286,927
ENSG00000138650,133208606,133149294,59312
ENSG00000253554,64368558,63687179,681379
ENSG00000119457,112890876,112878920,11956
ENSG00000233518,110550854,110550115,739
ENSG00000250079,28214559,28213359,1200
ENSG00000134057,69178245,69167135,11110
ENSG00000234338,64836882,64835280,1602
ENSG00000253454,104566429,104566086,343
ENSG00000234101,29041847,29040820,1027
ENSG00000147650,104589024,104489231,99793
ENSG00000249785,28287777,28285964,1813
ENSG00000258407,88015611,88010787,4824
ENSG00000140030,88014811,88005135,9676
ENSG00000267035,35540797,35540039,758
ENSG00000225838,29069201,29068429,772
ENSG00000180389,27945415,27945260,155
ENSG00000149609,33665619,33662327,3292
ENSG00000182722,64853354,64852397,957
ENSG00000240591,31464204,31454251,9953
ENSG00000213640,64864370,64862999,1371
ENSG00000250453,28809249,28782678,26571
ENSG00000269444,6390400,6386762,3638
ENSG00000270495,28809255,28808538,717
ENSG00000214347,6412404,6393794,18610
ENSG00000124818,47832780,47781982,50798
ENSG00000226657,29073773,29073178,595
ENSG00000258867,88097619,88024550,73069
ENSG00000241878,31662432,31618491,43941
ENSG00000269378,14622242,14621634,608
ENSG00000176095,49786542,49724294,62248
ENSG00000233180,29083976,29082970,1006
ENSG00000271035,28898274,28897785,489
ENSG00000182584,33668525,33666943,1582
ENSG00000260704,27955370,27953526,1844
ENSG00000256851,31516211,31515979,232
ENSG00000127507,14778560,14732392,46168
ENSG00000226400,28927284,28927029,255
ENSG00000162685,28927023,28926816,207
ENSG00000258682,58269681,58264662,5019
ENSG00000277878,28927459,28927298,161
ENSG00000105409,41997497,41966582,30915
ENSG00000183145,37019662,37006150,13512
ENSG00000234804,29098546,29097608,938
ENSG00000232178,29109493,29108558,935
ENSG00000112293,24495205,24424565,70640
ENSG00000258826,88036319,88018605,17714
ENSG00000173905,168095975,168008677,87298
ENSG00000119906,100965134,100912963,52171
ENSG00000165556,27971139,27962137,9002
ENSG00000275489,38841455,38835088,6367
ENSG00000149257,75572783,75562056,10727
ENSG00000244730,49775614,49775285,329
ENSG00000239576,49758656,49758483,173
ENSG00000264057,64934203,64927634,6569
ENSG00000251032,127787042,127784618,2424
ENSG00000245667,6544931,6543504,1427
ENSG00000151892,116273467,116056925,216542
ENSG00000245937,128083172,127940426,142746
ENSG00000173338,65595996,65592855,3141
ENSG00000010295,6556083,6538375,17708
ENSG00000146151,55579214,55434369,144845
ENSG00000196588,40636719,40410281,226438
ENSG00000074755,4143030,4004445,138585
ENSG00000133710,148137289,148025683,111606
ENSG00000228036,37994720,37993085,1635
ENSG00000274317,38048169,37934565,113604
ENSG00000263508,10880895,10844674,36221
ENSG00000179676,64149030,64080009,69021
ENSG00000246422,141565263,141558311,6952
ENSG00000279428,18110463,18107334,3129
ENSG00000228737,141626481,141618414,8067
ENSG00000263388,10683988,10680734,3254
ENSG00000172382,2720551,2712419,8132
ENSG00000279542,10822243,10821901,342
ENSG00000263400,10815164,10729777,85387
ENSG00000266952,64260055,64181314,78741
ENSG00000282105,28428996,28428588,408
ENSG00000091536,18179806,18108706,71100
ENSG00000131504,141619055,141515016,104039
ENSG00000276802,28435080,28110217,324863
ENSG00000237314,64072653,64072158,495
ENSG00000267134,64423601,64041555,382046
ENSG00000204147,50816495,50739318,77177
ENSG00000267557,32673210,32666298,6912
ENSG00000242325,32636475,32636078,397
ENSG00000267359,35554767,35553205,1562
ENSG00000186326,32678300,32675407,2893
ENSG00000236320,35558098,35548125,9973
ENSG00000230561,127941634,127703389,238245
ENSG00000271870,3153435,3152942,493
ENSG00000253680,85617512,85617344,168
ENSG00000263429,10804099,10794913,9186
ENSG00000072756,3150879,3126933,23946
ENSG00000250603,127857804,127838486,19318
ENSG00000264016,10769016,10741267,27749
ENSG00000260569,74240555,74211391,29164
ENSG00000233670,10838087,10822470,15617
ENSG00000129083,14500027,14443440,56587
ENSG00000254377,64383787,64373328,10459
ENSG00000227337,32786116,32785646,470
ENSG00000266114,10794985,10792059,2926
ENSG00000240813,10746543,10745553,990
ENSG00000260348,69910994,69909184,1810
ENSG00000187492,49799873,49790732,9141
ENSG00000184571,24774720,24719034,55686
ENSG00000260679,69926813,69921638,5175
ENSG00000235957,49187670,49187479,191
ENSG00000264176,10716511,10716002,509
ENSG00000223724,49046794,49044079,2715
ENSG00000275202,48976867,48974967,1900
ENSG00000255191,70015815,69985876,29939
ENSG00000266155,64940229,64936485,3744
ENSG00000133028,10698375,10672474,25901
ENSG00000215183,35756613,35752990,3623
ENSG00000254605,70021059,70014858,6201
ENSG00000276667,19895973,19895800,173
ENSG00000261402,19929937,19926094,3843
ENSG00000229388,28648581,28643228,5353
ENSG00000280299,64954177,64940602,13575
ENSG00000232457,64956546,64953683,2863
ENSG00000270712,19958147,19957394,753
ENSG00000223531,30191586,30181379,10207
ENSG00000272346,64940717,64940606,111
ENSG00000277711,19967994,19967239,755
ENSG00000265912,64951054,64943262,7792
ENSG00000237434,20332277,20331446,831
ENSG00000272006,64951609,64951498,111
ENSG00000228843,35757940,35756712,1228
ENSG00000275620,63261615,63253978,7637
ENSG00000213859,7354944,7351889,3055
ENSG00000107185,35758575,35749287,9288
ENSG00000160062,32605941,32539427,66514
ENSG00000263171,7354944,7352687,2257
ENSG00000101198,63272694,63240784,31910
ENSG00000214067,110257843,110257064,779
ENSG00000211781,21783503,21782993,510
ENSG00000228417,110208591,110207850,741
ENSG00000211782,21797886,21797287,599
ENSG00000258994,86401285,86332376,68909
ENSG00000211783,21811977,21811502,475
ENSG00000211784,21826075,21825472,603
ENSG00000235720,63894641,63893286,1355
ENSG00000236299,63900794,63888200,12594
ENSG00000256474,21830070,21829539,531
ENSG00000214593,125264090,125263845,245
ENSG00000272572,100912739,100911103,1636
ENSG00000211785,21841774,21841240,534
ENSG00000211786,21847221,21846537,684
ENSG00000258738,34876459,34874343,2116
ENSG00000284876,10838094,10794906,43188
ENSG00000237088,20533339,20532552,787
ENSG00000170222,10711233,10697594,13639
ENSG00000258804,86922755,86905778,16977
ENSG00000165219,125367207,125261794,105413
ENSG00000171843,20622518,20341669,280849
ENSG00000198604,34875647,34752731,122916
ENSG00000276278,84623237,84622015,1222
ENSG00000259061,86989125,86936640,52485
ENSG00000275120,84633987,84597809,36178
ENSG00000258496,87251679,87251103,576
ENSG00000185721,31530634,31399523,131111
ENSG00000123870,52597345,52588505,8840
ENSG00000256278,84614969,84611689,3280
ENSG00000228995,57358369,57357426,943
ENSG00000258660,73700351,73698103,2248
ENSG00000254779,84634635,84633874,761
ENSG00000258958,87332390,87323753,8637
ENSG00000256222,57359980,57358442,1538
ENSG00000136485,63594279,63550477,43802
ENSG00000119661,73703732,73644875,58857
ENSG00000177082,84654343,84639281,15062
ENSG00000258859,87573022,87353070,219952
ENSG00000268970,52598887,52597699,1188
ENSG00000259028,87569399,87568181,1218
ENSG00000276633,45873345,45870854,2491
ENSG00000269825,52653284,52650437,2847
ENSG00000275139,45763758,45759804,3954
ENSG00000226342,63910453,63908966,1487
ENSG00000226581,63917994,63900823,17171
ENSG00000241853,88163967,88163579,388
ENSG00000167766,52690496,52594060,96436
ENSG00000105516,48637438,48630030,7408
ENSG00000118777,88231628,88090150,141478
ENSG00000258770,87655294,87634379,20915
ENSG00000136866,113056759,113038380,18379
ENSG00000187824,10730316,10699015,31301
ENSG00000227910,63926306,63924787,1519
ENSG00000249226,29003357,29001760,1597
ENSG00000255379,108822650,108822333,317
ENSG00000254730,108730104,108727741,2363
ENSG00000232272,29125574,29120878,4696
ENSG00000225038,30193204,30183722,9482
ENSG00000240698,108690956,108690289,667
ENSG00000224925,29135479,29134543,936
ENSG00000267625,35562077,35561539,538
ENSG00000276447,54631219,54626866,4353
ENSG00000178105,108940927,108665069,275858
ENSG00000242660,35566672,35566517,155
ENSG00000250227,164916983,164915565,1418
ENSG00000257691,29475355,29475064,291
ENSG00000253750,64554475,64554236,239
ENSG00000228623,113012227,112957722,54505
ENSG00000253800,64571332,64570913,419
ENSG00000231676,29171236,29169965,1271
ENSG00000109099,15265326,15229777,35549
ENSG00000244146,164921063,164920618,445
ENSG00000285563,164931047,164920894,10153
ENSG00000221891,164929951,164929494,457
ENSG00000063176,48630717,48619291,11426
ENSG00000211787,21853006,21852558,448
ENSG00000113456,34918989,34905260,13729
ENSG00000257506,29482591,29478879,3712
ENSG00000211788,21869365,21868839,526
ENSG00000237906,112962261,112959134,3127
ENSG00000275962,54063953,54040829,23124
ENSG00000169203,29505999,29483642,22357
ENSG00000278690,36012891,36012504,387
ENSG00000166948,2432753,2380908,51845
ENSG00000135372,34147670,34105617,42053
ENSG00000152620,36242279,36192589,49690
ENSG00000166347,74291973,74250846,41127
ENSG00000285220,10880895,10729777,151118
ENSG00000244753,10861462,10860535,927
ENSG00000232218,32386868,32386668,200
ENSG00000219797,31520291,31519480,811
ENSG00000282379,76505995,76501267,4728
ENSG00000137691,102084554,102047437,37117
ENSG00000214093,31559939,31559483,456
ENSG00000270960,164933506,164933086,420
ENSG00000248645,164939990,164938322,1668
ENSG00000259077,87838339,87810982,27357
ENSG00000228079,64088246,64086353,1893
ENSG00000259096,87955203,87952527,2676
ENSG00000121089,164943937,164943290,647
ENSG00000054983,87993665,87837820,155845
ENSG00000043093,182985953,182938074,47879
ENSG00000225889,64252859,64143239,109620
ENSG00000113460,34925996,34915376,10620
ENSG00000232800,20396588,20386386,10202
ENSG00000272595,5120245,5103719,16526
ENSG00000143878,20449445,20447074,2371
ENSG00000250191,133575208,133574566,642
ENSG00000251388,134010690,133871246,139444
ENSG00000251285,88223837,88220569,3268
ENSG00000159904,5144546,5121239,23307
ENSG00000230923,64205485,64185078,20407
ENSG00000228950,20452947,20451042,1905
ENSG00000270354,64208716,64208498,218
ENSG00000227047,20501311,20499571,1740
ENSG00000224347,77606551,77599755,6796
ENSG00000197329,64144420,64092652,51768
ENSG00000279307,20529976,20529467,509
ENSG00000126583,53907652,53879190,28462
ENSG00000211789,21888502,21887857,645
ENSG00000182896,7357219,7355123,2096
ENSG00000136155,77645263,77535674,109589
ENSG00000232620,6520929,6520463,466
ENSG00000282037,18724904,18724415,489
ENSG00000211790,21895030,21894433,597
ENSG00000224953,6719180,6718962,218
ENSG00000256379,21904598,21903077,1521
ENSG00000274365,6789344,6789153,191
ENSG00000282611,18727414,18726706,708
ENSG00000211791,21918756,21918188,568
ENSG00000268093,48624132,48619272,4860
ENSG00000269976,20586686,20586248,438
ENSG00000251435,56193633,56192530,1103
ENSG00000233634,6838252,6837707,545
ENSG00000231948,20592548,20590775,1773
ENSG00000262211,55941727,55936143,5584
ENSG00000211792,21924651,21924063,588
ENSG00000233416,20606654,20606280,374
ENSG00000282352,18734896,18734080,816
ENSG00000063177,48619184,48615328,3856
ENSG00000280482,195657927,195655565,2362
ENSG00000118960,20651130,20560448,90682
ENSG00000134352,55995022,55935095,59927
ENSG00000211793,21941657,21941128,529
ENSG00000129084,14643635,14504874,138761
ENSG00000258482,21950654,21950406,248
ENSG00000280865,195651472,195650146,1326
ENSG00000136463,63608365,63600882,7483
ENSG00000274736,36017972,36013056,4916
ENSG00000277564,35945128,35744967,200161
ENSG00000189316,64890100,64888527,1573
ENSG00000124214,49188367,49113339,75028
ENSG00000198039,64930966,64870172,60794
ENSG00000258557,21963042,21962819,223
ENSG00000281821,195640460,195639990,470
ENSG00000211794,21966061,21965451,610
ENSG00000242195,83938236,83937045,1191
ENSG00000280506,195651472,195650146,1326
ENSG00000211795,21979120,21978459,661
ENSG00000244346,182956307,182950783,5524
ENSG00000258570,94168751,94168349,402
ENSG00000280631,195657927,195655565,2362
ENSG00000284431,40410054,40346529,63525
ENSG00000270587,63611184,63610772,412
ENSG00000118702,37261835,37251082,10753
ENSG00000211796,21990938,21990496,442
ENSG00000069535,43882450,43766610,115840
ENSG00000270103,28648730,28648600,130
ENSG00000248844,70065371,70056230,9141
ENSG00000267285,1386987,1385833,1154
ENSG00000211797,21998168,21997539,629
ENSG00000164251,76835315,76818933,16382
ENSG00000275811,1153059,1151810,1249
ENSG00000278699,21440481,21408280,32201
ENSG00000211798,22003673,22003106,567
ENSG00000254417,70075433,70072434,2999
ENSG00000255184,90024511,90017611,6900
ENSG00000196139,5107686,5035354,72332
ENSG00000279557,43587543,43586367,1176
ENSG00000112992,43707405,43602692,104713
ENSG00000228414,60881314,60825132,56182
ENSG00000171219,64844653,64823052,21601
ENSG00000237024,60852743,60852260,483
ENSG00000145423,153789083,153780591,8492
ENSG00000096171,31778134,31759699,18435
ENSG00000197982,37809454,37806979,2475
ENSG00000206120,168830599,168249522,581077
ENSG00000248687,29105438,29104880,558
ENSG00000259998,88160591,88158240,2351
ENSG00000258975,88159845,88136733,23112
ENSG00000226610,29179126,29178191,935
ENSG00000146576,6608726,6590021,18705
ENSG00000183463,27988654,27977714,10940
ENSG00000196449,37808208,37802945,5263
ENSG00000270430,29106861,29105568,1293
ENSG00000234092,29212864,29211927,937
ENSG00000104205,66862022,66667596,194426
ENSG00000270871,35830293,35816717,13576
ENSG00000237366,29260766,29259390,1376
ENSG00000073282,189897276,189631389,265887
ENSG00000270806,35765079,35760887,4192
ENSG00000233950,29263772,29220658,43114
ENSG00000236941,164949438,164948079,1359
ENSG00000140564,90883458,90868588,14870
ENSG00000225150,29226842,29225912,930
ENSG00000269892,6743641,6742985,656
ENSG00000100433,88326907,88180103,146804
ENSG00000227592,30017881,30017160,721
ENSG00000279397,79516057,79515798,259
ENSG00000259786,29217115,29143503,73612
ENSG00000286186,79465843,79460378,5465
ENSG00000270794,30210209,30209423,786
ENSG00000250486,164959122,164956948,2174
ENSG00000099399,30220089,30215563,4526
ENSG00000261811,5220594,5215394,5200
ENSG00000270765,35752878,35744511,8367
ENSG00000183439,164977668,164954446,23222
ENSG00000131196,79529325,79395856,133469
ENSG00000273963,5148685,5110793,37892
ENSG00000285567,5235822,5107672,128150
ENSG00000260431,5207439,5207088,351
ENSG00000103363,2777297,2771414,5883
ENSG00000267070,5142595,5098739,43856
ENSG00000285587,116281071,116274270,6801
ENSG00000250673,146230878,146214515,16363
ENSG00000211799,22008181,22007512,669
ENSG00000258705,22014964,22011910,3054
ENSG00000276976,54643363,54638174,5189
ENSG00000275432,14628801,14628599,202
ENSG00000211800,22041153,22040594,559
ENSG00000182645,116380029,116324448,55581
ENSG00000101363,37317260,37289638,27622
ENSG00000211801,22053056,22052514,542
ENSG00000160961,14733746,14689801,43945
ENSG00000276428,22066373,22066016,357
ENSG00000226844,29266108,29265149,959
ENSG00000211802,22071208,22070557,651
ENSG00000271392,35758325,35757199,1126
ENSG00000245711,36221902,36221055,847
ENSG00000267592,35597128,35596904,224
ENSG00000226765,168667423,168666559,864
ENSG00000211803,22086961,22086407,554
ENSG00000267321,35574843,35568109,6734
ENSG00000241882,168291228,168288553,2675
ENSG00000276355,54081380,54069895,11485
ENSG00000223685,38143232,38050817,92415
ENSG00000265445,15265707,15261015,4692
ENSG00000279660,15261841,15260513,1328
ENSG00000211804,22096619,22096032,587
ENSG00000211805,22105846,22105343,503
ENSG00000272810,26013757,26013241,516
ENSG00000206557,32897824,32817997,79827
ENSG00000108733,35578863,35574795,4068
ENSG00000224447,26016601,26016379,222
ENSG00000137090,969090,841690,127400
ENSG00000271155,95507636,95506235,1401
ENSG00000240974,141589142,141588935,207
ENSG00000271314,95495379,95494924,455
ENSG00000157954,5233840,5190196,43644
ENSG00000282490,39310465,39309931,534
ENSG00000116205,54112519,54053584,58935
ENSG00000277181,54875417,54858645,16772
ENSG00000183813,32956349,32951574,4775
ENSG00000176700,84647478,84631451,16027
ENSG00000175746,39254845,39250684,4161
ENSG00000259423,39180048,39167739,12309
ENSG00000230509,30341803,30341669,134
ENSG00000095752,55370463,55364382,6081
ENSG00000235561,30350165,30349532,633
ENSG00000270379,35868891,35854946,13945
ENSG00000259345,39427195,38865322,561873
ENSG00000278606,54814484,54803296,11188
ENSG00000091542,18209954,18183078,26876
ENSG00000089335,34686397,34677639,8758
ENSG00000164053,48467645,48446710,20935
ENSG00000267049,35771028,35769144,1884
ENSG00000286182,29265940,29239922,26018
ENSG00000167595,35771028,35758143,12885
ENSG00000125835,2470853,2461634,9219
ENSG00000231279,29288361,29287419,942
ENSG00000259447,39310782,39300418,10364
ENSG00000165525,49852821,49782083,70738
ENSG00000258538,88180198,88175391,4807
ENSG00000259731,38759413,38756552,2861
ENSG00000205913,2752600,2737076,15524
ENSG00000259278,39024918,39019233,5685
ENSG00000274281,38853432,38851306,2126
ENSG00000175779,39180499,38628005,552494
ENSG00000167468,1106791,1103926,2865
ENSG00000269385,6898686,6898299,387
ENSG00000225183,54090093,54089856,237
ENSG00000230176,4195943,4193065,2878
ENSG00000174837,6940459,6887566,52893
ENSG00000205534,29594966,29527568,67398
ENSG00000275419,154542740,154542552,188
ENSG00000220181,154550242,154549517,725
ENSG00000248229,164987787,164987265,522
ENSG00000171873,4249074,4220631,28443
ENSG00000229189,31601586,31601313,273
ENSG00000167978,2772538,2752626,19912
ENSG00000250887,165007959,165007086,873
ENSG00000249200,154374347,154373886,461
ENSG00000171643,76921650,76850001,71649
ENSG00000197410,154495570,154231742,263828
ENSG00000129968,1885547,1876810,8737
ENSG00000176371,84627796,84600986,26810
ENSG00000219146,154577079,154576309,770
ENSG00000231316,154605954,154605616,338
ENSG00000107021,128810430,128787253,23177
ENSG00000241526,141724526,141724425,101
ENSG00000242104,141729405,141660536,68869
ENSG00000260937,55092173,55056747,35426
ENSG00000279145,55176739,55171378,5361
ENSG00000214856,18442895,18432051,10844
ENSG00000241899,141709832,141709016,816
ENSG00000236387,4431673,4431161,512
ENSG00000238282,4525200,4475638,49562
ENSG00000205625,154707795,154706643,1152
ENSG00000275255,54798222,54786292,11930
ENSG00000131355,14690027,14619117,70910
ENSG00000228210,4591300,4590993,307
ENSG00000274402,54752989,54738465,14524
ENSG00000214174,64975576,64966550,9026
ENSG00000249283,102963327,102961956,1371
ENSG00000089693,6767475,6747996,19479
ENSG00000164037,103019739,102885048,134691
ENSG00000275486,54830746,54816441,14305
ENSG00000226948,4685148,4627758,57390
ENSG00000105376,10296778,10289952,6826
ENSG00000071626,1435687,1407569,28118
ENSG00000248092,43603230,43571594,31636
ENSG00000124610,26017732,26017085,647
ENSG00000249286,43588223,43586918,1305
ENSG00000224993,43667232,43666766,466
ENSG00000280005,154262193,154261735,458
ENSG00000280241,154298819,154142122,156697
ENSG00000155189,6761503,6708642,52861
ENSG00000278981,154237598,154235980,1618
ENSG00000223476,64933616,64933273,343
ENSG00000270948,64942926,64942143,783
ENSG00000238205,40624136,40623566,570
ENSG00000231852,32041670,32038265,3405
ENSG00000256566,2508907,2467212,41695
ENSG00000237158,6569360,6568844,516
ENSG00000270541,55746908,55746551,357
ENSG00000145708,76981158,76953045,28113
ENSG00000152926,65006684,64971776,34908
ENSG00000178445,6645783,6532464,113319
ENSG00000088876,2524702,2481817,42885
ENSG00000139890,22887678,22883222,4456
ENSG00000213462,65006743,64990356,16387
ENSG00000236073,21073753,21073639,114
ENSG00000256206,14520344,14493783,26561
ENSG00000075151,21176888,20806292,370596
ENSG00000241776,84692591,84691681,910
ENSG00000248391,29395981,29380296,15685
ENSG00000242641,84881679,84638406,243273
ENSG00000162924,60931610,60881521,50089
ENSG00000122952,56361273,56357227,4046
ENSG00000250551,96215519,96050115,165404
ENSG00000225291,29304364,29303399,965
ENSG00000278243,143618048,143612618,5430
ENSG00000276098,29516504,29516005,499
ENSG00000185808,37073170,37059170,14000
ENSG00000278729,54666521,54654506,12015
ENSG00000254497,45254649,45253884,765
ENSG00000019505,45286341,45240302,46039
ENSG00000258807,87872291,87710419,161872
ENSG00000187742,89359662,89318506,41156
ENSG00000276084,54736085,54724447,11638
ENSG00000213645,63931968,63931141,827
ENSG00000279159,30028236,29978950,49286
ENSG00000226573,30105408,30105094,314
ENSG00000233173,63935331,63934449,882
ENSG00000227117,30080480,30008742,71738
ENSG00000231264,63938509,63937905,604
ENSG00000285505,41994232,41956879,37353
ENSG00000225499,31528693,31528114,579
ENSG00000284534,63981477,63959844,21633
ENSG00000176232,63981477,63980385,1092
ENSG00000230639,63966124,63965834,290
ENSG00000228660,63964123,63963431,692
ENSG00000278577,63994006,63993904,102
ENSG00000176635,30177075,30080174,96901
ENSG00000241149,64016130,63998874,17256
ENSG00000228564,64030105,64024409,5696
ENSG00000104228,27311272,27284886,26386
ENSG00000240271,105011568,105011107,461
ENSG00000254041,105188606,105142860,45746
ENSG00000273639,19677923,19499737,178186
ENSG00000227908,56003649,55995167,8482
ENSG00000243939,104981579,104981164,415
ENSG00000254141,105679031,105669991,9040
ENSG00000163378,69013684,68975217,38467
ENSG00000243592,56137531,56136979,552
ENSG00000164512,56233330,56099680,133650
ENSG00000169946,105804539,104590733,1213806
ENSG00000271447,35795707,35756249,39458
ENSG00000278184,19619490,19612191,7299
ENSG00000112333,108188809,108166058,22751
ENSG00000257493,19683677,19664098,19579
ENSG00000165516,49786385,49768130,18255
ENSG00000257432,19630340,19629006,1334
ENSG00000110756,18322198,18278668,43530
ENSG00000248418,29600868,29600676,192
ENSG00000267520,60931610,60925909,5701
ENSG00000257846,19670003,19668829,1174
ENSG00000229045,29327771,29326337,1434
ENSG00000250984,29796268,29795938,330
ENSG00000257395,19684739,19681420,3319
ENSG00000258027,19501740,19492281,9459
ENSG00000233953,60499964,60495686,4278
ENSG00000258324,19653742,19653623,119
ENSG00000185753,40647561,40626921,20640
ENSG00000273558,19641306,19637225,4081
ENSG00000271026,28068334,28067587,747
ENSG00000122025,28100592,28003274,97318
ENSG00000119866,60555154,60450520,104634
ENSG00000257751,19669056,19668542,514
ENSG00000172301,31859291,31851871,7420
ENSG00000259069,19679016,19677644,1372
ENSG00000274476,54767817,54754923,12894
ENSG00000257884,19680104,19677837,2267
ENSG00000274649,19511712,19511244,468
ENSG00000277833,54784259,54769756,14503
ENSG00000259676,88798734,88797413,1321
ENSG00000150051,27746060,27672874,73186
ENSG00000227201,30047193,30046276,917
ENSG00000225971,30137681,30136673,1008
ENSG00000100330,30030866,29883155,147711
ENSG00000231688,168859130,168858659,471
ENSG00000143869,20679243,20667144,12099
ENSG00000213760,31548427,31544462,3965
ENSG00000034677,100336218,100257060,79158
ENSG00000137876,55197049,55180806,16243
ENSG00000234585,65074713,65038354,36359
ENSG00000249236,56111329,55978248,133081
ENSG00000270100,20678932,20678254,678
ENSG00000264281,55944733,55944656,77
ENSG00000251003,106060524,105546089,514435
ENSG00000242268,168921996,168903366,18630
ENSG00000272797,168927919,168927475,444
ENSG00000278174,47052838,46886236,166602
ENSG00000253526,105834038,105826570,7468
ENSG00000273177,168928598,168928169,429
ENSG00000283157,104703555,104699479,4076
ENSG00000243171,105288365,105287830,535
ENSG00000253420,105685765,105662352,23413
ENSG00000239985,65038565,65038372,193
ENSG00000253997,104990692,104990308,384
ENSG00000237522,60938049,60936819,1230
ENSG00000270647,35864615,35713791,150824
ENSG00000234006,31543138,31542304,834
ENSG00000086102,33371157,33290512,80645
ENSG00000253318,105196969,105194990,1979
ENSG00000243601,105737765,105737280,485
ENSG00000204511,31530232,31528962,1270
ENSG00000101160,59007254,58995185,12069
ENSG00000275351,54848250,54832726,15524
ENSG00000230500,27767794,27744786,23008
ENSG00000213020,52735073,52702813,32260
ENSG00000204498,31558829,31546870,11959
ENSG00000232583,7106502,7100733,5769
ENSG00000237701,6901372,6900753,619
ENSG00000198798,30237492,30230436,7056
ENSG00000099721,6911774,6865918,45856
ENSG00000144909,125595497,125528858,66639
ENSG00000280250,146232267,146231892,375
ENSG00000273061,4679502,4676600,2902
ENSG00000214107,30252040,30243730,8310
ENSG00000089558,42181142,42156891,24251
ENSG00000273984,195790439,195745705,44734
ENSG00000253299,100165478,100165226,252
ENSG00000279398,108179317,108178871,446
ENSG00000104450,100259278,100157906,101372
ENSG00000273906,6920791,6918682,2109
ENSG00000242339,84893379,84884936,8443
ENSG00000155313,15880069,15730025,150044
ENSG00000254427,45366121,45355371,10750
ENSG00000092377,7101970,6910686,191284
ENSG00000232713,60938604,60938204,400
ENSG00000227113,65078780,65075023,3757
ENSG00000120289,30244193,30242052,2141
ENSG00000226002,65100232,65084103,16129
ENSG00000250609,154524807,154523487,1320
ENSG00000145354,102892807,102868974,23833
ENSG00000162366,47191044,47183582,7462
ENSG00000249744,29849218,29848684,534
ENSG00000164669,65234216,65141032,93184
ENSG00000163825,46500950,46497976,2974
ENSG00000140563,94483952,94231538,252414
ENSG00000196570,177400661,177400109,552
ENSG00000243072,125679781,125679573,208
ENSG00000230780,29453643,29422072,31571
ENSG00000242001,125681453,125681305,148
ENSG00000226439,61775850,61775449,401
ENSG00000120669,36214588,36168217,46371
ENSG00000234458,125704312,125703349,963
ENSG00000230662,18463055,18460391,2664
ENSG00000228750,6730012,6724637,5375
ENSG00000229526,18475920,18450244,25676
ENSG00000198937,37499893,37482938,16955
ENSG00000250651,102898237,102896725,1512
ENSG00000233046,29428535,29351939,76596
ENSG00000251010,146243669,146241806,1863
ENSG00000227919,18453062,18452955,107
ENSG00000267492,18453739,18453574,165
ENSG00000230848,128057362,128039135,18227
ENSG00000243429,125713045,125712139,906
ENSG00000280078,76283103,76279173,3930
ENSG00000286240,37344109,37338886,5223
ENSG00000258402,76310066,76280943,29123
ENSG00000284744,6770038,6767954,2084
ENSG00000251394,29446668,29370147,76521
ENSG00000228963,125725445,125724539,906
ENSG00000276940,30290351,30290047,304
ENSG00000236046,50841992,50839363,2629
ENSG00000237436,6784843,6783892,951
ENSG00000150471,62078335,61201258,877077
ENSG00000235966,29394203,29393135,1068
ENSG00000228085,50843732,50843578,154
ENSG00000235673,37841676,37840986,690
ENSG00000239978,125735198,125734295,903
ENSG00000188786,37859592,37809574,50018
ENSG00000169297,30309598,30304206,5392
ENSG00000224234,29437545,29435874,1671
ENSG00000101162,59026654,59019254,7400
ENSG00000249030,29414796,29413850,946
ENSG00000226455,89953186,89950116,3070
ENSG00000213689,48467645,48465811,1834
ENSG00000218730,90117105,90116700,405
ENSG00000064218,991732,976655,15077
ENSG00000112182,90296908,89926528,370380
ENSG00000124172,59032345,59025475,6870
ENSG00000233787,29882945,29881709,1236
ENSG00000148339,128109245,128068201,41044
ENSG00000170638,50199598,50185915,13683
ENSG00000251204,106417241,106415576,1665
ENSG00000269275,55378125,55377579,546
ENSG00000237786,13486852,13486294,558
ENSG00000160472,55378246,55376826,1420
ENSG00000250709,36297842,36168794,129048
ENSG00000125691,38853764,38847860,5904
ENSG00000145990,13487662,13357830,129832
ENSG00000183873,38649673,38548057,101616
ENSG00000198563,31542448,31530219,12229
ENSG00000241383,169038416,169003022,35394
ENSG00000159335,6770952,6765516,5436
ENSG00000206147,6639604,6639139,465
ENSG00000233493,55384598,55379245,5353
ENSG00000146282,87589987,87513938,76049
ENSG00000228204,51022990,50866747,156243
ENSG00000275714,26020900,26020490,410
ENSG00000280305,29983114,29979669,3445
ENSG00000231490,51260167,51259429,738
ENSG00000162419,28719353,28668732,50621
ENSG00000106078,51316818,51016212,300606
ENSG00000131187,177409576,177402140,7436
ENSG00000278637,26021990,26021679,311
ENSG00000197122,37406050,37344685,61365
ENSG00000278705,26027252,26026815,437
ENSG00000213676,32128253,32115264,12989
ENSG00000108055,110604636,110567691,36945
ENSG00000120686,38363619,38349849,13770
ENSG00000242715,36297840,36222008,75832
ENSG00000255542,35421002,35419057,1945
ENSG00000121753,31764893,31727117,37776
ENSG00000110436,35420063,35251205,168858
ENSG00000250712,165011851,165010459,1392
ENSG00000279583,29596137,29595130,1007
ENSG00000205433,116409475,116409256,219
ENSG00000240674,165012845,165012366,479
ENSG00000260727,29613640,29613104,536
ENSG00000234234,64108486,64107829,657
ENSG00000260133,29636328,29618785,17543
ENSG00000233385,64106819,64106065,754
ENSG00000260514,29624825,29624517,308
ENSG00000223558,64086576,64085560,1016
ENSG00000229881,64150058,64140495,9563
ENSG00000246334,177447699,177438503,9196
ENSG00000230252,64111550,64110547,1003
ENSG00000248315,64105576,64105292,284
ENSG00000285544,64114556,64045429,69127
ENSG00000176979,165041749,165016458,25291
ENSG00000248704,64105295,64104093,1202
ENSG00000131188,177456286,177446445,9841
ENSG00000234700,64110147,64108625,1522
ENSG00000227035,64107572,64106822,750
ENSG00000235646,64112572,64111752,820
ENSG00000174358,1225111,1201595,23516
ENSG00000224458,64150721,64100305,50416
ENSG00000276623,165017433,165016887,546
ENSG00000250430,165026944,165026261,683
ENSG00000236976,64142401,64141538,863
ENSG00000230052,64105995,64105654,341
ENSG00000198944,132816797,132813587,3210
ENSG00000213643,64150432,64149685,747
ENSG00000278876,81863102,81862778,324
ENSG00000214652,64085339,64045434,39905
ENSG00000271573,87027477,87027184,293
ENSG00000073067,989640,983181,6459
ENSG00000135378,32858120,32829927,28193
ENSG00000140519,89496589,89471398,25191
ENSG00000203837,116477957,116427847,50110
ENSG00000258632,94274005,94273496,509
ENSG00000254746,45542474,45489689,52785
ENSG00000229468,20012606,20012452,154
ENSG00000105640,17864153,17859910,4243
ENSG00000255144,11896870,11895850,1020
ENSG00000121211,153415118,153344649,70469
ENSG00000254948,11920809,11919900,909
ENSG00000198055,177442901,177403204,39697
ENSG00000236609,6624290,6615610,8680
ENSG00000255519,45514451,45514187,264
ENSG00000227096,116440044,116439468,576
ENSG00000274267,26032060,26031650,410
ENSG00000255267,45388508,45371397,17111
ENSG00000282782,18742718,18741730,988
ENSG00000254651,45400528,45399448,1080
ENSG00000282544,28447993,28445158,2835
ENSG00000255041,45513802,45387215,126587
ENSG00000282250,39346102,39314619,31483
ENSG00000114166,20154404,20040446,113958
ENSG00000282006,28459575,28459418,157
ENSG00000253207,113616958,113600310,16648
ENSG00000278463,26033568,26033176,392
ENSG00000115138,25168903,25160853,8050
ENSG00000277669,29695144,29663279,31865
ENSG00000254339,114295839,114282067,13772
ENSG00000282475,28470930,28461979,8951
ENSG00000197471,29670876,29662979,7897
ENSG00000282190,28478612,28475678,2934
ENSG00000276410,26043657,26043277,380
ENSG00000232056,10854955,10847577,7378
ENSG00000234816,26044357,26043989,368
ENSG00000276858,54890443,54874219,16224
ENSG00000270488,10874567,10874291,276
ENSG00000141522,81871378,81867721,3657
ENSG00000103485,29698699,29679008,19691
ENSG00000231974,31697663,31691869,5794
ENSG00000198492,28769775,28736621,33154
ENSG00000243915,86015120,86012561,2559
ENSG00000241648,85828050,85799987,28063
ENSG00000175161,86074429,84958981,1115448
ENSG00000270829,35808897,35808489,408
ENSG00000259593,46341599,46341354,245
ENSG00000273188,50192402,50191724,678
ENSG00000285934,46381043,46365836,15207
ENSG00000273253,50200837,50199090,1747
ENSG00000006125,35726413,35578046,148367
ENSG00000268845,6954904,6953211,1693
ENSG00000268758,6997872,6952500,45372
ENSG00000270971,85646325,85642777,3548
ENSG00000204110,37535616,37507348,28268
ENSG00000279199,40115442,40113215,2227
ENSG00000205903,6658279,6637318,20961
ENSG00000278167,36072388,36064636,7752
ENSG00000234771,128118693,128108581,10112
ENSG00000230536,128094457,128090969,3488
ENSG00000259255,46804844,46693288,111556
ENSG00000171169,128068206,128061233,6973
ENSG00000259509,46827958,46827526,432
ENSG00000213234,112268371,112267290,1081
ENSG00000206014,11933203,11928597,4606
ENSG00000284540,47134122,47133495,627
ENSG00000163827,46580099,46515385,64714
ENSG00000188771,112260860,112248479,12381
ENSG00000271952,10885118,10878269,6849
ENSG00000205884,11974599,11973937,662
ENSG00000284829,32117610,32098176,19434
ENSG00000150787,112269955,112226367,43588
ENSG00000274104,34733837,34733298,539
ENSG00000205883,11984590,11982321,2269
ENSG00000010704,26098343,26087281,11062
ENSG00000205882,11996312,11993174,3138
ENSG00000168477,32115334,32041153,74181
ENSG00000205176,85663497,85656442,7055
ENSG00000223887,30553954,30547117,6837
ENSG00000273567,85658514,85654684,3830
ENSG00000161610,42185452,42184060,1392
ENSG00000276006,85715833,85714922,911
ENSG00000275928,85737278,85733419,3859
ENSG00000276540,85748373,85744543,3830
ENSG00000230722,29748597,29748177,420
ENSG00000275591,6835644,6808517,27127
ENSG00000228760,31692158,31678475,13683
ENSG00000271564,52341896,52334295,7601
ENSG00000255174,11999468,11999087,381
ENSG00000258704,34982532,34920858,61674
ENSG00000254507,12004082,12003400,682
ENSG00000284610,12015193,12006188,9005
ENSG00000213865,66685564,66667615,17949
ENSG00000272203,132818000,132817248,752
ENSG00000206487,30642598,30636534,6064
ENSG00000280382,50601148,50599879,1269
ENSG00000167925,42194532,42188799,5733
ENSG00000245857,6885276,6835554,49722
ENSG00000234882,73293277,73291962,1315
ENSG00000256980,73225770,73223544,2226
ENSG00000164825,6877936,6870592,7344
ENSG00000213005,66768005,66767400,605
ENSG00000283877,46617226,46581150,36076
ENSG00000100883,35029567,34981957,47610
ENSG00000268324,46559694,46557398,2296
ENSG00000283473,46626543,46612435,14108
ENSG00000136100,52450634,52412602,38032
ENSG00000243501,73263196,73209746,53450
ENSG00000225060,30766379,30754873,11506
ENSG00000114738,50649291,50611520,37771
ENSG00000241186,46582457,46574534,7923
ENSG00000157211,54153770,54132968,20802
ENSG00000229852,73301401,73263215,38186
ENSG00000243250,112236025,112235371,654
ENSG00000251360,73210080,73209083,997
ENSG00000268472,112261396,112260265,1131
ENSG00000229470,30547405,30531607,15798
ENSG00000135314,73310365,73241314,69051
ENSG00000255966,6533498,6532290,1208
ENSG00000148843,103446294,103396626,49668
ENSG00000157216,54413479,54225432,188047
ENSG00000235227,64180892,64180006,886
ENSG00000213644,64182893,64181710,1183
ENSG00000217862,27807339,27807075,264
ENSG00000223614,64220508,64207090,13418
ENSG00000275617,248362627,248361581,1046
ENSG00000278659,248388875,248387949,926
ENSG00000197123,64266931,64228474,38457
ENSG00000236199,2046023,2041900,4123
ENSG00000185130,27807931,27807444,487
ENSG00000273508,248409336,248408227,1109
ENSG00000182853,4786433,4785285,1148
ENSG00000281489,248444577,248443651,926
ENSG00000196747,27808701,27808199,502
ENSG00000187838,7394842,7389727,5115
ENSG00000239519,86028007,85992183,35824
ENSG00000275385,36072032,36064280,7752
ENSG00000275754,248456216,248455242,974
ENSG00000225418,5135226,5122087,13139
ENSG00000234444,64356634,64307459,49175
ENSG00000277113,248476751,248475795,956
ENSG00000280091,6896832,6894994,1838
ENSG00000239626,73291262,73290403,859
ENSG00000232473,30354532,30353364,1168
ENSG00000234636,40738701,40735400,3301
ENSG00000278828,27811300,27810064,1236
ENSG00000206486,30662557,30642608,19949
ENSG00000271492,95394454,95394049,405
ENSG00000271381,85766931,85762909,4022
ENSG00000168615,39105261,38996869,108392
ENSG00000276998,85779090,85775106,3984
ENSG00000140368,77037332,76993359,43973
ENSG00000180182,40735858,40648305,87553
ENSG00000267201,2462185,2458935,3250
ENSG00000281658,248487928,248486689,1239
ENSG00000228014,64470653,64469185,1468
ENSG00000232727,64434592,64433830,762
ENSG00000136114,52416373,52377167,39206
ENSG00000227986,64356199,64355078,1121
ENSG00000281688,21509391,21490371,19020
ENSG00000215088,33482195,33481580,615
ENSG00000276650,64426334,64425623,711
ENSG00000234530,31546261,31534315,11946
ENSG00000223845,64444742,64443802,940
ENSG00000274221,36090511,36088598,1913
ENSG00000130227,22006585,21919662,86923
ENSG00000271134,60683244,60682873,371
ENSG00000259751,34850395,34849137,1258
ENSG00000104517,102412759,102252273,160486
ENSG00000250303,112362534,112270749,91785
ENSG00000206444,29794972,29788252,6720
ENSG00000099330,17229219,17226213,3006
ENSG00000278178,21660224,21659028,1196
ENSG00000211641,22202161,22201663,498
ENSG00000254161,22070707,22070225,482
ENSG00000213495,60711920,60711484,436
ENSG00000253239,22026593,22026076,517
ENSG00000087266,2841098,2793071,48027
ENSG00000281622,21535271,21534392,879
ENSG00000271707,60735715,60734895,820
ENSG00000280555,21660461,21552724,107737
ENSG00000197549,22043934,21991099,52835
ENSG00000255016,12025598,12025244,354
ENSG00000254817,12034612,12033646,966
ENSG00000237905,29790119,29789145,974
ENSG00000282721,36090476,36073222,17254
ENSG00000254700,12043670,12043506,164
ENSG00000233050,12071747,12064389,7358
ENSG00000276340,143641845,143621803,20042
ENSG00000249333,22039126,22038643,483
ENSG00000278657,22040065,22036344,3721
ENSG00000114737,50611831,50606490,5341
ENSG00000275824,36106010,36103979,2031
ENSG00000254355,22033194,22032745,449
ENSG00000227710,22168634,22168289,345
ENSG00000253823,22087110,22086561,549
ENSG00000255544,12099536,12095176,4360
ENSG00000211639,22162681,22162199,482
ENSG00000281604,21566989,21514120,52869
ENSG00000233720,22157631,22157382,249
ENSG00000278776,21646246,21645163,1083
ENSG00000253794,22043942,22043618,324
ENSG00000215343,12115516,12104389,11127
ENSG00000236118,22155942,22155582,360
ENSG00000253637,22182885,22182582,303
ENSG00000179170,125748098,125747084,1014
ENSG00000275361,22088085,22087924,161
ENSG00000239432,125756462,125756086,376
ENSG00000211638,22099212,22098700,512
ENSG00000254075,22061538,22061077,461
ENSG00000253242,22075666,22075366,300
ENSG00000106993,4708399,4679559,28840
ENSG00000211642,22215270,22038643,176627
ENSG00000182220,40606848,40579372,27476
ENSG00000225741,22104857,22103219,1638
ENSG00000211637,22031472,22030934,538
ENSG00000263366,22118005,22114844,3161
ENSG00000253874,22058892,22058433,459
ENSG00000228161,22046591,22046430,161
ENSG00000226677,34940332,34939324,1008
ENSG00000164403,132830898,132822141,8757
ENSG00000258493,34921006,34920865,141
ENSG00000236323,22186619,22185941,678
ENSG00000248787,125916360,125907765,8595
ENSG00000253752,22080263,22079770,493
ENSG00000253126,22199011,22198560,451
ENSG00000224465,22171556,22170983,573
ENSG00000134058,69277430,69234795,42635
ENSG00000241278,125909372,125848223,61149
ENSG00000211640,22196276,22195799,477
ENSG00000241346,125816286,125816082,204
ENSG00000284660,125766818,125766601,217
ENSG00000255052,12177550,12115782,61768
ENSG00000242229,125795885,125795106,779
ENSG00000239804,125788146,125787888,258
ENSG00000254866,12151134,12150895,239
ENSG00000284624,125852936,125766516,86420
ENSG00000268739,51014734,51014374,360
ENSG00000254308,22179477,22179228,249
ENSG00000223443,12139077,12137168,1909
ENSG00000241288,125916384,125827238,89146
ENSG00000129451,51020175,51012739,7436
ENSG00000234159,15745080,15744004,1076
ENSG00000278305,31437999,31419989,18010
ENSG00000253474,49228925,49168539,60386
ENSG00000280254,4789162,4787057,2105
ENSG00000274343,85794399,85790382,4017
ENSG00000182327,4790589,4788964,1625
ENSG00000270416,85806435,85802574,3861
ENSG00000226430,12134438,12132417,2021
ENSG00000136938,98015943,97983341,32602
ENSG00000277319,31483699,31483414,285
ENSG00000249142,32523865,32522758,1107
ENSG00000226284,49135012,49134480,532
ENSG00000205879,12175771,12172761,3010
ENSG00000286253,134085506,134057468,28038
ENSG00000272840,125797953,125774714,23239
ENSG00000188895,40136916,40122298,14618
ENSG00000254923,12129298,12128107,1191
ENSG00000142507,4798502,4796144,2358
ENSG00000254535,134201789,134196333,5456
ENSG00000179859,7916276,7913324,2952
ENSG00000236896,97987656,97986551,1105
ENSG00000254268,49352844,49352630,214
ENSG00000253380,49512180,49496763,15417
ENSG00000169126,27999048,27812164,186884
ENSG00000180626,5191868,5179535,12333
ENSG00000253206,49554414,49536386,18028
ENSG00000253810,49741321,49740216,1105
ENSG00000253484,49820944,49817586,3358
ENSG00000162975,10914225,10911934,2291
ENSG00000271148,49907446,49906863,583
ENSG00000226080,11102997,11102142,855
ENSG00000277459,102110457,102109827,630
ENSG00000254870,31546608,31530219,16389
ENSG00000244086,38855670,38855314,356
ENSG00000274846,21691048,21690124,924
ENSG00000145063,11132821,11105317,27504
ENSG00000280463,21717356,21716735,621
ENSG00000137693,102233424,102110447,122977
ENSG00000133105,31803389,31739526,63863
ENSG00000136068,58172251,58008400,163851
ENSG00000249889,12182719,12178697,4022
ENSG00000278677,27893149,27892757,392
ENSG00000231409,34943394,34943080,314
ENSG00000186523,12194133,12182096,12037
ENSG00000021776,34969742,34851782,117960
ENSG00000275126,27873510,27873199,311
ENSG00000205544,7404097,7402975,1122
ENSG00000275221,27838339,27837947,392
ENSG00000273542,27831527,27831216,311
ENSG00000233427,28877336,28870483,6853
ENSG00000217646,27864401,27864062,339
ENSG00000116329,28871267,28812142,59125
ENSG00000157766,88875354,88803442,71912
ENSG00000233822,27865798,27837760,28038
ENSG00000185614,49805030,49803254,1776
ENSG00000174292,7389774,7380534,9240
ENSG00000119397,121177610,121074863,102747
ENSG00000231355,33484258,33482499,1759
ENSG00000226252,47230750,47225797,4953
ENSG00000162367,47232220,47216290,15930
ENSG00000273703,27815424,27815044,380
ENSG00000206043,74359187,74315813,43374
ENSG00000179157,43364219,43363479,740
ENSG00000226016,27905162,27904209,953
ENSG00000219222,43310357,43310231,126
ENSG00000197238,27824480,27824108,372
ENSG00000146215,43308797,43299710,9087
ENSG00000258080,19691194,19688261,2933
ENSG00000275379,27872315,27871905,410
ENSG00000162927,61018259,60940222,78037
ENSG00000257142,19700650,19700479,171
ENSG00000276903,27865747,27865355,392
ENSG00000258453,19714332,19712904,1428
ENSG00000197153,27893106,27890382,2724
ENSG00000225652,77376613,77354404,22209
ENSG00000262413,81868552,81867721,831
ENSG00000276368,27814740,27814354,386
ENSG00000224500,77315694,77313941,1753
ENSG00000177692,33491720,33485530,6190
ENSG00000164850,1093815,1082208,11607
ENSG00000184357,27867529,27866849,680
ENSG00000262165,4807013,4801159,5854
ENSG00000277436,85818783,85814767,4016
ENSG00000275102,248491980,248491033,947
ENSG00000120280,30577844,30558824,19020
ENSG00000277422,85828467,85826865,1602
ENSG00000276452,54389685,54388712,973
ENSG00000280815,248501072,248500752,320
ENSG00000262517,17815038,17814608,430
ENSG00000285768,85861562,85851446,10116
ENSG00000253154,85951083,85833377,117706
ENSG00000262640,17878345,17872581,5764
ENSG00000262802,17894176,17893379,797
ENSG00000276906,54401717,54396006,5711
ENSG00000121892,39977956,39822863,155093
ENSG00000262481,7404097,7389734,14363
ENSG00000258569,76761388,76710658,50730
ENSG00000279786,140822414,140820599,1815
ENSG00000257607,1059261,1055360,3901
ENSG00000242952,76635661,76634775,886
ENSG00000118961,20823130,20684014,139116
ENSG00000226291,1082178,1080863,1315
ENSG00000259124,76726712,76495363,231349
ENSG00000099860,2478259,2476122,2137
ENSG00000253251,65630891,65624765,6126
ENSG00000146540,1138260,996986,141274
ENSG00000119715,76501837,76310712,191125
ENSG00000278472,33972515,33972059,456
ENSG00000220614,43328476,43328134,342
ENSG00000123213,65871725,65722205,149520
ENSG00000184984,34067457,33968720,98737
ENSG00000171467,43369647,43307134,62513
ENSG00000230955,37861580,37860697,883
ENSG00000204084,37947057,37860697,86360
ENSG00000041357,78552417,78540405,12012
ENSG00000259505,33992048,33990686,1362
ENSG00000225632,54287371,54285405,1966
ENSG00000169857,34039204,33866227,172977
ENSG00000093144,127343609,127288712,54897
ENSG00000198711,54239063,54236440,2623
ENSG00000215883,54200036,54169651,30385
ENSG00000250329,128110994,128109486,1508
ENSG00000064651,128189677,128083766,105911
ENSG00000250752,6899468,6898878,590
ENSG00000156113,77638369,76869601,768768
ENSG00000280187,69189452,69186359,3093
ENSG00000229651,30409576,30404972,4604
ENSG00000253935,22220133,22219647,486
ENSG00000228050,22224566,22223187,1379
ENSG00000226519,44137236,44106378,30858
ENSG00000234726,22230469,22228719,1750
ENSG00000227388,35790432,35772163,18269
ENSG00000230731,44243192,44234118,9074
ENSG00000263164,5241543,5240508,1035
ENSG00000139656,44161257,44143543,17714
ENSG00000169575,22245515,22244675,840
ENSG00000261879,5248069,5192084,55985
ENSG00000235285,44158222,44146470,11752
ENSG00000140157,22868384,22838641,29743
ENSG00000276854,44197298,44196006,1292
ENSG00000254422,102230922,102229851,1071
ENSG00000161929,5234860,5208920,25940
ENSG00000227258,44240517,44110451,130066
ENSG00000260008,102109842,102107886,1956
ENSG00000279278,22273020,22264601,8419
ENSG00000271423,76634028,76633714,314
ENSG00000258566,76690742,76690139,603
ENSG00000274422,22287220,22283928,3292
ENSG00000178556,30617693,30617454,239
ENSG00000234630,22294794,22293733,1061
ENSG00000224079,1078036,1074450,3586
ENSG00000162928,61051990,61017225,34765
ENSG00000164849,1059261,1044546,14715
ENSG00000211643,22319226,22318727,499
ENSG00000226558,43364294,43364220,74
ENSG00000286129,22329122,22298124,30998
ENSG00000211644,22322969,22322472,497
ENSG00000223392,95533910,95479444,54466
ENSG00000137204,43305538,43295694,9844
ENSG00000272779,22310401,22303224,7177
ENSG00000134874,95644703,95578202,66501
ENSG00000205629,25178231,25111731,66500
ENSG00000211645,22327814,22327300,514
ENSG00000197841,34745378,34734155,11223
ENSG00000256407,54200073,54132686,67387
ENSG00000088726,12769457,12733528,35929
ENSG00000225146,1043891,1029025,14866
ENSG00000227129,31939383,31934136,5247
ENSG00000150873,11146790,11133053,13737
ENSG00000280425,54142980,54137746,5234
ENSG00000229176,31752228,31750175,2053
ENSG00000113387,32604079,32531633,72446
ENSG00000116221,54225464,54184041,41423
ENSG00000197061,26104310,26103876,434
ENSG00000187475,26108136,26107419,717
ENSG00000278272,26045821,26045411,410
ENSG00000251648,65733654,65732973,681
ENSG00000237026,65236723,65235790,933
ENSG00000229320,160569248,160565447,3801
ENSG00000113597,65666233,65625004,41229
ENSG00000180573,26139116,26124145,14971
ENSG00000101166,59042809,59033145,9664
ENSG00000186432,160565571,160495007,70564
ENSG00000235222,31750052,31727390,22662
ENSG00000187837,26056428,26055787,641
ENSG00000180596,26123926,26114873,9053
ENSG00000060971,38137242,38103129,34113
ENSG00000269761,7006074,7005012,1062
ENSG00000283679,7012679,7011884,795
ENSG00000247400,95676925,95648733,28192
ENSG00000279567,15365877,15365323,554
ENSG00000060749,32993316,32892820,100496
ENSG00000196589,7021450,7018969,2481
ENSG00000274580,54899533,54882451,17082
ENSG00000173698,19122637,18989307,133330
ENSG00000266667,15417878,15379864,38014
ENSG00000237247,7033011,7030578,2433
ENSG00000273749,22981063,22867052,114011
ENSG00000267079,11914344,11910634,3710
ENSG00000271803,33675380,33674517,863
ENSG00000124479,43973395,43948776,24619
ENSG00000205718,7040179,7037748,2431
ENSG00000101412,33686385,33675477,10908
ENSG00000256806,6693202,6651718,41484
ENSG00000254162,80539135,80535006,4129
ENSG00000274114,6693577,6657034,36543
ENSG00000171566,154550400,154535005,15395
ENSG00000260317,80543104,80541300,1804
ENSG00000188856,80559757,80558870,887
ENSG00000253760,80568506,80568050,456
ENSG00000254181,80595703,80594815,888
ENSG00000243224,52241097,52239258,1839
ENSG00000261996,6655009,6653464,1545
ENSG00000239653,64012148,64004022,8126
ENSG00000272181,64019925,64019508,417
ENSG00000141485,6713567,6684713,28854
ENSG00000271843,64008692,64008082,610
ENSG00000163636,64024010,64010549,13461
ENSG00000266538,15531089,15530773,316
ENSG00000236276,43969620,43949732,19888
ENSG00000255434,75597270,75596144,1126
ENSG00000255280,75642889,75642600,289
ENSG00000175106,15563595,15502264,61331
ENSG00000254630,75638587,75635883,2704
ENSG00000131620,70189528,70078302,111226
ENSG00000279617,17871705,17871273,432
ENSG00000255326,75594665,75583196,11469
ENSG00000249617,165046280,165045969,311
ENSG00000171533,75669120,75586918,82202
ENSG00000056586,122905359,122844556,60803
ENSG00000271278,39933561,39932454,1107
ENSG00000250568,39973442,39973128,314
ENSG00000170043,7932123,7930345,1778
ENSG00000231707,39974338,39973444,894
ENSG00000175535,116567855,116545931,21924
ENSG00000265784,38921769,38918801,2968
ENSG00000263466,38904600,38903704,896
ENSG00000260034,25149032,25140577,8455
ENSG00000227920,37550860,37545145,5715
ENSG00000002834,38921770,38869859,51911
ENSG00000232368,30630825,30630298,527
ENSG00000229559,37547280,37543553,3727
ENSG00000182095,5425414,5306790,118624
ENSG00000176312,19760774,19759868,906
ENSG00000182652,19749469,19743571,5898
ENSG00000176294,19830253,19719015,111238
ENSG00000134873,95579759,95433604,146155
ENSG00000106785,98119222,98069275,49947
ENSG00000279942,37571460,37567716,3744
ENSG00000176299,19783696,19773504,10192
ENSG00000120519,146521964,146253975,267989
ENSG00000258438,19734302,19733355,947
ENSG00000258564,19797293,19796345,948
ENSG00000170037,7949918,7932101,17817
ENSG00000108107,55403250,55385345,17905
ENSG00000250374,165060554,165053864,6690
ENSG00000236369,30458271,30456729,1542
ENSG00000238012,64332131,64330486,1645
ENSG00000231157,30460532,30459163,1369
ENSG00000238201,64341647,64338067,3580
ENSG00000236148,64347741,64347193,548
ENSG00000153044,69210357,69189574,20783
ENSG00000243410,64016246,64011964,4282
ENSG00000236250,31974100,31963829,10271
ENSG00000235112,21162081,21161475,606
ENSG00000233072,21003934,21003550,384
ENSG00000095380,98083077,98056732,26345
ENSG00000278548,39575001,39429440,145561
ENSG00000120063,65056740,65009289,47451
ENSG00000105641,17895174,17871945,23229
ENSG00000229894,165279679,165277812,1867
ENSG00000188365,5423122,5419846,3276
ENSG00000170088,165208549,165070608,137941
ENSG00000197860,65723035,65665928,57107
ENSG00000164638,5306870,5274369,32501
ENSG00000266598,65053308,65051909,1399
ENSG00000229064,65247758,65247608,150
ENSG00000111241,4445614,4428155,17459
ENSG00000171867,4701590,4686236,15354
ENSG00000277544,65292776,65290429,2347
ENSG00000282381,65306238,65269374,36864
ENSG00000255129,113314437,113278437,36000
ENSG00000248692,62165554,62071752,93802
ENSG00000231556,65335668,65335174,494
ENSG00000203334,108959797,108957718,2079
ENSG00000232906,65357176,65355934,1242
ENSG00000263990,31886666,31873926,12740
ENSG00000253499,114318911,114318400,511
ENSG00000227652,30476833,30476183,650
ENSG00000255528,109037967,109002465,35502
ENSG00000108651,31901708,31860904,40804
ENSG00000166803,64387687,64364304,23383
ENSG00000146757,65401135,65373799,27336
ENSG00000129219,4823434,4807152,16282
ENSG00000233511,108252400,108252214,186
ENSG00000109466,165323156,165207561,115595
ENSG00000218018,57393062,57384160,8902
ENSG00000205682,61428221,61420246,7975
ENSG00000285558,141807919,141738474,69445
ENSG00000112335,108261246,108211222,50024
ENSG00000225405,62106049,62105660,389
ENSG00000132819,57409333,57391396,17937
ENSG00000114125,141747560,141738249,9311
ENSG00000241261,61212203,61211652,551
ENSG00000211806,22113031,22112347,684
ENSG00000100342,36267530,36253010,14520
ENSG00000113595,65625975,65589690,36285
ENSG00000211807,22124285,22123318,967
ENSG00000211808,22133034,22132553,481
ENSG00000211809,22148633,22147995,638
ENSG00000258835,22155638,22155079,559
ENSG00000232925,59113631,59113224,407
ENSG00000211810,22163870,22163238,632
ENSG00000164405,132868847,132866630,2217
ENSG00000259092,22168988,22168429,559
ENSG00000249048,22177864,22177273,591
ENSG00000258905,22186057,22185562,495
ENSG00000258812,22190713,22190158,555
ENSG00000211812,22203368,22202583,785
ENSG00000211813,22208129,22207522,607
ENSG00000223878,15507354,15506866,488
ENSG00000114124,141818490,141778148,40342
ENSG00000234324,15444191,15443639,552
ENSG00000282052,46551093,46550508,585
ENSG00000282733,46533777,46419950,113827
ENSG00000253756,114791929,114791653,276
ENSG00000259024,15563561,15436021,127540
ENSG00000254514,45583474,45582525,949
ENSG00000276262,46586373,46419843,166530
ENSG00000282677,18808018,18807279,739
ENSG00000241269,5420767,5419827,940
ENSG00000282536,18810048,18809830,218
ENSG00000175264,45665622,45647689,17933
ENSG00000189190,52786807,52749942,36865
ENSG00000110047,64888296,64851642,36654
ENSG00000281950,76529340,76519194,10146
ENSG00000285115,113060507,113060086,421
ENSG00000235297,74390297,74389884,413
ENSG00000173327,65615382,65597756,17626
ENSG00000164404,132866884,132861181,5703
ENSG00000108106,55407788,55399745,8043
ENSG00000255091,45652691,45651529,1162
ENSG00000254890,109487424,109486968,456
ENSG00000234798,31964946,31962464,2482
ENSG00000255028,109583907,109355085,228822
ENSG00000278310,28504915,28491516,13399
ENSG00000236436,20861661,20859771,1890
ENSG00000254519,45748029,45722308,25721
ENSG00000185742,109429114,109422120,6994
ENSG00000261012,21000917,20999313,1604
ENSG00000282349,76520574,76515627,4947
ENSG00000276184,76515744,76510496,5248
ENSG00000270894,35823713,35818399,5314
ENSG00000255426,45735766,45733994,1772
ENSG00000255097,9245509,9242448,3061
ENSG00000270885,35743521,35731649,11872
ENSG00000239704,15503608,15436015,67593
ENSG00000230248,108276546,108275642,904
ENSG00000254482,109638128,109637468,660
ENSG00000184014,9265350,9138825,126525
ENSG00000224988,129884170,129883693,477
ENSG00000254659,109823847,109751442,72405
ENSG00000169118,64356173,64165525,190648
ENSG00000042317,88470350,88384924,85426
ENSG00000271268,35861566,35861093,473
ENSG00000267661,11929476,11928838,638
ENSG00000180828,64583628,64580367,3261
ENSG00000254102,64581888,64574306,7582
ENSG00000272037,102257821,102256392,1429
ENSG00000275031,83097050,83077507,19543
ENSG00000253328,102242619,102242040,579
ENSG00000246263,102253333,102239394,13939
ENSG00000227714,95694495,95693983,512
ENSG00000276809,95745765,95744726,1039
ENSG00000275448,64677993,64677796,197
ENSG00000258301,76786724,76781733,4991
ENSG00000279025,38373935,38372856,1079
ENSG00000229622,95693972,95692538,1434
ENSG00000236354,38545299,38533343,11956
ENSG00000258610,76782249,76778952,3297
ENSG00000102580,95794988,95677139,117849
ENSG00000229437,38578994,38576640,2354
ENSG00000177558,35228729,35224800,3929
ENSG00000013523,76826246,76786178,40068
ENSG00000282715,18880683,18816718,63965
ENSG00000282479,28517839,28515677,2162
ENSG00000282779,28529484,28529259,225
ENSG00000122376,87191468,87094161,97307
ENSG00000198121,111038458,110873263,165195
ENSG00000234701,38617940,38617419,521
ENSG00000282038,28535183,28535031,152
ENSG00000281988,113738248,113731864,6384
ENSG00000262497,35233003,35232291,712
ENSG00000282073,28540883,28540731,152
ENSG00000282224,28546583,28546431,152
ENSG00000282060,28552283,28552131,152
ENSG00000259269,39481206,39472703,8503
ENSG00000262730,7930622,7925931,4691
ENSG00000282696,28557979,28557827,152
ENSG00000286113,73882733,73879046,3687
ENSG00000282169,28563679,28563475,204
ENSG00000164363,1246189,1225381,20808
ENSG00000282660,28585769,28585644,125
ENSG00000263874,38929384,38925168,4216
ENSG00000170049,7929803,7921859,7944
ENSG00000255143,70149623,70129297,20326
ENSG00000254902,70188509,70187788,721
ENSG00000237280,87115523,87113954,1569
ENSG00000148672,87094843,87050202,44641
ENSG00000007080,17943991,17933015,10976
ENSG00000005238,35116341,35104112,12229
ENSG00000167757,51028039,51022216,5823
ENSG00000137818,69456205,69452814,3391
ENSG00000167037,24927578,24806169,121409
ENSG00000171864,4728460,4721909,6551
ENSG00000230835,64881945,64881535,410
ENSG00000232373,95695705,95694569,1136
ENSG00000211814,22222475,22221896,579
ENSG00000153896,34773229,34758073,15156
ENSG00000211815,22227254,22226746,508
ENSG00000283695,52865429,52865369,60
ENSG00000282664,113752109,113749533,2576
ENSG00000283088,52962768,52880663,82105
ENSG00000259068,22266264,22265749,515
ENSG00000230522,7051735,7049321,2414
ENSG00000211816,22272563,22271968,595
ENSG00000213793,52923481,52904417,19064
ENSG00000180259,4740668,4731282,9386
ENSG00000211817,22281748,22281105,643
ENSG00000071246,76783015,76761468,21547
ENSG00000204604,52890375,52838010,52365
ENSG00000164684,80874781,80628451,246330
ENSG00000231071,4736673,4735669,1004
ENSG00000182315,7058640,7056209,2431
ENSG00000251633,73915010,73905357,9653
ENSG00000015475,17774770,17734138,40632
ENSG00000248781,56276630,56275304,1326
ENSG00000249697,56321397,56313905,7492
ENSG00000070814,150400308,150357629,42679
ENSG00000250787,56382075,56381781,294
ENSG00000146143,57646850,57314805,332045
ENSG00000248727,56481946,56457795,24151
ENSG00000165684,136400168,136375577,24591
ENSG00000263863,65125710,65105873,19837
ENSG00000278238,52455331,52454775,556
ENSG00000264131,65187018,65186159,859
ENSG00000100345,36388067,36281277,106790
ENSG00000144744,69080408,69054730,25678
ENSG00000264232,65447512,65424013,23499
ENSG00000267943,53013180,53007512,5668
ENSG00000259081,76781518,76774284,7234
ENSG00000269646,52924075,52923382,693
ENSG00000244694,48068689,47878028,190661
ENSG00000253516,80812581,80812142,439
ENSG00000235810,57513425,57513157,268
ENSG00000228405,32129264,32126831,2433
ENSG00000242779,53037898,52966896,71002
ENSG00000254331,80645173,80644939,234
ENSG00000223841,57957178,57955295,1883
ENSG00000270192,57982993,57982285,708
ENSG00000151615,146642474,146638893,3581
ENSG00000121690,33033582,33015876,17706
ENSG00000232115,58106879,58106423,456
ENSG00000154079,70589569,70566917,22652
ENSG00000151151,58267894,58191517,76377
ENSG00000280641,61940574,61894910,45664
ENSG00000271967,70596980,70596438,542
ENSG00000232389,70609334,70608234,1100
ENSG00000231544,57838966,57838476,490
ENSG00000218870,70664279,70663502,777
ENSG00000267209,57964434,57961231,3203
ENSG00000047621,4538508,4487735,50773
ENSG00000101199,63289790,63272785,17005
ENSG00000180221,58213036,58212541,495
ENSG00000198538,52857600,52797408,60192
ENSG00000236221,32137613,32104206,33407
ENSG00000236654,23480959,23480753,206
ENSG00000269978,7700970,7700704,266
ENSG00000213979,37445534,37444733,801
ENSG00000237728,7389754,7382487,7267
ENSG00000134153,34101862,34084017,17845
ENSG00000250026,68218080,68184081,33999
ENSG00000260589,17643878,17641284,2594
ENSG00000232818,23491364,23490473,891
ENSG00000171735,7769706,6785454,984252
ENSG00000240912,114103628,114103249,379
ENSG00000147853,4742043,4709556,32487
ENSG00000250426,68212470,68182292,30178
ENSG00000279981,79498348,79496058,2290
ENSG00000008226,38124025,38039205,84820
ENSG00000275186,79470940,79470120,820
ENSG00000279637,79422780,79420836,1944
ENSG00000238130,31561730,31559460,2270
ENSG00000269082,52981654,52956041,25613
ENSG00000040275,169604778,169583636,21142
ENSG00000229706,31596650,31595839,811
ENSG00000269526,53016122,53013921,2201
ENSG00000236547,31605043,31604464,579
ENSG00000254405,31752228,31727419,24809
ENSG00000235028,58019061,58018794,267
ENSG00000118160,47471893,47428017,43876
ENSG00000230454,50263358,50260303,3055
ENSG00000266579,57497691,57493855,3836
ENSG00000221874,52962823,52928475,34348
ENSG00000255107,69860540,69859264,1276
ENSG00000204952,38967402,38936432,30970
ENSG00000142002,4724673,4675224,49449
ENSG00000243094,34086314,34085911,403
ENSG00000225724,22341214,22339573,1641
ENSG00000180257,52962911,52949379,13532
ENSG00000221983,18577550,18571730,5820
ENSG00000278279,54422496,54414251,8245
ENSG00000274451,155005318,155004835,483
ENSG00000218757,154845620,154845074,546
ENSG00000146426,155257723,154832697,425026
ENSG00000273356,50672048,50669989,2059
ENSG00000253217,100350707,100337595,13112
ENSG00000265428,38996624,38996323,301
ENSG00000266588,39013032,39003248,9784
ENSG00000253824,100414459,100381260,33199
ENSG00000122873,58289586,58269162,20424
ENSG00000255484,112555802,112534220,21582
ENSG00000253842,100430997,100428834,2163
ENSG00000164406,132875046,132872322,2724
ENSG00000229252,30484444,30479706,4738
ENSG00000254968,112621729,112393118,228611
ENSG00000213233,112461920,112461468,452
ENSG00000232633,113437174,113323028,114146
ENSG00000078070,183116075,183015218,100857
ENSG00000172795,113022195,112976702,45493
ENSG00000176533,2702694,2511219,191475
ENSG00000284763,113065956,113065535,421
ENSG00000284962,113071404,113070983,421
ENSG00000259779,74413209,74409415,3794
ENSG00000135336,87667453,87590067,77386
ENSG00000225126,7441554,7441096,458
ENSG00000285076,113076850,113076429,421
ENSG00000270035,7698872,7698303,569
ENSG00000266013,39027110,39026715,395
ENSG00000270171,7694844,7693124,1720
ENSG00000227950,6834618,6834333,285
ENSG00000229496,31622924,31606569,16355
ENSG00000237402,7370270,7368942,1328
ENSG00000277426,39026742,39023394,3348
ENSG00000121210,153636711,153466346,170365
ENSG00000237365,7014279,7008376,5903
ENSG00000272541,57856468,57855891,577
ENSG00000185873,68245720,68226653,19067
ENSG00000267412,2611862,2610155,1707
ENSG00000267214,2632849,2631954,895
ENSG00000277632,36090169,36088256,1913
ENSG00000273528,54713453,54707916,5537
ENSG00000105694,2538754,2538112,642
ENSG00000267749,2643853,2641838,2015
ENSG00000276097,2701266,2700689,577
ENSG00000213801,52942601,52927135,15466
ENSG00000277831,44369877,44369365,512
ENSG00000091583,66256525,66212033,44492
ENSG00000274641,27893843,27893463,380
ENSG00000088538,51384198,50674927,709271
ENSG00000255875,52810708,52809824,884
ENSG00000182986,52897693,52863790,33903
ENSG00000168131,27912396,27911185,1211
ENSG00000204490,31565742,31562973,2769
ENSG00000250642,68285959,68282461,3498
ENSG00000228527,58305621,58304553,1068
ENSG00000275302,36105621,36103827,1794
ENSG00000248639,68294364,68293127,1237
ENSG00000261076,58327030,58325614,1416
ENSG00000112339,135103056,134960378,142678
ENSG00000238017,31752965,31751686,1279
ENSG00000230971,15272290,15267461,4829
ENSG00000282368,28599296,28596172,3124
ENSG00000237377,15279477,15276562,2915
ENSG00000164822,6926076,6924697,1379
ENSG00000259390,39519954,39512335,7619
ENSG00000123473,47314147,47250139,64008
ENSG00000223350,22343732,22343187,545
ENSG00000130544,7087968,7069703,18265
ENSG00000162976,11178870,11155198,23672
ENSG00000280618,22981018,22903706,77312
ENSG00000232515,22348164,22347807,357
ENSG00000118162,47484265,47475150,9115
ENSG00000100220,32412248,32387582,24666
ENSG00000282118,28614963,28614840,123
ENSG00000211647,22353433,22352940,493
ENSG00000151778,44397714,44373665,24049
ENSG00000134056,69230158,69217760,12398
ENSG00000282023,28636692,28636485,207
ENSG00000138347,68212017,68106117,105900
ENSG00000211648,22358260,22357739,521
ENSG00000282004,28650318,28648137,2181
ENSG00000237428,22367770,22366210,1560
ENSG00000211649,22370087,22369614,473
ENSG00000232603,22371120,22370829,291
ENSG00000246740,41999094,41972763,26331
ENSG00000211650,22376505,22375986,519
ENSG00000188089,42051190,41981582,69608
ENSG00000150893,38887131,38687077,200054
ENSG00000182405,34108686,34102083,6603
ENSG00000168126,27938403,27937465,938
ENSG00000235134,32118110,32114742,3368
ENSG00000258789,88552493,88551597,896
ENSG00000124657,27958182,27957241,941
ENSG00000070778,88555007,88465778,89229
ENSG00000211651,22381347,22380766,581
ENSG00000268282,53005150,53004040,1110
ENSG00000214374,27965514,27965175,339
ENSG00000268225,52864151,52861807,2344
ENSG00000211652,22395489,22395018,471
ENSG00000254175,22397524,22397032,492
ENSG00000254073,22398999,22398849,150
ENSG00000277089,36090134,36072866,17268
ENSG00000253818,22404721,22404207,514
ENSG00000211653,22410282,22409766,516
ENSG00000101417,33720319,33702758,17561
ENSG00000224144,22421310,22420326,984
ENSG00000276526,54452936,54448346,4590
ENSG00000261342,2729327,2727743,1584
ENSG00000141873,2740028,2732204,7824
ENSG00000257797,42010117,42006132,3985
ENSG00000254625,6930473,6928608,1865
ENSG00000244513,69056622,69013941,42681
ENSG00000164821,6938338,6935822,2516
ENSG00000159899,35809732,35792154,17578
ENSG00000278437,54257914,54251016,6898
ENSG00000235278,50788285,50786674,1611
ENSG00000231668,38052395,38051759,636
ENSG00000240959,50877657,50876712,945
ENSG00000225350,38827570,38821798,5772
ENSG00000182179,49813953,49805209,8744
ENSG00000213587,50719951,50719482,469
ENSG00000144747,69052339,69019827,32512
ENSG00000204428,31684040,31676684,7356
ENSG00000228337,50685791,50685551,240
ENSG00000145147,20620561,20251905,368656
ENSG00000223629,6951599,6950726,873
ENSG00000105642,18000080,17951293,48787
ENSG00000233238,6960161,6959289,872
ENSG00000249531,68302459,68300325,2134
ENSG00000248122,68304939,68304343,596
ENSG00000233531,6969113,6968141,972
ENSG00000212122,113435031,113432554,2477
ENSG00000176490,2721372,2714567,6805
ENSG00000206047,6980080,6977649,2431
ENSG00000072401,58370751,58334979,35772
ENSG00000171444,113488823,113022099,466724
ENSG00000215378,6989721,6987178,2543
ENSG00000150667,39782841,39588357,194484
ENSG00000240247,6999195,6996766,2429
ENSG00000267001,2740048,2717769,22279
ENSG00000237361,44405984,44400250,5734
ENSG00000280529,62005079,61950345,54734
ENSG00000266955,11994938,11993988,950
ENSG00000141401,12030877,11981025,49852
ENSG00000159337,42094554,42067009,27545
ENSG00000259580,39801333,39770559,30774
ENSG00000198146,34988287,34978341,9946
ENSG00000278621,39588882,39588357,525
ENSG00000276107,39587293,39586561,732
ENSG00000242285,160585787,160584945,842
ENSG00000258983,88515502,88499334,16168
ENSG00000259432,39815429,39813223,2206
ENSG00000179674,160678452,160677159,1293
ENSG00000166073,39920892,39799032,121860
ENSG00000118496,145814795,145793502,21293
ENSG00000279364,34980084,34978351,1733
ENSG00000124203,59259113,59123381,135732
ENSG00000264964,9334441,9315194,19247
ENSG00000260572,160755142,160753428,1714
ENSG00000282107,113760337,113760262,75
ENSG00000282311,91554503,91554410,93
ENSG00000280633,91575271,91572444,2827
ENSG00000128791,9402420,9334767,67653
ENSG00000260903,32003387,31968151,35236
ENSG00000232039,7007389,7006293,1096
ENSG00000238124,65463438,65463071,367
ENSG00000115268,1440494,1438358,2136
ENSG00000216629,27978075,27977150,925
ENSG00000270791,40759050,40758483,567
ENSG00000146414,145964423,145864245,100178
ENSG00000278012,31970831,31970181,650
ENSG00000226767,65508944,65508773,171
ENSG00000282254,76615798,76537175,78623
ENSG00000214031,40761270,40760104,1166
ENSG00000253889,22426314,22425821,493
ENSG00000217539,28012355,28010723,1632
ENSG00000261136,39785617,39782571,3046
ENSG00000211654,22428035,22427540,495
ENSG00000253643,24514829,24490312,24517
ENSG00000276464,76615077,76597802,17275
ENSG00000163590,161078902,160755602,323300
ENSG00000137801,39599466,39581079,18387
ENSG00000211655,22432465,22431958,507
ENSG00000284867,113082292,113081871,421
ENSG00000235421,65554744,65525629,29115
ENSG00000285370,113087738,113087317,421
ENSG00000204487,31569928,31567961,1967
ENSG00000275462,54465035,54459891,5144
ENSG00000237661,40832562,40831844,718
ENSG00000238222,40836005,40834485,1520
ENSG00000150527,39388513,39230231,158282
ENSG00000187773,74457944,74434099,23845
ENSG00000232801,40891537,40890647,890
ENSG00000230821,22448336,22446686,1650
ENSG00000042980,24359018,24294040,64978
ENSG00000285091,58981169,58916000,65169
ENSG00000189145,40908391,40907987,404
ENSG00000284985,58948267,58948089,178
ENSG00000206258,32194037,32117595,76442
ENSG00000253631,22450652,22450202,450
ENSG00000230386,65619153,65617082,2071
ENSG00000285769,112751131,112637342,113789
ENSG00000226595,22465986,22465659,327
ENSG00000254626,112795854,112787304,8550
ENSG00000260132,1412248,1408834,3414
ENSG00000090581,1364113,1351931,12182
ENSG00000216866,40935864,40934982,882
ENSG00000237931,41077750,41076999,751
ENSG00000225684,113111500,113103338,8162
ENSG00000185880,44767829,44728988,38841
ENSG00000105402,47515091,47487637,27454
ENSG00000281945,82981921,82978708,3213
ENSG00000226239,32031575,32027753,3822
ENSG00000267205,3756517,3753840,2677
ENSG00000278759,82946138,82923652,22486
ENSG00000101331,32032180,32010450,21730
ENSG00000275833,65768306,65764535,3771
ENSG00000267138,3756659,3754620,2039
ENSG00000272693,65770810,65647010,123800
ENSG00000011132,3761692,3750772,10920
ENSG00000273024,65718688,65647823,70865
ENSG00000253666,100501148,100475675,25473
ENSG00000217315,28034855,28033947,908
ENSG00000261821,74371211,74365435,5776
ENSG00000254364,100493713,100492528,1185
ENSG00000187763,28047367,28046434,933
ENSG00000260266,74364620,74350768,13852
ENSG00000260271,90362632,90320443,42189
ENSG00000225221,38902650,38902387,263
ENSG00000140459,74367646,74337759,29887
ENSG00000228409,65763354,65751142,12212
ENSG00000164188,36302114,36248434,53680
ENSG00000137098,35812272,35808045,4227
ENSG00000006016,18607741,18572220,35521
ENSG00000189196,64087363,64078361,9002
ENSG00000241111,64103131,64067964,35167
ENSG00000163637,64445476,64092236,353240
ENSG00000082074,39274528,39105252,169276
ENSG00000186474,51035230,51029092,6138
ENSG00000275521,54910036,54906121,3915
ENSG00000279369,63702670,63700847,1823
ENSG00000136490,63701172,63695888,5284
ENSG00000230789,143194166,143192500,1666
ENSG00000285366,142947105,142946569,536
ENSG00000124205,59325992,59300443,25549
ENSG00000105289,3750813,3708362,42451
ENSG00000226272,142868922,142859604,9318
ENSG00000213830,69313872,69313371,501
ENSG00000183323,69332809,69280175,52634
ENSG00000145819,143229011,142770377,458634
ENSG00000105696,18621039,18607430,13609
ENSG00000124570,2972165,2948159,24006
ENSG00000279314,31961946,31960325,1621
ENSG00000229715,31953361,31952580,781
ENSG00000237637,32031639,32025314,6325
ENSG00000227487,113273901,113269532,4369
ENSG00000073910,32299122,31846713,452409
ENSG00000247416,112963460,112959279,4181
ENSG00000185900,43123434,43093506,29928
ENSG00000259181,35003221,34993646,9575
ENSG00000280396,35000270,34999902,368
ENSG00000270639,4769895,4768617,1278
ENSG00000220105,4782078,4781475,603
ENSG00000234809,30769904,30766531,3373
ENSG00000149294,113278436,112961247,317189
ENSG00000259587,35011191,35008469,2722
ENSG00000259665,35081513,35081144,369
ENSG00000260425,1361405,1358900,2505
ENSG00000226017,64200965,64187544,13421
ENSG00000255192,35085110,35084193,917
ENSG00000059145,1414751,1363205,51546
ENSG00000244564,64454832,64445231,9601
ENSG00000259397,35093210,35092481,729
ENSG00000241572,64101122,64099273,1849
ENSG00000268906,51034335,51030076,4259
ENSG00000259592,35122084,35121573,511
ENSG00000241101,64106056,64103470,2586
ENSG00000268390,51052077,51043806,8271
ENSG00000259336,35169698,35099022,70676
ENSG00000239926,64175147,64174401,746
ENSG00000259215,69461806,69458522,3284
ENSG00000254721,70207390,70206291,1099
ENSG00000272149,33147721,33144104,3617
ENSG00000170275,33147773,33113979,33794
ENSG00000272825,44936954,44936303,651
ENSG00000228628,32204680,32191691,12989
ENSG00000168040,70207390,70203163,4227
ENSG00000183250,44939913,44932814,7099
ENSG00000205790,4685948,4679282,6666
ENSG00000106789,98192637,98120975,71662
ENSG00000285997,56491499,56488486,3013
ENSG00000226221,56505072,56504635,437
ENSG00000259411,35401768,35400691,1077
ENSG00000273335,9474006,9473421,585
ENSG00000250145,106544330,106543066,1264
ENSG00000259688,35396444,35396221,223
ENSG00000234553,56537826,56536583,1243
ENSG00000259516,35238197,35181799,56398
ENSG00000225940,56606232,56511567,94665
ENSG00000235550,38936199,38922727,13472
ENSG00000259217,35774950,35774801,149
ENSG00000266173,63741986,63682336,59650
ENSG00000006015,18592336,18588685,3651
ENSG00000270490,66810560,66808404,2156
ENSG00000259710,35282980,35282596,384
ENSG00000277152,66867023,66860303,6720
ENSG00000134146,35546193,35217345,328848
ENSG00000228650,56772303,56770799,1504
ENSG00000259289,66956518,66931537,24981
ENSG00000140511,88895626,88877288,18338
ENSG00000206069,24946695,24934954,11741
ENSG00000266805,9509726,9506242,3484
ENSG00000188167,33097146,33090421,6725
ENSG00000259437,66931755,66919811,11944
ENSG00000017797,9538114,9475009,63105
ENSG00000251027,107011014,106815197,195817
ENSG00000229043,1165267,1160374,4893
ENSG00000250273,107195332,107195156,176
ENSG00000235424,33077491,33077204,287
ENSG00000223899,33034810,33033863,947
ENSG00000178381,1160759,1152071,8688
ENSG00000069206,24526970,24440930,86040
ENSG00000170266,33097202,32996609,100593
ENSG00000165269,33402682,33383179,19503
ENSG00000277090,28674479,28661119,13360
ENSG00000248611,154555985,154555208,777
ENSG00000225129,59357774,59352195,5579
ENSG00000230352,59364773,59360927,3846
ENSG00000233686,59460837,59460619,218
ENSG00000268061,47501597,47484282,17315
ENSG00000227282,59516039,59515191,848
ENSG00000279861,47489519,47487638,1881
ENSG00000158806,22036897,22024125,12772
ENSG00000174276,65117708,65116403,1305
ENSG00000259202,67146939,67142734,4205
ENSG00000255173,65117458,65117157,301
ENSG00000270281,34780021,34779412,609
ENSG00000215380,35374474,35374265,209
ENSG00000278952,65119111,65118310,801
ENSG00000166949,67195169,67063763,131406
ENSG00000255004,35286009,35281813,4196
ENSG00000261754,34814345,34811589,2756
ENSG00000124486,41236579,41085445,151134
ENSG00000271666,34825996,34825414,582
ENSG00000267767,34832869,34788582,44287
ENSG00000164088,52250599,52245759,4840
ENSG00000224424,48851981,48847572,4409
ENSG00000206428,31607250,31605413,1837
ENSG00000231528,113119928,113113073,6855
ENSG00000259585,35299440,35298249,1191
ENSG00000248079,35859001,35546195,312806
ENSG00000114302,48847874,48744597,103277
ENSG00000277033,83050530,82942371,108159
ENSG00000230900,31623190,31620808,2382
ENSG00000284242,66278664,66278059,605
ENSG00000275156,54924255,54914255,10000
ENSG00000119321,113221318,113161006,60312
ENSG00000234082,31619484,31618650,834
ENSG00000228662,31606582,31605067,1515
ENSG00000231105,21299774,21293290,6484
ENSG00000236936,21267251,21266082,1169
ENSG00000236924,6670635,6645956,24679
ENSG00000231381,6670008,6668999,1009
ENSG00000280393,69938400,69938168,232
ENSG00000229057,6663792,6662424,1368
ENSG00000117298,21345572,21217247,128325
ENSG00000171217,155276548,155264013,12535
ENSG00000088247,6424794,6413348,11446
ENSG00000167759,51065114,51055626,9488
ENSG00000133115,38991066,38965925,25141
ENSG00000029639,155314493,155256134,58359
ENSG00000250041,10899322,10884885,14437
ENSG00000134028,24406013,24384285,21728
ENSG00000236287,10858796,10812074,46722
ENSG00000147613,86088621,86048373,40248
ENSG00000259316,64381440,64181180,200260
ENSG00000243368,183017808,183016255,1553
ENSG00000227753,86017126,86016819,307
ENSG00000147614,86154225,85987323,166902
ENSG00000247271,10906802,10858259,48543
ENSG00000213638,1913447,1905399,8048
ENSG00000246308,10822931,10809297,13634
ENSG00000164548,23532041,23504780,27261
ENSG00000232352,50267371,50266641,730
ENSG00000235652,145886585,145799409,87176
ENSG00000247570,69944648,69942948,1700
ENSG00000253721,69987697,69987415,282
ENSG00000227500,1926013,1905372,20641
ENSG00000220725,55681021,55680642,379
ENSG00000253675,86154225,86098965,55260
ENSG00000243761,86043507,86043102,405
ENSG00000239839,7018297,7015869,2428
ENSG00000235381,155256724,155253139,3585
ENSG00000213079,154834244,154733325,100919
ENSG00000251215,39170335,39169210,1125
ENSG00000136867,113164140,113150976,13164
ENSG00000231665,49212294,49210422,1872
ENSG00000102539,49222377,49220338,2039
ENSG00000229077,31955518,31939669,15849
ENSG00000234178,7029489,7028641,848
ENSG00000278156,44580432,44575893,4539
ENSG00000206042,7039439,7038571,868
ENSG00000274351,49234399,49232874,1525
ENSG00000225727,44464921,44437057,27864
ENSG00000164816,7056739,7055304,1435
ENSG00000102804,44577147,44432143,145004
ENSG00000255273,7083328,7082971,357
ENSG00000225791,52583993,52577307,6686
ENSG00000242083,56356932,56356135,797
ENSG00000284620,7187316,7092102,95214
ENSG00000234120,7113728,7112314,1414
ENSG00000157426,56387508,56338287,49221
ENSG00000230106,7170741,7170550,191
ENSG00000254683,7143841,7143632,209
ENSG00000270382,52657651,52657373,278
ENSG00000228744,7123704,7122857,847
ENSG00000274937,74375511,74374678,833
ENSG00000237054,22926900,22918947,7953
ENSG00000249276,43886628,43874367,12261
ENSG00000277718,74390535,74379083,11452
ENSG00000102595,96053482,95801580,251902
ENSG00000216775,52669155,52664366,4789
ENSG00000070193,44389706,44303544,86162
ENSG00000100461,22919182,22893204,25978
ENSG00000253535,24912073,24295814,616259
ENSG00000248464,44413989,44388732,25257
ENSG00000223935,64453897,64395220,58677
ENSG00000271761,57903148,57902609,539
ENSG00000171564,154571086,154562956,8130
ENSG00000272316,57913911,57908560,5351
ENSG00000237217,64450524,64450096,428
ENSG00000178802,74902219,74890005,12214
ENSG00000278342,91554503,91554410,93
ENSG00000102543,49293485,49247925,45560
ENSG00000167136,128822676,128818500,4176
ENSG00000280357,44432678,44432144,534
ENSG00000279286,91575271,91572444,2827
ENSG00000182477,28054165,28053228,937
ENSG00000214019,44030921,44029332,1589
ENSG00000227922,77659664,77659413,251
ENSG00000220721,28074260,28073316,944
ENSG00000154582,73972287,73939169,33118
ENSG00000119862,64461381,64453969,7412
ENSG00000277044,64100643,64097802,2841
ENSG00000019582,150412929,150400041,12888
ENSG00000286112,128881931,128819663,62268
ENSG00000198917,128829794,128819651,10143
ENSG00000171469,9621236,9604680,16556
ENSG00000184459,32464484,32413847,50637
ENSG00000259246,67001085,67000814,271
ENSG00000259347,67065268,66984108,81160
ENSG00000243055,30724174,30699998,24176
ENSG00000241886,30721932,30698207,23725
ENSG00000237705,56862164,56842016,20148
ENSG00000095015,56896152,56815549,80603
ENSG00000198814,30731456,30653359,78097
ENSG00000053438,37523690,37521206,2484
ENSG00000213943,12788671,12787393,1278
ENSG00000250885,32651976,32646564,5412
ENSG00000227971,189645466,189645327,139
ENSG00000184349,107670937,107376889,294048
ENSG00000197279,28089563,28080568,8995
ENSG00000115944,42425088,42333546,91542
ENSG00000254198,43126397,43125995,402
ENSG00000249959,107716841,107699835,17006
ENSG00000225676,30207109,30184644,22465
ENSG00000272009,28081130,28078792,2338
ENSG00000248827,107727117,107724961,2156
ENSG00000214268,7191563,7190901,662
ENSG00000273972,45703183,45702640,543
ENSG00000215198,35149184,35147410,1774
ENSG00000259200,45931069,45705078,225991
ENSG00000254177,81067744,81058523,9221
ENSG00000229210,29636297,29636014,283
ENSG00000254060,81040831,81036964,3867
ENSG00000277339,64107171,64105820,1351
ENSG00000094880,138213343,138187650,25693
ENSG00000276121,44778721,44778196,525
ENSG00000268812,30246998,30246205,793
ENSG00000076641,81112068,80967810,144258
ENSG00000232530,30240538,30239194,1344
ENSG00000285746,77662626,77661376,1250
ENSG00000280695,64147290,64143780,3510
ENSG00000128342,30246759,30240453,6306
ENSG00000219891,28093664,28091154,2510
ENSG00000275895,6499261,6484623,14638
ENSG00000259479,44884694,44825747,58947
ENSG00000230793,44596082,44594858,1224
ENSG00000125409,15341632,15303811,37821
ENSG00000237585,44701016,44651812,49204
ENSG00000276527,44715393,44684487,30906
ENSG00000276603,37527060,37526642,418
ENSG00000219392,28116551,28115628,923
ENSG00000166619,37527931,37492472,35459
ENSG00000259187,44827094,44826540,554
ENSG00000249203,44510282,44495618,14664
ENSG00000231930,7200857,7200756,101
ENSG00000130595,1938706,1919703,19003
ENSG00000277641,46662074,46591415,70659
ENSG00000259742,44930622,44914802,15820
ENSG00000284614,7221930,7221713,217
ENSG00000204449,90042025,90031106,10919
ENSG00000269095,17255448,17235940,19508
ENSG00000259231,44920820,44919376,1444
ENSG00000250418,44700808,44698431,2377
ENSG00000284728,7228073,7227853,220
ENSG00000278300,54520909,54476196,44713
ENSG00000255025,7238631,7238286,345
ENSG00000160113,17245940,17231883,14057
ENSG00000177306,7247571,7246726,845
ENSG00000136108,52476628,52455429,21199
ENSG00000181240,6433779,6426037,7742
ENSG00000248228,20394856,20392189,2667
ENSG00000168907,42156636,42139034,17602
ENSG00000253214,81164599,81154279,10320
ENSG00000233542,2015530,2013213,2317
ENSG00000242292,36588661,36588506,155
ENSG00000254803,90050266,90049945,321
ENSG00000282145,28691285,28687420,3865
ENSG00000254916,90053736,90051837,1899
ENSG00000223709,90062999,90057605,5394
ENSG00000151577,114199407,114128652,70755
ENSG00000267673,10316015,10310045,5970
ENSG00000255011,90073055,90071136,1919
ENSG00000165929,91867536,91779746,87790
ENSG00000160117,17287646,17281645,6001
ENSG00000233315,30509451,30506497,2954
ENSG00000203867,110839468,110644336,195132
ENSG00000232526,42463997,42463139,858
ENSG00000271181,25179554,25179309,245
ENSG00000259743,46100392,46099193,1199
ENSG00000236913,42470266,42469817,449
ENSG00000203280,25112692,25102433,10259
ENSG00000171126,42493982,42442017,51965
ENSG00000279085,25015072,25009685,5387
ENSG00000141738,39747291,39737927,9364
ENSG00000279110,25065241,25052122,13119
ENSG00000278595,4761696,4761300,396
ENSG00000166391,75732958,75717838,15120
ENSG00000279548,25024652,25022594,2058
ENSG00000228398,141865279,141865012,267
ENSG00000259304,44971178,44970035,1143
ENSG00000197077,25197448,24952730,244718
ENSG00000168452,32211366,32192849,18517
ENSG00000112984,138187723,138178719,9004
ENSG00000167014,44979229,44956687,22542
ENSG00000230684,129936541,129933536,3005
ENSG00000254888,90075096,90074839,257
ENSG00000255009,90087131,90085950,1181
ENSG00000187239,130043194,129887187,156007
ENSG00000101265,4823608,4780023,43585
ENSG00000254436,90098817,90098421,396
ENSG00000279299,90126061,90125658,403
ENSG00000224316,65802067,65773620,28447
ENSG00000236529,65840596,65840212,384
ENSG00000136802,128918039,128882112,35927
ENSG00000240392,35263036,35262462,574
ENSG00000258790,35317474,35122549,194925
ENSG00000220201,10309880,10304803,5077
ENSG00000256243,35235651,35235180,471
ENSG00000282625,35219283,35219023,260
ENSG00000078053,38631420,38383704,247716
ENSG00000214561,58121029,58119741,1288
ENSG00000100890,35277614,35121846,155768
ENSG00000215190,57961501,57946074,15427
ENSG00000108561,5448830,5432777,16053
ENSG00000115226,27495200,27491883,3317
ENSG00000076662,10339661,10333776,5885
ENSG00000226977,95809607,95809310,297
ENSG00000100225,32498829,32474676,24153
ENSG00000259713,89591956,89518523,73433
ENSG00000261478,89510416,89508961,1455
ENSG00000171097,128882494,128832942,49552
ENSG00000279006,25051966,25048967,2999
ENSG00000140534,89631056,89575482,55574
ENSG00000282444,28702879,28695142,7737
ENSG00000232946,6675614,6675284,330
ENSG00000282422,28706648,28706490,158
ENSG00000171105,7294414,7112255,182159
ENSG00000229611,6707780,6704471,3309
ENSG00000282567,28720895,28716523,4372
ENSG00000203497,110872233,110869868,2365
ENSG00000139832,110561722,110523066,38656
ENSG00000214413,110919201,110898728,20473
ENSG00000090932,39508481,39498895,9586
ENSG00000275880,110616353,110613082,3271
ENSG00000213995,110639993,110615460,24533
ENSG00000263220,5371626,5364315,7311
ENSG00000224785,23564261,23562459,1802
ENSG00000232553,23586355,23585062,1293
ENSG00000108559,5419676,5360963,58713
ENSG00000239650,57930291,57919784,10507
ENSG00000225096,58438364,57961438,476926
ENSG00000230581,6835577,6834456,1121
ENSG00000231108,6735076,6734598,478
ENSG00000225489,6727438,6716495,10943
ENSG00000230045,7259914,7256904,3010
ENSG00000283352,57961382,57919912,41470
ENSG00000275960,54520914,54476158,44756
ENSG00000282255,15769724,15768444,1280
ENSG00000248779,44765744,44752949,12795
ENSG00000251141,44808777,44744900,63877
ENSG00000276480,15942169,15788326,153843
ENSG00000224972,6978859,6902670,76189
ENSG00000216687,58073134,58071720,1414
ENSG00000214563,57968661,57967687,974
ENSG00000145743,108382098,107859035,523063
ENSG00000218189,57939015,57937458,1557
ENSG00000107077,7175648,6720863,454785
ENSG00000267303,10320678,10315471,5207
ENSG00000258774,91605319,91604402,917
ENSG00000275046,58386961,58386799,162
ENSG00000260711,91759798,91752856,6942
ENSG00000274425,10336248,10333436,2812
ENSG00000214553,39053205,39027277,25928
ENSG00000167807,10316009,10305427,10582
ENSG00000268295,91603433,91603173,260
ENSG00000133962,91780707,91580696,200011
ENSG00000112983,138178986,138139766,39220
ENSG00000161847,10333638,10316212,17426
ENSG00000266048,39034042,39033926,116
ENSG00000204584,49848837,49845910,2927
ENSG00000276605,54355118,54354168,950
ENSG00000099985,30266851,30262829,4022
ENSG00000176358,49848017,49838309,9708
ENSG00000229331,30672166,30671635,531
ENSG00000228653,64501729,64500825,904
ENSG00000164736,54460892,54457935,2957
ENSG00000166813,89655467,89608789,46678
ENSG00000138172,103452402,103446786,5616
ENSG00000233132,7267536,7264526,3010
ENSG00000279699,30276951,30275215,1736
ENSG00000226374,3948980,3944547,4433
ENSG00000249005,7275158,7272148,3010
ENSG00000270440,5838661,5838131,530
ENSG00000233304,3955262,3940565,14697
ENSG00000269307,17282966,17267418,15548
ENSG00000007520,1351878,1349240,2638
ENSG00000259178,52086574,52082302,4272
ENSG00000259185,51909642,51908902,740
ENSG00000078328,7713338,5239802,2473536
ENSG00000130307,17282786,17249176,33610
ENSG00000274528,52018032,52017167,865
ENSG00000105550,48758333,48755559,2774
ENSG00000165102,43202855,43140464,62391
ENSG00000254770,59532695,59531754,941
ENSG00000069956,52067375,51952106,115269
ENSG00000264006,5185187,5154140,31047
ENSG00000111640,6538374,6534512,3862
ENSG00000265374,27247188,27225742,21446
ENSG00000185056,174006140,173973779,32361
ENSG00000169371,75626469,75598083,28386
ENSG00000100902,35317493,35278633,38860
ENSG00000244329,27355764,27355406,358
ENSG00000255226,45751871,45750823,1048
ENSG00000273485,103450852,103450196,656
ENSG00000264790,27346110,27343252,2858
ENSG00000285866,94589259,94583506,5753
ENSG00000277456,54704235,54703952,283
ENSG00000132646,5126626,5114953,11673
ENSG00000264151,27595164,27336379,258785
ENSG00000273670,54700905,54700593,312
ENSG00000286052,57458298,57442742,15556
ENSG00000227071,20684688,20683304,1384
ENSG00000259331,94600821,94600014,807
ENSG00000007516,1349441,1333601,15840
ENSG00000232876,135060550,135055033,5517
ENSG00000188352,20995955,20658309,337646
ENSG00000139737,77764242,77697687,66555
ENSG00000228304,19848263,19847367,896
ENSG00000270589,110912244,110910596,1648
ENSG00000176290,19869143,19868197,946
ENSG00000250678,119010542,119010060,482
ENSG00000150593,110900006,110871795,28211
ENSG00000172869,119249138,119037772,211366
ENSG00000263405,27453657,27452514,1143
ENSG00000255008,59566074,59561146,4928
ENSG00000263611,27401904,27397952,3952
ENSG00000165762,19883932,19875142,8790
ENSG00000278656,54853397,54836668,16729
ENSG00000265097,27420435,27418884,1551
ENSG00000166477,51971778,51938025,33753
ENSG00000259615,89582297,89579765,2532
ENSG00000227853,31651461,31649071,2390
ENSG00000259218,89524034,89505277,18757
ENSG00000226103,31651514,31649040,2474
ENSG00000231502,31789166,31779577,9589
ENSG00000226395,28004932,28004702,230
ENSG00000274511,54488196,54476178,12018
ENSG00000233472,28049615,27999788,49827
ENSG00000284668,4012699,3976133,36566
ENSG00000284703,4019508,4012921,6587
ENSG00000253109,174040240,174039751,489
ENSG00000229280,4175899,4175528,371
ENSG00000258962,91710617,91709111,1506
ENSG00000189366,125937039,125929275,7764
ENSG00000263272,5432876,5425139,7737
ENSG00000110048,59615774,59574398,41376
ENSG00000129197,5432876,5419641,13235
ENSG00000234729,32132795,32129439,3356
ENSG00000171084,125930024,125916620,13404
ENSG00000198414,44286246,44283916,2330
ENSG00000214018,44310476,44309314,1162
ENSG00000241490,114236204,114214313,21891
ENSG00000183690,44343672,44147872,195800
ENSG00000174255,114237578,114234631,2947
ENSG00000240487,114233021,114231398,1623
ENSG00000258541,19906600,19905917,683
ENSG00000259016,19908649,19908096,553
ENSG00000275004,22508742,22484421,24321
ENSG00000176281,19921659,19920582,1077
ENSG00000215375,682033,673580,8453
ENSG00000136738,17716824,17644151,72673
ENSG00000155249,19936757,19930917,5840
ENSG00000137133,35815354,35812960,2394
ENSG00000169548,22520270,22513736,6534
ENSG00000138594,51947295,51829628,117667
ENSG00000264630,66416854,66398069,18785
ENSG00000258822,19957996,19954490,3506
ENSG00000235054,4424689,4412027,12662
ENSG00000229330,66677404,66676372,1032
ENSG00000241439,125958817,125958556,261
ENSG00000240042,54269646,54268606,1040
ENSG00000154229,66810743,66302613,508130
ENSG00000169488,19976659,19975444,1215
ENSG00000187013,61413280,61411751,1529
ENSG00000278157,54528379,54522942,5437
ENSG00000160307,46605208,46598604,6604
ENSG00000224321,15793285,15792796,489
ENSG00000185905,29745990,29742463,3527
ENSG00000196383,20004760,19999913,4847
ENSG00000233954,15809348,15807169,2179
ENSG00000169484,20019307,20014143,5164
ENSG00000178715,15828669,15828232,437
ENSG00000029364,69462390,69398015,64375
ENSG00000176253,20036038,20029399,6639
ENSG00000260719,29748299,29745247,3052
ENSG00000244245,108593967,108593609,358
ENSG00000232091,116583317,116577308,6009
ENSG00000272523,108728260,108727825,435
ENSG00000249064,40021517,40020240,1277
ENSG00000280346,6507389,6507017,372
ENSG00000134152,34210096,34140674,69422
ENSG00000258899,20044827,20043916,911
ENSG00000279226,6520670,6520344,326
ENSG00000174992,29782973,29778240,4733
ENSG00000270620,15917908,15917698,210
ENSG00000278927,6553955,6550749,3206
ENSG00000176246,20060983,20060045,938
ENSG00000065526,15940456,15847707,92749
ENSG00000105393,17281249,17267376,13873
ENSG00000223863,64500904,64486353,14551
ENSG00000260101,64524093,64522187,1906
ENSG00000282996,28307658,28303300,4358
ENSG00000267638,44120595,44115912,4683
ENSG00000150054,28334486,28050993,283493
ENSG00000108587,30527592,30477362,50230
ENSG00000108840,44123702,44076746,46956
ENSG00000187021,116609175,116590385,18790
ENSG00000285645,35828732,35812960,15772
ENSG00000179774,68232103,68230624,1479
ENSG00000077312,40765389,40750637,14752
ENSG00000236083,35859980,35859055,925
ENSG00000233590,68242379,68233251,9128
ENSG00000137103,35865518,35814451,51067
ENSG00000169020,674330,672436,1894
ENSG00000178761,74906883,74899992,6891
ENSG00000232470,110871594,110869743,1851
ENSG00000274954,51833426,51833134,292
ENSG00000278061,68376509,68376327,182
ENSG00000259556,51930627,51919073,11554
ENSG00000234102,68261499,68260557,942
ENSG00000278601,110908182,110907483,699
ENSG00000259438,52019095,52010999,8096
ENSG00000259201,51901123,51887560,13563
ENSG00000259398,52035625,52033707,1918
ENSG00000179743,15848147,15834474,13673
ENSG00000259712,52100523,52056675,43848
ENSG00000259632,51861293,51859185,2108
ENSG00000242327,52095747,52095295,452
ENSG00000229190,17700232,17695709,4523
ENSG00000129460,23509862,23469689,40173
ENSG00000267137,61463384,61460224,3160
ENSG00000121075,61485110,61452404,32706
ENSG00000187730,2030758,2019329,11429
ENSG00000188803,11564063,11241263,322800
ENSG00000124097,57489027,57488392,635
ENSG00000260269,75601205,75527150,74055
ENSG00000237651,61164829,61145068,19761
ENSG00000169026,689441,681829,7612
ENSG00000248764,146945471,146934001,11470
ENSG00000235596,31511039,31510228,811
ENSG00000137473,146945882,146706638,239244
ENSG00000231623,31519442,31518863,579
ENSG00000260165,75480836,75480661,175
ENSG00000272449,2547460,2530064,17396
ENSG00000169410,75579289,75463251,116038
ENSG00000197921,2530263,2528745,1518
ENSG00000086544,40740860,40717112,23748
ENSG00000162929,61138034,61065871,72163
ENSG00000264727,11290811,11288205,2606
ENSG00000285541,11242062,11197883,44179
ENSG00000241052,35144480,35144021,459
ENSG00000282308,35222746,35222174,572
ENSG00000279434,35088059,35086035,2024
ENSG00000188493,40751553,40740856,10697
ENSG00000256968,6748981,6748703,278
ENSG00000262767,153714877,153713833,1044
ENSG00000092020,35122517,35085467,37050
ENSG00000248979,119132882,119132651,231
ENSG00000248885,119128444,119126782,1662
ENSG00000282417,28826770,28731693,95077
ENSG00000250928,119012056,119011471,585
ENSG00000249494,119070890,119006347,64543
ENSG00000164253,77620611,77425970,194641
ENSG00000274310,54470609,54467208,3401
ENSG00000185686,22559361,22547701,11660
ENSG00000134443,59230774,59220158,10616
ENSG00000147996,65734041,65668805,65236
ENSG00000254014,81244338,81244156,182
ENSG00000262994,153735546,153734523,1023
ENSG00000234623,29672325,29656933,15392
ENSG00000120685,39038089,39009865,28224
ENSG00000078177,40158252,40056850,101402
ENSG00000100632,69398299,69380128,18171
ENSG00000204930,35828747,35816391,12356
ENSG00000223885,7282780,7279770,3010
ENSG00000226841,31520981,31519466,1515
ENSG00000215373,7290402,7287392,3010
ENSG00000233295,7298024,7295014,3010
ENSG00000112309,70957038,70856679,100359
ENSG00000259931,75513040,75512770,270
ENSG00000260235,75625690,75624793,897
ENSG00000270275,54479963,54479597,366
ENSG00000236428,30671637,30668637,3000
ENSG00000107643,48439360,48306639,132721
ENSG00000235439,31533197,31520968,12229
ENSG00000230549,7333979,7332387,1592
ENSG00000134438,59274086,59267035,7051
ENSG00000260352,18937043,18926863,10180
ENSG00000005100,5468982,5440917,28065
ENSG00000123815,40718207,40691530,26677
ENSG00000235778,7342942,7341826,1116
ENSG00000206034,7319951,7312846,7105
ENSG00000112305,70862015,70667776,194239
ENSG00000236125,7338707,7337115,1592
ENSG00000215006,69334249,69333929,320
ENSG00000164112,121765427,121758930,6497
ENSG00000173705,33218810,33150043,68767
ENSG00000186838,39520686,39515113,5573
ENSG00000215374,7355354,7301611,53743
ENSG00000253114,54697127,54696398,729
ENSG00000274248,45974953,45974489,464
ENSG00000226098,54523297,54522799,498
ENSG00000104237,54871720,54509422,362298
ENSG00000263818,39113190,39057019,56171
ENSG00000274146,54817199,54802891,14308
ENSG00000112996,44820428,44808947,11481
ENSG00000230119,33190328,33190233,95
ENSG00000271045,69350445,69349936,509
ENSG00000267480,12032181,12031178,1003
ENSG00000161381,39154394,39063313,91081
ENSG00000266995,12040300,12040101,199
ENSG00000248954,49900893,49887598,13295
ENSG00000147596,70071693,70051651,20042
ENSG00000181847,114310288,114276913,33375
ENSG00000100462,22929408,22920525,8883
ENSG00000229488,32193781,32187767,6014
ENSG00000248977,40142365,40142198,167
ENSG00000205794,40057199,40042917,14282
ENSG00000258641,20094263,20093353,910
ENSG00000278186,28853824,28843455,10369
ENSG00000176230,20122199,20110739,11460
ENSG00000130309,17583162,17555649,27513
ENSG00000246863,39925880,39921042,4838
ENSG00000173039,65663090,65653597,9493
ENSG00000276726,4458734,4427764,30970
ENSG00000269925,7776775,7776383,392
ENSG00000254039,49932918,49914403,18515
ENSG00000049245,7781432,7771296,10136
ENSG00000220891,22566602,22559343,7259
ENSG00000176401,39532854,39530990,1864
ENSG00000269792,39534422,39532412,2010
ENSG00000249176,49939819,49939122,697
ENSG00000155827,101563344,101533853,29491
ENSG00000090316,1340147,1289887,50260
ENSG00000113389,32791724,32689070,102654
ENSG00000226757,121766814,121764585,2229
ENSG00000227404,38656613,38655205,1408
ENSG00000164556,38687037,38685346,1691
ENSG00000184394,20145471,20138820,6651
ENSG00000276076,6564489,6560714,3775
ENSG00000259074,20149745,20149232,513
ENSG00000165688,136423761,136410641,13120
ENSG00000269968,6538370,6537794,576
ENSG00000227642,32217484,32207600,9884
ENSG00000077616,90192894,90131515,61379
ENSG00000114547,125983454,125969160,14294
ENSG00000274769,61164825,61115787,49038
ENSG00000119953,110304951,110290730,14221
ENSG00000271889,61162105,61151433,10672
ENSG00000236895,30903971,30898049,5922
ENSG00000212978,61144969,61141592,3377
ENSG00000152942,69414801,69369293,45508
ENSG00000029725,5386340,5282265,104075
ENSG00000196715,65959563,65873074,86489
ENSG00000104957,13763296,13731760,31536
ENSG00000166569,59318649,59275156,43493
ENSG00000262803,70694619,70693839,780
ENSG00000112175,55875590,55753653,121937
ENSG00000217767,70734962,70734503,459
ENSG00000253677,81255229,81254870,359
ENSG00000272425,81277570,81275399,2171
ENSG00000224054,44468955,44466691,2264
ENSG00000238194,59628289,59626464,1825
ENSG00000254027,81281446,81279871,1575
ENSG00000087495,59847711,59577509,270202
ENSG00000164687,81284777,81280536,4241
ENSG00000253857,55164727,55161483,3244
ENSG00000119844,64593005,64524305,68700
ENSG00000206579,55542054,55102389,439665
ENSG00000280805,92893506,92886352,7154
ENSG00000223974,64552066,64551498,568
ENSG00000248522,55455139,55449509,5630
ENSG00000259095,20173813,20173632,181
ENSG00000173041,64563075,64519878,43197
ENSG00000254357,55520977,55517240,3737
ENSG00000258468,20180156,20179189,967
ENSG00000253976,55142358,55135203,7155
ENSG00000284742,20184298,20183925,373
ENSG00000186130,122913323,122908056,5267
ENSG00000277076,54800933,54789863,11070
ENSG00000253173,70104179,70103798,381
ENSG00000196832,20201075,20190894,10181
ENSG00000254401,11183611,11020883,162728
ENSG00000258625,20210498,20204606,5892
ENSG00000254957,11137658,11135482,2176
ENSG00000074695,59359265,59327823,31442
ENSG00000176219,20224702,20223710,992
ENSG00000270897,11182413,11182107,306
ENSG00000259090,35159099,35157904,1195
ENSG00000258806,20230346,20229402,944
ENSG00000151327,35113130,35044907,68223
ENSG00000164399,132063204,132060529,2675
ENSG00000276799,46715644,46662121,53523
ENSG00000176198,20244349,20239286,5063
ENSG00000012048,43170245,43044295,125950
ENSG00000275463,54281786,54274422,7364
ENSG00000235349,64567443,64566814,629
ENSG00000213642,64570437,64569428,1009
ENSG00000224669,64583207,64582733,474
ENSG00000250383,108830790,108818041,12749
ENSG00000176857,109052457,109051315,1142
ENSG00000249921,108785552,108784098,1454
ENSG00000276475,64591133,64590599,534
ENSG00000250441,108894628,108894347,281
ENSG00000237642,110451240,110450629,611
ENSG00000151422,109196841,108747841,449000
ENSG00000282450,4429339,4428861,478
ENSG00000282590,4433062,4432481,581
ENSG00000282374,4435346,4435161,185
ENSG00000273143,110496204,110428840,67364
ENSG00000272335,44828592,44826076,2516
ENSG00000248148,45098647,45035199,63448
ENSG00000284694,4484375,4479131,5244
ENSG00000227169,4552145,4551735,410
ENSG00000102547,49444064,49308650,135414
ENSG00000242797,52299067,52288580,10487
ENSG00000255139,59639861,59616429,23432
ENSG00000168237,52295257,52287089,8168
ENSG00000166889,59669037,59636716,32321
ENSG00000236266,7827342,7810242,17100
ENSG00000049247,7853512,7843083,10429
ENSG00000268798,1441938,1440839,1099
ENSG00000273295,23907068,23901432,5636
ENSG00000224172,64736743,64735933,810
ENSG00000225282,23929574,23926900,2674
ENSG00000197008,64833681,64794388,39293
ENSG00000206090,23942798,23939998,2800
ENSG00000213003,70273837,70273369,468
ENSG00000140396,70403808,70109782,294026
ENSG00000233186,4804972,4803788,1184
ENSG00000230154,11308941,11308025,916
ENSG00000228165,4850373,4850299,74
ENSG00000120158,4885917,4792944,92973
ENSG00000134318,11348330,11179759,168571
ENSG00000049246,7845177,7784320,60857
ENSG00000225459,33050246,33050172,74
ENSG00000274808,36176636,36165681,10955
ENSG00000280145,6670695,6630182,40513
ENSG00000232596,4594009,4571481,22528
ENSG00000278878,6670667,6667304,3363
ENSG00000164091,52288020,52254434,33586
ENSG00000253611,43220809,43219960,849
ENSG00000253884,43246935,43246755,180
ENSG00000254011,174181814,174173101,8713
ENSG00000170091,174243501,174045706,197795
ENSG00000226531,31737051,31734577,2474
ENSG00000225390,31737000,31734608,2392
ENSG00000236178,30916176,30898107,18069
ENSG00000215035,44477422,44476027,1395
ENSG00000165689,136410614,136401922,8692
ENSG00000105643,18014102,18001132,12970
ENSG00000271550,64687393,64678954,8439
ENSG00000196247,64711582,64666083,45499
ENSG00000171448,122931512,122915566,15946
ENSG00000079616,29805385,29790719,14666
ENSG00000255123,11240280,11239759,521
ENSG00000255260,11243715,11243188,527
ENSG00000282738,36162926,36161607,1319
ENSG00000276241,36177510,36116177,61333
ENSG00000277206,64769101,64768156,945
ENSG00000229575,30776018,30775289,729
ENSG00000096092,52686588,52671113,15475
ENSG00000124733,43016868,43011143,5725
ENSG00000100982,45948023,45934683,13340
ENSG00000213708,106217218,106215763,1455
ENSG00000115421,60802086,60756253,45833
ENSG00000254021,106268741,106265435,3306
ENSG00000254615,106272899,106270144,2755
ENSG00000012171,50277546,50267558,9988
ENSG00000196800,148175398,148169733,5665
ENSG00000237373,39219805,39217093,2712
ENSG00000215371,7377500,7373114,4386
ENSG00000269921,56388153,56387625,528
ENSG00000215372,7385558,7355517,30041
ENSG00000228245,31533887,31533053,834
ENSG00000185658,39321559,39184176,137383
ENSG00000279172,18009881,18009440,441
ENSG00000234920,31537597,31535211,2386
ENSG00000178172,148215137,148202794,12343
ENSG00000136875,113292905,113275343,17562
ENSG00000124702,43021298,43014103,7195
ENSG00000253447,174086618,174081506,5112
ENSG00000166337,6612539,6606294,6245
ENSG00000254899,31537331,31520968,16363
ENSG00000237410,64659681,64646399,13282
ENSG00000072364,132963634,132875395,88239
ENSG00000249503,148221642,148221360,282
ENSG00000110076,64723188,64606174,117014
ENSG00000253244,174056585,174056060,525
ENSG00000251179,50287855,50281577,6278
ENSG00000168724,34958964,34929559,29405
ENSG00000276209,54834168,54819179,14989
ENSG00000253741,142726973,142702252,24721
ENSG00000160886,142705127,142700111,5016
ENSG00000271424,39370756,39370279,477
ENSG00000099992,30327046,30291990,35056
ENSG00000275887,54784696,54771283,13413
ENSG00000259100,39387102,39385404,1698
ENSG00000258940,39267061,39265703,1358
ENSG00000254641,6610135,6608667,1468
ENSG00000285796,45935055,45926518,8537
ENSG00000285338,6616594,6610883,5711
ENSG00000182511,90895776,90883695,12081
ENSG00000166333,6610874,6603708,7166
ENSG00000103375,25228932,25215731,13201
ENSG00000090530,190122437,189956728,165709
ENSG00000112139,37699306,37630679,68627
ENSG00000230753,33811097,33787373,23724
ENSG00000239497,31664295,31659867,4428
ENSG00000229188,33731828,33728931,2897
ENSG00000230837,33752543,33752167,376
ENSG00000131061,33792269,33731657,60612
ENSG00000183486,41409393,41361999,47394
ENSG00000234699,103462695,103452846,9849
ENSG00000224774,31664295,31655985,8310
ENSG00000185933,103458888,103453387,5501
ENSG00000243897,32207669,32203996,3673
ENSG00000157873,2565382,2555639,9743
ENSG00000183128,103479240,103472804,6436
ENSG00000101336,32101856,32052188,49668
ENSG00000176386,113275572,113255835,19737
ENSG00000282540,28900706,28879087,21619
ENSG00000244019,77546266,77545397,869
ENSG00000250615,77074520,77073881,639
ENSG00000226431,103550964,103549075,1889
ENSG00000235470,103517393,103479603,37790
ENSG00000284762,77427124,77086732,340392
ENSG00000132846,77087285,77072072,15213
ENSG00000107954,103592552,103493979,98573
ENSG00000269584,39535021,39534463,558
ENSG00000100053,25207359,25199858,7501
ENSG00000108813,49974959,49968970,5989
ENSG00000136868,113264492,113221544,42948
ENSG00000244363,77583122,77582376,746
ENSG00000113231,77429807,77210449,219358
ENSG00000112640,43012342,42984553,27789
ENSG00000260296,40167831,40166675,1156
ENSG00000286089,40190464,40187170,3294
ENSG00000176396,39540333,39538705,1628
ENSG00000237746,28340942,28338554,2388
ENSG00000248346,146975457,146957438,18019
ENSG00000230077,189969861,189969030,831
ENSG00000225764,190144846,190120964,23882
ENSG00000260090,147009145,147005492,3653
ENSG00000279376,147030072,147025914,4158
ENSG00000138623,74433958,74409289,24669
ENSG00000136319,20305960,20256558,49402
ENSG00000223389,73323450,73322837,613
ENSG00000281811,92907482,92905697,1785
ENSG00000226840,73329017,73327524,1493
ENSG00000259955,25239287,25238318,969
ENSG00000251062,32888145,32887990,155
ENSG00000155592,25257845,25236001,21844
ENSG00000272836,50206062,50205585,477
ENSG00000073169,50217616,50200979,16637
ENSG00000274441,36649347,36636019,13328
ENSG00000079215,36688334,36606355,81979
ENSG00000225230,56910714,56900041,10673
ENSG00000274939,36176992,36166057,10935
ENSG00000250771,153681180,153640168,41012
ENSG00000259976,114329714,114314501,15213
ENSG00000155545,56971675,56919602,52073
ENSG00000248208,153659653,153658572,1081
ENSG00000239946,114876514,114873114,3400
ENSG00000181722,115147271,114314501,832770
ENSG00000167186,19080095,19067614,12481
ENSG00000239282,30289627,30285117,4510
ENSG00000241281,147426351,147425974,377
ENSG00000249004,147459321,147458724,597
ENSG00000280390,21024170,21023496,674
ENSG00000227233,51384660,51382284,2376
ENSG00000228897,51387101,51386363,738
ENSG00000084674,21044073,21001429,42644
ENSG00000227080,51389114,51388430,684
ENSG00000275857,29804990,29804430,560
ENSG00000223714,41276778,41275739,1039
ENSG00000229478,51600573,51600286,287
ENSG00000229403,51630870,51614251,16619
ENSG00000226641,41323111,41322601,510
ENSG00000069509,44542859,44523639,19220
ENSG00000276238,91605319,91604402,917
ENSG00000285741,51729716,51471717,257999
ENSG00000282241,91763457,91756515,6942
ENSG00000277876,30823407,30821815,1592
ENSG00000259457,69565790,69564724,1066
ENSG00000274338,91784366,91580696,203670
ENSG00000245750,69843120,69463026,380094
ENSG00000260817,5261043,5260686,357
ENSG00000257180,6092954,6056975,35979
ENSG00000171560,154590766,154583126,7640
ENSG00000260835,6577359,6573767,3592
ENSG00000240419,7126639,7126293,346
ENSG00000278975,6705558,6703883,1675
ENSG00000261198,7614992,7614230,762
ENSG00000267182,5289409,5289200,209
ENSG00000276139,54752721,54738560,14161
ENSG00000259963,6721960,6721786,174
ENSG00000285533,65671716,65663086,8630
ENSG00000261007,5366688,5365797,891
ENSG00000280000,6038977,6037210,1767
ENSG00000260338,5616196,5601169,15027
ENSG00000274058,68497649,68447498,50151
ENSG00000242278,5270954,5270174,780
ENSG00000089692,6778455,6772512,5943
ENSG00000273137,50209542,50208461,1081
ENSG00000230201,4857374,4856757,617
ENSG00000258459,20306811,20305730,1081
ENSG00000258768,20264308,20260480,3828
ENSG00000227436,23622826,23619333,3493
ENSG00000141503,4898061,4833340,64721
ENSG00000169193,23644708,23597382,47326
ENSG00000275546,54769262,54754663,14599
ENSG00000237128,28495813,28433008,62805
ENSG00000224439,28437078,28436201,877
ENSG00000282348,36177866,36116566,61300
ENSG00000235253,132945050,132942932,2118
ENSG00000225364,132948718,132948493,225
ENSG00000275347,36163292,36163208,84
ENSG00000253699,86212236,86180418,31818
ENSG00000145050,51389397,51385047,4350
ENSG00000203909,73354276,73353063,1213
ENSG00000109113,28718429,28714281,4148
ENSG00000233543,44635232,44633692,1540
ENSG00000075429,66885486,66835117,50369
ENSG00000282167,15826945,15826305,640
ENSG00000229168,44649719,44649129,590
ENSG00000282287,15818147,15811828,6319
ENSG00000108349,40172171,40140318,31853
ENSG00000214016,44741964,44741087,877
ENSG00000282638,15787272,15786391,881
ENSG00000233694,64616482,64606975,9507
ENSG00000275911,15811507,15728421,83086
ENSG00000075461,67033398,66964707,68691
ENSG00000162368,47378839,47333797,45042
ENSG00000189037,44844888,44844004,884
ENSG00000265664,67033290,67032409,881
ENSG00000281924,91603433,91603173,260
ENSG00000264491,67021743,67019934,1809
ENSG00000254826,75776929,75775904,1025
ENSG00000276776,91840185,91783410,56775
ENSG00000247867,75768647,75758455,10192
ENSG00000254814,75803415,75800877,2538
ENSG00000227791,64666064,64665607,457
ENSG00000226756,64646698,64644612,2086
ENSG00000259309,69835111,69820756,14355
ENSG00000259496,69804046,69803316,730
ENSG00000062282,75801535,75759512,42023
ENSG00000179833,64751005,64631621,119384
ENSG00000108370,65227703,65100812,126891
ENSG00000170537,19063942,18983934,80008
ENSG00000254635,28532743,28522652,10091
ENSG00000249725,133037052,133015004,22048
ENSG00000248751,30299482,30285238,14244
ENSG00000234572,64863626,64846130,17496
ENSG00000178691,32001038,31937007,64031
ENSG00000238164,2557031,2549920,7111
ENSG00000095787,28623112,28532493,90619
ENSG00000231271,23954042,23949918,4124
ENSG00000283156,56431548,56410516,21032
ENSG00000270187,97386368,97386082,286
ENSG00000250155,36725195,36666214,58981
ENSG00000133433,23961186,23957414,3772
ENSG00000227850,105698218,105698039,179
ENSG00000128059,56435615,56393362,42253
ENSG00000279400,36669958,36667717,2241
ENSG00000230478,87425690,87425583,107
ENSG00000237095,30796371,30778290,18081
ENSG00000282072,28905656,28904945,711
ENSG00000237897,105891430,105890693,737
ENSG00000096746,68343191,68331174,12017
ENSG00000232952,105893517,105891739,1778
ENSG00000203908,73364171,73362658,1513
ENSG00000169919,65982215,65960684,21531
ENSG00000244161,58170636,58162547,8089
ENSG00000244752,25231870,25212564,19306
ENSG00000155542,56925532,56909260,16272
ENSG00000225969,73736158,73735038,1120
ENSG00000242767,115103061,115100423,2638
ENSG00000230932,106081379,106080801,578
ENSG00000267475,32691750,32687089,4661
ENSG00000144843,119589945,119579268,10677
ENSG00000233047,106028277,105927624,100653
ENSG00000274925,25261066,25257952,3114
ENSG00000240002,114931449,114930541,908
ENSG00000213965,32713796,32691961,21835
ENSG00000241560,114388978,114351811,37167
ENSG00000255462,11573782,11570084,3698
ENSG00000233960,52192913,52165235,27678
ENSG00000164893,86321146,86214063,107083
ENSG00000106077,73738867,73736094,2773
ENSG00000110328,11622005,11270877,351128
ENSG00000261636,25424169,25419814,4355
ENSG00000234304,52897807,52891837,5970
ENSG00000237480,106124564,105956694,167870
ENSG00000260690,25454647,25454339,308
ENSG00000223970,53003429,53002420,1009
ENSG00000175895,95156685,95133785,22900
ENSG00000221900,53036924,53035642,1282
ENSG00000119396,121223014,121178133,44881
ENSG00000241295,114687609,114684580,3029
ENSG00000228605,31657032,31651971,5061
ENSG00000236641,25213826,25212085,1741
ENSG00000267567,32719595,32718298,1297
ENSG00000230606,97433527,97416165,17362
ENSG00000228039,23964374,23963780,594
ENSG00000242290,114529452,114445521,83931
ENSG00000282655,28943001,28931169,11832
ENSG00000269588,39555356,39553034,2322
ENSG00000151617,147544954,147480917,64037
ENSG00000253945,95403894,95403802,92
ENSG00000282198,28930991,28930704,287
ENSG00000253773,95810136,95204456,605680
ENSG00000282648,28933507,28929748,3759
ENSG00000273841,69370013,69364743,5270
ENSG00000272967,119579650,119579212,438
ENSG00000262990,6749978,6749685,293
ENSG00000244283,6750188,6749718,470
ENSG00000156172,95269201,95244913,24288
ENSG00000213130,128580884,128580113,771
ENSG00000279298,25252602,25251523,1079
ENSG00000255351,11353307,11352426,881
ENSG00000231135,30710140,30692058,18082
ENSG00000083896,68350089,68310387,39702
ENSG00000254598,11353357,11351942,1415
ENSG00000250039,22330330,21949015,381315
ENSG00000285968,25320086,25282613,37473
ENSG00000285690,25300791,25282943,17848
ENSG00000233577,25282674,25279529,3145
ENSG00000214604,55940624,55939790,834
ENSG00000099974,23972556,23966888,5668
ENSG00000177257,7416863,7414855,2008
ENSG00000224221,73391767,73391038,729
ENSG00000267287,79589010,79576460,12550
ENSG00000080007,73417566,73394828,22738
ENSG00000253351,95216374,95207007,9367
ENSG00000099984,23983915,23980058,3857
ENSG00000243771,17590071,17589595,476
ENSG00000253806,142727690,142727283,407
ENSG00000270147,56396871,56396312,559
ENSG00000206066,25320080,25318256,1824
ENSG00000253872,95527524,95505406,22118
ENSG00000130193,142736927,142727223,9704
ENSG00000267409,79612303,79610747,1556
ENSG00000253506,61591202,61590426,776
ENSG00000260638,29799601,29797597,2004
ENSG00000187902,55442863,55428740,14123
ENSG00000233113,29801172,29800376,796
ENSG00000250422,45559986,45557919,2067
ENSG00000164400,132076170,132073789,2381
ENSG00000250017,45576612,45574590,2022
ENSG00000164588,45696498,45254948,441550
ENSG00000224355,29809872,29809741,131
ENSG00000254079,95948233,95947781,452
ENSG00000188811,39050109,39038306,11803
ENSG00000248762,95993103,95986108,6995
ENSG00000278766,97434847,97421075,13772
ENSG00000220110,128639653,128639188,465
ENSG00000104969,2783282,2754715,28567
ENSG00000235635,56947152,56941307,5845
ENSG00000085231,69370013,69350984,19029
ENSG00000271828,56929573,56927874,1699
ENSG00000084734,27523684,27496839,26845
ENSG00000282153,91714276,91712770,1506
ENSG00000233883,30791666,30781550,10116
ENSG00000160218,44106552,44012309,94243
ENSG00000170819,133475222,133399995,75227
ENSG00000235865,121285530,121280768,4762
ENSG00000279792,50365232,50362967,2265
ENSG00000204130,68407294,68341107,66187
ENSG00000274788,54713341,54709037,4304
ENSG00000214651,121240089,121238117,1972
ENSG00000015532,50363138,50346092,17046
ENSG00000239593,121282730,121279863,2867
ENSG00000166340,6619448,6612768,6680
ENSG00000178412,79679745,79638928,40817
ENSG00000255128,7420546,7418991,1555
ENSG00000250470,23977585,23976904,681
ENSG00000274828,79679358,79677287,2071
ENSG00000099977,23979828,23971365,8463
ENSG00000148180,121332843,121207794,125049
ENSG00000280288,11726702,11725332,1370
ENSG00000173157,43551921,43353866,198055
ENSG00000177243,7430348,7428888,1460
ENSG00000261465,19067691,19062499,5192
ENSG00000255309,11759433,11759101,332
ENSG00000099725,7381548,7273972,107576
ENSG00000227616,132149559,132147491,2068
ENSG00000241204,70424576,70424125,451
ENSG00000183617,3768575,3762682,5893
ENSG00000253967,70485687,70471134,14553
ENSG00000253143,70480623,70471112,9511
ENSG00000269950,16582637,16574718,7919
ENSG00000235775,132163765,132163603,162
ENSG00000236522,30705434,30695318,10116
ENSG00000224015,132181128,132179234,1894
ENSG00000269188,39586489,39584042,2447
ENSG00000215386,16645065,15928296,716769
ENSG00000249820,133410843,133409955,888
ENSG00000244253,39589125,39588955,170
ENSG00000261357,19066694,19065991,703
ENSG00000251011,133257188,133246106,11082
ENSG00000133313,74523454,74495816,27638
ENSG00000238077,190167651,190166764,887
ENSG00000280385,90198120,90193614,4506
ENSG00000064195,49995224,49990005,5219
ENSG00000144868,133397792,133038391,359401
ENSG00000251254,147506765,147506091,674
ENSG00000164430,73452297,73413515,38782
ENSG00000227144,31764655,31752967,11688
ENSG00000280219,147496062,147487971,8091
ENSG00000163347,190322446,190305707,16739
ENSG00000227344,53188938,53187388,1550
ENSG00000224205,23991421,23976872,14549
ENSG00000272787,23969873,23969211,662
ENSG00000285762,23980469,23971378,9091
ENSG00000267292,12050672,12050309,363
ENSG00000164362,1295069,1253147,41922
ENSG00000243581,39591151,39590981,170
ENSG00000223695,36396517,36388626,7891
ENSG00000237140,26063097,26062750,347
ENSG00000212712,12057822,12056676,1146
ENSG00000226969,2050070,2049203,867
ENSG00000285882,26042347,25787987,254360
ENSG00000237668,36421644,36421273,371
ENSG00000230330,26032811,26032539,272
ENSG00000260255,25826330,25824710,1620
ENSG00000239320,39598002,39597832,170
ENSG00000182601,26137685,25691959,445726
ENSG00000248172,50016844,49996889,19955
ENSG00000246640,50055739,50050349,5390
ENSG00000282987,21226305,21006730,219575
ENSG00000231304,21145967,20174244,971723
ENSG00000229032,51980814,51980473,341
ENSG00000271194,53316740,53316149,591
ENSG00000203907,73395133,73368555,26578
ENSG00000169213,51990700,51907956,82744
ENSG00000234105,53517116,53514992,2124
ENSG00000105198,39607474,39602501,4973
ENSG00000261734,20390562,20388249,2313
ENSG00000175985,69531551,69484692,46859
ENSG00000120664,36369601,36346431,23170
ENSG00000129810,20186206,20160593,25613
ENSG00000157625,30975084,30827442,147642
ENSG00000052802,165343164,165327667,15497
ENSG00000231332,73387717,73369704,18013
ENSG00000235174,73373263,73373108,155
ENSG00000196581,4792534,4654732,137802
ENSG00000169992,7419860,7404874,14986
ENSG00000259740,47527756,47525169,2587
ENSG00000259554,47275164,47274183,981
ENSG00000133104,36370180,36301638,68542
ENSG00000213862,47730935,47730144,791
ENSG00000259588,47606352,47603880,2472
ENSG00000259221,47396732,47359430,37302
ENSG00000235044,37530543,37530039,504
ENSG00000148483,17800868,17752201,48667
ENSG00000235097,44809630,44799503,10127
ENSG00000228953,23655861,23655682,179
ENSG00000274469,37583935,37571103,12832
ENSG00000126233,142742406,142740949,1457
ENSG00000196812,28130082,28124609,5473
ENSG00000269519,39631446,39631300,146
ENSG00000237714,132192808,132184876,7932
ENSG00000268153,39642401,39638685,3716
ENSG00000230637,25339975,25327252,12723
ENSG00000197208,132344190,132294394,49796
ENSG00000259360,47399554,47397501,2053
ENSG00000063241,55462343,55452985,9358
ENSG00000272103,36867238,36861736,5502
ENSG00000213131,127356789,127355756,1033
ENSG00000285967,36876700,36864425,12275
ENSG00000215263,42533442,42532766,676
ENSG00000269293,28137293,28121795,15498
ENSG00000226523,42680279,42680088,191
ENSG00000137872,47774223,47184101,590122
ENSG00000268243,39644612,39644502,110
ENSG00000173976,3772221,3769089,3132
ENSG00000249993,133455776,133429269,26507
ENSG00000220744,127363403,127362513,890
ENSG00000261839,28139678,28136849,2829
ENSG00000197353,142752534,142750150,2384
ENSG00000057935,42756947,42494569,262378
ENSG00000249861,39660647,39655913,4734
ENSG00000185615,287215,283152,4063
ENSG00000235512,30854707,30854321,386
ENSG00000231542,30835300,30834623,677
ENSG00000108187,68333049,68282660,50389
ENSG00000220522,127416952,127416535,417
ENSG00000228627,53568249,53559214,9035
ENSG00000220694,127436189,127435636,553
ENSG00000133114,45037669,44989529,48140
ENSG00000232421,30717677,30712452,5225
ENSG00000250569,86483002,86481754,1248
ENSG00000100565,76870302,76826372,43930
ENSG00000254088,86505061,86503591,1470
ENSG00000131435,132273454,132257696,15758
ENSG00000259389,39951708,39951375,333
ENSG00000036828,122291629,122183683,107946
ENSG00000176623,86514357,86468257,46100
ENSG00000254545,31791322,31789130,2192
ENSG00000164871,7463674,7442684,20990
ENSG00000253196,142766427,142763116,3311
ENSG00000128829,40035591,39934115,101476
ENSG00000180155,142777810,142771197,6613
ENSG00000134668,31816051,31790422,25629
ENSG00000108064,58399220,58385345,13875
ENSG00000223732,45083125,44982077,101048
ENSG00000102271,87670050,87517409,152641
ENSG00000083635,44989471,44939249,50222
ENSG00000224602,16121644,16121310,334
ENSG00000270139,16419080,16417139,1941
ENSG00000214976,16095372,16094415,957
ENSG00000270071,16310382,16291079,19303
ENSG00000280432,16527019,16525919,1100
ENSG00000285257,87216173,87214136,2037
ENSG00000271306,53780263,53779783,480
ENSG00000223482,87342612,87203875,138737
ENSG00000205628,53811942,53655509,156433
ENSG00000108878,67056797,67044554,12243
ENSG00000283992,142769828,142764338,5490
ENSG00000281547,68511653,68509485,2168
ENSG00000232418,53787298,53787167,131
ENSG00000225762,47408477,47380928,27549
ENSG00000277132,68553341,68529322,24019
ENSG00000186790,47418052,47416285,1767
ENSG00000253849,50382275,50381015,1260
ENSG00000265883,65185482,65185319,163
ENSG00000280748,195657927,195655565,2362
ENSG00000284505,142778224,142764334,13890
ENSG00000147481,50796692,49909789,886903
ENSG00000144712,12871916,12796472,75444
ENSG00000107957,103855543,103594027,261516
ENSG00000226025,39686373,39679374,6999
ENSG00000101290,5197887,5126879,71008
ENSG00000229623,39236020,39235386,634
ENSG00000238141,39323218,39315707,7511
ENSG00000136492,61863521,61681266,182255
ENSG00000092096,23352912,23346306,6606
ENSG00000232608,39217506,39216624,882
ENSG00000213440,44047041,44046347,694
ENSG00000255568,39314962,39313935,1027
ENSG00000183663,96069681,96068729,952
ENSG00000271349,96127801,96126967,834
ENSG00000272991,39184899,39184469,430
ENSG00000147050,45112602,44873177,239425
ENSG00000281300,979770,978299,1471
ENSG00000284739,4973298,4963954,9344
ENSG00000284674,4981568,4973381,8187
ENSG00000197375,132395614,132369752,25862
ENSG00000231510,5090899,5086459,4440
ENSG00000006659,39709444,39704481,4963
ENSG00000284616,5307394,5301928,5466
ENSG00000267758,42269807,42268587,1220
ENSG00000255355,59676041,59669312,6729
ENSG00000280295,42235469,42233832,1637
ENSG00000236194,42272683,42270517,2166
ENSG00000108556,4934438,4897771,36667
ENSG00000173757,42276707,42199168,77539
ENSG00000284666,5482028,5480787,1241
ENSG00000260972,5494674,5492978,1696
ENSG00000269951,77068325,77067654,671
ENSG00000284692,5493057,5478736,14321
ENSG00000184923,87236908,87225448,11460
ENSG00000278991,77064910,77063397,1513
ENSG00000259652,77045160,77043680,1480
ENSG00000140391,77083984,77041404,42580
ENSG00000273108,103610050,103608619,1431
ENSG00000280693,103755423,103745966,9457
ENSG00000237424,47434641,47432133,2508
ENSG00000105221,40285536,40230317,55219
ENSG00000278490,54736547,54724454,12093
ENSG00000255538,59749574,59748811,763
ENSG00000254403,59729492,59728519,973
ENSG00000234964,59781722,59781318,404
ENSG00000254477,59754975,59752578,2397
ENSG00000166900,59805882,59713456,92426
ENSG00000180846,1954586,1952531,2055
ENSG00000228234,37603185,37602852,333
ENSG00000269460,39694577,39685244,9333
ENSG00000225759,37623119,37619298,3821
ENSG00000240320,39698073,39697904,169
ENSG00000268088,39696258,39693925,2333
ENSG00000204117,37683234,37676910,6324
ENSG00000133275,1981338,1941172,40166
ENSG00000205710,4902934,4899418,3516
ENSG00000224431,132203487,132199456,4031
ENSG00000234286,23680786,23680195,591
ENSG00000274480,54736514,54724486,12028
ENSG00000260314,17911164,17809348,101816
ENSG00000072682,132295315,132191838,103477
ENSG00000188732,23703249,23680130,23119
ENSG00000185245,4935023,4932277,2746
ENSG00000281154,68595199,68587305,7894
ENSG00000269148,45831108,45830164,944
ENSG00000280740,68669858,68667002,2856
ENSG00000125755,45863290,45815410,47880
ENSG00000250122,45895970,45890216,5754
ENSG00000259245,36049529,36046082,3447
ENSG00000279788,6679962,6676178,3784
ENSG00000259639,36252257,35939167,313090
ENSG00000286024,48810717,48807321,3396
ENSG00000255166,43247410,43247191,219
ENSG00000266541,9590182,9587386,2796
ENSG00000270342,106544744,106544342,402
ENSG00000105552,48811029,48795062,15967
ENSG00000270976,106780435,106780223,212
ENSG00000233449,106803427,106802755,672
ENSG00000154845,9615240,9546791,68449
ENSG00000278829,42275571,42272069,3502
ENSG00000281901,195651472,195650146,1326
ENSG00000270131,96140944,96140572,372
ENSG00000232551,106806032,106804474,1558
ENSG00000231876,26334428,26302064,32364
ENSG00000166887,42208316,42158701,49615
ENSG00000241251,43561297,43560784,513
ENSG00000257813,43572038,43569769,2269
ENSG00000156466,96160806,96142333,18473
ENSG00000237460,106838167,106818239,19928
ENSG00000186564,47440691,47436017,4674
ENSG00000271508,43633281,43633093,188
ENSG00000197136,65637439,65615773,21666
ENSG00000162298,65134533,65121780,12753
ENSG00000257907,43661101,43659827,1274
ENSG00000271355,47484162,47483698,464
ENSG00000235454,53863339,53862233,1106
ENSG00000198890,107067636,107056679,10957
ENSG00000229554,47498341,47497894,447
ENSG00000132446,31072041,31071233,808
ENSG00000269220,17779481,17777322,2159
ENSG00000237506,87704203,87703343,860
ENSG00000144713,12841588,12834485,7103
ENSG00000238131,53947744,53926676,21068
ENSG00000271205,87723238,87723089,149
ENSG00000282914,87750883,87707579,43304
ENSG00000270446,87806769,87806433,336
ENSG00000115266,1473244,1446302,26942
ENSG00000271056,87809883,87807549,2334
ENSG00000230706,88062844,88061590,1254
ENSG00000163702,9933630,9917074,16556
ENSG00000275452,54769226,54738501,30725
ENSG00000173809,32829580,32719753,109827
ENSG00000162631,107483458,107140007,343451
ENSG00000224776,109983043,109982192,851
ENSG00000149289,110171841,110093392,78449
ENSG00000218819,21143272,21123917,19355
ENSG00000271629,21198896,21198518,378
ENSG00000069849,141926549,141876124,50425
ENSG00000270423,109985660,109985243,417
ENSG00000234207,22482004,22377594,104410
ENSG00000235537,21637197,21607465,29732
ENSG00000228538,21649563,21638184,11379
ENSG00000137710,110296722,109864295,432427
ENSG00000234189,22317244,22317053,191
ENSG00000233005,21970959,21221175,749784
ENSG00000250939,12850860,12850659,201
ENSG00000223691,22190313,22188336,1977
ENSG00000235637,17865471,17862887,2584
ENSG00000270654,21364025,21362292,1733
ENSG00000272263,12832728,12832219,509
ENSG00000231204,21561313,21317660,243653
ENSG00000231466,25350322,25349543,779
ENSG00000254743,59742049,59741325,724
ENSG00000172289,59713845,59712916,929
ENSG00000276934,74505248,74504766,482
ENSG00000267028,55482940,55452533,30407
ENSG00000125695,63752097,63702845,49252
ENSG00000267402,55496392,55492175,4217
ENSG00000228999,22531105,21933268,597837
ENSG00000214338,127519191,127472794,46397
ENSG00000276495,29259075,29060035,199040
ENSG00000242320,55636310,55635833,477
ENSG00000263883,63637113,63636601,512
ENSG00000229621,21710623,21687434,23189
ENSG00000198909,63696303,63622415,73888
ENSG00000272953,5426401,5425770,631
ENSG00000234432,5428927,5426277,2650
ENSG00000273084,5429672,5428731,941
ENSG00000251566,77147165,77146568,597
ENSG00000267245,32824505,32824142,363
ENSG00000250802,77166909,77086688,80221
ENSG00000109689,27025381,26857601,167780
ENSG00000189367,127459389,127438406,20983
ENSG00000278501,1003671,997117,6554
ENSG00000275018,64278487,64211718,66769
ENSG00000196628,55664787,55222331,442456
ENSG00000206506,29828314,29824140,4174
ENSG00000183431,37990075,37956975,33100
ENSG00000280663,64278487,64259386,19101
ENSG00000276016,1116206,1003519,112687
ENSG00000196912,97589965,97492663,97302
ENSG00000285238,6607367,6556886,50481
ENSG00000254231,86343314,86333274,10040
ENSG00000123124,86478420,86342738,135682
ENSG00000255330,127519001,127438406,80595
ENSG00000111641,6568691,6556863,11828
ENSG00000241479,169477052,169447867,29185
ENSG00000244124,141919021,141918252,769
ENSG00000267317,1458580,1457670,910
ENSG00000267237,198224769,198224587,182
ENSG00000277725,54769000,54754632,14368
ENSG00000267639,198222703,198219890,2813
ENSG00000248109,148243580,148221650,21930
ENSG00000281496,198186438,198177148,9290
ENSG00000119559,1479556,1461143,18413
ENSG00000085276,169663775,169083499,580276
ENSG00000276938,198166452,198148759,17693
ENSG00000281577,198119668,198117723,1945
ENSG00000281401,36819736,36816326,3410
ENSG00000281503,198117113,198116056,1057
ENSG00000281062,198108214,198106449,1765
ENSG00000274665,36819479,36800684,18795
ENSG00000281617,198080720,198053522,27198
ENSG00000206427,31627996,31610949,17047
ENSG00000276876,64245898,64155437,90461
ENSG00000244157,115279860,115279125,735
ENSG00000242880,115285347,115251196,34151
ENSG00000089057,5010293,4852356,157937
ENSG00000278813,39726775,39726030,745
ENSG00000078081,183163839,183122215,41624
ENSG00000129437,51084245,51077495,6750
ENSG00000105205,39738029,39731255,6774
ENSG00000220937,4945902,4944670,1232
ENSG00000259395,36344166,36341739,2427
ENSG00000140263,45077185,45023181,54004
ENSG00000172020,115721490,115623324,98166
ENSG00000274610,54784662,54771258,13404
ENSG00000276423,54817155,54802859,14296
ENSG00000254358,50762798,50762460,338
ENSG00000254392,50491465,50490795,670
ENSG00000164853,1237326,1232872,4454
ENSG00000149792,65127371,65122183,5188
ENSG00000095383,98255649,98199011,56638
ENSG00000235833,97524976,97523949,1027
ENSG00000233082,1269267,1267353,1914
ENSG00000230956,88097225,88096393,832
ENSG00000241596,115661279,115658533,2746
ENSG00000142544,51108409,51097606,10803
ENSG00000213921,39786167,39776595,9572
ENSG00000268581,51122965,51119987,2978
ENSG00000274571,54974427,54931624,42803
ENSG00000257896,43741067,43736628,4439
ENSG00000226961,11352118,11351627,491
ENSG00000276445,39813555,39812972,583
ENSG00000230952,11365636,11357515,8121
ENSG00000129317,43758817,43718993,39824
ENSG00000168421,40246967,40191053,55914
ENSG00000231403,11390367,11388023,2344
ENSG00000164039,103099870,103077592,22278
ENSG00000226083,18010562,18001786,8776
ENSG00000223678,33409948,33402857,7091
ENSG00000267148,3776182,3775996,186
ENSG00000148482,18043292,17951839,91453
ENSG00000280296,52500195,52497097,3098
ENSG00000244471,52587095,52488993,98102
ENSG00000149806,65122177,65120630,1547
ENSG00000235660,52489216,52482804,6412
ENSG00000275237,54800893,54789912,10981
ENSG00000264339,739444,738058,1386
ENSG00000183722,39603528,39209116,394412
ENSG00000266171,737459,735746,1713
ENSG00000264635,739662,738058,1604
ENSG00000262880,7444081,7420103,23978
ENSG00000176105,812546,721588,90958
ENSG00000259352,45074048,45073492,556
ENSG00000233006,132369916,132311285,58631
ENSG00000259418,45058707,45041716,16991
ENSG00000170175,7457710,7445061,12649
ENSG00000198315,28159460,28141883,17577
ENSG00000273507,39221927,39053072,168855
ENSG00000214823,39169951,39169636,315
ENSG00000241105,70506818,70506251,567
ENSG00000100068,25405377,25351418,53959
ENSG00000224001,98235567,98234709,858
ENSG00000105613,12874952,12833951,41001
ENSG00000275839,37454931,37454171,760
ENSG00000184162,19203424,19201416,2008
ENSG00000276234,37479725,37406886,72839
ENSG00000274714,54834528,54819131,15397
ENSG00000282364,76638713,76638217,496
ENSG00000282580,76684889,76646507,38382
ENSG00000275280,7657352,7656968,384
ENSG00000238073,7676024,7671743,4281
ENSG00000223422,7681028,7678899,2129
ENSG00000205744,6482557,6467207,15350
ENSG00000236435,7689548,7687739,1809
ENSG00000236690,7692678,7690511,2167
ENSG00000274722,54853592,54836820,16772
ENSG00000005884,50090481,50055968,34513
ENSG00000127463,19251527,19215660,35867
ENSG00000281925,29376383,29374919,1464
ENSG00000282503,29518158,29514804,3354
ENSG00000282130,29411093,29409413,1680
ENSG00000165272,33447596,33441156,6440
ENSG00000064490,19201869,19192229,9640
ENSG00000273564,29720617,29260596,460021
ENSG00000159023,29120046,28887091,232955
ENSG00000100842,23365752,23356403,9349
ENSG00000251400,77291800,77290268,1532
ENSG00000285000,77152155,77030902,121253
ENSG00000164252,77065234,77029251,35983
ENSG00000267212,12785101,12784539,562
ENSG00000095066,12872740,12763003,109737
ENSG00000137824,40755851,40735884,19967
ENSG00000225023,29825536,29824558,978
ENSG00000273992,55009257,54961245,48012
ENSG00000132530,6775647,6755447,20200
ENSG00000145879,148315922,148312419,3503
ENSG00000263301,7443327,7439159,4168
ENSG00000262624,7437523,7436557,966
ENSG00000181323,7421632,7420324,1308
ENSG00000237344,32138654,32133204,5450
ENSG00000156467,96235634,96225920,9714
ENSG00000259018,23357003,23356406,597
ENSG00000164038,103085829,103019868,65961
ENSG00000286007,7436278,7428861,7417
ENSG00000272884,7445966,7439506,6460
ENSG00000283439,7432822,7428857,3965
ENSG00000161958,7444937,7438273,6664
ENSG00000132463,70839897,70815783,24114
ENSG00000234607,15970194,15969632,562
ENSG00000116809,15976132,15941869,34263
ENSG00000113946,190412143,190322541,89602
ENSG00000204909,148339852,148321203,18649
ENSG00000204287,32445046,32439878,5168
ENSG00000198231,63819317,63773603,45714
ENSG00000249834,148308258,148307298,960
ENSG00000283653,148372152,148362777,9375
ENSG00000214510,148286255,148268180,18075
ENSG00000282607,142106747,142038524,68223
ENSG00000166963,43531620,43510958,20662
ENSG00000271693,88369459,88369343,116
ENSG00000233312,31995335,31974678,20657
ENSG00000147183,88754785,88747225,7560
ENSG00000247199,148383783,148268307,115476
ENSG00000006715,38932394,38722974,209420
ENSG00000271157,88829858,88827554,2304
ENSG00000232576,88908763,88908403,360
ENSG00000270745,88982353,88982215,138
ENSG00000224065,89367600,89367435,165
ENSG00000224550,107505448,107505203,245
ENSG00000125319,44162476,44141906,20570
ENSG00000225012,89446983,89423738,23245
ENSG00000254400,6604420,6603642,778
ENSG00000132275,6603616,6595072,8544
ENSG00000139675,52643796,52642425,1371
ENSG00000153779,89922883,89921882,1001
ENSG00000184560,7427568,7425616,1952
ENSG00000250299,52637446,52600119,37327
ENSG00000273784,52642542,52600042,42500
ENSG00000181284,7437679,7435443,2236
ENSG00000227581,90039834,90039213,621
ENSG00000226081,90113706,90112650,1056
ENSG00000274022,90209418,90208895,523
ENSG00000273355,813756,813274,482
ENSG00000286036,97638417,97618638,19779
ENSG00000281093,36873605,36847372,26233
ENSG00000228970,97637803,97636780,1023
ENSG00000266575,832469,832238,231
ENSG00000264179,857045,856526,519
ENSG00000227434,90210420,90209796,624
ENSG00000229667,90289903,90289536,367
ENSG00000275990,36880544,36860995,19549
ENSG00000206062,91308878,91307781,1097
ENSG00000265671,907680,894435,13245
ENSG00000136169,49495003,49444374,50629
ENSG00000141433,912172,904871,7301
ENSG00000255680,6619764,6618790,974
ENSG00000174740,91438584,91434595,3989
ENSG00000145041,51500002,51395867,104135
ENSG00000234161,91434999,91414878,20121
ENSG00000236413,91422538,91422309,229
ENSG00000226182,31576311,31573530,2781
ENSG00000135940,97648383,97646040,2343
ENSG00000254224,96238034,96235427,2607
ENSG00000225973,55319161,55317184,1977
ENSG00000069974,55319113,55202966,116147
ENSG00000159147,33588706,33559542,29164
ENSG00000130545,6467221,6463777,3444
ENSG00000236577,49489364,49488970,394
ENSG00000265179,906667,902766,3901
ENSG00000277126,143685420,143683161,2259
ENSG00000177023,7475082,7470308,4774
ENSG00000278749,143695116,143693701,1415
ENSG00000237048,7810683,7804001,6682
ENSG00000270542,33449941,33449755,186
ENSG00000239329,33106898,33088404,18494
ENSG00000234795,7810305,7694707,115598
ENSG00000273723,52652279,52651305,974
ENSG00000255495,12196280,12194467,1813
ENSG00000230275,91561597,91560436,1161
ENSG00000254527,12206389,12205759,630
ENSG00000187082,7486400,7482504,3896
ENSG00000274352,143700905,143671459,29446
ENSG00000237215,12296180,12290071,6109
ENSG00000230424,19240704,19210501,30203
ENSG00000232948,12318316,12310962,7354
ENSG00000281094,195657927,195655565,2362
ENSG00000281743,195651472,195650146,1326
ENSG00000281738,184513434,184510148,3286
ENSG00000160310,46665124,46635595,29529
ENSG00000170571,50443248,50396192,47056
ENSG00000279822,48445820,48443836,1984
ENSG00000162840,68376505,68376323,182
ENSG00000281250,184444693,184426592,18101
ENSG00000275269,54876850,54860626,16224
ENSG00000273965,37408594,37407936,658
ENSG00000214301,133491505,133490824,681
ENSG00000272832,133543466,133543064,402
ENSG00000250983,133546272,133546071,201
ENSG00000231353,15988441,15988182,259
ENSG00000183055,58716257,58715554,703
ENSG00000122870,58831437,58513140,318297
ENSG00000233490,32143991,32139234,4757
ENSG00000275234,6470152,6469465,687
ENSG00000259956,51397908,51391285,6623
ENSG00000198382,76144232,75815210,329022
ENSG00000280626,68697104,68696372,732
ENSG00000232577,31996175,31992630,3545
ENSG00000125648,6465203,6436079,29124
ENSG00000175606,73982783,73972437,10346
ENSG00000279296,6776116,6772831,3285
ENSG00000049249,7943165,7915894,27271
ENSG00000060069,79756623,79679801,76822
ENSG00000272942,25435070,25434324,746
ENSG00000108588,63776351,63745255,31096
ENSG00000198001,43789543,43758944,30599
ENSG00000236657,33124608,33124094,514
ENSG00000234704,33135290,33122451,12839
ENSG00000270330,7942726,7942372,354
ENSG00000205041,40275479,40273489,1990
ENSG00000235396,32172533,32143311,29222
ENSG00000240005,26860599,26859806,793
ENSG00000248340,26874349,26873561,788
ENSG00000108826,50373207,50367857,5350
ENSG00000147588,81447439,81440326,7113
ENSG00000113758,177474401,177456608,17793
ENSG00000087128,68497604,68447463,50141
ENSG00000174780,56503681,56467336,36345
ENSG00000244295,73982467,73982125,342
ENSG00000165309,23038523,22928024,110499
ENSG00000204619,30070333,30066709,3624
ENSG00000104889,12815201,12806556,8645
ENSG00000237264,81522232,81521682,550
ENSG00000253374,81533275,81521618,11657
ENSG00000253859,81521818,81439436,82382
ENSG00000197416,81531378,81524981,6397
ENSG00000273618,23532367,23530682,1685
ENSG00000136367,23556192,23520857,35335
ENSG00000144837,119629811,119597875,31936
ENSG00000260036,55443357,55442635,722
ENSG00000277548,55346752,55346347,405
ENSG00000256061,55508234,55410525,97709
ENSG00000254901,19192591,19176903,15688
ENSG00000125787,3045747,3043622,2125
ENSG00000205186,81461579,81458383,3196
ENSG00000162585,2212720,2184461,28259
ENSG00000211818,22304553,22304054,499
ENSG00000236944,50963358,50962993,365
ENSG00000261368,50965220,50964270,950
ENSG00000170323,81483263,81478419,4844
ENSG00000211819,22314919,22314490,429
ENSG00000241132,31749825,31745397,4428
ENSG00000117118,17054170,17018722,35448
ENSG00000092051,23578790,23568035,10755
ENSG00000267424,12832983,12825711,7272
ENSG00000171223,12793315,12791486,1829
ENSG00000204618,30075887,30070266,5621
ENSG00000259737,36471016,36438972,32044
ENSG00000254623,12345776,12341426,4350
ENSG00000132026,12835428,12825478,9950
ENSG00000261094,122940333,122937623,2710
ENSG00000224398,31749825,31741515,8310
ENSG00000176840,4772533,4769140,3393
ENSG00000270500,36572212,36571985,227
ENSG00000254915,75942435,75942129,306
ENSG00000255081,75915213,75914201,1012
ENSG00000251366,80603644,80603383,261
ENSG00000255507,75815406,75803431,11975
ENSG00000276950,24005453,23998401,7052
ENSG00000219669,71076375,71075564,811
ENSG00000251221,80622524,80608623,13901
ENSG00000218350,71165770,71165076,694
ENSG00000235689,24008258,24006305,1953
ENSG00000012232,28755599,28600469,155130
ENSG00000158186,138405534,138347648,57886
ENSG00000255255,75911628,75911204,424
ENSG00000255421,76137731,76137315,416
ENSG00000186599,7489593,7487669,1924
ENSG00000225078,123063312,123061845,1467
ENSG00000221843,27582721,27537386,45335
ENSG00000188394,123035696,123034527,1169
ENSG00000011454,123104866,122940833,164033
ENSG00000198129,7509311,7495846,13465
ENSG00000283567,55464707,55463002,1705
ENSG00000211820,22320691,22320188,503
ENSG00000279063,55467934,55467438,496
ENSG00000256221,22334685,22332922,1763
ENSG00000285659,7527297,7525143,2154
ENSG00000255251,7542450,7539628,2822
ENSG00000261652,55418764,55408548,10216
ENSG00000285927,7545300,7544676,624
ENSG00000248944,7552062,7549053,3009
ENSG00000285975,7559712,7556700,3012
ENSG00000215339,12359391,12356136,3255
ENSG00000225579,77833950,77828222,5728
ENSG00000260916,55408510,55340032,68478
ENSG00000227888,12388296,12362019,26277
ENSG00000234749,7567360,7564350,3010
ENSG00000285687,7575006,7571995,3011
ENSG00000237638,64905137,64901840,3297
ENSG00000132792,37872129,37693955,178174
ENSG00000255556,12380265,12378679,1586
ENSG00000227394,64960634,64960053,581
ENSG00000254423,12375546,12374366,1180
ENSG00000271455,50603511,50603229,282
ENSG00000213956,50633602,50633124,478
ENSG00000157306,23560778,23511760,49018
ENSG00000165416,52700909,52652709,48200
ENSG00000236054,32584204,32583300,904
ENSG00000010610,6820799,6786858,33941
ENSG00000226589,31783312,31764879,18433
ENSG00000185666,33058372,32512552,545820
ENSG00000213983,23568070,23559565,8505
ENSG00000064489,19192158,19145567,46591
ENSG00000152990,22516066,22345071,170995
ENSG00000241837,33915814,33903453,12361
ENSG00000067606,2185395,2050411,134984
ENSG00000259369,55746767,55746639,128
ENSG00000123643,151492379,151437046,55333
ENSG00000255210,110050160,110049528,632
ENSG00000254798,109907741,109907004,737
ENSG00000237808,31580387,31576297,4090
ENSG00000278288,54713345,54707923,5422
ENSG00000279147,141938547,141936707,1840
ENSG00000246339,28701464,28696198,5266
ENSG00000241081,76886750,76886377,373
ENSG00000251688,147594587,147567606,26981
ENSG00000280920,54202421,54201224,1197
ENSG00000228194,33015461,33014980,481
ENSG00000227883,47550753,47550196,557
ENSG00000100234,32863043,32801701,61342
ENSG00000259058,76924649,76921840,2809
ENSG00000262635,155920406,155854738,65668
ENSG00000266901,79703651,79702721,930
ENSG00000257267,35328390,35290282,38108
ENSG00000251298,147617245,147609552,7693
ENSG00000204148,115925207,115888169,37038
ENSG00000278360,54704235,54703952,283
ENSG00000228707,116012965,116012361,604
ENSG00000274918,35317848,35317396,452
ENSG00000270972,333688,333192,496
ENSG00000067167,70608416,70573218,35198
ENSG00000244237,69561470,69561019,451
ENSG00000267909,69574871,69569799,5072
ENSG00000100167,41998221,41969475,28746
ENSG00000229673,32784982,32783177,1805
ENSG00000198398,190449876,190428655,21221
ENSG00000223852,29681055,29672345,8710
ENSG00000114745,39108363,39096659,11704
ENSG00000100647,69715144,69611596,103548
ENSG00000282538,143700591,143696014,4577
ENSG00000262505,155866273,155836689,29584
ENSG00000232253,29849437,29849309,128
ENSG00000213216,123029753,123029373,380
ENSG00000242296,12400366,12393209,7157
ENSG00000268536,4791207,4785120,6087
ENSG00000259837,927993,926083,1910
ENSG00000230419,29879543,29878575,968
ENSG00000270074,12414373,12412827,1546
ENSG00000227296,29881754,29879033,2721
ENSG00000236380,21406508,21405737,771
ENSG00000229552,29888960,29887829,1131
ENSG00000272461,976883,962592,14291
ENSG00000263551,1174823,976589,198234
ENSG00000237874,83736525,83728055,8470
ENSG00000273797,69617648,69617122,526
ENSG00000236441,29898155,29897789,366
ENSG00000232871,48682245,48638071,44174
ENSG00000263505,1160404,1159198,1206
ENSG00000251402,12418090,12415080,3010
ENSG00000198026,45972203,45948660,23543
ENSG00000250338,40266457,40265472,985
ENSG00000142233,48673081,48661407,11674
ENSG00000226314,28169594,28161769,7825
ENSG00000269604,4795559,4791745,3814
ENSG00000125901,3048250,3046052,2198
ENSG00000148334,128128462,128120693,7769
ENSG00000269966,71417436,71295173,122263
ENSG00000271752,50663266,50662859,407
ENSG00000141965,4801273,4791681,9592
ENSG00000285765,7582653,7579644,3009
ENSG00000230597,71329806,71328942,864
ENSG00000279289,71390829,71386852,3977
ENSG00000233237,71420745,71343427,77318
ENSG00000243189,33124507,33102388,22119
ENSG00000250566,68517647,68509441,8206
ENSG00000250794,12425000,12421032,3968
ENSG00000237949,59001543,58999626,1917
ENSG00000262492,7955622,7954868,754
ENSG00000244101,136609602,136609050,552
ENSG00000266251,1177012,1176790,222
ENSG00000127666,4831704,4815932,15772
ENSG00000270381,45263915,45263690,225
ENSG00000188342,45284893,45120510,164383
ENSG00000131381,15099163,15070073,29090
ENSG00000197888,68568527,68537184,31343
ENSG00000118007,136752403,136336236,416167
ENSG00000063180,48646187,48637946,8241
ENSG00000261771,55498360,55355248,143112
ENSG00000284491,12813581,12802031,11550
ENSG00000145002,12436343,12425614,10729
ENSG00000101405,3072517,3071620,897
ENSG00000267062,12801849,12796823,5026
ENSG00000167815,12801800,12796820,4980
ENSG00000219095,56276796,56276529,267
ENSG00000249209,33931607,33584687,346920
ENSG00000069943,55355648,55318960,36688
ENSG00000227602,56332117,56331788,329
ENSG00000226888,59089039,59088701,338
ENSG00000178719,143993415,143990056,3359
ENSG00000249472,68615013,68614419,594
ENSG00000124749,56394094,56056590,337504
ENSG00000226557,59138182,59136625,1557
ENSG00000277358,45124143,45124015,128
ENSG00000180332,45194717,45192853,1864
ENSG00000251101,68616137,68615393,744
ENSG00000251074,68628899,68626847,2052
ENSG00000101200,3084724,3082556,2168
ENSG00000159140,33577514,33543038,34476
ENSG00000198722,35405338,35161992,243346
ENSG00000119900,71309059,71288811,20248
ENSG00000172009,2815807,2785503,30304
ENSG00000234273,109597166,109521981,75185
ENSG00000230192,109660802,109660094,708
ENSG00000105355,4867694,4838341,29353
ENSG00000196569,129516569,128883141,633428
ENSG00000196620,68670652,68646597,24055
ENSG00000224089,120942023,120938701,3322
ENSG00000236761,131711017,131708684,2333
ENSG00000213999,19170289,19145567,24722
ENSG00000263520,65458408,65457541,867
ENSG00000154269,131747418,131628442,118976
ENSG00000188554,43211689,43170481,41208
ENSG00000248635,68712498,68704600,7898
ENSG00000232295,71328228,71221457,106771
ENSG00000278854,7846454,7845485,969
ENSG00000198785,101738580,101569352,169228
ENSG00000215603,7854876,7853686,1190
ENSG00000271368,109764357,109763574,783
ENSG00000276533,55289346,55288849,497
ENSG00000274765,55343575,55343141,434
ENSG00000123268,50821162,50763710,57452
ENSG00000123737,121817021,121801317,15704
ENSG00000234258,31797251,31791805,5446
ENSG00000249693,56603507,56530609,72898
ENSG00000234475,31800132,31797650,2482
ENSG00000236375,68010862,68010205,657
ENSG00000213178,169484080,169483671,409
ENSG00000242795,169623951,169613510,10441
ENSG00000148634,68075348,67921899,153449
ENSG00000234913,18007308,18004270,3038
ENSG00000196503,56525481,56505209,20272
ENSG00000233049,30717697,30697750,19947
ENSG00000171916,18494945,18476737,18208
ENSG00000188386,101595021,101591604,3417
ENSG00000232312,31742562,31737508,5054
ENSG00000186583,144047085,144012414,34671
ENSG00000243156,18024561,17787649,236912
ENSG00000236556,59282835,59282147,688
ENSG00000271490,50806437,50806335,102
ENSG00000165443,59247774,59176643,71131
ENSG00000271154,120942875,120942623,252
ENSG00000237064,109960184,109959218,966
ENSG00000232199,109999624,109998434,1190
ENSG00000226600,120946883,120943561,3322
ENSG00000128050,56464579,56435741,28838
ENSG00000168826,4321786,4290251,31535
ENSG00000229411,29899890,29899031,859
ENSG00000178685,144012772,143977153,35619
ENSG00000267484,4838907,4838332,575
ENSG00000279174,8016378,8013327,3051
ENSG00000278424,110216380,110215891,489
ENSG00000132518,8020339,8002594,17745
ENSG00000226516,113578852,113577382,1470
ENSG00000234702,91983505,91982655,850
ENSG00000229132,92114461,92113246,1215
ENSG00000230543,92515497,92515323,174
ENSG00000215089,92460952,92459670,1282
ENSG00000269859,55476482,55475983,499
ENSG00000102290,92623230,91779261,843969
ENSG00000233176,7592916,7592006,910
ENSG00000114742,39096671,39052013,44658
ENSG00000188921,21031640,20999509,32131
ENSG00000197483,55484487,55476617,7870
ENSG00000250699,117328038,117316362,11676
ENSG00000148541,59363181,59246129,117052
ENSG00000263731,81881106,81878425,2681
ENSG00000186318,117316259,117285207,31052
ENSG00000226965,110534754,110432239,102515
ENSG00000263859,81879557,81878667,890
ENSG00000276127,71252988,71251758,1230
ENSG00000271041,120947735,120947483,252
ENSG00000263396,1357942,1357651,291
ENSG00000224883,41982217,41981304,913
ENSG00000110768,18367045,18322295,44750
ENSG00000132204,1408344,1254383,153961
ENSG00000230347,120951744,120948422,3322
ENSG00000224914,87357882,87342736,15146
ENSG00000236104,33317942,33314406,3536
ENSG00000230459,77278774,77278465,309
ENSG00000173517,77420144,77100656,319488
ENSG00000214562,87370695,87357668,13027
ENSG00000270397,120952595,120952344,251
ENSG00000248516,4334182,4321962,12220
ENSG00000265417,1363873,1362445,1428
ENSG00000228517,120956600,120953288,3312
ENSG00000255122,12581063,12580287,776
ENSG00000284613,12665495,12665278,217
ENSG00000186452,50887884,50842920,44964
ENSG00000255549,12511278,12448013,63265
ENSG00000242607,12571130,12570350,780
ENSG00000244289,12629256,12628476,780
ENSG00000284724,12659348,12659130,218
ENSG00000255253,12638602,12638428,174
ENSG00000284746,12601376,12601158,218
ENSG00000270154,12477122,12476462,660
ENSG00000142494,19579034,19495385,83649
ENSG00000284663,12607509,12607291,218
ENSG00000283674,12665588,12467693,197895
ENSG00000142192,26171128,25880550,290578
ENSG00000271621,50848312,50847925,387
ENSG00000053328,110358272,110245928,112344
ENSG00000250697,33297910,32925639,372271
ENSG00000271502,120957479,120957227,252
ENSG00000226023,120961487,120958165,3322
ENSG00000240376,33162807,33162179,628
ENSG00000248279,32962467,32947443,15024
ENSG00000168438,110254275,110180141,74134
ENSG00000250672,33090349,33090126,223
ENSG00000251443,33255553,33229735,25818
ENSG00000180658,131701401,131699644,1757
ENSG00000249102,33025724,33008934,16790
ENSG00000259722,77205100,77204578,522
ENSG00000251281,33017607,33011322,6285
ENSG00000253120,22580296,22580014,282
ENSG00000283356,5554881,5554747,134
ENSG00000240427,81627617,81627269,348
ENSG00000115073,97664107,97655963,8144
ENSG00000254151,81618560,81617220,1340
ENSG00000211656,22588688,22588155,533
ENSG00000236948,5668295,5561709,106586
ENSG00000251521,81631134,81605569,25565
ENSG00000236397,113601261,113599036,2225
ENSG00000240236,122318741,122317609,1132
ENSG00000271806,2145279,2141084,4195
ENSG00000182873,2184389,2181794,2595
ENSG00000234396,2220738,2212523,8215
ENSG00000121552,122341969,122325248,16721
ENSG00000205184,81635662,81634357,1305
ENSG00000253266,141060596,141055290,5306
ENSG00000146556,113599043,113588550,10493
ENSG00000165271,33473930,33461353,12577
ENSG00000276781,92935293,92923080,12213
ENSG00000271211,120962339,120962087,252
ENSG00000249722,174330503,174329612,891
ENSG00000168026,39138903,39107704,31199
ENSG00000237957,120966348,120963026,3322
ENSG00000273654,18032099,18022403,9696
ENSG00000249306,174532457,174336295,196162
ENSG00000268623,18041083,18040355,728
ENSG00000243455,18049090,18048637,453
ENSG00000285057,43131270,43131208,62
ENSG00000267681,43145255,43144956,299
ENSG00000283453,60546660,60281444,265216
ENSG00000267340,43170077,43169880,197
ENSG00000238134,31974166,31956231,17935
ENSG00000267002,43171037,43148368,22669
ENSG00000213376,174514307,174513305,1002
ENSG00000233164,30697740,30691675,6065
ENSG00000240828,43079780,43079302,478
ENSG00000277172,60720196,60719222,974
ENSG00000198496,43153671,43125610,28061
ENSG00000253833,73984883,73984493,390
ENSG00000275773,60723898,60723148,750
ENSG00000248590,56595681,56593004,2677
ENSG00000113600,39424868,39284140,140728
ENSG00000274844,60826533,60826185,348
ENSG00000267595,43168249,43168170,79
ENSG00000134516,170083382,169637247,446135
ENSG00000251199,134327473,134255173,72300
ENSG00000173114,111125454,111091006,34448
ENSG00000146007,140706676,140698680,7996
ENSG00000248191,134328798,134327063,1735
ENSG00000160124,122383231,122359591,23640
ENSG00000251291,134457852,134423867,33985
ENSG00000103126,352723,287440,65283
ENSG00000249000,134817289,134759399,57890
ENSG00000166016,34358010,34150987,207023
ENSG00000249847,134934131,134932889,1242
ENSG00000176903,73714372,73711783,2589
ENSG00000251228,134944523,134944275,248
ENSG00000241411,134952889,134952259,630
ENSG00000176714,27629012,27625639,3373
ENSG00000250144,135046850,135045464,1386
ENSG00000248434,135097658,135067233,30425
ENSG00000247853,6584739,6578622,6117
ENSG00000164080,51668667,51541144,127523
ENSG00000227948,111411883,111411319,564
ENSG00000248456,135123779,135112905,10874
ENSG00000233351,129481410,129479615,1795
ENSG00000243621,111395043,111394875,168
ENSG00000228540,110725825,110724159,1666
ENSG00000220884,128929988,128928995,993
ENSG00000170445,140691537,140673904,17633
ENSG00000250834,135371924,135371177,747
ENSG00000184903,111562517,110663051,899466
ENSG00000198522,27651508,27628247,23261
ENSG00000248104,135567157,135565117,2040
ENSG00000219642,129159120,129157523,1597
ENSG00000250865,135805904,135792384,13520
ENSG00000111642,6614524,6570082,44442
ENSG00000248330,135913680,135866983,46697
ENSG00000196301,32473500,32459821,13679
ENSG00000249031,174562063,174561776,287
ENSG00000251492,136004902,136004509,393
ENSG00000250256,174625775,174618164,7611
ENSG00000231555,31812441,31809921,2520
ENSG00000165997,18681639,18659431,22208
ENSG00000261166,136099240,136097797,1443
ENSG00000248929,174633209,174632932,277
ENSG00000153071,39462300,39371675,90625
ENSG00000230489,107994607,107964443,30164
ENSG00000120149,174730896,174724582,6314
ENSG00000198502,32530287,32517353,12934
ENSG00000254708,34336003,34335118,885
ENSG00000134215,107965180,107571161,394019
ENSG00000211657,22595056,22594528,528
ENSG00000253920,22605165,22604445,720
ENSG00000253329,22619163,22618572,591
ENSG00000114054,136337896,136250340,87556
ENSG00000189167,32315344,32303700,11644
ENSG00000225945,37819218,37815777,3441
ENSG00000156030,73790285,73715122,75163
ENSG00000242052,119636150,119635526,624
ENSG00000176248,137188560,137174784,13776
ENSG00000145386,121823933,121816444,7489
ENSG00000215456,22636153,22630065,6088
ENSG00000270736,120967199,120966948,251
ENSG00000262769,19597922,19560111,37811
ENSG00000283686,142806142,142797624,8518
ENSG00000228983,19596058,19579943,16115
ENSG00000167656,142786539,142784882,1657
ENSG00000230594,120971208,120967886,3322
ENSG00000135341,90587072,90513573,73499
ENSG00000183169,22644473,22639177,5296
ENSG00000263107,19582275,19582116,159
ENSG00000253715,142812120,142785374,26746
ENSG00000100121,22647903,22644475,3428
ENSG00000266079,19557911,19557211,700
ENSG00000170558,28177130,27950966,226164
ENSG00000197140,39284917,39106990,177927
ENSG00000228331,19497528,19496943,585
ENSG00000168818,4542346,4415742,126604
ENSG00000258461,42412317,42348103,64214
ENSG00000185432,50932510,50923472,9038
ENSG00000258727,23568073,23561097,6976
ENSG00000259431,23560271,23555988,4283
ENSG00000235525,45976075,45975249,826
ENSG00000255669,2775658,2761200,14458
ENSG00000253304,29123903,29119429,4474
ENSG00000203593,2011392,2004666,6726
ENSG00000108829,50397523,50375059,22464
ENSG00000256721,2288937,2269776,19161
ENSG00000164081,51704323,51662693,41630
ENSG00000203648,2660969,2659937,1032
ENSG00000258325,2812902,2796877,16025
ENSG00000225542,21579959,21542816,37143
ENSG00000225616,28982608,28982278,330
ENSG00000256030,2794295,2786931,7364
ENSG00000223351,21979828,21942566,37262
ENSG00000280367,90226538,90223153,3385
ENSG00000270771,120972059,120971808,251
ENSG00000224177,11403077,11393981,9096
ENSG00000256025,2223479,2220537,2942
ENSG00000151789,22373321,21412218,961103
ENSG00000176101,137190370,137188660,1710
ENSG00000110172,90223077,90200429,22648
ENSG00000236126,120976068,120972746,3322
ENSG00000171792,2889524,2876258,13266
ENSG00000282231,36196843,36183607,13236
ENSG00000248967,80746819,80746339,480
ENSG00000253102,50397888,50396438,1450
ENSG00000113318,80876815,80654652,222163
ENSG00000277336,36197130,36195241,1889
ENSG00000154920,50381483,50373220,8263
ENSG00000129450,51136651,51124908,11743
ENSG00000279267,113607908,113605867,2041
ENSG00000251670,174850725,174751304,99421
ENSG00000251144,174826324,174820027,6297
ENSG00000270646,120976919,120976668,251
ENSG00000242362,120980928,120977606,3322
ENSG00000249403,174987050,174986295,755
ENSG00000275190,68713573,68698370,15203
ENSG00000251122,174923945,174923090,855
ENSG00000204754,174995513,174919082,76431
ENSG00000248293,174926717,174926541,176
ENSG00000227845,125372766,125372325,441
ENSG00000249572,33440619,33424025,16594
ENSG00000275503,15989375,15989140,235
ENSG00000240356,113627090,113610502,16588
ENSG00000008517,3082192,3065297,16895
ENSG00000280720,68716745,68716590,155
ENSG00000246627,2691200,2676001,15199
ENSG00000134757,31478702,31447741,30961
ENSG00000281174,68743987,68743709,278
ENSG00000281890,68762508,68760003,2505
ENSG00000270456,120981779,120981529,250
ENSG00000236371,120985788,120982476,3312
ENSG00000278356,2886329,2885819,510
ENSG00000111203,2859791,2812622,47169
ENSG00000274156,50935464,50934942,522
ENSG00000271596,50949384,50949117,267
ENSG00000270251,120986639,120986388,251
ENSG00000259065,73803270,73787360,15910
ENSG00000214511,50970506,50953922,16584
ENSG00000243777,102295806,102295060,746
ENSG00000136110,52739820,52703264,36556
ENSG00000274797,50954356,50953924,432
ENSG00000250665,136138874,136125909,12965
ENSG00000233433,121026563,121024964,1599
ENSG00000251567,136395471,136118675,276796
ENSG00000261762,78591276,78589123,2153
ENSG00000182890,121050080,121047588,2492
ENSG00000249311,136356336,136355110,1226
ENSG00000169684,78595269,78565520,29749
ENSG00000270868,102306271,102306112,159
ENSG00000286163,121298035,121093392,204643
ENSG00000256040,116400606,116398157,2449
ENSG00000080493,71572087,71062667,509420
ENSG00000234176,121205014,121203182,1832
ENSG00000271600,102308797,102308557,240
ENSG00000244757,116318689,116288618,30071
ENSG00000279749,136553739,136553236,503
ENSG00000213498,121864196,121863698,498
ENSG00000226604,116288769,116285829,2940
ENSG00000260585,121876865,121871869,4996
ENSG00000182752,116402321,116153791,248530
ENSG00000237891,122011612,122010976,636
ENSG00000249241,40330419,40316485,13934
ENSG00000248869,137212799,136796722,416077
ENSG00000280142,122242616,122242008,608
ENSG00000232496,122539460,122538253,1207
ENSG00000276290,60874642,60873360,1282
ENSG00000250341,137198367,137193756,4611
ENSG00000233273,96574499,96573659,840
ENSG00000220030,61241311,61240898,413
ENSG00000185352,96839562,96090839,748723
ENSG00000174343,40355217,40335333,19884
ENSG00000255633,61574402,61574328,74
ENSG00000138495,119677454,119654513,22941
ENSG00000224236,123117781,123116107,1674
ENSG00000215251,3159865,3146519,13346
ENSG00000092199,21269494,21209136,60358
ENSG00000267533,12068417,12067173,1244
ENSG00000228719,36454944,36445395,9549
ENSG00000285569,11423809,11407297,16512
ENSG00000154589,74029087,73991352,37735
ENSG00000256616,12076654,12073232,3422
ENSG00000052723,114780685,114769479,11206
ENSG00000276791,2780568,2777319,3249
ENSG00000267990,51138634,51137970,664
ENSG00000100380,40856639,40824535,32104
ENSG00000185019,3160196,3107573,52623
ENSG00000150276,52821018,52820497,521
ENSG00000136271,44575051,44565417,9634
ENSG00000266450,1779955,1655177,124778
ENSG00000215414,13287378,13286638,740
ENSG00000266602,1647097,1509183,137914
ENSG00000080644,78621295,78593052,28243
ENSG00000264080,1782064,1780329,1735
ENSG00000239882,32001104,31998290,2814
ENSG00000232169,30587416,30561610,25806
ENSG00000280770,3427885,3427276,609
ENSG00000231275,32274773,32273814,959
ENSG00000234328,32005126,32001268,3858
ENSG00000121577,119665324,119636457,28867
ENSG00000234280,32320157,32241266,78891
ENSG00000129654,76141245,76136333,4912
ENSG00000274891,3486461,3401777,84684
ENSG00000274578,28146703,28146233,470
ENSG00000227279,27963687,27954519,9168
ENSG00000229391,32560022,32552713,7309
ENSG00000228218,76226806,76225751,1055
ENSG00000168824,4419058,4348140,70918
ENSG00000267128,76154650,76140556,14094
ENSG00000214955,34325034,34205055,119979
ENSG00000069424,6101193,5991466,109727
ENSG00000198743,34106260,34073578,32682
ENSG00000159131,33543491,33503931,39560
ENSG00000267376,76202796,76202644,152
ENSG00000116288,7985505,7954291,31214
ENSG00000227456,34190244,34157724,32520
ENSG00000141576,76240493,76142465,98028
ENSG00000136099,52848641,52842889,5752
ENSG00000236100,30761447,30760718,729
ENSG00000057593,113120681,113105788,14893
ENSG00000063515,19150283,19148576,1707
ENSG00000144134,113643396,113627229,16167
ENSG00000235958,3150867,3106913,43954
ENSG00000224598,34136071,34135432,639
ENSG00000250686,61681049,61630233,50816
ENSG00000243927,34143034,34073224,69810
ENSG00000260924,19172839,19171395,1444
ENSG00000112232,62286225,61679961,606264
ENSG00000250376,68787474,68784618,2856
ENSG00000280830,3502360,3498728,3632
ENSG00000251236,68814727,68813995,732
ENSG00000281723,3498795,3498320,475
ENSG00000109181,68832023,68815994,16029
ENSG00000280107,28172521,28170845,1676
ENSG00000216901,28176674,28176188,486
ENSG00000256902,2753132,2752597,535
ENSG00000285555,2335702,2332861,2841
ENSG00000271236,40760874,40760597,277
ENSG00000218016,28189432,28188050,1382
ENSG00000179593,8049134,8039034,10100
ENSG00000272657,34360033,34073592,286441
ENSG00000259080,27635174,27583046,52128
ENSG00000196159,125492932,125316399,176533
ENSG00000118156,47555856,47520685,35171
ENSG00000240047,74056647,74055882,765
ENSG00000253421,142858797,142858354,443
ENSG00000254288,74099853,74052340,47513
ENSG00000179142,142917843,142910559,7284
ENSG00000244630,80855843,80855507,336
ENSG00000271043,80650086,80650000,86
ENSG00000228716,80654983,80626226,28757
ENSG00000243943,27623217,27582969,40248
ENSG00000160882,142879846,142872356,7490
ENSG00000279421,78600013,78599892,121
ENSG00000282044,148475983,148439467,36516
ENSG00000186792,50299405,50292831,6574
ENSG00000281999,148444767,148444254,513
ENSG00000261002,42226990,42208413,18577
ENSG00000269145,18151691,18144522,7169
ENSG00000276125,36213250,36211296,1954
ENSG00000214013,42356935,42273233,83702
ENSG00000146834,100434118,100428790,5328
ENSG00000096996,18098944,18058995,39949
ENSG00000188277,40772449,40770080,2369
ENSG00000279083,35362054,35360540,1514
ENSG00000166140,40815084,40807086,7998
ENSG00000247708,4710938,4542131,168807
ENSG00000196126,32589848,32578769,11079
ENSG00000230928,98256575,98252023,4552
ENSG00000128463,34230156,34225013,5143
ENSG00000138131,98268194,98247690,20504
ENSG00000078487,100428992,100400826,28166
ENSG00000214706,50292918,50287732,5186
ENSG00000248221,4481700,4476121,5579
ENSG00000260430,19098110,19086856,11254
ENSG00000237170,4507777,4507078,699
ENSG00000278389,19111484,19111035,449
ENSG00000253619,121119754,120913065,206689
ENSG00000271219,121113919,121113358,561
ENSG00000282734,1302607,1296034,6573
ENSG00000239872,121380465,121380137,328
ENSG00000280733,241977276,241970683,6593
ENSG00000164877,1459470,1428465,31005
ENSG00000236133,77990646,77989372,1274
ENSG00000234377,78617328,77919689,697639
ENSG00000271795,151512769,151509453,3316
ENSG00000261427,19173578,19114002,59576
ENSG00000086570,151568944,151504093,64851
ENSG00000261759,19121629,19119976,1653
ENSG00000198185,46513559,46499630,13929
ENSG00000249655,80631590,80630313,1277
ENSG00000205730,19121629,19113932,7697
ENSG00000182272,382117,369499,12618
ENSG00000103528,19268332,19167971,100361
ENSG00000281953,1369833,1368648,1185
ENSG00000108352,40195656,40177010,18646
ENSG00000259468,34257832,34255286,2546
ENSG00000104499,142916506,142834247,82259
ENSG00000140199,34338060,34229996,108064
ENSG00000110274,117413266,117314557,98709
ENSG00000253728,142834940,142834138,802
ENSG00000163798,27694976,27663471,31505
ENSG00000108592,63830012,63819433,10579
ENSG00000225509,18738631,18735745,2886
ENSG00000224778,19139611,19126399,13212
ENSG00000234244,18747853,18746433,1420
ENSG00000172466,35345482,35332227,13255
ENSG00000152192,78603552,78598362,5190
ENSG00000234813,18940953,18940501,452
ENSG00000244538,22594450,22594196,254
ENSG00000251516,22611063,22607501,3562
ENSG00000229249,78053595,78012883,40712
ENSG00000243095,39158701,39157538,1163
ENSG00000235625,78277514,78275720,1794
ENSG00000250012,126095349,126084220,11129
ENSG00000229865,78423192,78422823,369
ENSG00000248607,126058228,126056923,1305
ENSG00000152193,78659155,78614289,44866
ENSG00000249948,22819575,22692914,126661
ENSG00000253814,122091609,122091480,129
ENSG00000254209,121684562,121671773,12789
ENSG00000254303,122127184,121954640,172544
ENSG00000114544,126101561,126006355,95206
ENSG00000248690,121993876,121639293,354583
ENSG00000285649,43974821,43968351,6470
ENSG00000179564,50288114,50279087,9027
ENSG00000117410,43978295,43974487,3808
ENSG00000264189,1929094,1927727,1367
ENSG00000099308,18151692,18097793,53899
ENSG00000281997,1381062,1373685,7377
ENSG00000263745,2489426,1883524,605902
ENSG00000128159,50245023,50217689,27334
ENSG00000282141,1379973,1377533,2440
ENSG00000243477,50299421,50296402,3019
ENSG00000280591,242006013,242003691,2322
ENSG00000136160,77975529,77895481,80048
ENSG00000265693,18704769,18704640,129
ENSG00000108448,18736118,18697998,38120
ENSG00000170961,121641440,121612116,29324
ENSG00000132967,22382929,22381819,1110
ENSG00000234723,22670711,22670201,510
ENSG00000254581,12676389,12676035,354
ENSG00000225834,32341897,32338729,3168
ENSG00000279588,100786189,100782417,3772
ENSG00000103978,42273663,42210452,63211
ENSG00000271235,22812047,22811390,657
ENSG00000259579,100828497,100716249,112248
ENSG00000226183,22905151,22904135,1016
ENSG00000233649,31960526,31960233,293
ENSG00000259586,100846767,100846604,163
ENSG00000177400,12685153,12684154,999
ENSG00000103355,2787948,2783953,3995
ENSG00000229300,31821951,31816794,5157
ENSG00000102837,53052057,53028813,23244
ENSG00000234894,19152307,19151554,753
ENSG00000237350,22727950,22727375,575
ENSG00000279300,17623338,17622447,891
ENSG00000280691,242031529,242030558,971
ENSG00000285064,33329286,33321386,7900
ENSG00000269752,17614430,17613722,708
ENSG00000130477,17688365,17601328,87037
ENSG00000204209,33323016,33318558,4458
ENSG00000231915,22991582,22989823,1759
ENSG00000162881,42764261,42762481,1780
ENSG00000239557,52374882,52373652,1230
ENSG00000224770,32355327,32342174,13153
ENSG00000114841,52400491,52316319,84172
ENSG00000230818,19748621,19747823,798
ENSG00000255040,14674555,14673606,949
ENSG00000227734,19291480,19290223,1257
ENSG00000152270,14872044,14643804,228240
ENSG00000236960,19491299,19491072,227
ENSG00000234012,30781800,30763719,18081
ENSG00000267722,12085267,12081540,3727
ENSG00000226255,19052170,19051455,715
ENSG00000126247,36150353,36139575,10778
ENSG00000267478,12093141,12091674,1467
ENSG00000204740,19790401,19048801,741600
ENSG00000087191,63832026,63827152,4874
ENSG00000235137,96885821,96883842,1979
ENSG00000137880,40767708,40764068,3640
ENSG00000119760,27663840,27650809,13031
ENSG00000233854,39013551,38984243,29308
ENSG00000100348,36481640,36467046,14594
ENSG00000224122,39406346,39404598,1748
ENSG00000254917,12697273,12696307,966
ENSG00000215016,23134824,23134372,452
ENSG00000254724,12704056,12703066,990
ENSG00000106536,39493095,38977998,515097
ENSG00000237092,53151808,53146539,5269
ENSG00000263427,8057621,8056225,1396
ENSG00000104129,40807478,40765161,42317
ENSG00000226823,33510711,33503655,7056
ENSG00000233153,23202578,23195070,7508
ENSG00000204767,169980495,169861303,119192
ENSG00000267895,51144196,51143826,370
ENSG00000269072,51181966,51152923,29043
ENSG00000279325,53198540,53193667,4873
ENSG00000171101,51173524,51167328,6196
ENSG00000275011,8072533,8063936,8597
ENSG00000253269,169779365,169772966,6399
ENSG00000228072,33514773,33512959,1814
ENSG00000225510,53202753,53199981,2772
ENSG00000205784,4902867,4890437,12430
ENSG00000103034,58513628,58462846,50782
ENSG00000239539,19489400,19489101,299
ENSG00000125675,123490915,123184153,306762
ENSG00000233968,19728550,19710328,18222
ENSG00000243014,117027039,117026698,341
ENSG00000243197,116723581,116709235,14346
ENSG00000227993,32393254,32388087,5167
ENSG00000168995,51153526,51142299,11227
ENSG00000283456,19747435,19747172,263
ENSG00000158815,22048809,22042398,6411
ENSG00000090971,55487568,55485188,2380
ENSG00000225931,2569888,2566410,3478
ENSG00000185565,117139389,115802363,1337026
ENSG00000157601,41459214,41420304,38910
ENSG00000231860,30777095,30766979,10116
ENSG00000274316,53409876,53408882,994
ENSG00000224686,78488513,78488182,331
ENSG00000232434,136848801,136844415,4386
ENSG00000273919,53410880,53345211,65669
ENSG00000167703,1628886,1569267,59619
ENSG00000271386,78286288,78285838,450
ENSG00000271776,78599619,78596129,3490
ENSG00000156639,38154624,37819727,334897
ENSG00000272023,132964164,132963770,394
ENSG00000177943,136860799,136850943,9856
ENSG00000253115,74106744,74103516,3228
ENSG00000233379,77944874,77939162,5712
ENSG00000229738,132988110,132987652,458
ENSG00000253983,74208441,74199396,9045
ENSG00000238053,29708484,29708062,422
ENSG00000272329,96949584,96948018,1566
ENSG00000266783,2562220,2561172,1048
ENSG00000132768,43973369,43970000,3369
ENSG00000227333,31879868,31861940,17928
ENSG00000234267,96984172,96941281,42891
ENSG00000263627,9619363,9615264,4099
ENSG00000101574,2571509,2537525,33984
ENSG00000142444,10933535,10928811,4724
ENSG00000173548,75662301,75647906,14395
ENSG00000242385,116932238,116921431,10807
ENSG00000237446,18020200,18019214,986
ENSG00000134996,75147265,75088543,58722
ENSG00000235445,17983619,17983205,414
ENSG00000198406,116646727,116645902,825
ENSG00000241397,116568264,116552473,15791
ENSG00000240922,116370090,116360024,10066
ENSG00000093100,17811497,17787652,23845
ENSG00000269681,51155624,51155288,336
ENSG00000273863,7907303,7905536,1767
ENSG00000092529,42412318,42359500,52818
ENSG00000274515,75645442,75645020,422
ENSG00000155719,21761935,21663971,97964
ENSG00000244246,7914090,7913422,668
ENSG00000177971,75648706,75639085,9621
ENSG00000229745,7937640,7932997,4643
ENSG00000267852,7395039,7390522,4517
ENSG00000148384,136439845,136428619,11226
ENSG00000104880,7472477,7395113,77364
ENSG00000218521,38003313,38002832,481
ENSG00000275454,75640976,75639760,1216
ENSG00000255492,11856859,11856490,369
ENSG00000270098,71437924,71434405,3519
ENSG00000260206,75639239,75636139,3100
ENSG00000249170,71301235,71300258,977
ENSG00000170242,11959323,11841423,117900
ENSG00000196735,32647062,32628179,18883
ENSG00000049656,1345099,1317752,27347
ENSG00000167257,117286454,117232625,53829
ENSG00000264150,2569122,2568392,730
ENSG00000261517,53876119,53815419,60700
ENSG00000124140,46060152,46021690,38462
ENSG00000169016,11466177,11444375,21802
ENSG00000233943,56976224,56975593,631
ENSG00000253596,74350050,74347757,2293
ENSG00000234787,54132866,54115783,17083
ENSG00000104381,74488872,74321130,167742
ENSG00000184530,127591820,127519455,72365
ENSG00000054148,136851027,136848724,2303
ENSG00000271652,54116851,54116476,375
ENSG00000248652,57081951,57081745,206
ENSG00000142156,46005050,45981737,23313
ENSG00000225472,14357908,14317085,40823
ENSG00000266473,67245806,67244837,969
ENSG00000230453,33573009,33524394,48615
ENSG00000198265,67245989,67070444,175545
ENSG00000147862,14398983,14081843,317140
ENSG00000264663,39836080,39835037,1043
ENSG00000231066,14835319,14834476,843
ENSG00000227970,114851453,114837227,14226
ENSG00000106605,43807342,43758680,48662
ENSG00000161405,39864312,39757718,106594
ENSG00000179101,123514872,123514473,399
ENSG00000229733,123558584,123558350,234
ENSG00000105204,39834201,39825350,8851
ENSG00000228466,123562966,123561642,1324
ENSG00000144158,113658675,113657908,767
ENSG00000175509,113668621,113667478,1143
ENSG00000141644,50281774,50266882,14892
ENSG00000233479,113673191,113669166,4025
ENSG00000228037,2584533,2581560,2973
ENSG00000104369,74321540,74234700,86840
ENSG00000179477,8087716,8072636,15080
ENSG00000273492,26217381,26170871,46510
ENSG00000263264,7383385,7348943,34442
ENSG00000233783,25942686,25928754,13932
ENSG00000198765,114995370,114854863,140507
ENSG00000224541,26175824,26158091,17733
ENSG00000280980,242089513,242053059,36454
ENSG00000229147,19171194,19152567,18627
ENSG00000256453,140673576,140670794,2782
ENSG00000185813,81911464,81900965,10499
ENSG00000268861,7472477,7382834,89643
ENSG00000281782,242121607,242100269,21338
ENSG00000176749,32491253,32486993,4260
ENSG00000253966,170904461,170896929,7532
ENSG00000128918,58497866,57953424,544442
ENSG00000282152,1552210,1487682,64528
ENSG00000204764,171300015,170861870,438145
ENSG00000282001,1552054,1551825,229
ENSG00000120314,140674124,140664676,9448
ENSG00000278337,19172925,19172773,152
ENSG00000230982,46654022,46653558,464
ENSG00000229497,43767599,43767290,309
ENSG00000277354,36362656,36361959,697
ENSG00000267241,15669826,15664106,5720
ENSG00000181626,12129749,12093853,35896
ENSG00000250149,125752793,125676718,76075
ENSG00000249555,125724217,125723267,950
ENSG00000267677,59386749,59360700,26049
ENSG00000251436,125683668,125681177,2491
ENSG00000161664,44179083,44170447,8636
ENSG00000120899,27459391,27311482,147909
ENSG00000248648,133003365,133003119,246
ENSG00000181544,14873069,14835961,37108
ENSG00000155329,133026604,132996985,29619
ENSG00000278622,54194965,54190368,4597
ENSG00000205758,33643926,33589341,54585
ENSG00000140254,45129938,45117367,12571
ENSG00000228318,41445708,41441056,4652
ENSG00000282370,36227179,36225618,1561
ENSG00000267080,44186717,44175973,10744
ENSG00000267162,12102470,12101997,473
ENSG00000112238,99615578,99606730,8848
ENSG00000167904,55773407,55696424,76983
ENSG00000131697,5992473,5862811,129662
ENSG00000221890,38844028,38818452,25576
ENSG00000112855,140699305,140691430,7875
ENSG00000214999,8081565,8079482,2083
ENSG00000219257,100051236,100050372,864
ENSG00000229315,100076413,99993944,82469
ENSG00000268947,35264804,35262846,1958
ENSG00000228171,23389909,23389661,248
ENSG00000271366,35253639,35251440,2199
ENSG00000182247,23591794,23203020,388774
ENSG00000183741,38872314,38861450,10864
ENSG00000158220,138481686,138434586,47100
ENSG00000227068,125573023,125567579,5444
ENSG00000152034,99994247,99919910,74337
ENSG00000214761,125596628,125595669,959
ENSG00000105699,35267964,35248330,19634
ENSG00000216859,62461503,62460940,563
ENSG00000119487,125707234,125437393,269841
ENSG00000270760,36148348,36144081,4267
ENSG00000276505,117297328,117297005,323
ENSG00000223544,15589084,15588852,232
ENSG00000266261,15654489,15651590,2899
ENSG00000271412,117336631,117336256,375
ENSG00000278768,117293571,117288453,5118
ENSG00000241322,15619512,15565483,54029
ENSG00000266924,79791432,79787121,4311
ENSG00000267780,79816529,79792726,23803
ENSG00000266869,71908430,71848606,59824
ENSG00000178342,79900184,79863668,36516
ENSG00000115902,65023865,64988477,35388
ENSG00000149635,46550574,46540946,9628
ENSG00000227526,32421718,32408020,13698
ENSG00000241200,7991806,7990987,819
ENSG00000250480,57122624,57120796,1828
ENSG00000239893,8126293,8068445,57848
ENSG00000251649,126072004,126070708,1296
ENSG00000279215,36361147,36360778,369
ENSG00000251005,126106923,126106139,784
ENSG00000278476,36299830,36299388,442
ENSG00000280839,23387731,23359603,28128
ENSG00000227359,113704078,113677702,26376
ENSG00000286251,126465144,126431694,33450
ENSG00000171466,9675100,9641807,33293
ENSG00000246366,70663279,70608577,54702
ENSG00000198033,19181824,19173772,8052
ENSG00000228677,37193926,37187666,6260
ENSG00000231679,32457245,32444128,13117
ENSG00000270116,37101343,37100814,529
ENSG00000215148,2805302,2798485,6817
ENSG00000147592,70669185,70635318,33867
ENSG00000182670,37203112,37073226,129886
ENSG00000213180,67225041,67224728,313
ENSG00000264421,67225541,67224303,1238
ENSG00000285877,67273503,67244282,29221
ENSG00000280578,68766817,68766262,555
ENSG00000227204,8144203,8127130,17073
ENSG00000062582,43869893,43866558,3335
ENSG00000101337,32167258,32109506,57752
ENSG00000259376,101049456,101043716,5740
ENSG00000115084,113756693,113705011,51682
ENSG00000230143,30734994,30719960,15034
ENSG00000272639,100885329,100861924,23405
ENSG00000223727,3627296,3250687,376609
ENSG00000272808,100876836,100849831,27005
ENSG00000145545,6674386,6633427,40959
ENSG00000251537,15651653,15571491,80162
ENSG00000175066,142225592,142157527,68065
ENSG00000259755,101086066,101050732,35334
ENSG00000232386,100861756,100849561,12195
ENSG00000277334,54896443,54892528,3915
ENSG00000221926,15684311,15627960,56351
ENSG00000278075,79900903,79900555,348
ENSG00000154237,101078257,100919327,158930
ENSG00000106608,43926411,43875894,50517
ENSG00000226318,67961464,67960702,762
ENSG00000251424,68834368,68834213,155
ENSG00000249235,68861610,68861332,278
ENSG00000281076,23402726,23390606,12120
ENSG00000122490,79951657,79902420,49237
ENSG00000166090,23376403,23372809,3594
ENSG00000251529,68880131,68877626,2505
ENSG00000248547,68884440,68883885,555
ENSG00000248613,68900910,68900651,259
ENSG00000272626,68906983,68901008,5975
ENSG00000249985,68908034,68907918,116
ENSG00000108312,44221626,44205033,16593
ENSG00000198277,68924741,68914928,9813
ENSG00000088899,3173592,3162617,10975
ENSG00000281149,23393839,23392771,1068
ENSG00000137574,55825448,55773142,52306
ENSG00000267106,9647203,9621249,25954
ENSG00000278563,142222324,142111749,110575
ENSG00000023445,102339403,102317450,21953
ENSG00000235209,38924708,38921227,3481
ENSG00000227665,31642899,31640507,2392
ENSG00000100075,19178739,19175581,3158
ENSG00000228435,31642950,31640476,2474
ENSG00000230302,101793756,101793454,302
ENSG00000230418,102055741,102055252,489
ENSG00000266200,116645143,116620953,24190
ENSG00000286243,102444819,102444586,233
ENSG00000136149,54441315,54440704,611
ENSG00000232156,32497705,32483164,14541
ENSG00000270870,65655395,65654914,481
ENSG00000145779,119399688,119268692,130996
ENSG00000277047,54986719,54940843,45876
ENSG00000266076,65641033,65538102,102931
ENSG00000277790,58456348,58456188,160
ENSG00000259285,58071043,58065225,5818
ENSG00000271587,65644617,65644308,309
ENSG00000154240,66192133,65635537,556596
ENSG00000259600,58152513,58151033,1480
ENSG00000103569,58185911,58138169,47742
ENSG00000128383,38992778,38952741,40037
ENSG00000063169,47703277,47608196,95081
ENSG00000100985,46016561,46008908,7653
ENSG00000154359,12756073,12721906,34167
ENSG00000235901,102518308,102515204,3104
ENSG00000204250,102657514,102519636,137878
ENSG00000232242,102612155,102611162,993
ENSG00000270617,43906589,43866558,40031
ENSG00000275576,32116629,32116171,458
ENSG00000267269,59688400,59685820,2580
ENSG00000237972,43920054,43918697,1357
ENSG00000183287,59697662,59430939,266723
ENSG00000024422,47743134,47713422,29712
ENSG00000109472,165498547,165361194,137353
ENSG00000223620,126564776,126563509,1267
ENSG00000274126,104597659,104586828,10831
ENSG00000179750,38992804,38982347,10457
ENSG00000119943,98415182,98383565,31617
ENSG00000259626,58150962,58150635,327
ENSG00000250813,137301187,137301001,186
ENSG00000166035,58569844,58410569,159275
ENSG00000251440,137425864,137425426,438
ENSG00000213448,137448501,137448087,414
ENSG00000240695,136737229,136736500,729
ENSG00000273476,100968135,100967688,447
ENSG00000258586,73830135,73822559,7576
ENSG00000134200,115034309,115029824,4485
ENSG00000270576,73840609,73840520,89
ENSG00000204044,46022073,46013500,8573
ENSG00000280794,68783287,68783028,259
ENSG00000236903,31866235,31865942,293
ENSG00000281704,68789360,68783385,5975
ENSG00000266521,31497195,31496645,550
ENSG00000225022,5292831,5292388,443
ENSG00000189184,137532494,137518918,13576
ENSG00000162882,42792593,42767089,25504
ENSG00000281127,68790411,68790295,116
ENSG00000101292,5314369,5302040,12329
ENSG00000251596,165406350,165404067,2283
ENSG00000278999,47663895,47661657,2238
ENSG00000114023,122412334,122384176,28158
ENSG00000269806,47626395,47615699,10696
ENSG00000267000,59465682,59459072,6610
ENSG00000236216,21398362,21397987,375
ENSG00000277383,47608454,47607873,581
ENSG00000281612,68807118,68797305,9813
ENSG00000267774,59698111,59696459,1652
ENSG00000268746,47733098,47607524,125574
ENSG00000225555,34375348,34370802,4546
ENSG00000159197,34371389,34364024,7365
ENSG00000228823,21413293,21411460,1833
ENSG00000267061,59568615,59563709,4906
ENSG00000276688,5407876,5407564,312
ENSG00000276342,104612791,104474682,138109
ENSG00000135220,68951804,68928463,23341
ENSG00000242276,71063989,71063101,888
ENSG00000236009,21417492,21415898,1594
ENSG00000232149,123603931,123603139,792
ENSG00000234269,102923244,102922574,670
ENSG00000125676,123733056,123600561,132495
ENSG00000140092,91947987,91869412,78575
ENSG00000230563,5475182,5445838,29344
ENSG00000250945,127077762,127043430,34332
ENSG00000180269,20073917,20031485,42432
ENSG00000204261,32846495,32844086,2409
ENSG00000226995,5471094,5426892,44202
ENSG00000186204,15697174,15672757,24417
ENSG00000281161,104596991,104596165,826
ENSG00000248491,127470569,127096891,373678
ENSG00000282395,57252058,57193590,58468
ENSG00000225809,8277188,8264449,12739
ENSG00000277211,20158391,20155648,2743
ENSG00000248209,127493828,127493505,323
ENSG00000275433,54736537,54726054,10483
ENSG00000246889,70398488,70372246,26242
ENSG00000263253,20209525,20208925,600
ENSG00000227001,21427967,21424625,3342
ENSG00000187952,21429536,21428303,1233
ENSG00000249795,127498807,127498327,480
ENSG00000273947,54753053,54738538,14515
ENSG00000168394,32853978,32845209,8769
ENSG00000085733,70436584,70398404,38180
ENSG00000278216,68834168,68810840,23328
ENSG00000280986,23435071,23433564,1507
ENSG00000249310,38998209,38991559,6650
ENSG00000053372,19260128,19251805,8323
ENSG00000215601,8282209,8280198,2011
ENSG00000130150,14922327,14873421,48906
ENSG00000224634,8352143,8350931,1212
ENSG00000278339,54767369,54755024,12345
ENSG00000282061,57252305,57251821,484
ENSG00000281374,23460833,23446598,14235
ENSG00000100650,69772005,69726900,45105
ENSG00000278630,55161490,55062945,98545
ENSG00000223955,8363959,8363536,423
ENSG00000234179,8365150,8364032,1118
ENSG00000274090,55583524,55535697,47827
ENSG00000196981,122416051,122412332,3719
ENSG00000248355,175291252,175290731,521
ENSG00000241859,13915824,13703902,211922
ENSG00000184845,175444182,175440036,4146
ENSG00000174109,1420756,1419752,1004
ENSG00000259539,45167526,45152664,14862
ENSG00000206240,32538771,32508164,30607
ENSG00000186543,21437558,21434318,3240
ENSG00000275501,195741123,195720882,20241
ENSG00000137857,45165576,45129933,35643
ENSG00000166902,59810778,59806140,4638
ENSG00000284395,1433397,1431035,2362
ENSG00000154620,13706024,13703899,2125
ENSG00000266908,5502881,5499116,3765
ENSG00000225640,5510002,5507875,2127
ENSG00000205181,5526606,5482736,43870
ENSG00000278456,100889106,100888472,634
ENSG00000259604,100874369,100861843,12526
ENSG00000168646,65561648,65528563,33085
ENSG00000221947,70790371,70669365,121006
ENSG00000121388,19187349,19185225,2124
ENSG00000110330,102378670,102347211,31459
ENSG00000227879,19227432,19201637,25795
ENSG00000232243,19263873,19262797,1076
ENSG00000273102,33968573,33967101,1472
ENSG00000134905,110713603,110641412,72191
ENSG00000184254,100916626,100877714,38912
ENSG00000237945,33977691,33915534,62157
ENSG00000216917,131781312,131780721,591
ENSG00000282027,57278377,57272990,5387
ENSG00000273510,54784324,54769838,14486
ENSG00000251080,27140051,27133996,6055
ENSG00000197599,1444556,1434383,10173
ENSG00000282106,57296495,57291307,5188
ENSG00000248677,6707711,6686325,21386
ENSG00000215349,19305625,19304593,1032
ENSG00000237636,19344825,19290593,54232
ENSG00000219284,127635321,127632958,2363
ENSG00000227624,20239247,20238972,275
ENSG00000218187,127655278,127654860,418
ENSG00000282114,128564679,128559028,5651
ENSG00000260212,127660338,127659424,914
ENSG00000219699,127660579,127659690,889
ENSG00000251498,68975993,68972999,2994
ENSG00000242531,122417012,122416882,130
ENSG00000242816,117793765,117790673,3092
ENSG00000275348,122483229,122482990,239
ENSG00000241213,117690932,117678693,12239
ENSG00000164066,127726737,127623271,103466
ENSG00000114030,122514945,122421902,93043
ENSG00000280512,195739964,195658062,81902
ENSG00000240393,117675144,117674342,802
ENSG00000205726,33899861,33642400,257461
ENSG00000239268,117997592,117672154,325438
ENSG00000224156,30789336,30784111,5225
ENSG00000254031,71204223,71155457,48766
ENSG00000281248,127681555,127664554,17001
ENSG00000155833,103018488,102995311,23177
ENSG00000285579,71228629,70669369,559260
ENSG00000279930,1439315,1437154,2161
ENSG00000274493,127910052,127909833,219
ENSG00000281510,68858370,68855376,2994
ENSG00000172673,127918631,127708072,210559
ENSG00000104313,71592025,71197433,394592
ENSG00000240065,32859851,32844136,15715
ENSG00000087076,48836510,48813018,23492
ENSG00000259651,58150563,58150275,288
ENSG00000240934,58201018,58200606,412
ENSG00000276779,54814548,54803599,10949
ENSG00000274719,57990636,57990217,419
ENSG00000259476,58523371,58521311,2060
ENSG00000259293,58498735,58434890,63845
ENSG00000276851,50094647,50094065,582
ENSG00000259671,58156061,58154960,1101
ENSG00000243276,118557668,118004819,552849
ENSG00000259477,57980646,57979716,930
ENSG00000259379,58154407,58152606,1801
ENSG00000213445,65650918,65638101,12817
ENSG00000277229,58454982,58454327,655
ENSG00000224966,15994751,15989871,4880
ENSG00000184363,404908,392614,12294
ENSG00000281915,195738903,195658062,80841
ENSG00000253210,141129961,141126044,3917
ENSG00000105339,141195808,141117278,78530
ENSG00000204264,32844703,32840717,3986
ENSG00000259583,100919283,100892859,26424
ENSG00000282113,128924280,128908170,16110
ENSG00000108452,15675643,15675476,167
ENSG00000280504,68870910,68867386,3524
ENSG00000236834,19346749,19345049,1700
ENSG00000108506,61928016,61865367,62649
ENSG00000280525,68880086,68879312,774
ENSG00000240827,98620618,98620065,553
ENSG00000225831,5533335,5532878,457
ENSG00000165621,96994730,96985719,9011
ENSG00000244153,98660570,98657802,2768
ENSG00000260581,151655449,151652275,3174
ENSG00000281610,189475192,189472965,2227
ENSG00000235929,14978463,14977959,504
ENSG00000282428,1107997,1107813,184
ENSG00000282472,1140708,883198,257510
ENSG00000236929,15117768,15117437,331
ENSG00000206465,30921734,30920912,822
ENSG00000176378,21460082,21459756,326
ENSG00000214376,93850531,93818232,32299
ENSG00000142794,21485005,21440128,44877
ENSG00000282261,1022635,1021688,947
ENSG00000267116,12192934,12192203,731
ENSG00000280513,189670954,189669074,1880
ENSG00000279285,12200089,12199345,744
ENSG00000224976,19407962,19349137,58825
ENSG00000220204,34404949,34404663,286
ENSG00000278079,54830813,54816470,14343
ENSG00000216708,34431649,34430880,769
ENSG00000231184,19383072,19382454,618
ENSG00000186496,35377337,35366694,10643
ENSG00000230541,30944421,30935539,8882
ENSG00000129864,13986513,13985772,741
ENSG00000229284,30943780,30930561,13219
ENSG00000232767,116672739,116670103,2636
ENSG00000165863,116670264,116663696,6568
ENSG00000169347,20327808,20309572,18236
ENSG00000095539,100985871,100969518,16353
ENSG00000134198,115089503,115048011,41492
ENSG00000224605,91393000,91390313,2687
ENSG00000280853,189715076,189714467,609
ENSG00000224944,91690428,91629915,60513
ENSG00000281787,189906229,189790922,115307
ENSG00000225123,33574588,33574361,227
ENSG00000203877,83857515,83853266,4249
ENSG00000281377,189895454,189892101,3353
ENSG00000206463,30979676,30973281,6395
ENSG00000224200,32106062,32104478,1584
ENSG00000253213,171252982,171251866,1116
ENSG00000188316,116911788,116849512,62276
ENSG00000223654,30794413,30791619,2794
ENSG00000248837,23123487,22997535,125952
ENSG00000281967,36234926,36234819,107
ENSG00000235707,75402992,75401889,1103
ENSG00000281992,36242178,36242073,105
ENSG00000236376,75588548,75579669,8879
ENSG00000223791,23806905,23804024,2881
ENSG00000234644,75724575,75724222,353
ENSG00000170142,23891316,23805903,85413
ENSG00000229596,33339495,33338978,517
ENSG00000112715,43786487,43770184,16303
ENSG00000282524,144702417,144701846,571
ENSG00000249547,23285573,23234625,50948
ENSG00000239683,35384025,35383354,671
ENSG00000226149,129552587,129526626,25961
ENSG00000228285,33366243,33365548,695
ENSG00000229791,19409529,19408042,1487
ENSG00000275512,35406528,35403996,2532
ENSG00000225644,33389475,33389374,101
ENSG00000224526,29920429,29917655,2774
ENSG00000220391,29918169,29917179,990
ENSG00000129862,14056958,14056217,741
ENSG00000262095,91727070,91726810,260
ENSG00000255552,31714065,31711771,2294
ENSG00000046604,31549008,31498177,50831
ENSG00000220340,91727505,91727282,223
ENSG00000187164,117126586,116881477,245109
ENSG00000241945,44131181,44107373,23808
ENSG00000237164,19416188,19411231,4957
ENSG00000204427,31703356,31686955,16401
ENSG00000273954,12731442,12686551,44891
ENSG00000219087,91727324,91727159,165
ENSG00000153391,35497991,35452230,45761
ENSG00000235451,14086600,14081075,5525
ENSG00000249274,98783193,98782188,1005
ENSG00000239445,98732651,98714330,18321
ENSG00000229199,31025446,31000494,24952
ENSG00000278019,69916203,69910279,5924
ENSG00000281703,69941207,69930714,10493
ENSG00000234573,5013724,5013520,204
ENSG00000277087,5046276,5045761,515
ENSG00000276768,5050321,5049857,464
ENSG00000227974,31052260,31046189,6071
ENSG00000278816,5061340,5061037,303
ENSG00000277425,5068154,5066082,2072
ENSG00000224413,46039807,46037052,2755
ENSG00000255329,70279297,70278921,376
ENSG00000064225,98821201,98732236,88965
ENSG00000206461,31104965,31103629,1336
ENSG00000282411,36320919,36274563,46356
ENSG00000131626,70385312,70270700,114612
ENSG00000166091,23379772,23376773,2999
ENSG00000228235,46053105,46052596,509
ENSG00000272758,122443180,122416207,26973
ENSG00000226115,46057567,46056516,1051
ENSG00000277974,36388795,36377903,10892
ENSG00000196083,190659750,190514051,145699
ENSG00000233767,46072248,46072085,163
ENSG00000227438,46097530,46093264,4266
ENSG00000142606,2633016,2590639,42377
ENSG00000148450,23122013,23095579,26434
ENSG00000110911,51028566,50979401,49165
ENSG00000206459,31131783,31129969,1814
ENSG00000206460,31112855,31107496,5359
ENSG00000264859,31556911,31542146,14765
ENSG00000231395,23879498,23878981,517
ENSG00000275760,36335131,36324256,10875
ENSG00000228611,56000448,55999200,1248
ENSG00000126218,113149529,113122814,26715
ENSG00000234373,33577014,33576380,634
ENSG00000206458,31132470,31107156,25314
ENSG00000274646,54249371,54201241,48130
ENSG00000228319,56216942,56214373,2569
ENSG00000226562,33605293,33580695,24598
ENSG00000267555,32833168,32831295,1873
ENSG00000267583,35467088,35443869,23219
ENSG00000021488,32869767,32830509,39258
ENSG00000196236,40932815,40857077,75738
ENSG00000267140,35497940,35443871,54069
ENSG00000251325,27267254,27262506,4748
ENSG00000279074,35483667,35483431,236
ENSG00000249699,27282225,27217479,64746
ENSG00000196366,136486067,136483495,2572
ENSG00000205830,27218404,27207505,10899
ENSG00000250858,27586144,27585145,999
ENSG00000148396,136483759,136440096,43663
ENSG00000233078,16006671,16006160,511
ENSG00000276043,4962154,4903080,59074
ENSG00000134812,59845499,59829273,16226
ENSG00000183888,16008807,16004236,4571
ENSG00000121691,34472060,34438934,33126
ENSG00000187049,61398863,61391687,7176
ENSG00000273526,54848624,54832771,15853
ENSG00000215347,42001991,42000446,1545
ENSG00000277560,54790318,54786463,3855
ENSG00000183066,42058456,41998725,59731
ENSG00000274657,23486981,23462086,24895
ENSG00000235820,5535889,5533628,2261
ENSG00000281308,68892380,68887233,5147
ENSG00000251413,48625093,48624004,1089
ENSG00000280621,187014215,186971648,42567
ENSG00000153487,110723339,110712736,10603
ENSG00000281916,189704490,189703881,609
ENSG00000128805,48656265,48446034,210231
ENSG00000282087,36439938,36428990,10948
ENSG00000280716,189899116,189780336,118780
ENSG00000187713,137205648,137204082,1566
ENSG00000176058,137204193,137191617,12576
ENSG00000281830,189888341,189884988,3353
ENSG00000279821,177479656,177476631,3025
ENSG00000172404,40862126,40859549,2577
ENSG00000248989,32006441,32005925,516
ENSG00000228195,116751261,116749905,1356
ENSG00000165868,116850236,116671192,179044
ENSG00000244041,2991173,2987967,3206
ENSG00000282144,36264925,36254011,10914
ENSG00000125772,5611026,5544404,66622
ENSG00000265752,23982556,23957754,24802
ENSG00000284716,7999934,7998187,1747
ENSG00000118271,31599021,31557010,42011
ENSG00000116285,8026309,8004404,21905
ENSG00000239830,9684073,9683294,779
ENSG00000271361,3023772,3023142,630
ENSG00000224846,2999134,2989722,9412
ENSG00000251410,27985063,27967723,17340
ENSG00000231882,113128880,113128155,725
ENSG00000230371,113132054,113130416,1638
ENSG00000124588,3028869,2987987,40882
ENSG00000283828,113154002,113149432,4570
ENSG00000266296,28653208,28651732,1476
ENSG00000265994,28789580,28638714,150866
ENSG00000167494,18506313,18497095,9218
ENSG00000270839,175484192,175483595,597
ENSG00000164466,175529742,175477062,52680
ENSG00000271238,28824826,28824652,174
ENSG00000266479,29257060,29256817,243
ENSG00000284747,8005312,7991134,14178
ENSG00000265980,29361963,29278509,83454
ENSG00000278910,69311111,69296682,14429
ENSG00000264587,29548241,29518259,29982
ENSG00000275116,54230647,54229470,1177
ENSG00000279332,24135829,24135468,361
ENSG00000264924,24121003,24113637,7366
ENSG00000265204,24099320,24076794,22526
ENSG00000275584,54243172,54238892,4280
ENSG00000266196,30714286,30713275,1011
ENSG00000279734,30780424,30780006,418
ENSG00000168234,24135610,23992773,142837
ENSG00000265670,30980917,30954820,26097
ENSG00000198951,42070842,42058354,12488
ENSG00000235742,117023851,117023674,177
ENSG00000242197,40492024,40491733,291
ENSG00000250893,40427585,40426119,1466
ENSG00000163694,40630875,40423267,207608
ENSG00000107815,100994403,100987367,7036
ENSG00000233578,5549481,5548840,641
ENSG00000233327,18525930,18511262,14668
ENSG00000087152,44200113,44191805,8308
ENSG00000157870,2591469,2586491,4978
ENSG00000280912,195685904,195658096,27808
ENSG00000227689,18528461,18527557,904
ENSG00000227077,18572961,18572752,209
ENSG00000105559,48868617,48837097,31520
ENSG00000273018,18551705,18511221,40484
ENSG00000274421,70312120,70310875,1245
ENSG00000198887,70354873,70258978,95895
ENSG00000219867,91816428,91815843,585
ENSG00000281418,195685904,195658096,27808
ENSG00000211832,22476606,22476553,53
ENSG00000259042,22418657,22417836,821
ENSG00000237235,22439015,22439007,8
ENSG00000281630,195740062,195720361,19701
ENSG00000211836,22482346,22482287,59
ENSG00000237545,31133352,31133166,186
ENSG00000211834,22478934,22478872,62
ENSG00000211825,22450139,22450089,50
ENSG00000285961,92180156,92002610,177546
ENSG00000220553,92014734,92013842,892
ENSG00000251002,22482959,22380680,102279
ENSG00000055957,52792068,52777595,14473
ENSG00000264745,24015339,23994213,21126
ENSG00000166821,89690783,89677764,13019
ENSG00000126561,42311943,42287547,24396
ENSG00000211829,22465787,22462932,2855
ENSG00000211826,22455296,22455249,47
ENSG00000250038,28402936,28343862,59074
ENSG00000211828,22459156,22459098,58
ENSG00000211833,22477769,22477707,62
ENSG00000211831,22475375,22475316,59
ENSG00000229932,23137661,23136924,737
ENSG00000154874,18625617,18537800,87817
ENSG00000228985,22449125,22449113,12
ENSG00000280399,138485755,138482065,3690
ENSG00000256590,22469698,22469041,657
ENSG00000286141,28600845,28580991,19854
ENSG00000250064,28600275,28435449,164826
ENSG00000229665,57157082,57140918,16164
ENSG00000250688,22481753,22481697,56
ENSG00000211821,22423042,22422371,671
ENSG00000140279,45114344,45092650,21694
ENSG00000249446,22476362,22476306,56
ENSG00000198171,3204685,3190350,14335
ENSG00000168267,23194252,23192327,1925
ENSG00000211827,22456742,22456689,53
ENSG00000211835,22479582,22479521,61
ENSG00000223997,22438554,22438547,7
ENSG00000241362,89688243,89687937,306
ENSG00000236662,100985614,100980507,5107
ENSG00000166819,89679427,89664367,15060
ENSG00000204919,57143939,57140918,3021
ENSG00000055950,100987515,100969458,18057
ENSG00000149488,2641784,2536607,105177
ENSG00000280607,29812227,29808679,3548
ENSG00000280789,29822489,29816152,6337
ENSG00000250927,28824211,28823244,967
ENSG00000141552,81900991,81890790,10201
ENSG00000204918,57150509,57147488,3021
ENSG00000280893,29820092,29812261,7831
ENSG00000219532,131820091,131819803,288
ENSG00000230700,31654525,31647414,7111
ENSG00000237115,131828413,131825981,2432
ENSG00000197594,131895155,131808016,87139
ENSG00000103495,29811164,29806106,5058
ENSG00000229719,64893449,64889560,3889
ENSG00000248682,48511589,48510525,1064
ENSG00000231906,48546713,48546472,241
ENSG00000176920,48705950,48695971,9979
ENSG00000243252,32585541,32582946,2595
ENSG00000257473,32671108,32565603,105505
ENSG00000117115,17119451,17066761,52690
ENSG00000249735,68988533,68985009,3524
ENSG00000261038,92388827,92387841,986
ENSG00000091527,133590261,133573730,16531
ENSG00000079999,10503558,10486125,17433
ENSG00000220908,92723829,92723003,826
ENSG00000219387,92888581,92887251,1330
ENSG00000234343,31845091,31839844,5247
ENSG00000213187,93092760,93091976,784
ENSG00000263238,155953911,155924118,29793
ENSG00000228116,32134104,32129213,4891
ENSG00000267394,44216565,44198882,17683
ENSG00000235099,93103384,93070387,32997
ENSG00000260793,44223710,44221401,2309
ENSG00000231677,32583789,32582940,849
ENSG00000102854,768865,760734,8131
ENSG00000277816,54223520,54217107,6413
ENSG00000224793,32655069,32654132,937
ENSG00000232026,32642234,32641404,830
ENSG00000168591,44191929,44186970,4959
ENSG00000206237,32590101,32582490,7611
ENSG00000273370,190659750,190659216,534
ENSG00000231047,190625169,190624595,574
ENSG00000105202,39846379,39834458,11921
ENSG00000260035,45200632,45200325,307
ENSG00000285945,2784733,2768091,16642
ENSG00000283259,2776473,2773603,2870
ENSG00000281559,21664071,21663714,357
ENSG00000237058,2636620,2632568,4052
ENSG00000138606,45201175,45167214,33961
ENSG00000280838,21620924,21582138,38786
ENSG00000215912,2801717,2635976,165741
ENSG00000226529,8372030,8371663,367
ENSG00000281758,21737314,21544390,192924
ENSG00000281470,21726228,21704652,21576
ENSG00000234850,8372710,8372241,469
ENSG00000251220,23515284,23514940,344
ENSG00000228845,32630385,32629554,831
ENSG00000176909,48719725,48712725,7000
ENSG00000204982,33614009,33613848,161
ENSG00000205274,33618506,33617762,744
ENSG00000281122,120165892,120165490,402
ENSG00000281482,188350024,188349376,648
ENSG00000279130,143407420,143406959,461
ENSG00000281800,188389666,188387471,2195
ENSG00000110046,64917211,64894546,22665
ENSG00000231991,33625293,33624274,1019
ENSG00000267197,10491000,10490339,661
ENSG00000113580,143435512,143277931,157581
ENSG00000227151,57163653,57160632,3021
ENSG00000281580,188543559,188400736,142823
ENSG00000234325,4414960,4414580,380
ENSG00000163945,1395992,1347266,48726
ENSG00000144455,4467273,3700814,766459
ENSG00000253124,71449219,71448811,408
ENSG00000249453,23782560,23779590,2970
ENSG00000171931,18779349,18744024,35325
ENSG00000250137,23768652,23560923,207729
ENSG00000251292,23733579,23723262,10317
ENSG00000171307,97457370,97446170,11200
ENSG00000276023,37513501,37489891,23610
ENSG00000134762,31042815,30989365,53450
ENSG00000244355,31717804,31715356,2448
ENSG00000235422,2594913,2593674,1239
ENSG00000080986,2616635,2571557,45078
ENSG00000109819,23904089,23755041,149048
ENSG00000264093,67276351,67276118,233
ENSG00000280590,189704490,189703881,609
ENSG00000250641,31717918,31706904,11014
ENSG00000222018,34401072,34400317,755
ENSG00000273104,34412587,34412200,387
ENSG00000250190,29014594,28996524,18070
ENSG00000205670,34416961,34375480,41481
ENSG00000276507,29011021,29010619,402
ENSG00000197616,23408273,23381982,26291
ENSG00000100814,20333312,20311368,21944
ENSG00000259555,78628193,78625895,2298
ENSG00000204422,31714072,31686962,27110
ENSG00000213307,78661576,78661047,529
ENSG00000138346,68472121,68414064,58057
ENSG00000261303,78736684,78660644,76040
ENSG00000204424,31710595,31706885,3710
ENSG00000217067,62548272,62547427,845
ENSG00000262566,62611327,62611153,174
ENSG00000217477,63193630,63193072,558
ENSG00000198225,63213024,63211446,1578
ENSG00000255539,70327209,70324871,2338
ENSG00000219940,63227743,63227485,258
ENSG00000254484,70321415,70319928,1487
ENSG00000267643,12201979,12200779,1200
ENSG00000117971,78727754,78624111,103643
ENSG00000254495,70358677,70358198,479
ENSG00000233124,97179622,97172469,7153
ENSG00000254604,70363368,70282367,81001
ENSG00000141748,39167484,39156894,10590
ENSG00000267733,12223539,12201982,21557
ENSG00000269125,113165183,113165002,181
ENSG00000126231,113172386,113158648,13738
ENSG00000007038,2826304,2817180,9124
ENSG00000267076,12211807,12211378,429
ENSG00000280177,39167849,39165073,2776
ENSG00000100350,36507101,36487190,19911
ENSG00000218520,63230110,63229087,1023
ENSG00000254094,1358075,1356581,1494
ENSG00000253399,1359461,1358479,982
ENSG00000275716,100093768,100093311,457
ENSG00000186104,14892252,14877440,14812
ENSG00000145113,195811973,195746765,65208
ENSG00000213177,100136663,100136064,599
ENSG00000259519,45199958,45170344,29614
ENSG00000259932,45199139,45198517,622
ENSG00000140274,45118421,45114321,4100
ENSG00000216378,100178192,100177209,983
ENSG00000183938,33629586,33629121,465
ENSG00000212932,46691226,46690764,462
ENSG00000235608,1406331,1402932,3399
ENSG00000235030,30736815,30735460,1355
ENSG00000179148,8119047,8095900,23147
ENSG00000167371,29815892,29811382,4510
ENSG00000263270,34669432,34657606,11826
ENSG00000228082,100437484,100427118,10366
ENSG00000112246,100464929,100385015,79914
ENSG00000100387,40973309,40951347,21962
ENSG00000105538,48740610,48720585,20025
ENSG00000260571,42314386,42313687,699
ENSG00000186510,16034050,16018875,15175
ENSG00000254796,7601267,7601004,263
ENSG00000229105,116562293,116504283,58010
ENSG00000285594,9648502,9646110,2392
ENSG00000171475,40284136,40219304,64832
ENSG00000264644,9679493,9678248,1245
ENSG00000228622,33106059,33105383,676
ENSG00000231253,33116294,33108529,7765
ENSG00000144847,119146068,118900557,245511
ENSG00000230894,116586328,116568449,17879
ENSG00000230734,117181095,117180628,467
ENSG00000185532,52298350,50990888,1307462
ENSG00000119401,116701300,116687302,13998
ENSG00000135063,69392558,69324567,67991
ENSG00000146166,63319977,63275951,44026
ENSG00000272783,1550572,1550284,288
ENSG00000229428,29923724,29923540,184
ENSG00000057019,98901695,98795941,105754
ENSG00000244459,1580253,1574062,6191
ENSG00000259985,31686823,31685655,1168
ENSG00000065615,83967423,83859656,107767
ENSG00000258589,31654629,31648281,6348
ENSG00000118276,31685836,31622247,63589
ENSG00000148219,117415070,116425225,989845
ENSG00000174137,1684302,1617915,66387
ENSG00000244672,31655955,31652558,3397
ENSG00000255995,93991429,93991346,83
ENSG00000269843,40837210,40831221,5989
ENSG00000282951,40796943,40779780,17163
ENSG00000235458,29745990,29745766,224
ENSG00000268975,40796943,40771648,25295
ENSG00000248230,29746446,29739210,7236
ENSG00000233617,29721452,29720462,990
ENSG00000233210,31648462,31643407,5055
ENSG00000198251,40910685,40908480,2205
ENSG00000235220,29736008,29720256,15752
ENSG00000269353,40947450,40946347,1103
ENSG00000277424,4512306,4476649,35657
ENSG00000269858,40808434,40798996,9438
ENSG00000139793,97394120,97221434,172686
ENSG00000262154,2822993,2822659,334
ENSG00000260370,16544,14061,2483
ENSG00000225981,1464008,1459937,4071
ENSG00000173542,71022449,70902326,120123
ENSG00000273230,1467522,1464497,3025
ENSG00000237297,46884,44712,2172
ENSG00000173546,75712848,75674322,38526
ENSG00000268336,51190809,51184905,5904
ENSG00000224452,32170790,32170390,400
ENSG00000268652,51195540,51194118,1422
ENSG00000261456,74163,46892,27271
ENSG00000235217,32190527,32186477,4050
ENSG00000234278,57170218,57167197,3021
ENSG00000269253,51201449,51198855,2594
ENSG00000234806,68424997,68424560,437
ENSG00000281543,189944248,189780336,163912
ENSG00000259952,29807732,29806496,1236
ENSG00000234122,33634246,33634111,135
ENSG00000229063,33638494,33638035,459
ENSG00000271140,57173632,57173453,179
ENSG00000281015,189888818,189885470,3348
ENSG00000013364,29848039,29820394,27645
ENSG00000203392,75680752,75678548,2204
ENSG00000230009,57204799,57204379,420
ENSG00000260892,75677162,75676227,935
ENSG00000215206,33649614,33649047,567
ENSG00000164880,1504389,1470277,34112
ENSG00000172315,46689444,46684365,5079
ENSG00000171984,5864395,5750393,114002
ENSG00000254813,12811478,12765849,45629
ENSG00000156469,96261610,96239398,22212
ENSG00000255494,12818291,12794243,24048
ENSG00000239877,118948241,118943073,5168
ENSG00000240215,33662663,33662166,497
ENSG00000229241,3984295,3981981,2314
ENSG00000170364,4317567,4303304,14263
ENSG00000234421,57315909,57314739,1170
ENSG00000156136,71030914,70992538,38376
ENSG00000238216,30784476,30780908,3568
ENSG00000160932,143023832,143017982,5850
ENSG00000185313,38816217,38696807,119410
ENSG00000281128,33688011,33677268,10743
ENSG00000237984,33677499,33673504,3995
ENSG00000237890,30822832,30790867,31965
ENSG00000170606,133106449,133052013,54436
ENSG00000158296,46684467,46557823,126644
ENSG00000087074,48876058,48872421,3637
ENSG00000229126,31027602,31002649,24953
ENSG00000237093,31054804,31048375,6429
ENSG00000223821,73492742,73492025,717
ENSG00000250277,68997709,68996935,774
ENSG00000175928,3847703,3799437,48266
ENSG00000135297,73509236,73461578,47658
ENSG00000168269,170109734,170105897,3837
ENSG00000251685,69020414,69004862,15552
ENSG00000254455,65145972,65145691,281
ENSG00000255058,65160382,65160194,188
ENSG00000223517,14277489,14276212,1277
ENSG00000286064,19262307,19260521,1786
ENSG00000249890,69022340,69021656,684
ENSG00000130612,40912357,40890826,21531
ENSG00000280638,70005841,70005540,301
ENSG00000197170,67366605,67337916,28689
ENSG00000204710,65173244,65170154,3090
ENSG00000281077,23537844,23536736,1108
ENSG00000234674,31159096,31153422,5674
ENSG00000227830,8414054,8413037,1017
ENSG00000120915,27545564,27490779,54785
ENSG00000198077,40882752,40875439,7313
ENSG00000255364,122428551,122414332,14219
ENSG00000074660,1645744,1633858,11886
ENSG00000173641,16019594,16014028,5566
ENSG00000107984,52318042,52314281,3761
ENSG00000273579,23765861,23764087,1774
ENSG00000211454,19274194,19265982,8212
ENSG00000213659,51320660,51319826,834
ENSG00000231132,51245806,51244894,912
ENSG00000223502,51068553,51062579,5974
ENSG00000177613,51699591,51695487,4104
ENSG00000275365,23784316,23768226,16090
ENSG00000225141,32130145,32124129,6016
ENSG00000236671,52314507,52230742,83765
ENSG00000268849,51212088,51211080,1008
ENSG00000267247,12231573,12230411,1162
ENSG00000267663,12247055,12246589,466
ENSG00000126003,32207743,32192504,15239
ENSG00000255200,65176470,65174117,2353
ENSG00000125249,97469128,97434169,34959
ENSG00000179344,32668383,32659467,8916
ENSG00000250919,69044578,69027831,16747
ENSG00000235279,51306709,51302566,4143
ENSG00000237118,40826772,40818414,8358
ENSG00000204362,17197617,17189783,7834
ENSG00000224689,9700776,9689924,10852
ENSG00000171570,40808418,40778242,30176
ENSG00000282843,17201733,17193232,8501
ENSG00000183684,81891586,81887844,3742
ENSG00000276573,97436168,97435946,222
ENSG00000276704,97437630,97437268,362
ENSG00000005882,50112152,50094737,17415
ENSG00000277587,9722410,9721903,507
ENSG00000240845,29724622,29724152,470
ENSG00000230017,29746526,29724084,22442
ENSG00000267490,9725086,9724008,1078
ENSG00000176194,12277595,12254319,23276
ENSG00000089063,5113103,5068232,44871
ENSG00000268797,40898282,40801297,96985
ENSG00000167578,40796942,40778216,18726
ENSG00000170608,45873797,45863989,9808
ENSG00000233632,33137338,33137140,198
ENSG00000281348,29830627,29817239,13388
ENSG00000243811,39033277,39021113,12164
ENSG00000238045,29821252,29808636,12616
ENSG00000196208,11642788,11482341,160447
ENSG00000130717,131531264,131523801,7463
ENSG00000273607,23768443,23765834,2609
ENSG00000183979,81902905,81900745,2160
ENSG00000232613,65053017,65030727,22290
ENSG00000237649,33409896,33391823,18073
ENSG00000266891,9735602,9734882,720
ENSG00000266127,9787805,9785108,2697
ENSG00000285653,9841559,9840340,1219
ENSG00000165215,73770270,73768997,1273
ENSG00000168461,9862551,9708275,154276
ENSG00000254614,65181834,65177606,4228
ENSG00000248287,165517501,165517255,246
ENSG00000237740,87378481,87376896,1585
ENSG00000232529,155381183,155380511,672
ENSG00000284554,39033276,39014363,18913
ENSG00000236417,87390203,87386685,3518
ENSG00000014216,65212006,65180566,31440
ENSG00000244509,39020352,39014257,6095
ENSG00000216824,8419900,8418791,1109
ENSG00000282751,105537239,105536861,378
ENSG00000129925,387113,370788,16325
ENSG00000282219,105549694,105546610,3084
ENSG00000232848,8058463,8057245,1218
ENSG00000238290,8122702,8026738,95964
ENSG00000011523,65087004,65056366,30638
ENSG00000179954,55519099,55488404,30695
ENSG00000261641,1446519,1445343,1176
ENSG00000261430,1472684,1467673,5011
ENSG00000279691,133052971,133052769,202
ENSG00000103249,1475084,1444934,30150
ENSG00000218617,63392606,63392222,384
ENSG00000267612,9731943,9730853,1090
ENSG00000275835,23039572,22983192,56380
ENSG00000233813,30616632,30607946,8686
ENSG00000234982,14205039,14204248,791
ENSG00000267370,9756863,9756152,711
ENSG00000176933,28218634,28217643,991
ENSG00000233622,40812100,40808474,3626
ENSG00000267741,9774960,9774497,463
ENSG00000105737,42069498,41998321,71177
ENSG00000255974,40850447,40843541,6906
ENSG00000196605,9793180,9751993,41187
ENSG00000137185,28233482,28224886,8596
ENSG00000264300,32006688,32003110,3578
ENSG00000269961,65925135,65924629,506
ENSG00000138069,65130331,65070696,59635
ENSG00000067191,39197703,39173453,24250
ENSG00000282619,144711749,144703585,8164
ENSG00000247317,143018437,142981738,36699
ENSG00000204194,33400556,33400059,497
ENSG00000197408,41018398,40991282,27116
ENSG00000253971,142996482,142995850,632
ENSG00000277429,70063796,70045915,17881
ENSG00000242958,28810418,28810103,315
ENSG00000146376,129710177,129576132,134045
ENSG00000104299,28890242,28767661,122581
ENSG00000124574,43450427,43427366,23061
ENSG00000232345,29961854,29960191,1663
ENSG00000206505,29999286,29930625,68661
ENSG00000227804,30608849,30590637,18212
ENSG00000248327,165551060,165547532,3528
ENSG00000137875,52112775,52109263,3512
ENSG00000189143,73832693,73799542,33151
ENSG00000086504,371289,366969,4320
ENSG00000256612,40950660,40924219,26441
ENSG00000130714,131523806,131502902,20904
ENSG00000263684,11875828,11874932,896
ENSG00000183386,38005606,37996770,8836
ENSG00000007174,11969748,11598470,371278
ENSG00000128394,39055972,39040604,15368
ENSG00000232245,54420860,54416256,4604
ENSG00000250725,165665671,165664350,1321
ENSG00000235741,54517259,54516412,847
ENSG00000237173,54524931,54524824,107
ENSG00000112941,6757044,6713432,43612
ENSG00000249500,165762778,165684639,78139
ENSG00000227453,54537758,54536796,962
ENSG00000232746,12885211,12877522,7689
ENSG00000187626,28252269,28241697,10572
ENSG00000140057,96489427,96392128,97299
ENSG00000101203,63334851,63293186,41665
ENSG00000189134,28260958,28259320,1638
ENSG00000184659,65738784,65736555,2229
ENSG00000259421,39070671,39070414,257
ENSG00000277855,71628558,71581721,46837
ENSG00000242094,71574457,71570255,4202
ENSG00000204776,65771434,65770955,479
ENSG00000172006,2835773,2819874,15899
ENSG00000163412,71754773,71675414,79359
ENSG00000105732,42081552,42068477,13075
ENSG00000104722,24919098,24913758,5340
ENSG00000271625,97476459,97475742,717
ENSG00000167100,50129882,50110040,19842
ENSG00000226134,97677963,97675011,2952
ENSG00000233291,97902288,97901653,635
ENSG00000270725,97953539,97939356,14183
ENSG00000259059,96424209,96423700,509
ENSG00000240051,96457041,96456576,465
ENSG00000105383,51243860,51225064,18796
ENSG00000168828,35870601,35869263,1338
ENSG00000275841,54301485,54294391,7094
ENSG00000223534,32660729,32659880,849
ENSG00000233659,35875194,35874810,384
ENSG00000261857,40777490,40771648,5842
ENSG00000280302,12282739,12279427,3312
ENSG00000171462,43456632,43450352,6280
ENSG00000267069,12291488,12288308,3180
ENSG00000182264,48746909,48740852,6057
ENSG00000137338,28302549,28281572,20977
ENSG00000274684,4497722,4463639,34083
ENSG00000196196,35907136,35906202,934
ENSG00000236829,392960,382097,10863
ENSG00000164305,184649509,184627696,21813
ENSG00000240471,119792553,119791829,724
ENSG00000225912,92676954,92676519,435
ENSG00000144852,119818485,119780484,38001
ENSG00000285445,92772091,92770855,1236
ENSG00000053524,183428778,183178043,250735
ENSG00000237873,93042942,93042490,452
ENSG00000234130,93225015,93222220,2795
ENSG00000170604,45886141,45883608,2533
ENSG00000105397,10380676,10350529,30147
ENSG00000234322,93288759,93287733,1026
ENSG00000272163,24914717,24912165,2552
ENSG00000237381,93389497,93388075,1422
ENSG00000237904,65799124,65798726,398
ENSG00000228301,93574579,93573834,745
ENSG00000235893,65817472,65816932,540
ENSG00000198816,7521025,7515292,5733
ENSG00000266950,9802301,9793621,8680
ENSG00000176182,45902613,45890023,12590
ENSG00000228454,32028073,32007416,20657
ENSG00000276302,28281580,28267121,14459
ENSG00000186310,93673568,93670930,2638
ENSG00000198723,7508450,7492976,15474
ENSG00000197062,28278224,28267010,11214
ENSG00000277961,54294966,54294649,317
ENSG00000253338,22661542,22661299,243
ENSG00000253451,22664907,22664473,434
ENSG00000239713,39087743,39077067,10676
ENSG00000188425,45914870,45913214,1656
ENSG00000275951,54306170,54305461,709
ENSG00000211658,22668806,22668288,518
ENSG00000213908,41027720,41024268,3452
ENSG00000278402,54314056,54309794,4262
ENSG00000279108,40842039,40840159,1880
ENSG00000249228,29048765,29046591,2174
ENSG00000248176,29202770,29118308,84462
ENSG00000248338,29221162,29214398,6764
ENSG00000134827,59866489,59852800,13689
ENSG00000228486,97703064,97664217,38847
ENSG00000108510,62065278,61942605,122673
ENSG00000139618,32400266,32315474,84792
ENSG00000248951,1370945,1370543,402
ENSG00000104883,7497449,7476875,20574
ENSG00000260051,1452653,1451760,893
ENSG00000250584,1380067,1363582,16485
ENSG00000114126,142149544,141944428,205116
ENSG00000270562,71587409,71584943,2466
ENSG00000178537,48898904,48856926,41978
ENSG00000170837,71756496,71754050,2446
ENSG00000275866,8517748,8517364,384
ENSG00000274387,71571112,71567863,3249
ENSG00000285820,116877264,116838144,39120
ENSG00000145321,71804041,71741696,62345
ENSG00000251373,29408012,29407100,912
ENSG00000178741,74938083,74919791,18292
ENSG00000251113,29467850,29465701,2149
ENSG00000286217,8713825,8550518,163307
ENSG00000249542,29750100,29748757,1343
ENSG00000231701,65831696,65828120,3576
ENSG00000232419,8705283,8704472,811
ENSG00000279955,65877274,65865190,12084
ENSG00000233699,8700977,8682594,18383
ENSG00000114861,71583993,70952817,631176
ENSG00000278062,144759649,144724139,35510
ENSG00000275025,50098899,50098460,439
ENSG00000179133,23344845,23201916,142929
ENSG00000250282,50101920,50100704,1216
ENSG00000276173,105589753,105588247,1506
ENSG00000225239,110763133,110762674,459
ENSG00000275395,39934626,39863323,71303
ENSG00000267952,7519622,7507052,12570
ENSG00000269371,7520460,7519916,544
ENSG00000282809,142247086,142240759,6327
ENSG00000267119,9820455,9820141,314
ENSG00000127452,9827816,9810267,17549
ENSG00000253219,170141940,170140664,1276
ENSG00000273512,78750107,78749833,274
ENSG00000282146,144760993,144739024,21969
ENSG00000133112,45341370,45333471,7899
ENSG00000238166,78753373,78752107,1266
ENSG00000162078,2839585,2830169,9416
ENSG00000227537,23258545,23258211,334
ENSG00000285879,62040352,62035944,4408
ENSG00000224215,23345181,23343957,1224
ENSG00000279133,62007518,62003700,3818
ENSG00000273893,46682375,46681676,699
ENSG00000104967,45973865,45933734,40131
ENSG00000256752,93999218,93998643,575
ENSG00000114638,119205143,119173517,31626
ENSG00000275416,54867258,54850500,16758
ENSG00000223986,193766003,193765681,322
ENSG00000229155,193844024,193842560,1464
ENSG00000223625,19458718,19458398,320
ENSG00000162267,52809009,52794768,14241
ENSG00000132958,19536762,19422877,113885
ENSG00000226742,79970822,79964582,6240
ENSG00000237735,16815688,16754519,61169
ENSG00000188566,137217009,137205685,11324
ENSG00000232886,16873691,16862875,10816
ENSG00000179083,93712274,93674013,38261
ENSG00000225735,17211347,17210469,878
ENSG00000102048,15270467,15235288,35179
ENSG00000278181,17296596,17296219,377
ENSG00000284617,7611690,7611473,217
ENSG00000284655,7680526,7680309,217
ENSG00000232560,17449185,17438890,10295
ENSG00000183833,119767102,119703022,64080
ENSG00000284698,7686643,7686423,220
ENSG00000215515,32386108,32384660,1448
ENSG00000254889,7697093,7696830,263
ENSG00000253913,22673602,22673152,450
ENSG00000254715,7706113,7705182,931
ENSG00000141759,80033949,79970813,63136
ENSG00000259831,110813084,110809676,3408
ENSG00000226580,17500824,17500679,145
ENSG00000253779,22679345,22679097,248
ENSG00000230208,21059323,21058771,552
ENSG00000255874,110870251,110863987,6264
ENSG00000211659,22687271,22686726,545
ENSG00000171855,21077942,21077104,838
ENSG00000152822,146437601,146027646,409955
ENSG00000151239,43806375,43793723,12652
ENSG00000232350,22689978,22689831,147
ENSG00000279688,65894790,65878766,16024
ENSG00000223999,22693312,22692778,534
ENSG00000172460,2842744,2839568,3176
ENSG00000285814,7718453,7715443,3010
ENSG00000225027,21106836,21106543,293
ENSG00000136928,98708935,98288109,420826
ENSG00000266101,39177503,39173290,4213
ENSG00000231226,30114724,30105240,9484
ENSG00000218274,63397106,63395007,2099
ENSG00000204616,30113090,30102897,10193
ENSG00000218048,63443580,63440766,2814
ENSG00000274113,54321156,54315100,6056
ENSG00000225121,63481876,63480134,1742
ENSG00000165171,73842516,73834590,7926
ENSG00000164082,51718613,51707068,11545
ENSG00000101346,32238658,32207880,30778
ENSG00000153558,33403662,33277025,126637
ENSG00000243627,34423966,34418715,5251
ENSG00000134765,31162856,31129236,33620
ENSG00000254034,28802085,28798142,3943
ENSG00000220666,56433213,56431950,1263
ENSG00000272958,34426017,34425508,509
ENSG00000266179,19601345,19600860,485
ENSG00000271900,19602256,19601840,416
ENSG00000227225,19603208,19602259,949
ENSG00000242752,19603345,19603274,71
ENSG00000228725,19605048,19603797,1251
ENSG00000227593,94055972,94055023,949
ENSG00000224254,19605933,19605454,479
ENSG00000180509,34512210,34446688,65522
ENSG00000181333,94113751,94021361,92390
ENSG00000185187,417455,405716,11739
ENSG00000163424,119160042,119146151,13891
ENSG00000275893,54345186,54316929,28257
ENSG00000259709,52140246,52124561,15685
ENSG00000275980,21136350,21135598,752
ENSG00000274785,54339453,54336291,3162
ENSG00000276192,105602504,105600717,1787
ENSG00000177047,21142145,21140214,1931
ENSG00000277092,54347168,54341203,5965
ENSG00000279908,1386409,1383159,3250
ENSG00000128833,52295804,52192322,103482
ENSG00000285913,7726101,7723091,3010
ENSG00000137080,21166660,21165637,1023
ENSG00000277016,105626837,105625112,1725
ENSG00000251012,119187807,119147375,40432
ENSG00000162482,19288770,19282573,6197
ENSG00000185262,76271298,76265348,5950
ENSG00000149292,113383544,113314529,69015
ENSG00000232281,21179188,21178589,599
ENSG00000249601,170199141,170191579,7562
ENSG00000176597,183298504,183253253,45251
ENSG00000224403,193993985,193993331,654
ENSG00000250510,6829972,6821624,8348
ENSG00000214146,194003659,193957372,46287
ENSG00000238043,194006098,193980614,25484
ENSG00000187534,39943680,39943239,441
ENSG00000276407,194080443,194070103,10340
ENSG00000285976,63583587,63572012,11575
ENSG00000276785,142258078,142252163,5915
ENSG00000230102,194070970,194005259,65711
ENSG00000275145,189967182,189944765,22417
ENSG00000231927,1509427,1508655,772
ENSG00000266680,63572408,63571005,1403
ENSG00000112245,63583377,63521746,61631
ENSG00000196177,123058311,123008979,49332
ENSG00000228787,14804033,14793642,10391
ENSG00000226555,14640358,14639096,1262
ENSG00000276466,54329236,54328223,1013
ENSG00000263698,31132494,31131456,1038
ENSG00000253822,22694952,22694439,513
ENSG00000251015,45420371,45418162,2209
ENSG00000165246,14845650,14522573,323077
ENSG00000134755,31102522,31058840,43682
ENSG00000170919,45393413,45341345,52068
ENSG00000270728,19297903,19297080,823
ENSG00000270826,93777384,93776911,473
ENSG00000234511,170252575,170232447,20128
ENSG00000227521,94320025,94319038,987
ENSG00000198517,1543043,1530702,12341
ENSG00000226822,108076020,108040263,35757
ENSG00000171234,69112987,69051363,61624
ENSG00000198794,75021495,74957219,64276
ENSG00000228055,87424792,87397023,27769
ENSG00000279679,143375883,143375628,255
ENSG00000231579,143333239,143332605,634
ENSG00000231569,87408258,87408044,214
ENSG00000007264,3802129,3777970,24159
ENSG00000274497,105645561,105643841,1720
ENSG00000229582,125746552,125743754,2798
ENSG00000213312,63549508,63548708,800
ENSG00000187550,55537089,55529733,7356
ENSG00000282656,36457907,36450330,7577
ENSG00000144746,69106092,69084937,21155
ENSG00000241357,100436510,100435257,1253
ENSG00000160813,100436497,100435282,1215
ENSG00000164855,1560821,1542235,18586
ENSG00000154957,11997475,11977439,20036
ENSG00000180910,8817382,8783310,34072
ENSG00000110680,14972354,14966668,5686
ENSG00000043462,170297818,170246233,51585
ENSG00000107789,87553461,87504875,48586
ENSG00000089199,5925353,5911510,13843
ENSG00000142319,1445440,1392794,52646
ENSG00000151475,127774292,127730400,43892
ENSG00000240211,100438504,100436204,2300
ENSG00000232293,94639570,94636663,2907
ENSG00000110811,6839847,6828407,11440
ENSG00000231001,94777567,94776739,828
ENSG00000271094,95453581,95453369,212
ENSG00000223467,95500036,95499604,432
ENSG00000215085,95584942,95584303,639
ENSG00000236185,95610957,95610578,379
ENSG00000105698,35279821,35268962,10859
ENSG00000226307,95638924,95638375,549
ENSG00000235425,95679627,95679130,497
ENSG00000248763,69069888,69066395,3493
ENSG00000229897,98608133,98606833,1300
ENSG00000270583,95721144,95720243,901
ENSG00000104804,48898733,48880965,17768
ENSG00000232842,95974315,95973328,987
ENSG00000110218,94181968,94128841,53127
ENSG00000174032,45418455,45393316,25139
ENSG00000166925,100479232,100463359,15873
ENSG00000238170,32028913,32025384,3529
ENSG00000269656,47768840,47757036,11804
ENSG00000229305,8192770,8189824,2946
ENSG00000105373,47757058,47745546,11512
ENSG00000266777,32042828,32039974,2854
ENSG00000266368,11977594,11953889,23705
ENSG00000227634,8215210,8202429,12781
ENSG00000230289,131522229,131516558,5671
ENSG00000278867,32053208,32051030,2178
ENSG00000187103,146171847,146171315,532
ENSG00000233645,8220529,8218190,2339
ENSG00000255325,122489815,122485515,4300
ENSG00000216811,146365494,146364931,563
ENSG00000183520,38024820,38009258,15562
ENSG00000185158,32053504,32007872,45632
ENSG00000236800,48672424,48664199,8225
ENSG00000253819,122694106,122670385,23721
ENSG00000162426,8344167,8317826,26341
ENSG00000175220,46700619,46677080,23539
ENSG00000069869,55993746,55826922,166824
ENSG00000185955,100464260,100456620,7640
ENSG00000285585,119807570,119703076,104494
ENSG00000231274,55545543,55540656,4887
ENSG00000239994,119750350,119744139,6211
ENSG00000185787,78898133,78810487,87646
ENSG00000232073,33166439,33164063,2376
ENSG00000203262,96071778,96070669,1109
ENSG00000107223,136866308,136862119,4189
ENSG00000133424,33922841,33162226,760615
ENSG00000231625,19633825,19615789,18036
ENSG00000107521,98446947,98416198,30749
ENSG00000175868,15082342,14904997,177345
ENSG00000132821,37945350,37903111,42239
ENSG00000229767,30953340,30949136,4204
ENSG00000122912,68527523,68477998,49525
ENSG00000085491,108200849,108134043,66806
ENSG00000218891,55580848,55576774,4074
ENSG00000231137,76288081,76286494,1587
ENSG00000225750,29146994,29144494,2500
ENSG00000273738,54891462,54874290,17172
ENSG00000099139,76362339,75890644,471695
ENSG00000276182,96537904,96537170,734
ENSG00000242337,133754576,133661998,92578
ENSG00000223761,87606024,87591607,14417
ENSG00000284976,137219361,137217452,1909
ENSG00000253179,14907986,14907518,468
ENSG00000090060,96567111,96501433,65678
ENSG00000250640,14988694,14987671,1023
ENSG00000251616,133114475,133111055,3420
ENSG00000111971,31674786,31667433,7353
ENSG00000259327,52122131,52116574,5557
ENSG00000259577,52205874,52180093,25781
ENSG00000069966,52191369,52115105,76264
ENSG00000144867,133825772,133784033,41739
ENSG00000246877,75738623,75727670,10953
ENSG00000196566,87660003,87610163,49840
ENSG00000182950,75727688,75724041,3647
ENSG00000234192,87642954,87642607,347
ENSG00000198682,87747705,87659613,88092
ENSG00000226493,68499968,68499532,436
ENSG00000196923,177497606,177483394,14212
ENSG00000074771,155455903,155395370,60533
ENSG00000260815,75747263,75746769,494
ENSG00000261043,75762405,75759501,2904
ENSG00000260288,75763321,75737820,25501
ENSG00000263443,122703423,122700269,3154
ENSG00000214455,45391267,45390353,914
ENSG00000235165,122770150,122769274,876
ENSG00000249564,29907791,29907659,132
ENSG00000228886,45351350,45350323,1027
ENSG00000244031,29963758,29962644,1114
ENSG00000265888,31162789,31101588,61201
ENSG00000272384,122780830,122779971,859
ENSG00000273149,45341183,45340039,1144
ENSG00000285231,59896481,59878809,17672
ENSG00000272043,122781071,122780760,311
ENSG00000262759,50450725,50450179,546
ENSG00000248281,30008316,30006951,1365
ENSG00000227650,31598764,31598491,273
ENSG00000270929,59899133,59898185,948
ENSG00000167107,50474845,50426158,48687
ENSG00000243888,69428721,69428248,473
ENSG00000284873,59957480,59938432,19048
ENSG00000137558,74855029,74824534,30495
ENSG00000107282,69672371,69427532,244839
ENSG00000186300,2860471,2841437,19034
ENSG00000203797,110415575,110391771,23804
ENSG00000285010,59970146,59964033,6113
ENSG00000215589,5929318,5928085,1233
ENSG00000244062,133762363,133760300,2063
ENSG00000214788,59970146,59942879,27267
ENSG00000163781,133662380,133598175,64205
ENSG00000280677,7348494,7318568,29926
ENSG00000281561,7336158,7334978,1180
ENSG00000277802,7334514,7332922,1592
ENSG00000113749,175710756,175658030,52726
ENSG00000232894,19570288,19552571,17717
ENSG00000225316,19588350,19561328,27022
ENSG00000215572,19561269,19560013,1256
ENSG00000238132,19564900,19563589,1311
ENSG00000250624,30885182,30884443,739
ENSG00000276378,7369092,7364723,4369
ENSG00000249678,30793970,30776257,17713
ENSG00000260879,108201491,108199926,1565
ENSG00000280186,108202743,108200413,2330
ENSG00000274195,7377169,7348669,28500
ENSG00000232069,96195617,96195477,140
ENSG00000169851,31146805,30720415,426390
ENSG00000271209,96337912,96337236,676
ENSG00000229693,96621903,96620654,1249
ENSG00000254349,74823313,74599775,223538
ENSG00000229312,69494513,69472466,22047
ENSG00000167705,1649866,1646145,3721
ENSG00000139173,44389762,43835967,553795
ENSG00000172977,65719604,65711996,7608
ENSG00000267063,2858716,2847227,11489
ENSG00000273712,28315883,28315613,270
ENSG00000270326,28319852,28319660,192
ENSG00000228263,31861227,31845377,15850
ENSG00000225913,87659279,87607985,51294
ENSG00000253777,74804811,74804287,524
ENSG00000165312,23442390,23439458,2932
ENSG00000253341,74604244,74603244,1000
ENSG00000172000,2883445,2867335,16110
ENSG00000253706,74866939,74798784,68155
ENSG00000185668,38046794,38044611,2183
ENSG00000254080,74633320,74609698,23622
ENSG00000169251,161253532,161104696,148836
ENSG00000255393,60031077,59978020,53057
ENSG00000113140,151686975,151661096,25879
ENSG00000212864,137221581,137220247,1334
ENSG00000085741,76210736,76186325,24411
ENSG00000125877,3223870,3208868,15002
ENSG00000197191,137226320,137224635,1685
ENSG00000261813,74976573,74976240,333
ENSG00000275444,7408809,7406786,2023
ENSG00000178718,74957464,74954416,3048
ENSG00000267398,2875592,2874950,642
ENSG00000251243,133720934,133720495,439
ENSG00000236673,131920565,131901963,18602
ENSG00000240611,133173053,133172218,835
ENSG00000250244,133275977,133256492,19485
ENSG00000282496,7412491,7410936,1555
ENSG00000280058,131911527,131910191,1336
ENSG00000233198,137229638,137227271,2367
ENSG00000273641,7422292,7420832,1460
ENSG00000053108,133612541,133196455,416086
ENSG00000237727,31604429,31602592,1837
ENSG00000261126,80095482,80046900,48582
ENSG00000228029,29947960,29945986,1974
ENSG00000149507,60048044,60040409,7635
ENSG00000237884,29996621,29995625,996
ENSG00000206504,29967793,29964492,3301
ENSG00000251365,6833120,6765891,67229
ENSG00000237582,31165590,31159218,6372
ENSG00000235952,29932433,29931441,992
ENSG00000235814,30051230,29990513,60717
ENSG00000272071,6779998,6779458,540
ENSG00000236131,14908068,14907898,170
ENSG00000266965,35597599,35595901,1698
ENSG00000162390,54639192,54542257,96935
ENSG00000141429,35711834,35581117,130717
ENSG00000231350,31053805,31047625,6180
ENSG00000273082,33922766,33922422,344
ENSG00000232081,33724912,33723832,1080
ENSG00000224973,33750843,33725014,25829
ENSG00000267127,80097088,80034346,62742
ENSG00000227949,14941750,14941547,203
ENSG00000198569,137236554,137230757,5797
ENSG00000224518,14942715,14941746,969
ENSG00000154917,133895882,133824235,71647
ENSG00000257864,44249004,44248432,572
ENSG00000237108,31098956,31094157,4799
ENSG00000258212,44010143,44008620,1523
ENSG00000257947,44263982,44244394,19588
ENSG00000101546,80050651,80034389,16262
ENSG00000250060,6886787,6868559,18228
ENSG00000166924,100494802,100483927,10875
ENSG00000250974,7219281,6839460,379821
ENSG00000254933,76195071,76190725,4346
ENSG00000228147,31126868,31120427,6441
ENSG00000256745,94188997,94188449,548
ENSG00000101407,38033461,37983007,50454
ENSG00000251182,31211675,31171144,40531
ENSG00000251434,31351725,31350284,1441
ENSG00000286254,7229357,7226156,3201
ENSG00000249882,31558821,31506666,52155
ENSG00000234620,15456074,15348662,107412
ENSG00000285689,7276923,7272792,4131
ENSG00000273668,66017868,66017643,225
ENSG00000274893,66020816,66014525,6291
ENSG00000248775,7288477,7287924,553
ENSG00000250409,133388549,133387773,776
ENSG00000248245,133224413,133160438,63975
ENSG00000275286,44499158,44498616,542
ENSG00000225720,39092855,39091586,1269
ENSG00000118523,131951372,131948176,3196
ENSG00000230741,33322813,33320865,1948
ENSG00000249478,133248781,133243764,5017
ENSG00000265564,9880886,9880580,306
ENSG00000235040,32706955,32706124,831
ENSG00000280104,133458331,133457805,526
ENSG00000279197,133575298,133574829,469
ENSG00000232080,32719170,32718005,1165
ENSG00000196427,108244081,108223341,20740
ENSG00000214686,51779241,51778561,680
ENSG00000285263,70078088,70076476,1612
ENSG00000231243,38825302,38823902,1400
ENSG00000273772,70099184,70070287,28897
ENSG00000226030,32731695,32730758,937
ENSG00000206502,30054477,30048487,5990
ENSG00000239556,43990207,43984995,5212
ENSG00000171428,18223689,18170477,53212
ENSG00000237541,32747215,32741342,5873
ENSG00000285596,44038978,44011882,27096
ENSG00000266909,80078259,80077707,552
ENSG00000249035,151724782,151676945,47837
ENSG00000078967,43956136,43926436,29700
ENSG00000235125,31635161,31623212,11949
ENSG00000268173,18178117,18153158,24959
ENSG00000162391,54623556,54609181,14375
ENSG00000178764,122974510,122781655,192855
ENSG00000231907,40674451,40673484,967
ENSG00000285908,133806139,133799440,6699
ENSG00000105647,18170532,18153163,17369
ENSG00000128285,40682814,40678750,4064
ENSG00000091513,133796641,133746040,50601
ENSG00000227220,132077393,131950946,126447
ENSG00000225807,100519926,100509717,10209
ENSG00000251129,32155406,31997397,158009
ENSG00000286212,32022483,32005099,17384
ENSG00000115085,97739862,97713560,26302
ENSG00000145920,175884021,175796310,87711
ENSG00000171443,55603138,55600022,3116
ENSG00000230728,54628438,54621477,6961
ENSG00000253372,122816517,122807746,8771
ENSG00000261447,69673713,69672749,964
ENSG00000179943,55601970,55591376,10594
ENSG00000175213,46705912,46700818,5094
ENSG00000232629,32763532,32756098,7434
ENSG00000144711,13283281,12897043,386238
ENSG00000264497,32024583,32024469,114
ENSG00000112511,33416453,33410399,6054
ENSG00000038295,166104457,165873237,231220
ENSG00000253937,18371484,18370607,877
ENSG00000254015,18201205,18200924,281
ENSG00000223589,38080911,38080572,339
ENSG00000224592,38119025,38047314,71711
ENSG00000259631,122985629,122977026,8603
ENSG00000260289,7894395,7888489,5906
ENSG00000168454,9889275,9885726,3549
ENSG00000260003,8295700,8276263,19437
ENSG00000154639,17593579,17513043,80536
ENSG00000284623,38140593,38129464,11129
ENSG00000216490,18178117,18173162,4955
ENSG00000233597,142044198,142043623,575
ENSG00000188647,69760011,69709522,50489
ENSG00000226979,31574324,31572054,2270
ENSG00000264365,24367984,24364787,3197
ENSG00000092054,23435660,23412740,22920
ENSG00000141447,24397880,24162045,235835
ENSG00000196335,23832513,23710203,122310
ENSG00000225626,69820739,69818983,1756
ENSG00000233516,117466260,117462294,3966
ENSG00000153560,33441371,33388336,53035
ENSG00000233569,117657027,117648606,8421
ENSG00000251250,7326609,7289891,36718
ENSG00000163380,69123032,69106872,16160
ENSG00000205976,7306592,7299774,6818
ENSG00000272655,44019170,44013562,5608
ENSG00000053371,19312146,19303965,8181
ENSG00000227166,15593331,15547216,46115
ENSG00000228903,44041892,44026951,14941
ENSG00000114378,50312381,50299890,12491
ENSG00000228434,44007866,44004046,3820
ENSG00000169255,161105411,161083883,21528
ENSG00000196199,19673441,19633659,39782
ENSG00000232516,30022535,30021246,1289
ENSG00000273432,44019151,43951910,67241
ENSG00000234970,29984720,29983843,877
ENSG00000270179,113369117,113368478,639
ENSG00000243336,29999447,29996088,3359
ENSG00000235314,44042306,44039171,3135
ENSG00000146094,177511274,177501907,9367
ENSG00000156787,123152153,123041968,110185
ENSG00000272799,9912849,9912316,533
ENSG00000214783,44019175,43940895,78280
ENSG00000188163,137247770,137243584,4186
ENSG00000244593,18383917,18383274,643
ENSG00000250264,32838822,32813767,25055
ENSG00000285624,18388319,18387268,1051
ENSG00000008438,46023053,46019153,3900
ENSG00000271654,18387777,18387108,669
ENSG00000171557,154612967,154604134,8833
ENSG00000229972,51830856,51826883,3973
ENSG00000214628,96954195,96953630,565
ENSG00000204086,96885467,96883908,1559
ENSG00000232810,31578336,31575565,2771
ENSG00000204267,32838770,32821833,16937
ENSG00000147202,97604997,96684663,920334
ENSG00000136206,44010122,43997897,12225
ENSG00000104983,46021318,45995461,25857
ENSG00000188229,137243707,137241287,2420
ENSG00000142173,46132849,46098097,34752
ENSG00000234140,29983011,29982616,395
ENSG00000232850,128130628,128128529,2099
ENSG00000283148,58178374,58174478,3896
ENSG00000283511,58187495,58180009,7486
ENSG00000156006,18401218,18391282,9936
ENSG00000228679,84007323,83983728,23595
ENSG00000214681,51875601,51873721,1880
ENSG00000274405,7455657,7434631,21026
ENSG00000241057,43973323,43961590,11733
ENSG00000285749,51830856,51798803,32053
ENSG00000230852,84026100,84019204,6896
ENSG00000250519,94279206,94238150,41056
ENSG00000135324,84090881,84033772,57109
ENSG00000235455,51875767,51873596,2171
ENSG00000251329,32353220,32351038,2182
ENSG00000173389,51903353,51894876,8477
ENSG00000165192,15315656,15281697,33959
ENSG00000250076,33011746,33010948,798
ENSG00000228207,8903276,8901203,2073
ENSG00000249452,33238670,33238239,431
ENSG00000101558,9960021,9914002,46019
ENSG00000282430,105649828,105648695,1133
ENSG00000249766,33400679,33400538,141
ENSG00000282094,105670614,105665404,5210
ENSG00000163687,58214697,58192257,22440
ENSG00000149516,60071115,60056587,14528
ENSG00000224792,51819635,51817603,2032
ENSG00000236967,30068386,30062765,5621
ENSG00000266066,62140639,62136972,3667
ENSG00000266365,62247153,62231470,15683
ENSG00000184345,51863424,51861629,1795
ENSG00000266647,62261936,62260634,1302
ENSG00000268401,46030161,46027654,2507
ENSG00000235133,117685588,117685254,334
ENSG00000262651,63612903,63612761,142
ENSG00000125878,610398,603797,6601
ENSG00000284977,117879988,117759455,120533
ENSG00000213309,63616361,63615827,534
ENSG00000235469,59551878,59551404,474
ENSG00000187812,75786898,75775553,11345
ENSG00000285082,117877478,117704157,173321
ENSG00000235140,59650345,59578467,71878
ENSG00000231901,117897256,117840322,56934
ENSG00000136869,117724735,117704175,20560
ENSG00000233314,30062832,30059208,3624
ENSG00000162006,783370,769428,13942
ENSG00000188755,62275655,62264705,10950
ENSG00000279136,769443,769119,324
ENSG00000258444,23415686,23415339,347
ENSG00000251284,69126451,69125274,1177
ENSG00000266707,66198238,66197693,545
ENSG00000250100,69134814,69131351,3463
ENSG00000237495,31760319,31752963,7356
ENSG00000165449,59736002,59650761,85241
ENSG00000248996,177503647,177494995,8652
ENSG00000275272,68350089,68310387,39702
ENSG00000118508,146554953,146543833,11120
ENSG00000251427,69147671,69144734,2937
ENSG00000112514,33418317,33416442,1875
ENSG00000286201,16644539,16599730,44809
ENSG00000251678,7345921,7344579,1342
ENSG00000197696,84658563,84655129,3434
ENSG00000159200,34615113,34513142,101971
ENSG00000228518,17193652,17192826,826
ENSG00000260806,96502321,96500810,1511
ENSG00000204869,46077118,46039748,37370
ENSG00000250668,7347977,7346986,991
ENSG00000254043,74896302,74891151,5151
ENSG00000224365,66004137,66004017,120
ENSG00000229886,66031544,66025126,6418
ENSG00000271595,17465214,17464879,335
ENSG00000205596,66071318,66070904,414
ENSG00000114107,138594538,138494344,100194
ENSG00000248417,33437877,33433510,4367
ENSG00000125703,62865516,62784132,81384
ENSG00000250954,34039893,33776347,263546
ENSG00000223390,52044279,52033391,10888
ENSG00000282170,142272254,142265850,6404
ENSG00000215397,675802,661596,14206
ENSG00000239983,33968526,33968174,352
ENSG00000275886,335543,333260,2283
ENSG00000228369,52052683,52050918,1765
ENSG00000250723,33979936,33850591,129345
ENSG00000117862,52056171,52020131,36040
ENSG00000271303,653370,646615,6755
ENSG00000282357,324508,323447,1061
ENSG00000227507,31582522,31580525,1997
ENSG00000173357,8916073,8906224,9849
ENSG00000274205,143709465,143703266,6199
ENSG00000236166,132099279,132085084,14195
ENSG00000282336,359636,354693,4943
ENSG00000270299,675800,646626,29174
ENSG00000172922,65720947,65714005,6942
ENSG00000280155,132131795,132130252,1543
ENSG00000230194,19238739,19238443,296
ENSG00000233471,19258806,19257520,1286
ENSG00000282013,388309,281768,106541
ENSG00000237468,146598931,146594516,4415
ENSG00000070371,19291719,19179473,112246
ENSG00000282360,105674085,105673079,1006
ENSG00000261668,127844040,127840198,3842
ENSG00000263887,62297026,62282702,14324
ENSG00000262213,1254000,1241939,12061
ENSG00000244021,127813200,127812720,480
ENSG00000282855,127809477,127809170,307
ENSG00000282474,105705373,105704732,641
ENSG00000197768,137253483,137251261,2222
ENSG00000164070,127840733,127781821,58912
ENSG00000205899,1271460,1270559,901
ENSG00000235295,18037968,18029385,8583
ENSG00000282633,105709436,105707889,1547
ENSG00000268879,46197323,46196238,1085
ENSG00000232260,17518993,17518526,467
ENSG00000267922,46196218,46101122,95096
ENSG00000188624,46124688,46120067,4621
ENSG00000231362,13053122,13052967,155
ENSG00000266938,2897222,2896625,597
ENSG00000228102,29748623,29748203,420
ENSG00000227260,30527185,30524745,2440
ENSG00000227549,30526213,30524990,1223
ENSG00000237109,78761651,78761175,476
ENSG00000225427,78792307,78787319,4988
ENSG00000259339,46137547,46136746,801
ENSG00000269729,46180647,46163893,16754
ENSG00000225352,57391518,57391171,347
ENSG00000236052,34188425,34017473,170952
ENSG00000136457,50468906,50464496,4410
ENSG00000204866,46161299,46143106,18193
ENSG00000236256,97642589,97431286,211303
ENSG00000235387,35937153,35909492,27661
ENSG00000285620,7733749,7730739,3010
ENSG00000241361,108337853,108272943,64910
ENSG00000236637,21187671,21186694,977
ENSG00000224305,32687227,32679790,7437
ENSG00000223606,29795033,29788252,6781
ENSG00000235617,18101888,18101612,276
ENSG00000248780,40786710,40786110,600
ENSG00000225225,18103649,18102457,1192
ENSG00000175877,73865890,73861159,4731
ENSG00000282617,143705898,143705253,645
ENSG00000226597,21191244,21190654,590
ENSG00000179299,40811184,40749925,61259
ENSG00000183785,18146554,18110331,36223
ENSG00000225639,35943934,35943210,724
ENSG00000235109,28356271,28324693,31578
ENSG00000285937,7741396,7738387,3009
ENSG00000278889,35958154,35957108,1046
ENSG00000198841,52033816,52032103,1713
ENSG00000241106,32820466,32812763,7703
ENSG00000238122,108273689,108261196,12493
ENSG00000213866,35972318,35971344,974
ENSG00000179443,35992285,35991336,949
ENSG00000228307,36014623,35962195,52428
ENSG00000121289,32971991,32875925,96066
ENSG00000285839,52033350,52020153,13197
ENSG00000243641,36003867,36002909,958
ENSG00000106351,100568220,100539203,29017
ENSG00000259572,47846242,47774234,72008
ENSG00000285852,19816278,19812372,3906
ENSG00000229491,45333917,45183251,150666
ENSG00000120594,20289856,19816239,473617
ENSG00000135333,93419559,93240020,179539
ENSG00000235317,29790142,29789145,997
ENSG00000259730,47949509,47944044,5465
ENSG00000268053,46113863,46111079,2784
ENSG00000121207,154753120,154626945,126175
ENSG00000259754,48049112,47884310,164802
ENSG00000215357,78851208,78849231,1977
ENSG00000231165,33696059,33695767,292
ENSG00000233956,33519108,33518610,498
ENSG00000268621,46203083,46189166,13917
ENSG00000236110,36022113,36021692,421
ENSG00000280930,189977825,189977577,248
ENSG00000147113,45200901,45148373,52528
ENSG00000224404,34209262,34208141,1121
ENSG00000179111,8124106,8120592,3514
ENSG00000280732,189984585,189983880,705
ENSG00000179766,35483035,35406755,76280
ENSG00000236890,18081675,18081466,209
ENSG00000280007,18131154,18110759,20395
ENSG00000215193,18131138,18077920,53218
ENSG00000279917,67613822,67611277,2545
ENSG00000264754,67525422,67524481,941
ENSG00000245910,66926398,66921684,4714
ENSG00000154217,67697261,67377281,319980
ENSG00000260947,33700986,33697459,3527
ENSG00000249074,154724880,154724586,294
ENSG00000174951,48755390,48748011,7379
ENSG00000266405,2655395,2652170,3225
ENSG00000197272,28512051,28499362,12689
ENSG00000227301,33722555,33719690,2865
ENSG00000068831,64745456,64726911,18545
ENSG00000265750,24162211,24159509,2702
ENSG00000172974,65205988,65205108,880
ENSG00000233776,33738416,33732975,5441
ENSG00000273763,65227605,65203502,24103
ENSG00000261467,73988767,73985992,2775
ENSG00000154040,24161603,24138956,22647
ENSG00000168356,38950561,38845769,104792
ENSG00000275549,137253497,137250219,3278
ENSG00000118946,57729311,57631744,97567
ENSG00000282426,358937,356792,2145
ENSG00000280068,175904371,175903874,497
ENSG00000188620,123139423,123135962,3461
ENSG00000259020,92026887,92026566,321
ENSG00000100815,92040896,91965991,74905
ENSG00000163697,41216714,40810027,406687
ENSG00000244213,35450352,35449748,604
ENSG00000235485,34591278,34589085,2193
ENSG00000250801,175985856,175972611,13245
ENSG00000188816,123150672,123148122,2550
ENSG00000196074,59933655,59863564,70091
ENSG00000243967,108410814,108375838,34976
ENSG00000278722,57633575,57632759,816
ENSG00000230584,78910542,78908919,1623
ENSG00000051596,176034680,175917873,116807
ENSG00000238118,108421295,108383736,37559
ENSG00000224698,108433184,108420689,12495
ENSG00000178460,66922048,66870749,51299
ENSG00000250305,13031503,12945642,85861
ENSG00000183560,94307721,94305592,2129
ENSG00000249429,143531350,143489855,41495
ENSG00000279361,67638973,67637774,1199
ENSG00000050165,12009769,11963106,46663
ENSG00000251205,143562548,143559219,3329
ENSG00000173876,189988849,189986501,2348
ENSG00000239988,32963865,32963499,366
ENSG00000188467,48142672,48120972,21700
ENSG00000177479,48986382,48918821,67561
ENSG00000225869,143752704,143752090,614
ENSG00000249881,143828772,143605628,223144
ENSG00000235734,97827545,97827248,297
ENSG00000158497,143820719,143812161,8558
ENSG00000075568,97995948,97756333,239615
ENSG00000189298,28369172,28349947,19225
ENSG00000162551,21578410,21509397,69013
ENSG00000136378,78811464,78759206,52258
ENSG00000214558,65304957,65302522,2435
ENSG00000102103,48903143,48890197,12946
ENSG00000160221,44210114,44133610,76504
ENSG00000259561,89705415,89704665,750
ENSG00000140527,89743638,89690811,52827
ENSG00000188107,65707225,63719980,1987245
ENSG00000238246,20091784,20070805,20979
ENSG00000279235,78906809,78906127,682
ENSG00000254376,87789688,87788562,1126
ENSG00000218689,129757112,129756298,814
ENSG00000273978,87868607,87867601,1006
ENSG00000219666,129784045,129783769,276
ENSG00000251468,12962200,12958387,3813
ENSG00000218725,129802214,129800908,1306
ENSG00000176566,87874015,87870747,3268
ENSG00000277448,58209483,58165827,43656
ENSG00000232954,58233117,58211697,21420
ENSG00000225335,18078884,18076527,2357
ENSG00000282303,142289809,142287280,2529
ENSG00000241386,32739368,32735083,4285
ENSG00000282264,142288898,142285779,3119
ENSG00000127191,136926607,136881912,44695
ENSG00000184811,1300978,1279662,21316
ENSG00000259235,48191691,48189037,2654
ENSG00000272494,176007387,176006145,1242
ENSG00000250820,175958538,175906939,51599
ENSG00000259385,48201684,48192191,9493
ENSG00000228495,132169374,132131915,37459
ENSG00000228487,127221907,127213783,8124
ENSG00000104177,48178353,48134632,43721
ENSG00000281947,105723298,105722565,733
ENSG00000136859,127122635,127087348,35287
ENSG00000282423,142299500,142299217,283
ENSG00000282568,142301455,142300947,508
ENSG00000277633,105743842,105737114,6728
ENSG00000267397,35717978,35716370,1608
ENSG00000267797,35842617,35841759,858
ENSG00000177096,42079438,42074248,5190
ENSG00000282624,142309071,142308565,506
ENSG00000163840,122575203,122564338,10865
ENSG00000282014,142313689,142313207,482
ENSG00000267627,35966118,35951803,14315
ENSG00000233887,97849017,97847263,1754
ENSG00000138071,65271253,65227753,43500
ENSG00000184414,100571136,100570131,1005
ENSG00000243711,78863729,78863247,482
ENSG00000237752,97908090,97906644,1446
ENSG00000237214,41064633,41064052,581
ENSG00000213857,41075239,41074180,1059
ENSG00000108953,1400222,1344275,55947
ENSG00000223666,32206718,32205134,1584
ENSG00000141428,35979286,35972625,6661
ENSG00000186086,108471002,108450282,20720
ENSG00000278743,25386241,25385670,571
ENSG00000180739,10517931,10512742,5189
ENSG00000258871,72595125,72552580,42545
ENSG00000062194,57264679,57173948,90731
ENSG00000135374,34513805,34478793,35012
ENSG00000234800,23721782,23721311,471
ENSG00000138496,122564577,122527924,36653
ENSG00000094804,40304657,40287879,16778
ENSG00000231328,23811660,23811144,516
ENSG00000136828,127223166,126914774,308392
ENSG00000226117,39839524,39839369,155
ENSG00000182732,72566530,71932429,634101
ENSG00000261319,8299772,8298492,1280
ENSG00000237290,38214806,38209034,5772
ENSG00000167487,18671721,18637025,34696
ENSG00000119138,70414624,70384597,30027
ENSG00000260058,8357860,8309962,47898
ENSG00000259819,8376276,8369864,6412
ENSG00000152936,25648579,25409307,239272
ENSG00000275350,38384422,38383838,584
ENSG00000227172,39566239,39545646,20593
ENSG00000219302,129820170,129819637,533
ENSG00000265158,31726956,31724198,2758
ENSG00000226491,42798712,42797225,1487
ENSG00000263772,31726397,31726043,354
ENSG00000141437,31760880,31759562,1318
ENSG00000241127,39610320,39566385,43935
ENSG00000280408,1352255,1352070,185
ENSG00000273731,8931454,8931069,385
ENSG00000230025,8974095,8971751,2344
ENSG00000183763,49856574,49828601,27973
ENSG00000282803,142321563,142320696,867
ENSG00000136986,123042302,123013170,29132
ENSG00000282184,105772176,105769875,2301
ENSG00000105401,10420121,10391133,28988
ENSG00000032219,58373887,58298385,75502
ENSG00000249638,7364531,7362979,1552
ENSG00000231988,9039988,9030594,9394
ENSG00000140382,77485607,77420412,65195
ENSG00000281970,142328810,142328321,489
ENSG00000249865,7373074,7367929,5145
ENSG00000278986,35973916,35972151,1765
ENSG00000282819,105786602,105786276,326
ENSG00000224989,17515018,17500958,14060
ENSG00000100209,28757515,28742039,15476
ENSG00000236015,39570198,39569376,822
ENSG00000106540,39610280,39609717,563
ENSG00000231951,39610290,39609610,680
ENSG00000283076,17516715,17514502,2213
ENSG00000223597,7379790,7373117,6673
ENSG00000214391,90284172,90282560,1612
ENSG00000280430,90731723,90731110,613
ENSG00000261645,90915052,90251204,663848
ENSG00000275837,23834516,23786963,47553
ENSG00000196776,108091862,108043091,48771
ENSG00000160396,40390187,40379271,10916
ENSG00000232202,42827617,42826322,1295
ENSG00000224739,43006060,43001355,4705
ENSG00000237782,45381995,45381527,468
ENSG00000226352,19675884,19674624,1260
ENSG00000280085,90972521,90972316,205
ENSG00000229563,45630202,45505388,124814
ENSG00000231826,43039547,43027853,11694
ENSG00000121390,19783019,19674752,108267
ENSG00000213759,69214731,69199951,14780
ENSG00000106336,100601117,100583982,17135
ENSG00000214282,45633733,45632292,1441
ENSG00000249675,166526119,166388701,137418
ENSG00000248794,81242599,81242330,269
ENSG00000279209,91015299,91013787,1512
ENSG00000247572,81301560,81204084,97476
ENSG00000204915,45731688,45730752,936
ENSG00000279438,91094260,91093875,385
ENSG00000254677,91115951,91114724,1227
ENSG00000105223,40380439,40348456,31983
ENSG00000233978,43043782,43041193,2589
ENSG00000270069,45770274,45745211,25063
ENSG00000255070,91116555,91115961,594
ENSG00000269902,45765299,45764772,527
ENSG00000196472,69182372,69181660,712
ENSG00000231566,45851490,45848074,3416
ENSG00000268803,69216635,69215908,727
ENSG00000250696,69216766,69182100,34666
ENSG00000118482,63779336,63635820,143516
ENSG00000148704,117138301,117128521,9780
ENSG00000138686,121870497,121824440,46057
ENSG00000065989,10469630,10416773,52857
ENSG00000249772,81114852,81113385,1467
ENSG00000276616,190026643,190025385,1258
ENSG00000251001,80998047,80997183,864
ENSG00000251450,80960907,80947697,13210
ENSG00000184012,41531116,41464305,66811
ENSG00000250111,18842364,18835707,6657
ENSG00000178980,47784686,47778585,6101
ENSG00000131730,81266398,81233320,33078
ENSG00000089195,5950558,5937228,13330
ENSG00000141127,18931287,18840085,91202
ENSG00000183765,28742422,28687743,54679
ENSG00000249041,154781873,154754756,27117
ENSG00000215286,45913871,45913118,753
ENSG00000234613,45917040,45913267,3773
ENSG00000151962,154828813,154781213,47600
ENSG00000224701,45952333,45951762,571
ENSG00000279173,25424942,25423600,1342
ENSG00000255988,25441052,25440875,177
ENSG00000257009,25592928,25585994,6934
ENSG00000256079,25436238,25435581,657
ENSG00000241846,25409445,25409293,152
ENSG00000248685,34269747,34120894,148853
ENSG00000148303,133351426,133348218,3208
ENSG00000255331,60078401,60077350,1051
ENSG00000232124,44207399,44200616,6783
ENSG00000250597,34669432,34657606,11826
ENSG00000285413,44194338,44172169,22169
ENSG00000279033,77485606,77484275,1331
ENSG00000237604,44176453,44175489,964
ENSG00000223912,132273332,132271982,1350
ENSG00000225331,44160076,44158740,1336
ENSG00000272588,757740,757022,718
ENSG00000274437,23839128,23834503,4625
ENSG00000249592,781849,762387,19462
ENSG00000275250,34714598,34714270,328
ENSG00000250416,35489750,35487812,1938
ENSG00000249639,135458697,135450613,8084
ENSG00000251380,135447348,135444214,3134
ENSG00000090889,70420886,70290104,130782
ENSG00000149534,60098467,60088261,10206
ENSG00000233799,765074,764487,587
ENSG00000249692,154770916,154770568,348
ENSG00000248416,724034,722275,1759
ENSG00000148346,128153453,128149071,4382
ENSG00000255833,135452351,135444226,8125
ENSG00000233932,48203758,48178122,25636
ENSG00000176046,28539174,28532708,6466
ENSG00000185619,770640,705748,64892
ENSG00000227512,136543835,136542881,954
ENSG00000231179,31578081,31561856,16225
ENSG00000148400,136546048,136494433,51615
ENSG00000074803,48304078,48178438,125640
ENSG00000227877,59756041,59736692,19349
ENSG00000243725,54742657,54715861,26796
ENSG00000114127,142448062,142306607,141455
ENSG00000236901,123115477,123109494,5983
ENSG00000254952,60160822,60159687,1135
ENSG00000232120,64412779,64377795,34984
ENSG00000165209,123268576,123109500,159076
ENSG00000217811,64631682,64631205,477
ENSG00000243828,64733837,64728837,5000
ENSG00000205307,100573900,100572228,1672
ENSG00000229152,110899172,110894639,4533
ENSG00000219653,63857769,63857441,328
ENSG00000088448,110915069,110878540,36529
ENSG00000218813,63798031,63797189,842
ENSG00000253607,123030751,123002560,28191
ENSG00000236345,63822642,63806836,15806
ENSG00000253463,123123682,123123106,576
ENSG00000184313,54710266,54641754,68512
ENSG00000261820,75792683,75791470,1213
ENSG00000249073,133917269,133913677,3592
ENSG00000232235,9167702,9166085,1617
ENSG00000230475,31694178,31677699,16479
ENSG00000161281,36152449,36150922,1527
ENSG00000282225,142332727,142332206,521
ENSG00000271227,52688998,52688661,337
ENSG00000220377,52703825,52687930,15895
ENSG00000278801,105846448,105837536,8912
ENSG00000249763,69250815,69242628,8187
ENSG00000230587,43102691,43097746,4945
ENSG00000113583,133968674,133955510,13164
ENSG00000255187,91167294,91158083,9211
ENSG00000280124,91185543,91184934,609
ENSG00000224408,9185803,9183694,2109
ENSG00000126768,48898143,48893447,4696
ENSG00000277006,7467065,7462290,4775
ENSG00000224729,100604206,100589402,14804
ENSG00000275066,37609472,37514807,94665
ENSG00000275637,54910107,54906192,3915
ENSG00000228554,39703296,39700341,2955
ENSG00000113319,81230162,80960363,269799
ENSG00000006451,39708120,39623565,84555
ENSG00000233730,115102658,115099672,2986
ENSG00000276085,36196758,36194869,1889
ENSG00000274272,100578700,100572232,6468
ENSG00000228035,115368072,115283034,85038
ENSG00000281380,70149120,70115323,33797
ENSG00000134259,115338236,115285918,52318
ENSG00000275794,7478378,7474484,3894
ENSG00000285698,115283763,115270767,12996
ENSG00000106333,100608175,100602363,5812
ENSG00000267005,36173853,36173406,447
ENSG00000274767,36196471,36183235,13236
ENSG00000228578,17519038,17516836,2202
ENSG00000254238,75029460,75026428,3032
ENSG00000258658,58395641,58370023,25618
ENSG00000260379,8508585,8508069,516
ENSG00000244331,157931563,157931258,305
ENSG00000121005,75034558,74984505,50053
ENSG00000280983,70153660,70153366,294
ENSG00000271856,108138610,108125821,12789
ENSG00000238063,38496034,38474875,21159
ENSG00000004809,110476641,110424687,51954
ENSG00000253171,88019113,87974165,44948
ENSG00000282285,142346016,142345452,564
ENSG00000173209,61191203,61177418,13785
ENSG00000152518,43226606,43222402,4204
ENSG00000274729,7481569,7479647,1922
ENSG00000213414,157987706,157986146,1560
ENSG00000261066,8532013,8526549,5464
ENSG00000253743,157989990,157984658,5332
ENSG00000255362,76216025,76210956,5069
ENSG00000224542,30105603,30102946,2657
ENSG00000275026,66027719,66022661,5058
ENSG00000127586,800737,788046,12691
ENSG00000261221,55617269,55605405,11864
ENSG00000077454,100586129,100574011,12118
ENSG00000278980,91209590,91208838,752
ENSG00000277530,7501287,7487822,13465
ENSG00000280093,91383289,91382909,380
ENSG00000276488,55613097,55612490,607
ENSG00000259871,19316526,19315164,1362
ENSG00000120733,138437028,138352685,84343
ENSG00000232258,8590193,8537605,52588
ENSG00000261210,19322145,19285739,36406
ENSG00000230663,17579754,17552800,26954
ENSG00000120509,70290514,70286595,3919
ENSG00000235722,30107221,30104215,3006
ENSG00000238154,9204611,9189629,14982
ENSG00000274540,7534426,7531604,2822
ENSG00000282719,142349695,142349215,480
ENSG00000215895,38710890,38708931,1959
ENSG00000282657,105856989,105854991,1998
ENSG00000225572,111821773,111808516,13257
ENSG00000255332,91812294,91794362,17932
ENSG00000174977,18651542,18650195,1347
ENSG00000240445,18672873,18670946,1927
ENSG00000274855,3033288,3033183,105
ENSG00000234358,111971988,111971222,766
ENSG00000232654,3045800,3045384,416
ENSG00000249459,18682262,18658429,23833
ENSG00000282505,142359681,142359222,459
ENSG00000279873,43228855,43227210,1645
ENSG00000137492,76381132,76349956,31176
ENSG00000282797,105864031,105863969,62
ENSG00000128512,112206411,111726110,480301
ENSG00000135315,84227643,84124241,103402
ENSG00000275581,70262299,70244409,17890
ENSG00000276172,23121324,23083094,38230
ENSG00000217707,3049211,3048835,376
ENSG00000282543,142363134,142362570,564
ENSG00000232924,9231247,9230915,332
ENSG00000189375,18661950,18635006,26944
ENSG00000272112,151725356,151724831,525
ENSG00000153395,1523962,1456480,67482
ENSG00000231053,70362374,70361486,888
ENSG00000157933,2310213,2228319,81894
ENSG00000196357,36246257,36182060,64197
ENSG00000179922,55624601,55620742,3859
ENSG00000138829,128659185,128257909,401276
ENSG00000262370,3087100,3076911,10189
ENSG00000284632,38815979,38754216,61763
ENSG00000005302,11775772,11758159,17613
ENSG00000198848,55833337,55802851,30486
ENSG00000101421,33854366,33811348,43018
ENSG00000280471,7544038,7541029,3009
ENSG00000253307,141253292,141252286,1006
ENSG00000254197,141292862,141278228,14634
ENSG00000167635,36238774,36214602,24172
ENSG00000022567,141308305,141207166,101139
ENSG00000181965,135535964,135534282,1682
ENSG00000264885,18669461,18667629,1832
ENSG00000224126,18677757,18677261,496
ENSG00000262262,18638370,18638019,351
ENSG00000277550,38104961,38103524,1437
ENSG00000230733,5479811,5475804,4007
ENSG00000234889,97978641,97975878,2763
ENSG00000101413,38127780,38033546,94234
ENSG00000155034,5513809,5431335,82474
ENSG00000236243,98252543,98251679,864
ENSG00000180210,46739506,46719180,20326
ENSG00000108465,47981781,47967810,13971
ENSG00000271322,98348748,98348451,297
ENSG00000120903,27479883,27459756,20127
ENSG00000283354,108501144,108495475,5669
ENSG00000227832,108503455,108502358,1097
ENSG00000282541,105864236,105864187,49
ENSG00000145824,135579279,135570679,8600
ENSG00000226483,108509243,108508574,669
ENSG00000229282,3057357,3055849,1508
ENSG00000213704,98390919,98389512,1407
ENSG00000250761,7749766,7707802,41964
ENSG00000282353,142371348,142370836,512
ENSG00000091073,76505995,76461676,44319
ENSG00000282615,105864635,105864585,50
ENSG00000078295,7830081,7396208,433873
ENSG00000223539,135746356,135742462,3894
ENSG00000197038,9322869,9311130,11739
ENSG00000250167,135634874,135559577,75297
ENSG00000239263,69472532,69471452,1080
ENSG00000162636,108644900,108560089,84811
ENSG00000282506,142375050,142374511,539
ENSG00000240265,69536693,69535664,1029
ENSG00000145832,135889770,135579202,310568
ENSG00000214200,33913336,33912323,1013
ENSG00000282065,105865033,105864986,47
ENSG00000114541,69542583,69168782,373801
ENSG00000228958,33965576,33965162,414
ENSG00000231249,4493163,4490891,2272
ENSG00000233587,22538288,22536479,1809
ENSG00000178057,49023495,49020459,3036
ENSG00000240592,32244709,32241011,3698
ENSG00000198959,38166578,38127385,39193
ENSG00000183172,42084284,42079691,4593
ENSG00000079931,132401475,132296055,105420
ENSG00000278474,54897308,54880532,16776
ENSG00000105705,19320509,19276018,44491
ENSG00000163686,58295693,58237506,58187
ENSG00000254019,141256817,141254565,2252
ENSG00000280035,141226947,141224288,2659
ENSG00000125977,34112243,34088309,23934
ENSG00000279759,40360606,40355842,4764
ENSG00000160392,40348527,40319536,28991
ENSG00000127588,800734,798041,2693
ENSG00000013275,39981441,39971005,10436
ENSG00000100197,42130881,42126499,4382
ENSG00000196610,32692245,32684806,7439
ENSG00000226837,98422809,98422138,671
ENSG00000281566,98892061,98450688,441373
ENSG00000250378,135827546,135812667,14879
ENSG00000007376,788397,784974,3423
ENSG00000251045,135653935,135648584,5351
ENSG00000271146,61250621,61249780,841
ENSG00000270308,99657381,99656997,384
ENSG00000273302,61200769,61199979,790
ENSG00000234624,61417197,61416887,310
ENSG00000215070,99721158,99719364,1794
ENSG00000229946,99887691,99886740,951
ENSG00000115464,61470769,61187463,283306
ENSG00000253921,151767247,151753992,13255
ENSG00000236988,100151340,100149783,1557
ENSG00000275765,151771508,151770242,1266
ENSG00000235236,48983985,48979918,4067
ENSG00000230592,100156773,100155885,888
ENSG00000221883,48919385,48917782,1603
ENSG00000177556,151772532,151742316,30216
ENSG00000276208,58377774,58377513,261
ENSG00000214335,58531026,58528615,2411
ENSG00000223343,48989988,48985049,4939
ENSG00000133731,81686331,81656914,29417
ENSG00000223717,58752233,58751047,1186
ENSG00000271723,54742308,54641786,100522
ENSG00000273211,48985963,48985485,478
ENSG00000228386,34017749,34014969,2780
ENSG00000165194,100410273,100291644,118629
ENSG00000285416,48999442,48997221,2221
ENSG00000125970,34108308,33993646,114662
ENSG00000178252,49015953,49007062,8891
ENSG00000267152,37730643,37728586,2057
ENSG00000227012,111901851,111900489,1362
ENSG00000238191,17625832,17621259,4573
ENSG00000273889,143720808,143710940,9868
ENSG00000281040,7551688,7548676,3012
ENSG00000235758,32254524,32244640,9884
ENSG00000230616,31587248,31586437,811
ENSG00000281952,142380609,142380331,278
ENSG00000175065,31414912,31376777,38135
ENSG00000281150,7559336,7556326,3010
ENSG00000226353,17629402,17628513,889
ENSG00000233965,31595649,31595070,579
ENSG00000206299,32767476,32750528,16948
ENSG00000140367,75901078,75843285,57793
ENSG00000173581,55653161,55641062,12099
ENSG00000281407,7566982,7563971,3011
ENSG00000145907,151812785,151771045,41740
ENSG00000223928,24158781,24157835,946
ENSG00000176014,12344320,12307669,36651
ENSG00000279029,24483034,24481180,1854
ENSG00000275578,17708185,17705968,2217
ENSG00000223394,33786828,33786221,607
ENSG00000235481,33818795,33785950,32845
ENSG00000226449,17723177,17721598,1579
ENSG00000236346,31549575,31537619,11956
ENSG00000107341,33920399,33817160,103239
ENSG00000120549,24547848,23694746,853102
ENSG00000113396,129033642,128538013,495629
ENSG00000140612,84716460,84669538,46922
ENSG00000224056,31172797,31168631,4166
ENSG00000231281,31198853,31192649,6204
ENSG00000105697,35285143,35280716,4427
ENSG00000229075,31196805,31195054,1751
ENSG00000274972,190031235,190028329,2906
ENSG00000010438,33799231,33750466,48765
ENSG00000272420,2363628,2363061,567
ENSG00000116151,2391707,2321253,70454
ENSG00000250906,40826151,40812779,13372
ENSG00000285797,156390246,156350579,39667
ENSG00000214881,68544833,68544489,344
ENSG00000281409,190042377,190041894,483
ENSG00000227360,156499771,156493226,6545
ENSG00000145817,144170714,144158162,12552
ENSG00000248567,71823980,71821305,2675
ENSG00000237889,31606140,31597175,8965
ENSG00000204791,144051522,144049079,2443
ENSG00000220347,156662437,156662050,387
ENSG00000178814,144063965,144051266,12699
ENSG00000227583,68675100,68674356,744
ENSG00000213025,68632727,68632371,356
ENSG00000138336,68694487,68560337,134150
ENSG00000213035,47794890,47794467,423
ENSG00000271150,47794920,47794650,270
ENSG00000184613,44921848,44508275,413573
ENSG00000237037,42137742,42090931,46811
ENSG00000108091,59906556,59788747,117809
ENSG00000134760,31359246,31318160,41086
ENSG00000248634,128742829,128663978,78851
ENSG00000213015,55643470,55635016,8454
ENSG00000271265,156774662,156774217,445
ENSG00000135226,69295050,69280499,14551
ENSG00000056291,72148067,72031804,116263
ENSG00000254884,9311689,9311284,405
ENSG00000166471,9314636,9280654,33982
ENSG00000184983,42090955,42085525,5430
ENSG00000117226,89022894,89006679,16215
ENSG00000171425,55645623,55635459,10164
ENSG00000203756,129861547,129831244,30303
ENSG00000272161,2326693,2326201,492
ENSG00000269896,2352820,2350414,2406
ENSG00000213790,42108953,42107765,1188
ENSG00000254291,141327137,141326130,1007
ENSG00000232710,42139927,42136433,3494
ENSG00000229483,23170597,23169835,762
ENSG00000227370,42132998,42132543,455
ENSG00000237886,136549893,136546212,3681
ENSG00000270083,42090028,42089630,398
ENSG00000224917,22672859,22670616,2243
ENSG00000213590,136937161,136935840,1321
ENSG00000281538,42139726,42138060,1666
ENSG00000260190,136937988,136937169,819
ENSG00000266729,31426988,31343368,83620
ENSG00000253595,141344621,141340549,4072
ENSG00000230279,31565069,31562799,2270
ENSG00000279141,136617181,136612024,5157
ENSG00000185101,442011,417933,24078
ENSG00000261655,141355365,141353403,1962
ENSG00000204882,141367267,141356500,10767
ENSG00000119636,74082863,74019349,63514
ENSG00000276979,54458015,54446939,11076
ENSG00000204711,69906227,69820817,85410
ENSG00000158315,38941830,38885807,56023
ENSG00000172889,136672678,136658856,13822
ENSG00000178928,47819051,47801243,17808
ENSG00000260400,68700794,68698500,2294
ENSG00000271156,88808908,88808318,590
ENSG00000270494,68717795,68717311,484
ENSG00000178149,49022293,49015488,6805
ENSG00000253553,88887323,88326836,560487
ENSG00000280944,90367722,90365762,1960
ENSG00000233431,21591187,21586472,4715
ENSG00000166823,89751310,89748661,2649
ENSG00000250962,88486094,88485110,984
ENSG00000156103,88328025,88032011,296014
ENSG00000285230,33994357,33980687,13670
ENSG00000273637,38874494,38839333,35161
ENSG00000214281,59010604,59010332,272
ENSG00000130935,67744531,67717931,26600
ENSG00000116954,38859772,38838198,21574
ENSG00000040487,19329300,19312326,16974
ENSG00000232451,23199056,23018125,180931
ENSG00000129484,20357905,20343582,14323
ENSG00000223530,23332044,23330664,1380
ENSG00000109606,24584554,24517441,67113
ENSG00000233714,23351864,23347654,4210
ENSG00000223634,23360376,23357516,2860
ENSG00000235497,23381299,23375229,6070
ENSG00000258653,73932278,73851971,80307
ENSG00000213433,151766378,151765859,519
ENSG00000206457,31150652,31134861,15791
ENSG00000135002,76394517,76385526,8991
ENSG00000228436,38919396,38860000,59396
ENSG00000140043,73886827,73851844,34983
ENSG00000280426,109999127,109997419,1708
ENSG00000075624,5563784,5527148,36636
ENSG00000131233,38881587,38874451,7136
ENSG00000276070,36212878,36210924,1954
ENSG00000274944,38881617,38864501,17116
ENSG00000174748,23924374,23916545,7829
ENSG00000242573,101163986,101163094,892
ENSG00000230769,40789267,40788777,490
ENSG00000233603,40798285,40798039,246
ENSG00000280917,90359876,90359653,223
ENSG00000281668,90315836,90315366,470
ENSG00000100372,40819399,40769630,49769
ENSG00000219027,1478583,1477830,753
ENSG00000214114,38873368,38862493,10875
ENSG00000281095,90309333,90309230,103
ENSG00000234618,76399586,76398699,887
ENSG00000228380,208269957,208269343,614
ENSG00000081148,101320575,101222546,98029
ENSG00000251692,1488981,1485886,3095
ENSG00000115020,208358746,208266255,92491
ENSG00000213994,6202693,6197612,5081
ENSG00000114767,51941904,51933429,8475
ENSG00000159069,136944738,136940435,4303
ENSG00000250877,72330751,72323028,7723
ENSG00000170525,6254644,6144934,109710
ENSG00000156140,72569221,72280969,288252
ENSG00000166800,18479600,18455824,23776
ENSG00000072210,19677598,19648136,29462
ENSG00000141385,12377314,12328944,48370
ENSG00000230727,22769787,22762851,6936
ENSG00000255725,25804526,25803298,1228
ENSG00000236512,7620878,7620422,456
ENSG00000256686,25814171,25782706,31465
ENSG00000256440,25834182,25831416,2766
ENSG00000256256,25885855,25882955,2900
ENSG00000228401,136660421,136648610,11811
ENSG00000188626,28738384,28701954,36430
ENSG00000184489,141432454,141391993,40461
ENSG00000182809,105480170,105472962,7208
ENSG00000248334,28759204,28737583,21621
ENSG00000229684,30803908,30798683,5225
ENSG00000177335,143059942,143039209,20733
ENSG00000256588,18508820,18507608,1212
ENSG00000256464,18490955,18490243,712
ENSG00000256361,18511475,18511043,432
ENSG00000074319,18526951,18468336,58615
ENSG00000244998,141392574,141389939,2635
ENSG00000188487,15247208,15112424,134784
ENSG00000261480,28738431,28719377,19054
ENSG00000228240,22852715,22851584,1131
ENSG00000276829,22861834,22861112,722
ENSG00000271495,28548658,28548331,327
ENSG00000275441,28554140,28553709,431
ENSG00000176476,28591790,28553915,37875
ENSG00000250115,143057816,143057060,756
ENSG00000271052,161223147,161222911,236
ENSG00000122707,36124455,36036913,87542
ENSG00000119711,74084493,74056850,27643
ENSG00000105662,18782333,18683678,98655
ENSG00000129646,76307998,76274049,33949
ENSG00000074935,112087529,112070663,16866
ENSG00000231618,32248406,32229863,18543
ENSG00000265818,8102530,8015726,86804
ENSG00000239264,7910814,7881517,29297
ENSG00000123901,94401419,94377316,24103
ENSG00000104805,48923372,48900312,23060
ENSG00000235931,59960913,59955430,5483
ENSG00000171016,55588947,55538890,50057
ENSG00000259654,84686946,84685884,1062
ENSG00000237674,52744656,52739590,5066
ENSG00000259009,47861512,47860113,1399
ENSG00000105392,47843330,47819779,23551
ENSG00000156471,96336995,96261715,75280
ENSG00000134717,52090716,52056199,34517
ENSG00000285805,55589811,55588666,1145
ENSG00000169344,20356301,20333052,23249
ENSG00000108439,47949308,47941506,7802
ENSG00000138629,74461182,74445977,15205
ENSG00000179213,51269330,51246348,22982
ENSG00000198945,130141451,130013699,127752
ENSG00000242123,62320189,62319884,305
ENSG00000185774,21948772,20728606,1220166
ENSG00000251691,69307173,69306469,704
ENSG00000250612,69358177,69346609,11568
ENSG00000254846,20346888,20344233,2655
ENSG00000268209,69388307,69387580,727
ENSG00000259001,20343685,20343048,637
ENSG00000259108,47865341,47863483,1858
ENSG00000215110,69402081,69389492,12589
ENSG00000259040,8064364,7881522,182842
ENSG00000228754,48746128,48745545,583
ENSG00000241577,48935213,48883955,51258
ENSG00000139842,113267108,113208193,58915
ENSG00000268595,51271179,51251231,19948
ENSG00000105398,47886315,47870467,15848
ENSG00000128815,48982956,48684876,298080
ENSG00000232772,143098007,143096839,1168
ENSG00000101350,32335011,32277651,57360
ENSG00000264273,18861466,18859354,2112
ENSG00000225476,143099933,143098898,1035
ENSG00000235672,18908865,18908279,586
ENSG00000153162,7881728,7726099,155629
ENSG00000174738,23980617,23945286,35331
ENSG00000265478,18810940,18809956,984
ENSG00000226839,143094715,143094233,482
ENSG00000284167,143100612,143099936,676
ENSG00000171928,18806714,18781111,25603
ENSG00000227557,143098829,143098484,345
ENSG00000257226,143776073,143766620,9453
ENSG00000224852,143096555,143094789,1766
ENSG00000075884,143768352,143091362,676990
ENSG00000248824,69407655,69406931,724
ENSG00000100353,36529184,36510855,18329
ENSG00000103811,78949574,78921058,28516
ENSG00000178467,49007153,48989889,17264
ENSG00000236236,32060653,32033807,26846
ENSG00000219294,7988192,7986537,1655
ENSG00000217746,7939322,7938430,892
ENSG00000188428,8064396,8013567,50829
ENSG00000108604,63843065,63832081,10984
ENSG00000116350,29181900,29147743,34157
ENSG00000112761,112070969,112054072,16897
ENSG00000279461,74003470,74003396,74
ENSG00000258891,73938114,73896164,41950
ENSG00000223765,71458874,71450834,8040
ENSG00000285963,71534715,71532070,2645
ENSG00000219575,71551643,71550958,685
ENSG00000119725,73932511,73886617,45894
ENSG00000218014,71585906,71584721,1185
ENSG00000259362,77534110,77525540,8570
ENSG00000124802,8102559,8073360,29199
ENSG00000259420,77608888,77568970,39918
ENSG00000225228,31597188,31595673,1515
ENSG00000241258,66154568,66114604,39964
ENSG00000225896,17727080,17726752,328
ENSG00000282685,143733344,143721147,12197
ENSG00000259213,77788674,77787193,1481
ENSG00000230044,11665969,11665369,600
ENSG00000281862,7574629,7571620,3009
ENSG00000169006,11670195,11658178,12017
ENSG00000272719,5557245,5556731,514
ENSG00000169783,77820900,77613027,207873
ENSG00000228974,5561055,5560743,312
ENSG00000226309,84430802,84429584,1218
ENSG00000231776,84556152,84421028,135124
ENSG00000224166,17744596,17729528,15068
ENSG00000283031,23685453,23667208,18245
ENSG00000119771,23708611,23385179,323432
ENSG00000282519,143777466,143775927,1539
ENSG00000277692,32355734,32355053,681
ENSG00000233980,76471058,76470162,896
ENSG00000250614,76478856,76474587,4269
ENSG00000005001,2858170,2852730,5440
ENSG00000197885,23946591,23891660,54931
ENSG00000102683,23325165,23180952,144213
ENSG00000235191,48918891,48910930,7961
ENSG00000266858,67777324,67774591,2733
ENSG00000257277,143741294,143676165,65129
ENSG00000168610,42388568,42313324,75244
ENSG00000213179,67785293,67784753,540
ENSG00000215771,41190188,41189727,461
ENSG00000224288,143094164,143093056,1108
ENSG00000232754,41183144,41169190,13954
ENSG00000228655,143598002,143295421,302581
ENSG00000100393,41180077,41092592,87485
ENSG00000174231,1684867,1650629,34238
ENSG00000256210,14792533,14792318,215
ENSG00000127530,14835376,14789260,46116
ENSG00000257284,143172172,143162078,10094
ENSG00000279526,23617987,23616499,1488
ENSG00000236300,143098417,143098123,294
ENSG00000231766,143101355,143100930,425
ENSG00000235205,23247184,23243520,3664
ENSG00000231758,143656179,143640756,15423
ENSG00000224361,23524344,23507043,17301
ENSG00000234473,192994677,192993449,1228
ENSG00000236803,23269150,23267506,1644
ENSG00000283994,143608759,143601517,7242
ENSG00000165355,39432500,39397669,34831
ENSG00000188269,14835285,14824251,11034
ENSG00000260737,80572808,80566794,6014
ENSG00000228857,113843356,113831049,12307
ENSG00000244063,113831119,113829390,1729
ENSG00000253340,50860062,50859530,532
ENSG00000151725,184734130,184694085,40045
ENSG00000231961,5965511,5965180,331
ENSG00000228403,48878649,48878022,627
ENSG00000226973,115476027,115471941,4086
ENSG00000249319,66152277,66087761,64516
ENSG00000088766,6040053,6006090,33963
ENSG00000226576,49018897,48984564,34333
ENSG00000270019,113889750,113888203,1547
ENSG00000278120,54518921,54504993,13928
ENSG00000165633,49115522,49014236,101286
ENSG00000259666,77652288,77641764,10524
ENSG00000274468,115481572,115479428,2144
ENSG00000229101,115557475,115556826,649
ENSG00000279360,110057275,110056916,359
ENSG00000274739,54503024,54488004,15020
ENSG00000254225,51722164,51721670,494
ENSG00000280359,77785070,77784610,460
ENSG00000198457,32034322,32030953,3369
ENSG00000076513,110039763,109999186,40577
ENSG00000147485,51809445,51319577,489868
ENSG00000259281,77668074,77660052,8022
ENSG00000274143,54485924,54476583,9341
ENSG00000198074,134541412,134527567,13845
ENSG00000263325,2859726,2857898,1828
ENSG00000126522,66093558,66075798,17760
ENSG00000269021,51283022,51280862,2160
ENSG00000117411,43991170,43978943,12227
ENSG00000268318,51281234,51271266,9968
ENSG00000203778,112102790,112087591,15199
ENSG00000186075,39877896,39868164,9732
ENSG00000188334,47992170,47968046,24124
ENSG00000276411,11676925,11673964,2961
ENSG00000269967,31921841,31851913,69928
ENSG00000203620,31855568,31842019,13549
ENSG00000142549,51330354,51311848,18506
ENSG00000228634,31933975,31933020,955
ENSG00000123094,26079892,25959029,120863
ENSG00000184007,31944856,31906421,38435
ENSG00000167183,47957883,47951967,5916
ENSG00000232185,115565432,115564601,831
ENSG00000249956,69423164,69408828,14336
ENSG00000259441,89753493,89752296,1197
ENSG00000280451,93813036,93811825,1211
ENSG00000250828,69441050,69437357,3693
ENSG00000255271,34557924,34533014,24910
ENSG00000264701,47996196,47980398,15798
ENSG00000263798,47981736,47945424,36312
ENSG00000263280,2867618,2866348,1270
ENSG00000233665,48993046,48976554,16492
ENSG00000250092,21613728,21582096,31632
ENSG00000229600,93889410,93886900,2510
ENSG00000169393,48025154,47994632,30522
ENSG00000264019,47948275,47946802,1473
ENSG00000165383,48914232,48909483,4749
ENSG00000272995,20767372,20766808,564
ENSG00000270631,115577786,115577229,557
ENSG00000186806,51342124,51331536,10588
ENSG00000250243,21316485,21304542,11943
ENSG00000253422,158078764,158078099,665
ENSG00000232456,16040029,16035178,4851
ENSG00000254025,51436509,51435602,907
ENSG00000242768,21656869,21656511,358
ENSG00000280650,21853188,21843341,9847
ENSG00000253664,51321118,51257688,63430
ENSG00000254047,158189911,158188977,934
ENSG00000253792,158176422,158173601,2821
ENSG00000188095,89778754,89760591,18163
ENSG00000253673,158200016,158175396,24620
ENSG00000275434,54474463,54459987,14476
ENSG00000101276,776015,760080,15935
ENSG00000163138,20752907,20696282,56625
ENSG00000231993,41197456,41174591,22865
ENSG00000114446,108222435,108160812,61623
ENSG00000232662,113277734,113276616,1118
ENSG00000231143,94194658,94163920,30738
ENSG00000047188,113595285,113513694,81591
ENSG00000220370,94344962,94344737,225
ENSG00000255427,34573982,34570876,3106
ENSG00000185896,113323672,113297239,26433
ENSG00000267422,37792865,37779686,13179
ENSG00000279403,94398829,94397664,1165
ENSG00000232647,59071803,59071462,341
ENSG00000115091,113962596,113889960,72636
ENSG00000270484,94443809,94442030,1779
ENSG00000271190,59263391,59262680,711
ENSG00000286235,6039856,5950949,88907
ENSG00000216853,94447179,94446740,439
ENSG00000267905,51344117,51340695,3422
ENSG00000189144,37817300,37735833,81467
ENSG00000219627,95504496,95504182,314
ENSG00000278719,6005821,5990943,14878
ENSG00000275632,6000941,6000418,523
ENSG00000261366,95577450,95575183,2267
ENSG00000229964,194109174,194091561,17613
ENSG00000125885,5998977,5950652,48325
ENSG00000232874,194131201,194130616,585
ENSG00000143420,150629612,150600851,28761
ENSG00000172469,95609452,95577535,31917
ENSG00000114315,194138732,194136148,2584
ENSG00000253449,158234376,158225352,9024
ENSG00000253424,158258436,158256137,2299
ENSG00000253134,158278813,158275711,3102
ENSG00000127663,5153598,4969113,184485
ENSG00000269403,51368099,51350373,17726
ENSG00000276778,158409773,158320683,89090
ENSG00000267984,51353293,51345169,8124
ENSG00000225742,194250153,194203016,47137
ENSG00000268520,51365544,51361712,3832
ENSG00000264932,19649935,19649373,562
ENSG00000105379,51366418,51345169,21249
ENSG00000238097,194257772,194247648,10124
ENSG00000111832,116597675,116571409,26266
ENSG00000158234,138633376,138608606,24770
ENSG00000183775,144485686,144170873,314813
ENSG00000228271,194287368,194276682,10686
ENSG00000126226,113208715,113177539,31176
ENSG00000145839,135895827,135892246,3581
ENSG00000249605,144385310,144369334,15976
ENSG00000250972,144439478,144439206,272
ENSG00000164483,130365425,130144315,221110
ENSG00000279957,113905258,113904086,1172
ENSG00000285605,144468471,144439204,29267
ENSG00000147421,29064764,28890395,174369
ENSG00000246695,25959765,25939329,20436
ENSG00000239809,62382015,62381668,347
ENSG00000165195,15335580,15319451,16129
ENSG00000172421,62416479,62343941,72538
ENSG00000174456,110073634,110027028,46606
ENSG00000164306,184694963,184649667,45296
ENSG00000160318,51369003,51367098,1905
ENSG00000166825,89815401,89784895,30506
ENSG00000215537,22867756,22866544,1212
ENSG00000226906,22973284,22936455,36829
ENSG00000130734,10553418,10543895,9523
ENSG00000183753,23005465,22973819,31646
ENSG00000258526,40390547,39432607,957940
ENSG00000253598,81696174,81693607,2567
ENSG00000253621,89243793,89243401,392
ENSG00000280193,81698694,81696368,2326
ENSG00000277595,110032803,110032245,558
ENSG00000286123,40348331,40267283,81048
ENSG00000286220,110073686,110049360,24326
ENSG00000157778,1571005,1567330,3675
ENSG00000275099,36590811,36545260,45551
ENSG00000262953,2587866,2586330,1536
ENSG00000244000,23017821,23017063,758
ENSG00000173218,115698224,115641970,56254
ENSG00000232764,23026663,23025594,1069
ENSG00000233126,23051195,23049247,1948
ENSG00000163930,52410008,52401008,9000
ENSG00000224464,23873014,23872268,746
ENSG00000238111,23901149,23900693,456
ENSG00000231896,208540413,208469850,70563
ENSG00000119778,23927123,23748664,178459
ENSG00000227430,208466626,208466238,388
ENSG00000144407,208854503,208359714,494789
ENSG00000278707,54538122,54521328,16794
ENSG00000239527,62398142,62397397,745
ENSG00000230487,1589626,1570073,19553
ENSG00000237137,14532042,14531916,126
ENSG00000232912,8434838,8424645,10193
ENSG00000234619,8751087,8750430,657
ENSG00000253392,2926807,2915146,11661
ENSG00000228423,8807051,8805860,1191
ENSG00000171970,2918473,2900898,17575
ENSG00000127515,14848922,14840466,8456
ENSG00000142599,8817640,8352397,465243
ENSG00000269552,14852944,14852032,912
ENSG00000172148,14867358,14863714,3644
ENSG00000232504,85890980,85889280,1700
ENSG00000237491,810060,778770,31290
ENSG00000184478,5951347,5938751,12596
ENSG00000272564,85904727,85904279,448
ENSG00000185385,14886132,14878203,7929
ENSG00000162076,2899382,2883213,16169
ENSG00000115525,85905199,85837120,68079
ENSG00000219549,95632929,95630115,2814
ENSG00000269678,14887115,14886839,276
ENSG00000213488,144522988,144522140,848
ENSG00000188691,5968494,5967177,1317
ENSG00000219941,95992349,95991107,1242
ENSG00000268663,675265,674842,423
ENSG00000183313,5986985,5985892,1093
ENSG00000230092,817712,800879,16833
ENSG00000249229,145005789,145001853,3936
ENSG00000249686,69451613,69450014,1599
ENSG00000240842,69571122,69564106,7016
ENSG00000268834,14897845,14891737,6108
ENSG00000237973,632616,631074,1542
ENSG00000105507,48044053,48029953,14100
ENSG00000254831,5994995,5993876,1119
ENSG00000172461,96215612,96015974,199638
ENSG00000225972,629433,629062,371
ENSG00000228794,859446,825138,34308
ENSG00000282707,36575697,36574834,863
ENSG00000248231,89415071,89412621,2450
ENSG00000277597,1685151,1684726,425
ENSG00000129347,10566037,10553078,12959
ENSG00000154640,17612947,17593653,19294
ENSG00000229129,17758125,17757001,1124
ENSG00000241667,69593121,69591341,1780
ENSG00000232409,208517230,208516908,322
ENSG00000273399,14587326,14586766,560
ENSG00000280960,7584892,7583982,910
ENSG00000213081,208361369,208360631,738
ENSG00000251031,145228982,145222610,6372
ENSG00000235864,209074148,209072597,1551
ENSG00000272871,14590065,14588797,1268
ENSG00000286099,40905513,40630006,275507
ENSG00000215325,145230054,145228811,1243
ENSG00000232799,209147687,209145241,2446
ENSG00000250868,17777400,17768980,8420
ENSG00000234199,114007302,113979569,27733
ENSG00000229670,209181123,209178966,2157
ENSG00000132563,138446969,138439057,7912
ENSG00000268964,53051679,53044738,6941
ENSG00000243179,113983258,113979909,3349
ENSG00000240286,209182018,209178804,3214
ENSG00000168993,826129,784957,41172
ENSG00000227122,32230795,32224781,6014
ENSG00000286249,209387322,209353977,33345
ENSG00000235242,114123293,114122274,1019
ENSG00000260064,80628379,80627551,828
ENSG00000260594,80742305,80736360,5945
ENSG00000231926,114261226,114260050,1176
ENSG00000166446,80804598,80597907,206691
ENSG00000281651,63450451,63449173,1278
ENSG00000230376,123765686,123765301,385
ENSG00000226902,123785451,123785009,442
ENSG00000088836,3239559,3227417,12142
ENSG00000281914,63424555,63422269,2286
ENSG00000275349,70296783,70268827,27956
ENSG00000271784,46690289,46689659,630
ENSG00000281151,63466150,63414903,51247
ENSG00000177757,819837,817371,2466
ENSG00000214145,194312803,194296465,16338
ENSG00000162572,1292029,1280436,11593
ENSG00000229905,761989,760911,1078
ENSG00000122970,110218793,110124335,94458
ENSG00000162639,108661526,108648290,13236
ENSG00000229376,724903,722092,2811
ENSG00000251363,41149309,40954693,194616
ENSG00000284662,686673,685679,994
ENSG00000228582,32761098,32744153,16945
ENSG00000258385,41298734,41296286,2448
ENSG00000279972,41515350,41514972,378
ENSG00000258901,41556055,41555662,393
ENSG00000228327,778626,725885,52741
ENSG00000118729,115768781,115700007,68774
ENSG00000260844,28764151,28763440,711
ENSG00000197496,46736347,46709649,26698
ENSG00000075618,5606655,5592816,13839
ENSG00000227251,23059186,23058030,1156
ENSG00000233797,96521669,96358374,163295
ENSG00000274434,69594998,69593256,1742
ENSG00000014123,96555276,96521595,33681
ENSG00000176170,76387860,76376584,11276
ENSG00000254239,135900250,135897637,2613
ENSG00000235146,594768,587629,7139
ENSG00000230021,827796,586071,241725
ENSG00000234318,62901639,62896009,5630
ENSG00000237163,62905482,62905180,302
ENSG00000171847,8227618,8221260,6358
ENSG00000255155,130544856,130544643,213
ENSG00000280594,17633199,17611744,21455
ENSG00000236616,130547429,130546799,630
ENSG00000183389,6006946,5999445,7501
ENSG00000175728,130717352,130672956,44396
ENSG00000255352,130791025,130789231,1794
ENSG00000101966,123913979,123859724,54255
ENSG00000269787,14904138,14903232,906
ENSG00000254842,130865561,130844191,21370
ENSG00000272076,51810681,51810110,571
ENSG00000229344,633438,632757,681
ENSG00000225880,827522,826206,1316
ENSG00000011304,812327,797075,15252
ENSG00000229115,123759775,123759220,555
ENSG00000180934,6034338,6019336,15002
ENSG00000230826,123751941,123736437,15504
ENSG00000227471,134579875,134549110,30765
ENSG00000225630,630683,629640,1043
ENSG00000198744,634922,634376,546
ENSG00000119522,123930152,123379654,550498
ENSG00000240409,633741,633535,206
ENSG00000285268,782050,781937,113
ENSG00000285240,70276602,70274990,1612
ENSG00000255455,130870247,130866254,3993
ENSG00000248527,634376,633696,680
ENSG00000280939,7593243,7592980,263
ENSG00000198367,14917380,14916428,952
ENSG00000223555,17784815,17782210,2605
ENSG00000229537,63022504,62975751,46753
ENSG00000255481,6046747,6045807,940
ENSG00000262980,6058275,6057316,959
ENSG00000105880,97024950,97020396,4554
ENSG00000258636,41604856,41587861,16995
ENSG00000235521,17789484,17788315,1169
ENSG00000224964,17800696,17797983,2713
ENSG00000227485,63025658,63024207,1451
ENSG00000226011,17825329,17809807,15522
ENSG00000229225,63079031,63078081,950
ENSG00000168300,51899186,51817575,81611
ENSG00000250842,145381670,145337932,43738
ENSG00000233469,19818619,19818121,498
ENSG00000131944,32978222,32972209,6013
ENSG00000253923,102418953,102417979,974
ENSG00000259196,28955955,28949676,6279
ENSG00000259366,29056685,29055935,750
ENSG00000224209,63317274,63159087,158187
ENSG00000230615,44115913,44030443,85470
ENSG00000278097,36226807,36225246,1561
ENSG00000276755,36234554,36234447,107
ENSG00000251136,89757727,89609409,148318
ENSG00000135373,34661057,34621093,39964
ENSG00000244067,52763475,52750087,13388
ENSG00000196636,97181763,97116590,65173
ENSG00000223683,63262707,63262113,594
ENSG00000228734,63251771,63249920,1851
ENSG00000203605,63163153,63139250,23903
ENSG00000271647,44104703,44103306,1397
ENSG00000254016,8231764,8227734,4030
ENSG00000243594,32808281,32772831,35450
ENSG00000270665,72808192,72807267,925
ENSG00000227163,44088477,44087958,519
ENSG00000224551,97135561,97135015,546
ENSG00000170949,53103436,53066606,36830
ENSG00000159214,43996528,43991359,5169
ENSG00000102870,30787205,30778456,8749
ENSG00000119723,73963670,73949926,13744
ENSG00000120451,130916509,130875436,41073
ENSG00000253475,51896374,51895957,417
ENSG00000255154,58318574,58306262,12312
ENSG00000219149,76549771,76549282,489
ENSG00000278574,36499682,36487001,12681
ENSG00000187210,76651203,76419850,231353
ENSG00000176923,14928060,14927052,1008
ENSG00000215217,7851151,7830378,20773
ENSG00000234895,6067786,6066873,913
ENSG00000215241,8242564,8235415,7149
ENSG00000266379,32094933,32088160,6773
ENSG00000164845,8242948,8232512,10436
ENSG00000157617,41954018,41885112,68906
ENSG00000237331,123873932,123872626,1306
ENSG00000264164,32097065,32083179,13886
ENSG00000237025,123879296,123878590,706
ENSG00000032444,7561764,7534004,27760
ENSG00000267518,76346081,76345761,320
ENSG00000278395,36241806,36241701,105
ENSG00000161542,76384521,76309486,75035
ENSG00000177551,115843917,115836377,7540
ENSG00000124370,71130239,71109684,20555
ENSG00000124279,7869037,7859159,9878
ENSG00000254397,9433486,9430356,3130
ENSG00000233814,76420631,76419934,697
ENSG00000205339,9448127,9384652,63475
ENSG00000131634,1555580,1528688,26892
ENSG00000106772,76906114,76611376,294738
ENSG00000214204,115857819,115856910,909
ENSG00000000005,100599885,100584936,14949
ENSG00000271143,115916699,115916497,202
ENSG00000137221,43506556,43477523,29033
ENSG00000228127,115931561,115919350,12211
ENSG00000130822,153689010,153669730,19280
ENSG00000213585,134004975,133971871,33104
ENSG00000163684,58324695,58306247,18448
ENSG00000260082,30822110,30821068,1042
ENSG00000274678,30821884,30821338,546
ENSG00000280327,1578371,1576716,1655
ENSG00000100726,1510457,1493344,17113
ENSG00000226914,32808542,32807865,677
ENSG00000227678,130146179,130133410,12769
ENSG00000206298,32773398,32769412,3986
ENSG00000230415,1280420,1275223,5197
ENSG00000284673,8396641,8396423,218
ENSG00000254350,158452758,158424585,28173
ENSG00000242661,8359834,8359054,780
ENSG00000256552,8369555,8320381,49174
ENSG00000163393,116070054,115976513,93541
ENSG00000256589,8308855,8254527,54328
ENSG00000230108,31569081,31566312,2769
ENSG00000197937,53159075,53124072,35003
ENSG00000256101,8329614,8321876,7738
ENSG00000284687,8390488,8390270,218
ENSG00000277952,8340397,8340182,215
ENSG00000226091,8396803,8295986,100817
ENSG00000234185,66165011,66119603,45408
ENSG00000071127,10116949,10074339,42610
ENSG00000234881,123843686,123843036,650
ENSG00000237336,123493156,123491884,1272
ENSG00000148204,123380324,123356170,24154
ENSG00000196517,44031467,43991500,39967
ENSG00000275038,171309777,171305980,3797
ENSG00000164438,171312139,171309248,2891
ENSG00000285667,84746837,84717474,29363
ENSG00000124275,7906025,7851186,54839
ENSG00000170954,53133077,53107879,25198
ENSG00000154473,123170467,123154402,16065
ENSG00000243328,143066587,143065915,672
ENSG00000164114,155376970,155342658,34312
ENSG00000228339,20351100,20350049,1051
ENSG00000237993,116017705,116013813,3892
ENSG00000275897,50478391,50475819,2572
ENSG00000261667,143083001,143080457,2544
ENSG00000249256,24658375,24658072,303
ENSG00000234515,32879848,32879171,677
ENSG00000233234,2812692,2811850,842
ENSG00000270727,20547422,20547171,251
ENSG00000261121,24671568,24659856,11712
ENSG00000229029,14594200,14593577,623
ENSG00000213393,171345630,171345343,287
ENSG00000266049,2833065,2688564,144501
ENSG00000276434,113339958,113339450,508
ENSG00000231630,2814998,2814432,566
ENSG00000225083,113361868,113351673,10195
ENSG00000260287,36334759,36323884,10875
ENSG00000175893,14693471,14611071,82400
ENSG00000251638,24768331,24768049,282
ENSG00000101596,2805017,2655738,149279
ENSG00000284745,2968707,2960658,8049
ENSG00000139835,113364148,113324164,39984
ENSG00000248444,24772420,24771467,953
ENSG00000254012,171366611,171366299,312
ENSG00000254256,171367693,171365595,2098
ENSG00000278372,36543807,36496005,47802
ENSG00000108298,39204732,39200283,4449
ENSG00000238114,31573267,31571300,1967
ENSG00000253927,135918161,135900353,17808
ENSG00000271334,39524708,39520431,4277
ENSG00000164616,135951591,135930317,21274
ENSG00000175691,2944971,2933218,11753
ENSG00000206296,32775190,32772781,2409
ENSG00000104522,143618048,143612618,5430
ENSG00000224475,97201483,97200708,775
ENSG00000235301,32896490,32896416,74
ENSG00000226046,97437896,97437518,378
ENSG00000147869,14722717,14719724,2993
ENSG00000225937,76863307,76691980,171327
ENSG00000187950,29497686,29412474,85212
ENSG00000206297,32782673,32773904,8769
ENSG00000251515,39572639,39571478,1161
ENSG00000169717,3022903,3021483,1420
ENSG00000250492,39721513,39718984,2529
ENSG00000145826,135954983,135922279,32704
ENSG00000279452,2950644,2949035,1609
ENSG00000248651,39889059,39888576,483
ENSG00000280231,1554130,1553655,475
ENSG00000163932,53192717,53156009,36708
ENSG00000260989,1610328,1580527,29801
ENSG00000250048,40053324,39892138,161186
ENSG00000109610,24800842,24789912,10930
ENSG00000260954,1580308,1579242,1066
ENSG00000237934,29224816,29223933,883
ENSG00000260646,1514675,1512979,1696
ENSG00000249668,40067200,40066651,549
ENSG00000260865,58597945,58597589,356
ENSG00000187535,1612072,1510427,101645
ENSG00000250585,40267657,40240173,27484
ENSG00000274933,36264553,36253456,11097
ENSG00000116353,29230942,29192873,38069
ENSG00000283286,40431491,40415137,16354
ENSG00000257599,29487488,29389289,98199
ENSG00000285552,40504563,40463562,41001
ENSG00000125107,58629885,58519951,109934
ENSG00000285616,40490430,40474908,15522
ENSG00000158691,28399734,28378955,20779
ENSG00000176919,136946975,136945185,1790
ENSG00000141425,36067576,35984387,83189
ENSG00000187987,28443502,28431930,11572
ENSG00000248125,145451099,145429868,21231
ENSG00000271612,102452483,102451763,720
ENSG00000260188,110479436,110477907,1529
ENSG00000219559,110562615,110562175,440
ENSG00000006128,97740472,97732084,8388
ENSG00000006611,17544416,17493895,50521
ENSG00000270934,110598705,110598093,612
ENSG00000263756,32972853,32972065,788
ENSG00000267053,36312668,36304580,8088
ENSG00000204257,32969094,32948613,20481
ENSG00000280310,4821452,4820405,1047
ENSG00000273396,4850827,4844219,6608
ENSG00000253712,75176656,75167704,8952
ENSG00000232677,36331723,36313067,18656
ENSG00000253229,75302574,75302296,278
ENSG00000225164,31625177,31608127,17050
ENSG00000249395,75324741,75223404,101337
ENSG00000280563,979770,978299,1471
ENSG00000254023,75377014,75376709,305
ENSG00000259180,55681463,55680385,1078
ENSG00000176956,143160711,143157914,2797
ENSG00000166450,55743152,55611544,131608
ENSG00000249924,155287136,155286162,974
ENSG00000105649,18204074,18196784,7290
ENSG00000250538,155209027,155206529,2498
ENSG00000165379,41904549,41607570,296979
ENSG00000267640,37832160,37817359,14801
ENSG00000272085,158464678,158464465,213
ENSG00000250910,155381694,155173716,207978
ENSG00000163132,4863936,4859665,4271
ENSG00000254135,158588546,158485190,103356
ENSG00000261499,36320547,36274191,46356
ENSG00000023572,193106114,193090866,15248
ENSG00000226956,17660384,17659276,1108
ENSG00000275954,36439566,36428618,10948
ENSG00000274226,36388423,36377531,10892
ENSG00000255307,6170408,6169330,1078
ENSG00000254858,18196948,18193182,3766
ENSG00000254444,6185576,6108135,77441
ENSG00000225868,37855215,37823722,31493
ENSG00000180919,6108835,6107684,1151
ENSG00000180913,6129556,6128610,946
ENSG00000114455,108378285,108296490,81795
ENSG00000180909,6152549,6151641,908
ENSG00000204256,32981505,32968594,12911
ENSG00000258536,41742963,41742639,324
ENSG00000127529,14942448,14941489,959
ENSG00000142065,36379201,36334453,44748
ENSG00000244381,169709765,169709295,470
ENSG00000183918,124373197,124227868,145329
ENSG00000279648,17707455,17705408,2047
ENSG00000225740,17837528,17837201,327
ENSG00000250205,155381239,155381042,197
ENSG00000185149,155217078,155208636,8442
ENSG00000129873,17880220,17877410,2810
ENSG00000165138,98796965,98731329,65636
ENSG00000268364,70258866,70193997,64869
ENSG00000266973,36378832,36378028,804
ENSG00000248886,69518400,69517667,733
ENSG00000230798,63324441,63320884,3557
ENSG00000165072,70226972,70043848,183124
ENSG00000156096,69526014,69480165,45849
ENSG00000251587,4895173,4894182,991
ENSG00000082516,154938211,154887411,50800
ENSG00000229138,17883708,17882099,1609
ENSG00000170209,113400418,113387791,12627
ENSG00000267363,36380912,36379351,1561
ENSG00000165188,113303376,113297093,6283
ENSG00000224485,17910806,17908755,2051
ENSG00000237716,4188109,4186624,1485
ENSG00000179094,8156506,8140472,16034
ENSG00000188986,137273542,137255327,18215
ENSG00000216307,4189806,4189116,690
ENSG00000187097,74019399,73958010,61389
ENSG00000137845,58749791,58588809,160982
ENSG00000170891,5019458,5014586,4872
ENSG00000241546,120041537,120041190,347
ENSG00000187140,63325126,63323041,2085
ENSG00000239835,120029868,120028740,1128
ENSG00000082701,120094417,119821323,273094
ENSG00000116747,193091777,193059422,32355
ENSG00000237426,124174459,124173001,1458
ENSG00000270282,8513021,8512653,368
ENSG00000276068,70368830,70312214,56616
ENSG00000224315,8786913,8786211,702
ENSG00000230444,1615325,1614590,735
ENSG00000198113,137282641,137277726,4915
ENSG00000226545,8799506,8798475,1031
ENSG00000231476,1621405,1620654,751
ENSG00000232412,123961341,123959233,2108
ENSG00000224740,30820021,30806191,13830
ENSG00000270259,137287236,137286112,1124
ENSG00000256757,113412117,113405321,6796
ENSG00000099385,30894960,30833626,61334
ENSG00000178772,194351328,194339768,11560
ENSG00000149295,113475691,113409605,66086
ENSG00000225968,1747954,1688119,59835
ENSG00000255224,144079265,144078002,1263
ENSG00000148337,128204383,128161251,43132
ENSG00000178896,144080648,144078648,2000
ENSG00000101972,124422664,123960212,462452
ENSG00000181007,36418656,36383120,35536
ENSG00000236801,70217668,70217195,473
ENSG00000236081,1742291,1738630,3661
ENSG00000204706,70175888,70033921,141967
ENSG00000235922,46864104,46863563,541
ENSG00000205971,1694357,1692810,1547
ENSG00000234977,1692450,1691906,544
ENSG00000143033,93139079,93079235,59844
ENSG00000172061,194369743,194355247,14496
ENSG00000110077,60184666,60172014,12652
ENSG00000280062,1533301,1530715,2586
ENSG00000174715,138644694,138643874,820
ENSG00000240280,63864379,63849292,15087
ENSG00000226275,31650629,31648357,2272
ENSG00000163626,73069755,73052362,17393
ENSG00000244203,71305853,71289769,16084
ENSG00000285708,71754229,70959226,795003
ENSG00000012124,35347361,35319261,28100
ENSG00000244676,17810845,17793488,17357
ENSG00000059122,2951208,2911937,39271
ENSG00000154642,17819386,17788974,30412
ENSG00000255893,94473570,94472908,662
ENSG00000217041,110700900,110700562,338
ENSG00000155111,110815958,110609978,205980
ENSG00000020922,94493908,94415578,78330
ENSG00000281251,1160774,1160565,209
ENSG00000253676,106698013,106697427,586
ENSG00000282100,58693125,58691106,2019
ENSG00000182625,58686617,58686411,206
ENSG00000259250,58591676,58587507,4169
ENSG00000270986,58672933,58672296,637
ENSG00000164830,106752694,106359476,393218
ENSG00000278513,58733149,58732188,961
ENSG00000278741,1192547,1003519,189028
ENSG00000260083,30895220,30875222,19998
ENSG00000243188,108326814,108325520,1294
ENSG00000115970,43596046,43230836,365210
ENSG00000262721,30895216,30875766,19450
ENSG00000174915,491399,448268,43131
ENSG00000243566,76516521,76510428,6093
ENSG00000268112,17734513,17727840,6673
ENSG00000260366,48926444,48926171,273
ENSG00000148290,133356676,133351758,4918
ENSG00000130479,17734513,17719242,15271
ENSG00000246022,126210169,126180065,30104
ENSG00000270695,4530008,4529722,286
ENSG00000231811,4347037,4345743,1294
ENSG00000250218,126108069,126103640,4429
ENSG00000285694,4468181,4449392,18789
ENSG00000260239,4495769,4491807,3962
ENSG00000004897,47189422,47117703,71719
ENSG00000261787,66962591,66946501,16090
ENSG00000240770,17792523,17763315,29208
ENSG00000285424,4583871,4304942,278929
ENSG00000270140,73905636,73905267,369
ENSG00000226116,17921630,17912699,8931
ENSG00000144908,126197994,126103562,94432
ENSG00000156050,73950414,73931501,18913
ENSG00000129474,22982551,22971177,11374
ENSG00000262959,2923202,2922662,540
ENSG00000277909,168930360,168834132,96228
ENSG00000262482,2954276,2939714,14562
ENSG00000124383,71150101,71130632,19469
ENSG00000260884,74315634,74313337,2297
ENSG00000265574,32112590,32111562,1028
ENSG00000148225,113340298,113313222,27076
ENSG00000261079,74369826,74367462,2364
ENSG00000263369,32114125,32106330,7795
ENSG00000132950,19863649,19823482,40167
ENSG00000214331,74368240,74332402,35838
ENSG00000166143,40828709,40815445,13264
ENSG00000136444,50485974,50478860,7114
ENSG00000255237,463899,462930,969
ENSG00000175485,6200259,6199146,1113
ENSG00000148291,133361158,133356550,4608
ENSG00000273711,73885555,73873689,11866
ENSG00000260996,137295721,137293868,1853
ENSG00000280352,137602433,137601899,534
ENSG00000198435,137302271,137299631,2640
ENSG00000251632,137603430,137545731,57699
ENSG00000250126,137655174,137645265,9909
ENSG00000171522,40693735,40679915,13820
ENSG00000275326,168865516,168831472,34044
ENSG00000250777,137734977,137690477,44500
ENSG00000160994,15023276,15010726,12550
ENSG00000239763,74313390,74312609,781
ENSG00000103035,74306288,74296814,9474
ENSG00000228496,11683328,11681460,1868
ENSG00000213735,52254176,52253621,555
ENSG00000223429,52163026,52162186,840
ENSG00000272100,52353877,52353487,390
ENSG00000105143,15022990,14950034,72956
ENSG00000237663,52252773,52252062,711
ENSG00000134324,11827409,11677595,149814
ENSG00000113638,40755963,40512333,243630
ENSG00000157077,52346686,52142094,204592
ENSG00000152558,102470384,102396332,74052
ENSG00000220205,8163546,8159149,4397
ENSG00000248466,36065726,36065060,666
ENSG00000236674,63361179,63359823,1356
ENSG00000256136,8407195,8406833,362
ENSG00000047365,36244514,35948221,296293
ENSG00000223576,19843672,19841827,1845
ENSG00000253456,158987199,158985806,1393
ENSG00000238152,8415805,8414780,1025
ENSG00000181982,24980204,24806117,174087
ENSG00000237558,17953500,17951589,1911
ENSG00000214487,8428610,8427640,970
ENSG00000164330,159099916,158695916,404000
ENSG00000250778,76522074,76521611,463
ENSG00000260673,4602420,4599287,3133
ENSG00000177586,8438425,8437403,1022
ENSG00000205444,4611919,4610612,1307
ENSG00000230305,76532692,76524515,8177
ENSG00000257285,22955562,22929609,25953
ENSG00000185040,76541459,76531319,10140
ENSG00000274658,36457535,36450146,7389
ENSG00000259972,74335346,74305127,30219
ENSG00000282458,71626,60951,10675
ENSG00000259132,22982258,22946270,35988
ENSG00000231162,28447807,28446973,834
ENSG00000219262,28456141,28455648,493
ENSG00000092036,22957161,22946228,10933
ENSG00000255337,102462008,102452919,9089
ENSG00000186591,129952949,129830732,122217
ENSG00000263620,8162975,8150816,12159
ENSG00000255482,102498801,102467255,31546
ENSG00000205846,8478330,8455926,22404
ENSG00000260306,21795759,21794095,1664
ENSG00000250034,137816402,137807706,8696
ENSG00000248586,57320020,57317989,2031
ENSG00000248124,21820410,21796106,24304
ENSG00000282798,69972,69167,805
ENSG00000250308,57424391,57422464,1927
ENSG00000219150,110706882,110706362,520
ENSG00000282542,69178,68403,775
ENSG00000169067,57482811,57480018,2793
ENSG00000104953,2995179,2977538,17641
ENSG00000213150,110646558,110645699,859
ENSG00000233378,17993260,17984349,8911
ENSG00000250961,57533424,57395060,138364
ENSG00000217385,4703779,4702463,1316
ENSG00000267142,36422534,36421536,998
ENSG00000243830,8461232,8460618,614
ENSG00000150281,30903560,30896607,6953
ENSG00000130821,153696588,153687926,8662
ENSG00000151012,138242349,138164097,78252
ENSG00000230447,30910208,30904348,5860
ENSG00000233870,71178773,71178587,186
ENSG00000116750,193060080,193012250,47830
ENSG00000117228,89065230,89052319,12911
ENSG00000236004,52190309,52189916,393
ENSG00000237616,17997252,17995201,2051
ENSG00000228407,52160600,52160261,339
ENSG00000224033,18023908,18022299,1609
ENSG00000177133,3068437,3059615,8822
ENSG00000154222,52366193,52345723,20470
ENSG00000275964,19865048,19863858,1190
ENSG00000248993,32953122,32937364,15758
ENSG00000260139,77904674,77894684,9990
ENSG00000228801,51947173,51899325,47848
ENSG00000223837,32970886,32970232,654
ENSG00000242574,32941028,32934629,6399
ENSG00000267940,6203253,6201901,1352
ENSG00000261487,30956511,30948386,8125
ENSG00000253811,158984789,158983006,1783
ENSG00000282753,77276398,77275802,596
ENSG00000282649,77293519,77269359,24160
ENSG00000099364,30948783,30923055,25728
ENSG00000282302,77306525,77292191,14334
ENSG00000275600,36539682,36535392,4290
ENSG00000163737,73982124,73981077,1047
ENSG00000277414,54257977,54250781,7196
ENSG00000121022,67083783,67043079,40704
ENSG00000251542,114579970,114576041,3929
ENSG00000111834,116632985,116616479,16506
ENSG00000080709,114496500,114055545,440955
ENSG00000250033,138178177,138057464,120713
ENSG00000175513,65959963,65945445,14518
ENSG00000168781,43590253,43533462,56791
ENSG00000234518,89104767,89104285,482
ENSG00000105664,18791305,18782773,8532
ENSG00000175216,46846308,46743048,103260
ENSG00000167081,125967377,125747345,220032
ENSG00000248307,138130709,138027422,103287
ENSG00000277494,143217170,143213218,3952
ENSG00000068001,50322782,50317790,4992
ENSG00000130055,70433390,70423031,10359
ENSG00000239291,47159993,47159191,802
ENSG00000262265,47167723,47160398,7325
ENSG00000261872,47171049,47169826,1223
ENSG00000173372,22639678,22636628,3050
ENSG00000158604,44582287,44577894,4393
ENSG00000153317,130443674,130052104,391570
ENSG00000263924,31845178,31844388,790
ENSG00000276282,31896410,31895745,665
ENSG00000276486,31883728,31883288,440
ENSG00000153339,31953136,31829180,123956
ENSG00000248343,21719026,21697450,21576
ENSG00000163736,73988190,73986439,1751
ENSG00000172331,134679816,134646811,33005
ENSG00000286208,131568599,131555007,13592
ENSG00000187187,40021038,39984134,36904
ENSG00000228219,21113388,21110682,2706
ENSG00000235940,20804577,20804293,284
ENSG00000204683,21146559,21125763,20796
ENSG00000269556,149631912,149596556,35356
ENSG00000163735,73998677,73995642,3035
ENSG00000228753,21030792,21028999,1793
ENSG00000224375,134687990,134684144,3846
ENSG00000278373,168926984,168918229,8755
ENSG00000230112,20841560,20841375,185
ENSG00000246316,114668410,114488997,179413
ENSG00000230101,134735129,134734898,231
ENSG00000236356,143819599,143799467,20132
ENSG00000078114,21174187,20779973,394214
ENSG00000114383,50328251,50320027,8224
ENSG00000247193,36274220,36244116,30104
ENSG00000277511,32128454,32127595,859
ENSG00000272024,51950690,51950284,406
ENSG00000236129,131189753,131187022,2731
ENSG00000227125,131215163,131204999,10164
ENSG00000180878,6211132,6205566,5566
ENSG00000237612,131251816,131234538,17278
ENSG00000173200,122639047,122577628,61419
ENSG00000260852,30923269,30919319,3950
ENSG00000130529,49211836,49157741,54095
ENSG00000285793,87076429,87030675,45754
ENSG00000175938,30956461,30949068,7393
ENSG00000253844,52022974,51961458,61516
ENSG00000266931,87076060,87055658,20402
ENSG00000254136,52008355,51996210,12145
ENSG00000231259,87052992,87031815,21177
ENSG00000223952,31654641,31651872,2769
ENSG00000231698,131350917,131253422,97495
ENSG00000268614,7540059,7533595,6464
ENSG00000104808,48944969,48933699,11270
ENSG00000090674,7534009,7522624,11385
ENSG00000284391,70435350,70427450,7900
ENSG00000124374,71227103,71182738,44365
ENSG00000147166,71305371,71301750,3621
ENSG00000255087,127172363,127021754,150609
ENSG00000234782,118083382,118082869,513
ENSG00000131828,19361705,19343893,17812
ENSG00000225050,118705960,118687752,18208
ENSG00000166145,40858207,40844018,14189
ENSG00000223513,41859594,41859350,244
ENSG00000234270,41955763,41955445,318
ENSG00000205485,76627982,76549360,78622
ENSG00000101544,80147523,80109262,38261
ENSG00000121964,144332568,143938068,394500
ENSG00000271196,138454732,138454540,192
ENSG00000253223,66986187,66984135,2052
ENSG00000204434,131627266,131591752,35514
ENSG00000224255,52180553,52179848,705
ENSG00000146707,76627261,76609986,17275
ENSG00000273588,131628147,131625957,2190
ENSG00000274002,23620012,23619201,811
ENSG00000066777,67343781,67173511,170270
ENSG00000224559,131649615,131637025,12590
ENSG00000214659,65728214,65726939,1275
ENSG00000270930,131648372,131646704,1668
ENSG00000255557,65771585,65745729,25856
ENSG00000129933,19358754,19320829,37925
ENSG00000168036,41260096,41194741,65355
ENSG00000269069,40025502,40023384,2118
ENSG00000254470,65780802,65775893,4909
ENSG00000197165,28597050,28591943,5107
ENSG00000235201,118745312,118740563,4749
ENSG00000255404,65797219,65795946,1273
ENSG00000255120,65790868,65789051,1817
ENSG00000159212,34718227,34669389,48838
ENSG00000256234,26335856,26211164,124692
ENSG00000256640,26801302,26800843,459
ENSG00000234428,26649479,26623369,26110
ENSG00000244036,130026989,129953234,73755
ENSG00000256185,26336950,26335864,1086
ENSG00000255968,26421462,26318953,102509
ENSG00000091732,130051451,130018286,33165
ENSG00000123096,26299290,26121991,177299
ENSG00000172818,65797214,65787063,10151
ENSG00000157911,2413797,2403964,9833
ENSG00000257456,29529974,29519731,10243
ENSG00000273267,8023126,8022665,461
ENSG00000251460,8067724,8066528,1196
ENSG00000242986,29658798,29658376,422
ENSG00000133687,29784759,29500840,283919
ENSG00000231166,118764345,118763867,478
ENSG00000163995,8158832,7965310,193522
ENSG00000122694,36163913,36136536,27377
ENSG00000231920,21175048,21174014,1034
ENSG00000236237,31658827,31656860,1967
ENSG00000182415,18028597,18025787,2810
ENSG00000280033,32160371,32159311,1060
ENSG00000266282,32228108,32227890,218
ENSG00000214708,32143135,32141226,1909
ENSG00000255858,26317813,26315715,2098
ENSG00000246115,8512726,8512374,352
ENSG00000265293,32151504,32150433,1071
ENSG00000278095,26273900,26273329,571
ENSG00000282807,72718,71778,940
ENSG00000166527,8522366,8509475,12891
ENSG00000250992,176042878,176040744,2134
ENSG00000123095,26125037,26120030,5007
ENSG00000230412,18068810,18068483,327
ENSG00000264668,143276403,143247110,29293
ENSG00000126858,32253374,32142454,110920
ENSG00000266717,67951746,67950885,861
ENSG00000181638,143262705,143246821,15884
ENSG00000171634,67984378,67825503,158875
ENSG00000108061,111013667,110919547,94120
ENSG00000178732,194398354,194394821,3533
ENSG00000256894,26126617,26125155,1462
ENSG00000254486,12061785,12030875,30910
ENSG00000185972,36171334,36169394,1940
ENSG00000254991,12073014,12066929,6085
ENSG00000123104,26833194,26335352,497842
ENSG00000157916,2405442,2391775,13667
ENSG00000255400,12089441,12086891,2550
ENSG00000250571,143276931,143267433,9498
ENSG00000105695,35313807,35292125,21682
ENSG00000120738,138469303,138465479,3824
ENSG00000276259,58523842,58522970,872
ENSG00000280543,130084768,130082738,2030
ENSG00000103037,58521181,58515479,5702
ENSG00000250393,10143655,10143367,288
ENSG00000283559,176156989,176143450,13539
ENSG00000178184,80247514,80157232,90282
ENSG00000270301,28858398,28857882,516
ENSG00000248469,176062021,176049678,12343
ENSG00000261377,28859007,28789664,69343
ENSG00000153975,116668794,116635618,33176
ENSG00000227586,123171875,123171535,340
ENSG00000142731,127899224,127880893,18331
ENSG00000263823,31944156,31942575,1581
ENSG00000270902,123323586,123323422,164
ENSG00000248596,176185155,176143085,42070
ENSG00000225152,123427640,123425713,1927
ENSG00000230131,123517708,123356450,161258
ENSG00000104312,89791064,89757806,33258
ENSG00000153531,113453524,113399610,53914
ENSG00000234542,123583767,123574227,9540
ENSG00000203643,11724222,11721619,2603
ENSG00000230790,11745301,11740997,4304
ENSG00000251458,176131461,176124210,7251
ENSG00000267251,80202992,80183680,19312
ENSG00000251623,176156937,176119545,37392
ENSG00000205581,39349647,39342315,7332
ENSG00000154478,123694607,123666355,28252
ENSG00000232431,28792002,28788243,3759
ENSG00000267270,80178432,80147924,30508
ENSG00000278918,40350539,40348049,2490
ENSG00000261649,28848675,28841833,6842
ENSG00000265666,40343136,40340867,2269
ENSG00000213222,131724279,131723253,1026
ENSG00000197927,131767404,131722375,45029
ENSG00000249451,50508328,50503412,4916
ENSG00000271616,28831182,28830619,563
ENSG00000131759,40357643,40309180,48463
ENSG00000256951,28789486,28789199,287
ENSG00000242622,120136783,120094895,41888
ENSG00000278000,80162413,80161752,661
ENSG00000261183,40844387,40835808,8579
ENSG00000230978,34737204,34723807,13397
ENSG00000251296,10167765,10167159,606
ENSG00000182230,176116015,176060689,55326
ENSG00000229322,149650124,149649174,950
ENSG00000088035,63438562,63367575,70987
ENSG00000262480,2613944,2613284,660
ENSG00000184925,136955497,136949551,5946
ENSG00000279432,2642418,2639297,3121
ENSG00000248777,10200672,10199823,849
ENSG00000272770,2685088,2683305,1783
ENSG00000271544,10238235,10238213,22
ENSG00000185247,149717268,149688228,29040
ENSG00000250040,10256621,10254926,1695
ENSG00000007168,2685615,2593210,92405
ENSG00000078725,119369435,119153458,215977
ENSG00000250573,10260138,10259445,693
ENSG00000234118,110937233,110936622,611
ENSG00000171456,32439319,32358330,80989
ENSG00000275800,19497721,19496378,1343
ENSG00000185065,19450105,19447893,2212
ENSG00000277649,1003671,997117,6554
ENSG00000180815,19515261,19360056,155205
ENSG00000164946,14910995,14734666,176329
ENSG00000242259,19448232,19351368,96864
ENSG00000158856,22082527,22048995,33532
ENSG00000196227,59948680,59933764,14916
ENSG00000144821,108529322,108380369,148953
ENSG00000281590,1190311,1187118,3193
ENSG00000267309,36491040,36489649,1391
ENSG00000230395,87120980,87118534,2446
ENSG00000186017,36489902,36445119,44783
ENSG00000234936,43233394,43229573,3821
ENSG00000224208,71315879,71314912,967
ENSG00000186825,131801661,131794961,6700
ENSG00000254961,91950034,91949731,303
ENSG00000278859,91993255,91992833,422
ENSG00000242248,92161889,92161106,783
ENSG00000241458,138474361,138473744,617
ENSG00000178125,67056604,66964099,92505
ENSG00000274353,131822920,131821987,933
ENSG00000285869,19337804,19334011,3793
ENSG00000228833,149757895,149757797,98
ENSG00000235547,92336496,92336032,464
ENSG00000223377,149758295,149758021,274
ENSG00000229203,131832031,131829801,2230
ENSG00000259925,19401693,19343647,58046
ENSG00000255750,26319720,26230819,88901
ENSG00000231694,149760874,149760779,95
ENSG00000280265,19393468,19392213,1255
ENSG00000236063,31779696,31763228,16468
ENSG00000257780,54610462,54608187,2275
ENSG00000188185,39793092,39733632,59460
ENSG00000272642,127223449,127188885,34564
ENSG00000232760,131836532,131833783,2749
ENSG00000270797,39789304,39788967,337
ENSG00000235254,149771368,149768897,2471
ENSG00000228730,190698848,190697923,925
ENSG00000253605,141460031,141459075,956
ENSG00000226807,141507230,141433829,73401
ENSG00000232610,190716399,190714811,1588
ENSG00000244337,131965535,131958277,7258
ENSG00000234380,34784886,34745757,39129
ENSG00000235615,131979873,131964731,15142
ENSG00000100652,69797241,69775416,21825
ENSG00000132825,59940305,59936663,3642
ENSG00000213512,89176009,89131742,44267
ENSG00000171116,149776867,149774068,2799
ENSG00000260483,75023256,75022980,276
ENSG00000278665,28601881,28599241,2640
ENSG00000260970,119524125,119495375,28750
ENSG00000111799,75206053,75084326,121727
ENSG00000123584,149787737,149781930,5807
ENSG00000261432,119937832,119935053,2779
ENSG00000225960,119974322,119973094,1228
ENSG00000162645,89150456,89106132,44324
ENSG00000236485,131994161,131983937,10224
ENSG00000070010,19479202,19449911,29291
ENSG00000122483,93278730,93179919,98811
ENSG00000283526,131558620,131545514,13106
ENSG00000135413,54634895,54630811,4084
ENSG00000250074,10268231,10267895,336
ENSG00000267091,36498159,36496916,1243
ENSG00000250505,10285708,10284961,747
ENSG00000279204,159108617,159106380,2237
ENSG00000245812,159117478,159100483,16995
ENSG00000231635,98207724,98206151,1573
ENSG00000175697,120285094,120164645,120449
ENSG00000250869,67135911,67133554,2357
ENSG00000168658,98313299,98087116,226183
ENSG00000251278,10292708,10292195,513
ENSG00000104218,67196263,67062426,133837
ENSG00000214147,190832173,190830965,1208
ENSG00000226220,39797911,39796593,1318
ENSG00000251338,10295579,10294463,1116
ENSG00000152953,5500994,5051480,449514
ENSG00000276721,21833621,21833516,105
ENSG00000233692,31923909,31916635,7274
ENSG00000196666,47589194,47586693,2501
ENSG00000226886,132037993,132037787,206
ENSG00000233225,39834718,39833571,1147
ENSG00000231543,31927861,31879966,47895
ENSG00000224732,149809155,149808214,941
ENSG00000237251,39868140,39816549,51591
ENSG00000271179,132080755,132080290,465
ENSG00000229829,149817644,149817170,474
ENSG00000250613,10411644,10410996,648
ENSG00000175741,39855056,39854494,562
ENSG00000225594,132102564,132087289,15275
ENSG00000231198,39833793,39833286,507
ENSG00000256591,61485822,61429220,56602
ENSG00000280752,149879799,149825708,54091
ENSG00000230899,149881070,149878836,2234
ENSG00000172247,47594411,47589667,4744
ENSG00000205835,190892429,190852877,39552
ENSG00000196436,74392080,74377878,14202
ENSG00000271959,141437954,141434545,3409
ENSG00000227745,132139429,132132856,6573
ENSG00000232163,23374061,23373423,638
ENSG00000151835,23433740,23328826,104914
ENSG00000153012,25030946,24998847,32099
ENSG00000156009,149885835,149881141,4694
ENSG00000259826,39949755,39947522,2233
ENSG00000283647,14791158,14790635,523
ENSG00000273409,127337033,127271029,66004
ENSG00000276822,74393183,74393076,107
ENSG00000159189,22648110,22643633,4477
ENSG00000224586,28534952,28525925,9027
ENSG00000244244,92498935,92498152,783
ENSG00000161634,54648493,54644591,3902
ENSG00000254705,92408176,92400191,7985
ENSG00000159398,55956031,55846154,109877
ENSG00000167985,61447529,61430042,17487
ENSG00000165323,92896470,92352096,544374
ENSG00000283235,176199295,176173345,25950
ENSG00000113525,132556838,132541445,15393
ENSG00000285476,176126959,176063748,63211
ENSG00000163734,74038807,74036589,2218
ENSG00000240882,120307952,120306726,1226
ENSG00000198454,136971990,136969243,2747
ENSG00000229558,23428869,23418971,9898
ENSG00000079950,132513198,132445867,67331
ENSG00000283529,49441654,49318337,123317
ENSG00000248848,74055399,74054038,1361
ENSG00000251017,74086672,74085995,677
ENSG00000163428,120349354,120324509,24845
ENSG00000278576,88592408,88589231,3177
ENSG00000177410,49295738,49278178,17560
ENSG00000173369,22661637,22652762,8875
ENSG00000165521,88792752,88612431,180321
ENSG00000253582,106657548,106520474,137074
ENSG00000198704,28528215,28503296,24919
ENSG00000232377,143964156,143937073,27083
ENSG00000140839,74421953,74408270,13683
ENSG00000269553,35331920,35330843,1077
ENSG00000223442,132664272,132630589,33683
ENSG00000163950,1712344,1692731,19613
ENSG00000240724,102504137,102503753,384
ENSG00000260262,837224,836512,712
ENSG00000188120,23199094,23129355,69739
ENSG00000253633,102538668,102528740,9928
ENSG00000225029,31272128,31268956,3172
ENSG00000228964,31350932,31262912,88020
ENSG00000286205,846294,843963,2331
ENSG00000251177,69585527,69572391,13136
ENSG00000282950,120368326,120365993,2333
ENSG00000125347,132490777,132481609,9168
ENSG00000279632,61427325,61426448,877
ENSG00000163430,120450993,120392293,58700
ENSG00000255506,92766867,92748732,18135
ENSG00000249255,92367250,92366496,754
ENSG00000188451,158242797,158237336,5461
ENSG00000261501,121872848,121870583,2265
ENSG00000229303,45436660,45436121,539
ENSG00000162148,61490931,61481120,9811
ENSG00000238019,158398561,158397885,676
ENSG00000197847,65242757,65213840,28917
ENSG00000249363,145729349,145728360,989
ENSG00000130338,158511828,158232236,279592
ENSG00000269445,38528555,38526954,1601
ENSG00000186314,145835369,145471799,363570
ENSG00000268055,38537128,38535517,1611
ENSG00000188729,191265615,191199241,66374
ENSG00000243918,122662438,122660613,1825
ENSG00000196218,38587564,38433699,153865
ENSG00000254812,143633756,143632071,1685
ENSG00000183309,143656418,143636013,20405
ENSG00000132182,13420322,13316235,104087
ENSG00000225297,93199939,93199755,184
ENSG00000117500,93180516,93149742,30774
ENSG00000217228,52778347,52765280,13067
ENSG00000233308,191234605,191213291,21314
ENSG00000279573,67957291,67955314,1977
ENSG00000279880,67976072,67973934,2138
ENSG00000225343,132519295,132518830,465
ENSG00000198732,70032366,69854131,178235
ENSG00000233527,36594708,36573070,21638
ENSG00000271737,134005562,134005147,415
ENSG00000271128,134082040,134081914,126
ENSG00000166523,8540963,8533305,7658
ENSG00000187609,137423211,137306896,116315
ENSG00000175054,142578733,142449235,129498
ENSG00000164749,75566843,75407914,158929
ENSG00000163046,132257969,132147591,110378
ENSG00000161298,36634114,36604817,29297
ENSG00000242613,120389315,120388029,1286
ENSG00000240661,120423826,120349449,74377
ENSG00000229567,93279129,93278961,168
ENSG00000237003,93191060,93190740,320
ENSG00000155087,102561018,102551589,9429
ENSG00000117505,93369493,93345907,23586
ENSG00000136449,50531501,50508384,23117
ENSG00000263464,149584464,149583865,599
ENSG00000166478,9528524,9460319,68205
ENSG00000169340,20404737,20359170,45567
ENSG00000214243,76650897,76650401,496
ENSG00000285666,76903041,76818377,84664
ENSG00000128607,130135705,130070534,65171
ENSG00000228629,36535235,36528318,6917
ENSG00000231183,76919191,76902491,16700
ENSG00000185608,19436075,19431902,4173
ENSG00000186020,36605276,36534774,70502
ENSG00000242071,69886140,69885340,800
ENSG00000261061,81031485,81030770,715
ENSG00000237338,46152647,46151614,1033
ENSG00000166454,81047350,81035842,11508
ENSG00000160282,46155579,46136262,19317
ENSG00000138741,121952060,121874481,77579
ENSG00000231138,123777749,123776670,1079
ENSG00000234677,123931597,123913574,18023
ENSG00000263237,20391164,20385957,5207
ENSG00000149532,61430031,61402641,27390
ENSG00000121898,123940267,123706207,234060
ENSG00000223745,93346025,93262186,83839
ENSG00000273300,19454605,19454179,426
ENSG00000257634,54687434,54682973,4461
ENSG00000270858,54803589,54802746,843
ENSG00000100084,19447450,19330698,116752
ENSG00000041880,51948867,51942345,6522
ENSG00000143919,44772592,44361947,410645
ENSG00000261170,74435254,74422120,13134
ENSG00000254004,36528271,36510687,17584
ENSG00000166451,81033114,81006498,26616
ENSG00000285923,108666246,108661533,4713
ENSG00000158747,19658456,19596979,61477
ENSG00000284842,149677740,149675205,2535
ENSG00000284964,149608516,149607467,1049
ENSG00000234232,149747818,149676851,70967
ENSG00000078018,209734118,209424058,310060
ENSG00000196547,90922584,90902218,20366
ENSG00000213149,110859147,110858239,908
ENSG00000275557,149612402,149607765,4637
ENSG00000000003,100639991,100627109,12882
ENSG00000277147,149705716,149606334,99382
ENSG00000165837,45615739,45534522,81217
ENSG00000100722,88627596,88562970,64626
ENSG00000274023,158428379,158282841,145538
ENSG00000145888,151924842,151822513,102329
ENSG00000081041,74099196,74097040,2156
ENSG00000238160,132426714,132419416,7298
ENSG00000197536,132488702,132410636,78066
ENSG00000232786,45553136,45552863,273
ENSG00000136152,45536701,45464898,71803
ENSG00000124201,49278426,49237946,40480
ENSG00000172551,54896008,54830518,65490
ENSG00000248783,12574637,12553890,20747
ENSG00000141750,39225945,39210541,15404
ENSG00000251112,12794731,12794100,631
ENSG00000248131,12804363,12574857,229506
ENSG00000234109,99048319,99047639,680
ENSG00000156515,69401884,69269984,131900
ENSG00000236818,99013952,99013103,849
ENSG00000249053,12795522,12794731,791
ENSG00000248457,13032886,12914068,118818
ENSG00000172987,99235862,98457077,778785
ENSG00000278415,54562282,54545136,17146
ENSG00000113522,132646349,132556019,90330
ENSG00000237110,132539336,132538290,1046
ENSG00000241534,31934271,31927837,6434
ENSG00000146385,132553721,132552693,1028
ENSG00000244327,142472337,142465315,7022
ENSG00000242479,142452149,142450102,2047
ENSG00000235998,132559265,132559024,241
ENSG00000125872,6054049,6040778,13271
ENSG00000254789,15622403,15571819,50584
ENSG00000105374,51372701,51371606,1095
ENSG00000235703,150224580,149938628,285952
ENSG00000254946,15591098,15552855,38243
ENSG00000173193,122730840,122680839,50001
ENSG00000253312,43251858,43251711,147
ENSG00000253186,43254089,43253732,357
ENSG00000283463,149931287,149929645,1642
ENSG00000105370,51387960,51379909,8051
ENSG00000253716,143281690,143280161,1529
ENSG00000183171,150116520,150114378,2142
ENSG00000197021,149938700,149929527,9173
ENSG00000037757,13774282,13764522,9760
ENSG00000270978,151850791,151848886,1905
ENSG00000271607,110864451,110863860,591
ENSG00000226705,6294684,6293100,1584
ENSG00000225726,77072237,77071751,486
ENSG00000215244,6335982,6277687,58295
ENSG00000186704,77004308,76978617,25691
ENSG00000254591,127657877,127657568,309
ENSG00000231087,76969250,76968197,1053
ENSG00000233448,77043776,77039944,3832
ENSG00000254612,127941654,127940913,741
ENSG00000242435,77005774,77004662,1112
ENSG00000060339,68792377,68721012,71365
ENSG00000225703,76976961,76972679,4282
ENSG00000273415,128183554,128096042,87512
ENSG00000134186,108702928,108692310,10618
ENSG00000186088,77416349,77310751,105598
ENSG00000272575,128241441,128208749,32692
ENSG00000253620,64320,64091,229
ENSG00000165197,15384413,15345596,38817
ENSG00000232040,28616212,28570535,45677
ENSG00000181163,171411137,171387116,24021
ENSG00000262874,51390591,51388289,2302
ENSG00000107263,131740074,131576770,163304
ENSG00000146383,132571359,132570322,1037
ENSG00000267633,13774118,13772118,2000
ENSG00000158445,49484297,49293394,190903
ENSG00000264450,40863282,40850800,12482
ENSG00000135569,132589686,132588673,1013
ENSG00000258860,35363628,35362232,1396
ENSG00000229345,95606326,95599438,6888
ENSG00000263243,40867210,40861303,5907
ENSG00000268144,51403526,51396755,6771
ENSG00000253606,43271960,43270198,1762
ENSG00000268889,51403650,51394488,9162
ENSG00000246350,28591747,28587378,4369
ENSG00000240023,35389069,35388121,948
ENSG00000279728,6716361,6712596,3765
ENSG00000253896,79775,72601,7174
ENSG00000183549,20441336,20409534,31802
ENSG00000234713,43276823,43276270,553
ENSG00000249476,109326369,109237120,89249
ENSG00000273212,19456962,19456503,459
ENSG00000214787,60243137,60200270,42867
ENSG00000227358,95653266,95652912,354
ENSG00000228142,95715718,95650154,65564
ENSG00000185561,1710377,1702816,7561
ENSG00000213706,71352988,71352418,570
ENSG00000132356,40798374,40759379,38995
ENSG00000253707,43284806,43284626,180
ENSG00000280164,6725209,6721812,3397
ENSG00000124228,49244077,49219295,24782
ENSG00000204745,87196629,87125198,71431
ENSG00000198961,109409974,109334713,75261
ENSG00000282591,77686,76163,1523
ENSG00000270136,19656927,19597067,59860
ENSG00000226611,18096202,18080681,15521
ENSG00000282137,94974,94062,912
ENSG00000010318,52423641,52410660,12981
ENSG00000188958,191330536,191267168,63368
ENSG00000225895,18108102,18105314,2788
ENSG00000243696,52835729,52813282,22447
ENSG00000176349,1849931,1838586,11345
ENSG00000267310,106077,99175,6902
ENSG00000213145,105488947,105486317,2630
ENSG00000233786,132263042,132262328,714
ENSG00000229196,130142615,130141731,884
ENSG00000233120,18117695,18116527,1168
ENSG00000002822,2233243,1815793,417450
ENSG00000261141,81056426,81055301,1125
ENSG00000230803,132294377,132285795,8582
ENSG00000239799,52825314,52823935,1379
ENSG00000260643,81096296,81053587,42709
ENSG00000176695,117102,107104,9998
ENSG00000255497,43314200,43313948,252
ENSG00000110079,60317944,60185702,132242
ENSG00000248592,52897562,52833121,64441
ENSG00000188877,43363518,43292483,71035
ENSG00000018607,132318736,132309309,9427
ENSG00000262995,20447000,20440266,6734
ENSG00000272769,132347297,132345616,1681
ENSG00000230992,132353318,132352722,596
ENSG00000284512,81096284,81022316,73968
ENSG00000248145,13179572,13175846,3726
ENSG00000235185,19596832,19591802,5030
ENSG00000242608,13250662,13250235,427
ENSG00000166455,81077267,81053497,23770
ENSG00000226396,19608568,19608114,454
ENSG00000102362,100732123,100674491,57632
ENSG00000232744,18123799,18121195,2604
ENSG00000077549,19485539,19338775,146764
ENSG00000232977,23487464,23466571,20893
ENSG00000259661,90921186,90920218,968
ENSG00000244646,18137029,18128610,8419
ENSG00000150551,132671579,132644853,26726
ENSG00000232420,86265,80394,5871
ENSG00000267792,145812,145485,327
ENSG00000248462,13553966,13553654,312
ENSG00000055955,52830739,52812975,17764
ENSG00000261838,81076598,81069854,6744
ENSG00000232349,132489088,132488554,534
ENSG00000230065,132666990,132660526,6464
ENSG00000286221,81006894,80828736,178158
ENSG00000183840,132646582,132416805,229777
ENSG00000253382,102622331,102621509,822
ENSG00000153046,4955551,4706159,249392
ENSG00000133657,194498364,194402672,95692
ENSG00000278985,80984094,80982319,1775
ENSG00000152492,191398659,191329085,69574
ENSG00000220695,100531052,100530276,776
ENSG00000232266,31951076,31950783,293
ENSG00000112249,100881372,100508194,373178
ENSG00000103121,81020270,80966448,53822
ENSG00000232045,31964716,31946781,17935
ENSG00000165120,130216844,130206344,10500
ENSG00000070669,97872542,97851677,20865
ENSG00000249764,98713971,98713804,167
ENSG00000227118,98741231,98740742,489
ENSG00000240571,130205361,130173718,31643
ENSG00000229108,15695491,15688378,7113
ENSG00000225974,15690854,15689075,1779
ENSG00000279998,6812297,6789592,22705
ENSG00000146842,130207770,130164713,43057
ENSG00000257341,105492267,105487199,5068
ENSG00000102359,100675788,100644195,31593
ENSG00000214439,77122116,77083787,38329
ENSG00000234852,31884173,31881788,2385
ENSG00000186645,77030572,77024691,5881
ENSG00000205482,77060512,77052785,7727
ENSG00000127951,77199848,77193369,6479
ENSG00000237449,132595436,132594398,1038
ENSG00000233613,113476135,113468901,7234
ENSG00000182150,96014571,95875701,138870
ENSG00000150401,113490951,113455819,35132
ENSG00000250990,77258123,77246340,11783
ENSG00000283398,76978658,76960571,18087
ENSG00000282916,92915604,92914272,1332
ENSG00000255127,92931322,92914603,16719
ENSG00000259628,77198626,77043721,154905
ENSG00000171121,179267002,179236691,30311
ENSG00000226187,31704573,31703097,1476
ENSG00000213542,77116192,77115399,793
ENSG00000236280,76968518,76968346,172
ENSG00000135205,77329533,77122434,207099
ENSG00000255287,92937666,92937441,225
ENSG00000254874,92966603,92965797,806
ENSG00000134640,92985066,92969720,15346
ENSG00000241822,31701354,31697642,3712
ENSG00000254193,150728,150584,144
ENSG00000253612,155481,155274,207
ENSG00000176269,167043,166049,994
ENSG00000235302,31708565,31706117,2448
ENSG00000232000,15146401,14921013,225388
ENSG00000258880,31708679,31697661,11018
ENSG00000257331,45065351,45063473,1878
ENSG00000257572,45072843,45071769,1074
ENSG00000185347,105499575,105489855,9720
ENSG00000257319,45103107,45050901,52206
ENSG00000185610,45051099,45014672,36427
ENSG00000214110,14922334,14921337,997
ENSG00000179073,132609302,132608225,1077
ENSG00000234297,15056052,15055057,995
ENSG00000215237,15019729,14993312,26417
ENSG00000146378,132624275,132617022,7253
ENSG00000255464,200562,200385,177
ENSG00000143107,108742742,108712908,29834
ENSG00000065883,40099580,39950121,149459
ENSG00000253166,202897,202660,237
ENSG00000263057,40885227,40875941,9286
ENSG00000146399,132646003,132644984,1019
ENSG00000218194,132675383,132674885,498
ENSG00000240429,179261273,179259028,2245
ENSG00000121879,179240093,179148114,91979
ENSG00000236336,4775408,4774526,882
ENSG00000218991,132699667,132698783,884
ENSG00000112299,132714055,132680849,33206
ENSG00000261244,77922019,77916522,5497
ENSG00000284823,4724885,4714098,10787
ENSG00000226500,149754710,149754301,409
ENSG00000260776,77926846,77914217,12629
ENSG00000229465,18149008,18147884,1124
ENSG00000183530,31750140,31676256,73884
ENSG00000235513,41217627,41209122,8505
ENSG00000266971,157215,156279,936
ENSG00000233058,194518279,194487454,30825
ENSG00000204420,31726714,31718594,8120
ENSG00000231311,18176484,18161366,15118
ENSG00000282535,177913,176896,1017
ENSG00000244675,194501503,194496317,5186
ENSG00000241350,77015853,77011551,4302
ENSG00000268926,95776282,95772323,3959
ENSG00000265479,77043775,76959835,83940
ENSG00000236599,18179260,18178932,328
ENSG00000271483,194472085,194471923,162
ENSG00000100395,41231271,41205282,25989
ENSG00000175611,95875977,95759231,116746
ENSG00000232899,18184414,18182835,1579
ENSG00000223508,232231,213186,19045
ENSG00000232971,108734725,108734256,469
ENSG00000272240,234887,234347,540
ENSG00000281379,195696,186373,9323
ENSG00000169087,122793831,122739999,53832
ENSG00000172748,264703,232137,32566
ENSG00000237631,95918704,95918136,568
ENSG00000282059,195595,193239,2356
ENSG00000229302,18277495,18276607,888
ENSG00000278955,6897263,6858539,38724
ENSG00000240861,74552746,74552251,495
ENSG00000171159,128163924,128160265,3659
ENSG00000090863,74607144,74447427,159717
ENSG00000102010,15556529,15464246,92283
ENSG00000255801,8567613,8548361,19252
ENSG00000248294,57614341,57574027,40314
ENSG00000249436,57617431,57614389,3042
ENSG00000278351,45256726,45256473,253
ENSG00000262487,40976053,40921430,54623
ENSG00000249198,57751717,57751192,525
ENSG00000134297,45216041,45173064,42977
ENSG00000249584,57899162,57890327,8835
ENSG00000164054,48504826,48467798,37028
ENSG00000140905,81096425,81081938,14487
ENSG00000263309,40937634,40922696,14938
ENSG00000248132,58122341,58108082,14259
ENSG00000286192,2242215,1815804,426411
ENSG00000106976,128255248,128191655,63593
ENSG00000122687,2242198,2234231,7967
ENSG00000177119,45440404,45215987,224417
ENSG00000248271,58161752,58161197,555
ENSG00000188747,137434406,137423350,11056
ENSG00000282051,200775,197961,2814
ENSG00000282339,201174,200499,675
ENSG00000282416,198066,197310,756
ENSG00000282508,239440,198264,41176
ENSG00000281195,71376320,71373938,2382
ENSG00000075292,71435069,71276561,158508
ENSG00000268403,9460702,9459556,1146
ENSG00000100906,35404749,35401511,3238
ENSG00000226473,47940218,47939738,480
ENSG00000247240,74481302,74461265,20037
ENSG00000230773,48314206,47924181,390025
ENSG00000234290,132473043,132468890,4153
ENSG00000283782,132646079,132410832,235247
ENSG00000243067,32801905,32766454,35451
ENSG00000275397,36601768,36592761,9007
ENSG00000261775,74516959,74489602,27357
ENSG00000260103,74490286,74478070,12216
ENSG00000275423,47990526,47989625,901
ENSG00000224862,30926645,30918008,8637
ENSG00000169194,132661110,132656263,4847
ENSG00000137673,102530750,102520508,10242
ENSG00000280758,128631685,128630328,1357
ENSG00000227759,128652145,128650998,1147
ENSG00000270195,1715945,1712821,3124
ENSG00000013810,1745176,1712891,32285
ENSG00000213533,52897548,52836219,61329
ENSG00000197694,128633662,128552558,81104
ENSG00000271586,44601487,44601032,455
ENSG00000226834,31302238,31301504,734
ENSG00000173436,19629821,19484403,145418
ENSG00000188833,137441816,137434364,7452
ENSG00000206435,31265564,31262172,3392
ENSG00000148248,133376166,133361450,14716
ENSG00000280020,32180074,32178946,1128
ENSG00000247675,46874396,46846412,27984
ENSG00000134569,46918642,46856717,61925
ENSG00000232032,97908424,97908256,168
ENSG00000051009,6234711,6211335,23376
ENSG00000285725,97970404,97966377,4027
ENSG00000272573,52835019,52833114,1905
ENSG00000237818,97899115,97898347,768
ENSG00000262164,40967019,40958544,8475
ENSG00000087842,15493564,15384799,108765
ENSG00000226744,97870289,97870167,122
ENSG00000260213,81035759,81016792,18967
ENSG00000231859,97906822,97906429,393
ENSG00000231812,97886074,97885868,206
ENSG00000232097,97938794,97938439,355
ENSG00000229197,69300817,69300432,385
ENSG00000185710,21919156,21879338,39818
ENSG00000243554,97972254,97969005,3249
ENSG00000100399,41240931,41229510,11421
ENSG00000238228,97947998,97946987,1011
ENSG00000284627,97928300,97928082,218
ENSG00000236093,32802166,32801489,677
ENSG00000245059,81078861,81077319,1542
ENSG00000284707,97972985,97851688,121297
ENSG00000279144,52848553,52848085,468
ENSG00000235540,32768813,32766404,2409
ENSG00000232806,41562958,41559125,3833
ENSG00000260896,80892682,80826074,66608
ENSG00000183444,97967074,97966090,984
ENSG00000235828,15701752,15701435,317
ENSG00000286027,41582887,41580475,2412
ENSG00000175931,76453152,76389456,63696
ENSG00000223400,41581319,41576135,5184
ENSG00000227702,41697336,41679181,18155
ENSG00000180998,52637713,52552836,84877
ENSG00000175467,65980137,65961728,18409
ENSG00000236384,41715775,41711520,4255
ENSG00000174437,110351093,110280756,70337
ENSG00000173276,42010387,41986831,23556
ENSG00000235715,32767021,32763034,3987
ENSG00000138463,122881139,122795069,86070
ENSG00000238262,132285081,132284302,779
ENSG00000237654,131540867,131502759,38108
ENSG00000273611,36499310,36486629,12681
ENSG00000185864,21880827,21834569,46258
ENSG00000224795,131663583,131662131,1452
ENSG00000238117,131897108,131877680,19428
ENSG00000271271,69639642,69589309,50333
ENSG00000224700,131984661,131981096,3565
ENSG00000271624,131771638,131770795,843
ENSG00000119777,27041694,27032910,8784
ENSG00000182667,132336822,131370478,966344
ENSG00000256006,18406731,18405609,1122
ENSG00000173610,69653249,69588417,64832
ENSG00000073605,39919854,39904595,15259
ENSG00000242931,76431124,76430417,707
ENSG00000134333,18408425,18394560,13865
ENSG00000259022,35430631,35430260,371
ENSG00000259439,44939199,44921077,18122
ENSG00000224184,12578348,11848622,729726
ENSG00000232086,70712863,70708047,4816
ENSG00000237232,42024924,42009194,15730
ENSG00000224437,70917501,70916997,504
ENSG00000278957,44928396,44927914,482
ENSG00000083067,71446904,70529063,917841
ENSG00000234564,124205806,124204499,1307
ENSG00000285706,98807564,98798466,9098
ENSG00000236880,124688838,124688504,334
ENSG00000232054,124281422,124280530,892
ENSG00000259017,35447625,35447003,622
ENSG00000212743,6352762,6350316,2446
ENSG00000259105,35469330,35468272,1058
ENSG00000259365,101117546,101116603,943
ENSG00000258783,35513089,35511825,1264
ENSG00000282419,124336862,124246249,90613
ENSG00000120705,138543236,138506095,37141
ENSG00000259182,101170821,101168530,2291
ENSG00000009694,124963817,124375903,587914
ENSG00000166928,60417756,60378530,39226
ENSG00000254226,152270448,151949571,320877
ENSG00000273402,237669,237045,624
ENSG00000215450,47161700,47160838,862
ENSG00000272812,233692,233119,573
ENSG00000236028,46901726,46901143,583
ENSG00000254104,264672,264315,357
ENSG00000271440,28633594,28633381,213
ENSG00000235570,28649066,28648286,780
ENSG00000064655,47188844,46894624,294220
ENSG00000257738,45201551,45200817,734
ENSG00000082929,5527801,5524569,3232
ENSG00000282412,15971302,15970173,1129
ENSG00000232367,32776296,32767527,8769
ENSG00000276914,15973769,15950862,22907
ENSG00000144191,98398601,98346155,52446
ENSG00000264958,30542416,30529688,12728
ENSG00000137674,102625332,102576832,48500
ENSG00000280172,6899280,6897291,1989
ENSG00000143457,150697154,150646230,50924
ENSG00000104979,13778773,13774456,4317
ENSG00000204421,31721746,31718648,3098
ENSG00000131873,101252048,101175727,76321
ENSG00000242807,93052827,93052395,432
ENSG00000231911,28659467,28658987,480
ENSG00000237868,122078318,122077840,478
ENSG00000229716,8831375,8831007,368
ENSG00000278892,93072031,93071529,502
ENSG00000168936,1721358,1715952,5406
ENSG00000279304,93134164,93133855,309
ENSG00000127564,2980479,2968024,12455
ENSG00000249628,1504424,1500525,3899
ENSG00000279751,6906692,6904884,1808
ENSG00000213218,63873766,63872012,1754
ENSG00000279313,6997737,6994374,3363
ENSG00000223812,191591097,191425526,165571
ENSG00000178163,10457426,10439880,17546
ENSG00000256916,102628070,102606916,21154
ENSG00000280018,6997765,6986450,11315
ENSG00000197858,144086216,144082590,3626
ENSG00000253548,191461456,191461163,293
ENSG00000248867,109449063,109448349,714
ENSG00000170802,48379295,48314637,64658
ENSG00000271754,43519724,43519180,544
ENSG00000065675,6580301,6427143,153158
ENSG00000154262,69141895,69078702,63193
ENSG00000222000,98356005,98331389,24616
ENSG00000277161,36539310,36534987,4323
ENSG00000171453,43562419,43509702,52717
ENSG00000227987,98351140,98346995,4145
ENSG00000223819,100800784,100800303,481
ENSG00000241634,108543875,108543367,508
ENSG00000234175,13139533,13139196,337
ENSG00000100678,70189070,70044217,144853
ENSG00000278259,36543435,36495633,47802
ENSG00000111540,55996683,55973913,22770
ENSG00000106330,100615384,100612102,3282
ENSG00000186594,1717174,1711493,5681
ENSG00000122705,36304781,36190856,113925
ENSG00000166926,60396596,60334831,61765
ENSG00000149090,35530300,35431823,98477
ENSG00000132205,2916003,2847006,68997
ENSG00000285980,131581145,131546662,34483
ENSG00000103599,67502260,67254786,247474
ENSG00000233671,87222488,87221113,1375
ENSG00000237425,28732904,28732017,887
ENSG00000235559,28784004,28783633,371
ENSG00000281477,87253750,87249095,4655
ENSG00000225173,28839006,28837869,1137
ENSG00000271097,87302251,87301658,593
ENSG00000225595,28864630,28859625,5005
ENSG00000166927,60395951,60378485,17466
ENSG00000226532,124326258,124326175,83
ENSG00000233999,87339035,87338511,524
ENSG00000267361,69095499,69094289,1210
ENSG00000213916,28862047,28861416,631
ENSG00000224881,87380767,87379880,887
ENSG00000233366,28889906,28888832,1074
ENSG00000162415,45306209,45016399,289810
ENSG00000276431,30170091,30169881,210
ENSG00000272911,2688960,2688473,487
ENSG00000224157,28897322,28896530,792
ENSG00000243744,13638381,13637919,462
ENSG00000227893,23502874,23498796,4078
ENSG00000228869,45672391,45671845,546
ENSG00000104140,40874234,40872214,2020
ENSG00000225952,22836849,22835713,1136
ENSG00000231538,114833548,114828432,5116
ENSG00000133216,22921500,22710839,210661
ENSG00000127980,92528520,92487020,41500
ENSG00000230391,115468938,115468056,882
ENSG00000235026,115161343,115130935,30408
ENSG00000278613,69659159,69602550,56609
ENSG00000237876,45688469,45687548,921
ENSG00000235366,45701184,45680184,21000
ENSG00000282445,16017400,16016803,597
ENSG00000175497,115845752,114442299,1403453
ENSG00000274798,40874595,40874433,162
ENSG00000238138,13460398,13460294,104
ENSG00000223398,13460889,13460424,465
ENSG00000253349,89823802,89823548,254
ENSG00000275103,89833564,89826593,6971
ENSG00000223815,60153505,60144698,8807
ENSG00000105499,48110817,48047843,62974
ENSG00000234315,45070429,45069977,452
ENSG00000145592,40835222,40825262,9960
ENSG00000281912,45305619,45303910,1709
ENSG00000249091,138281784,138277115,4669
ENSG00000248397,138312658,138298856,13802
ENSG00000125551,87758793,87748087,10706
ENSG00000139734,60163987,59665583,498404
ENSG00000251372,138424344,138309711,114633
ENSG00000249381,138436869,138425523,11346
ENSG00000248305,138482096,138481255,841
ENSG00000058335,79090773,78959947,130826
ENSG00000281655,102683913,102681310,2603
ENSG00000272663,48440597,48440043,554
ENSG00000248795,138561941,138560704,1237
ENSG00000250977,138665569,138664725,844
ENSG00000162654,89198942,89181144,17798
ENSG00000250501,138801639,138773550,28089
ENSG00000238116,100803060,100801188,1872
ENSG00000275320,100817174,100815865,1309
ENSG00000186603,45328533,45326905,1628
ENSG00000185304,87825952,87755960,69992
ENSG00000231003,31717471,31709355,8116
ENSG00000250577,138924232,138923930,302
ENSG00000237493,55981035,55980432,603
ENSG00000278725,28604519,28602340,2179
ENSG00000250195,139012646,138819954,192692
ENSG00000167716,1738599,1716523,22076
ENSG00000101811,100840932,100820359,20573
ENSG00000137675,102705806,102691487,14319
ENSG00000124215,60034011,59958427,75584
ENSG00000284734,89207040,89198714,8326
ENSG00000284637,89203464,89203280,184
ENSG00000143452,150720895,150698060,22835
ENSG00000172057,39927601,39921041,6560
ENSG00000095739,28682932,28677510,5422
ENSG00000254588,128530389,128526142,4247
ENSG00000134954,128587558,128458761,128797
ENSG00000215283,36304924,36303499,1425
ENSG00000237194,209809580,209808804,776
ENSG00000159921,36277056,36214441,62615
ENSG00000144406,209999300,209771993,227307
ENSG00000163517,13506424,13479724,26700
ENSG00000229379,15842360,15841297,1063
ENSG00000229604,87825143,87824942,201
ENSG00000234231,87738105,87700984,37121
ENSG00000214354,87566764,87565828,936
ENSG00000131584,1309609,1292390,17219
ENSG00000273445,87478034,87477495,539
ENSG00000284879,87767359,87455476,311883
ENSG00000225933,87655243,87654890,353
ENSG00000203814,149812373,149782689,29684
ENSG00000280721,87459044,87439523,19521
ENSG00000263923,98994994,98928897,66097
ENSG00000179967,139115374,139114930,444
ENSG00000151014,139045939,139015781,30158
ENSG00000249055,98909848,98909537,311
ENSG00000251437,98977117,98976800,317
ENSG00000214886,98956767,98955982,785
ENSG00000214646,77944582,77941442,3140
ENSG00000222041,87636740,87454781,181959
ENSG00000151247,98930637,98871684,58953
ENSG00000150337,149792518,149782671,9847
ENSG00000235824,28796113,28789188,6925
ENSG00000010319,52445085,52433053,12032
ENSG00000259673,67521844,67403619,118225
ENSG00000232624,28941910,28743506,198404
ENSG00000231799,89450754,89449558,1196
ENSG00000225460,89472692,89472237,455
ENSG00000109381,139177218,139028112,149106
ENSG00000187764,89498130,89360787,137343
ENSG00000103591,67255195,67201033,54162
ENSG00000151726,184826818,184755595,71223
ENSG00000271220,28813139,28812899,240
ENSG00000229605,28899484,28898996,488
ENSG00000236716,28744663,28743745,918
ENSG00000250934,126291279,126266796,24483
ENSG00000251448,126294024,126288867,5157
ENSG00000261403,77963654,77954075,9579
ENSG00000116266,108809523,108746674,62849
ENSG00000279234,69607737,69605896,1841
ENSG00000196502,28623625,28605196,18429
ENSG00000179091,144097525,144095039,2486
ENSG00000127863,23676104,23570370,105734
ENSG00000233030,149793020,149785659,7361
ENSG00000132911,152433368,152391532,41836
ENSG00000227672,31274890,31273691,1199
ENSG00000225403,31282618,31281167,1451
ENSG00000269420,48064945,48061371,3574
ENSG00000257262,30217916,30200983,16933
ENSG00000135426,54984762,54948015,36747
ENSG00000257756,30296707,30230779,65928
ENSG00000258422,70230187,70187123,43064
ENSG00000284682,30307611,30306065,1546
ENSG00000257932,30321617,30320834,783
ENSG00000163884,126357408,126342635,14773
ENSG00000258202,30492302,30454919,37383
ENSG00000197782,40090938,40069152,21786
ENSG00000262791,1738585,1725748,12837
ENSG00000180773,93197991,93144174,53817
ENSG00000228945,18284761,18280178,4583
ENSG00000239207,138778810,138777832,978
ENSG00000123505,110895713,110874770,20943
ENSG00000051382,138834938,138652699,182239
ENSG00000233522,18353210,18326253,26957
ENSG00000249726,18389151,18386974,2177
ENSG00000277366,54269416,54268383,1033
ENSG00000217030,4979494,4979072,422
ENSG00000223661,32018166,32010892,7274
ENSG00000243570,32028527,32022093,6434
ENSG00000235925,31712606,31709409,3197
ENSG00000131650,2968383,2964216,4167
ENSG00000242634,67232837,67232446,391
ENSG00000189227,67530146,67521131,9015
ENSG00000147133,71532374,71366239,166135
ENSG00000251438,36392410,36311190,81220
ENSG00000197057,36345756,36281622,64134
ENSG00000251367,109467952,109467353,599
ENSG00000248876,109471586,109470843,743
ENSG00000254342,43372677,43372559,118
ENSG00000224683,16209265,16208945,320
ENSG00000279477,7007022,7003248,3774
ENSG00000214960,16421538,16087525,334013
ENSG00000228076,108767584,108766841,743
ENSG00000248440,109499108,109497877,1231
ENSG00000257368,45445438,45444766,672
ENSG00000263860,30551189,30550493,696
ENSG00000257657,45610620,45481871,128749
ENSG00000279431,30551802,30551193,609
ENSG00000134371,193254815,193121800,133015
ENSG00000273015,45727775,45718046,9729
ENSG00000214794,109589592,109588338,1254
ENSG00000250637,43452912,43442902,10010
ENSG00000235717,114835588,114833830,1758
ENSG00000163738,74303099,74114174,188925
ENSG00000173212,116135240,116111755,23485
ENSG00000127054,1324691,1311585,13106
ENSG00000132003,13832230,13795460,36770
ENSG00000239345,100856379,100855288,1091
ENSG00000007952,100874359,100843324,31035
ENSG00000229688,16270604,16210488,60116
ENSG00000239783,47072236,47071865,371
ENSG00000226769,46998488,46997596,892
ENSG00000103066,68261058,68245304,15754
ENSG00000255445,93152750,93152075,675
ENSG00000280379,93171906,93171134,772
ENSG00000204052,43510686,43506969,3717
ENSG00000119946,99394330,99329356,64974
ENSG00000145868,148442836,148383935,58901
ENSG00000122786,134970729,134744252,226477
ENSG00000128000,40056231,40028260,27971
ENSG00000177699,78985926,78978889,7037
ENSG00000267519,13842928,13823880,19048
ENSG00000171823,1594581,1565993,28588
ENSG00000104974,54602090,54593582,8508
ENSG00000164823,89927888,89901849,26039
ENSG00000228892,32185768,32175884,9884
ENSG00000118113,102727050,102711796,15254
ENSG00000111186,1647212,1529891,117321
ENSG00000124571,43576038,43522334,53704
ENSG00000234763,8388855,8341937,46918
ENSG00000267582,13796933,13796574,359
ENSG00000271849,109688329,109687802,527
ENSG00000278884,7025166,7020599,4567
ENSG00000231651,70455994,70452958,3036
ENSG00000285219,9294133,8435568,858565
ENSG00000266775,30558502,30557732,770
ENSG00000082458,70505490,70444835,60655
ENSG00000266733,30563493,30553502,9991
ENSG00000269296,40094406,40090754,3652
ENSG00000255181,143708109,143706694,1415
ENSG00000269749,40090925,40048757,42168
ENSG00000250274,170312716,170308701,4015
ENSG00000254574,143713584,143709007,4577
ENSG00000181097,143698413,143696154,2259
ENSG00000242950,92477986,92468380,9606
ENSG00000169692,136687457,136673143,14314
ENSG00000244055,92491610,92457564,34046
ENSG00000168876,94499578,94493979,5599
ENSG00000181135,143713898,143684452,29446
ENSG00000230927,92447813,92412550,35263
ENSG00000157259,92460075,92447482,12593
ENSG00000162630,193186654,193179045,7609
ENSG00000225452,32257219,32254782,2437
ENSG00000260441,68260443,68256162,4281
ENSG00000277067,7087229,7048891,38338
ENSG00000270453,92442489,92442077,412
ENSG00000235933,116166241,116164284,1957
ENSG00000214745,55962482,55961208,1274
ENSG00000242080,152496017,152495718,299
ENSG00000227486,56015173,55908123,107050
ENSG00000230791,31579655,31576870,2785
ENSG00000237653,191952826,191952349,477
ENSG00000232353,192036557,192029880,6677
ENSG00000258748,104137898,104137150,748
ENSG00000257408,21944987,21938865,6122
ENSG00000269559,74158373,74156511,1862
ENSG00000249484,153223543,152618965,604578
ENSG00000219188,158516229,158515605,624
ENSG00000274460,21951708,21950218,1490
ENSG00000242321,138797240,138796851,389
ENSG00000241429,138826329,138825063,1266
ENSG00000254069,43494762,43493937,825
ENSG00000253319,43512033,43511820,213
ENSG00000102349,56291531,56232356,59175
ENSG00000146433,158635428,158536436,98992
ENSG00000203865,116418622,116392247,26375
ENSG00000253418,43514421,43513643,778
ENSG00000254145,43539472,43539137,335
ENSG00000205683,72894116,72619296,274820
ENSG00000253748,43540927,43539973,954
ENSG00000280330,7130287,7129103,1184
ENSG00000111229,110450422,110434823,15599
ENSG00000163399,116410261,116372668,37593
ENSG00000237943,6616452,6580419,36033
ENSG00000258757,52641566,52640839,727
ENSG00000197930,52695900,52639915,55985
ENSG00000260681,19411662,19410729,933
ENSG00000249068,109840692,109840128,564
ENSG00000218226,158621636,158609706,11930
ENSG00000112893,109869625,109689366,180259
ENSG00000103534,19499113,19410496,88617
ENSG00000226560,32022117,31974264,47853
ENSG00000162073,2973489,2969245,4244
ENSG00000285020,28614884,28612131,2753
ENSG00000231018,131782813,131782570,243
ENSG00000235172,170333879,170331429,2450
ENSG00000236687,131820988,131816192,4796
ENSG00000150594,111080907,111077163,3744
ENSG00000267234,19402603,19401979,624
ENSG00000105953,44709066,44606572,102494
ENSG00000167491,19508931,19385826,123105
ENSG00000108819,50150677,50133737,16940
ENSG00000131871,101277500,101270817,6683
ENSG00000234135,56243409,56242937,472
ENSG00000213247,111105248,111104956,292
ENSG00000237618,111323397,111322778,619
ENSG00000229486,84018371,84015865,2506
ENSG00000227851,111352103,111349939,2164
ENSG00000230809,111498941,111498191,750
ENSG00000176659,60072953,60055925,17028
ENSG00000227422,30954477,30945549,8928
ENSG00000276093,60083872,60083360,512
ENSG00000178038,46693704,46668995,24709
ENSG00000236472,50146176,50135586,10590
ENSG00000168348,35537054,35534164,2890
ENSG00000226490,141518737,141514638,4099
ENSG00000186854,84907008,84821650,85358
ENSG00000255524,28658682,28637654,21028
ENSG00000223360,12605145,12598987,6158
ENSG00000101333,9481242,9068763,412479
ENSG00000261117,12716227,12715415,812
ENSG00000267227,15749315,15748703,612
ENSG00000233966,15704900,15704232,668
ENSG00000129673,76470117,76453351,16766
ENSG00000164076,49869935,49857988,11947
ENSG00000279512,133119052,133117004,2048
ENSG00000226953,133284762,133264968,19794
ENSG00000187607,15720787,15699577,21210
ENSG00000278192,6067897,6065966,1931
ENSG00000040933,98594390,98444854,149536
ENSG00000087088,48961798,48954815,6983
ENSG00000121578,119240946,119211732,29214
ENSG00000261419,28740781,28659696,81085
ENSG00000228721,132911261,132911096,165
ENSG00000184110,28735730,28688558,47172
ENSG00000223430,133558227,133554315,3912
ENSG00000232234,8343139,8102711,240428
ENSG00000176771,133568463,132671788,896675
ENSG00000225775,9161777,9124221,37556
ENSG00000274853,36609940,36602534,7406
ENSG00000285216,8760447,8158162,602285
ENSG00000124786,8435611,8411463,24148
ENSG00000258011,110430282,110429959,323
ENSG00000258210,110445548,110387463,58085
ENSG00000137207,43516985,43511832,5153
ENSG00000196510,110403730,110372900,30830
ENSG00000244502,13480053,13476982,3071
ENSG00000232413,126159613,126057580,102033
ENSG00000228392,126275918,126270121,5797
ENSG00000104142,40903975,40894450,9525
ENSG00000266208,40364693,40360655,4038
ENSG00000183153,40363815,40362931,884
ENSG00000034510,84906671,84905656,1015
ENSG00000071575,12742734,12716889,25845
ENSG00000236232,112375429,112374324,1105
ENSG00000230999,112373729,112372647,1082
ENSG00000198839,112343096,112206588,136508
ENSG00000282570,36635689,36635060,629
ENSG00000146013,138274621,138252380,22241
ENSG00000282028,36686111,36685736,375
ENSG00000279303,7137789,7135334,2455
ENSG00000282237,36727184,36723427,3757
ENSG00000253195,43544057,43542076,1981
ENSG00000279647,7388799,7385058,3741
ENSG00000253845,43673075,43672823,252
ENSG00000213400,84875020,84874696,324
ENSG00000259928,30565576,30564057,1519
ENSG00000276362,84851148,84850711,437
ENSG00000253198,43674591,43674270,321
ENSG00000174015,45714559,45702320,12239
ENSG00000231870,30571748,30567700,4048
ENSG00000066735,104180894,104138723,42171
ENSG00000253425,46550802,46549089,1713
ENSG00000285936,72704280,72701762,2518
ENSG00000229369,127300982,127300093,889
ENSG00000187556,13880757,13862063,18694
ENSG00000271833,127367397,127366770,627
ENSG00000251161,40910337,40906811,3526
ENSG00000138083,44946071,44941702,4369
ENSG00000136895,127393660,127224265,169395
ENSG00000223966,70730856,70726040,4816
ENSG00000279895,7425839,7421442,4397
ENSG00000233293,32573888,32561093,12795
ENSG00000277301,32520285,32509959,10326
ENSG00000234770,27589073,27560274,28799
ENSG00000228156,32593900,32581963,11937
ENSG00000236502,44941873,44940154,1719
ENSG00000236772,32453607,32449755,3852
ENSG00000232474,133433897,133431666,2231
ENSG00000248498,46638886,46579213,59673
ENSG00000230183,56007176,56005715,1461
ENSG00000286068,132816896,132685224,131672
ENSG00000233729,132931494,132915557,15937
ENSG00000265273,31963618,31962178,1440
ENSG00000197183,32585074,32443059,142015
ENSG00000225156,44968762,44954664,14098
ENSG00000234825,150232896,150231075,1821
ENSG00000231848,44996873,44996413,460
ENSG00000257057,94532123,94512432,19691
ENSG00000013619,150514178,150361422,152756
ENSG00000215120,71530225,71527814,2411
ENSG00000243468,71492928,71491682,1246
ENSG00000250462,30637466,30629680,7786
ENSG00000065717,3047635,2997639,49996
ENSG00000120053,99430624,99396870,33754
ENSG00000213018,71420514,71420083,431
ENSG00000229601,71414086,71413834,252
ENSG00000285201,84065031,84038529,26502
ENSG00000271576,84077931,84076331,1600
ENSG00000231421,30577000,30573471,3529
ENSG00000249851,138267757,138266996,761
ENSG00000214401,46196723,46193576,3147
ENSG00000232401,41717580,41716436,1144
ENSG00000188021,56567868,56563639,4229
ENSG00000230105,56624458,56618391,6067
ENSG00000273609,30617790,30617680,110
ENSG00000264943,30625494,30624413,1081
ENSG00000232922,112374250,112373733,517
ENSG00000120071,46225389,46029916,195473
ENSG00000226851,112409623,112328189,81434
ENSG00000248121,30615980,30600796,15184
ENSG00000258913,104288069,104223584,64485
ENSG00000133704,30695869,30628988,66881
ENSG00000120885,27615031,27596917,18114
ENSG00000214719,30672789,30576464,96325
ENSG00000183598,149813681,149813271,410
ENSG00000100867,23645639,23630115,15524
ENSG00000181924,73876901,73872667,4234
ENSG00000203811,149841193,149839538,1655
ENSG00000170577,45009452,45005182,4270
ENSG00000270882,149839767,149832659,7108
ENSG00000251330,148430807,148430159,648
ENSG00000228290,84709578,84687712,21866
ENSG00000197180,154428479,154424380,4099
ENSG00000276077,7469007,7430659,38348
ENSG00000270992,130262770,130255902,6868
ENSG00000112837,84764598,84687351,77247
ENSG00000103061,68310946,68284503,26443
ENSG00000175575,73931124,73876699,54425
ENSG00000204393,32608893,32564992,43901
ENSG00000171100,150673322,150568619,104703
ENSG00000225649,13007013,12966784,40229
ENSG00000251139,184821300,184813619,7681
ENSG00000273033,122892416,122886941,5475
ENSG00000249138,184799046,184798296,750
ENSG00000237748,56737577,56737242,335
ENSG00000286256,184850730,184826607,24123
ENSG00000224799,56974796,56973510,1286
ENSG00000223967,73526879,73526744,135
ENSG00000285876,13331683,13000953,330730
ENSG00000251230,184855751,184844585,11166
ENSG00000156508,73523797,73515750,8047
ENSG00000205944,23291356,23219434,71922
ENSG00000204271,56995827,56818298,177529
ENSG00000232077,193365953,193304745,61208
ENSG00000103064,68301823,68264516,37307
ENSG00000239974,32175953,32172254,3699
ENSG00000237011,193688429,193684246,4183
ENSG00000196371,94549898,94543840,6058
ENSG00000154451,89272804,89258950,13854
ENSG00000226640,193727035,193678894,48141
ENSG00000237213,193757267,193756815,452
ENSG00000213368,94913766,94913047,719
ENSG00000255441,51417425,51415724,1701
ENSG00000134627,94621421,94543840,77581
ENSG00000233057,194190342,194188967,1375
ENSG00000227240,194198694,194149473,49221
ENSG00000111732,8612867,8602170,10697
ENSG00000142512,51417803,51410020,7783
ENSG00000231714,194352426,194350943,1483
ENSG00000219604,84689429,84689292,137
ENSG00000228167,194719236,194718795,441
ENSG00000203812,149842736,149842188,548
ENSG00000285718,194931310,194785517,145793
ENSG00000257870,55014247,55009746,4501
ENSG00000223833,31583730,31579641,4089
ENSG00000132024,13930879,13906201,24678
ENSG00000270945,74613221,74612596,625
ENSG00000166716,84806445,84748592,57853
ENSG00000261716,149850937,149844498,6439
ENSG00000220323,149846486,149842875,3611
ENSG00000123307,55030017,55019974,10043
ENSG00000107863,24723887,24583609,140278
ENSG00000158516,130289798,130266863,22935
ENSG00000255104,15744778,15699692,45086
ENSG00000234196,31978474,31976089,2385
ENSG00000148341,129028303,129007036,21267
ENSG00000237568,89269754,89260582,9172
ENSG00000259415,84754502,84753122,1380
ENSG00000253105,96387438,96371865,15573
ENSG00000260041,56137000,56109537,27463
ENSG00000279523,56109970,56108980,990
ENSG00000246379,56191094,56092987,98107
ENSG00000249602,151769501,151763384,6117
ENSG00000233002,15749192,15735023,14169
ENSG00000160223,44240966,44217014,23952
ENSG00000182134,151791416,151770107,21309
ENSG00000243955,52803860,52791371,12489
ENSG00000219470,43539703,43538822,881
ENSG00000214946,15749192,15732247,16945
ENSG00000238081,89290337,89289676,661
ENSG00000233235,89334880,89324522,10358
ENSG00000049618,157210779,156776020,434759
ENSG00000183347,89386461,89364058,22403
ENSG00000150995,4847840,4493345,354495
ENSG00000119514,98850081,98807670,42411
ENSG00000196534,55118632,55113077,5555
ENSG00000257350,55124120,55122668,1452
ENSG00000260145,57058497,57052505,5992
ENSG00000272196,149851624,149851061,563
ENSG00000233536,94640833,94638038,2795
ENSG00000256469,94925521,94874052,51469
ENSG00000140853,57083531,56989485,94046
ENSG00000255929,94740355,94545330,195025
ENSG00000170605,55132750,55126406,6344
ENSG00000235956,32162042,32156028,6014
ENSG00000166025,94876748,94706431,170317
ENSG00000253160,39310443,39309909,534
ENSG00000231063,210089064,210088226,838
ENSG00000144445,210171409,210021421,149988
ENSG00000203852,149854274,149852619,1655
ENSG00000214402,136986410,136981904,4506
ENSG00000270276,149861210,149854045,7165
ENSG00000245008,128686922,128614340,72582
ENSG00000226533,38482531,38481692,839
ENSG00000183826,38640148,38168451,471697
ENSG00000107317,136981742,136975092,6650
ENSG00000254703,128696023,128691672,4351
ENSG00000267026,98872415,98847172,25243
ENSG00000151702,128813267,128686535,126732
ENSG00000168411,74666877,74621399,45478
ENSG00000240254,119290666,119226486,64180
ENSG00000281998,36938493,36863468,75025
ENSG00000254183,141968841,141968091,750
ENSG00000231755,17885608,17835016,50592
ENSG00000253730,50161276,50158333,2943
ENSG00000261710,142091619,142089827,1792
ENSG00000215369,17894485,17894193,292
ENSG00000132016,13906452,13882348,24104
ENSG00000105141,15058293,15049480,8813
ENSG00000119411,113371233,113349541,21692
ENSG00000227600,32179650,32160569,19081
ENSG00000235711,79298235,79293285,4950
ENSG00000255666,94652884,94638045,14839
ENSG00000259234,79283945,79191707,92238
ENSG00000284341,136985435,136977518,7917
ENSG00000261959,50165316,50163523,1793
ENSG00000108823,50175928,50164214,11714
ENSG00000280167,94559374,94559018,356
ENSG00000279649,68292790,68290087,2703
ENSG00000231156,45013668,45013214,454
ENSG00000251132,115031894,115031273,621
ENSG00000271667,116687387,116687218,169
ENSG00000109618,25160449,25120014,40435
ENSG00000250242,115088475,115087892,583
ENSG00000179361,74598131,74541177,56954
ENSG00000231054,45169414,45168583,831
ENSG00000205054,45323385,45164816,158569
ENSG00000094661,15092970,15082211,10759
ENSG00000259419,79237206,79236332,874
ENSG00000224622,55159723,55158847,876
ENSG00000227423,55194786,55193882,904
ENSG00000215475,45851753,45777242,74511
ENSG00000132259,6244429,6234765,9664
ENSG00000179919,55221975,55221025,950
ENSG00000264207,149862504,149861271,1233
ENSG00000188078,36537604,36536656,948
ENSG00000224934,99461743,99430919,30824
ENSG00000197706,55248302,55247198,1104
ENSG00000258017,49147869,49127782,20087
ENSG00000050426,51060424,51047962,12462
ENSG00000216523,84966625,84966397,228
ENSG00000184678,149886652,149884459,2193
ENSG00000132357,40860175,40841308,18867
ENSG00000232873,194564001,194562978,1023
ENSG00000220291,85167749,85155667,12082
ENSG00000123416,49131397,49127782,3615
ENSG00000225194,96027993,96019724,8269
ENSG00000216902,85257694,85257328,366
ENSG00000228778,99528467,99526948,1519
ENSG00000257582,99531177,99526350,4827
ENSG00000213451,55263431,55262539,892
ENSG00000258674,19536076,19516227,19849
ENSG00000205331,55284641,55283750,891
ENSG00000254070,46671926,46671839,87
ENSG00000230307,55312757,55311835,922
ENSG00000188324,55296569,55293988,2581
ENSG00000131941,33064888,32978592,86296
ENSG00000237212,96101912,96095211,6701
ENSG00000184260,149887364,149886975,389
ENSG00000251470,46698688,46697630,1058
ENSG00000232217,97987216,97986950,266
ENSG00000279177,7627528,7626344,1184
ENSG00000066583,129114028,129094749,19279
ENSG00000178093,19515685,19512418,3267
ENSG00000217227,38588529,38587323,1206
ENSG00000128917,40939073,40929340,9733
ENSG00000275465,96116411,96106661,9750
ENSG00000065150,98024297,97953658,70639
ENSG00000183747,20487669,20451461,36208
ENSG00000224546,96147856,96146007,1849
ENSG00000250067,19537581,19528861,8720
ENSG00000152127,134454621,134119983,334638
ENSG00000228984,46785928,46784800,1128
ENSG00000277991,7681742,7669397,12345
ENSG00000149968,102843609,102835801,7808
ENSG00000147488,52460959,52110839,350120
ENSG00000214026,1984522,1947278,37244
ENSG00000150656,74587212,74534500,52712
ENSG00000250857,46793064,46792065,999
ENSG00000254106,109884751,109883182,1569
ENSG00000253224,109885423,109884610,813
ENSG00000204713,28923988,28903002,20986
ENSG00000177105,3840959,3826978,13981
ENSG00000204272,56818380,56729241,89139
ENSG00000215874,89394665,89394033,632
ENSG00000225492,89426243,89407679,18564
ENSG00000142611,3438621,3069168,369453
ENSG00000267611,33051701,33051515,186
ENSG00000258598,104378951,104376530,2421
ENSG00000213159,104451433,104450979,454
ENSG00000254118,46838706,46837578,1128
ENSG00000136383,84873482,84816680,56802
ENSG00000135960,108989372,108894471,94901
ENSG00000188662,50181178,50171428,9750
ENSG00000253828,46827894,46827228,666
ENSG00000102100,48911958,48903180,8778
ENSG00000234060,134320078,134319654,424
ENSG00000259037,104589847,104589021,826
ENSG00000254156,46839205,46838788,417
ENSG00000254008,142209003,142198356,10647
ENSG00000184601,104590515,104579684,10831
ENSG00000253314,46854975,46822237,32738
ENSG00000178096,149900798,149887890,12908
ENSG00000186010,19529054,19515736,13318
ENSG00000255282,102836766,102746968,89798
ENSG00000087258,56357444,56191489,165955
ENSG00000233016,136728184,136721366,6818
ENSG00000233680,100888590,100887636,954
ENSG00000184270,149888013,149887484,529
ENSG00000262904,74668706,74667506,1200
ENSG00000225678,102754943,102751070,3873
ENSG00000205330,55322364,55314343,8021
ENSG00000282321,46828413,46828117,296
ENSG00000229862,73570596,73523618,46978
ENSG00000165716,136724742,136712572,12170
ENSG00000233169,31700175,31697782,2393
ENSG00000256035,102807916,102806948,968
ENSG00000228177,31700226,31697751,2475
ENSG00000264655,40368438,40367952,486
ENSG00000196611,102798160,102789919,8241
ENSG00000106327,100642779,100620416,22363
ENSG00000128510,130324180,130293134,31046
ENSG00000236883,41741308,41739373,1935
ENSG00000217060,85290849,85286076,4773
ENSG00000183421,41767089,41739369,27720
ENSG00000213211,85289007,85287789,1218
ENSG00000273493,58330118,58329965,153
ENSG00000272807,210029156,210028417,739
ENSG00000274356,136729855,136728953,902
ENSG00000177469,42423256,42402449,20807
ENSG00000258986,104605647,104474678,130969
ENSG00000197713,210022260,210002565,19695
ENSG00000278158,44242081,44241847,234
ENSG00000275799,44244993,44244545,448
ENSG00000234155,85390186,85387219,2967
ENSG00000216439,85427125,85426657,468
ENSG00000267206,136748525,136744017,4508
ENSG00000223904,111435024,111434427,597
ENSG00000130958,96383711,96313444,70267
ENSG00000260802,111522399,111511662,10737
ENSG00000282454,36945288,36941879,3409
ENSG00000213399,84916660,84915868,792
ENSG00000274577,36946445,36938617,7828
ENSG00000175287,128942041,128920966,21075
ENSG00000229939,111619094,111618808,286
ENSG00000169439,96611790,96493813,117977
ENSG00000225031,111621489,111619677,1812
ENSG00000261333,56071639,56071421,218
ENSG00000226416,1989920,1983237,6683
ENSG00000236189,111624726,111624210,516
ENSG00000176407,85059472,84971093,88379
ENSG00000266105,31967545,31966960,585
ENSG00000259405,40948869,40948736,133
ENSG00000259863,109128930,109127327,1603
ENSG00000280380,31986087,31982899,3188
ENSG00000264340,74562100,74561381,719
ENSG00000278346,40381838,40380666,1172
ENSG00000256254,102767927,102766801,1126
ENSG00000229998,30732555,30721049,11506
ENSG00000172985,109504632,109129348,375284
ENSG00000166670,102780628,102770502,10126
ENSG00000181827,56243266,56087280,155986
ENSG00000119431,113376999,113373419,3580
ENSG00000196814,126507041,126326829,180212
ENSG00000155158,15307360,15163622,143738
ENSG00000228551,109251646,109251422,224
ENSG00000259982,28701540,28700294,1246
ENSG00000237556,111910931,111909336,1595
ENSG00000258736,104655787,104653548,2239
ENSG00000228340,60527458,60087840,439618
ENSG00000260792,104665558,104661120,4438
ENSG00000256050,104684932,104681146,3786
ENSG00000171385,111989155,111770662,218493
ENSG00000261072,56193262,56192353,909
ENSG00000204003,136748453,136738167,10286
ENSG00000205329,55332687,55330043,2644
ENSG00000272707,194637664,194637505,159
ENSG00000229334,194645401,194632923,12478
ENSG00000145808,129738683,129460281,278402
ENSG00000187922,136743356,136738167,5189
ENSG00000257757,55343774,55342841,933
ENSG00000084453,21419594,21264600,154994
ENSG00000145014,194633689,194587673,46016
ENSG00000139531,56006641,55997180,9461
ENSG00000260592,19487899,19476916,10983
ENSG00000168404,74700960,74671855,29105
ENSG00000124160,46089962,46060991,28971
ENSG00000230514,32260750,32257394,3356
ENSG00000229690,60414872,60414396,476
ENSG00000250398,155384102,155383107,995
ENSG00000271606,155385492,155385352,140
ENSG00000249247,155452405,155451617,788
ENSG00000249770,155453044,155452526,518
ENSG00000248748,155454803,155453049,1754
ENSG00000248548,155456411,155455050,1361
ENSG00000146425,158644743,158636474,8269
ENSG00000249127,155456981,155456638,343
ENSG00000162869,48515391,48440598,74793
ENSG00000131747,40417896,40388525,29371
ENSG00000130948,96302176,96235306,66870
ENSG00000119927,112215377,112149865,65512
ENSG00000224869,116726771,116726453,318
ENSG00000248215,36641900,36496537,145363
ENSG00000226341,116751648,116751158,490
ENSG00000256898,73922196,73921665,531
ENSG00000274275,32031359,32031035,324
ENSG00000160602,28743455,28725897,17558
ENSG00000235871,116818761,116818086,675
ENSG00000263904,32249032,32245946,3086
ENSG00000251680,129905917,129500361,405556
ENSG00000228835,32774413,32769795,4618
ENSG00000230158,117024867,117023918,949
ENSG00000251588,36508869,36506043,2826
ENSG00000254867,65984331,65983679,652
ENSG00000230950,117026118,117025077,1041
ENSG00000261761,37023482,37001814,21668
ENSG00000141434,32220404,32185069,35335
ENSG00000228898,117027024,117026537,487
ENSG00000248610,130141950,130140031,1919
ENSG00000227291,117181562,117180892,670
ENSG00000186367,129766732,129748079,18653
ENSG00000272537,16471373,16471184,189
ENSG00000238207,117804174,117757563,46611
ENSG00000171243,16530580,16461481,69099
ENSG00000270989,176203710,176203314,396
ENSG00000247810,37125424,37074234,51190
ENSG00000249421,129460689,129459559,1130
ENSG00000233154,116478842,116423724,55118
ENSG00000232558,111856905,111853762,3143
ENSG00000198108,130186634,129904465,282169
ENSG00000259277,28977464,28970196,7268
ENSG00000231383,192283097,192238037,45060
ENSG00000174145,37449463,37244743,204720
ENSG00000034053,29118315,28884483,233832
ENSG00000226709,192521398,192516831,4567
ENSG00000219249,158726803,158725747,1056
ENSG00000230126,192516573,192515022,1551
ENSG00000164674,158764876,158650014,114862
ENSG00000205858,16581568,16526880,54688
ENSG00000114279,192767764,192139395,628369
ENSG00000171045,142403182,142212080,191102
ENSG00000261439,56194518,56192614,1904
ENSG00000230381,116433368,116429049,4319
ENSG00000279764,56308335,56306845,1490
ENSG00000223622,52813460,52805613,7847
ENSG00000187857,55369279,55362975,6304
ENSG00000272372,56353524,56351886,1638
ENSG00000224950,116499212,116493016,6196
ENSG00000260198,56302904,56300616,2288
ENSG00000214460,85427966,85427453,513
ENSG00000279839,3208664,3205988,2676
ENSG00000267725,33067433,33067175,258
ENSG00000203408,55378797,55376742,2055
ENSG00000272235,3310096,3306636,3460
ENSG00000226286,3133709,3132927,782
ENSG00000258232,49273306,49265156,8150
ENSG00000167553,49274603,49188736,85867
ENSG00000152128,134719000,134455759,263241
ENSG00000142182,44262216,44246339,15877
ENSG00000148218,113401290,113386312,14978
ENSG00000185730,143298061,143289676,8385
ENSG00000093134,132734765,132722787,11978
ENSG00000238094,54608376,54607870,506
ENSG00000268288,151767000,151766486,514
ENSG00000101695,32073219,32018825,54394
ENSG00000203288,151794402,151790804,3598
ENSG00000240534,52313500,52313154,346
ENSG00000226394,89661353,89661212,141
ENSG00000181016,112491062,112480853,10209
ENSG00000253924,52301942,52294455,7487
ENSG00000171488,89769903,89633072,136831
ENSG00000253551,52199580,52194362,5218
ENSG00000143450,151771334,151762899,8435
ENSG00000254314,52154892,52150820,4072
ENSG00000233606,55392964,55385837,7127
ENSG00000277440,4431103,4430522,581
ENSG00000272172,143290621,143290399,222
ENSG00000103423,4456775,4425805,30970
ENSG00000228860,21218279,21217891,388
ENSG00000232853,21248095,21247752,343
ENSG00000230109,21372950,21340233,32717
ENSG00000231999,89632894,89583241,49653
ENSG00000231553,21394592,21394033,559
ENSG00000278650,21452412,21452197,215
ENSG00000264577,28722877,28721487,1390
ENSG00000160606,28727935,28724348,3587
ENSG00000214917,32076272,32075885,387
ENSG00000285095,32745567,32470288,275279
ENSG00000265279,32196966,32196026,940
ENSG00000063601,150765108,150692971,72137
ENSG00000213820,46100176,46099518,658
ENSG00000141441,32470882,32124877,346005
ENSG00000179031,100911489,100910712,777
ENSG00000272931,89820868,89820174,694
ENSG00000262372,46035770,46035313,457
ENSG00000205333,86660293,86657388,2905
ENSG00000271172,25220913,25220403,510
ENSG00000273444,40107454,40107288,166
ENSG00000281501,25201440,25160641,40799
ENSG00000171492,89936611,89821014,115597
ENSG00000225948,6625346,6618716,6630
ENSG00000170289,86743675,86553977,189698
ENSG00000180019,112446375,112446164,211
ENSG00000182489,100929433,100913445,15988
ENSG00000006652,112481017,112422968,58049
ENSG00000038210,25279204,25234033,45171
ENSG00000285269,96352058,96235331,116727
ENSG00000105135,15125786,15114984,10802
ENSG00000258101,49264756,49232790,31966
ENSG00000006831,1788674,1688574,100100
ENSG00000167552,49189080,49184795,4285
ENSG00000238266,6879450,6779549,99901
ENSG00000232283,96250393,96246462,3931
ENSG00000182574,100957538,100956593,945
ENSG00000174225,100990829,100969708,21121
ENSG00000263917,32111779,32018829,92950
ENSG00000197705,32773062,32672671,100391
ENSG00000121351,21379978,21354959,25019
ENSG00000281028,25277306,25160663,116643
ENSG00000271949,89933250,89633140,300110
ENSG00000230735,89676386,89629725,46661
ENSG00000267729,28727739,28727258,481
ENSG00000204682,21497260,21492658,4602
ENSG00000265073,28743102,28732963,10139
ENSG00000223784,6740532,6709530,31002
ENSG00000197147,89597864,89524836,73028
ENSG00000243663,1758011,1757231,780
ENSG00000285627,1747099,1741197,5902
ENSG00000223680,30970646,30959531,11115
ENSG00000260389,32514634,32511663,2971
ENSG00000271500,1698044,1695830,2214
ENSG00000198242,28724359,28719985,4374
ENSG00000215492,32413176,32412214,962
ENSG00000285845,6877888,6779608,98280
ENSG00000134758,32131561,32091874,39687
ENSG00000285988,6840712,6737418,103294
ENSG00000260840,85067347,85061213,6134
ENSG00000281186,6779180,6774307,4873
ENSG00000232010,44251520,44250813,707
ENSG00000235463,85069031,85068809,222
ENSG00000285743,6823789,6682513,141276
ENSG00000225787,85102694,85102389,305
ENSG00000182132,170736632,170353487,383145
ENSG00000253292,86594589,86593755,834
ENSG00000254115,86765023,86707547,57476
ENSG00000233915,86661922,86660525,1397
ENSG00000224555,3989463,3989163,300
ENSG00000255232,3961538,3961277,261
ENSG00000229368,3855399,3854612,787
ENSG00000085719,86561498,86514435,47063
ENSG00000197808,36666853,36636618,30235
ENSG00000255141,3974237,3972881,1356
ENSG00000231134,85187253,85186409,844
ENSG00000230593,3892887,3892398,489
ENSG00000152284,85310387,85133392,176995
ENSG00000215906,22965338,22953043,12295
ENSG00000280235,69661133,69659867,1266
ENSG00000183513,98608515,98599314,9201
ENSG00000167323,4093210,3854527,238683
ENSG00000249698,155457960,155457180,780
ENSG00000276627,60767279,60755001,12278
ENSG00000218596,156977072,156976294,778
ENSG00000270487,156780455,156780327,128
ENSG00000274287,143802386,143777927,24459
ENSG00000248420,155458640,155457961,679
ENSG00000271551,156778422,156776360,2062
ENSG00000249386,155459563,155458870,693
ENSG00000261035,60814211,60812004,2207
ENSG00000075073,69416867,69403903,12964
ENSG00000233044,157119706,157107727,11979
ENSG00000231613,89790492,89788914,1578
ENSG00000039139,13944543,13690331,254212
ENSG00000101311,6123544,6074845,48699
ENSG00000064102,26938326,26905181,33145
ENSG00000231437,111998842,111989770,9072
ENSG00000041802,194672463,194640791,31672
ENSG00000270429,45882266,45880950,1316
ENSG00000169902,66420543,66205317,215226
ENSG00000163131,150765792,150730188,35604
ENSG00000278475,45789657,45789189,468
ENSG00000263393,32124478,32122400,2078
ENSG00000219329,110924107,110923566,541
ENSG00000265008,32092119,32091295,824
ENSG00000189079,45908040,45729706,178334
ENSG00000263688,32582828,32581528,1300
ENSG00000230299,85262267,85262144,123
ENSG00000264982,32290340,32287437,2903
ENSG00000128965,40956512,40952962,3550
ENSG00000269621,151759911,151755541,4370
ENSG00000171540,77639688,77628712,10976
ENSG00000143436,151763496,151759647,3849
ENSG00000227868,23015852,23010834,5018
ENSG00000160563,132079867,131852928,226939
ENSG00000230696,109605698,109594693,11005
ENSG00000269009,49256102,49255472,630
ENSG00000095319,129007096,128947699,59397
ENSG00000237916,109552846,109552536,310
ENSG00000186522,109614143,109542799,71344
ENSG00000078403,21743630,21524646,218984
ENSG00000203485,104722535,104689606,32929
ENSG00000150403,113554590,113491021,63569
ENSG00000196115,39417378,39314591,102787
ENSG00000279785,66475749,66474556,1193
ENSG00000244510,66490108,66480394,9714
ENSG00000159873,28789301,28772674,16627
ENSG00000179406,66493566,66376044,117522
ENSG00000268564,15126174,15124160,2014
ENSG00000105137,15114985,15107401,7584
ENSG00000186862,101032295,101007679,24616
ENSG00000231770,194590260,194584011,6249
ENSG00000275515,4433387,4433202,185
ENSG00000277170,4427380,4426902,478
ENSG00000224280,16586757,16583782,2975
ENSG00000177173,116534092,116532936,1156
ENSG00000272361,16594224,16593626,598
ENSG00000116815,116571039,116514534,56505
ENSG00000119919,99536524,99532942,3582
ENSG00000164024,99062809,98995659,67150
ENSG00000254760,51414965,51414298,667
ENSG00000267898,48965158,48963975,1183
ENSG00000236713,150780644,150780272,372
ENSG00000251423,13900749,13860303,40446
ENSG00000231234,66423893,66423405,488
ENSG00000154265,69327244,69244311,82933
ENSG00000230189,66453634,66427949,25685
ENSG00000236928,66435154,66434634,520
ENSG00000120498,70908731,70528940,379791
ENSG00000236940,151758442,151757659,783
ENSG00000244657,66486532,66485095,1437
ENSG00000251451,66409239,66407288,1951
ENSG00000232937,151766389,151765709,680
ENSG00000227330,18114904,18022370,92534
ENSG00000251223,155461237,155459704,1533
ENSG00000248907,155462663,155461633,1030
ENSG00000154645,18267373,17901263,366110
ENSG00000123200,46052759,45954465,98294
ENSG00000229755,61077816,61077224,592
ENSG00000251407,155463823,155462873,950
ENSG00000229606,61080179,61079140,1039
ENSG00000060656,29326813,29236516,90297
ENSG00000251244,155517459,155515727,1732
ENSG00000276916,113514473,113511747,2726
ENSG00000276248,113530621,113527260,3361
ENSG00000253858,170486407,170483806,2601
ENSG00000253591,170681437,170639158,42279
ENSG00000257449,56041806,56029649,12157
ENSG00000249833,126394851,126393032,1819
ENSG00000253647,170422844,170389493,33351
ENSG00000123411,56038435,56007659,30776
ENSG00000145936,170389634,170374671,14963
ENSG00000268101,41062444,41050449,11995
ENSG00000136279,44069456,44044640,24816
ENSG00000144655,39154562,39141855,12707
ENSG00000110958,56688408,56663341,25067
ENSG00000088205,117832377,117814691,17686
ENSG00000120563,29318328,29289061,29267
ENSG00000181826,37686376,37590800,95576
ENSG00000166682,113706373,113687546,18827
ENSG00000257414,55396697,55396340,357
ENSG00000205328,55401505,55400430,1075
ENSG00000152939,69444330,69415065,29265
ENSG00000284669,39172952,39148281,24671
ENSG00000179899,55414787,55411727,3060
ENSG00000283849,39154723,39152906,1817
ENSG00000159164,149917844,149903318,14526
ENSG00000182533,8841808,8733800,108008
ENSG00000171530,77868780,77691166,177614
ENSG00000233721,126518808,126516417,2391
ENSG00000248936,37588875,37588087,788
ENSG00000264247,74598508,74591774,6734
ENSG00000279137,126520773,126518840,1933
ENSG00000154274,37623495,37453925,169570
ENSG00000226078,126530343,126527618,2725
ENSG00000240385,4019118,4018948,170
ENSG00000250496,99023131,99022311,820
ENSG00000240125,40439917,40439467,450
ENSG00000228661,3855509,3854318,1191
ENSG00000112936,40982939,40909252,73687
ENSG00000172803,65856896,65833834,23062
ENSG00000215421,75065671,74597870,467801
ENSG00000224842,126613700,126589594,24106
ENSG00000107819,101041244,101031234,10010
ENSG00000215160,8693701,8682943,10758
ENSG00000106524,16645817,16599779,46038
ENSG00000175283,128947619,128945530,2089
ENSG00000277277,7770591,7768884,1707
ENSG00000285907,89604687,89563537,41150
ENSG00000125046,8745040,8619400,125640
ENSG00000271299,41074107,41073804,303
ENSG00000273590,7777853,7744962,32891
ENSG00000119899,73653992,73593379,60613
ENSG00000173040,5709548,5542772,166776
ENSG00000267834,129004998,129004502,496
ENSG00000251184,128957021,128941478,15543
ENSG00000232987,1993670,1991096,2574
ENSG00000197838,41096195,41088472,7723
ENSG00000183258,177516961,177511577,5384
ENSG00000254669,35585310,35579430,5880
ENSG00000259922,57014100,57013071,1029
ENSG00000229127,210064356,210030733,33623
ENSG00000213438,123992669,123991910,759
ENSG00000227421,196061073,196044996,16077
ENSG00000135175,97991169,97984684,6485
ENSG00000275263,30957199,30956872,327
ENSG00000124767,38703145,38675925,27220
ENSG00000232334,124004828,124004304,524
ENSG00000218459,73618597,73618346,251
ENSG00000227945,128085248,128027886,57362
ENSG00000236255,117841658,117833937,7721
ENSG00000224272,241812016,241808312,3704
ENSG00000197728,56044697,56041351,3346
ENSG00000141753,40457725,40443450,14275
ENSG00000152894,128520674,127968779,551895
ENSG00000107816,101007836,100996618,11218
ENSG00000279090,132404060,132403360,700
ENSG00000204099,241817413,241808825,8588
ENSG00000143061,116667755,116574399,93356
ENSG00000229338,98891937,98890590,1347
ENSG00000182793,52846095,52831655,14440
ENSG00000164715,98209638,98106862,102776
ENSG00000279196,30988270,30984630,3640
ENSG00000099377,30989147,30985207,3940
ENSG00000213747,70857502,70857163,339
ENSG00000230187,70673515,70672895,620
ENSG00000213763,77786003,77784881,1122
ENSG00000250472,115149644,115148764,880
ENSG00000152503,115180546,115124762,55784
ENSG00000151704,128867373,128836315,31058
ENSG00000248120,40967763,40967505,258
ENSG00000181585,46710886,46694528,16358
ENSG00000185821,55427192,55426254,938
ENSG00000082684,123028605,122909082,119523
ENSG00000172757,65862026,65823022,39004
ENSG00000162687,196609225,196225779,383446
ENSG00000258858,104691284,104690091,1193
ENSG00000121940,108963457,108929508,33949
ENSG00000227528,60044357,60012751,31606
ENSG00000104972,54637528,54617158,20370
ENSG00000273890,56010574,56010091,483
ENSG00000138587,56465137,56421544,43593
ENSG00000179626,55555832,55549602,6230
ENSG00000285870,30700220,30696121,4099
ENSG00000234670,55523417,55522593,824
ENSG00000224690,150801031,150800473,558
ENSG00000258763,55585471,55434734,150737
ENSG00000130222,89606555,89605012,1543
ENSG00000143387,150808260,150796208,12052
ENSG00000171804,37906677,37884823,21854
ENSG00000281929,16180211,16179193,1018
ENSG00000184954,55470138,55469200,938
ENSG00000278183,16228109,16034690,193419
ENSG00000158402,138338355,138285265,53090
ENSG00000179695,55453347,55444069,9278
ENSG00000205327,55493316,55492378,938
ENSG00000110925,51083664,51061205,22459
ENSG00000275417,56249127,56248787,340
ENSG00000261174,56323719,56323193,526
ENSG00000186952,110738956,110289233,449723
ENSG00000180535,98212979,98211427,1552
ENSG00000261823,56410186,56408483,1703
ENSG00000179615,55575612,55572468,3144
ENSG00000142875,84238498,84078062,160436
ENSG00000151575,56445997,56244009,201988
ENSG00000231246,112360528,112177234,183294
ENSG00000234388,112363581,112363281,300
ENSG00000254491,13584533,13583889,644
ENSG00000164743,13568288,13566869,1419
ENSG00000205356,98252251,98214624,37627
ENSG00000068654,86106155,86020216,85939
ENSG00000164741,13604610,13083361,521249
ENSG00000099381,30984664,30957754,26910
ENSG00000159708,67385204,67326798,58406
ENSG00000278873,69235012,69232963,2049
ENSG00000203864,116706603,116694112,12491
ENSG00000285931,69244097,69242230,1867
ENSG00000228867,30736080,30732707,3373
ENSG00000267203,69318961,69318733,228
ENSG00000231072,116714835,116713833,1002
ENSG00000154263,69244846,69147214,97632
ENSG00000223489,116742609,116739981,2628
ENSG00000228098,134816589,134816362,227
ENSG00000234682,134797879,134797169,710
ENSG00000082258,134959342,134918235,41107
ENSG00000260919,74615596,74613194,2402
ENSG00000179335,74645414,74598500,46914
ENSG00000161249,35513658,35497220,16438
ENSG00000137463,139280225,139266165,14060
ENSG00000235066,118055033,117995397,59636
ENSG00000182022,124093598,124007668,85930
ENSG00000241738,101359242,101357292,1950
ENSG00000232830,101414633,101414228,405
ENSG00000122783,135170795,135092363,78432
ENSG00000172732,65867653,65857126,10527
ENSG00000138468,101513241,101324205,189036
ENSG00000125633,118014133,117915478,98655
ENSG00000172007,139476609,139453232,23377
ENSG00000154252,241804208,241776825,27383
ENSG00000229971,36552700,36552165,535
ENSG00000273247,139454034,139411927,42107
ENSG00000259941,56396785,56394321,2464
ENSG00000277245,56447697,56447120,577
ENSG00000261675,36562915,36560870,2045
ENSG00000215023,241801907,241800916,991
ENSG00000166862,36703558,36563921,139637
ENSG00000164209,110765161,110738136,27025
ENSG00000235151,241845036,241844380,656
ENSG00000168334,39192596,39183210,9386
ENSG00000109390,139302551,139266880,35671
ENSG00000188389,241858894,241849884,9010
ENSG00000119333,128656787,128633661,23126
ENSG00000141391,12432238,12407896,24342
ENSG00000129355,10569059,10566462,2597
ENSG00000188011,241873823,241869600,4223
ENSG00000070950,8963773,8775402,188371
ENSG00000146856,135147963,134986508,161455
ENSG00000215034,39214672,39214199,473
ENSG00000236355,38715217,38714051,1166
ENSG00000253572,77946438,77942757,3681
ENSG00000233806,242078722,241881363,197359
ENSG00000258702,96595763,96592733,3030
ENSG00000168329,39281735,39263494,18241
ENSG00000254896,133366080,133360029,6051
ENSG00000258979,96790637,96738021,52616
ENSG00000255371,132860077,132859245,832
ENSG00000232002,242084138,242047695,36443
ENSG00000279189,133302634,133297189,5445
ENSG00000216921,241902551,241893985,8566
ENSG00000279497,132773371,132771623,1748
ENSG00000280345,8632259,8631545,714
ENSG00000183715,133532519,132414977,1117542
ENSG00000188086,46744755,46742092,2663
ENSG00000224043,134918710,134735464,183246
ENSG00000270367,39287920,39285985,1935
ENSG00000153086,134902034,134838616,63418
ENSG00000226423,242026176,242025183,993
ENSG00000280474,128596633,128595893,740
ENSG00000238013,46798390,46798123,267
ENSG00000283706,46717869,46712117,5752
ENSG00000280119,242006013,242001209,4804
ENSG00000170085,176345991,176238367,107624
ENSG00000198176,113641473,113584721,56752
ENSG00000237940,241977276,241970683,6593
ENSG00000071553,154436516,154428645,7871
ENSG00000261186,242088457,242087351,1106
ENSG00000204928,145937126,145858521,78605
ENSG00000143079,112463456,112396214,67242
ENSG00000261603,46736429,46719583,16846
ENSG00000220804,242160153,242088633,71520
ENSG00000156463,146081791,145936578,145213
ENSG00000224730,54638892,54635722,3170
ENSG00000206549,46812574,46712115,100459
ENSG00000213514,77734769,77730766,4003
ENSG00000277981,77739015,77738246,769
ENSG00000248863,139430884,139426299,4585
ENSG00000279227,118015673,118014174,1499
ENSG00000213513,77781876,77780337,1539
ENSG00000226074,46812558,46809359,3199
ENSG00000125631,117934942,117859427,75515
ENSG00000163885,126436556,126394909,41647
ENSG00000164134,139420033,139301505,118528
ENSG00000284672,46812558,46742092,70466
ENSG00000274068,108963484,108837660,125824
ENSG00000224967,117934789,117934025,764
ENSG00000272895,117999480,117998745,735
ENSG00000237372,89719759,89639814,79945
ENSG00000239462,99018562,98902424,116138
ENSG00000244528,242122469,242122287,182
ENSG00000121957,108934545,108875350,59195
ENSG00000224160,242120053,242119856,197
ENSG00000240476,98983096,98981058,2038
ENSG00000255967,8637608,8634367,3241
ENSG00000271153,242175634,242175181,453
ENSG00000116824,116769229,116754430,14799
ENSG00000272941,135169547,135168403,1144
ENSG00000273175,244865272,244864738,534
ENSG00000276071,36669404,36668102,1302
ENSG00000236507,89803061,89801727,1334
ENSG00000223500,135129685,135128444,1241
ENSG00000197614,8662888,8637346,25542
ENSG00000103089,74774831,74712955,61876
ENSG00000146859,135166215,135148072,18143
ENSG00000226206,89821753,89799695,22058
ENSG00000198142,109618990,109614364,4626
ENSG00000155115,110967890,110958706,9184
ENSG00000237626,89987486,89978282,9204
ENSG00000230603,109665742,109665209,533
ENSG00000227555,90041499,90020654,20845
ENSG00000226494,30742194,30741465,729
ENSG00000248493,145998003,145997218,785
ENSG00000249971,138349641,138347027,2614
ENSG00000182965,112521670,112520488,1182
ENSG00000120709,138349729,138331935,17794
ENSG00000223646,112708080,112622378,85702
ENSG00000261458,74843883,74842587,1296
ENSG00000237156,30624134,30623868,266
ENSG00000267504,58372666,58371566,1100
ENSG00000155090,102655725,102648784,6941
ENSG00000204049,77869610,77866875,2735
ENSG00000185825,153724746,153700492,24254
ENSG00000267396,58400082,58398663,1419
ENSG00000235555,49275420,49275119,301
ENSG00000176390,30824692,30769388,55304
ENSG00000229061,30637059,30617079,19980
ENSG00000225358,112738693,112735166,3527
ENSG00000267743,58195696,58189834,5862
ENSG00000151208,77926755,77790791,135964
ENSG00000225079,116775623,116775104,519
ENSG00000223984,21626286,21624592,1694
ENSG00000272715,116909531,116909149,382
ENSG00000179934,39333511,39329706,3805
ENSG00000180592,21526368,21513478,12890
ENSG00000241305,99216266,99215224,1042
ENSG00000223353,245124450,245123471,979
ENSG00000225975,36687449,36685440,2009
ENSG00000180914,8769628,8750408,19220
ENSG00000203666,245127164,244969705,157459
ENSG00000158525,130368730,130344816,23914
ENSG00000228168,39335939,39334979,960
ENSG00000175334,66004149,66002228,1921
ENSG00000240572,99326552,99326377,175
ENSG00000238267,39338879,39338129,750
ENSG00000223668,39359922,39358545,1377
ENSG00000243296,99505508,99500347,5161
ENSG00000257246,51125381,51124628,753
ENSG00000244540,51107144,51106817,327
ENSG00000243089,99527113,99507187,19926
ENSG00000255369,128880668,128880325,343
ENSG00000135457,51173134,51093663,79471
ENSG00000148362,136993984,136992422,1562
ENSG00000244464,99623820,99598064,25756
ENSG00000049759,58401540,58044226,357314
ENSG00000279328,126434569,126432796,1773
ENSG00000234248,6920472,6891457,29015
ENSG00000204709,28944537,28943877,660
ENSG00000111790,26966650,26938470,28180
ENSG00000129354,10587315,10572671,14644
ENSG00000251667,176309013,176308063,950
ENSG00000235903,46122670,46052806,69864
ENSG00000135451,49331731,49323236,8495
ENSG00000205936,23392697,23379484,13213
ENSG00000080618,46105033,46053186,51847
ENSG00000172638,65873592,65866441,7151
ENSG00000225189,23472280,23462465,9815
ENSG00000197446,41128381,41114432,13949
ENSG00000266490,30792833,30792372,461
ENSG00000276250,30804077,30803654,423
ENSG00000280069,30740275,30738182,2093
ENSG00000263603,30731202,30729469,1733
ENSG00000276337,87474370,87470370,4000
ENSG00000279337,30725181,30724982,199
ENSG00000278362,54586961,54576966,9995
ENSG00000265443,30727564,30726305,1259
ENSG00000265791,30782221,30781493,728
ENSG00000276393,87467654,87467138,516
ENSG00000264538,30790908,30709299,81609
ENSG00000140948,87492045,87406246,85799
ENSG00000105227,40413366,40393768,19598
ENSG00000224680,52369244,52368677,567
ENSG00000279806,40475289,40473554,1735
ENSG00000179698,144118315,144107726,10589
ENSG00000175376,66002176,65996545,5631
ENSG00000271369,34710161,34709600,561
ENSG00000169972,1311677,1308597,3080
ENSG00000270491,34743199,34742906,293
ENSG00000151116,18588747,18529609,59138
ENSG00000119913,112305035,112283400,21635
ENSG00000279711,133068129,133064697,3432
ENSG00000174370,128906035,128899565,6470
ENSG00000156535,73828316,73695785,132531
ENSG00000188130,50261716,50245450,16266
ENSG00000240731,1318689,1317581,1108
ENSG00000228330,13142977,13142185,792
ENSG00000253803,46872045,46870902,1143
ENSG00000253656,130655712,130595299,60413
ENSG00000203414,13158136,13156684,1452
ENSG00000248419,10478923,10478524,399
ENSG00000240774,120484527,120484171,356
ENSG00000237540,13159777,13159477,300
ENSG00000244441,120513188,120512850,338
ENSG00000120457,128921163,128891356,29807
ENSG00000278961,7793954,7784482,9472
ENSG00000110888,30754951,30709552,45399
ENSG00000259677,89877285,89876540,745
ENSG00000065518,120602507,120596328,6179
ENSG00000157823,89894638,89830599,64039
ENSG00000276289,7829926,7816675,13251
ENSG00000253992,130949665,130935409,14256
ENSG00000229370,13609168,13537673,71495
ENSG00000253259,130892785,130892070,715
ENSG00000179632,144107611,144104461,3150
ENSG00000286232,61271827,61267525,4302
ENSG00000230448,14400963,13710531,690432
ENSG00000277270,61437547,61434625,2922
ENSG00000155897,131040909,130780301,260608
ENSG00000227718,13758152,13723048,35104
ENSG00000179242,61940617,61252261,688356
ENSG00000229814,71589933,71589601,332
ENSG00000228505,14630192,14616428,13764
ENSG00000272672,89940147,89939601,546
ENSG00000228128,31721378,31717799,3579
ENSG00000260750,87515635,87492555,23080
ENSG00000197019,40425992,40421589,4403
ENSG00000149179,47164385,46936689,227696
ENSG00000159461,56425545,56361452,64093
ENSG00000277453,40426702,40426115,587
ENSG00000228666,28970460,28969130,1330
ENSG00000275527,74599397,74598919,478
ENSG00000249372,78222517,78222184,333
ENSG00000253558,78044138,78041879,2259
ENSG00000169583,136996803,136994635,2168
ENSG00000203897,108858524,108857217,1307
ENSG00000132842,78294755,78000525,294230
ENSG00000149600,32743997,32702691,41306
ENSG00000179151,74696292,74630558,65734
ENSG00000100219,28800597,28794555,6042
ENSG00000156222,84945798,84884654,61144
ENSG00000162641,108858228,108815898,42330
ENSG00000146802,112790592,112762382,28210
ENSG00000167565,40444335,40440844,3491
ENSG00000285382,32743567,32632183,111384
ENSG00000140740,21983660,21952660,31000
ENSG00000198547,32673941,32631652,42289
ENSG00000277504,87684477,87683945,532
ENSG00000240433,31713000,31709833,3167
ENSG00000154118,87698156,87601835,96321
ENSG00000268366,40444087,40443436,651
ENSG00000175730,32690815,32690180,635
ENSG00000156427,171457626,171419647,37979
ENSG00000232960,31711800,31704690,7110
ENSG00000162981,14650814,14632700,18114
ENSG00000227214,28987484,28986203,1281
ENSG00000244349,28988536,28986800,1736
ENSG00000249868,331026,311133,19893
ENSG00000182366,383174,375931,7243
ENSG00000272195,244971088,244969350,1738
ENSG00000179526,144108124,144098633,9491
ENSG00000104731,87765992,87696485,69507
ENSG00000215236,15362134,15361393,741
ENSG00000197935,29005316,28994785,10531
ENSG00000238224,245615145,245614773,372
ENSG00000232793,245283089,245282831,258
ENSG00000225106,61755056,61738219,16837
ENSG00000162849,245709432,245154985,554447
ENSG00000106268,2251146,2242222,8924
ENSG00000134247,116990353,116909916,80437
ENSG00000272937,55615878,55608043,7835
ENSG00000179253,61719748,61717506,2242
ENSG00000276786,61370855,61369879,976
ENSG00000175398,55637854,55636860,994
ENSG00000260621,56411683,56409320,2363
ENSG00000258921,55659795,55638912,20883
ENSG00000145860,159210053,159157409,52644
ENSG00000258907,55655168,55654558,610
ENSG00000228175,89994321,89993593,728
ENSG00000272837,55646663,55646195,468
ENSG00000168228,25370383,25312774,57609
ENSG00000085840,52404423,52372829,31594
ENSG00000270458,55662501,55662337,164
ENSG00000165349,70931125,70925579,5546
ENSG00000238057,144521477,144517978,3499
ENSG00000143368,149927803,149923317,4486
ENSG00000231652,73696131,73693903,2228
ENSG00000226471,28848559,28800683,47876
ENSG00000136944,126701032,126614443,86589
ENSG00000182585,74315307,74308473,6834
ENSG00000272858,28815662,28814914,748
ENSG00000168038,41962130,41246599,715531
ENSG00000224256,28836137,28835893,244
ENSG00000223677,29027607,29026680,927
ENSG00000236137,117059490,117025482,34008
ENSG00000134256,117036476,117001750,34726
ENSG00000231612,245676478,245673732,2746
ENSG00000279166,144496878,144494265,2613
ENSG00000283118,144450450,144444848,5602
ENSG00000232192,245234501,245206444,28057
ENSG00000242498,89912952,89895006,17946
ENSG00000087086,48966879,48965309,1570
ENSG00000169554,144524583,144364364,160219
ENSG00000104964,3063107,3052910,10197
ENSG00000120471,128943399,128934731,8668
ENSG00000226876,246113866,246108626,5240
ENSG00000235096,246035603,246025897,9706
ENSG00000225222,246179204,246178778,426
ENSG00000185420,246507312,245749342,757970
ENSG00000230375,52870329,52847910,22419
ENSG00000077080,100656461,100643097,13364
ENSG00000234667,49877305,49873347,3958
ENSG00000249312,130529889,130529419,470
ENSG00000250021,89912882,89834308,78574
ENSG00000164708,44065567,44062727,2840
ENSG00000162664,90035533,89995110,40423
ENSG00000239775,44066079,44064908,1171
ENSG00000155287,99620609,99610522,10087
ENSG00000228748,77793176,77782866,10310
ENSG00000238010,126641293,126640756,537
ENSG00000223639,31730525,31721342,9183
ENSG00000256091,113712398,113711720,678
ENSG00000135406,49298686,49293252,5434
ENSG00000253257,13353530,13353401,129
ENSG00000237310,66495474,66493706,1768
ENSG00000253932,13342754,13338574,4180
ENSG00000115446,98618515,98608579,9936
ENSG00000131746,40501623,40475828,25795
ENSG00000121864,179338583,179323031,15552
ENSG00000186665,67996431,67991101,5330
ENSG00000254887,42137099,42132555,4544
ENSG00000285914,171737519,171724575,12944
ENSG00000206455,31156655,31150981,5674
ENSG00000132600,68358563,68310974,47589
ENSG00000253110,171774739,171773652,1087
ENSG00000135437,55724705,55720367,4338
ENSG00000100429,50251405,50245183,6222
ENSG00000259436,42157523,42152569,4954
ENSG00000242390,142582399,142580910,1489
ENSG00000258464,23729741,23729038,703
ENSG00000259043,23751150,23749236,1914
ENSG00000028277,42196585,42086110,110475
ENSG00000233402,6202191,6200989,1202
ENSG00000234241,6215381,6213699,1682
ENSG00000270618,23768998,23767662,1336
ENSG00000271565,6219443,6219199,244
ENSG00000258887,23827396,23817281,10115
ENSG00000068784,45612165,45388680,223485
ENSG00000276915,6220759,6220330,429
ENSG00000285727,23882428,23875938,6490
ENSG00000229876,6528459,6446723,81736
ENSG00000259334,23934568,23922247,12321
ENSG00000228482,6736136,6731258,4878
ENSG00000230629,70963293,70962964,329
ENSG00000229324,71016905,71016531,374
ENSG00000134744,52553487,52408282,145205
ENSG00000182481,68046854,68035708,11146
ENSG00000230073,23525369,23523321,2048
ENSG00000130287,19252233,19211958,40275
ENSG00000247903,26979582,26971586,7996
ENSG00000239524,5278133,5277734,399
ENSG00000170439,55684611,55681678,2933
ENSG00000064115,27014434,26971579,42855
ENSG00000105426,5340803,5158495,182308
ENSG00000149182,47177125,47164299,12826
ENSG00000027001,23889400,23730189,159211
ENSG00000258311,55724703,55716036,8667
ENSG00000258334,49324576,49292631,31945
ENSG00000231099,109668002,109667128,874
ENSG00000100403,41360147,41301525,58622
ENSG00000232734,69433371,69432972,399
ENSG00000135441,55720087,55716037,4050
ENSG00000184988,43220041,43211835,8206
ENSG00000271044,84941133,84940504,629
ENSG00000135318,85495791,85449584,46207
ENSG00000250286,50538754,50537294,1460
ENSG00000229010,23141142,23140325,817
ENSG00000169641,23177808,23084023,93785
ENSG00000006282,50555852,50543058,12794
ENSG00000135424,55716043,55684568,31475
ENSG00000126950,101096367,101078879,17488
ENSG00000226892,32347428,32268544,78884
ENSG00000230184,246322438,246321663,775
ENSG00000280417,53048122,53046166,1956
ENSG00000223932,31705737,31700683,5054
ENSG00000272305,53099453,52969119,130334
ENSG00000262406,102875034,102862736,12298
ENSG00000205861,23897263,23888889,8374
ENSG00000227728,246522592,246509038,13554
ENSG00000242042,246524287,246516039,8248
ENSG00000188917,101052116,101009346,42770
ENSG00000276582,168953422,168939927,13495
ENSG00000240553,23088058,23020147,67911
ENSG00000230813,246528155,246527030,1125
ENSG00000232102,23766104,23765934,170
ENSG00000229112,246528841,246528562,279
ENSG00000004487,23083689,23019443,64246
ENSG00000205863,23902655,23890525,12130
ENSG00000163933,53130453,53088483,41970
ENSG00000162851,246566261,246540561,25700
ENSG00000253315,159245127,159227715,17412
ENSG00000255469,102880846,102880492,354
ENSG00000253256,159248796,159209921,38875
ENSG00000100401,41286251,41245611,40640
ENSG00000236262,70647562,70646165,1397
ENSG00000196911,116741866,116681187,60679
ENSG00000237539,15646875,15646167,708
ENSG00000215540,23546942,23537308,9634
ENSG00000162105,71252577,70467856,784721
ENSG00000169239,15788411,15688830,99581
ENSG00000236647,23551385,23549809,1576
ENSG00000225466,23614640,23581595,33045
ENSG00000100519,52728590,52707178,21412
ENSG00000224169,23659058,23657839,1219
ENSG00000223407,23667822,23659466,8356
ENSG00000269935,87602190,87600526,1664
ENSG00000226180,87696147,87693537,2610
ENSG00000260671,87747706,87739771,7935
ENSG00000228955,246632478,246632251,227
ENSG00000162852,246668595,246566444,102151
ENSG00000230209,32302050,32301091,959
ENSG00000226228,32369184,32366008,3176
ENSG00000147010,19887600,19533977,353623
ENSG00000277773,69702549,69673667,28882
ENSG00000273483,112518441,112517799,642
ENSG00000134245,112530165,112466541,63624
ENSG00000206501,30059900,30056276,3624
ENSG00000271751,119065677,119065263,414
ENSG00000227536,71045470,71043214,2256
ENSG00000225833,15621484,15602881,18603
ENSG00000229201,90533472,90510910,22562
ENSG00000186312,15703724,15674932,28792
ENSG00000239532,37821838,37821361,477
ENSG00000236383,43305397,43216941,88456
ENSG00000147164,71073426,71056332,17094
ENSG00000127362,141765197,141764097,1100
ENSG00000267469,3053724,3052910,814
ENSG00000127364,141780819,141778442,2377
ENSG00000160695,119081978,119067692,14286
ENSG00000214102,141731271,141708353,22918
ENSG00000204704,29045240,29044213,1027
ENSG00000277661,29076524,29036021,40503
ENSG00000147003,15675012,15627318,47694
ENSG00000242142,53065091,53064283,808
ENSG00000163935,53046750,52903572,143178
ENSG00000236909,29072599,29071824,775
ENSG00000235299,112626224,112625906,318
ENSG00000007341,112620825,112523514,97311
ENSG00000225300,246608102,246605873,2229
ENSG00000260698,246685075,246682108,2967
ENSG00000235021,246691821,246690047,1774
ENSG00000130234,15602148,15561033,41115
ENSG00000270923,141788640,141787815,825
ENSG00000228775,141738346,141704338,34008
ENSG00000004975,7234517,7225342,9175
ENSG00000225839,101094476,101043564,50912
ENSG00000143653,246768137,246724409,43728
ENSG00000206500,30065413,30059837,5576
ENSG00000285467,24051377,23969931,81446
ENSG00000141424,36129385,36108531,20854
ENSG00000116251,6209389,6185020,24369
ENSG00000157326,23969279,23953734,15545
ENSG00000236564,98695490,98694109,1381
ENSG00000071073,98731132,98619106,112026
ENSG00000206281,33243221,33228522,14699
ENSG00000178950,932373,849276,83097
ENSG00000076650,33130542,33080880,49662
ENSG00000258543,31711904,31705556,6348
ENSG00000106028,141787922,141738334,49588
ENSG00000228879,246755832,246755511,321
ENSG00000285499,69696385,69694773,1612
ENSG00000253745,46928832,46922561,6271
ENSG00000226873,23675392,23674379,1013
ENSG00000253782,46934446,46930840,3606
ENSG00000092820,158819368,158765741,53627
ENSG00000270964,67542604,67541072,1532
ENSG00000215179,46974617,46972476,2141
ENSG00000280282,19256141,19255638,503
ENSG00000213996,19273391,19264364,9027
ENSG00000125124,56520087,56466836,53251
ENSG00000272777,99068125,99067256,869
ENSG00000132361,2712663,2689386,23277
ENSG00000235386,246818180,246818076,104
ENSG00000223519,246839611,246771837,67774
ENSG00000134759,36180557,36129444,51113
ENSG00000229122,27061815,27061038,777
ENSG00000158286,6221299,6205475,15824
ENSG00000260855,246775772,246772301,3471
ENSG00000228474,27071654,27070472,1182
ENSG00000187664,19262804,19254756,8048
ENSG00000234688,36721472,36703918,17554
ENSG00000153207,246931967,246839098,92869
ENSG00000244717,69470136,69469883,253
ENSG00000280232,85499058,85498441,617
ENSG00000285602,15675608,15561047,114561
ENSG00000281371,15787589,15785716,1873
ENSG00000260475,99621918,99621055,863
ENSG00000197822,69558104,69492292,65812
ENSG00000267629,19273369,19254748,18621
ENSG00000114268,48562015,48517684,44331
ENSG00000134748,52420836,52404602,16234
ENSG00000272186,119067698,119067374,324
ENSG00000272056,27054276,27053618,658
ENSG00000274447,5294696,5294247,449
ENSG00000231636,27050264,27049683,581
ENSG00000104324,97149654,96645242,504412
ENSG00000267550,5178464,5178119,345
ENSG00000169155,126838210,126805006,33204
ENSG00000084693,27070622,27042364,28258
ENSG00000119599,72959703,72926332,33371
ENSG00000179029,8176399,8173237,3162
ENSG00000100749,96931722,96797382,134340
ENSG00000233893,158822252,158817979,4273
ENSG00000259797,68319036,68316801,2235
ENSG00000279693,68370262,68367325,2937
ENSG00000186009,113658186,113648804,9382
ENSG00000179342,66506223,66505155,1068
ENSG00000103056,68448508,68358327,90181
ENSG00000243316,112356574,112308181,48393
ENSG00000063127,49325225,49289638,35587
ENSG00000116254,6180321,6101787,78534
ENSG00000241680,110461362,110460988,374
ENSG00000204856,110490385,110468415,21970
ENSG00000266088,40527002,40517026,9976
ENSG00000249295,69502466,69477472,24994
ENSG00000260392,56629592,56542952,86640
ENSG00000267108,12437635,12432897,4738
ENSG00000126353,40565472,40553769,11703
ENSG00000102384,101163681,101098218,65463
ENSG00000144659,39397351,39383324,14027
ENSG00000279775,40598585,40597113,1472
ENSG00000177125,126885878,126860665,25213
ENSG00000264186,2991078,2990652,426
ENSG00000253778,86818558,86765935,52623
ENSG00000272625,2921685,2920966,719
ENSG00000263606,2946890,2945550,1340
ENSG00000253568,86776638,86776479,159
ENSG00000265907,2960756,2948238,12518
ENSG00000279790,73973115,73971346,1769
ENSG00000272249,97133379,97132835,544
ENSG00000266397,2985410,2967018,18392
ENSG00000228364,29077168,29076573,595
ENSG00000270077,97144723,97144170,553
ENSG00000204703,29087313,29086208,1105
ENSG00000101577,3013315,2916994,96321
ENSG00000232491,66557065,66556216,849
ENSG00000177418,66557362,66556889,473
ENSG00000234500,66545066,66511556,33510
ENSG00000204702,29102701,29099657,3044
ENSG00000160224,44298648,44285838,12810
ENSG00000229180,66592397,66526088,66309
ENSG00000104325,90053633,90001405,52228
ENSG00000275400,66554199,66553805,394
ENSG00000183579,29057487,28883592,173895
ENSG00000087263,56479100,56451490,27610
ENSG00000256603,113771691,113770393,1298
ENSG00000086827,113773735,113733187,40548
ENSG00000111231,110469268,110452486,16782
ENSG00000187630,24006408,23969874,36534
ENSG00000227698,41877613,41874756,2857
ENSG00000164603,112939875,112819147,120728
ENSG00000141956,41879482,41798225,81257
ENSG00000172354,100679174,100673567,5607
ENSG00000124882,74388749,74365145,23604
ENSG00000203879,154443467,154436913,6554
ENSG00000267249,12671145,12670426,719
ENSG00000134278,12658134,12446512,211622
ENSG00000270060,47169563,47168281,1282
ENSG00000271350,47041945,47041027,918
ENSG00000255520,47130801,47123104,7697
ENSG00000225163,96945394,96931367,14027
ENSG00000223581,7097675,7097152,523
ENSG00000148300,133418096,133406059,12037
ENSG00000270811,7154236,7154120,116
ENSG00000250532,74440457,74418917,21540
ENSG00000184271,51217708,51186936,30772
ENSG00000109321,74455005,74445136,9869
ENSG00000196358,132244526,132161676,82850
ENSG00000065154,124418976,124397303,21673
ENSG00000226801,33968518,33968071,447
ENSG00000137073,34048949,33921693,127256
ENSG00000166359,33175795,33132090,43705
ENSG00000221931,123754545,123753488,1057
ENSG00000177993,29031476,29024999,6477
ENSG00000235786,29018620,28992721,25899
ENSG00000259374,103141959,103139675,2284
ENSG00000272148,27062907,27062428,479
ENSG00000204701,29114770,29108059,6711
ENSG00000139055,14938537,14914039,24498
ENSG00000227206,29128908,29124210,4698
ENSG00000203492,29142934,29137410,5524
ENSG00000185974,113737736,113667219,70517
ENSG00000144810,99799226,99638475,160751
ENSG00000257070,113769994,113769660,334
ENSG00000243353,113751286,113751116,170
ENSG00000147364,477967,406428,71539
ENSG00000278126,51202581,51201684,897
ENSG00000234520,112995634,112954646,40988
ENSG00000196099,123806387,123805335,1052
ENSG00000279770,113751089,113748511,2578
ENSG00000279288,113077181,113075124,2057
ENSG00000259535,103149408,103148597,811
ENSG00000137397,30102654,30092451,10203
ENSG00000204252,33009591,33004182,5409
ENSG00000164604,113087778,113078331,9447
ENSG00000280089,70706068,70705605,463
ENSG00000226627,70635490,70631094,4396
ENSG00000255258,133810376,133783671,26705
ENSG00000171671,70865115,70862790,2325
ENSG00000036549,77683419,77562416,121003
ENSG00000279459,70604859,70603304,1555
ENSG00000260244,155737062,155734448,2614
ENSG00000227726,70477592,70477277,315
ENSG00000235127,14907664,14886647,21017
ENSG00000274031,56466162,56465642,520
ENSG00000167005,56452199,56429133,23066
ENSG00000164116,155732349,155666711,65638
ENSG00000147162,71575892,71533104,42788
ENSG00000268686,49388081,49368705,19376
ENSG00000160323,133459402,133414358,45044
ENSG00000020129,35567274,35557473,9801
ENSG00000074219,49362457,49340595,21862
ENSG00000129667,76501790,76470891,30899
ENSG00000262050,2712833,2712309,524
ENSG00000184497,113816995,113759240,57755
ENSG00000259690,29376956,29373602,3354
ENSG00000104059,29570723,29120254,450469
ENSG00000116830,117107453,117060326,47127
ENSG00000227953,246792385,246776013,16372
ENSG00000213540,84086233,84085741,492
ENSG00000261703,50807629,50806668,961
ENSG00000151164,110532086,110501655,30431
ENSG00000189042,36727701,36687612,40089
ENSG00000142856,63593721,63440770,152951
ENSG00000186187,75110994,74999030,111964
ENSG00000261241,50901063,50840017,61046
ENSG00000229223,30104272,30094794,9478
ENSG00000259299,29235137,29233673,1464
ENSG00000185115,29269829,29264992,4837
ENSG00000135747,247078811,246945547,133264
ENSG00000143032,90717302,90711539,5763
ENSG00000260042,50879278,50856614,22664
ENSG00000233695,113845744,113815630,30114
ENSG00000260605,51038764,51035118,3646
ENSG00000277462,247078811,247034637,44174
ENSG00000227915,23678835,23678504,331
ENSG00000261637,51035777,51017544,18233
ENSG00000183087,113864076,113820549,43527
ENSG00000246575,85316529,85315041,1488
ENSG00000129951,821977,812488,9489
ENSG00000233593,90851657,90782983,68674
ENSG00000260620,51056399,51054728,1671
ENSG00000261282,51108021,51107571,450
ENSG00000215796,247044021,247042791,1230
ENSG00000236775,247017291,247015068,2223
ENSG00000197472,247008093,246945547,62546
ENSG00000103449,51151367,51135975,15392
ENSG00000285532,90849472,90841587,7885
ENSG00000184986,105530202,105526583,3619
ENSG00000103091,75000173,74871362,128811
ENSG00000116237,6235972,6221193,14779
ENSG00000267041,36772825,36714383,58442
ENSG00000230157,105537239,105536861,378
ENSG00000104320,90003228,89933336,69892
ENSG00000184481,71103535,71096197,7338
ENSG00000225457,113146330,113100663,45667
ENSG00000280344,51178898,51176066,2832
ENSG00000214194,113118560,113116718,1842
ENSG00000261238,51149819,51149239,580
ENSG00000261047,51244123,51244054,69
ENSG00000260850,51525157,51354456,170701
ENSG00000025423,56787790,56752161,35629
ENSG00000260818,51279112,51277852,1260
ENSG00000285367,51442519,51150770,291749
ENSG00000168297,58426126,58332880,93246
ENSG00000254613,123841930,123839035,2895
ENSG00000228982,247086067,247085389,678
ENSG00000253410,123192932,123192875,57
ENSG00000259525,103185039,103184204,835
ENSG00000253258,123182788,123181638,1150
ENSG00000152291,85328296,85318020,10276
ENSG00000254430,123862521,123861822,699
ENSG00000147689,123210079,123178960,31119
ENSG00000188295,247104372,247099962,4410
ENSG00000049283,50543750,50532682,11068
ENSG00000145632,58460139,58453982,6157
ENSG00000234402,105549694,105546610,3084
ENSG00000225446,90855253,90851759,3494
ENSG00000135048,71816690,71683366,133324
ENSG00000272094,90862920,90860550,2370
ENSG00000232882,90893612,90892992,620
ENSG00000211890,105588395,105583731,4664
ENSG00000169763,23694579,23681440,13139
ENSG00000170545,51270415,51244558,25857
ENSG00000176043,72929930,72929612,318
ENSG00000008277,88202889,87934143,268746
ENSG00000285629,6197757,6159430,38327
ENSG00000221953,247112417,247110160,2257
ENSG00000226164,247120278,247119669,609
ENSG00000226944,6205780,6204840,940
ENSG00000198018,99711241,99659509,51732
ENSG00000215256,23988839,23938731,50108
ENSG00000225077,6239444,6234692,4752
ENSG00000134909,129279324,128965060,314264
ENSG00000196418,247172016,247121975,50041
ENSG00000112214,96616636,96562548,54088
ENSG00000272293,451343,450714,629
ENSG00000225766,24051028,24036453,14575
ENSG00000285625,56741535,56714612,26923
ENSG00000204949,123202743,123201172,1571
ENSG00000198056,56752373,56731580,20793
ENSG00000234910,90082569,90081297,1272
ENSG00000278382,90108518,90108244,274
ENSG00000229278,99659284,99651595,7689
ENSG00000279503,90158646,90158028,618
ENSG00000119929,99756134,99702558,53576
ENSG00000268711,51426668,51426347,321
ENSG00000185074,90216924,90216039,885
ENSG00000125845,6780246,6767686,12560
ENSG00000225072,90233141,90232185,956
ENSG00000268292,20065705,20064552,1153
ENSG00000269181,51442650,51442379,271
ENSG00000231107,90433505,90300902,132603
ENSG00000236540,20070569,20058030,12539
ENSG00000240138,161326219,161324913,1306
ENSG00000273374,99806058,99802699,3359
ENSG00000229613,90582744,90463524,119220
ENSG00000247033,75110712,75108601,2111
ENSG00000165802,137459334,137447573,11761
ENSG00000183597,20065926,20017014,48912
ENSG00000235141,7295290,7295106,184
ENSG00000198879,7411486,7158624,252862
ENSG00000224014,247175525,247175256,269
ENSG00000183283,51271362,51238724,32638
ENSG00000215795,247185482,247183813,1669
ENSG00000259865,247188526,247187281,1245
ENSG00000164975,15465953,15422704,43249
ENSG00000232347,247241823,247210691,31132
ENSG00000224508,30757842,30747726,10116
ENSG00000102181,150898816,150766336,132480
ENSG00000235818,247237957,247236868,1089
ENSG00000214144,247231880,247229940,1940
ENSG00000228575,30762547,30744466,18081
ENSG00000236274,35511438,35509742,1696
ENSG00000283959,102687118,102656464,30654
ENSG00000227671,247210856,247189851,21005
ENSG00000271098,2288428,2287915,513
ENSG00000166118,133845538,133840631,4907
ENSG00000106266,2354318,2251770,102548
ENSG00000142687,35557950,35433492,124458
ENSG00000285932,99732112,99651595,80517
ENSG00000014919,99732100,99711844,20256
ENSG00000197617,247257210,247255972,1238
ENSG00000162714,247331846,247297412,34434
ENSG00000110435,35020591,34915829,104762
ENSG00000225428,87968971,87968609,362
ENSG00000256021,21448314,21447545,769
ENSG00000233205,87973082,87972656,426
ENSG00000213153,133865627,133864877,750
ENSG00000121350,21471250,21437615,33635
ENSG00000275597,87992858,87980714,12144
ENSG00000280237,133901601,133896438,5163
ENSG00000076864,21669363,21596215,73148
ENSG00000111237,110502117,110491097,11020
ENSG00000172086,88055783,88027205,28578
ENSG00000231643,101191409,101191115,294
ENSG00000079739,63660245,63593411,66834
ENSG00000145040,48563781,48561718,2063
ENSG00000233690,99697949,99697407,542
ENSG00000196531,56731628,56712428,19200
ENSG00000139218,45992120,45919131,72989
ENSG00000171872,44135140,44118850,16290
ENSG00000080854,133956985,133908564,48421
ENSG00000106263,2380745,2354086,26659
ENSG00000188873,47157771,47157118,653
ENSG00000248347,47198861,47089572,109289
ENSG00000286216,247348076,247337886,10190
ENSG00000233514,44122512,44122153,359
ENSG00000254348,47189560,47189305,255
ENSG00000280306,20489659,20487702,1957
ENSG00000285992,47132628,47129262,3366
ENSG00000253502,47194347,47194002,345
ENSG00000283039,44141631,44137821,3810
ENSG00000248531,47165524,47164870,654
ENSG00000266824,8182812,8176812,6000
ENSG00000253817,47198323,47198032,291
ENSG00000255366,47193262,47190772,2490
ENSG00000226804,44151753,44150594,1159
ENSG00000196544,8190907,8188333,2574
ENSG00000279967,8103706,8101251,2455
ENSG00000238037,44155301,44155028,273
ENSG00000227994,44172719,44172506,213
ENSG00000271329,44189049,44187943,1106
ENSG00000279152,8189688,8188933,755
ENSG00000259015,72961993,72960595,1398
ENSG00000162711,247449108,247416156,32952
ENSG00000166557,79427432,79311112,116320
ENSG00000239544,72964008,72963645,363
ENSG00000278996,8227646,8197620,30026
ENSG00000271002,8199437,8199123,314
ENSG00000224733,128501176,128500527,649
ENSG00000277447,3025387,3025069,318
ENSG00000242109,24097360,24096512,848
ENSG00000280800,8211306,8210384,922
ENSG00000004700,21501669,21468910,32759
ENSG00000224074,24103238,24096269,6969
ENSG00000286155,8235832,8235354,478
ENSG00000286252,8237979,8237649,330
ENSG00000286057,8239092,8238859,233
ENSG00000286012,8241047,8240736,311
ENSG00000197498,111028263,110982015,46248
ENSG00000281383,8255514,8254592,922
ENSG00000227336,60214946,60214352,594
ENSG00000215177,47202897,47202444,453
ENSG00000278993,110503441,110501614,1827
ENSG00000238213,60276006,60274776,1230
ENSG00000103671,64455303,64387748,67555
ENSG00000277549,60322766,60322591,175
ENSG00000066813,20576427,20536226,40201
ENSG00000115593,88113384,88067825,45559
ENSG00000105428,5456856,5455431,1425
ENSG00000270997,113416322,113415689,633
ENSG00000286267,8418235,8417757,478
ENSG00000280614,8394341,8393419,922
ENSG00000286146,8421003,8420675,328
ENSG00000281181,8438551,8437629,922
ENSG00000286054,8422116,8421883,233
ENSG00000286178,8424071,8423760,311
ENSG00000125629,118110997,118088452,22545
ENSG00000280441,8454792,8380643,74149
ENSG00000233270,5576938,5576660,278
ENSG00000104901,49375116,49361783,13333
ENSG00000223573,5578349,5558167,20182
ENSG00000000971,196747504,196651878,95626
ENSG00000113013,138575724,138553756,21968
ENSG00000130762,3481113,3454665,26448
ENSG00000203965,63572693,63523372,49321
ENSG00000165244,96418370,96385941,32429
ENSG00000178999,8210600,8204733,5867
ENSG00000116489,112671616,112619805,51811
ENSG00000164985,15510995,15464066,46929
ENSG00000238251,96407797,96407284,513
ENSG00000149089,34916379,34853094,63285
ENSG00000272223,43034405,43033897,508
ENSG00000278894,113451402,113451072,330
ENSG00000271166,71804826,71804283,543
ENSG00000124541,43034156,43021623,12533
ENSG00000271010,10598965,10598001,964
ENSG00000101624,12702777,12661833,40944
ENSG00000154415,114075920,113876777,199143
ENSG00000074800,8879250,8861000,18250
ENSG00000268157,49357769,49356152,1617
ENSG00000104894,49343335,49335171,8164
ENSG00000116652,63550636,63547082,3554
ENSG00000168028,39412542,39406716,5826
ENSG00000249173,184899454,184893871,5583
ENSG00000251147,184911352,184910889,463
ENSG00000214389,98386584,98385801,783
ENSG00000271434,124450048,124447152,2896
ENSG00000272950,98323430,98322853,577
ENSG00000164713,98310441,98252379,58062
ENSG00000229544,124450035,124445243,4792
ENSG00000226791,98772920,98761938,10982
ENSG00000279460,184988127,184984277,3850
ENSG00000134253,117122587,117111060,11527
ENSG00000102096,48919024,48913182,5842
ENSG00000233307,109733136,109732731,405
ENSG00000102385,101264497,101219769,44728
ENSG00000233707,109737523,109737139,384
ENSG00000241058,18659285,18545561,113724
ENSG00000282033,109760364,109758799,1565
ENSG00000132017,13961449,13952492,8957
ENSG00000006453,98401090,98291650,109440
ENSG00000248517,185005186,184988997,16189
ENSG00000130600,2001470,1995176,6294
ENSG00000131876,101295282,101281510,13772
ENSG00000187821,185020804,185018841,1963
ENSG00000159713,67393518,67389809,3709
ENSG00000270532,85341838,85341281,557
ENSG00000237708,57069685,57068914,771
ENSG00000242441,48733148,48617798,115350
ENSG00000224578,51647132,51553436,93696
ENSG00000185662,171796126,171782432,13694
ENSG00000127993,92540481,92528773,11708
ENSG00000099365,31010638,30989256,21382
ENSG00000132000,13953392,13931187,22205
ENSG00000226856,118222250,118132128,90122
ENSG00000255406,134030167,134026900,3267
ENSG00000228728,150819246,150818753,493
ENSG00000282978,101457732,101457241,491
ENSG00000228453,117138609,117138229,380
ENSG00000163586,88128116,88122982,5134
ENSG00000091704,130388114,130380339,7775
ENSG00000258910,118835110,118766965,68145
ENSG00000235020,18261194,18206127,55067
ENSG00000243355,32779286,32779039,247
ENSG00000163064,118847678,118842171,5507
ENSG00000090013,40465840,40447765,18075
ENSG00000165995,18543557,18140677,402880
ENSG00000134258,117210960,117143587,67373
ENSG00000231389,33080775,33064569,16206
ENSG00000198870,133406096,133376367,29729
ENSG00000230523,29350114,29329620,20494
ENSG00000254648,134037107,134035832,1275
ENSG00000278819,92557877,92540268,17609
ENSG00000243838,161330238,161328924,1314
ENSG00000204241,134046849,134032272,14577
ENSG00000225011,29496893,29488193,8700
ENSG00000228176,29709547,29708851,696
ENSG00000231496,10970816,10960151,10665
ENSG00000186787,57121546,57118551,2995
ENSG00000228027,11011119,11010164,955
ENSG00000196542,161372880,161344792,28088
ENSG00000164484,130443063,130365734,77329
ENSG00000280070,96996601,96992864,3737
ENSG00000229635,93384998,93384487,511
ENSG00000196872,98936259,98793846,142413
ENSG00000259026,97119247,97110416,8831
ENSG00000048740,11336675,10798397,538278
ENSG00000015568,109857705,109792758,64947
ENSG00000258393,97121501,97116355,5146
ENSG00000285517,30879268,30795458,83810
ENSG00000284676,29790597,29755175,35422
ENSG00000249520,185065323,185064981,342
ENSG00000250754,185107248,185051896,55352
ENSG00000206454,31163150,31156777,6373
ENSG00000105366,51458456,51450847,7609
ENSG00000115361,210225447,210187126,38321
ENSG00000224796,33079860,33079451,409
ENSG00000223865,33089696,33075990,13706
ENSG00000113924,120682269,120628172,54097
ENSG00000014914,149936879,149928651,8228
ENSG00000259110,97158736,97154857,3879
ENSG00000259094,118952983,118949306,3677
ENSG00000019169,118994660,118942166,52494
ENSG00000235884,30802602,30755167,47435
ENSG00000246331,30780739,30755074,25665
ENSG00000258118,30862179,30861921,258
ENSG00000147168,71112108,71107404,4704
ENSG00000137942,93554661,93448131,106530
ENSG00000163507,108589644,108549864,39780
ENSG00000137764,67807117,67542703,264414
ENSG00000239397,46004685,46004038,647
ENSG00000267199,12448205,12438890,9315
ENSG00000128789,12725740,12658043,67697
ENSG00000229455,124490578,124489823,755
ENSG00000278831,124624079,124623353,726
ENSG00000102387,101293057,101268253,24804
ENSG00000235202,117321336,117295520,25816
ENSG00000233334,124714217,124703625,10592
ENSG00000144119,119158751,119156243,2508
ENSG00000258539,124791727,124617080,174647
ENSG00000271427,117365473,117364899,574
ENSG00000270927,29905357,29904865,492
ENSG00000233399,30037612,30013952,23660
ENSG00000115107,119265652,119223831,41821
ENSG00000189319,124744378,124619292,125086
ENSG00000234851,161429597,161429127,470
ENSG00000269888,161429613,161429112,501
ENSG00000240567,161448242,161426427,21815
ENSG00000068781,48776517,48529925,246592
ENSG00000233372,30141607,30140263,1344
ENSG00000279317,210233976,210171518,62458
ENSG00000231251,30226615,30226523,92
ENSG00000197813,49340303,49331617,8686
ENSG00000273196,85387146,85387074,72
ENSG00000198753,153779346,153764196,15150
ENSG00000107902,124617888,124461823,156065
ENSG00000285750,24822950,24816331,6619
ENSG00000268529,41137308,41134722,2586
ENSG00000116785,196795406,196774795,20611
ENSG00000115459,85391752,85354394,37358
ENSG00000236620,23726808,23715922,10886
ENSG00000224866,23736249,23734193,2056
ENSG00000285171,71111575,71103987,7588
ENSG00000114698,146251179,146192335,58844
ENSG00000181085,143722458,143716340,6118
ENSG00000274174,54618340,54594345,23995
ENSG00000204165,71106788,71103889,2899
ENSG00000232696,46078828,46078015,813
ENSG00000213455,98454617,98454119,498
ENSG00000171132,46187990,45651345,536645
ENSG00000147174,71613583,71578411,35172
ENSG00000260552,36187448,36179996,7452
ENSG00000257957,35767110,35765795,1315
ENSG00000229741,32382615,32369461,13154
ENSG00000229867,119249071,119244422,4649
ENSG00000152944,27066343,27022546,43797
ENSG00000274698,68452318,68450283,2035
ENSG00000174373,35809304,35538352,270952
ENSG00000241334,68477570,68477237,333
ENSG00000259547,41109178,41108878,300
ENSG00000229923,130697778,130697312,466
ENSG00000259463,41013300,41011597,1703
ENSG00000279513,117495006,117493515,1491
ENSG00000259521,41027893,41016807,11086
ENSG00000198162,117528872,117367449,161423
ENSG00000256162,130837135,130827406,9729
ENSG00000128908,41116354,40978880,137474
ENSG00000203791,124791887,124748149,43738
ENSG00000146830,100694037,100679507,14530
ENSG00000159714,67416833,67394152,22681
ENSG00000228987,32419764,32414554,5210
ENSG00000198919,108694840,108589705,105135
ENSG00000072840,5814305,5711201,103104
ENSG00000232424,23746693,23740258,6435
ENSG00000223402,98479225,98478551,674
ENSG00000232910,23751760,23751188,572
ENSG00000184428,143359979,143304384,55595
ENSG00000259814,29611212,29609676,1536
ENSG00000144115,88186636,88170295,16341
ENSG00000276572,54744567,54733008,11559
ENSG00000275764,27038960,27037100,1860
ENSG00000254548,143718891,143718246,645
ENSG00000211891,105601728,105597691,4037
ENSG00000166930,60455214,60429572,25642
ENSG00000263450,32957998,32954075,3923
ENSG00000165023,90642862,90609832,33030
ENSG00000263765,32938316,32833454,104862
ENSG00000285584,97217778,97180525,37253
ENSG00000246084,97581601,97458816,122785
ENSG00000166960,33441101,32937402,503699
ENSG00000122482,91022272,90915298,106974
ENSG00000197176,97686658,97632647,54011
ENSG00000178055,46834095,46829542,4553
ENSG00000184385,42108534,42102134,6400
ENSG00000205702,42149455,42140203,9252
ENSG00000177398,42143453,42062959,80494
ENSG00000151729,185150382,185143266,7116
ENSG00000244414,196832189,196819757,12432
ENSG00000243244,48598513,48529383,69130
ENSG00000236316,90743380,90742526,854
ENSG00000232725,153766478,153735626,30852
ENSG00000224802,34109968,34109171,797
ENSG00000259300,29614274,29612570,1704
ENSG00000198876,34127399,34086387,41012
ENSG00000270813,101338289,101337725,564
ENSG00000232845,23765583,23762838,2745
ENSG00000184343,153785732,153776412,9320
ENSG00000230153,150920938,150915813,5125
ENSG00000229341,32153125,32140675,12450
ENSG00000110934,51324668,51281038,43630
ENSG00000224476,41170166,41169861,305
ENSG00000029993,150990771,150980509,10262
ENSG00000103042,58684770,58665109,19661
ENSG00000258869,97763989,97749264,14725
ENSG00000256802,29680957,29674990,5967
ENSG00000258379,97789256,97786565,2691
ENSG00000246223,97978124,97925610,52514
ENSG00000169299,37862937,37826660,36277
ENSG00000172232,832018,825097,6921
ENSG00000229487,111711101,111706649,4452
ENSG00000160801,46903799,46877721,26078
ENSG00000231336,46167978,46166789,1189
ENSG00000228481,45675476,45674701,775
ENSG00000101901,111760649,111665811,94838
ENSG00000233829,46004309,46003942,367
ENSG00000235837,16719898,16695871,24027
ENSG00000136261,16706523,16646131,60392
ENSG00000169249,15823260,15790472,32788
ENSG00000072832,5893058,5748084,144974
ENSG00000260498,87779374,87773488,5886
ENSG00000138039,48755730,48686774,68956
ENSG00000237302,23798150,23771232,26918
ENSG00000231540,23809059,23808821,238
ENSG00000275658,54761521,54746977,14544
ENSG00000267515,12451042,12450447,595
ENSG00000106236,98629869,98617285,12584
ENSG00000071859,154450654,154444141,6513
ENSG00000196850,110583318,110533245,50073
ENSG00000166816,75116771,75111860,4911
ENSG00000100360,36776256,36758202,18054
ENSG00000228352,34096225,34084332,11893
ENSG00000223362,23857091,23855522,1569
ENSG00000109762,185370185,185204237,165948
ENSG00000196593,23946782,23939557,7225
ENSG00000175857,58497090,58491435,5655
ENSG00000285986,196884793,196850283,34510
ENSG00000231026,23917723,23917241,482
ENSG00000224571,23921510,23919905,1605
ENSG00000280961,23941622,23936727,4895
ENSG00000134365,196918713,196888014,30699
ENSG00000226369,23940101,23934953,5148
ENSG00000165861,73027131,72969451,57680
ENSG00000278839,69726961,69709074,17887
ENSG00000255457,13705506,13695574,9932
ENSG00000255413,13742781,13741809,972
ENSG00000083544,60573878,60396457,177421
ENSG00000276763,108575064,108574683,381
ENSG00000211892,105626066,105620506,5560
ENSG00000254616,134173680,134173095,585
ENSG00000166086,134152001,134068925,83076
ENSG00000230679,8879894,8878835,1059
ENSG00000106477,130442433,130393771,48662
ENSG00000109684,10684768,10486395,198373
ENSG00000274242,25244854,25244061,793
ENSG00000099256,24952606,24848614,103992
ENSG00000168530,210315174,210290150,25024
ENSG00000186132,119366834,119302225,64609
ENSG00000132300,86142157,86106223,35934
ENSG00000236545,41872054,41870633,1421
ENSG00000254129,29140729,29110573,30156
ENSG00000217268,74004812,74004520,292
ENSG00000253770,29219472,29218905,567
ENSG00000259607,29068454,29067279,1175
ENSG00000197892,29263124,29067278,195846
ENSG00000224583,74652002,74642384,9618
ENSG00000223786,74690727,74069451,621276
ENSG00000279956,48755724,48632291,123433
ENSG00000217178,74282660,74282266,394
ENSG00000218483,74610715,74610449,266
ENSG00000273753,54775840,54763492,12348
ENSG00000272243,74734279,74530248,204031
ENSG00000239995,48633353,48632856,497
ENSG00000137745,102955732,102942995,12737
ENSG00000251563,87601634,87598462,3172
ENSG00000253500,87755718,87540835,214883
ENSG00000253401,87576508,87575598,910
ENSG00000176571,87615219,86866442,748777
ENSG00000080910,196959622,196943738,15884
ENSG00000183911,101340934,101339917,1017
ENSG00000224597,29487745,29409402,78343
ENSG00000126953,101348749,101345659,3090
ENSG00000254753,13849109,13844101,5008
ENSG00000254425,13909780,13909231,549
ENSG00000271257,58503700,58503295,405
ENSG00000255437,14023422,14022687,735
ENSG00000273107,24953513,24953241,272
ENSG00000185875,25026664,25016612,10052
ENSG00000177535,247458105,247449118,8987
ENSG00000109771,185395899,185363879,32020
ENSG00000226755,117549922,117549415,507
ENSG00000236866,117605770,117596832,8938
ENSG00000203664,247492415,247488093,4322
ENSG00000172336,100707486,100706121,1365
ENSG00000219736,74850484,74849077,1407
ENSG00000260177,87806476,87780134,26342
ENSG00000228667,24868190,24867645,545
ENSG00000183508,117628389,117606048,22341
ENSG00000151025,25602229,25174802,427427
ENSG00000240389,32235290,32231591,3699
ENSG00000130427,100723700,100720468,3232
ENSG00000256734,18450868,18450112,756
ENSG00000260466,87837663,87836532,1131
ENSG00000166796,18452063,18412318,39745
ENSG00000103257,87869507,87830023,39484
ENSG00000235663,31765588,31764310,1278
ENSG00000109919,47642607,47617315,25292
ENSG00000213262,117641639,117640812,827
ENSG00000255152,31764851,31740020,24831
ENSG00000139610,51346679,51328443,18236
ENSG00000197437,247679739,247670812,8927
ENSG00000196242,247536440,247524677,11763
ENSG00000101986,153744755,153724856,19899
ENSG00000169214,247716646,247711436,5210
ENSG00000151023,25062279,24981979,80300
ENSG00000130254,5624046,5586999,37047
ENSG00000169224,247577690,247507058,70632
ENSG00000115365,210477652,210431249,46403
ENSG00000164323,185209504,185159665,49839
ENSG00000128573,114693772,114086327,607445
ENSG00000285859,25161236,24952350,208886
ENSG00000231422,25161236,25113058,48178
ENSG00000233642,25176276,25158072,18204
ENSG00000225976,29698174,29697935,239
ENSG00000167600,41207539,41193210,14329
ENSG00000259617,41004865,40999274,5591
ENSG00000274985,29422012,29421476,536
ENSG00000280036,41018843,41016990,1853
ENSG00000105875,135211534,135183839,27695
ENSG00000284656,29166201,29162475,3726
ENSG00000250410,185390928,185370725,20203
ENSG00000010671,101390796,101349447,41349
ENSG00000197321,29736781,29457338,279443
ENSG00000259097,98205143,98068240,136903
ENSG00000204700,29175811,29170907,4904
ENSG00000258511,98139242,98136074,3168
ENSG00000258795,98514798,98497132,17666
ENSG00000155511,153813869,153489615,324254
ENSG00000237591,32448172,32434517,13655
ENSG00000100249,29061844,29058672,3172
ENSG00000235577,32460505,32460410,95
ENSG00000234470,32501955,32501548,407
ENSG00000176605,98717766,98711613,6153
ENSG00000230335,76932066,76931261,805
ENSG00000226450,42155001,42149886,5115
ENSG00000224233,29182445,29181510,935
ENSG00000127366,141791367,141790217,1150
ENSG00000259173,58756247,58755625,622
ENSG00000230598,29216933,29212886,4047
ENSG00000197894,99088801,99070978,17823
ENSG00000235391,32508241,32507110,1131
ENSG00000233240,32523409,32504263,19146
ENSG00000241926,141802059,141801315,744
ENSG00000245975,58770974,58768072,2902
ENSG00000224354,141803487,141802482,1005
ENSG00000204697,29264079,29262703,1376
ENSG00000242524,29269421,29268462,959
ENSG00000236604,76971028,76970322,706
ENSG00000197171,29292963,29223973,68990
ENSG00000229857,76993108,76992099,1009
ENSG00000099282,69507666,69451465,56201
ENSG00000204612,77020953,77019655,1298
ENSG00000270385,87893735,87892955,780
ENSG00000174990,87936580,87881546,55034
ENSG00000255348,134186166,134178824,7342
ENSG00000236884,32583052,32548950,34102
ENSG00000213911,29230157,29229227,930
ENSG00000236873,32245105,32235221,9884
ENSG00000230508,150994091,150993501,590
ENSG00000214700,27082514,27081058,1456
ENSG00000151503,134225454,134150119,75335
ENSG00000232851,77040673,77040416,257
ENSG00000270916,151023722,151023607,115
ENSG00000261058,75144200,75119558,24642
ENSG00000183762,29168333,29073078,95255
ENSG00000156738,60470760,60455752,15008
ENSG00000102195,151181465,151176653,4812
ENSG00000100207,42343616,42160013,183603
ENSG00000279155,48940808,48939992,816
ENSG00000211893,105644790,105639559,5231
ENSG00000068308,48958386,48922028,36358
ENSG00000160633,5668478,5623035,45443
ENSG00000122515,44769881,44748581,21300
ENSG00000234696,151177836,151175192,2644
ENSG00000160808,46882169,46857872,24297
ENSG00000264522,150010726,149937812,72914
ENSG00000253407,131144881,131130388,14493
ENSG00000271418,27094223,27093923,300
ENSG00000253507,131317632,131308545,9087
ENSG00000256625,27147664,27121910,25754
ENSG00000256226,27161393,27105151,56242
ENSG00000182057,42279534,42269703,9831
ENSG00000213722,31730617,31727038,3579
ENSG00000253364,105649057,105647924,1133
ENSG00000254255,131712980,131712512,468
ENSG00000253755,105669843,105664633,5210
ENSG00000213140,105673314,105672308,1006
ENSG00000232393,91024804,91023919,885
ENSG00000169330,79472290,79432516,39774
ENSG00000211895,105708665,105703995,4670
ENSG00000065328,13211104,13161554,49550
ENSG00000260689,57247893,57246960,933
ENSG00000275343,56908635,56908312,323
ENSG00000233526,77073295,77072100,1195
ENSG00000285331,56918499,56795460,123039
ENSG00000259512,67629135,67627852,1283
ENSG00000137871,56734086,56630181,103905
ENSG00000270432,90752230,90751240,990
ENSG00000226772,29111683,29099041,12642
ENSG00000211455,27325959,27243968,81991
ENSG00000235978,4887293,4814294,72999
ENSG00000121542,123274136,123201927,72209
ENSG00000267735,12884088,12880969,3119
ENSG00000105612,12881466,12875209,6257
ENSG00000136167,46211871,46125920,85951
ENSG00000163931,53256052,53224712,31340
ENSG00000239648,141804652,141803701,951
ENSG00000240677,141812257,141811805,452
ENSG00000150316,94973586,94962620,10966
ENSG00000165076,141841487,141836286,5201
ENSG00000269993,151182855,151182386,469
ENSG00000184517,75172236,75148494,23742
ENSG00000081377,96619830,96490241,129589
ENSG00000228926,31602108,31601835,273
ENSG00000272088,3487627,3487246,381
ENSG00000235947,4751590,4749192,2398
ENSG00000235588,31607772,31605935,1837
ENSG00000226362,18405046,18390994,14052
ENSG00000076604,28750956,28744005,6951
ENSG00000282909,18405046,18389297,15749
ENSG00000130699,62065810,61953469,112341
ENSG00000284824,247532613,247524679,7934
ENSG00000228717,151227715,151226229,1486
ENSG00000177489,247589313,247588360,953
ENSG00000153230,247739559,247738615,944
ENSG00000231794,135209837,135198401,11436
ENSG00000177476,247606515,247605586,929
ENSG00000236817,247640854,247565639,75215
ENSG00000260443,87945202,87945058,144
ENSG00000240031,141863737,141862860,877
ENSG00000178028,44220681,44213455,7226
ENSG00000235749,247747062,247639749,107313
ENSG00000237621,141888092,141887148,944
ENSG00000241128,247724043,247722957,1086
ENSG00000285159,158864502,158853588,10914
ENSG00000243775,158857632,158841117,16515
ENSG00000260369,80454729,80453735,994
ENSG00000176601,135047468,134964491,82977
ENSG00000279273,80465593,80463451,2142
ENSG00000065485,123225227,123067025,158202
ENSG00000239395,247723764,247711813,11951
ENSG00000179546,23194729,23191895,2834
ENSG00000230411,247667841,247666887,954
ENSG00000198452,247622372,247617143,5229
ENSG00000171246,80477843,80466834,11009
ENSG00000221888,247760556,247754846,5710
ENSG00000203711,158919105,158869939,49166
ENSG00000255259,129296481,129295286,1195
ENSG00000130827,154477779,154458281,19498
ENSG00000253692,105722527,105721794,733
ENSG00000228336,247779524,247770169,9355
ENSG00000211896,105743071,105736343,6728
ENSG00000196772,247824119,247814660,9459
ENSG00000249942,74589481,74552584,36897
ENSG00000232908,247828502,247827486,1016
ENSG00000230576,247834288,247833349,939
ENSG00000215381,23245224,23244765,459
ENSG00000262000,80515389,80515215,174
ENSG00000271340,80515812,80515657,155
ENSG00000261326,23286752,23281308,5444
ENSG00000260743,179341887,179340322,1565
ENSG00000197591,247841896,247840928,968
ENSG00000213076,158922150,158921271,879
ENSG00000213128,80542605,80542203,402
ENSG00000174808,74794523,74744759,49764
ENSG00000162722,247880138,247857187,22951
ENSG00000121741,20091829,19958670,133159
ENSG00000043039,129452279,129375940,76339
ENSG00000237323,54652230,54652085,145
ENSG00000257553,56113905,56104614,9291
ENSG00000242856,54648853,54647944,909
ENSG00000232998,77178180,77176760,1420
ENSG00000235018,62037956,62037429,527
ENSG00000186818,54670359,54643889,26470
ENSG00000225573,66607107,66606738,369
ENSG00000065361,56103505,56076799,26706
ENSG00000228607,113780500,113779747,753
ENSG00000256167,113791366,113789231,2135
ENSG00000255870,113790027,113789242,785
ENSG00000257101,113791752,113791466,286
ENSG00000283078,62068437,62066830,1607
ENSG00000284726,23302866,23297797,5069
ENSG00000250356,74918138,74917822,316
ENSG00000197969,77421541,77177353,244188
ENSG00000238243,247896531,247895587,944
ENSG00000175315,66013505,66012008,1497
ENSG00000240121,129538114,129537869,245
ENSG00000177462,247921956,247920252,1704
ENSG00000211897,105771405,105764503,6902
ENSG00000177275,247935339,247924889,10450
ENSG00000226191,247937513,247936061,1452
ENSG00000224830,247939659,247938973,686
ENSG00000279263,247949796,247948858,938
ENSG00000187080,247966386,247965233,1153
ENSG00000237492,247975653,247974741,912
ENSG00000125869,9530524,9514358,16166
ENSG00000232215,248004068,248003129,939
ENSG00000224227,247991204,247980872,10332
ENSG00000275331,16308660,16233991,74669
ENSG00000197454,248024276,248013660,10616
ENSG00000162669,91404856,91260766,144090
ENSG00000230583,66844882,66809993,34889
ENSG00000203663,248042305,248030070,12235
ENSG00000180921,143738234,143723933,14301
ENSG00000198128,248063407,248046836,16571
ENSG00000272831,66740385,66739829,556
ENSG00000226824,66669855,66654538,15317
ENSG00000197067,248087522,248083522,4000
ENSG00000196071,248101103,248095184,5919
ENSG00000243335,66649067,66628767,20300
ENSG00000196976,154479257,154477769,1488
ENSG00000203499,143790644,143734140,56504
ENSG00000053900,25418498,25377213,41285
ENSG00000177233,248122882,248121932,950
ENSG00000225988,9514998,9505180,9818
ENSG00000162727,248146086,248145148,938
ENSG00000198601,248181067,248174821,6246
ENSG00000254973,143771822,143758153,13669
ENSG00000228198,248212925,248197265,15660
ENSG00000228727,31764851,31762996,1855
ENSG00000279386,37867091,37866561,530
ENSG00000265474,28747652,28745569,2083
ENSG00000171180,248244679,248231417,13262
ENSG00000265840,28750079,28749731,348
ENSG00000151502,134247788,134224671,23117
ENSG00000177212,248277976,248269917,8059
ENSG00000197475,39522852,39451045,71807
ENSG00000177201,248303424,248290139,13285
ENSG00000042445,85354531,85341955,12576
ENSG00000122203,176361807,176346062,15745
ENSG00000177186,248324568,248323630,938
ENSG00000213719,31739763,31730581,9182
ENSG00000177174,248349713,248348775,938
ENSG00000257138,141973773,141972631,1142
ENSG00000196944,248362627,248361581,1046
ENSG00000244292,141911943,141911217,726
ENSG00000063854,1827157,1795620,31537
ENSG00000258083,141920625,141916399,4226
ENSG00000198104,248391811,248375746,16065
ENSG00000257335,142106747,141907813,198934
ENSG00000175143,248408020,248403048,4972
ENSG00000234281,210469246,210324759,144487
ENSG00000227152,248444316,248436359,7957
ENSG00000196240,248455725,248445512,10213
ENSG00000206280,33246776,33243252,3524
ENSG00000271064,66749077,66748838,239
ENSG00000154710,66811464,66682164,129300
ENSG00000196539,248474307,248473351,956
ENSG00000273844,196970671,196970495,176
ENSG00000229255,248485484,248484245,1239
ENSG00000134389,197009674,196977556,32118
ENSG00000132294,132013642,131904093,109549
ENSG00000203661,248491113,248488589,2524
ENSG00000271934,248498649,248498308,341
ENSG00000188558,248527337,248508073,19264
ENSG00000227102,248549762,248549444,318
ENSG00000182783,248562772,248556912,5860
ENSG00000143278,197067267,197038741,28526
ENSG00000224521,248563839,248548756,15083
ENSG00000254481,134124329,134123828,501
ENSG00000186810,71618511,71615916,2595
ENSG00000183310,248574757,248573801,956
ENSG00000237342,98845597,98844896,701
ENSG00000278990,98917801,98916902,899
ENSG00000184022,248597700,248590487,7213
ENSG00000259119,98927805,98925137,2668
ENSG00000232573,98973301,98972879,422
ENSG00000271701,248601869,248601416,453
ENSG00000234648,98973471,98973314,157
ENSG00000279301,248635091,248623557,11534
ENSG00000260148,57092303,57091213,1090
ENSG00000177151,248645278,248636356,8922
ENSG00000226472,31006010,30978308,27702
ENSG00000187701,248655528,248649838,5690
ENSG00000271014,85360925,85360798,127
ENSG00000260057,51773173,51762519,10654
ENSG00000066279,197146694,197084127,62567
ENSG00000110900,30996602,30926428,70174
ENSG00000250684,102688906,102688317,589
ENSG00000103496,31042975,31032889,10086
ENSG00000261190,52078474,52005487,72987
ENSG00000286015,248748349,248681249,67100
ENSG00000259823,248755759,248739415,16344
ENSG00000215873,91329513,91328369,1144
ENSG00000281386,129612110,129591493,20617
ENSG00000281097,129617269,129612116,5153
ENSG00000255188,129788190,129788064,126
ENSG00000238056,32221379,32215364,6015
ENSG00000270371,105785831,105785505,326
ENSG00000211898,105845678,105836765,8913
ENSG00000242529,248722201,248721993,208
ENSG00000189181,248682328,248681322,1006
ENSG00000276520,248708641,248708202,439
ENSG00000229703,248716755,248691760,24995
ENSG00000130956,96491336,96450169,41167
ENSG00000223783,195860404,195836193,24211
ENSG00000151715,129860003,129815819,44184
ENSG00000185100,104747325,104724186,23139
ENSG00000235836,195844596,195843986,610
ENSG00000276521,102966628,102963460,3168
ENSG00000229663,248773792,248771635,2157
ENSG00000239861,103045712,103045237,475
ENSG00000175137,248825915,248810446,15469
ENSG00000286004,195903417,195900986,2431
ENSG00000224614,195911257,195908076,3181
ENSG00000237265,71666767,71662998,3769
ENSG00000149596,44187578,44111695,75883
ENSG00000282574,16309399,16308165,1234
ENSG00000155714,22001110,21983865,17245
ENSG00000103415,4510347,4474690,35657
ENSG00000279852,488512,486117,2395
ENSG00000274667,56730611,56729932,679
ENSG00000285253,56918571,56652488,266083
ENSG00000204695,29313017,29301701,11316
ENSG00000211899,105856218,105851705,4513
ENSG00000286149,8462798,8462320,478
ENSG00000286032,8465586,8465254,332
ENSG00000273306,99405843,99405218,625
ENSG00000230056,29331061,29329626,1435
ENSG00000286091,8466699,8466466,233
ENSG00000286148,8468631,8468320,311
ENSG00000135945,99490035,99400475,89560
ENSG00000242439,30831318,30830901,417
ENSG00000171161,248849517,248838210,11307
ENSG00000166448,98870771,98846488,24283
ENSG00000225625,56846605,56846340,265
ENSG00000279990,8603984,8603547,437
ENSG00000279683,56795522,56795382,140
ENSG00000279615,8680934,8680538,396
ENSG00000211900,105863258,105863198,60
ENSG00000236649,32238987,32220447,18540
ENSG00000279167,8701562,8701461,101
ENSG00000279579,8761335,8759077,2258
ENSG00000237111,105863465,105863416,49
ENSG00000140262,57299281,56918623,380658
ENSG00000242472,105863862,105863814,48
ENSG00000171495,41071342,40998017,73325
ENSG00000260395,21999656,21998310,1346
ENSG00000279213,8801880,8801362,518
ENSG00000286033,8836565,8762386,74179
ENSG00000240041,105864260,105864215,45
ENSG00000280243,8846646,8845566,1080
ENSG00000270779,110908713,110908284,429
ENSG00000260261,195954485,195913078,41407
ENSG00000242887,105864635,105864587,48
ENSG00000237547,105864852,105864793,59
ENSG00000259493,79560304,79559256,1048
ENSG00000144840,120742993,120686681,56312
ENSG00000211904,105865250,105865199,51
ENSG00000231443,195938739,195937243,1496
ENSG00000226155,195913986,195912049,1937
ENSG00000211905,105865458,105865407,51
ENSG00000235974,58025926,58012589,13337
ENSG00000236597,105865561,105865551,10
ENSG00000227335,105865678,105865624,54
ENSG00000265334,30863028,30834325,28703
ENSG00000263531,30864940,30863921,1019
ENSG00000250127,58558243,58541567,16676
ENSG00000282636,36982254,36981999,255
ENSG00000176208,30895869,30831966,63903
ENSG00000282043,37045083,37036498,8585
ENSG00000284461,66811189,66628958,182231
ENSG00000018699,32821051,32628032,193019
ENSG00000185716,22087534,22007638,79896
ENSG00000282805,37001866,37000430,1436
ENSG00000170515,56113910,56104537,9373
ENSG00000276072,37058704,36950708,107996
ENSG00000160131,151409364,151396515,12849
ENSG00000254575,14165359,14161297,4062
ENSG00000255076,14879819,14879057,762
ENSG00000255365,14690619,14690382,237
ENSG00000214366,14309672,14309033,639
ENSG00000185053,15238431,14084845,1153586
ENSG00000182287,15854931,15825806,29125
ENSG00000184634,71142454,71118556,23898
ENSG00000204410,31762678,31739677,23001
ENSG00000270052,151498354,151497726,628
ENSG00000213318,75193247,75192465,782
ENSG00000214915,151516245,151515551,694
ENSG00000260277,22092231,22083256,8975
ENSG00000275445,22008062,22007480,582
ENSG00000258227,141947007,141927357,19650
ENSG00000232934,112425589,112395813,29776
ENSG00000171163,248859144,248850006,9138
ENSG00000251414,176356168,176354206,1962
ENSG00000250909,176353584,176347941,5643
ENSG00000248733,58863414,58846885,16529
ENSG00000251533,103189028,103187221,1807
ENSG00000124212,49568137,49503874,64263
ENSG00000249863,37869978,37868292,1686
ENSG00000240412,58823714,58822503,1211
ENSG00000248475,58817099,58741581,75518
ENSG00000284337,109968557,109898432,70125
ENSG00000197142,112428380,112374018,54362
ENSG00000204300,123885670,123882920,2750
ENSG00000071203,60507430,60492778,14652
ENSG00000152932,58859394,58582221,277173
ENSG00000070476,126475891,126437601,38290
ENSG00000240069,109984988,109984058,930
ENSG00000249334,10697661,10685003,12658
ENSG00000186148,109974085,109933161,40924
ENSG00000283083,10749586,10737572,12014
ENSG00000270705,103207789,103207748,41
ENSG00000278071,103208876,103208100,776
ENSG00000242837,103241972,103241492,480
ENSG00000132823,44210771,44195939,14832
ENSG00000270938,103279955,103279223,732
ENSG00000206279,33258105,33247394,10711
ENSG00000243257,120722646,120722458,188
ENSG00000181518,123909229,123902167,7062
ENSG00000153767,120783069,120742637,40432
ENSG00000285184,150067701,150045660,22041
ENSG00000223945,150055034,150053864,1170
ENSG00000136631,150145329,150067279,78050
ENSG00000256977,109924868,109898428,26440
ENSG00000232508,88365608,88364695,913
ENSG00000183423,109872315,109848202,24113
ENSG00000072506,53434373,53431258,3115
ENSG00000283599,71671524,71667542,3982
ENSG00000282166,37054608,37047293,7315
ENSG00000269652,41222051,41221426,625
ENSG00000180245,109849123,109827994,21129
ENSG00000240452,120722311,120722024,287
ENSG00000259208,79668816,79668342,474
ENSG00000260674,79743468,79743311,157
ENSG00000167601,41261766,41219223,42543
ENSG00000213527,79752049,79751689,360
ENSG00000224093,93605573,93592199,13374
ENSG00000236353,32266609,32261167,5442
ENSG00000226970,84244577,84244334,243
ENSG00000226310,57127243,57121662,5581
ENSG00000235748,197139307,197138748,559
ENSG00000283684,109985124,109937438,47686
ENSG00000072803,172006873,171861549,145324
ENSG00000147059,57137625,57134530,3095
ENSG00000137936,93847150,93561741,285409
ENSG00000101150,63891545,63865228,26317
ENSG00000176387,67437553,67430652,6901
ENSG00000238249,8894151,8893409,742
ENSG00000232208,8907744,8907393,351
ENSG00000232663,8909904,8909742,162
ENSG00000260966,103055799,103050687,5112
ENSG00000137692,103092194,103050686,41508
ENSG00000231765,57229415,57229034,381
ENSG00000261470,52080489,52078622,1867
ENSG00000279779,52082096,52081568,528
ENSG00000122678,44082530,44072062,10468
ENSG00000231831,57395409,57392646,2763
ENSG00000165591,57489196,57286706,202490
ENSG00000257411,56109289,56101331,7958
ENSG00000261320,67431464,67430667,797
ENSG00000281219,1884233,1878285,5948
ENSG00000204580,30900156,30876421,23735
ENSG00000204588,109996140,109987063,9077
ENSG00000272170,43074739,43074331,408
ENSG00000259229,79758762,79758549,213
ENSG00000108846,50692253,50634777,57476
ENSG00000180185,1840207,1826941,13266
ENSG00000044090,43053945,43037617,16328
ENSG00000259548,79833554,79832466,1088
ENSG00000225108,109988394,109986939,1455
ENSG00000102178,154486615,154483717,2898
ENSG00000164815,104208047,104126341,81706
ENSG00000106086,30130483,30027404,103079
ENSG00000279394,79878179,79875920,2259
ENSG00000136371,79897379,79833585,63794
ENSG00000162039,1884294,1833987,50307
ENSG00000181800,11319884,11316834,3050
ENSG00000237986,11105504,11071541,33963
ENSG00000105610,12887199,12884422,2777
ENSG00000230322,11171376,11168922,2454
ENSG00000204852,110649430,110614027,35403
ENSG00000229206,11030868,11030334,534
ENSG00000180190,545781,489792,55989
ENSG00000229240,10952234,10917880,34354
ENSG00000237672,20072136,20070250,1886
ENSG00000203943,84389957,84298366,91591
ENSG00000232575,30770084,30764859,5225
ENSG00000278600,79922455,79920195,2260
ENSG00000259642,79926993,79922771,4222
ENSG00000143437,150876708,150809713,66995
ENSG00000269489,151798602,151798054,548
ENSG00000180953,79923702,79898840,24862
ENSG00000233250,53433032,53432722,310
ENSG00000259332,79923754,79845150,78604
ENSG00000111348,14961728,14942031,19697
ENSG00000261229,79844304,79843547,757
ENSG00000185485,195990318,195959748,30570
ENSG00000143365,151831845,151806071,25774
ENSG00000276910,70411404,70376388,35016
ENSG00000280236,29398008,29395631,2377
ENSG00000112695,75250323,75237675,12648
ENSG00000243729,29431967,29353749,78218
ENSG00000229402,99159669,99158416,1253
ENSG00000206474,29440977,29439306,1671
ENSG00000269653,38186265,38184376,1889
ENSG00000277881,29450558,29450210,348
ENSG00000268499,38200934,38199836,1098
ENSG00000112462,29375291,29373423,1868
ENSG00000235785,99264735,99262948,1787
ENSG00000268764,38109533,38108500,1033
ENSG00000268051,37964790,37963853,937
ENSG00000127152,99272197,99169287,102910
ENSG00000251608,29418905,29414928,3977
ENSG00000105738,38208369,37907208,301161
ENSG00000204694,29457071,29425504,31567
ENSG00000137171,43075095,43040777,34318
ENSG00000158411,99181058,99161427,19631
ENSG00000251152,11478196,11469250,8946
ENSG00000250896,11372892,11371975,917
ENSG00000002587,11429564,11393150,36414
ENSG00000040633,7239722,7235029,4693
ENSG00000240520,84397831,84363706,34125
ENSG00000159720,67481181,67438014,43167
ENSG00000260541,1843547,1841020,2527
ENSG00000164332,159286036,159263290,22746
ENSG00000243403,64593326,64592979,347
ENSG00000169116,75050115,74933095,117020
ENSG00000259682,64471364,64470253,1111
ENSG00000239465,64631914,64631109,805
ENSG00000180357,64686068,64460742,225326
ENSG00000249237,84349939,84344678,5261
ENSG00000248165,75034824,74993877,40947
ENSG00000249717,74970362,74955974,14388
ENSG00000165660,124836667,124801819,34848
ENSG00000260268,52085109,52083065,2044
ENSG00000227237,248864796,248859164,5632
ENSG00000280538,754224,753629,595
ENSG00000281806,754657,745961,8696
ENSG00000185220,248919946,248906196,13750
ENSG00000232271,7146656,7069614,77042
ENSG00000248415,64529671,64528667,1004
ENSG00000228888,7254202,7146467,107735
ENSG00000234545,92590394,92560793,29601
ENSG00000226032,159095823,159042192,53631
ENSG00000247595,18610255,18588781,21474
ENSG00000285492,159121495,159051674,69821
ENSG00000258383,99332015,99324799,7216
ENSG00000164691,159045152,159034468,10684
ENSG00000183807,116765719,116752197,13522
ENSG00000240624,103283468,103282933,535
ENSG00000273341,77425443,77416673,8770
ENSG00000233084,248937043,248936581,462
ENSG00000259775,103332367,103331674,693
ENSG00000214807,124868326,124867510,816
ENSG00000171014,123940637,123939543,1094
ENSG00000237620,77462139,77461458,681
ENSG00000104812,48993310,48968130,25180
ENSG00000181499,123943873,123942785,1088
ENSG00000179119,18634791,18606403,28388
ENSG00000196248,123977781,123976661,1120
ENSG00000082515,154969411,154941073,28338
ENSG00000162591,3611508,3487951,123557
ENSG00000173612,116829037,116792085,36952
ENSG00000185414,99199561,99181152,18409
ENSG00000198674,123995161,123994163,998
ENSG00000226461,124010012,124009655,357
ENSG00000254737,124018732,124012997,5735
ENSG00000023041,112446917,112424428,22489
ENSG00000236981,124023948,124023013,935
ENSG00000211907,105881053,105881034,19
ENSG00000225825,105881556,105881539,17
ENSG00000211909,105883922,105883903,19
ENSG00000227196,105884888,105884870,18
ENSG00000106080,30026684,30010587,16097
ENSG00000099869,2148666,2140501,8165
ENSG00000211911,105886061,105886031,30
ENSG00000211912,105888578,105888551,27
ENSG00000236872,45415344,45415020,324
ENSG00000211914,105891719,105891699,20
ENSG00000237020,105891207,105891191,16
ENSG00000244620,105896577,105890084,6493
ENSG00000130363,159000187,158972871,27316
ENSG00000100664,103345025,103333544,11481
ENSG00000279837,18602649,18601882,767
ENSG00000240801,2129964,2129121,843
ENSG00000227800,105894523,105894508,15
ENSG00000211917,105895670,105895634,36
ENSG00000256282,18599683,18595459,4224
ENSG00000211915,105893561,105893542,19
ENSG00000132781,45340470,45329163,11307
ENSG00000254647,2161341,2159779,1562
ENSG00000273599,125001491,124996064,5427
ENSG00000213171,151806154,151800264,5890
ENSG00000097046,91525764,91500851,24913
ENSG00000175029,125161170,124984317,176853
ENSG00000273045,99151487,99141485,10002
ENSG00000261749,52099067,52085280,13787
ENSG00000260975,52227956,52198012,29944
ENSG00000234243,32271946,32267189,4757
ENSG00000260887,52280638,52258564,22074
ENSG00000231519,30075115,30069658,5457
ENSG00000227014,30027543,29988600,38943
ENSG00000225527,18533336,18531849,1487
ENSG00000260478,52269440,52238082,31358
ENSG00000240291,18545651,18513115,32536
ENSG00000230086,40122168,40121311,857
ENSG00000198455,57597545,57591652,5893
ENSG00000224478,159116254,159094093,22161
ENSG00000136193,29990289,29920104,70185
ENSG00000273155,99195298,99154998,40300
ENSG00000172530,88077318,87949244,128074
ENSG00000271913,159088114,158988178,99936
ENSG00000248300,11769468,11740948,28520
ENSG00000185674,99255282,99242246,13036
ENSG00000249631,11813958,11625714,188244
ENSG00000224387,2493258,2492300,958
ENSG00000229393,2494479,2493437,1042
ENSG00000149527,2505532,2425980,79552
ENSG00000111711,21518408,21501781,16627
ENSG00000282692,1019704,1018757,947
ENSG00000282759,893112,891251,1861
ENSG00000253267,1622417,1565509,56908
ENSG00000149657,62135374,62122461,12913
ENSG00000175841,101522979,101521891,1088
ENSG00000223355,32300513,32271266,29247
ENSG00000281961,1380307,1377867,2440
ENSG00000253261,154994445,154993598,847
ENSG00000170214,159973012,159865080,107932
ENSG00000282375,740374,738548,1826
ENSG00000153406,4495763,4461680,34083
ENSG00000092010,24138967,24136163,2804
ENSG00000275427,1302607,1296034,6573
ENSG00000174173,101566446,101561868,4578
ENSG00000198010,1708474,737596,970878
ENSG00000272798,25436915,25436312,603
ENSG00000253298,159466276,159448556,17720
ENSG00000283413,159511687,159484130,27557
ENSG00000226650,155018132,155013755,4377
ENSG00000113302,159330887,159314783,16104
ENSG00000168298,26157107,26156354,753
ENSG00000253646,155112324,155111184,1140
ENSG00000129965,2161209,2132538,28671
ENSG00000283040,877234,874529,2705
ENSG00000102891,56568957,56565049,3908
ENSG00000135951,99154964,98997261,157703
ENSG00000271138,25437823,25437306,517
ENSG00000235721,110010783,110007675,3108
ENSG00000230368,876903,868071,8832
ENSG00000229730,110012601,110012265,336
ENSG00000234711,874349,873292,1057
ENSG00000186897,49337188,49332409,4779
ENSG00000271477,155398353,155397291,1062
ENSG00000211918,105897987,105897957,30
ENSG00000227108,105900654,105900638,16
ENSG00000204979,60542721,60515413,27308
ENSG00000283283,110050064,110022447,27617
ENSG00000255313,124943765,124936524,7241
ENSG00000087250,56591088,56589074,2014
ENSG00000217159,26164363,26164072,291
ENSG00000249816,124954328,124848737,105591
ENSG00000196866,26199243,26198851,392
ENSG00000284779,2158658,2129112,29546
ENSG00000282988,26199293,26195595,3698
ENSG00000254389,143368548,143366631,1917
ENSG00000197258,104669576,104667749,1827
ENSG00000226869,104804107,104738597,65510
ENSG00000167244,2149603,2129112,20491
ENSG00000277157,26189076,26188765,311
ENSG00000249738,159805536,159310745,494791
ENSG00000158106,143384221,143368876,15345
ENSG00000216331,26196633,26195554,1079
ENSG00000158373,26171349,26158146,13203
ENSG00000255491,124857516,124811226,46290
ENSG00000211920,105901162,105901142,20
ENSG00000250428,124922076,124920428,1648
ENSG00000279427,52437474,52436772,702
ENSG00000270442,155493598,155491336,2262
ENSG00000248626,159951498,159950493,1005
ENSG00000103460,52547802,52436417,111385
ENSG00000253311,159937766,159698586,239180
ENSG00000197409,26197250,26196840,410
ENSG00000277224,26200715,26199520,1195
ENSG00000187416,104907232,104328700,578532
ENSG00000268660,58046769,58044592,2177
ENSG00000283064,26172802,26160765,12037
ENSG00000281362,859032,784657,74375
ENSG00000230193,33268330,33267813,517
ENSG00000274290,26184655,26172059,12596
ENSG00000152467,58054631,58034032,20599
ENSG00000081154,101594437,101574095,20342
ENSG00000248262,11919688,11914667,5021
ENSG00000266117,68095757,68095068,689
ENSG00000274492,88822151,88819608,2543
ENSG00000170322,129895590,129863636,31954
ENSG00000238102,7258214,7256580,1634
ENSG00000232376,33295072,33294377,695
ENSG00000227168,33318290,33318189,101
ENSG00000281213,241977276,241970683,6593
ENSG00000251210,12251286,12223451,27835
ENSG00000225329,104926645,104894628,32017
ENSG00000237606,104826796,104826336,460
ENSG00000225674,24123814,24122065,1749
ENSG00000265055,68101474,68096046,5428
ENSG00000178401,49357546,49346888,10658
ENSG00000182957,24307074,23979805,327269
ENSG00000259770,79945578,79944498,1080
ENSG00000261249,7307432,7302056,5376
ENSG00000270837,58049346,58049046,300
ENSG00000224711,7367632,7347467,20165
ENSG00000260721,1369833,1368642,1191
ENSG00000104714,738106,614746,123360
ENSG00000281099,242006013,242003691,2322
ENSG00000223891,44226027,44210960,15067
ENSG00000132297,132111159,132061486,49673
ENSG00000237854,68115518,68101908,13610
ENSG00000048028,113875570,113797874,77696
ENSG00000249320,25473815,25472517,1298
ENSG00000281268,242031170,242030199,971
ENSG00000263234,13954825,13953155,1670
ENSG00000215586,7832322,7831798,524
ENSG00000241155,119322760,119314293,8467
ENSG00000031081,119420714,119294373,126341
ENSG00000249850,36886497,36885206,1291
ENSG00000242299,101576947,101576489,458
ENSG00000164190,37066413,36876769,189644
ENSG00000275607,58379525,58379217,308
ENSG00000260640,97242204,97241742,462
ENSG00000144063,110116566,110083870,32696
ENSG00000180543,97277964,97273474,4490
ENSG00000258417,132085655,132024238,61417
ENSG00000198336,47223679,47200446,23233
ENSG00000120756,142713664,142596393,117271
ENSG00000215174,57680260,57677067,3193
ENSG00000227427,57767292,57766320,972
ENSG00000253117,132059382,132024216,35166
ENSG00000198205,57910820,57906708,4112
ENSG00000213750,97625079,97624203,876
ENSG00000168928,75207161,75204103,3058
ENSG00000242829,119299012,119298665,347
ENSG00000261693,142407028,142403652,3376
ENSG00000224291,88428615,88428078,537
ENSG00000270049,67505063,67481314,23749
ENSG00000237819,92917187,92836483,80704
ENSG00000230934,71692179,71691932,247
ENSG00000249995,12641009,12639086,1923
ENSG00000214336,88452656,88446787,5869
ENSG00000249780,12640637,12640298,339
ENSG00000267714,33221170,33217817,3353
ENSG00000130758,40215575,40191426,24149
ENSG00000130876,33225850,33208664,17186
ENSG00000159723,67483813,67482571,1242
ENSG00000282160,1381394,1373685,7709
ENSG00000105810,92836594,92604921,231673
ENSG00000254160,1248760,1246789,1971
ENSG00000254207,725877,725188,689
ENSG00000185002,116932161,116877212,54949
ENSG00000173988,46277366,46211943,65423
ENSG00000279803,57144936,57142652,2284
ENSG00000237513,104962334,104941063,21271
ENSG00000279019,57144586,57140896,3690
ENSG00000140848,57148369,57092583,55786
ENSG00000228393,105013044,104950315,62729
ENSG00000251106,46270617,46270077,540
ENSG00000166049,151676739,151563675,113064
ENSG00000165623,13234374,13221766,12608
ENSG00000228004,57934803,57933837,966
ENSG00000241180,914971,914171,800
ENSG00000235124,57986133,57984686,1447
ENSG00000230699,914948,911435,3513
ENSG00000233161,31360598,31360052,546
ENSG00000236852,62780326,62779250,1076
ENSG00000272438,915976,904834,11142
ENSG00000232244,31371704,31371102,602
ENSG00000227405,31374550,31374124,426
ENSG00000226027,31376019,31375802,217
ENSG00000174521,40218399,40216058,2341
ENSG00000184990,104768494,104753147,15347
ENSG00000198099,99157792,99123657,34135
ENSG00000170624,156767788,155870344,897444
ENSG00000273420,33207639,33207129,510
ENSG00000267054,33178651,33178056,595
ENSG00000250371,12864961,12859101,5860
ENSG00000130881,33208864,33177603,31261
ENSG00000048162,176388975,176383938,5037
ENSG00000160460,40576464,40466241,110223
ENSG00000181790,142545009,142449430,95579
ENSG00000165923,47715389,47659591,55798
ENSG00000259920,130484392,130481491,2901
ENSG00000172524,30138271,30125643,12628
ENSG00000213424,40665181,40654665,10516
ENSG00000122986,110704950,110627841,77109
ENSG00000235170,62843502,62842542,960
ENSG00000019995,124988189,124942123,46066
ENSG00000147649,97730260,97644184,86076
ENSG00000259321,24140444,24139445,999
ENSG00000135250,105399308,105110704,288604
ENSG00000260963,52613908,52607349,6559
ENSG00000100908,24141591,24138959,2632
ENSG00000285800,52588879,52583694,5185
ENSG00000249231,52652105,52552090,100015
ENSG00000249456,124942881,124917143,25738
ENSG00000264058,40665141,40627356,37785
ENSG00000229524,31640114,31626429,13685
ENSG00000261261,52631088,52622115,8973
ENSG00000226899,124946432,124945204,1228
ENSG00000112651,43059438,43054029,5409
ENSG00000172955,99219537,99202638,16899
ENSG00000234560,124030634,124026798,3836
ENSG00000255829,8669011,8664011,5000
ENSG00000260393,52608158,52607762,396
ENSG00000224595,114419875,114414244,5631
ENSG00000228182,62844306,62843697,609
ENSG00000282859,114561517,114560961,556
ENSG00000256004,8679670,8678773,897
ENSG00000236580,114297429,114297114,315
ENSG00000278834,40649718,40648300,1418
ENSG00000235416,53457029,53456273,756
ENSG00000270719,117700242,117700029,213
ENSG00000102057,48971844,48961378,10466
ENSG00000228217,117778506,117778087,419
ENSG00000182634,124041325,124036013,5312
ENSG00000159650,126517773,126481166,36607
ENSG00000253370,156458507,156458398,109
ENSG00000146066,176389761,176388751,1010
ENSG00000281852,71706455,71697196,9259
ENSG00000254163,156739812,156704058,35754
ENSG00000223764,921016,916865,4151
ENSG00000073584,40648654,40624962,23692
ENSG00000139053,14981865,14973042,8823
ENSG00000172073,88529585,88524649,4936
ENSG00000175414,176401865,176365487,36378
ENSG00000243396,101599644,101599243,401
ENSG00000276524,56888219,56887107,1112
ENSG00000251605,78307914,78307503,411
ENSG00000213182,124055707,124054793,914
ENSG00000137394,30150469,30141481,8988
ENSG00000245556,78360507,78342365,18142
ENSG00000256628,101679217,101676475,2742
ENSG00000255727,15006683,15001833,4850
ENSG00000066422,101677495,101648889,28606
ENSG00000186268,124094532,124093582,950
ENSG00000215115,71718151,71714371,3780
ENSG00000260084,68589512,68573782,15730
ENSG00000213181,124111092,124104965,6127
ENSG00000121361,21775581,21764955,10626
ENSG00000175416,176416569,176392455,24114
ENSG00000184939,68576072,68530090,45982
ENSG00000134548,21541249,21526296,14953
ENSG00000256984,31015806,31012503,3303
ENSG00000176142,119468830,119428949,39881
ENSG00000165025,90898549,90801787,96762
ENSG00000241962,99322741,99141485,181256
ENSG00000180938,124979389,124973295,6094
ENSG00000286214,130546900,130538954,7946
ENSG00000129353,10644557,10602457,42100
ENSG00000183576,99480889,99397748,83141
ENSG00000187758,99291003,99276369,14634
ENSG00000158417,99401326,99337371,63955
ENSG00000273167,24321031,23979700,341331
ENSG00000250098,12948670,12947574,1096
ENSG00000273451,47349142,47348137,1005
ENSG00000175294,66026517,66016752,9765
ENSG00000211921,105902671,105902649,22
ENSG00000228741,24035027,23979810,55217
ENSG00000228099,33329362,33328865,497
ENSG00000232543,105903631,105903616,15
ENSG00000204197,33338717,33320351,18366
ENSG00000211923,105904527,105904497,30
ENSG00000227213,24254439,24252749,1690
ENSG00000126903,154490690,154487306,3384
ENSG00000211924,105904711,105904681,30
ENSG00000255644,21766705,21759980,6725
ENSG00000211925,105907241,105907211,30
ENSG00000240654,24322535,24307166,15369
ENSG00000270823,130498427,130495794,2633
ENSG00000272701,130491033,130486042,4991
ENSG00000111716,21757857,21635342,122515
ENSG00000237197,105909923,105909907,16
ENSG00000225716,18441125,18440797,328
ENSG00000246090,99301356,99088857,212499
ENSG00000229406,18472137,18453150,18987
ENSG00000101040,47356889,47209214,147675
ENSG00000278931,8880976,8857260,23716
ENSG00000255710,113821885,113820856,1029
ENSG00000234979,36819736,36816326,3410
ENSG00000256452,113822458,113818077,4381
ENSG00000270424,28750595,28749959,636
ENSG00000100362,36819479,36800684,18795
ENSG00000270953,130508282,130507660,622
ENSG00000248966,110950780,110948029,2751
ENSG00000226045,130645594,130645225,369
ENSG00000251627,110984466,110983563,903
ENSG00000248428,111008899,110970951,37948
ENSG00000106484,130506465,130486171,20294
ENSG00000240868,24321598,24315725,5873
ENSG00000196993,28772807,28751787,21020
ENSG00000124787,5004063,4994732,9331
ENSG00000239641,142656745,142654784,1961
ENSG00000249065,99161645,99160514,1131
ENSG00000280943,242089153,242052699,36454
ENSG00000277315,7867614,7867327,287
ENSG00000196415,848175,840999,7176
ENSG00000260265,75084717,75081702,3015
ENSG00000177888,197200542,197153680,46862
ENSG00000151490,15598331,15322508,275823
ENSG00000198252,52774989,52730166,44823
ENSG00000273536,56841273,56840973,300
ENSG00000233197,69523650,69523311,339
ENSG00000258816,56855886,56855694,192
ENSG00000267353,36775908,36773712,2196
ENSG00000250315,75101943,75101477,466
ENSG00000267260,36777078,36773153,3925
ENSG00000258679,56874268,56822985,51283
ENSG00000122859,69573238,69571698,1540
ENSG00000170426,56934408,56923133,11275
ENSG00000234484,132753951,132752675,1276
ENSG00000204001,136758543,136754386,4157
ENSG00000253347,47423526,47409322,14204
ENSG00000112303,132763459,132743870,19589
ENSG00000250560,75195079,75194867,212
ENSG00000263293,47323613,47303460,20153
ENSG00000236154,69577154,69575807,1347
ENSG00000217089,117048838,117048670,168
ENSG00000278528,28777534,28773824,3710
ENSG00000278400,56941482,56941174,308
ENSG00000248646,75434449,75361207,73242
ENSG00000178852,47441312,47323290,118022
ENSG00000251417,28817828,28802743,15085
ENSG00000251383,75362566,75354076,8490
ENSG00000170162,117273565,117265558,8007
ENSG00000240634,28814673,28813980,693
ENSG00000251454,75359024,75341279,17745
ENSG00000139547,56959374,56951431,7943
ENSG00000250735,75423023,75401195,21828
ENSG00000260796,28822033,28820570,1463
ENSG00000269924,47528148,47527397,751
ENSG00000033627,42522611,42458844,63767
ENSG00000237861,197223255,197222222,1033
ENSG00000254065,47592609,47592147,462
ENSG00000251185,75361182,75269068,92114
ENSG00000251354,47547926,47546804,1122
ENSG00000029153,27425289,27332854,92435
ENSG00000278399,56985960,56981211,4749
ENSG00000164808,47736306,47260575,475731
ENSG00000227871,23952293,23945927,6366
ENSG00000231423,23960218,23956569,3649
ENSG00000166856,56998447,56994492,3955
ENSG00000248641,73099145,73098822,323
ENSG00000228465,23970694,23967564,3130
ENSG00000013573,31104799,31073860,30939
ENSG00000183474,69594723,69560208,34515
ENSG00000132466,73258798,73073376,185422
ENSG00000129566,20413501,20365667,47834
ENSG00000140319,40039188,40035739,3449
ENSG00000125944,23344336,23303771,40565
ENSG00000166860,57006546,56998836,7710
ENSG00000276387,54792578,54778277,14301
ENSG00000106537,16784536,16753755,30781
ENSG00000005243,48038030,48026167,11863
ENSG00000225556,151840557,151837819,2738
ENSG00000221879,197364078,197363817,261
ENSG00000230260,197447469,197437976,9493
ENSG00000115514,99340702,99318982,21720
ENSG00000134376,197478455,197268204,210251
ENSG00000140009,64338112,64084232,253880
ENSG00000094755,170814047,170763350,50697
ENSG00000196407,151853712,151847101,6611
ENSG00000285854,21657798,21536203,121595
ENSG00000111713,21604847,21536189,68658
ENSG00000271482,105204859,105204600,259
ENSG00000270764,105189814,105189190,624
ENSG00000234614,151850385,151841877,8508
ENSG00000213361,105244970,105244652,318
ENSG00000261193,88087383,88079161,8222
ENSG00000260166,88087932,88087387,545
ENSG00000005483,105114361,105014179,100182
ENSG00000205037,88100985,88088041,12944
ENSG00000260162,88178646,88177289,1357
ENSG00000261327,88178941,88177298,1643
ENSG00000171109,179394936,179347709,47227
ENSG00000272977,25479971,25476218,3753
ENSG00000100058,25520854,25448105,72749
ENSG00000159445,151909637,151870866,38771
ENSG00000260570,28837200,28830612,6588
ENSG00000275807,28823969,28822431,1538
ENSG00000227494,18487400,18481087,6313
ENSG00000206324,32135704,32125820,9884
ENSG00000168488,28837237,28823035,14202
ENSG00000281976,82334628,82298559,36069
ENSG00000256615,21760032,21662313,97719
ENSG00000234570,62884842,62878811,6031
ENSG00000137976,84415018,84398532,16486
ENSG00000285651,151899333,151885251,14082
ENSG00000261816,88193667,88191486,2181
ENSG00000260420,88195217,88194281,936
ENSG00000261273,88302511,88234785,67726
ENSG00000205940,13338657,13333414,5243
ENSG00000276146,54281689,54274195,7494
ENSG00000157869,13484365,13361354,123011
ENSG00000225614,88440757,88427471,13286
ENSG00000133103,39791665,39655627,136038
ENSG00000155368,119372560,119366921,5639
ENSG00000144214,99304742,99284238,20504
ENSG00000277499,63088664,63087071,1593
ENSG00000277200,2723947,2720801,3146
ENSG00000205413,93118023,93099513,18510
ENSG00000232585,23995081,23972780,22301
ENSG00000071889,154516242,154506159,10083
ENSG00000272920,2748182,2748078,104
ENSG00000261963,2749504,2724411,25093
ENSG00000230823,63299673,63299247,426
ENSG00000234391,48309055,48306769,2286
ENSG00000235437,63561071,63343227,217844
ENSG00000277606,69898246,69856054,42192
ENSG00000186767,63351344,63347228,4116
ENSG00000275536,69826946,69826364,582
ENSG00000272695,113866833,113864168,2665
ENSG00000273656,69848798,69755077,93721
ENSG00000233661,63352178,63349646,2532
ENSG00000144182,99163157,99154955,8202
ENSG00000285361,84479157,84477039,2118
ENSG00000273847,69768768,69766913,1855
ENSG00000276790,47280047,47279526,521
ENSG00000229373,113923512,113888306,35206
ENSG00000275311,69759641,69758658,983
ENSG00000259753,47344292,47253897,90395
ENSG00000275825,69814989,69814552,437
ENSG00000277036,69762272,69761566,706
ENSG00000276909,69767356,69767062,294
ENSG00000285770,7147817,7146482,1335
ENSG00000234081,24007237,24006911,326
ENSG00000139182,7158945,7129698,29247
ENSG00000259207,47311816,47253846,57970
ENSG00000275838,54811438,54794614,16824
ENSG00000226921,113883651,113878489,5162
ENSG00000231822,99102752,99102018,734
ENSG00000279889,58706297,58705799,498
ENSG00000237699,113879376,113877608,1768
ENSG00000274766,113885335,113883667,1668
ENSG00000258430,104770271,104769349,922
ENSG00000236335,30411638,30409560,2078
ENSG00000182447,161503942,161496808,7134
ENSG00000142208,104795751,104769349,26402
ENSG00000285885,39502567,39494837,7730
ENSG00000168314,39529479,39467198,62281
ENSG00000231949,30421108,30415825,5283
ENSG00000240354,161821908,161816909,4999
ENSG00000268957,51468636,51468360,276
ENSG00000274591,46239473,46239106,367
ENSG00000241874,162486949,162486541,408
ENSG00000111371,46270017,46183063,86954
ENSG00000213822,51490952,51478622,12330
ENSG00000151779,15561334,15166914,394420
ENSG00000253348,170788650,170747047,41603
ENSG00000248608,25506675,25504997,1678
ENSG00000213371,120806745,120805866,879
ENSG00000233053,32825180,32825106,74
ENSG00000248545,25619468,25608711,10757
ENSG00000231225,31409981,31393526,16455
ENSG00000243593,120836360,120833440,2920
ENSG00000228154,25623601,25622777,824
ENSG00000253931,143417054,143412749,4305
ENSG00000254338,143419150,143417679,1471
ENSG00000182759,143430406,143419182,11224
ENSG00000197561,856247,851014,5233
ENSG00000239756,33340037,33339192,845
ENSG00000241777,108725536,108725440,96
ENSG00000163515,108757384,108743424,13960
ENSG00000130653,137550402,137459952,90450
ENSG00000250951,18544128,18540980,3148
ENSG00000251510,18547698,18491740,55958
ENSG00000131007,18590521,18581206,9315
ENSG00000175229,66049161,66040765,8396
ENSG00000196505,117929621,117863485,66136
ENSG00000233546,18529623,18529358,265
ENSG00000105219,40226697,40222208,4489
ENSG00000172352,24048019,24045229,2790
ENSG00000249790,8795789,8788257,7532
ENSG00000230377,18532656,18532326,330
ENSG00000172468,18588963,18546671,42292
ENSG00000275468,2014656,2013728,928
ENSG00000113312,160065543,160009113,56430
ENSG00000267283,1990370,1989401,969
ENSG00000166535,8887001,8822621,64380
ENSG00000231375,24051487,24049878,1609
ENSG00000133243,2034881,1985438,49443
ENSG00000243596,146348480,146342996,5484
ENSG00000255660,15155283,15151923,3360
ENSG00000237467,24079812,24077799,2013
ENSG00000214770,64338639,64329431,9208
ENSG00000230755,69590355,69589880,475
ENSG00000243916,15440401,15439527,874
ENSG00000239569,105014321,105013425,896
ENSG00000256283,15255823,15255213,610
ENSG00000146857,135258492,135231979,26513
ENSG00000244490,105302086,105301522,564
ENSG00000235803,69591262,69590583,679
ENSG00000256650,15114698,15112363,2335
ENSG00000242154,105306642,105304277,2365
ENSG00000272918,105105483,105102838,2645
ENSG00000134533,15348675,15107783,240892
ENSG00000256967,7131198,7129079,2119
ENSG00000276067,135317752,135246113,71639
ENSG00000227302,48326683,48322349,4334
ENSG00000230458,18578560,18578417,143
ENSG00000238067,18509068,18508577,491
ENSG00000241358,146416603,146391363,25240
ENSG00000230100,48334439,48333675,764
ENSG00000249634,18494295,18490915,3380
ENSG00000270747,48337169,48336899,270
ENSG00000054654,64226433,63852983,373450
ENSG00000177984,136766255,136759634,6621
ENSG00000240438,18629077,18582063,47014
ENSG00000163746,146495991,146391421,104570
ENSG00000165584,48356707,48346428,10279
ENSG00000224800,150881683,150881236,447
ENSG00000272142,5043449,5029972,13477
ENSG00000085365,78480739,78360611,120128
ENSG00000229357,150904213,150903896,317
ENSG00000283324,150913292,150887136,26156
ENSG00000271978,5054423,5031756,22667
ENSG00000251168,7925398,7924292,1106
ENSG00000213046,197690627,197688760,1867
ENSG00000280338,8080761,8080186,575
ENSG00000276739,54874788,54857994,16794
ENSG00000280251,8143784,8143618,166
ENSG00000233040,197747451,197746751,700
ENSG00000249486,8157788,8157541,247
ENSG00000170234,160119450,160061801,57649
ENSG00000220685,5066982,5065795,1187
ENSG00000213047,197775696,197504748,270948
ENSG00000228978,31645322,31643520,1802
ENSG00000244444,32125889,32122191,3698
ENSG00000080802,135510127,135361795,148332
ENSG00000171227,119438504,119429901,8603
ENSG00000108821,50201632,50183289,18343
ENSG00000245729,8457558,8333481,124077
ENSG00000223908,160024045,160023740,305
ENSG00000259049,52777740,52775237,2503
ENSG00000283601,60608418,60577856,30562
ENSG00000273454,123277904,123277353,551
ENSG00000100522,52791668,52775193,16475
ENSG00000259945,67542963,67542123,840
ENSG00000250037,8456558,8455946,612
ENSG00000261396,67540106,67538557,1549
ENSG00000247516,8486930,8450743,36187
ENSG00000225055,48359495,48357125,2370
ENSG00000234448,48372095,48371905,190
ENSG00000267180,2031051,2030853,198
ENSG00000279653,2003581,2002580,1001
ENSG00000279075,8459183,8458842,341
ENSG00000107537,13302412,13277796,24616
ENSG00000039523,67546788,67518418,28370
ENSG00000251549,8410996,8410789,207
ENSG00000249159,8457564,8387638,69926
ENSG00000268009,48393347,48383516,9831
ENSG00000272049,8445535,8444949,586
ENSG00000219607,5089487,5084581,4906
ENSG00000249649,38007105,38006784,321
ENSG00000250254,37961128,37960398,730
ENSG00000231314,31649508,31647541,1967
ENSG00000077254,77759852,77695987,63865
ENSG00000251332,37996203,37995494,709
ENSG00000235524,69592931,69591406,1525
ENSG00000065882,38139175,37891084,248091
ENSG00000232738,9577689,9575608,2081
ENSG00000101349,9839041,9537389,301652
ENSG00000106541,16833433,16791811,41622
ENSG00000271065,51424611,51421956,2655
ENSG00000050438,51515763,51391317,124446
ENSG00000263163,153797388,153791585,5803
ENSG00000187634,944581,923928,20653
ENSG00000158517,74789315,74773962,15353
ENSG00000245311,27446625,27389789,56836
ENSG00000125148,56609497,56608584,913
ENSG00000214113,5260939,5102593,158346
ENSG00000168077,27676776,27633868,42908
ENSG00000228131,105910427,105910410,17
ENSG00000241318,91535593,91534666,927
ENSG00000211928,105912276,105912257,19
ENSG00000229067,91600321,91600171,150
ENSG00000158863,22104911,22089150,15761
ENSG00000233655,105913237,105913222,15
ENSG00000211930,105914389,105914359,30
ENSG00000254875,32129586,32111446,18140
ENSG00000203914,91644082,91642516,1566
ENSG00000211931,105916856,105916826,30
ENSG00000132305,86195770,86143932,51838
ENSG00000229250,24090346,24081704,8642
ENSG00000206329,32121288,32111042,10246
ENSG00000263130,153768458,153764082,4376
ENSG00000262826,153792039,153745298,46741
ENSG00000227073,135444925,135444461,464
ENSG00000226768,31440654,31435351,5303
ENSG00000248563,28733705,28732818,887
ENSG00000224662,136780218,136779939,279
ENSG00000230389,31456523,31453889,2634
ENSG00000131686,8975092,8945867,29225
ENSG00000223493,31951933,31941262,10671
ENSG00000224901,197761965,197757319,4646
ENSG00000235582,197736107,197735636,471
ENSG00000253330,47512141,47511034,1107
ENSG00000235086,159243329,159240786,2543
ENSG00000164694,159272108,159169400,102708
ENSG00000100628,93976791,93934153,42638
ENSG00000262833,80805632,80801640,3992
ENSG00000261924,80971213,80966239,4974
ENSG00000186298,110742939,110719680,23259
ENSG00000232083,80602926,80602549,377
ENSG00000141564,80966371,80544819,421552
ENSG00000223810,151950912,151949523,1389
ENSG00000267291,38601694,38596346,5348
ENSG00000104814,38618882,38587641,31241
ENSG00000243762,20111875,20110821,1054
ENSG00000257743,142222324,142111749,110575
ENSG00000166473,81220370,81100875,119495
ENSG00000134987,111130502,111091716,38786
ENSG00000099901,20127355,20115938,11417
ENSG00000234337,52656045,52655307,738
ENSG00000100365,36878017,36860988,17029
ENSG00000260326,52935635,52934813,822
ENSG00000180549,137033010,137030174,2836
ENSG00000260258,52943464,52942139,1325
ENSG00000273066,136810042,136799223,10819
ENSG00000260939,53011286,53010395,891
ENSG00000277639,53052873,53035690,17183
ENSG00000279073,137040436,137031241,9195
ENSG00000213213,136807741,136796350,11391
ENSG00000177409,93148385,93130056,18329
ENSG00000229087,15397782,15397435,347
ENSG00000243044,162601792,162601627,165
ENSG00000107331,137028922,137007234,21688
ENSG00000186056,30726827,30718504,8323
ENSG00000258987,93944129,93939555,4574
ENSG00000070759,45491163,45343883,147280
ENSG00000162510,30723585,30711277,12308
ENSG00000197747,151993859,151982915,10944
ENSG00000102882,30123506,30114105,9401
ENSG00000244571,163116186,163115429,757
ENSG00000241369,163361563,163127923,233640
ENSG00000244131,8743072,8742428,644
ENSG00000256904,8820713,8819816,897
ENSG00000272679,136829466,136800366,29100
ENSG00000111752,8941467,8913896,27571
ENSG00000196642,136841187,136807943,33244
ENSG00000023191,507300,494512,12788
ENSG00000233682,159170007,159165899,4108
ENSG00000161860,12919276,12898786,20490
ENSG00000231152,69594932,69594041,891
ENSG00000226794,69596436,69595487,949
ENSG00000249087,23371839,23368997,2842
ENSG00000132773,45343973,45340052,3921
ENSG00000240616,12894880,12894133,747
ENSG00000117133,84498352,84479259,19093
ENSG00000105607,12914207,12891160,23047
ENSG00000125945,23369836,23359448,10388
ENSG00000128191,20111877,20080232,31645
ENSG00000125246,99897134,99606669,290465
ENSG00000146067,177554563,177519789,34774
ENSG00000241168,163232149,163026396,205753
ENSG00000171224,69633596,69630247,3349
ENSG00000166863,57028883,57010000,18883
ENSG00000206268,31941274,31934274,7000
ENSG00000174021,84506581,84498325,8256
ENSG00000272386,76551750,76551352,398
ENSG00000161544,76551175,76527356,23819
ENSG00000245614,31073847,31020763,53084
ENSG00000273162,101061005,101060029,976
ENSG00000226870,71721278,71719142,2136
ENSG00000203724,197907367,197902630,4737
ENSG00000107821,101068131,101061841,6290
ENSG00000145777,111078026,111070062,7964
ENSG00000061918,155807774,155758992,48782
ENSG00000267546,76557683,76545668,12015
ENSG00000279925,110746206,110744549,1657
ENSG00000117151,84574480,84549611,24869
ENSG00000245768,59108974,58733912,375062
ENSG00000225420,88575610,88538720,36890
ENSG00000267543,76550826,76549951,875
ENSG00000241286,110842387,110841538,849
ENSG00000232448,10185775,10180235,5540
ENSG00000234028,88631821,88627539,4282
ENSG00000214140,76553578,76527586,25992
ENSG00000230506,10196990,10173520,23470
ENSG00000257268,110845963,110831779,14184
ENSG00000243961,10007116,9986088,21028
ENSG00000125166,58734342,58707131,27211
ENSG00000099899,20117392,20111875,5517
ENSG00000227906,10368776,10021978,346798
ENSG00000172071,88627464,88556740,70724
ENSG00000253613,111092115,111076921,15194
ENSG00000267632,42511519,42509784,1735
ENSG00000267222,42496550,42495867,683
ENSG00000279501,9018670,8996496,22174
ENSG00000143355,197935478,197911902,23576
ENSG00000279414,9027329,9026821,508
ENSG00000280436,9059060,9053122,5938
ENSG00000259428,103364820,103364239,581
ENSG00000104341,97853013,97775057,77956
ENSG00000132623,10058303,9986126,72177
ENSG00000188681,9129752,9068361,61391
ENSG00000234303,99727491,99726247,1244
ENSG00000227659,99690971,99690081,890
ENSG00000279381,9088391,9088188,203
ENSG00000279720,9083101,9082601,500
ENSG00000110002,124147721,124115362,32359
ENSG00000255931,61500076,61496440,3636
ENSG00000183822,36870441,36847372,23069
ENSG00000204950,61511018,61508749,2269
ENSG00000233193,15763769,15761614,2155
ENSG00000227255,15765664,15764703,961
ENSG00000235430,15771426,15768717,2709
ENSG00000158623,130668748,130506238,162510
ENSG00000227018,15784307,15783288,1019
ENSG00000286168,196027617,195996269,31348
ENSG00000255276,4138257,4137116,1141
ENSG00000072274,196082096,196027183,54913
ENSG00000167325,4138932,4094707,44225
ENSG00000104980,7943667,7926718,16949
ENSG00000180697,126558965,126526999,31966
ENSG00000254521,51501789,51491357,10432
ENSG00000180767,126543291,126524283,19008
ENSG00000139629,51392867,51351247,41620
ENSG00000237012,30643339,30637275,6064
ENSG00000122432,84566194,84506300,59894
ENSG00000143418,150975004,150960583,14421
ENSG00000224290,31645618,31639825,5793
ENSG00000263412,48048073,48045141,2932
ENSG00000270682,97788357,97788210,147
ENSG00000248655,28784808,28784437,371
ENSG00000272896,136800595,136791379,9216
ENSG00000270861,97853253,97853021,232
ENSG00000206331,32111974,32105963,6011
ENSG00000233826,28839719,28838582,1137
ENSG00000253639,97858947,97858049,898
ENSG00000213212,136815536,136812788,2748
ENSG00000243504,97865485,97865054,431
ENSG00000228544,136808848,136803927,4921
ENSG00000163519,108855005,108822698,32307
ENSG00000244187,136793317,136791344,1973
ENSG00000137384,30162231,30152741,9490
ENSG00000197241,9026345,9003300,23045
ENSG00000214835,10349628,10349157,471
ENSG00000132639,10307418,10218830,88588
ENSG00000172900,71423423,71382601,40822
ENSG00000244043,59089091,59088837,254
ENSG00000242423,58826368,58825891,477
ENSG00000261638,58880213,58847807,32406
ENSG00000260451,58777563,58776540,1023
ENSG00000268839,51505362,51505059,303
ENSG00000235173,144140851,144137774,3077
ENSG00000284882,84583620,84574129,9491
ENSG00000282022,8915276,8858143,57133
ENSG00000285851,84556688,84498350,58338
ENSG00000269580,51509311,51508573,738
ENSG00000256661,8830947,8776219,54728
ENSG00000262662,80961713,80960766,947
ENSG00000157881,2526628,2508531,18097
ENSG00000262313,80942033,80940418,1615
ENSG00000219273,38764694,38762905,1789
ENSG00000003056,8949761,8940361,9400
ENSG00000162511,30757774,30732469,25305
ENSG00000124721,39030529,38715341,315188
ENSG00000188175,93226524,93188586,37938
ENSG00000138080,27086408,27078567,7841
ENSG00000261097,46297844,46296445,1399
ENSG00000231746,28862760,28862129,631
ENSG00000229773,28864060,28860338,3722
ENSG00000270212,33285739,33283978,1761
ENSG00000232997,28890782,28889708,1074
ENSG00000204688,29464328,29457181,7147
ENSG00000267580,33301168,33299934,1234
ENSG00000237010,28898188,28897398,790
ENSG00000257529,101412297,101391011,21286
ENSG00000245848,33302534,33299934,2600
ENSG00000276075,67528675,67517862,10813
ENSG00000267727,33301940,33301279,661
ENSG00000227473,144143664,144141214,2450
ENSG00000267130,33309387,33305036,4351
ENSG00000267296,33305054,33302857,2197
ENSG00000260894,67542572,67542304,268
ENSG00000272459,177555364,177554824,540
ENSG00000263275,153769407,153768214,1193
ENSG00000233418,30663298,30643349,19949
ENSG00000232205,24106018,24104107,1911
ENSG00000243864,33341984,33340686,1298
ENSG00000109920,47767443,47716517,50926
ENSG00000248508,40067290,40039242,28048
ENSG00000240792,163479365,163475067,4298
ENSG00000274533,54856124,54845266,10858
ENSG00000229607,30815553,30810378,5175
ENSG00000259584,40078704,40075204,3500
ENSG00000214210,164002465,164001606,859
ENSG00000271421,111931092,111930735,357
ENSG00000237182,71736703,71736454,249
ENSG00000276794,70134190,70064043,70147
ENSG00000241343,101396154,101390824,5330
ENSG00000223382,30834431,30824228,10203
ENSG00000237717,71745077,71744828,249
ENSG00000204025,111903990,111876051,27939
ENSG00000178531,7926135,7924491,1644
ENSG00000234442,71763075,71760764,2311
ENSG00000011347,61581148,61515313,65835
ENSG00000021826,210679107,210477682,201425
ENSG00000277709,54885779,54883911,1868
ENSG00000144559,11846919,11790442,56477
ENSG00000215113,71767204,71763424,3780
ENSG00000241636,164686076,164670878,15198
ENSG00000269139,7926810,7926001,809
ENSG00000197863,36850787,36817428,33359
ENSG00000273715,70167868,70150924,16944
ENSG00000241767,164831480,164714095,117385
ENSG00000186998,29259597,29205896,53701
ENSG00000235143,30860254,30858158,2096
ENSG00000237005,10334698,10334419,279
ENSG00000279320,146506560,146504570,1990
ENSG00000197766,863630,859643,3987
ENSG00000273080,86196049,86195590,459
ENSG00000224617,71789636,71789386,250
ENSG00000235645,69692452,69684899,7553
ENSG00000166532,8783095,8681600,101495
ENSG00000229030,71849004,71848775,229
ENSG00000260823,56611375,56609501,1874
ENSG00000281519,242121247,242099909,21338
ENSG00000283178,71873295,71869763,3532
ENSG00000271420,23379029,23378380,649
ENSG00000167074,41399326,41367333,31993
ENSG00000281078,90221384,90220727,657
ENSG00000230469,69779838,69778962,876
ENSG00000260549,56618818,56617476,1342
ENSG00000260464,93848939,93847174,1765
ENSG00000105492,51531856,51517819,14037
ENSG00000072315,112082776,111774315,308461
ENSG00000213265,130687432,130668648,18784
ENSG00000067334,93879918,93866284,13634
ENSG00000236170,105919518,105919502,16
ENSG00000165730,68895432,68827531,67901
ENSG00000226777,105932642,105917979,14663
ENSG00000232482,23412146,23410832,1314
ENSG00000204219,23424740,23381061,43679
ENSG00000225370,54672591,54671231,1360
ENSG00000233360,37658377,37641832,16545
ENSG00000186152,54700905,54696604,4301
ENSG00000228790,54704235,54703952,283
ENSG00000270593,16850725,16849957,768
ENSG00000285304,37666932,37639693,27239
ENSG00000169715,56627112,56625475,1637
ENSG00000170858,54713453,54707916,5537
ENSG00000281202,13534335,13526319,8016
ENSG00000181995,60687267,60615729,71538
ENSG00000107362,71910931,71862452,48479
ENSG00000102393,101408012,101397803,10209
ENSG00000100092,37656119,37634654,21465
ENSG00000257954,49390162,49389516,646
ENSG00000235981,24157843,24142358,15485
ENSG00000243297,36902117,36901742,375
ENSG00000123352,49527424,49366584,160840
ENSG00000184156,132481095,132120859,360236
ENSG00000273909,70181513,70179769,1744
ENSG00000251247,36913029,36850361,62668
ENSG00000231013,119487346,119476448,10898
ENSG00000211933,105940253,105939756,497
ENSG00000204131,72161750,71910818,250932
ENSG00000080293,119525301,119439843,85458
ENSG00000275921,54882047,54867554,14493
ENSG00000254279,105945389,105945210,179
ENSG00000232722,142577881,142567260,10621
ENSG00000271968,105972269,105969729,2540
ENSG00000223949,64171297,64094442,76855
ENSG00000253560,27697526,27697217,309
ENSG00000285664,52930019,52791785,138234
ENSG00000279302,27703789,27701194,2595
ENSG00000271075,52872217,52871458,759
ENSG00000205364,56633981,56632659,1322
ENSG00000258802,52799061,52798904,157
ENSG00000258698,52820034,52792875,27159
ENSG00000163389,119494708,119468963,25745
ENSG00000185483,64181498,63774017,407481
ENSG00000073712,52952435,52857268,95167
ENSG00000227465,25648104,25647570,534
ENSG00000182154,137552555,137551879,676
ENSG00000228413,196045254,196044695,559
ENSG00000231464,195998233,195996738,1495
ENSG00000166866,57051198,57028517,22681
ENSG00000228596,44787340,44785050,2290
ENSG00000271563,25692323,25691537,786
ENSG00000280809,25732935,25651712,81223
ENSG00000231178,159383339,159353922,29417
ENSG00000107807,101137789,101131300,6489
ENSG00000234777,159401146,159383443,17703
ENSG00000225471,72160346,72159845,501
ENSG00000196933,72044892,72044545,347
ENSG00000069702,91906335,91680343,225992
ENSG00000285374,84610697,84607099,3598
ENSG00000226304,25933710,25924448,9262
ENSG00000177452,63789304,63788721,583
ENSG00000242732,72131901,72127110,4791
ENSG00000228056,63843685,63843196,489
ENSG00000280152,75250077,75245994,4083
ENSG00000240338,75228197,75226074,2123
ENSG00000260911,31049868,31043150,6718
ENSG00000279825,19033529,19030857,2672
ENSG00000281759,90246220,90245744,476
ENSG00000267254,36831596,36797516,34080
ENSG00000126945,101414133,101408222,5911
ENSG00000166959,60715807,60699585,16222
ENSG00000275383,68594424,68591382,3042
ENSG00000188522,19004764,18968789,35975
ENSG00000236311,101131126,101089321,41805
ENSG00000023909,93909456,93885199,24257
ENSG00000267023,68152468,68125777,26691
ENSG00000168925,75226338,75219000,7338
ENSG00000179277,15787575,15786618,957
ENSG00000249747,187209346,187201986,7360
ENSG00000265519,15788205,15787787,418
ENSG00000261124,31069246,31065495,3751
ENSG00000257022,21887957,21827210,60747
ENSG00000276855,15789705,15789016,689
ENSG00000275567,21828564,21828360,204
ENSG00000233090,15793045,15792862,183
ENSG00000167394,31074240,31060843,13397
ENSG00000248477,69624049,69607099,16950
ENSG00000069431,21942529,21797401,145128
ENSG00000223698,24174494,24168187,6307
ENSG00000185869,36916291,36888124,28167
ENSG00000158470,49713878,49632945,80933
ENSG00000278730,68129586,68126666,2920
ENSG00000267352,68135604,68134675,929
ENSG00000237057,15817742,15806241,11501
ENSG00000230977,24183071,24182477,594
ENSG00000277476,68135935,68133201,2734
ENSG00000244231,24187231,24183434,3797
ENSG00000274561,68131907,68131462,445
ENSG00000275091,14006773,14006422,351
ENSG00000244716,108992836,108992282,554
ENSG00000154025,19022595,18950345,72250
ENSG00000132005,14007039,13961530,45509
ENSG00000172342,24191870,24186509,5361
ENSG00000237349,108987245,108986963,282
ENSG00000228665,109030319,109030067,252
ENSG00000242854,24183505,24179316,4189
ENSG00000253203,69679259,69639459,39800
ENSG00000172243,10130258,10116777,13481
ENSG00000275636,40079347,40078892,455
ENSG00000065183,117966543,117929720,36823
ENSG00000101323,7940458,7882985,57473
ENSG00000234884,25564462,25561117,3345
ENSG00000085433,109042113,108970214,71899
ENSG00000243904,103374916,103374033,883
ENSG00000276468,54865626,54852887,12739
ENSG00000153574,88750929,88691673,59256
ENSG00000274042,82349497,82342783,6714
ENSG00000174796,75550473,75513946,36527
ENSG00000231073,150975534,150973123,2411
ENSG00000050820,75268053,75228181,39872
ENSG00000198576,142614479,142611049,3430
ENSG00000232748,31062803,31056460,6343
ENSG00000143379,150964744,150926263,38481
ENSG00000138472,108953879,108907792,46087
ENSG00000261231,47908431,47724568,183863
ENSG00000217275,26202654,26202156,498
ENSG00000248769,69654334,69653248,1086
ENSG00000261325,47887130,47849314,37816
ENSG00000250138,69636399,69631963,4436
ENSG00000261044,142621064,142620373,691
ENSG00000276966,26206038,26204552,1486
ENSG00000260497,47760921,47760780,141
ENSG00000277332,142640648,142638596,2052
ENSG00000227790,15908632,15829369,79263
ENSG00000260450,47971687,47965672,6015
ENSG00000101182,62143440,62136733,6707
ENSG00000282377,82395723,82380817,14906
ENSG00000223490,93921667,93921268,399
ENSG00000275074,22109419,22106874,2545
ENSG00000234099,93923945,93922574,1371
ENSG00000261017,48059995,48059671,324
ENSG00000227772,31501875,31488846,13029
ENSG00000235794,93924716,93924386,330
ENSG00000196262,44824564,44796680,27884
ENSG00000232752,93925385,93924743,642
ENSG00000272678,123283983,123283593,390
ENSG00000273802,26216692,26215159,1533
ENSG00000229842,93926072,93925406,666
ENSG00000250890,93926188,93926032,156
ENSG00000173175,123449758,123282296,167462
ENSG00000275777,90260067,90259509,558
ENSG00000184220,100181732,99817837,363895
ENSG00000186352,185400628,185396021,4607
ENSG00000280768,90340547,90340444,103
ENSG00000170425,15975746,15944917,30829
ENSG00000280572,90347042,90346572,470
ENSG00000109705,13545050,13540830,4220
ENSG00000280569,90390015,90389792,223
ENSG00000278932,9368775,9325013,43762
ENSG00000280491,90397682,90395720,1962
ENSG00000285871,68900768,68896920,3848
ENSG00000177294,6797101,6776215,20886
ENSG00000155761,118185223,117953861,231362
ENSG00000246095,13547801,13546075,1726
ENSG00000279718,9365225,9364467,758
ENSG00000283133,41157342,41157175,167
ENSG00000276734,149030199,148937284,92915
ENSG00000276875,54850914,54838897,12017
ENSG00000251158,69903198,69898867,4331
ENSG00000279208,9376645,9369285,7360
ENSG00000198237,69920867,69875271,45596
ENSG00000225797,29469806,29464596,5210
ENSG00000230164,29476071,29475025,1046
ENSG00000249230,69985501,69985204,297
ENSG00000157021,41164374,41163162,1212
ENSG00000167858,6831761,6789133,42628
ENSG00000204687,29487956,29486697,1259
ENSG00000266341,48060669,48060383,286
ENSG00000213900,29489676,29489271,405
ENSG00000268777,51520260,51519731,529
ENSG00000082641,48061545,48048329,13216
ENSG00000109775,185425979,185399537,26442
ENSG00000162512,30908758,30869466,39292
ENSG00000163743,75514764,75479037,35727
ENSG00000256443,61542259,61539516,2743
ENSG00000128923,58861900,58771192,90708
ENSG00000279878,61526602,61525708,894
ENSG00000086758,53686728,53532096,154632
ENSG00000128951,48343373,48331011,12362
ENSG00000267708,68159043,68152776,6267
ENSG00000285688,7203458,7177577,25881
ENSG00000125827,8019805,7977346,42459
ENSG00000180539,137037957,137027464,10493
ENSG00000259409,40089386,40088832,554
ENSG00000241360,37666932,37658723,8209
ENSG00000104081,40108892,40087890,21002
ENSG00000197763,126655124,126571779,83345
ENSG00000107281,137046179,137039463,6716
ENSG00000167653,142682725,142670308,12417
ENSG00000088305,32809356,32762385,46971
ENSG00000173681,19970298,19912860,57438
ENSG00000225200,105979146,105978520,626
ENSG00000211934,105987083,105986582,501
ENSG00000272371,52555273,52554818,455
ENSG00000253780,106001824,106001534,290
ENSG00000038382,14532128,14143342,388786
ENSG00000236290,52573816,52573114,702
ENSG00000232546,66858136,66848496,9640
ENSG00000244617,69962265,69960089,2176
ENSG00000229766,8043512,8019223,24289
ENSG00000226489,35872198,35871866,332
ENSG00000234616,142681968,142657460,24508
ENSG00000168386,100114513,99830141,284372
ENSG00000225392,70102862,70102551,311
ENSG00000116157,52609051,52602371,6680
ENSG00000233060,70096100,70089721,6379
ENSG00000169564,70089203,70087454,1749
ENSG00000278740,68189165,68188547,618
ENSG00000139800,99971909,99962964,8945
ENSG00000255986,56637086,56635739,1347
ENSG00000267731,68192802,68189884,2918
ENSG00000267472,68199596,68198921,675
ENSG00000257464,49442652,49442424,228
ENSG00000230295,66882981,66880708,2273
ENSG00000271464,112320417,112319952,465
ENSG00000273142,66906297,66902857,3440
ENSG00000211935,106005574,106005095,479
ENSG00000261744,88531053,88512960,18093
ENSG00000179588,88537031,88453280,83751
ENSG00000179131,66914943,66914581,362
ENSG00000263045,18986334,18986148,186
ENSG00000261144,59167152,59166951,201
ENSG00000196893,18954149,18951625,2524
ENSG00000276775,106012420,106011922,498
ENSG00000270222,59656336,59655602,734
ENSG00000179818,70103220,69962263,140957
ENSG00000175826,7252491,7243591,8900
ENSG00000154016,19047637,19020673,26964
ENSG00000282122,106025630,106025145,485
ENSG00000260240,59755026,59709993,45033
ENSG00000236158,36170448,36169767,681
ENSG00000205362,56640087,56638666,1421
ENSG00000183207,49015970,48993562,22408
ENSG00000014164,143541447,143437659,103788
ENSG00000261807,60053973,59855353,198620
ENSG00000187726,73970366,73950319,20047
ENSG00000261278,60025141,60024578,563
ENSG00000211937,106038365,106037902,463
ENSG00000144061,110205066,110122311,82755
ENSG00000261590,60357474,60357214,260
ENSG00000253387,106039764,106039666,98
ENSG00000043355,99986765,99981784,4981
ENSG00000278499,60359480,60358455,1025
ENSG00000254053,106045860,106045600,260
ENSG00000228054,109047482,109046828,654
ENSG00000232385,94695819,94695027,792
ENSG00000261436,60442245,60359842,82403
ENSG00000205361,56644786,56643705,1081
ENSG00000225798,58894082,58889967,4115
ENSG00000272662,119498181,119497678,503
ENSG00000259402,58817728,58815272,2456
ENSG00000231878,49729842,49729591,251
ENSG00000259393,58967808,58967046,762
ENSG00000249406,50215922,50208944,6978
ENSG00000241640,59050385,59049399,986
ENSG00000253763,106055998,106055549,449
ENSG00000263176,50215357,50212933,2424
ENSG00000197780,109076002,109062486,13516
ENSG00000211938,106062683,106062151,532
ENSG00000137776,58933679,58879050,54629
ENSG00000224003,25649232,25647261,1971
ENSG00000238260,3624743,3623190,1553
ENSG00000214342,94739411,94738652,759
ENSG00000229021,152042774,151994531,48243
ENSG00000237387,25581382,25580241,1141
ENSG00000260577,68646168,68644248,1920
ENSG00000100077,25729294,25564675,164619
ENSG00000169688,56653204,56651886,1318
ENSG00000260738,99997909,99994899,3010
ENSG00000261395,68686670,68686399,271
ENSG00000170231,160238735,160187367,51368
ENSG00000163191,152047907,152032506,15401
ENSG00000180869,84635020,84628230,6790
ENSG00000260860,68651948,68651056,892
ENSG00000225999,100028174,100027769,405
ENSG00000175267,22156964,22092538,64426
ENSG00000113845,119525090,119498532,26558
ENSG00000062038,68722616,68636189,86427
ENSG00000082898,61538626,61477849,60777
ENSG00000236554,100063601,100062296,1305
ENSG00000261310,60523250,60486819,36431
ENSG00000274605,100088848,100086031,2817
ENSG00000284928,64192685,64186791,5894
ENSG00000259844,60656649,60654235,2414
ENSG00000205360,56649514,56648248,1266
ENSG00000259923,56652636,56648881,3755
ENSG00000240667,152022508,152018662,3846
ENSG00000231825,31628517,31611467,17050
ENSG00000282639,106088573,106088122,451
ENSG00000282651,106108464,106107972,492
ENSG00000180900,143815773,143790920,24853
ENSG00000215717,109096934,109089803,7131
ENSG00000230682,94783525,94782886,639
ENSG00000250658,187309682,187304083,5599
ENSG00000240268,142247067,142240740,6327
ENSG00000231461,33097295,33091753,5542
ENSG00000260910,113928844,113926514,2330
ENSG00000107290,132354986,132261356,93630
ENSG00000283199,113974079,113953705,20374
ENSG00000255847,73970287,73963657,6630
ENSG00000259031,100540409,100538939,1470
ENSG00000273382,109090858,109087971,2887
ENSG00000228688,33107330,33103794,3536
ENSG00000183092,100587413,100537147,50266
ENSG00000004766,93361123,93232340,128783
ENSG00000232678,152078211,152077952,259
ENSG00000261178,60928541,60925733,2808
ENSG00000198034,72277248,72255679,21569
ENSG00000224557,33129084,33112451,16633
ENSG00000285818,152080903,152079557,1346
ENSG00000224631,61055964,61055399,565
ENSG00000255439,31094956,31083439,11517
ENSG00000247699,160204826,160195744,9082
ENSG00000196338,71171201,71144831,26370
ENSG00000182898,152089064,152084141,4923
ENSG00000130032,151705924,151694658,11266
ENSG00000155621,71986054,71911510,74544
ENSG00000220076,38928153,38928031,122
ENSG00000231150,38953099,38923029,30070
ENSG00000159450,152115454,152106317,9137
ENSG00000151006,31089628,31083425,6203
ENSG00000230207,7478320,7477045,1275
ENSG00000178654,7598377,7597823,554
ENSG00000277075,26217483,26216975,508
ENSG00000121594,119559614,119524293,35321
ENSG00000101654,13764558,13726660,37898
ENSG00000273056,7786688,7786105,583
ENSG00000277720,26219240,26219045,195
ENSG00000234272,152131845,152131555,290
ENSG00000115145,152175763,152116801,58962
ENSG00000274166,82428498,82418974,9524
ENSG00000147378,151723194,151716035,7159
ENSG00000273424,41431375,41430934,441
ENSG00000167395,31084196,31074422,9774
ENSG00000183864,41446801,41433494,13307
ENSG00000248557,126626061,126624792,1269
ENSG00000274712,68207493,68205489,2004
ENSG00000184840,177596124,177592158,3966
ENSG00000237398,33143325,33131216,12109
ENSG00000249838,50236129,50235845,284
ENSG00000259357,150966256,150965245,1011
ENSG00000137038,7888380,7796500,91880
ENSG00000167397,31095980,31090842,5138
ENSG00000167105,50281485,50271406,10079
ENSG00000232606,144579434,144566435,12999
ENSG00000147099,72573101,72329516,243585
ENSG00000145685,78770021,78485215,284806
ENSG00000243772,54753052,54738515,14537
ENSG00000229117,56117967,56116590,1377
ENSG00000146839,100797797,100733626,64171
ENSG00000226181,117453525,117451130,2395
ENSG00000274750,26227473,26224199,3274
ENSG00000243053,28802822,28802444,378
ENSG00000047936,117425855,117288300,137555
ENSG00000264138,28849592,28848860,732
ENSG00000163075,119662251,119544432,117819
ENSG00000132591,28861061,28855010,6051
ENSG00000218281,26233255,26233122,133
ENSG00000124575,26234933,26234268,665
ENSG00000242019,54736536,54724479,12057
ENSG00000226376,7935137,7930827,4310
ENSG00000274618,26240737,26240426,311
ENSG00000196704,68257164,68247930,9234
ENSG00000231902,7961080,7960413,667
ENSG00000254310,78753873,78753596,277
ENSG00000254170,78716082,78708734,7348
ENSG00000275663,26246977,26246681,296
ENSG00000248909,78644845,78644265,580
ENSG00000230313,33147767,33144783,2984
ENSG00000278982,7413467,7411599,1868
ENSG00000250042,187371921,187370648,1273
ENSG00000230757,39644705,39643638,1067
ENSG00000218803,111047521,111046868,653
ENSG00000244073,37085852,37085056,796
ENSG00000232591,7471942,7445558,26384
ENSG00000277775,26250605,26250195,410
ENSG00000100410,41468692,41459717,8975
ENSG00000230121,7536565,7533207,3358
ENSG00000280160,31095944,31093727,2217
ENSG00000280182,81264091,81261924,2167
ENSG00000237579,101194147,101176323,17824
ENSG00000102003,49200259,49187804,12455
ENSG00000160570,42220140,42198598,21542
ENSG00000135697,81291142,81238689,52453
ENSG00000270973,101181951,101181144,807
ENSG00000177414,64267368,64203627,63741
ENSG00000282084,82499143,82434179,64964
ENSG00000258223,142258058,142252143,5915
ENSG00000229649,101263550,101252821,10729
ENSG00000138136,101229794,101226195,3599
ENSG00000115839,135176394,135052265,124129
ENSG00000236060,72008136,72007881,255
ENSG00000227128,101270148,101229594,40554
ENSG00000189013,54814517,54803535,10982
ENSG00000165156,123275541,123248451,27090
ENSG00000282814,82513298,82497719,15579
ENSG00000273673,82451992,82451282,710
ENSG00000232487,114108820,114107569,1251
ENSG00000274320,82518216,82509086,9130
ENSG00000185989,114132623,113977783,154840
ENSG00000197818,49892242,49812713,79529
ENSG00000237341,49202454,49198966,3488
ENSG00000275713,26253710,26251651,2059
ENSG00000250620,187415697,187413564,2133
ENSG00000251643,187444298,187441677,2621
ENSG00000259239,40135214,40133768,1446
ENSG00000251490,187517208,187516153,1055
ENSG00000274675,70214752,70182128,32624
ENSG00000273983,26271815,26269405,2410
ENSG00000188976,959309,944203,15106
ENSG00000211941,106117204,106116635,569
ENSG00000236427,152207057,152205858,1199
ENSG00000143631,152325203,152302175,23028
ENSG00000224351,39818049,39817741,308
ENSG00000219807,94834447,94833904,543
ENSG00000270444,39857094,39856710,384
ENSG00000155561,135648757,135557917,90840
ENSG00000243498,123237062,123236852,210
ENSG00000254215,106120473,106120207,266
ENSG00000259305,123274284,123226189,48095
ENSG00000218690,26272701,26272021,680
ENSG00000142864,67430415,67407810,22605
ENSG00000254174,106122709,106122420,289
ENSG00000211942,106130072,106129540,532
ENSG00000278588,26273356,26272976,380
ENSG00000183586,152399769,152399577,192
ENSG00000215853,152159228,152153595,5633
ENSG00000237788,49831085,49829125,1960
ENSG00000189376,123241377,123219967,21410
ENSG00000257037,27498589,27496937,1652
ENSG00000165935,27502185,27466810,35375
ENSG00000225208,101311505,101311018,487
ENSG00000158406,26285638,26277609,8029
ENSG00000237975,152445456,152168125,277331
ENSG00000230967,101323394,101322485,909
ENSG00000158480,49915529,49903391,12138
ENSG00000279641,7243814,7242200,1614
ENSG00000170296,7242449,7240008,2441
ENSG00000204669,72072721,72051376,21345
ENSG00000216480,159526527,159526062,465
ENSG00000143536,152414263,152409243,5020
ENSG00000276413,159556174,159555964,210
ENSG00000237927,159589169,159586955,2214
ENSG00000205476,99604207,99500190,104017
ENSG00000254859,143549729,143541973,7756
ENSG00000198417,56660698,56657731,2967
ENSG00000230710,40189028,40181809,7219
ENSG00000215483,40535807,40079106,456701
ENSG00000251173,41256727,41220074,36653
ENSG00000158109,3630127,3625015,5112
ENSG00000197915,152224193,152212076,12117
ENSG00000272717,139557643,139556799,844
ENSG00000249302,139546727,139546266,461
ENSG00000154277,41268455,41256413,12042
ENSG00000145391,139606699,139495941,110758
ENSG00000173065,28855232,28755978,99254
ENSG00000226716,152125065,152122534,2531
ENSG00000233792,152196699,152124016,72683
ENSG00000253412,106142577,106142287,290
ENSG00000143520,152360006,152348735,11271
ENSG00000253709,106146131,106145891,240
ENSG00000135272,115019202,114922154,97048
ENSG00000259488,48331856,48312353,19503
ENSG00000211943,106154163,106153624,539
ENSG00000253458,106163802,106163583,219
ENSG00000211944,106165730,106165205,525
ENSG00000186163,142272235,142265833,6402
ENSG00000125144,56668065,56666731,1334
ENSG00000205572,70043113,70025247,17866
ENSG00000219703,117432442,117431591,851
ENSG00000261773,154518631,154517840,791
ENSG00000150907,40666641,40469953,196688
ENSG00000164465,117569858,117453817,116041
ENSG00000181885,7263983,7259903,4080
ENSG00000241881,142288869,142285750,3119
ENSG00000255038,66069619,66067277,2342
ENSG00000277083,142291597,142287251,4346
ENSG00000262500,46245044,46243606,1438
ENSG00000072786,172188224,172042079,146145
ENSG00000087365,66069308,66050729,18579
ENSG00000262539,46260606,46259551,1055
ENSG00000271429,40224862,40224625,237
ENSG00000229456,40621348,40618738,2610
ENSG00000253513,124998198,124996985,1213
ENSG00000250471,8174999,8174421,578
ENSG00000220875,26322292,26321876,416
ENSG00000158545,88631966,88570381,61585
ENSG00000231989,156852528,156850538,1990
ENSG00000231046,111259034,111227747,31287
ENSG00000283948,106171052,106170749,303
ENSG00000254046,106174760,106174342,418
ENSG00000273894,106180519,106179554,965
ENSG00000259353,58865063,58856831,8232
ENSG00000228427,71198195,71183386,14809
ENSG00000259738,58865303,58865006,297
ENSG00000242747,58870134,58869659,475
ENSG00000211945,106185394,106184901,493
ENSG00000112394,111231194,111087503,143691
ENSG00000114391,101686718,101681091,5627
ENSG00000157450,59097419,58865175,232244
ENSG00000099875,2051244,2037465,13779
ENSG00000132313,86213790,86199355,14435
ENSG00000090061,99535044,99481169,53875
ENSG00000253875,27756426,27733338,23088
ENSG00000147419,27772653,27733316,39337
ENSG00000225535,115126314,115078958,47356
ENSG00000262526,7244635,7240427,4208
ENSG00000262302,7262089,7246829,15260
ENSG00000226962,115137220,115136475,745
ENSG00000170291,7259940,7251416,8524
ENSG00000233607,115231355,115061537,169818
ENSG00000105968,44848083,44826791,21292
ENSG00000047932,117602542,117560269,42273
ENSG00000244565,115504081,115503367,714
ENSG00000242072,115676329,115647461,28868
ENSG00000265100,68247938,68246629,1309
ENSG00000253883,106196990,106196700,290
ENSG00000144120,119686507,119679167,7340
ENSG00000271201,106208571,106206603,1968
ENSG00000221957,54848569,54832676,15893
ENSG00000261575,46268694,46267037,1657
ENSG00000121988,135531218,135136916,394302
ENSG00000205358,56671129,56669814,1315
ENSG00000279962,13710484,13710249,235
ENSG00000260495,81313423,81310731,2692
ENSG00000177150,13726663,13663347,63316
ENSG00000011332,38229714,38211006,18708
ENSG00000125498,54784322,54769793,14529
ENSG00000240973,115682618,115679345,3273
ENSG00000243345,115791049,115789729,1320
ENSG00000226126,118615646,118614333,1313
ENSG00000270820,61484130,61471188,12942
ENSG00000229911,118713678,118712999,679
ENSG00000229326,119700151,119698623,1528
ENSG00000250590,187672641,187532878,139763
ENSG00000285857,61529160,61527340,1820
ENSG00000157765,25678748,25648011,30737
ENSG00000154832,50288304,50282343,5961
ENSG00000278987,1690536,1688355,2181
ENSG00000182183,52669683,52633168,36515
ENSG00000092607,118989556,118883046,106510
ENSG00000206053,1702280,1678256,24024
ENSG00000229232,545352,545236,116
ENSG00000249642,187660369,187613765,46604
ENSG00000226674,145262988,144667967,595021
ENSG00000242736,142299460,142299177,283
ENSG00000226660,142301432,142300924,508
ENSG00000258749,99513576,99512501,1075
ENSG00000140379,79971196,79960892,10304
ENSG00000237702,142309048,142308542,506
ENSG00000185960,659411,624344,35067
ENSG00000075223,80922359,80742538,179821
ENSG00000211710,142313666,142313184,482
ENSG00000211734,142321544,142320677,867
ENSG00000211706,142328786,142328297,489
ENSG00000233340,112677819,112671812,6007
ENSG00000234017,112548872,112548632,240
ENSG00000286234,152225211,152176020,49191
ENSG00000151532,112818744,112446998,371746
ENSG00000211707,142332701,142332182,519
ENSG00000286138,7945400,7944241,1159
ENSG00000223716,38376430,38360427,16003
ENSG00000211745,142345985,142345421,564
ENSG00000269599,98333236,98329655,3581
ENSG00000224418,98578830,98577244,1586
ENSG00000283063,142349664,142349152,512
ENSG00000170325,130002835,129899706,103129
ENSG00000282939,142353358,142352819,539
ENSG00000137124,38398661,38392702,5959
ENSG00000160161,19546659,19538248,8411
ENSG00000152767,98455176,98142562,312614
ENSG00000224263,11879129,11878830,299
ENSG00000117010,40548167,40531573,16594
ENSG00000243889,142358917,142358639,278
ENSG00000242771,142372912,142372640,272
ENSG00000230342,11891172,11859674,31498
ENSG00000211713,142381261,142380806,455
ENSG00000211714,142384841,142384329,512
ENSG00000239944,142386647,142386378,269
ENSG00000164007,42740254,42733093,7161
ENSG00000211715,142389668,142389202,466
ENSG00000124391,88640473,88638591,1882
ENSG00000276228,82533748,82524734,9014
ENSG00000127947,77640069,77537295,102774
ENSG00000282218,117573571,117318211,255360
ENSG00000269813,7960012,7959123,889
ENSG00000066044,8005659,7958573,47086
ENSG00000226209,13308447,13308145,302
ENSG00000242473,54767371,54755023,12348
ENSG00000282514,82552010,82551263,747
ENSG00000264257,54790318,54786355,3963
ENSG00000282457,82556321,82538538,17783
ENSG00000215765,54798285,54724496,73789
ENSG00000178977,8224043,8220642,3401
ENSG00000167633,54830778,54816468,14310
ENSG00000196403,124159356,124158421,935
ENSG00000282183,82593266,82552056,41210
ENSG00000233370,110185179,110184054,1125
ENSG00000237531,994365,990221,4144
ENSG00000229006,28924846,28903869,20977
ENSG00000197309,124188780,124183345,5435
ENSG00000225661,1010101,1008503,1598
ENSG00000186207,152512177,152510803,1374
ENSG00000271364,79985724,79984151,1573
ENSG00000271400,112382220,112381392,828
ENSG00000260459,68823070,68822587,483
ENSG00000187823,112457112,112454500,2612
ENSG00000282793,101528349,101527581,768
ENSG00000039068,68835541,68737292,98249
ENSG00000211716,142392412,142391891,521
ENSG00000285676,112821838,112810031,11807
ENSG00000262097,14016016,14009280,6736
ENSG00000182508,112680054,112630648,49406
ENSG00000261856,14021077,14018880,2197
ENSG00000140479,101525202,101297142,228060
ENSG00000264548,82217352,82214227,3125
ENSG00000213652,112690520,112689915,605
ENSG00000151790,155920406,155854738,65668
ENSG00000126016,112840815,112774503,66312
ENSG00000229891,42369236,42364400,4836
ENSG00000225275,11901245,11900011,1234
ENSG00000124194,44280917,44247099,33818
ENSG00000251038,11910765,11909634,1131
ENSG00000231897,11912313,11906527,5786
ENSG00000272688,3247086,3246401,685
ENSG00000228113,88304367,88219359,85008
ENSG00000144681,36548007,36380344,167663
ENSG00000101605,3220108,3066807,153301
ENSG00000236418,32628863,32606510,22353
ENSG00000127954,88306891,88270892,35999
ENSG00000235651,135511943,135510546,1397
ENSG00000183862,151745304,151738451,6853
ENSG00000232622,84637106,84636158,948
ENSG00000256394,155866273,155829729,36544
ENSG00000137501,85811159,85694224,116935
ENSG00000234940,144690185,144688413,1772
ENSG00000235352,144755998,144754776,1222
ENSG00000275583,54761173,54746804,14369
ENSG00000268580,144882033,144877734,4299
ENSG00000269335,154565046,154541199,23847
ENSG00000166167,101557321,101354033,203288
ENSG00000162377,52698347,52684449,13898
ENSG00000215067,7012349,6876635,135714
ENSG00000147381,151925170,151912509,12661
ENSG00000261609,81390884,81314947,75937
ENSG00000233664,52709442,52709122,320
ENSG00000270066,109100619,109100193,426
ENSG00000233871,77929824,77927372,2452
ENSG00000106609,66958551,66921225,37326
ENSG00000234612,77953876,77953495,381
ENSG00000196440,101533459,101418287,115172
ENSG00000232400,16866308,16864267,2041
ENSG00000254003,88219226,88216660,2566
ENSG00000223528,127026507,126988095,38412
ENSG00000173467,16881987,16859412,22575
ENSG00000075142,88226993,88205118,21875
ENSG00000267653,69501755,69477139,24616
ENSG00000232935,127026475,127013501,12974
ENSG00000278972,69435533,69433084,2449
ENSG00000108984,69553865,69414697,139168
ENSG00000150760,127452517,126905409,547108
ENSG00000177200,53329150,53055033,274117
ENSG00000007545,1677908,1612325,65583
ENSG00000114487,109118142,108958239,159903
ENSG00000267532,7019659,7015818,3841
ENSG00000263316,6978960,6954098,24862
ENSG00000258315,7017525,7014495,3030
ENSG00000120875,29350684,29333064,17620
ENSG00000243813,121099774,121099108,666
ENSG00000286072,113212186,112880563,331623
ENSG00000235329,113347619,113347413,206
ENSG00000145087,121424761,120908072,516689
ENSG00000229274,29510556,29497509,13047
ENSG00000224582,29533665,29528750,4915
ENSG00000249681,109879897,109879070,827
ENSG00000272923,81387560,81385463,2097
ENSG00000271414,135651416,135650972,444
ENSG00000223718,135660647,135660039,608
ENSG00000178997,41230743,41182725,48018
ENSG00000234557,101444103,101443707,396
ENSG00000251484,109104766,109103535,1231
ENSG00000168078,27838082,27809624,28458
ENSG00000235568,42432395,42380410,51985
ENSG00000184402,62182514,62143769,38745
ENSG00000176293,58086310,58059239,27071
ENSG00000272886,53347586,53283429,64157
ENSG00000266803,16559269,16557985,1284
ENSG00000273219,135704841,135704537,304
ENSG00000243317,135693418,135662496,30922
ENSG00000141040,16569204,16546954,22250
ENSG00000135519,49558337,49539030,19307
ENSG00000285601,29360222,29351292,8930
ENSG00000189320,135748813,135728348,20465
ENSG00000260253,29353170,29352420,750
ENSG00000229967,151913968,151904431,9537
ENSG00000253632,29530323,29527312,3011
ENSG00000148606,78029515,77969251,60264
ENSG00000253182,29564341,29548171,16170
ENSG00000280147,29588426,29587001,1425
ENSG00000230107,42446195,42438023,8172
ENSG00000229281,29538787,29537704,1083
ENSG00000102572,98577940,98445185,132755
ENSG00000180638,19718979,19678288,40691
ENSG00000261732,1686715,1632259,54456
ENSG00000164707,135729258,135681237,48021
ENSG00000261783,75381260,75379818,1442
ENSG00000261717,75464706,75412684,52022
ENSG00000167625,42228201,42220271,7930
ENSG00000016391,53846419,53812335,34084
ENSG00000149305,113949078,113904677,44401
ENSG00000226890,1626160,1625628,532
ENSG00000153774,75433503,75293698,139805
ENSG00000137142,38424454,38406528,17926
ENSG00000179902,109113857,109105951,7906
ENSG00000271040,157324477,157323964,513
ENSG00000217783,157300126,157299045,1081
ENSG00000196205,133020874,133019486,1388
ENSG00000215712,157323601,157289386,34215
ENSG00000121413,58118427,58083838,34589
ENSG00000187778,49568145,49556544,11601
ENSG00000267047,7019414,6985494,33920
ENSG00000227224,53475089,53474700,389
ENSG00000262943,6954107,6853861,100246
ENSG00000142583,9088478,9035107,53371
ENSG00000157388,53813733,53328963,484770
ENSG00000271488,132765458,132764660,798
ENSG00000281486,1269668,1209102,60566
ENSG00000239314,109110342,109101456,8886
ENSG00000274921,54854081,54763075,91006
ENSG00000259947,1890434,1889114,1320
ENSG00000274220,75436392,75433836,2556
ENSG00000243085,38527032,38526831,201
ENSG00000225345,38568211,38566260,1951
ENSG00000166822,75465497,75443054,22443
ENSG00000148399,137578925,137554444,24481
ENSG00000162040,1918440,1911463,6977
ENSG00000250989,38543446,38543104,342
ENSG00000273036,38542792,38540567,2225
ENSG00000038219,13627725,13568738,58987
ENSG00000180071,38620596,38571358,49238
ENSG00000227517,69903000,69577251,325749
ENSG00000281082,241801907,241800916,991
ENSG00000265967,64695594,64695041,553
ENSG00000267184,69707373,69707193,180
ENSG00000277926,241817413,241808825,8588
ENSG00000180304,64703281,64687573,15708
ENSG00000228929,52772648,52772194,454
ENSG00000259999,75325048,75321890,3158
ENSG00000162378,52827336,52726453,100883
ENSG00000261476,75460017,75458252,1765
ENSG00000227965,16888885,16888621,264
ENSG00000116299,109206781,109113679,93102
ENSG00000231301,29583025,29582508,517
ENSG00000188916,127196591,127135426,61165
ENSG00000237988,29557721,29550407,7314
ENSG00000239426,124208112,124207183,929
ENSG00000227609,29577748,29577459,289
ENSG00000204657,29590500,29585121,5379
ENSG00000242685,32899448,32877327,22121
ENSG00000255425,124215828,124211707,4121
ENSG00000265399,3247277,3190397,56880
ENSG00000102287,151974680,151953124,21556
ENSG00000228785,32818804,32818730,74
ENSG00000213886,29559925,29555515,4410
ENSG00000236608,60638097,60636888,1209
ENSG00000225249,60694528,60685199,9329
ENSG00000258317,56129619,56120033,9586
ENSG00000183921,22191754,22165583,26171
ENSG00000249368,15325569,15325296,273
ENSG00000258345,56119939,56118968,971
ENSG00000276316,124239486,124238420,1066
ENSG00000181214,124225639,124224732,907
ENSG00000135482,56127514,56118260,9254
ENSG00000232672,77774864,77773865,999
ENSG00000274412,54777585,54763061,14524
ENSG00000214513,73212513,73202258,10255
ENSG00000204681,29633976,29555629,78347
ENSG00000197849,124254364,124241095,13269
ENSG00000227995,93881938,93881293,645
ENSG00000138030,27100762,27086747,14015
ENSG00000249162,187748199,187746094,2105
ENSG00000213331,187971284,187970273,1011
ENSG00000230876,32926693,32825359,101334
ENSG00000255298,124266218,124256376,9842
ENSG00000108839,7010754,6996049,14705
ENSG00000255116,124274581,124273970,611
ENSG00000272934,38543215,38542389,826
ENSG00000260917,112827726,112823490,4236
ENSG00000236505,40563659,40563534,125
ENSG00000283162,38543880,38433696,110184
ENSG00000171320,27812640,27771949,40691
ENSG00000233910,40594353,40593633,720
ENSG00000139641,56144671,56118250,26421
ENSG00000237487,38505482,38504447,1035
ENSG00000272904,38568422,38542479,25943
ENSG00000255377,119445519,119444991,528
ENSG00000254590,119404088,119402792,1296
ENSG00000176007,38527912,38527097,815
ENSG00000263873,119419114,119417951,1163
ENSG00000204860,38624990,38620474,4516
ENSG00000245248,119526664,119381778,144886
ENSG00000184368,20116907,20006713,110194
ENSG00000176273,93956062,93893973,62089
ENSG00000232015,77853893,77853355,538
ENSG00000229511,38488338,38486859,1479
ENSG00000215165,38479350,38478471,879
ENSG00000235613,77848802,77847110,1692
ENSG00000283486,38577207,38540569,36638
ENSG00000154096,119424985,119417378,7607
ENSG00000180488,77879539,77779624,99915
ENSG00000259529,24166452,24147548,18904
ENSG00000165533,88881078,88824153,56925
ENSG00000086475,13348298,13317428,30870
ENSG00000274498,54785052,54779616,5436
ENSG00000100911,24147570,24143362,4208
ENSG00000284071,24206132,24196518,9614
ENSG00000225254,38454070,38452782,1288
ENSG00000262089,6995189,6994642,547
ENSG00000219200,7014532,7012417,2115
ENSG00000164326,71721048,71719275,1773
ENSG00000241674,32881839,32863344,18495
ENSG00000276564,14153235,14150833,2402
ENSG00000186260,14266773,14071321,195452
ENSG00000023902,150164720,150149183,15537
ENSG00000242103,121357940,121356991,949
ENSG00000270782,120925158,120924612,546
ENSG00000259635,64719602,64701248,18354
ENSG00000264937,64696861,64696622,239
ENSG00000104067,29968865,29699367,269498
ENSG00000254067,39580134,39522976,57158
ENSG00000161939,7017520,7012635,4885
ENSG00000219201,77811781,77810861,920
ENSG00000185271,20436158,20425852,10306
ENSG00000196341,124315099,124302831,12268
ENSG00000224820,72108312,72107818,494
ENSG00000249839,43684339,43663654,20685
ENSG00000139797,98177265,98175785,1480
ENSG00000236271,30787391,30772367,15024
ENSG00000254892,119404227,119403963,264
ENSG00000179059,188005046,187995771,9275
ENSG00000281624,241812016,241808312,3704
ENSG00000255419,31755608,31748922,6686
ENSG00000271437,98553780,98553243,537
ENSG00000269189,98234700,98233650,1050
ENSG00000262503,6928191,6927472,719
ENSG00000231194,98435840,98435405,435
ENSG00000276126,241804208,241799063,5145
ENSG00000258576,100589326,100587775,1551
ENSG00000237289,43604901,43593054,11847
ENSG00000243844,29632644,29632091,553
ENSG00000251191,29748109,29673922,74187
ENSG00000135632,73227221,73214222,12999
ENSG00000168453,22133384,22114419,18965
ENSG00000228104,32899549,32899035,514
ENSG00000204248,33192499,33162681,29818
ENSG00000253490,29798492,29748309,50183
ENSG00000215077,32910230,32897392,12838
ENSG00000248964,29854543,29815004,39539
ENSG00000107625,68946847,68901286,45561
ENSG00000233220,130004356,130002938,1418
ENSG00000254086,29871661,29864644,7017
ENSG00000237333,31755602,31730753,24849
ENSG00000211946,106211453,106210936,517
ENSG00000260798,68823526,68814330,9196
ENSG00000271378,37130700,37130430,270
ENSG00000228212,37212381,37209364,3017
ENSG00000239216,119001405,119000618,787
ENSG00000228501,100151092,100150481,611
ENSG00000179832,144261940,144148016,113924
ENSG00000226172,119001392,119000344,1048
ENSG00000197603,37249428,37106228,143200
ENSG00000253772,160248217,160247517,700
ENSG00000075413,103503831,103385392,118439
ENSG00000228965,152046193,152045314,879
ENSG00000175198,100530437,100089015,441422
ENSG00000172250,42512560,42500568,11992
ENSG00000105967,116159896,115935148,224748
ENSG00000138028,27119128,27098889,20239
ENSG00000135083,160345396,160249106,96290
ENSG00000124260,152138578,152133310,5268
ENSG00000231153,95018554,95018407,147
ENSG00000271159,95018397,95018163,234
ENSG00000236197,95214332,95035731,178601
ENSG00000158528,95296415,94907202,389213
ENSG00000262470,14200979,14200357,622
ENSG00000262529,14200277,14191820,8457
ENSG00000196273,100676069,100657250,18819
ENSG00000236854,32928405,32927127,1278
ENSG00000160211,154547572,154531390,16182
ENSG00000266560,152138556,152114994,23562
ENSG00000242866,43618800,43599563,19237
ENSG00000246067,83106719,83072066,34653
ENSG00000258717,100679884,100675930,3954
ENSG00000242520,152115540,152114599,941
ENSG00000179046,188109603,188091273,18330
ENSG00000270612,160326969,160326693,276
ENSG00000254373,160258585,160258253,332
ENSG00000253521,132565246,132507962,57284
ENSG00000183196,75495445,75472052,23393
ENSG00000233566,28945398,28944738,660
ENSG00000228990,28971310,28969980,1330
ENSG00000237898,28988405,28987124,1281
ENSG00000078900,3736201,3652516,83685
ENSG00000227480,158236169,158166650,69519
ENSG00000241124,28989460,28987721,1739
ENSG00000278765,48067293,48066704,589
ENSG00000153237,158456753,158171081,285672
ENSG00000158966,64693058,64470129,222929
ENSG00000203472,75495407,75475896,19511
ENSG00000285554,150181429,150173049,8380
ENSG00000269791,48411910,48402078,9832
ENSG00000273971,75498289,75497948,341
ENSG00000279900,83084138,83083687,451
ENSG00000189306,42519796,42508344,11452
ENSG00000255010,83106961,83106580,381
ENSG00000262583,75516280,75499788,16492
ENSG00000255503,83097196,83072402,24794
ENSG00000280837,210619876,210617571,2305
ENSG00000129295,132675592,132570416,105176
ENSG00000173093,110907535,110846769,60766
ENSG00000232599,125204338,125203805,533
ENSG00000279476,81520617,81517824,2793
ENSG00000279294,81620563,81618505,2058
ENSG00000282815,125325214,125320120,5094
ENSG00000279841,81632038,81630193,1845
ENSG00000279681,81617543,81617038,505
ENSG00000213489,125328021,125326897,1124
ENSG00000260229,81476519,81476023,496
ENSG00000280223,126006118,126004446,1672
ENSG00000237208,126115562,126109762,5800
ENSG00000153815,81711762,81445170,266592
ENSG00000228216,90965393,90957260,8133
ENSG00000260454,91001871,90997054,4817
ENSG00000261056,53299792,53298224,1568
ENSG00000230537,91107304,91104957,2347
ENSG00000253604,29908956,29905735,3221
ENSG00000092098,24160660,24146683,13977
ENSG00000261291,53169450,53168522,928
ENSG00000279589,53311989,53310797,1192
ENSG00000253279,29953724,29921513,32211
ENSG00000280227,53227694,53227146,548
ENSG00000227712,119327303,119260265,67038
ENSG00000258056,55730852,55729104,1748
ENSG00000231603,48415285,48412303,2982
ENSG00000231365,119275973,119140396,135577
ENSG00000231489,48423468,48423342,126
ENSG00000235641,91165658,91159573,6085
ENSG00000135404,55729707,55725323,4384
ENSG00000235350,48441619,48433201,8418
ENSG00000226971,48448879,48446893,1986
ENSG00000230147,91170045,91169585,460
ENSG00000220541,113522989,113522482,507
ENSG00000229694,91182762,91119062,63700
ENSG00000241011,188106914,188106558,356
ENSG00000106546,17346152,16916359,429793
ENSG00000235200,67532612,67522347,10265
ENSG00000270524,113883667,113882590,1077
ENSG00000241743,114059289,113616300,442989
ENSG00000237422,91163087,91119138,43949
ENSG00000237455,32635966,32635116,850
ENSG00000116874,119140671,119031216,109455
ENSG00000271686,114389954,114389135,819
ENSG00000230502,114389155,114388988,167
ENSG00000226547,114391256,114390674,582
ENSG00000233209,32644644,32634703,9941
ENSG00000101152,63936031,63895126,40905
ENSG00000231729,63671502,63670196,1306
ENSG00000185559,100738224,100725705,12519
ENSG00000236813,63767400,63766875,525
ENSG00000261760,110272050,110231106,40944
ENSG00000141526,82261129,82228397,32732
ENSG00000131089,63809274,63634967,174307
ENSG00000168619,39730065,39584489,145576
ENSG00000274139,101495567,101495052,515
ENSG00000259764,101337428,101334437,2991
ENSG00000279970,101301648,101299656,1992
ENSG00000234890,158425303,158419955,5348
ENSG00000277210,101524739,101522597,2142
ENSG00000137075,36487548,36336396,151152
ENSG00000259172,101305737,101295419,10318
ENSG00000223459,143604839,143598039,6800
ENSG00000227056,119220096,119219314,782
ENSG00000224238,119064785,119047405,17380
ENSG00000213078,157366923,157365990,933
ENSG00000236804,119127291,119126539,752
ENSG00000218631,157373171,157372556,615
ENSG00000223575,119085954,119084998,956
ENSG00000198354,126166289,126163499,2790
ENSG00000233831,29006139,28995715,10424
ENSG00000283537,143645675,143620943,24732
ENSG00000125482,132406851,132375548,31303
ENSG00000144935,142807888,142724034,83854
ENSG00000282304,110285856,110245591,40265
ENSG00000230916,126472403,126471705,698
ENSG00000068400,49002264,48973720,28544
ENSG00000231501,126472884,126472728,156
ENSG00000232177,126473281,126472885,396
ENSG00000283528,143647646,143639230,8416
ENSG00000274901,126503155,126502867,288
ENSG00000170379,143730409,143620952,109457
ENSG00000251216,173990861,173924207,66654
ENSG00000282785,110285681,110279606,6075
ENSG00000250708,173929525,173897252,32273
ENSG00000233256,13423133,13415202,7931
ENSG00000175701,110245420,110211529,33891
ENSG00000241224,109150514,109118252,32262
ENSG00000250043,173913252,173877471,35781
ENSG00000237773,17299357,16970320,329037
ENSG00000175699,94008863,93987225,21638
ENSG00000108468,48101478,48070052,31426
ENSG00000232841,17033478,17033089,389
ENSG00000224664,114589935,114589620,315
ENSG00000224773,114776775,114774828,1947
ENSG00000236039,17558909,17405479,153430
ENSG00000147246,114910061,114584078,325983
ENSG00000135269,116258783,116210506,48277
ENSG00000223867,16938557,16938225,332
ENSG00000283321,17467234,17299295,167939
ENSG00000236318,17467256,17374867,92389
ENSG00000251213,174168913,174164441,4472
ENSG00000250957,174154637,174135055,19582
ENSG00000248174,174220398,174094660,125738
ENSG00000114450,179451476,179396088,55388
ENSG00000250230,61607550,61588494,19056
ENSG00000284808,61533271,61481087,52184
ENSG00000223920,61654908,61654194,714
ENSG00000198284,126671939,126660609,11330
ENSG00000279021,81464859,81463892,967
ENSG00000237918,31755608,31753556,2052
ENSG00000251183,153898987,153887428,11559
ENSG00000105887,135977359,135926760,50599
ENSG00000261382,153903223,153901459,1764
ENSG00000271321,143757696,143755089,2607
ENSG00000286193,37250646,37249026,1620
ENSG00000154945,50707914,50693198,14716
ENSG00000145861,160370641,160347751,22890
ENSG00000017483,48470260,48458537,11723
ENSG00000114784,40312424,40309707,2717
ENSG00000134864,100589528,100530164,59364
ENSG00000241136,143784284,143782667,1617
ENSG00000253882,143836933,143761790,75143
ENSG00000151414,198322420,198156994,165426
ENSG00000124226,49953885,49936336,17549
ENSG00000267697,135927450,135927274,176
ENSG00000280139,176439238,176439090,148
ENSG00000224746,135932881,135926455,6426
ENSG00000235435,145331847,145294277,37570
ENSG00000214782,60744212,60729304,14908
ENSG00000270413,114900574,114900359,215
ENSG00000214064,145338057,145337230,827
ENSG00000176681,46337794,46292733,45061
ENSG00000251642,38287491,38286994,497
ENSG00000226218,145603423,145600907,2516
ENSG00000248227,38385759,38366914,18845
ENSG00000224356,100587146,100535741,51405
ENSG00000225107,145588024,145569294,18730
ENSG00000159860,143817973,143800732,17241
ENSG00000262967,50695449,50693448,2001
ENSG00000232145,143796720,143796295,425
ENSG00000286225,145765726,145572662,193064
ENSG00000123496,115019977,115003975,16002
ENSG00000240684,32637710,32635122,2588
ENSG00000234650,100481157,100464440,16717
ENSG00000254739,529659,528907,752
ENSG00000170011,40260321,39808914,451407
ENSG00000237682,101539276,101537485,1791
ENSG00000146409,132813339,132769370,43969
ENSG00000254013,30028900,30027713,1187
ENSG00000271557,47841682,47841324,358
ENSG00000271543,47796379,47796169,210
ENSG00000280169,100539567,100537365,2202
ENSG00000126947,101554700,101550531,4169
ENSG00000270632,100198469,100198187,282
ENSG00000027847,177610330,177600132,10198
ENSG00000030066,47848555,47778087,70468
ENSG00000234354,100540248,100539901,347
ENSG00000131732,81313297,81301587,11710
ENSG00000267939,8016025,8008729,7296
ENSG00000284772,43632283,43614208,18075
ENSG00000145850,156963226,156919292,43934
ENSG00000105971,116508541,116287380,221161
ENSG00000166762,43668118,43628503,39615
ENSG00000104635,22434129,22367249,66880
ENSG00000270832,89459437,89458870,567
ENSG00000260279,89298317,89296128,2189
ENSG00000261253,89325110,89321133,3977
ENSG00000104826,49017091,49015980,1111
ENSG00000232824,198198186,198197779,407
ENSG00000268218,89273044,89268104,4940
ENSG00000153707,10612723,8314246,2298477
ENSG00000134294,46372773,46358188,14585
ENSG00000167522,89490561,89267630,222931
ENSG00000111245,110920722,110910819,9903
ENSG00000180879,153798505,153793516,4989
ENSG00000268655,49020523,49017496,3027
ENSG00000280407,82251844,82249067,2777
ENSG00000102001,49233371,49205063,28308
ENSG00000259162,20441268,20437982,3286
ENSG00000279315,112832454,112831169,1285
ENSG00000225292,112906111,112888735,17376
ENSG00000141551,82273731,82239023,34708
ENSG00000280015,38391675,38390754,921
ENSG00000272699,179405944,179405448,496
ENSG00000242539,179399191,179396961,2230
ENSG00000243742,61639449,61615036,24413
ENSG00000283167,110348941,110321402,27539
ENSG00000242391,52881730,52881216,514
ENSG00000226991,110359126,110358790,336
ENSG00000104827,49024333,49022869,1464
ENSG00000203995,52894998,52842511,52487
ENSG00000230650,110363737,110360608,3129
ENSG00000113194,176510074,176447628,62446
ENSG00000175772,110384442,110375138,9304
ENSG00000224652,196160890,196142636,18254
ENSG00000226065,110384642,110383112,1530
ENSG00000261268,139623232,139618136,5096
ENSG00000248850,126673223,126672106,1117
ENSG00000238223,115064794,115063936,858
ENSG00000248144,99352746,99336497,16249
ENSG00000236080,115069846,115069237,609
ENSG00000270560,156924710,156924119,591
ENSG00000267019,49026020,49025461,559
ENSG00000104818,49033238,49031912,1326
ENSG00000261113,22288738,22286708,2030
ENSG00000273381,91210299,91206175,4124
ENSG00000228696,46361797,46274784,87013
ENSG00000103319,22288738,22206278,82460
ENSG00000100368,36940439,36913628,26811
ENSG00000104549,125022283,124998497,23786
ENSG00000256671,110473075,110446640,26435
ENSG00000105722,42255128,42247569,7559
ENSG00000166831,64775589,64739891,35698
ENSG00000267335,49036895,49022953,13942
ENSG00000267099,49030341,49029726,615
ENSG00000267631,49036895,49035610,1285
ENSG00000211717,142400377,142399860,517
ENSG00000169509,152516008,152514482,1526
ENSG00000257207,110473075,110402934,70141
ENSG00000175048,157678157,157381133,297024
ENSG00000262681,19722428,19719059,3369
ENSG00000268643,42255132,42234583,20549
ENSG00000211720,142408136,142407672,464
ENSG00000184115,110435166,110397406,37760
ENSG00000279539,42244973,42242775,2198
ENSG00000105723,42242625,42230190,12435
ENSG00000185966,152566772,152565654,1118
ENSG00000151418,198540945,198523222,17723
ENSG00000233383,67089470,67089257,213
ENSG00000198874,67239519,66995173,244346
ENSG00000244661,142415666,142415224,442
ENSG00000166961,60776732,60756953,19779
ENSG00000211947,106235594,106235064,530
ENSG00000163202,152580516,152579381,1135
ENSG00000196616,99352760,99304971,47789
ENSG00000229769,142425465,142424965,500
ENSG00000148090,91361913,91213815,148098
ENSG00000169562,71225516,71215194,10322
ENSG00000213928,24166565,24161053,5512
ENSG00000108602,19748943,19737984,10959
ENSG00000185847,110958208,110936585,21623
ENSG00000230596,110388163,110386377,1786
ENSG00000213197,152390630,152389937,693
ENSG00000227574,110451064,110449242,1822
ENSG00000258240,110957812,110951683,6129
ENSG00000273471,110433673,110386411,47262
ENSG00000157827,152649826,152335174,314652
ENSG00000234664,29730985,29730713,272
ENSG00000223881,198598868,198597724,1144
ENSG00000259523,29824081,29822631,1450
ENSG00000259644,29729531,29728186,1345
ENSG00000163958,196211437,196197452,13985
ENSG00000243243,116327896,116237929,89967
ENSG00000239533,24215581,24209567,6014
ENSG00000130224,115234096,115110616,123480
ENSG00000237870,116286734,116275606,11128
ENSG00000275691,56677763,56676132,1631
ENSG00000111249,111350554,111034165,316389
ENSG00000253957,106258223,106257762,461
ENSG00000273911,54864640,54855924,8716
ENSG00000237813,116499465,116238260,261205
ENSG00000187193,56684196,56682470,1726
ENSG00000279086,116211511,116209234,2277
ENSG00000255947,61655702,61654665,1037
ENSG00000247679,177619754,177611253,8501
ENSG00000198889,126552814,126549383,3431
ENSG00000246596,177672209,177619059,53150
ENSG00000232254,36953723,36950529,3194
ENSG00000215403,36968172,36965248,2924
ENSG00000244119,101713191,101712472,719
ENSG00000224677,43649280,43649123,157
ENSG00000275601,43643023,43642389,634
ENSG00000261429,56688052,56686851,1201
ENSG00000067829,153794523,153785766,8757
ENSG00000259827,56687807,56682470,5337
ENSG00000279657,60733600,60730176,3424
ENSG00000227510,60941768,60917001,24767
ENSG00000123243,7666998,7559270,107728
ENSG00000132359,3037741,2755705,282036
ENSG00000253345,106263626,106263362,264
ENSG00000088179,119984899,119759922,224977
ENSG00000159685,126960406,126704220,256186
ENSG00000254045,106264715,106264688,27
ENSG00000182504,101770562,101724593,45969
ENSG00000239392,34134696,34133157,1539
ENSG00000211949,106269140,106268606,534
ENSG00000233650,29028431,29027504,927
ENSG00000089723,94048930,94026340,22590
ENSG00000211950,106277043,106276548,495
ENSG00000175718,115192868,115189427,3441
ENSG00000238275,106287657,106286811,846
ENSG00000197991,61427849,61409858,17991
ENSG00000235656,115198749,115198432,317
ENSG00000160325,133470848,133459965,10883
ENSG00000280165,61415522,61409685,5837
ENSG00000102021,115307563,115289715,17848
ENSG00000279797,61427946,61424689,3257
ENSG00000089737,94081212,94048287,32925
ENSG00000249667,38518056,38509767,8289
ENSG00000274374,115425600,115424064,1536
ENSG00000126524,66995587,66987680,7907
ENSG00000249534,38523180,38420662,102518
ENSG00000234183,44849568,44848416,1152
ENSG00000240950,142827728,142827096,632
ENSG00000163710,142889206,142815922,73284
ENSG00000251635,38570671,38564003,6668
ENSG00000206527,123585053,123490820,94233
ENSG00000247970,99625740,99604556,21184
ENSG00000198324,111369121,111360651,8470
ENSG00000240270,80976948,80976454,494
ENSG00000137948,92014426,91949371,65055
ENSG00000175567,73982843,73974672,8171
ENSG00000225075,112696621,112693688,2933
ENSG00000250698,140134565,140128015,6550
ENSG00000155363,112700746,112673141,27605
ENSG00000085871,139740745,139665768,74977
ENSG00000256043,155953866,155924118,29748
ENSG00000249558,126767475,126766434,1041
ENSG00000162434,64966549,64833229,133320
ENSG00000228092,77433782,77433572,210
ENSG00000225497,77150100,77147652,2448
ENSG00000236467,76980624,76888044,92580
ENSG00000188313,146544856,146515180,29676
ENSG00000180758,9129102,9100305,28797
ENSG00000257595,111403310,111369282,34028
ENSG00000285547,72572843,72301691,271152
ENSG00000095777,26212536,25934229,278307
ENSG00000257539,111385638,111381867,3771
ENSG00000186871,72239027,72204657,34370
ENSG00000271074,211105732,211104934,798
ENSG00000227639,29046062,29045035,1027
ENSG00000249013,156006988,156006478,510
ENSG00000261364,109177365,109176438,927
ENSG00000249148,13632599,13631820,779
ENSG00000234507,32903839,32890988,12851
ENSG00000163644,88284769,88257620,27149
ENSG00000229100,29073427,29072652,775
ENSG00000258096,46373778,46371463,2315
ENSG00000101181,62203568,62183029,20539
ENSG00000125931,72307187,72301638,5549
ENSG00000221886,160400054,160393148,6906
ENSG00000214381,109216965,109178143,38822
ENSG00000231592,29077996,29077401,595
ENSG00000242209,13648400,13647697,703
ENSG00000226414,126730226,126729104,1122
ENSG00000241026,22390655,22389865,790
ENSG00000110514,47330031,47269161,60870
ENSG00000178458,139698554,139698144,410
ENSG00000234022,15573868,15564170,9698
ENSG00000260600,61693750,61691756,1994
ENSG00000183631,126821786,126819729,2057
ENSG00000196782,140154184,139716753,437431
ENSG00000260115,61940697,61918321,22376
ENSG00000131142,8062650,8052767,9883
ENSG00000150394,62037035,61647242,389793
ENSG00000249109,177794396,177782197,12199
ENSG00000230538,127392526,127390342,2184
ENSG00000249849,177713969,177682294,31675
ENSG00000280275,127394771,127392760,2011
ENSG00000286207,152641275,152635268,6007
ENSG00000274631,127623530,127623410,120
ENSG00000270776,152539427,152539197,230
ENSG00000165626,13528974,13438484,90490
ENSG00000260683,127662530,127660631,1899
ENSG00000244057,152601086,152600662,424
ENSG00000235274,127730858,127728734,2124
ENSG00000170074,177783398,177707981,75417
ENSG00000241657,142434394,142433895,499
ENSG00000232650,119356182,119328176,28006
ENSG00000187238,152614098,152613811,287
ENSG00000284526,76570544,76563710,6834
ENSG00000267078,76571240,76569792,1448
ENSG00000224548,127796733,127796124,609
ENSG00000211739,142441325,142440883,442
ENSG00000070731,76586956,76565379,21577
ENSG00000123165,128052398,128050962,1436
ENSG00000227782,16041273,16040472,801
ENSG00000275413,16023653,16023323,330
ENSG00000236042,128098529,128098032,497
ENSG00000272768,44886393,44884953,1440
ENSG00000235334,128123496,128122734,762
ENSG00000146676,44885481,44876293,9188
ENSG00000214941,15999717,15976560,23157
ENSG00000051523,88651054,88643289,7765
ENSG00000215018,7535853,7356203,179650
ENSG00000100097,37679802,37675636,4166
ENSG00000251511,156590039,156585979,4060
ENSG00000188523,132573317,132410043,163274
ENSG00000251283,156642454,156634494,7960
ENSG00000244378,69036042,69033675,2367
ENSG00000260999,68948261,68927547,20714
ENSG00000249479,156643569,156642580,989
ENSG00000271129,69026643,69025860,783
ENSG00000103047,69085182,68843531,241651
ENSG00000248912,156692636,156686664,5972
ENSG00000267685,49039038,49038479,559
ENSG00000268669,49042731,49042174,557
ENSG00000189052,49045311,49043848,1463
ENSG00000228010,6708901,6663974,44927
ENSG00000102309,72302926,72181353,121573
ENSG00000234784,64918683,64918443,240
ENSG00000198580,6676366,6673494,2872
ENSG00000162437,64833232,64745095,88137
ENSG00000164631,6706947,6688433,18514
ENSG00000280739,40309698,40173145,136553
ENSG00000235554,16617881,16616848,1033
ENSG00000278824,71756301,71754378,1923
ENSG00000238168,111581773,111581379,394
ENSG00000258099,111600256,111599498,758
ENSG00000163597,76565348,76557766,7582
ENSG00000186648,24069729,24052009,17720
ENSG00000111252,111451623,111405948,45675
ENSG00000225454,30922884,30922062,822
ENSG00000113273,78986087,78777209,208878
ENSG00000227175,13530262,13528516,1746
ENSG00000266801,68937725,68933820,3905
ENSG00000184108,188147743,188139419,8324
ENSG00000235239,128128212,128127090,1122
ENSG00000226832,29088141,29087135,1006
ENSG00000235735,128314048,128313281,767
ENSG00000215301,41364472,41333284,31188
ENSG00000239288,109243125,109241507,1618
ENSG00000250634,13977075,13655179,321896
ENSG00000233877,64942365,64941979,386
ENSG00000250497,13782157,13777377,4780
ENSG00000116882,119394130,119368779,25351
ENSG00000235632,29102716,29101778,938
ENSG00000233618,29113655,29112720,935
ENSG00000230452,25209202,25204313,4889
ENSG00000224569,13978028,13977166,862
ENSG00000247130,188143379,188140822,2557
ENSG00000185962,152623103,152622834,269
ENSG00000238139,67561446,67561073,373
ENSG00000211721,142451448,142450947,501
ENSG00000163530,109316517,109293788,22729
ENSG00000105605,53943941,53909335,34606
ENSG00000226947,152644717,152644393,324
ENSG00000131711,72209565,72107234,102331
ENSG00000236689,93927569,93926615,954
ENSG00000285753,152656501,152656332,169
ENSG00000253409,142455635,142455174,461
ENSG00000226960,93928302,93927714,588
ENSG00000187223,152664659,152663396,1263
ENSG00000230006,88806612,88765807,40805
ENSG00000254682,71452157,71448674,3483
ENSG00000152969,6200591,6026203,174388
ENSG00000172893,71452868,71428193,24675
ENSG00000232173,29574836,29573909,927
ENSG00000249679,185472263,185471516,747
ENSG00000230099,142463581,142462916,665
ENSG00000165685,10191801,10170542,21259
ENSG00000168491,185471752,185445182,26570
ENSG00000166881,57088063,57055643,32420
ENSG00000233119,29129735,29125038,4697
ENSG00000276408,75557059,75556392,667
ENSG00000267688,3122128,3121116,1012
ENSG00000260092,75545428,75528532,16896
ENSG00000231670,29139640,29138704,936
ENSG00000088256,3123999,3094362,29637
ENSG00000275888,82245591,82244770,821
ENSG00000226000,29175407,29174136,1271
ENSG00000276523,75572685,75572185,500
ENSG00000255572,7189069,7166674,22395
ENSG00000204842,111599676,111443485,156191
ENSG00000197296,44311202,44302840,8362
ENSG00000065457,75623300,75596981,26319
ENSG00000248698,14140052,14111968,28084
ENSG00000262884,2965895,2962248,3647
ENSG00000213030,49049106,49047638,1468
ENSG00000225491,24238984,24232826,6158
ENSG00000139197,7218574,7188685,29889
ENSG00000224827,24277026,24276245,781
ENSG00000274741,70240276,70221290,18986
ENSG00000117016,40665682,40620680,45002
ENSG00000251679,14143592,14134936,8656
ENSG00000233740,24281140,24278337,2803
ENSG00000131051,35742312,35701347,40965
ENSG00000248792,24291346,24278681,12665
ENSG00000101019,35412031,35302566,109465
ENSG00000204072,101598671,101597510,1161
ENSG00000267642,33578187,33552123,26064
ENSG00000264785,19738542,19737682,860
ENSG00000088298,35147336,35115364,31972
ENSG00000267100,10653844,10651862,1982
ENSG00000173391,10172138,10158301,13837
ENSG00000269706,49050846,49050217,629
ENSG00000198960,101618001,101615118,2883
ENSG00000285979,57181390,57177349,4041
ENSG00000174775,537287,532242,5045
ENSG00000178982,38636955,38619082,17873
ENSG00000172775,57186116,57152466,33650
ENSG00000283251,49058761,49056088,2673
ENSG00000278516,54160227,54156107,4120
ENSG00000230921,119370331,119368946,1385
ENSG00000225689,128600468,128323620,276848
ENSG00000119125,72257193,72114595,142598
ENSG00000225950,49065054,49061066,3988
ENSG00000226802,128441785,128440929,856
ENSG00000233741,119993611,119993199,412
ENSG00000218728,128715790,128714506,1284
ENSG00000223995,128838834,128838441,393
ENSG00000234119,145827830,145826285,1545
ENSG00000234592,129043183,129041536,1647
ENSG00000268108,49061132,49060613,519
ENSG00000274616,54156191,54138182,18009
ENSG00000268287,49064856,49064259,597
ENSG00000226339,129408621,129408382,239
ENSG00000230649,136084668,136025761,58907
ENSG00000283663,49065076,49055793,9283
ENSG00000227372,3747373,3735511,11862
ENSG00000279876,145874845,145874520,325
ENSG00000187180,152676574,152675295,1279
ENSG00000196337,49058860,49054275,4585
ENSG00000232053,136437426,136092925,344501
ENSG00000235595,119463021,119462029,992
ENSG00000211724,142470013,142469537,476
ENSG00000187481,119473803,119467221,6582
ENSG00000236503,136263017,136262558,459
ENSG00000227550,142474567,142474096,471
ENSG00000228275,101624164,101622983,1181
ENSG00000232780,119435080,119434166,914
ENSG00000233842,145931146,145915090,16056
ENSG00000159455,152687401,152686123,1278
ENSG00000102401,101627843,101622797,5046
ENSG00000203859,119423035,119414931,8104
ENSG00000230559,146194821,146194296,525
ENSG00000250220,73317953,73259209,58744
ENSG00000227134,146478113,146477427,686
ENSG00000249976,73337771,73337233,538
ENSG00000226066,136488317,136485656,2661
ENSG00000267139,3119304,3118665,639
ENSG00000278754,15524707,15524576,131
ENSG00000213362,15527683,15527133,550
ENSG00000211725,142483019,142482548,471
ENSG00000226812,44355185,44347552,7633
ENSG00000187173,152699442,152698345,1097
ENSG00000101074,44351242,44336986,14256
ENSG00000253188,142488295,142487863,432
ENSG00000187170,152709491,152708160,1331
ENSG00000180764,93961540,93958191,3349
ENSG00000211727,142492673,142492132,541
ENSG00000237560,69994845,69961674,33171
ENSG00000143412,150995634,150982249,13385
ENSG00000267123,78632155,78605233,26922
ENSG00000198854,152720470,152719522,948
ENSG00000285804,72108000,72095855,12145
ENSG00000034713,75577881,75566375,11506
ENSG00000211728,142500534,142500028,506
ENSG00000229713,152737868,152737518,350
ENSG00000198736,1943326,1938210,5116
ENSG00000253534,142507810,142507382,428
ENSG00000138798,110013755,109912884,100871
ENSG00000233819,152744606,152744299,307
ENSG00000253291,142512127,142511626,501
ENSG00000203858,119446086,119439001,7085
ENSG00000197566,16653856,16620734,33122
ENSG00000203786,152762052,152759561,2491
ENSG00000211731,142520556,142520090,466
ENSG00000240386,152776728,152776372,356
ENSG00000278030,142529762,142529290,472
ENSG00000277219,70275822,70249980,25842
ENSG00000277040,24323457,24323021,436
ENSG00000135702,75535247,75528535,6712
ENSG00000279274,24362409,24362335,74
ENSG00000234627,24329072,24328211,861
ENSG00000273935,70280356,70280062,294
ENSG00000261498,24337121,24331450,5671
ENSG00000233545,24401029,24400703,326
ENSG00000011295,16045015,15999784,45231
ENSG00000259992,75608445,75541399,67046
ENSG00000273799,70355160,70344694,10466
ENSG00000234399,24403526,24396604,6922
ENSG00000205084,75556268,75536741,19527
ENSG00000143409,151008375,150996086,12289
ENSG00000236629,32685966,32685134,832
ENSG00000182944,29300525,29268009,32516
ENSG00000205129,185449826,185426249,23577
ENSG00000234331,32697352,32696518,834
ENSG00000276297,70661872,70660919,953
ENSG00000275192,70661645,70567180,94465
ENSG00000246375,88331421,88284942,46479
ENSG00000275396,70601315,70591107,10208
ENSG00000232048,67661013,67660155,858
ENSG00000235747,30945575,30936693,8882
ENSG00000142408,53990215,53963040,27175
ENSG00000153822,70135608,70053429,82179
ENSG00000232251,30944934,30931715,13219
ENSG00000234154,32875441,32856943,18498
ENSG00000277680,70590219,70587997,2222
ENSG00000135617,73233239,73228010,5229
ENSG00000227439,24486463,24485332,1131
ENSG00000261101,101628523,101627868,655
ENSG00000224210,24495583,24494709,874
ENSG00000133872,30083208,30063012,20196
ENSG00000286000,101644352,101640421,3931
ENSG00000280261,62342557,62342420,137
ENSG00000237901,62357746,62357371,375
ENSG00000231589,62598449,62596372,2077
ENSG00000260332,62808706,62808222,484
ENSG00000269986,63066990,63066526,464
ENSG00000237962,30980608,30974428,6180
ENSG00000261502,63129654,63056786,72868
ENSG00000108946,68551319,68511780,39539
ENSG00000261199,63181071,63180610,461
ENSG00000102699,24512778,24420931,91847
ENSG00000279225,63397946,63397707,239
ENSG00000260658,63618046,63314264,303782
ENSG00000283347,114215835,114175485,40350
ENSG00000116717,67688334,67685201,3133
ENSG00000241808,63351149,63350763,386
ENSG00000283361,114223084,114154691,68393
ENSG00000261743,63369456,63368844,612
ENSG00000282787,125162971,125162379,592
ENSG00000259864,63703665,63703483,182
ENSG00000214298,125166937,125166677,260
ENSG00000116213,3652761,3630767,21994
ENSG00000261014,63754757,63730277,24480
ENSG00000182218,99680569,99645110,35459
ENSG00000272963,46593305,46592573,732
ENSG00000278896,46407166,46404644,2522
ENSG00000139209,46832408,46764761,67647
ENSG00000231937,152186857,152138883,47974
ENSG00000132603,69343106,69337996,5110
ENSG00000011677,152451315,152166234,285081
ENSG00000267603,70068095,70051277,16818
ENSG00000126005,35278131,35201745,76386
ENSG00000230258,70128859,70017324,111535
ENSG00000274367,2981591,2981175,416
ENSG00000270168,3002016,2988256,13760
ENSG00000279326,80974724,80972516,2208
ENSG00000262152,2994509,2988961,5548
ENSG00000234673,32893145,32892631,514
ENSG00000243719,32893044,32870929,22115
ENSG00000169877,31528803,31527900,903
ENSG00000141027,16218185,16029157,189028
ENSG00000100412,41528989,41469117,59872
ENSG00000117155,84690803,84643707,47096
ENSG00000257826,36067190,36061026,6164
ENSG00000100106,37776556,37697048,79508
ENSG00000258342,36063743,35897982,165761
ENSG00000257272,35875303,35873857,1446
ENSG00000125966,35276998,35226690,50308
ENSG00000258938,35826765,35819224,7541
ENSG00000257614,35950044,35947556,2488
ENSG00000248370,188161139,188160065,1074
ENSG00000257720,36055313,36054197,1116
ENSG00000272256,30083467,30082758,709
ENSG00000258300,35820220,35819837,383
ENSG00000226671,81192009,81191398,611
ENSG00000231596,32710861,32709925,936
ENSG00000237896,81199115,81175508,23607
ENSG00000100916,35932325,35826338,105987
ENSG00000143401,150236156,150218417,17739
ENSG00000242169,188350024,188349376,648
ENSG00000223793,32726372,32720520,5852
ENSG00000248880,188389666,188387471,2195
ENSG00000223514,81335183,81335106,77
ENSG00000198526,146589310,146587506,1804
ENSG00000249378,188681051,188400736,280315
ENSG00000265113,69241929,69240549,1380
ENSG00000233135,125473932,125473686,246
ENSG00000228813,32742700,32735261,7439
ENSG00000259900,69351730,69335276,16454
ENSG00000224469,137164612,137164043,569
ENSG00000181072,137020255,136868669,151586
ENSG00000168807,69309052,69187129,121923
ENSG00000214297,125667950,125666875,1075
ENSG00000175018,125683144,125576522,106622
ENSG00000285427,159762332,159760258,2074
ENSG00000120437,159779055,159760328,18727
ENSG00000229230,35218185,35218009,176
ENSG00000259125,57147619,57144620,2999
ENSG00000279253,35264187,35262727,1460
ENSG00000101000,35216240,35172072,44168
ENSG00000243008,24597676,24566873,30803
ENSG00000250523,188631747,188630924,823
ENSG00000224134,81432796,81431731,1065
ENSG00000232968,81463613,81463036,577
ENSG00000166888,57132139,57095408,36731
ENSG00000230716,119604306,119602875,1431
ENSG00000261648,31547237,31546698,539
ENSG00000213547,31547737,31546805,932
ENSG00000244615,24570728,24566843,3885
ENSG00000234033,61805676,61805150,526
ENSG00000205822,24597676,24408157,189519
ENSG00000270856,61927272,61927090,182
ENSG00000233491,81691406,81489204,202202
ENSG00000229578,62029548,62003525,26023
ENSG00000212829,9091245,9090898,347
ENSG00000230920,9803784,9799423,4361
ENSG00000134825,61792802,61768501,24301
ENSG00000237675,125578445,125574371,4074
ENSG00000234360,10532411,10532145,266
ENSG00000272369,46652550,46537502,115048
ENSG00000271642,46682713,46682071,642
ENSG00000225706,8862255,8858130,4125
ENSG00000242372,35284985,35278911,6074
ENSG00000275481,46392126,46388856,3270
ENSG00000257261,46876159,46383679,492480
ENSG00000234021,8963077,8936079,26998
ENSG00000232003,24501505,24500263,1242
ENSG00000235389,8701552,8700595,957
ENSG00000254815,560107,557595,2512
ENSG00000272617,69334871,69328644,6227
ENSG00000257496,46386991,46384233,2758
ENSG00000212695,8713841,8713311,530
ENSG00000284684,6070162,6064977,5185
ENSG00000233129,93935244,93934479,765
ENSG00000214293,77696265,77657660,38605
ENSG00000235412,24607025,24570202,36823
ENSG00000103044,69118719,69105653,13066
ENSG00000261653,63936906,63935778,1128
ENSG00000181215,6200555,5897373,303182
ENSG00000260715,64156574,64155169,1405
ENSG00000260668,64261239,64260570,669
ENSG00000230196,81611326,81610884,442
ENSG00000102738,40771173,40729135,42038
ENSG00000261028,64343909,64242608,101301
ENSG00000183795,24639207,24607560,31647
ENSG00000211595,88861258,88861221,37
ENSG00000161328,554912,537527,17385
ENSG00000259846,64600247,64364781,235466
ENSG00000211593,88860605,88860568,37
ENSG00000257307,35881709,35881001,708
ENSG00000260187,64737283,64735925,1358
ENSG00000269130,51560590,51560122,468
ENSG00000211592,88857683,88857161,522
ENSG00000260068,64738564,64738323,241
ENSG00000227589,3668772,3658938,9834
ENSG00000240566,24651534,24650808,726
ENSG00000211596,88861563,88861525,38
ENSG00000162592,3771645,3746460,25185
ENSG00000173214,111271167,111259348,11819
ENSG00000211594,88860922,88860886,36
ENSG00000232976,24660406,24659337,1069
ENSG00000240040,88861563,88811186,50377
ENSG00000231244,136715188,136713871,1317
ENSG00000262628,3063607,3062669,938
ENSG00000223657,136938553,136938280,273
ENSG00000255247,119713925,119709920,4005
ENSG00000234352,137182107,136685559,496548
ENSG00000254561,119659284,119608423,50861
ENSG00000283270,88825207,88811186,14021
ENSG00000226270,24684935,24683657,1278
ENSG00000285441,159762529,159679119,83410
ENSG00000134824,61867354,61792980,74374
ENSG00000110400,119729200,119623408,105792
ENSG00000259647,30045848,30005443,40405
ENSG00000259749,30006430,30005205,1225
ENSG00000260174,30045296,30044455,841
ENSG00000120438,159789703,159778498,11205
ENSG00000271583,146834038,146833501,537
ENSG00000224246,30921888,30921066,822
ENSG00000229069,29183294,29182359,935
ENSG00000225592,29217054,29216117,937
ENSG00000235131,3714298,3712200,2098
ENSG00000274384,54173661,54160592,13069
ENSG00000228791,24681711,24494087,187624
ENSG00000230089,29267951,29224848,43103
ENSG00000235156,100211766,100185687,26079
ENSG00000132604,69408571,69355567,53004
ENSG00000230752,29264945,29263569,1376
ENSG00000230874,29231032,29230102,930
ENSG00000272554,24499580,24496272,3308
ENSG00000099849,564025,560404,3621
ENSG00000224822,24459434,24455136,4298
ENSG00000229756,24431107,24430748,359
ENSG00000198691,94121148,93992834,128314
ENSG00000230177,111278742,111277932,810
ENSG00000261692,89422226,89420075,2151
ENSG00000165071,132760712,132685007,75705
ENSG00000151090,24495756,24117153,378603
ENSG00000104518,143563062,143553207,9855
ENSG00000125492,132590252,132582606,7646
ENSG00000276210,106288828,106287674,1154
ENSG00000271958,38619437,38618265,1172
ENSG00000109787,38701517,38664197,37320
ENSG00000261302,56729968,56708772,21196
ENSG00000196411,100827523,100802565,24958
ENSG00000253441,106289479,106289029,450
ENSG00000253367,106293808,106293568,240
ENSG00000224023,125719566,125700436,19130
ENSG00000100413,41544606,41525799,18807
ENSG00000271789,111298510,111297126,1384
ENSG00000277000,100223858,100221268,2590
ENSG00000068615,86338083,86213993,124090
ENSG00000231160,38664883,38612701,52182
ENSG00000243974,100226073,100225374,699
ENSG00000253336,123290503,123288355,2148
ENSG00000154485,125775821,125753580,22241
ENSG00000260075,46487141,46372855,114286
ENSG00000144283,158682879,158456964,225915
ENSG00000259288,40276396,40217428,58968
ENSG00000261475,31553567,31549143,4424
ENSG00000107938,125764143,125719515,44628
ENSG00000198453,36998700,36916329,82371
ENSG00000279409,40260370,40258501,1869
ENSG00000273786,40227069,40226386,683
ENSG00000172689,60801305,60785333,15972
ENSG00000279537,40247366,40244925,2441
ENSG00000176753,40252969,40250664,2305
ENSG00000255627,22008880,22008348,532
ENSG00000179627,104804712,104800596,4116
ENSG00000213380,69339667,69320140,19527
ENSG00000137843,40277487,40238759,38728
ENSG00000228431,68049745,68049360,385
ENSG00000172380,67833467,67701475,131992
ENSG00000171053,125749867,125746293,3574
ENSG00000187870,20754501,20743333,11168
ENSG00000234383,68163090,68161761,1329
ENSG00000232284,68202987,67832303,370684
ENSG00000258199,56190284,56162359,27925
ENSG00000184166,3104422,3088484,15938
ENSG00000185522,560738,554850,5888
ENSG00000139613,56189567,56162359,27208
ENSG00000162595,68051631,68045896,5735
ENSG00000254965,83111442,83111060,382
ENSG00000227837,24692932,24691791,1141
ENSG00000127184,86620962,86617928,3034
ENSG00000255051,83134737,83132056,2681
ENSG00000249988,14242813,14164455,78358
ENSG00000142163,3117374,3116427,947
ENSG00000229389,30073064,30052942,20122
ENSG00000235055,68044233,68043330,903
ENSG00000279140,104815753,104815449,304
ENSG00000183024,3127581,3126584,997
ENSG00000116729,68233120,68098473,134647
ENSG00000271021,115455194,115454733,461
ENSG00000261582,35280043,35267885,12158
ENSG00000261848,3177031,3134969,42062
ENSG00000278367,35174919,35174355,564
ENSG00000164609,160421711,160401641,20070
ENSG00000262085,3154882,3153889,993
ENSG00000187953,6753862,6710128,43734
ENSG00000141076,69231130,69131291,99839
ENSG00000256714,22398075,22395088,2987
ENSG00000231575,94121107,94109116,11991
ENSG00000274624,22105320,22104491,829
ENSG00000283582,22134851,22116629,18222
ENSG00000138193,94332823,94030812,302011
ENSG00000177156,765012,747415,17597
ENSG00000272114,43770616,43770429,187
ENSG00000111728,22437041,22063773,373268
ENSG00000271826,115562731,115518182,44549
ENSG00000102024,115650861,115561174,89687
ENSG00000065534,123884331,123610049,274282
ENSG00000277327,6720982,6715630,5352
ENSG00000141431,33751195,33578219,172976
ENSG00000172497,81394179,81329996,64183
ENSG00000130433,54012669,53992288,20381
ENSG00000259781,71165415,71164770,645
ENSG00000187720,71783383,71096952,686431
ENSG00000141337,68422731,68259182,163549
ENSG00000236305,100852616,100837314,15302
ENSG00000146828,100867010,100826820,40190
ENSG00000111726,22065674,22046218,19456
ENSG00000276206,54031504,54031412,92
ENSG00000125485,132670401,132592997,77404
ENSG00000211951,106301862,106301396,466
ENSG00000253462,106309666,106309417,249
ENSG00000138642,88443111,88378739,64372
ENSG00000253482,106314975,106314651,324
ENSG00000254326,106318236,106317823,413
ENSG00000211952,106324760,106324254,506
ENSG00000223684,21209779,21209189,590
ENSG00000211597,88861923,88861886,37
ENSG00000253149,106329684,106329432,252
ENSG00000234829,21228222,21227243,979
ENSG00000225312,33184737,33182548,2189
ENSG00000254289,106331563,106331106,457
ENSG00000251412,14409078,14383123,25955
ENSG00000270550,106335613,106335082,531
ENSG00000228083,21239991,21239002,989
ENSG00000248425,14393992,14390439,3553
ENSG00000258701,104823718,104821201,2517
ENSG00000253491,106342980,106342680,300
ENSG00000211598,88886153,88885397,756
ENSG00000253587,106344833,106344385,448
ENSG00000232138,21231853,21231266,587
ENSG00000239365,104831171,104830838,333
ENSG00000214042,21202205,21201469,736
ENSG00000147885,21217311,21216373,938
ENSG00000196183,104836852,104835997,855
ENSG00000186803,21207143,21206181,962
ENSG00000121570,109337572,109326141,11431
ENSG00000220305,159713985,159712801,1184
ENSG00000048991,135725270,135531455,193815
ENSG00000267659,68763882,68591796,172086
ENSG00000196844,125778819,125776113,2706
ENSG00000146457,159756319,159725585,30734
ENSG00000285720,7749044,7746034,3010
ENSG00000108950,68601367,68535113,66254
ENSG00000204614,30148735,30136124,12611
ENSG00000259964,71189042,71147650,41392
ENSG00000124920,61788518,61752642,35876
ENSG00000260586,71352460,71332120,20340
ENSG00000258811,104845916,104842663,3253
ENSG00000271916,53798019,53797764,255
ENSG00000278408,71549832,71547280,2552
ENSG00000258593,104858836,104857792,1044
ENSG00000279719,79990606,79989905,701
ENSG00000225362,71115500,71110244,5256
ENSG00000236027,125791600,125788111,3489
ENSG00000279705,80015707,80014157,1550
ENSG00000256557,27609046,27608733,313
ENSG00000257043,18665548,18665050,498
ENSG00000285657,7756692,7753682,3010
ENSG00000168137,9479240,9397615,81625
ENSG00000234892,43239010,43232141,6869
ENSG00000224416,21278619,21278050,569
ENSG00000285325,84786714,84785427,1287
ENSG00000159307,43343372,43197280,146092
ENSG00000110841,27695564,27523431,172133
ENSG00000214360,172203452,172194172,9280
ENSG00000285607,7764340,7761330,3010
ENSG00000112697,75284948,75252924,32024
ENSG00000204380,158735002,158658337,76665
ENSG00000260883,31554912,31554105,807
ENSG00000237353,125840069,125833316,6753
ENSG00000275826,188715442,188713644,1798
ENSG00000228874,15132208,15131848,360
ENSG00000212664,71341712,71341158,554
ENSG00000180015,188739494,188738373,1121
ENSG00000231675,158703460,158703287,173
ENSG00000227331,158549224,158548425,799
ENSG00000273664,59700946,59700523,423
ENSG00000228586,158753775,158685903,67872
ENSG00000214285,127552639,127549369,3270
ENSG00000147873,21305312,21304326,986
ENSG00000229830,103065598,103065416,182
ENSG00000224161,59761905,59761558,347
ENSG00000258001,57433935,57431116,2819
ENSG00000267486,59778989,59778572,417
ENSG00000168246,172283764,172209646,74118
ENSG00000226393,21321827,21321300,527
ENSG00000225564,103325034,103140523,184511
ENSG00000278974,188741281,188740507,774
ENSG00000250626,188796633,188777679,18954
ENSG00000273899,37693476,37681673,11803
ENSG00000251619,188785511,188776657,8854
ENSG00000171517,84893206,84811602,81604
ENSG00000267669,59825261,59821040,4221
ENSG00000249269,188778979,188757679,21300
ENSG00000236826,31794345,31784754,9591
ENSG00000213588,33457544,33453970,3574
ENSG00000226566,103429892,103361952,67940
ENSG00000253218,172255439,172254418,1021
ENSG00000278885,31567000,31566360,640
ENSG00000242640,25679020,25678850,170
ENSG00000261741,31567716,31563082,4634
ENSG00000198420,143902198,143851375,50823
ENSG00000260648,40236109,40232082,4027
ENSG00000249277,25686458,25686202,256
ENSG00000141682,59904306,59899948,4358
ENSG00000002919,48123074,48103357,19717
ENSG00000156970,40221136,40161023,60113
ENSG00000250050,25719745,25718082,1663
ENSG00000279725,127736996,127734562,2434
ENSG00000248133,25720030,25719755,275
ENSG00000274259,33454453,33437363,17090
ENSG00000186766,127741186,127737235,3951
ENSG00000251353,25720431,25720099,332
ENSG00000250330,79230588,79229904,684
ENSG00000260209,125874528,125873031,1497
ENSG00000145692,79132288,79111809,20479
ENSG00000285483,104000469,103999755,714
ENSG00000250024,189002075,188990715,11360
ENSG00000197283,33457541,33419661,37880
ENSG00000270332,104093073,104080024,13049
ENSG00000136770,22003769,21756548,247221
ENSG00000099814,104896770,104865268,31502
ENSG00000268894,94287478,94279277,8201
ENSG00000234724,94139500,94137748,1752
ENSG00000273450,94315327,94314907,420
ENSG00000228553,94227288,94225160,2128
ENSG00000232913,94108814,94081950,26864
ENSG00000135624,73253021,73233420,19601
ENSG00000285950,7771988,7768977,3011
ENSG00000227578,15142157,15141380,777
ENSG00000198642,21335380,21329671,5709
ENSG00000267009,68524949,68413623,111326
ENSG00000175189,57452062,57434784,17278
ENSG00000285862,7776365,7775741,624
ENSG00000238109,98999930,98998538,1392
ENSG00000108932,68291267,68267026,24241
ENSG00000132840,79090069,79069767,20302
ENSG00000120235,21351378,21349835,1543
ENSG00000196367,99050831,98877933,172898
ENSG00000100101,37726503,37686414,40089
ENSG00000265222,32523424,32509954,13470
ENSG00000139269,57459280,57452323,6957
ENSG00000226377,32878637,32876759,1878
ENSG00000125484,132694953,132670035,24918
ENSG00000255378,7781413,7778591,2822
ENSG00000203527,43283830,43275955,7875
ENSG00000279781,32518934,32518322,612
ENSG00000236272,43213661,43212674,987
ENSG00000264458,32686484,32627739,58745
ENSG00000218454,20771427,20771058,369
ENSG00000265337,32530049,32529008,1041
ENSG00000263717,32519350,32512869,6481
ENSG00000213671,20776905,20775642,1263
ENSG00000221910,143936279,143935166,1113
ENSG00000250544,86749772,86746818,2954
ENSG00000176658,32877177,32492522,384655
ENSG00000233816,21368962,21367424,1538
ENSG00000055483,78841441,78787381,54060
ENSG00000226549,20785725,20784645,1080
ENSG00000234461,31025761,31020962,4799
ENSG00000254776,7795870,7793716,2154
ENSG00000248701,86800280,86797685,2595
ENSG00000264765,16654787,16653904,883
ENSG00000264662,20789595,20789217,378
ENSG00000264359,16667118,16666107,1011
ENSG00000264215,20789584,20788071,1513
ENSG00000237015,29262037,29260889,1148
ENSG00000188379,21385388,21384254,1134
ENSG00000242477,86884881,86884231,650
ENSG00000100263,29268209,29259872,8337
ENSG00000160741,153958615,153947669,10946
ENSG00000229501,31053669,31047228,6441
ENSG00000266497,46509339,46503946,5393
ENSG00000259804,67562309,67561411,898
ENSG00000261386,67563958,67549214,14744
ENSG00000249061,87137712,86967321,170391
ENSG00000049323,33399509,32946953,452556
ENSG00000112096,159745186,159669069,76117
ENSG00000283376,68716064,68691809,24255
ENSG00000237718,67616146,67614381,1765
ENSG00000267178,19588415,19588091,324
ENSG00000259242,19608660,19606350,2310
ENSG00000231458,16684227,16683438,789
ENSG00000267461,68582577,68557516,25061
ENSG00000279623,21865921,21865335,586
ENSG00000105717,19618693,19561707,56986
ENSG00000244691,103412761,103412119,642
ENSG00000102974,67639177,67562467,76710
ENSG00000189068,54063953,54040825,23128
ENSG00000070540,68457513,68420948,36565
ENSG00000248654,25721056,25720516,540
ENSG00000225543,31106330,31104994,1336
ENSG00000174705,172454525,172325000,129525
ENSG00000134780,61747001,61680391,66610
ENSG00000184867,101659850,101655281,4569
ENSG00000228021,125709677,125683229,26448
ENSG00000185829,46579682,46516702,62980
ENSG00000237123,31114200,31108861,5339
ENSG00000132837,79236038,78997606,238432
ENSG00000136147,49528981,49495610,33371
ENSG00000140798,48156018,48081006,75012
ENSG00000124422,21043760,20999596,44164
ENSG00000232127,31133087,31131271,1816
ENSG00000258429,69330588,69326913,3675
ENSG00000233439,31133775,31108521,25254
ENSG00000280561,125749525,125707416,42109
ENSG00000234134,125719365,125718771,594
ENSG00000236991,125752110,125725634,26476
ENSG00000132612,69326939,69311350,15589
ENSG00000231382,36637457,36616006,21451
ENSG00000226932,29270287,29269328,959
ENSG00000102445,46438190,46342000,96190
ENSG00000004948,93574730,93424487,150243
ENSG00000160326,133479127,133471094,8033
ENSG00000254966,18740568,18706537,34031
ENSG00000179057,18726230,18704305,21925
ENSG00000238083,46555650,46511511,44139
ENSG00000260914,69322700,69299682,23018
ENSG00000286140,69132151,69118010,14141
ENSG00000223454,30944555,30935673,8882
ENSG00000232308,30943914,30930703,13211
ENSG00000260371,69356306,69335091,21215
ENSG00000168802,69132578,69118010,14568
ENSG00000282209,82605538,82598917,6621
ENSG00000256269,119093549,119084866,8683
ENSG00000149485,61829318,61799625,29693
ENSG00000231978,21768575,21768269,306
ENSG00000090686,21783606,21678298,105308
ENSG00000249829,79191747,79191549,198
ENSG00000214890,79001124,79000112,1012
ENSG00000254299,172559142,172543403,15739
ENSG00000265185,19062669,19061912,757
ENSG00000280318,172609444,172609094,350
ENSG00000232300,46562795,46558830,3965
ENSG00000262074,19064136,19063346,790
ENSG00000172081,2096673,2071036,25637
ENSG00000239523,123644568,123585542,59026
ENSG00000265746,19084834,19082437,2397
ENSG00000253445,172697720,172690454,7266
ENSG00000170160,16777881,16689537,88344
ENSG00000253683,172656713,172656522,191
ENSG00000230197,19087878,19077775,10103
ENSG00000214357,172691540,172641266,50274
ENSG00000110786,18792721,18727928,64793
ENSG00000250174,123692407,123689644,2763
ENSG00000235523,72257783,72257336,447
ENSG00000233544,24556459,24555834,625
ENSG00000231017,211299189,211298941,248
ENSG00000263394,19091825,19091069,756
ENSG00000273123,123716399,123715851,548
ENSG00000255845,60821739,60813932,7807
ENSG00000228157,19096837,19092974,3863
ENSG00000036054,100325251,100260992,64259
ENSG00000266369,20857317,20855946,1371
ENSG00000266009,20981654,20981489,165
ENSG00000265790,20902680,20901939,741
ENSG00000233933,72275973,72275453,520
ENSG00000244456,20958404,20956682,1722
ENSG00000270729,143980225,143979121,1104
ENSG00000157315,69351786,69343250,8536
ENSG00000263986,21000323,20999747,576
ENSG00000242280,143986651,143985142,1509
ENSG00000213215,143997312,143954844,42468
ENSG00000233098,21002276,20868433,133843
ENSG00000183134,60855950,60850933,5017
ENSG00000236777,22164306,22163092,1214
ENSG00000256813,60851081,60841806,9275
ENSG00000110104,60851081,60842113,8968
ENSG00000232497,22165794,22162992,2802
ENSG00000273377,143981820,143980905,915
ENSG00000168032,40428744,40387156,41588
ENSG00000236278,198680033,198679139,894
ENSG00000261573,198667061,198657553,9508
ENSG00000232146,29292537,29291595,942
ENSG00000081237,198757476,198638457,119019
ENSG00000251252,14506480,14505865,615
ENSG00000248360,14888169,14470465,417704
ENSG00000178921,8270491,8247618,22873
ENSG00000257851,51713606,51712469,1137
ENSG00000255959,60842965,60835996,6969
ENSG00000196876,51812864,51590266,222598
ENSG00000099840,2099593,2096429,3164
ENSG00000112306,132817564,132814569,2995
ENSG00000205755,1212750,1187549,25201
ENSG00000162521,32686211,32651142,35069
ENSG00000234195,29308553,29307588,965
ENSG00000227843,29331965,29330530,1435
ENSG00000088280,23484568,23428563,56005
ENSG00000261614,31569475,31568386,1089
ENSG00000270778,127868487,127867881,606
ENSG00000251310,189204877,189193100,11777
ENSG00000249877,189291336,189288677,2659
ENSG00000227137,29432443,29356146,76297
ENSG00000164118,174333380,174283730,49650
ENSG00000180745,127892941,127877841,15100
ENSG00000235441,29441453,29439782,1671
ENSG00000225247,29398093,29397025,1068
ENSG00000250294,29418704,29417758,946
ENSG00000223898,29457549,29425980,31569
ENSG00000146083,176538025,176526712,11313
ENSG00000260010,31603531,31601593,1938
ENSG00000265099,20938344,20938023,321
ENSG00000274723,46972155,46970504,1651
ENSG00000205212,20896140,20836447,59693
ENSG00000205100,189475192,189472965,2227
ENSG00000250364,29450575,29374013,76562
ENSG00000250739,189661486,189659605,1881
ENSG00000237185,31649222,31648307,915
ENSG00000272566,189704490,189703881,609
ENSG00000247624,15002045,14909961,92084
ENSG00000260631,31682101,31680847,1254
ENSG00000264660,20980238,20963722,16516
ENSG00000226981,20844257,20814620,29637
ENSG00000250666,189884868,189881515,3353
ENSG00000263729,20984046,20983902,144
ENSG00000245685,189940271,189780336,159935
ENSG00000233828,87240145,87205408,34737
ENSG00000179715,47236662,47079603,157059
ENSG00000266718,32500910,32495536,5374
ENSG00000280245,32505644,32504567,1077
ENSG00000260472,31697607,31697397,210
ENSG00000241257,109364234,109364047,187
ENSG00000266599,32531492,32518953,12539
ENSG00000250756,32788442,32788334,108
ENSG00000244561,109397870,109396616,1254
ENSG00000260568,31700465,31699676,789
ENSG00000254854,119739623,119729583,10040
ENSG00000267066,59930330,59929226,1104
ENSG00000230618,109410084,109409678,406
ENSG00000228980,109495167,109409990,85177
ENSG00000267497,59971396,59969438,1958
ENSG00000267462,60014258,60010281,3977
ENSG00000254406,119822129,119821304,825
ENSG00000256704,60011143,60009994,1149
ENSG00000244196,109471812,109471329,483
ENSG00000230216,49234501,49233956,545
ENSG00000267742,60017441,60016778,663
ENSG00000254780,47905607,47905323,284
ENSG00000254863,119995037,119987954,7083
ENSG00000171942,15729060,15728020,1040
ENSG00000247774,47216456,47205898,10558
ENSG00000255216,120012158,120008604,3554
ENSG00000267686,60161195,60125033,36162
ENSG00000117385,42767084,42746335,20749
ENSG00000242060,60150365,60149576,789
ENSG00000171936,15742343,15737985,4358
ENSG00000276867,31705260,31704728,532
ENSG00000131797,31711986,31700590,11396
ENSG00000257809,56158220,56150796,7424
ENSG00000267620,60198172,60196555,1617
ENSG00000267401,60301118,60294151,6967
ENSG00000196465,56159647,56152256,7391
ENSG00000124493,34155622,34018645,136977
ENSG00000280214,67552935,67550815,2120
ENSG00000231583,110500235,110500100,135
ENSG00000254325,55895739,55893595,2144
ENSG00000165724,137590512,137582081,8431
ENSG00000258352,47138370,47135498,2872
ENSG00000091127,105522271,105439661,82610
ENSG00000272815,16816540,16788057,28483
ENSG00000254087,56014169,55879835,134334
ENSG00000139211,47079951,47075707,4244
ENSG00000264673,16789234,16788248,986
ENSG00000226478,16746761,16745636,1125
ENSG00000264892,16812651,16812447,204
ENSG00000224808,9015979,9014123,1856
ENSG00000079819,131063322,130839347,223975
ENSG00000266302,16804453,16690261,114192
ENSG00000196220,9363053,8980591,382462
ENSG00000223753,101684449,101683780,669
ENSG00000229090,101721709,101720340,1369
ENSG00000285133,57520480,57517712,2768
ENSG00000188933,16804455,16786489,17966
ENSG00000178146,101780538,101778969,1569
ENSG00000166986,57517569,57475445,42124
ENSG00000241353,46437988,46437394,594
ENSG00000261731,31711984,31709113,2871
ENSG00000178971,8248095,8224815,23280
ENSG00000223797,40453329,40313802,139527
ENSG00000187446,41281887,41230839,51048
ENSG00000109536,189963202,189940870,22332
ENSG00000278893,64983227,64981123,2104
ENSG00000140937,65126112,64943753,182359
ENSG00000225112,13712054,13710415,1639
ENSG00000273474,13675990,13675646,344
ENSG00000229751,14007526,13991815,15711
ENSG00000230274,40323279,40322715,564
ENSG00000243496,32795173,32790888,4285
ENSG00000151474,14462142,13643706,818436
ENSG00000262202,19112636,19112000,636
ENSG00000225434,72343210,72305430,37780
ENSG00000233979,16084381,16084042,339
ENSG00000243686,16044961,16044621,340
ENSG00000166582,16353656,16342534,11122
ENSG00000151117,18704785,18693122,11663
ENSG00000112473,33204439,33200445,3994
ENSG00000266129,16788141,16787235,906
ENSG00000264729,16805707,16804627,1080
ENSG00000164117,174284264,174236658,47606
ENSG00000092841,56163496,56158161,5335
ENSG00000183054,110577185,110513812,63373
ENSG00000225237,32402684,32401725,959
ENSG00000237881,32448091,32392894,55197
ENSG00000104047,49656232,49621037,35195
ENSG00000186572,7815716,7811720,3996
ENSG00000204613,30161211,30151943,9268
ENSG00000019991,81770438,81699008,71430
ENSG00000104660,30177208,30095398,81810
ENSG00000108474,16351797,16217191,134606
ENSG00000248019,88730103,88709789,20314
ENSG00000217680,75465570,75465123,447
ENSG00000203489,75319980,75319101,879
ENSG00000285681,60538595,60329233,209362
ENSG00000238156,75458900,75454944,3956
ENSG00000267400,60496336,60495868,468
ENSG00000138640,89111398,88725955,385443
ENSG00000166603,60372775,60371062,1713
ENSG00000282596,82613228,82610742,2486
ENSG00000118407,75493800,75291859,201941
ENSG00000266915,60520165,60519841,324
ENSG00000267687,60526156,60525616,540
ENSG00000234137,30979603,30973408,6195
ENSG00000234063,31025215,31000184,25031
ENSG00000231952,32838570,32812757,25813
ENSG00000272905,32846061,32845394,667
ENSG00000238234,31052387,31045946,6441
ENSG00000170852,32894131,32868172,25959
ENSG00000278087,16379962,16317633,62329
ENSG00000204231,33200688,33193588,7100
ENSG00000204978,41444765,41443158,1607
ENSG00000286177,41310412,41307397,3015
ENSG00000105341,41440717,41431318,9399
ENSG00000186470,26378320,26365159,13161
ENSG00000237174,75399300,75357214,42086
ENSG00000261696,21396346,21394888,1458
ENSG00000231195,21399139,21398614,525
ENSG00000186562,7823889,7821966,1923
ENSG00000232028,37326797,37325340,1457
ENSG00000267235,15823797,15821796,2001
ENSG00000267308,15835853,15827045,8808
ENSG00000225793,75297003,75285014,11989
ENSG00000267218,15903238,15902300,938
ENSG00000267453,15864904,15851993,12911
ENSG00000285925,37343796,37339957,3839
ENSG00000235108,21403651,21403081,570
ENSG00000115828,37373322,37342827,30495
ENSG00000177669,30144686,30131824,12862
ENSG00000140986,1957606,1943974,13632
ENSG00000172519,15801025,15787661,13364
ENSG00000064547,19628930,19623655,5275
ENSG00000215227,13871175,13870797,378
ENSG00000230524,15205959,15151833,54126
ENSG00000235410,14087605,14074284,13321
ENSG00000234091,13756200,13729383,26817
ENSG00000162604,61725423,61681046,44377
ENSG00000214049,15836326,15828206,8120
ENSG00000104671,30183639,30156319,27320
ENSG00000239665,13668445,13631143,37302
ENSG00000230142,62249947,62212577,37370
ENSG00000227611,62322398,62321305,1093
ENSG00000232105,62328384,62327988,396
ENSG00000229307,62328833,62323657,5176
ENSG00000230602,32469843,32466666,3177
ENSG00000236251,31802435,31796990,5445
ENSG00000225845,32483292,32470120,13172
ENSG00000185264,37007851,36991120,16731
ENSG00000120242,21410185,21409147,1038
ENSG00000276454,47266108,47265665,443
ENSG00000257925,47279021,47237734,41287
ENSG00000186579,7829053,7825172,3881
ENSG00000123700,70180048,70168673,11375
ENSG00000253119,154338452,154337471,981
ENSG00000270431,115660022,115659713,309
ENSG00000258181,47257539,47248124,9415
ENSG00000260122,51810600,51809705,895
ENSG00000186638,34311371,34252381,58990
ENSG00000037749,154220478,154038906,181572
ENSG00000227881,115666133,115664895,1238
ENSG00000229570,119496841,119495836,1005
ENSG00000223886,105530671,105530209,462
ENSG00000258116,47342089,47341614,475
ENSG00000234785,115704120,115702811,1309
ENSG00000171903,15934867,15912367,22500
ENSG00000267365,70169402,70166961,2441
ENSG00000163673,36764349,36712422,51927
ENSG00000203857,119515054,119507198,7856
ENSG00000228532,115719229,115718942,287
ENSG00000267170,70241761,70241324,437
ENSG00000257924,47369935,47353754,16181
ENSG00000229335,115843050,115840964,2086
ENSG00000257906,47420179,47377683,42496
ENSG00000237691,21420813,21420234,579
ENSG00000281648,241845036,241844380,656
ENSG00000174792,75565885,75556048,9837
ENSG00000235244,115969089,115917271,51818
ENSG00000237724,31805316,31802834,2482
ENSG00000231371,116044418,116043483,935
ENSG00000258369,47463621,47463087,534
ENSG00000276977,241858908,241849881,9027
ENSG00000230726,32520425,32515215,5210
ENSG00000234558,116108430,116106921,1509
ENSG00000257807,47485722,47484689,1033
ENSG00000231536,110612404,110610916,1488
ENSG00000257905,47593440,47593208,232
ENSG00000216867,110634333,110633947,386
ENSG00000197919,21441316,21440454,862
ENSG00000180772,116174974,116170744,4230
ENSG00000232007,31134647,31134461,186
ENSG00000189152,19159176,19127469,31707
ENSG00000285671,14377586,14372001,5585
ENSG00000176782,7841242,7836471,4771
ENSG00000214362,95595372,95594598,774
ENSG00000227474,13592323,13591460,863
ENSG00000267109,70368916,70312831,56085
ENSG00000282246,13655929,13610047,45882
ENSG00000267471,70629265,70628917,348
ENSG00000134077,9386791,9362971,23820
ENSG00000253708,30180888,30176554,4334
ENSG00000241511,30117779,30117384,395
ENSG00000233668,34224628,34223984,644
ENSG00000230750,10387806,10385779,2027
ENSG00000271869,30156232,30155830,402
ENSG00000165630,13630859,13586939,43920
ENSG00000165006,34252523,34179005,73518
ENSG00000126952,101857577,101832112,25465
ENSG00000271239,70779230,70778604,626
ENSG00000268104,116461458,116436606,24852
ENSG00000271101,71013587,71011997,1590
ENSG00000260785,71202177,71097775,104402
ENSG00000225818,71597279,71596338,941
ENSG00000162520,32703596,32680360,23236
ENSG00000171889,21559669,21455642,104027
ENSG00000104848,49072941,49067418,5523
ENSG00000102038,129523500,129446501,76999
ENSG00000228118,71621436,71620978,458
ENSG00000238271,21456049,21455484,565
ENSG00000283517,71871750,71829870,41880
ENSG00000184995,21482313,21480839,1474
ENSG00000197665,19159111,19155727,3384
ENSG00000224501,31817630,31815107,2523
ENSG00000243818,142942534,142926675,15859
ENSG00000266664,19151286,19150279,1007
ENSG00000262319,19143689,19141017,2672
ENSG00000055147,154038936,153990148,48788
ENSG00000285577,33281261,33274465,6796
ENSG00000223951,33063113,33056333,6780
ENSG00000234899,72237203,72034107,203096
ENSG00000237899,40687588,40669089,18499
ENSG00000198223,1310381,1268800,41581
ENSG00000204610,30172693,30163206,9487
ENSG00000168496,61797238,61792911,4327
ENSG00000277072,74890610,74843754,46856
ENSG00000182841,42582038,42555223,26815
ENSG00000238008,33554859,33554636,223
ENSG00000136856,127408424,127397138,11286
ENSG00000163539,33718356,33496245,222111
ENSG00000124915,61757655,61746493,11162
ENSG00000130177,114272723,114234887,37836
ENSG00000231167,105583256,105582258,998
ENSG00000185055,105600875,105565120,35755
ENSG00000227443,21638676,21638285,391
ENSG00000169402,6799365,6754109,45256
ENSG00000163714,143060546,142964497,96049
ENSG00000228526,9198906,9148011,50895
ENSG00000105323,41307598,41262496,45102
ENSG00000279717,15907234,15904556,2678
ENSG00000268673,15770828,15760375,10453
ENSG00000254230,22567171,22565997,1174
ENSG00000105278,3869038,3804024,65014
ENSG00000223940,152481024,152479577,1447
ENSG00000251034,22545405,22540845,4560
ENSG00000186115,15898077,15878023,20054
ENSG00000254272,22493044,22492631,413
ENSG00000125398,72126420,72121020,5400
ENSG00000234546,9196284,9182004,14280
ENSG00000268089,152657542,152637895,19647
ENSG00000120910,22541142,22440819,100323
ENSG00000175203,57547331,57530102,17229
ENSG00000237936,29891467,29891032,435
ENSG00000279116,124320288,124319238,1050
ENSG00000256124,72041297,72030291,11006
ENSG00000254976,124325789,124324871,918
ENSG00000135249,105567677,105532169,35508
ENSG00000226101,72093481,72072333,21148
ENSG00000255225,124339662,124338783,879
ENSG00000258515,20451918,20451305,613
ENSG00000255030,124358469,124357560,909
ENSG00000092094,20455089,20446401,8688
ENSG00000228639,72034092,72021851,12241
ENSG00000183569,42574382,42553617,20765
ENSG00000196275,74851551,74796144,55407
ENSG00000283338,47324181,47323983,198
ENSG00000256746,47272110,47270657,1453
ENSG00000227383,34191881,34191555,326
ENSG00000284840,99032940,99032894,46
ENSG00000198742,99144100,99027438,116662
ENSG00000138769,75630716,75576496,54220
ENSG00000276586,62397916,62397645,271
ENSG00000066136,40771603,40691648,79955
ENSG00000271465,62406916,62406058,858
ENSG00000108442,74628942,74628328,614
ENSG00000233872,74620979,74618856,2123
ENSG00000228669,62732359,62672285,60074
ENSG00000269475,152683842,152682810,1032
ENSG00000159374,74648338,74557883,90455
ENSG00000221867,152702347,152698767,3580
ENSG00000273550,63097797,63034992,62805
ENSG00000113249,157059119,157029413,29706
ENSG00000227564,63328094,63183101,144993
ENSG00000229835,21696943,21695176,1767
ENSG00000274052,63742804,63737511,5293
ENSG00000237378,63751080,63746741,4339
ENSG00000178287,7868867,7847876,20991
ENSG00000285764,63751083,63738111,12972
ENSG00000231061,63738018,63667681,70337
ENSG00000213232,63811608,63811014,594
ENSG00000285566,63833531,63832361,1170
ENSG00000219926,63844125,63828840,15285
ENSG00000267056,15911824,15910582,1242
ENSG00000186723,15815664,15804549,11115
ENSG00000276110,150257286,150255095,2191
ENSG00000273330,15871852,15871667,185
ENSG00000118298,150265078,150257251,7827
ENSG00000227674,64076044,63851197,224847
ENSG00000267594,15779909,15760241,19668
ENSG00000125863,10434222,10401009,33213
ENSG00000242029,109810861,109648107,162754
ENSG00000237849,63976422,63975451,971
ENSG00000271249,109702218,109701456,762
ENSG00000214380,109916940,109915976,964
ENSG00000214041,9349192,9348443,749
ENSG00000228723,9194453,9192493,1960
ENSG00000187616,133528612,133514586,14026
ENSG00000267098,60902726,60630167,272559
ENSG00000267153,60664369,60663115,1254
ENSG00000267513,60794916,60794613,303
ENSG00000267382,60654623,60611773,42850
ENSG00000206573,9398579,9349689,48890
ENSG00000236814,56051207,56050038,1169
ENSG00000229432,31105053,31103717,1336
ENSG00000272604,105573660,105571083,2577
ENSG00000243945,109977767,109977540,227
ENSG00000240895,110529582,110527482,2100
ENSG00000204019,116462976,116461686,1290
ENSG00000118680,3278431,3261479,16952
ENSG00000229408,29464806,29457659,7147
ENSG00000136824,104141419,104094260,47159
ENSG00000235830,9257507,9256759,748
ENSG00000227929,9219508,9216895,2613
ENSG00000254485,9363303,9292588,70715
ENSG00000227737,124367298,124365465,1833
ENSG00000229254,124377801,124376877,924
ENSG00000284680,124384462,124382394,2068
ENSG00000244722,110683154,110682286,868
ENSG00000133454,26031041,25742144,288897
ENSG00000218233,117645087,117633706,11381
ENSG00000284609,124399024,124395534,3490
ENSG00000187191,24813492,24763069,50423
ENSG00000178568,212538841,211375717,1163124
ENSG00000255048,124405102,124404234,868
ENSG00000146574,6826770,6794134,32636
ENSG00000285508,10431922,10413520,18402
ENSG00000285723,10420737,10420546,191
ENSG00000140990,1961975,1959538,2437
ENSG00000166886,57095476,57089043,6433
ENSG00000254879,48015855,48014406,1449
ENSG00000268902,152714549,152708261,6288
ENSG00000162614,77943895,77888513,55382
ENSG00000149177,48170841,47980558,190283
ENSG00000280053,126976426,126973065,3361
ENSG00000259224,7483496,7481332,2164
ENSG00000196700,63969930,63956704,13226
ENSG00000049239,9271337,9234775,36562
ENSG00000174282,7484263,7459366,24897
ENSG00000183305,152718607,152714586,4021
ENSG00000211599,88897784,88897232,552
ENSG00000280213,63956985,63953384,3601
ENSG00000101608,3256236,3247481,8755
ENSG00000197794,88915378,88915081,297
ENSG00000225136,88922753,88922328,425
ENSG00000198276,63956416,63939829,16587
ENSG00000253435,88932380,88931666,714
ENSG00000198331,125900648,125883614,17034
ENSG00000243466,88947957,88947301,656
ENSG00000239855,88966767,88966262,505
ENSG00000226443,119534746,119533749,997
ENSG00000249798,119545913,119538509,7404
ENSG00000243063,88979081,88978468,613
ENSG00000239873,119559774,119558755,1019
ENSG00000165757,30115494,30012803,102691
ENSG00000203855,119572067,119564066,8001
ENSG00000240671,88992931,88992409,522
ENSG00000240244,119597179,119596167,1012
ENSG00000241755,89010515,89009982,533
ENSG00000253278,89020686,89019992,694
ENSG00000123384,57213351,57128493,84858
ENSG00000259847,65176713,65141756,34957
ENSG00000241351,89027731,89027171,560
ENSG00000161791,49708165,49636499,71666
ENSG00000241457,146590325,146589602,723
ENSG00000243290,89040745,89040224,521
ENSG00000231213,146606216,146576555,29661
ENSG00000253497,89046466,89045995,471
ENSG00000172150,3198448,3197519,929
ENSG00000031698,109238182,109213918,24264
ENSG00000231040,146850310,146837749,12561
ENSG00000172146,3218896,3207539,11357
ENSG00000159579,57240469,57186137,54332
ENSG00000110060,125903221,125893485,9736
ENSG00000171621,9369532,9292894,76638
ENSG00000179938,30093499,30083053,10446
ENSG00000234065,120214989,120213631,1358
ENSG00000223549,120217279,120215181,2098
ENSG00000115109,120179119,120013077,166042
ENSG00000257384,55732648,55732366,282
ENSG00000166987,57530148,57520710,9438
ENSG00000228520,33190628,33186401,4227
ENSG00000153898,84997113,84925583,71530
ENSG00000230125,30302072,30301823,249
ENSG00000255095,3241614,3235703,5911
ENSG00000271208,112234758,112234165,593
ENSG00000251258,112351294,112347330,3964
ENSG00000145569,14616180,14581792,34388
ENSG00000270661,112219570,112217640,1930
ENSG00000260428,144268481,144266453,2028
ENSG00000226440,112307009,112236093,70916
ENSG00000120896,22575788,22544986,30802
ENSG00000236117,43409681,43400331,9350
ENSG00000261236,144291438,144262045,29393
ENSG00000237234,112166476,112154765,11711
ENSG00000229394,33194234,33193611,623
ENSG00000175115,66244744,66070272,174472
ENSG00000264235,3261850,3255436,6414
ENSG00000224052,33217601,33215710,1891
ENSG00000099995,30356919,30331988,24931
ENSG00000268566,38687998,38655209,32789
ENSG00000281613,112350094,112236806,113288
ENSG00000214269,64959396,64958097,1299
ENSG00000206532,110893476,110888384,5092
ENSG00000216663,112326749,112325753,996
ENSG00000229207,34319655,34318407,1248
ENSG00000262106,3266541,3265611,930
ENSG00000154310,171460408,171058414,401994
ENSG00000214266,65310953,65309855,1098
ENSG00000164574,154420984,154190730,230254
ENSG00000186732,43507848,43411196,96652
ENSG00000236565,65788764,65787932,832
ENSG00000182796,55836246,55829608,6638
ENSG00000234767,65878219,65866174,12045
ENSG00000112769,112254939,112108757,146182
ENSG00000153989,117710727,117675469,35258
ENSG00000235737,66270458,66268997,1461
ENSG00000253265,89078784,89078010,774
ENSG00000223481,32816755,32799958,16797
ENSG00000244437,89085787,89085177,610
ENSG00000285760,3311934,3311218,716
ENSG00000267129,3377602,3377527,75
ENSG00000221882,3386317,3276942,109375
ENSG00000240864,89100361,89099859,502
ENSG00000164978,34343711,34329506,14205
ENSG00000240382,89117844,89117342,502
ENSG00000254157,89129483,89128724,759
ENSG00000253732,89135257,89134975,282
ENSG00000197943,81962685,81739097,223588
ENSG00000259067,104905204,104904342,862
ENSG00000236007,211779763,211778273,1490
ENSG00000180090,3298360,3291017,7343
ENSG00000239951,89143160,89142574,586
ENSG00000235927,77889539,77881348,8191
ENSG00000232631,211777856,211777206,650
ENSG00000180042,3386874,3385930,944
ENSG00000285561,124414792,124406997,7795
ENSG00000180068,3311446,3309986,1460
ENSG00000280090,124424893,124423904,989
ENSG00000107372,72365235,72351413,13822
ENSG00000211611,89160366,89159751,615
ENSG00000166428,104937790,104924713,13077
ENSG00000197125,124445696,124437445,8251
ENSG00000253578,89171212,89170775,437
ENSG00000253625,89172553,89172022,531
ENSG00000241294,89177160,89176328,832
ENSG00000255510,124461485,124460534,951
ENSG00000229386,124482870,124476963,5907
ENSG00000253202,89192752,89192500,252
ENSG00000235300,48308762,48294335,14427
ENSG00000254098,89196829,89196096,733
ENSG00000254646,124517242,124516311,931
ENSG00000277852,89203906,89203509,397
ENSG00000255315,124531910,124531625,285
ENSG00000254937,124539334,124538500,834
ENSG00000170953,124545333,124539635,5698
ENSG00000141293,48430275,48133442,296833
ENSG00000278570,71818259,71792638,25621
ENSG00000111087,57472268,57459785,12483
ENSG00000151500,134253370,134248279,5091
ENSG00000274138,70753149,70752955,194
ENSG00000273873,70783123,70670918,112205
ENSG00000231254,212832945,212832161,784
ENSG00000273118,213021545,212581357,440188
ENSG00000223373,212919809,212911003,8806
ENSG00000272689,30421536,30421206,330
ENSG00000135622,74683853,74654228,29625
ENSG00000187860,30378658,30356635,22023
ENSG00000228425,33249968,33228191,21777
ENSG00000030419,213152427,212999691,152736
ENSG00000100485,50231578,50117130,114448
ENSG00000248100,27552773,27547050,5723
ENSG00000123342,55842966,55835433,7533
ENSG00000256056,27594039,27592461,1578
ENSG00000231475,106349792,106349283,509
ENSG00000283607,106354704,106354448,256
ENSG00000248423,15689562,15688914,648
ENSG00000104723,15766649,15417215,349434
ENSG00000005421,95324707,95297676,27031
ENSG00000260364,65432820,65233056,199764
ENSG00000261742,65576300,65284499,291801
ENSG00000245275,154445850,154329437,116413
ENSG00000185567,104978374,104937244,41130
ENSG00000260834,65234914,65190973,43941
ENSG00000242114,30429054,30425623,3431
ENSG00000260004,65601698,65601101,597
ENSG00000261818,65646947,65580668,66279
ENSG00000241592,142960543,142960372,171
ENSG00000268129,143001467,143000907,560
ENSG00000188582,142963682,142949164,14518
ENSG00000257570,49709336,49709237,99
ENSG00000135436,49605639,49582885,22754
ENSG00000276390,47699917,47699401,516
ENSG00000005175,47706030,47661249,44781
ENSG00000241570,143001559,142960650,40909
ENSG00000175197,57521737,57516588,5149
ENSG00000270474,106356591,106356145,446
ENSG00000263787,48204529,48185938,18591
ENSG00000284652,9422862,9421098,1764
ENSG00000211955,106360324,106359793,531
ENSG00000242671,146925218,146921923,3295
ENSG00000243256,61405205,61404858,347
ENSG00000239412,147277252,147276768,484
ENSG00000259994,30306066,30302826,3240
ENSG00000101542,61555779,61333430,222349
ENSG00000282597,16346376,16346007,369
ENSG00000254203,106367664,106367385,279
ENSG00000243620,147370656,146909685,460971
ENSG00000282332,16377390,16375283,2107
ENSG00000253440,106369546,106369107,439
ENSG00000266222,48380370,48377262,3108
ENSG00000186226,152788426,152786214,2212
ENSG00000237369,29470282,29465074,5208
ENSG00000211956,106374145,106373663,482
ENSG00000284693,9440564,9425094,15470
ENSG00000266944,3131398,3130717,681
ENSG00000253325,106377733,106377300,433
ENSG00000211957,106389858,106389392,466
ENSG00000237160,95348910,95348718,192
ENSG00000253240,106393231,106392774,457
ENSG00000276405,142536292,142535809,483
ENSG00000161609,49417990,49388219,29771
ENSG00000132849,62178675,61742406,436269
ENSG00000228751,95351229,95350164,1065
ENSG00000236324,157892786,157885114,7672
ENSG00000109832,125943702,125903348,40354
ENSG00000172155,152798181,152796751,1430
ENSG00000234361,157830573,157829143,1430
ENSG00000253359,106397114,106396676,438
ENSG00000229502,157875210,157872571,2639
ENSG00000275791,142544685,142544212,473
ENSG00000100003,30425303,30396941,28362
ENSG00000177707,111275563,111070071,205492
ENSG00000220867,157924676,157924402,274
ENSG00000039537,41261438,41142234,119204
ENSG00000130340,157945077,157700387,244690
ENSG00000197084,152806628,152804835,1793
ENSG00000257243,49595688,49595148,540
ENSG00000110844,49644666,49568218,76448
ENSG00000245680,37218153,37181579,36574
ENSG00000276597,142555318,142554836,482
ENSG00000135414,55757278,55743280,13998
ENSG00000102900,56850286,56730118,120168
ENSG00000228260,32548767,32535112,13655
ENSG00000108848,50756219,50719565,36654
ENSG00000262292,19162274,19160789,1485
ENSG00000123329,57488814,57472264,16550
ENSG00000266311,19174436,19164209,10227
ENSG00000135392,55830824,55820960,9864
ENSG00000261987,19169668,19166896,2772
ENSG00000167508,88663161,88651935,11226
ENSG00000229025,26350634,26349780,854
ENSG00000101746,34224952,33851100,373852
ENSG00000086666,80138393,80059568,78825
ENSG00000008988,56074581,56067295,7286
ENSG00000247095,568457,565660,2797
ENSG00000274506,70691619,70691064,555
ENSG00000248791,14621313,14620020,1293
ENSG00000105329,41353911,41301587,52324
ENSG00000261792,30102093,30098826,3267
ENSG00000250526,14641018,14639426,1592
ENSG00000250182,14653329,14651941,1388
ENSG00000272375,30198048,30197404,644
ENSG00000261360,14664604,14661808,2796
ENSG00000285669,30201332,30192429,8903
ENSG00000277949,241873823,241869600,4223
ENSG00000205323,55817724,55752463,65261
ENSG00000196119,124582942,124566660,16282
ENSG00000267605,37304340,37235507,68833
ENSG00000255341,124602238,124601584,654
ENSG00000123810,41364165,41354417,9748
ENSG00000280686,241959696,241881363,78333
ENSG00000154143,124620356,124611490,8866
ENSG00000242242,111071553,110893708,177845
ENSG00000278960,25756669,25756318,351
ENSG00000232464,25983526,25959074,24452
ENSG00000281553,241902551,241893989,8562
ENSG00000232050,26006532,26006389,143
ENSG00000267672,37092564,37091341,1223
ENSG00000231933,25903247,25876854,26393
ENSG00000267437,37141640,37128679,12961
ENSG00000267360,37210512,37093019,117493
ENSG00000225701,88449017,88448788,229
ENSG00000224212,32831955,32823186,8769
ENSG00000270812,88456191,88455309,882
ENSG00000275547,37025254,37024886,368
ENSG00000235639,88513187,88512029,1158
ENSG00000142039,41324873,41310172,14701
ENSG00000197050,37130368,37007857,122511
ENSG00000237544,29476547,29475501,1046
ENSG00000237284,29488378,29487242,1136
ENSG00000165732,68985068,68956170,28898
ENSG00000224789,120216544,120174885,41659
ENSG00000227788,120212862,120211727,1135
ENSG00000243104,120213631,120213344,287
ENSG00000175221,893218,867630,25588
ENSG00000236878,120211715,120211054,661
ENSG00000268987,41400365,41399372,993
ENSG00000197859,133575519,133532164,43355
ENSG00000233286,120213275,120212935,340
ENSG00000077348,41397359,41386374,10985
ENSG00000176268,40863902,40863599,303
ENSG00000260941,119599271,119597702,1569
ENSG00000102743,40812460,40789412,23048
ENSG00000198857,119609250,119601340,7910
ENSG00000149346,10636829,10435305,201524
ENSG00000143067,119648266,119619377,28889
ENSG00000255565,15782120,15780068,2052
ENSG00000256627,15804158,15803164,994
ENSG00000284730,51814926,51813940,986
ENSG00000151491,15882329,15620134,262195
ENSG00000260695,65863784,65861112,2672
ENSG00000261234,65938453,65938189,264
ENSG00000261586,51820150,51817899,2251
ENSG00000260473,51842106,51815043,27063
ENSG00000235036,10614229,10612861,1368
ENSG00000261308,51848766,51817840,30926
ENSG00000267345,37078605,37075113,3492
ENSG00000007968,23531233,23506438,24795
ENSG00000232692,26471698,26378552,93146
ENSG00000226686,37265535,37251912,13623
ENSG00000259887,51852729,51848223,4506
ENSG00000123353,55821879,55818041,3838
ENSG00000272732,7552440,7550104,2336
ENSG00000197934,26569252,26393635,175617
ENSG00000105974,116561184,116525001,36183
ENSG00000268475,41426237,41425359,878
ENSG00000177191,41428730,41425359,3371
ENSG00000223367,33254431,33249931,4500
ENSG00000273115,26460214,26459903,311
ENSG00000166265,26573255,26466209,107046
ENSG00000235052,23550915,23549139,1776
ENSG00000117318,23559501,23557926,1575
ENSG00000274752,142560931,142560423,508
ENSG00000164654,7608932,7566875,42057
ENSG00000196734,152813109,152811971,1138
ENSG00000142046,41384083,41350911,33172
ENSG00000276953,142564245,142563740,505
ENSG00000234308,212819264,212795331,23933
ENSG00000188283,37248738,37217926,30812
ENSG00000186844,152827894,152827473,421
ENSG00000239827,40921774,40882577,39197
ENSG00000229989,198937429,198807493,129936
ENSG00000275158,142581427,142580917,510
ENSG00000237557,38643768,38643042,726
ENSG00000284612,38662717,38650215,12502
ENSG00000235942,152843983,152842868,1115
ENSG00000283329,38720428,38694263,26165
ENSG00000258284,49594258,49594091,167
ENSG00000257964,49577505,49576840,665
ENSG00000230067,36784167,36767117,17050
ENSG00000206232,32824472,32822063,2409
ENSG00000227747,198949805,198949016,789
ENSG00000257509,55762628,55761550,1078
ENSG00000168852,40921749,40812309,109440
ENSG00000225172,198985400,198983321,2079
ENSG00000275743,142588359,142587868,491
ENSG00000257390,55827546,55757275,70271
ENSG00000233482,94145619,94145111,508
ENSG00000139644,49764934,49707725,57209
ENSG00000228467,38851916,38804007,47909
ENSG00000285946,152860985,152859996,989
ENSG00000244575,89213928,89213423,505
ENSG00000276819,142593473,142592928,545
ENSG00000234680,39039594,39016969,22625
ENSG00000275243,142598469,142598016,453
ENSG00000244116,89222461,89221698,763
ENSG00000235492,199076735,199016133,60602
ENSG00000279727,36822498,36819276,3222
ENSG00000233410,199021037,199006040,14997
ENSG00000163206,152885047,152878322,6725
ENSG00000243238,89245596,89244781,815
ENSG00000253998,89234912,89234174,738
ENSG00000231718,199393307,199148598,244709
ENSG00000227435,32857778,32857101,677
ENSG00000198930,152733735,152727484,6251
ENSG00000253158,89252736,89252211,525
ENSG00000176136,13827323,13824149,3174
ENSG00000236468,199388475,199387141,1334
ENSG00000230034,32822680,32818694,3986
ENSG00000261218,81767868,81738248,29620
ENSG00000228190,199372297,199371877,420
ENSG00000231984,199752890,199752491,399
ENSG00000228530,199877558,199876978,580
ENSG00000235427,116551969,116542718,9251
ENSG00000229747,199909648,199908921,727
ENSG00000277880,142602360,142601628,732
ENSG00000276557,142616415,142615716,699
ENSG00000197467,69964275,69801867,162408
ENSG00000102934,57284672,57248547,36125
ENSG00000211746,142619532,142618849,683
ENSG00000211747,142627399,142626649,750
ENSG00000196967,37172741,37106734,66007
ENSG00000122126,129592561,129539849,52712
ENSG00000227902,146898218,146879909,18309
ENSG00000163207,152911886,152908546,3340
ENSG00000229143,147810777,147810346,431
ENSG00000272894,7566996,7552462,14534
ENSG00000116833,200177420,200027614,149806
ENSG00000251578,142637384,142636924,460
ENSG00000240578,142642196,142641746,450
ENSG00000231000,29490152,29489747,405
ENSG00000211749,142646467,142645961,506
ENSG00000279673,171462256,171460612,1644
ENSG00000260173,72155459,72140504,14955
ENSG00000211750,142657213,142656701,512
ENSG00000240497,171469633,171468084,1549
ENSG00000144224,135785056,135741734,43322
ENSG00000234594,171534615,171534423,192
ENSG00000224308,152949210,152930040,19170
ENSG00000066933,72118577,71822291,296286
ENSG00000196376,118317676,117907264,410412
ENSG00000260038,57248492,57247350,1142
ENSG00000283227,152949258,152947154,2104
ENSG00000102931,57253635,57245259,8376
ENSG00000270672,142667718,142666272,1446
ENSG00000278229,82619653,82615842,3811
ENSG00000233772,33232908,33227453,5455
ENSG00000282499,142671244,142670740,504
ENSG00000142449,8149592,8065402,84190
ENSG00000184148,152972574,152970648,1926
ENSG00000160097,32872482,32862268,10214
ENSG00000164989,16061663,15553043,508620
ENSG00000239992,142681869,142681415,454
ENSG00000249912,142696183,142695699,484
ENSG00000241911,142711924,142711384,540
ENSG00000230202,117999448,117998975,473
ENSG00000225432,29511032,29497985,13047
ENSG00000267374,39800318,39206924,593394
ENSG00000260630,88687186,88663298,23888
ENSG00000283458,39328008,39314240,13768
ENSG00000104852,49108605,49085419,23186
ENSG00000175886,39335672,39334872,800
ENSG00000164611,160428739,160421855,6884
ENSG00000165912,47186443,47177522,8921
ENSG00000242599,152740985,152733827,7158
ENSG00000185669,88686507,88677688,8819
ENSG00000276663,57246396,57245832,564
ENSG00000237838,25174305,24687919,486386
ENSG00000253870,89254015,89253571,444
ENSG00000213401,152737669,152733757,3912
ENSG00000242076,89268506,89266494,2012
ENSG00000240118,32857517,32822113,35404
ENSG00000148019,78279690,78236062,43628
ENSG00000233840,67002007,66990886,11121
ENSG00000169474,152985500,152985231,269
ENSG00000228842,66915031,66825169,89862
ENSG00000277445,82720771,82622289,98482
ENSG00000211752,142715861,142715346,515
ENSG00000225263,66985776,66977432,8344
ENSG00000184226,67230445,66302834,927611
ENSG00000231447,152747762,152746817,945
ENSG00000163209,153003856,153001747,2109
ENSG00000248098,41425002,41397808,27194
ENSG00000254790,125941193,125940496,697
ENSG00000255027,125938916,125903247,35669
ENSG00000178596,94303022,94302038,984
ENSG00000236098,94324569,94318479,6090
ENSG00000226835,94334848,94247866,86982
ENSG00000204406,148516971,148021011,495960
ENSG00000211753,142721160,142720660,500
ENSG00000244273,142722764,142722358,406
ENSG00000232869,142740894,142740206,688
ENSG00000234262,153024260,153023962,298
ENSG00000197172,152769747,152766136,3611
ENSG00000137962,94275068,94148988,126080
ENSG00000169469,153032900,153031203,1697
ENSG00000042493,85418432,85394753,23679
ENSG00000231210,116663829,116563594,100235
ENSG00000204983,142753076,142749468,3608
ENSG00000243220,116571234,116563594,7640
ENSG00000286051,152792268,152769764,22504
ENSG00000268916,152760222,152753921,6301
ENSG00000167612,51891727,51888009,3718
ENSG00000285588,67156624,67121081,35543
ENSG00000234527,66323561,66303871,19690
ENSG00000280054,47730598,47728151,2447
ENSG00000277173,47769648,47768529,1119
ENSG00000164976,34376898,34366666,10232
ENSG00000257433,47742294,47706085,36209
ENSG00000248159,30240997,30237382,3615
ENSG00000268606,152753884,152749863,4021
ENSG00000230607,19756207,19755244,963
ENSG00000254316,30250092,30249502,590
ENSG00000253346,30332277,30331961,316
ENSG00000254152,30350347,30349866,481
ENSG00000127589,30353518,30351873,1645
ENSG00000269947,8278436,8277763,673
ENSG00000274737,47817966,47817451,515
ENSG00000274902,47732351,47731908,443
ENSG00000268069,47786002,47784923,1079
ENSG00000111405,47725567,47709734,15833
ENSG00000224220,25427643,25421117,6526
ENSG00000099999,30421771,30368811,52960
ENSG00000125434,8295400,8287763,7637
ENSG00000138101,25673647,25377198,296449
ENSG00000221813,144008793,144000320,8473
ENSG00000229220,200148279,200147531,748
ENSG00000233827,200214322,200213678,644
ENSG00000221836,144058845,144048948,9897
ENSG00000254388,123352643,123352181,462
ENSG00000254294,123402095,123400582,1513
ENSG00000231376,15588615,15588355,260
ENSG00000254109,30385401,30382119,3282
ENSG00000163216,153041931,153039732,2199
ENSG00000277744,41374419,41373971,448
ENSG00000213045,200329677,200329161,516
ENSG00000156802,123416350,123319850,96500
ENSG00000273093,200315967,200315435,532
ENSG00000267107,41501223,41449520,51703
ENSG00000282849,200483604,200478020,5584
ENSG00000221933,144075870,144069811,6059
ENSG00000267551,3155175,3141576,13599
ENSG00000162702,200410056,200404940,5116
ENSG00000060558,3163769,3136193,27576
ENSG00000171388,129654956,129645259,9697
ENSG00000281848,131724279,131723253,1026
ENSG00000239967,144077825,144077721,104
ENSG00000274392,131768326,131722418,45908
ENSG00000157110,30572256,30384511,187745
ENSG00000221858,144098953,144086278,12675
ENSG00000258021,51901336,51900565,771
ENSG00000278963,50724224,50722074,2150
ENSG00000230623,200478360,200333193,145167
ENSG00000221989,144110564,144109514,1050
ENSG00000122121,129769536,129738974,30562
ENSG00000274362,131802689,131795990,6699
ENSG00000211958,106411021,106410493,528
ENSG00000275896,142774564,142760398,14166
ENSG00000253989,106418299,106418018,281
ENSG00000203721,200400705,200253419,147286
ENSG00000211959,106422218,106421711,507
ENSG00000272145,40692066,40690380,1686
ENSG00000243792,158854576,158853755,821
ENSG00000114554,127037392,126988594,48798
ENSG00000253467,106425654,106425359,295
ENSG00000249590,30428990,30409255,19735
ENSG00000163331,158862781,158795317,67464
ENSG00000255057,130009765,130008586,1179
ENSG00000228757,106436555,106436415,140
ENSG00000253294,106441007,106440950,57
ENSG00000270659,213153659,213152970,689
ENSG00000236193,213167712,213155806,11906
ENSG00000273350,30420912,30420512,400
ENSG00000272519,213276152,213266995,9157
ENSG00000105852,95396375,95359872,36503
ENSG00000257488,47837898,47826854,11044
ENSG00000266989,3872107,3870991,1116
ENSG00000196096,213284205,213276552,7653
ENSG00000226806,135823087,135820191,2896
ENSG00000283576,1726557,1726273,284
ENSG00000254265,1731452,1730206,1246
ENSG00000211584,47782751,47753916,28835
ENSG00000118193,200620751,200551497,69254
ENSG00000115850,135837184,135787850,49334
ENSG00000108961,8290092,8288654,1438
ENSG00000226710,31827129,31821974,5155
ENSG00000234000,30678156,30666650,11506
ENSG00000251491,158863285,158862311,974
ENSG00000239981,144119360,144118461,899
ENSG00000163520,13638422,13549125,89297
ENSG00000221938,144131188,144123176,8012
ENSG00000273234,144142938,144142009,929
ENSG00000183122,144158905,144153486,5419
ENSG00000188668,158875670,158874642,1028
ENSG00000240621,144177142,144176740,402
ENSG00000255730,41425001,41350853,74148
ENSG00000225932,144186053,144183466,2587
ENSG00000253860,89275787,89275298,489
ENSG00000226479,120223400,120217479,5921
ENSG00000253461,89286973,89286689,284
ENSG00000253487,89295455,89295233,222
ENSG00000239862,89297785,89297264,521
ENSG00000253592,89310144,89309898,246
ENSG00000242371,89320146,89319625,521
ENSG00000250591,142763943,142760415,3528
ENSG00000139567,51923361,51906908,16453
ENSG00000276691,47788971,47788426,545
ENSG00000174123,38782990,38772238,10752
ENSG00000241794,153057512,153056120,1392
ENSG00000273962,89330429,89330110,319
ENSG00000079337,47771040,47734363,36677
ENSG00000260088,200694250,200669507,24743
ENSG00000283427,89547106,89533185,13921
ENSG00000118197,200669907,200623896,46011
ENSG00000283196,89585652,89542842,42810
ENSG00000235263,9503471,9501092,2379
ENSG00000244094,153113516,153112121,1395
ENSG00000283132,89640635,89622213,18422
ENSG00000203785,153106184,153093135,13049
ENSG00000231181,9576985,9576427,558
ENSG00000171612,9585173,9539465,45708
ENSG00000283214,89662977,89662601,376
ENSG00000164972,34397810,34379019,18791
ENSG00000283659,89683204,89666033,17171
ENSG00000243896,144264792,144257663,7129
ENSG00000118292,150280916,150268200,12716
ENSG00000128311,37020183,37010859,9324
ENSG00000255541,83209634,83209399,235
ENSG00000251039,89852497,89851791,706
ENSG00000229035,153140709,153140491,218
ENSG00000255234,83423516,83286128,137388
ENSG00000196805,153070840,153070224,616
ENSG00000284644,144355707,144251264,104443
ENSG00000260965,57322117,57321352,765
ENSG00000271456,57332599,57332379,220
ENSG00000232037,21908580,21908098,482
ENSG00000243661,142779537,142778642,895
ENSG00000187942,21825221,21812265,12956
ENSG00000282431,142786224,142786213,11
ENSG00000251546,89862981,89862482,499
ENSG00000137500,83286407,83259097,27310
ENSG00000282320,142786927,142786880,47
ENSG00000244198,144280547,144194858,85689
ENSG00000102962,57366189,57358783,7406
ENSG00000128309,37029822,37019635,10187
ENSG00000220557,132868859,132868218,641
ENSG00000279960,132893819,132891924,1895
ENSG00000142798,21937310,21822244,115066
ENSG00000175619,48217739,48216810,929
ENSG00000213122,132998040,132997551,489
ENSG00000229383,29534049,29529901,4148
ENSG00000254009,89872702,89872463,239
ENSG00000173673,6245578,6244192,1386
ENSG00000250036,89885216,89884740,476
ENSG00000255262,130033220,130032866,354
ENSG00000232918,94406882,94406395,487
ENSG00000255514,48228310,48227429,881
ENSG00000270926,31106830,31105105,1725
ENSG00000285824,30312026,30309803,2223
ENSG00000234992,29539268,29538185,1083
ENSG00000250833,30357365,30353706,3659
ENSG00000253127,89887247,89887022,225
ENSG00000172208,48246080,48245056,1024
ENSG00000280406,34221603,34221007,596
ENSG00000232747,89895772,89895502,270
ENSG00000107951,30374448,30309801,64647
ENSG00000267746,34224761,34222965,1796
ENSG00000221970,144322668,144312464,10204
ENSG00000216809,118454992,118452469,2523
ENSG00000196504,152717997,152651593,66404
ENSG00000204959,144286966,144272445,14521
ENSG00000235666,29636845,29636562,283
ENSG00000006210,57385044,57372477,12567
ENSG00000228960,144300934,144294480,6454
ENSG00000149506,60875693,60867562,8131
ENSG00000170356,144256244,144250045,6199
ENSG00000147130,71255146,71239624,15522
ENSG00000050327,144380632,144355288,25344
ENSG00000223911,147902956,147899401,3555
ENSG00000281772,148062577,148062154,423
ENSG00000266578,3327292,3284145,43147
ENSG00000253501,89907246,89906757,489
ENSG00000115947,148021604,147930397,91207
ENSG00000259256,3350559,3347776,2783
ENSG00000049769,49301461,49269843,31618
ENSG00000239975,89916052,89913982,2070
ENSG00000261632,72040265,71972206,68059
ENSG00000260576,72041653,72041194,459
ENSG00000214263,67267706,67266845,861
ENSG00000243568,72135436,72134641,795
ENSG00000230040,67379976,67372387,7589
ENSG00000166192,72143692,72114258,29434
ENSG00000240364,3378247,3377916,331
ENSG00000271287,67790794,67790407,387
ENSG00000227969,67832827,67831876,951
ENSG00000177359,31201235,31111652,89583
ENSG00000265243,3395312,3394889,423
ENSG00000129351,10692417,10654261,38156
ENSG00000231667,67903221,67902208,1013
ENSG00000231023,133106578,133088080,18498
ENSG00000226537,67911951,67910986,965
ENSG00000243720,3406818,3406342,476
ENSG00000130402,38731589,38647649,83940
ENSG00000220113,133150816,133150568,248
ENSG00000105976,116798386,116672196,126190
ENSG00000286031,49281440,49279677,1763
ENSG00000260037,71823384,71818396,4988
ENSG00000286181,49270521,49262866,7655
ENSG00000174125,38856817,38790677,66140
ENSG00000179431,35620868,35618419,2449
ENSG00000270012,49275768,49273054,2714
ENSG00000224257,214536890,214510196,26694
ENSG00000174453,214578959,214411065,167894
ENSG00000049768,49270477,49250436,20041
ENSG00000254686,35661339,35656694,4645
ENSG00000267316,61579456,61571342,8114
ENSG00000166326,35818007,35662775,155232
ENSG00000253191,89928867,89928422,445
ENSG00000267279,61606916,61585746,21170
ENSG00000102970,57416062,57404767,11295
ENSG00000285151,70057416,70055820,1596
ENSG00000260440,61756646,61748176,8470
ENSG00000205571,70078522,70049612,28910
ENSG00000267038,61682695,61681653,1042
ENSG00000267175,61748832,61592375,156457
ENSG00000241621,30374386,30364410,9976
ENSG00000117362,150269580,150265399,4181
ENSG00000236377,32906584,32905662,922
ENSG00000260000,100882987,100881471,1516
ENSG00000253603,56075274,56074592,682
ENSG00000285705,35838523,35824192,14331
ENSG00000186082,35861498,35860249,1249
ENSG00000248578,56102267,56101199,1068
ENSG00000270987,100890338,100889603,735
ENSG00000151498,134265855,134253495,12360
ENSG00000285740,35897735,35894987,2748
ENSG00000172680,56113982,56112942,1040
ENSG00000254919,35918739,35915051,3688
ENSG00000151655,7749520,7703316,46204
ENSG00000176797,7882664,7881204,1460
ENSG00000176641,61894247,61808067,86180
ENSG00000144451,214410501,213284379,1126122
ENSG00000174130,38856817,38823715,33102
ENSG00000229421,25441502,25441164,338
ENSG00000241228,35997675,35997226,449
ENSG00000280321,36197901,36196248,1653
ENSG00000254672,35968676,35967010,1666
ENSG00000254543,7892555,7891003,1552
ENSG00000077097,25664907,25597905,67002
ENSG00000179241,36232136,35943981,288155
ENSG00000171711,7896711,7894629,2082
ENSG00000125089,8241803,8182072,59731
ENSG00000281232,1344763,1340838,3925
ENSG00000281020,1365970,1316265,49705
ENSG00000158292,6261098,6247353,13745
ENSG00000283573,43842625,43803193,39432
ENSG00000231558,33163367,33157934,5433
ENSG00000282755,82635020,82619121,15899
ENSG00000233892,30188614,30186798,1816
ENSG00000100884,24078100,24070837,7263
ENSG00000267882,47320754,47318502,2252
ENSG00000234127,30213427,30184455,28972
ENSG00000255256,35989007,35972428,16579
ENSG00000231119,47354633,47352561,2072
ENSG00000079462,42303546,42297033,6513
ENSG00000224544,31131862,31130046,1816
ENSG00000186280,94999519,94973709,25810
ENSG00000212807,144239605,144228244,11361
ENSG00000244479,144356181,144300395,55786
ENSG00000137197,31112941,31107584,5357
ENSG00000260762,20607107,20586550,20557
ENSG00000235487,31132550,31107244,25306
ENSG00000260201,20586640,20580999,5641
ENSG00000154734,26845409,26835755,9654
ENSG00000255653,95012532,95011858,674
ENSG00000125910,3180332,3172346,7986
ENSG00000235268,95027596,95025258,2338
ENSG00000226536,15918631,15917548,1083
ENSG00000185112,194689037,194686544,2493
ENSG00000274486,95031245,95030549,696
ENSG00000256779,95039811,95037482,2329
ENSG00000244693,144269288,144266701,2587
ENSG00000213214,144195655,144186083,9572
ENSG00000140553,90954093,90930180,23913
ENSG00000238178,16170869,16152941,17928
ENSG00000226642,12071360,12070195,1165
ENSG00000157150,12158912,12153068,5844
ENSG00000226878,159056859,159056005,854
ENSG00000213189,159004320,159003975,345
ENSG00000258104,49619612,49619334,278
ENSG00000115183,159232659,158968640,264019
ENSG00000182798,16171464,16167481,3983
ENSG00000271200,61742424,61741998,426
ENSG00000079432,42295797,42268537,27260
ENSG00000236077,116680303,116669810,10493
ENSG00000104147,41332591,41309273,23318
ENSG00000236646,62039111,62038842,269
ENSG00000237860,116690185,116688870,1315
ENSG00000223432,121615839,121615425,414
ENSG00000230159,116694188,116692910,1278
ENSG00000223540,121713994,121713607,387
ENSG00000224250,121739730,121736303,3427
ENSG00000126010,16153021,16123556,29465
ENSG00000224217,116748877,116748530,347
ENSG00000213526,116963676,116963049,627
ENSG00000238066,117398206,117397938,268
ENSG00000224314,117400081,117399452,629
ENSG00000279587,117895683,117894632,1051
ENSG00000233335,46257177,46256860,317
ENSG00000121989,147930826,147844517,86309
ENSG00000233987,194706964,194705548,1416
ENSG00000165948,94103846,94081301,22545
ENSG00000233026,12165642,12165299,343
ENSG00000247556,41309737,41283990,25747
ENSG00000157152,12192032,12004388,187644
ENSG00000279041,30553766,30552345,1421
ENSG00000181690,56211324,56160909,50415
ENSG00000204188,33589026,33540046,48980
ENSG00000267413,39924840,39841174,83666
ENSG00000182472,38769904,38730187,39717
ENSG00000283503,39896298,39841809,54489
ENSG00000169679,110678114,110637698,40416
ENSG00000258813,73059415,73057925,1490
ENSG00000166736,113990313,113974881,15432
ENSG00000258448,73068618,73068108,510
ENSG00000119707,73123899,73058532,65367
ENSG00000197251,33593338,33586106,7232
ENSG00000283215,43852317,43844878,7439
ENSG00000030110,33580293,33572547,7746
ENSG00000177917,152761253,152717893,43360
ENSG00000228928,88566281,88564793,1488
ENSG00000223469,43852333,43851757,576
ENSG00000147400,152830777,152826973,3804
ENSG00000231763,88610669,88610241,428
ENSG00000237709,88640416,88639014,1402
ENSG00000231881,44077952,44073913,4039
ENSG00000076826,7618304,7595902,22402
ENSG00000237686,44074652,43995723,78929
ENSG00000181577,44007612,44000580,7032
ENSG00000215356,7952413,7926337,26076
ENSG00000233998,137641547,137640986,561
ENSG00000076003,135876443,135839626,36817
ENSG00000259396,41344225,41343080,1145
ENSG00000148408,138124624,137877782,246842
ENSG00000285920,41380743,41284013,96730
ENSG00000253999,89930202,89929701,501
ENSG00000229907,7938770,7934412,4358
ENSG00000137804,41381050,41332694,48356
ENSG00000242111,104286955,104270228,16727
ENSG00000136144,49585558,49531946,53612
ENSG00000203396,104329396,104328320,1076
ENSG00000117528,94518666,94418389,100277
ENSG00000114853,42667580,42653697,13883
ENSG00000186881,104505222,104504263,959
ENSG00000183239,44089696,44089242,454
ENSG00000070047,612222,576470,35752
ENSG00000122122,129795201,129779949,15252
ENSG00000261416,30184957,30183505,1452
ENSG00000283001,104537180,104520829,16351
ENSG00000148136,104527209,104526253,956
ENSG00000204246,104536856,104535749,1107
ENSG00000282420,142787064,142787017,47
ENSG00000281469,148044894,148044380,514
ENSG00000224007,148296679,148295656,1023
ENSG00000282133,142787679,142787630,49
ENSG00000285641,153986246,153975850,10396
ENSG00000102879,30189076,30182827,6249
ENSG00000267892,38739863,38738284,1579
ENSG00000285779,153975887,153959151,16736
ENSG00000267375,38693606,38683873,9733
ENSG00000143578,153974361,153967534,6827
ENSG00000176567,48264778,48263861,917
ENSG00000154736,26967088,26917922,49166
ENSG00000105894,137343865,137227341,116524
ENSG00000158717,88706421,88696495,9926
ENSG00000114857,42648735,42600655,48080
ENSG00000197585,214684246,214250040,434206
ENSG00000131375,15252916,15206152,46764
ENSG00000213917,214281452,214280638,814
ENSG00000196470,48448402,48356364,92038
ENSG00000231114,137326953,137318592,8361
ENSG00000147383,152869729,152830967,38762
ENSG00000223563,26939742,26889376,50366
ENSG00000228031,137354483,137344930,9553
ENSG00000163631,73421482,73397114,24368
ENSG00000089234,111685956,111642146,43810
ENSG00000187257,77783022,77696459,86563
ENSG00000249252,15427914,15004942,422972
ENSG00000240143,129796963,129794994,1969
ENSG00000163145,15446166,15339818,106348
ENSG00000261802,48448398,48447904,494
ENSG00000144118,120294710,120240064,54646
ENSG00000280067,48346058,48343755,2303
ENSG00000226993,31133422,31133236,186
ENSG00000121270,48247568,48166910,80658
ENSG00000262299,153819322,153812404,6918
ENSG00000228163,33234885,33218673,16212
ENSG00000157680,137847092,137381037,466055
ENSG00000101997,49250520,49235470,15050
ENSG00000270558,37286977,37286449,528
ENSG00000226717,10620420,10613202,7218
ENSG00000232035,10632203,10631750,453
ENSG00000261992,153845579,153821956,23623
ENSG00000135077,157142869,157085832,57037
ENSG00000137449,15070153,15002674,67479
ENSG00000165304,36677683,36572862,104821
ENSG00000188368,42310821,42302098,8723
ENSG00000263218,81000130,80999509,621
ENSG00000280351,81005132,81003335,1797
ENSG00000283755,75726490,75714131,12359
ENSG00000282757,75701459,75693929,7530
ENSG00000233972,33233970,33233561,409
ENSG00000224992,132770212,132768965,1247
ENSG00000176108,81009517,80991598,17919
ENSG00000166848,75761872,75647773,114099
ENSG00000229295,33241311,33230030,11281
ENSG00000165695,132878777,132725578,153199
ENSG00000259813,88698610,88696501,2109
ENSG00000159516,153150890,153149582,1308
ENSG00000065427,75648643,75627474,21169
ENSG00000188807,9614877,9588911,25966
ENSG00000105825,93890753,93885396,5357
ENSG00000281958,142788275,142788225,50
ENSG00000258672,99693648,99691445,2203
ENSG00000227138,10777525,10777357,168
ENSG00000282173,142788547,142788498,49
ENSG00000230589,10830308,10829752,556
ENSG00000229699,153191676,153174518,17158
ENSG00000036530,99727301,99684304,42997
ENSG00000270372,10948481,10948372,109
ENSG00000234146,11013096,11011748,1348
ENSG00000282780,142789040,142788988,52
ENSG00000230365,11276314,11275314,1000
ENSG00000258359,111670362,111669852,510
ENSG00000285784,12058227,11618530,439697
ENSG00000275130,11618621,11618496,125
ENSG00000203784,153205120,153203430,1690
ENSG00000239571,89937679,89936859,820
ENSG00000224935,12159147,12098660,60487
ENSG00000231491,12288238,12287320,918
ENSG00000262025,153870645,153869337,1308
ENSG00000243264,89948279,89947512,767
ENSG00000211751,142793368,142791694,1674
ENSG00000281216,245713153,245353678,359475
ENSG00000211764,142796414,142796365,49
ENSG00000242534,89960754,89959979,775
ENSG00000118200,200860704,200739558,121146
ENSG00000203783,153219310,153217584,1726
ENSG00000270766,31244685,31244440,245
ENSG00000224607,89969335,89968867,468
ENSG00000243517,31252597,31251992,605
ENSG00000270395,31254445,31254361,84
ENSG00000170613,157166264,157161846,4418
ENSG00000211623,89986702,89985922,780
ENSG00000211765,142796610,142796560,50
ENSG00000165698,132890201,132878027,12174
ENSG00000211766,142796742,142796697,45
ENSG00000230779,153226006,153225080,926
ENSG00000139112,10223128,10212458,10670
ENSG00000281100,36825158,36823151,2007
ENSG00000077092,25597932,25174332,423600
ENSG00000155868,157159019,157137424,21595
ENSG00000259388,49796097,49794246,1851
ENSG00000211767,142796895,142796847,48
ENSG00000205989,7997521,7990415,7106
ENSG00000235840,120326298,120319007,7291
ENSG00000178081,30131757,30103720,28037
ENSG00000225327,7977985,7976393,1592
ENSG00000211768,142797047,142796998,49
ENSG00000229473,40993331,40992779,552
ENSG00000163083,120351803,120346136,5667
ENSG00000185231,13915707,13882044,33663
ENSG00000225725,8008755,7955014,53741
ENSG00000120690,41061440,40931924,129516
ENSG00000177340,31325829,31324316,1513
ENSG00000203782,153262124,153259687,2437
ENSG00000256176,31312029,31311617,412
ENSG00000139146,31327058,31280584,46474
ENSG00000237038,7973253,7971661,1592
ENSG00000211769,142797166,142797119,47
ENSG00000255211,7968544,7967344,1200
ENSG00000211770,142797291,142797239,52
ENSG00000258503,53012267,53011971,296
ENSG00000113263,157255191,157142933,112258
ENSG00000243779,13919923,13919603,320
ENSG00000258993,53023597,53023055,542
ENSG00000159527,153310718,153297862,12856
ENSG00000279352,14010917,14010054,863
ENSG00000270469,14054761,14053951,810
ENSG00000180016,3398410,3397104,1306
ENSG00000135503,51997078,51951699,45379
ENSG00000213483,93845308,93844789,519
ENSG00000127928,93911265,93591573,319692
ENSG00000283627,89025807,89013386,12421
ENSG00000230383,137722846,137721985,861
ENSG00000258990,89111223,89110148,1075
ENSG00000279483,137513933,137513859,74
ENSG00000114021,100361635,100334739,26896
ENSG00000061273,47833132,47782722,50410
ENSG00000154124,14699711,14664664,35047
ENSG00000138326,78056813,78033732,23081
ENSG00000101180,62220278,62214960,5318
ENSG00000234073,36880729,36880184,545
ENSG00000214324,127198185,127193131,5054
ENSG00000168016,36945098,36826820,118278
ENSG00000211771,142797502,142797456,46
ENSG00000211772,142802748,142801041,1707
ENSG00000243016,127221881,127221194,687
ENSG00000143363,151035713,151008420,27293
ENSG00000239620,127288046,127283784,4262
ENSG00000237254,142813399,142812586,813
ENSG00000244215,127390670,127322307,68363
ENSG00000237729,93670077,93669826,251
ENSG00000234695,93893601,93890913,2688
ENSG00000166965,90963125,90954870,8255
ENSG00000225898,93778514,93777839,675
ENSG00000163218,153348841,153330120,18721
ENSG00000259962,53363678,53362019,1659
ENSG00000260078,53373083,53364982,8101
ENSG00000275097,31280895,31280422,473
ENSG00000205549,16410990,16203935,207055
ENSG00000165494,83187451,83156988,30463
ENSG00000232794,64045058,64044305,753
ENSG00000254097,89990221,89989987,234
ENSG00000261804,53384745,53373493,11252
ENSG00000241566,90005629,90004797,832
ENSG00000262714,53389085,53386944,2141
ENSG00000254345,90009927,90009402,525
ENSG00000279741,53390563,53389886,677
ENSG00000253365,90011184,90010741,443
ENSG00000103507,31112791,31106107,6684
ENSG00000225523,90022185,90021567,618
ENSG00000280027,53392473,53391089,1384
ENSG00000226010,64147052,64144872,2180
ENSG00000234779,16727524,16726814,710
ENSG00000279245,154571960,154571248,712
ENSG00000231756,16476237,16473188,3049
ENSG00000273041,154581998,154580926,1072
ENSG00000233551,16775845,16775573,272
ENSG00000008324,42595114,42581840,13274
ENSG00000173068,16870843,16409503,461340
ENSG00000268651,154586821,154585133,1688
ENSG00000241244,90100738,90100236,502
ENSG00000224041,90115402,90114838,564
ENSG00000248629,156842236,156841359,877
ENSG00000280284,156876820,156876435,385
ENSG00000254220,90053372,90052581,791
ENSG00000242766,90083291,90082635,656
ENSG00000145431,156971799,156760454,211345
ENSG00000243802,47191542,47191181,361
ENSG00000211625,90039479,90038848,631
ENSG00000147883,22009305,22002903,6402
ENSG00000211626,90070238,90069662,576
ENSG00000253765,90047057,90046796,261
ENSG00000153714,12823060,12775020,48040
ENSG00000055732,85048500,85018082,30418
ENSG00000230084,42654388,42601963,52425
ENSG00000117525,94541759,94529173,12586
ENSG00000206535,100456319,100401532,54787
ENSG00000180992,44127452,44113451,14001
ENSG00000163220,153361023,153357854,3169
ENSG00000107165,12710290,12685439,24851
ENSG00000147889,21995301,21967753,27548
ENSG00000255958,10214761,10214161,600
ENSG00000093183,42601080,42547969,53111
ENSG00000253980,157224380,157199242,25138
ENSG00000254246,157114900,157104788,10112
ENSG00000137216,44155519,44126914,28605
ENSG00000280086,11398792,11395808,2984
ENSG00000232155,154605950,154605858,92
ENSG00000163013,73284431,73254682,29749
ENSG00000184033,154619282,154617609,1673
ENSG00000154174,100401398,100363431,37967
ENSG00000258384,90955225,90952239,2986
ENSG00000184508,90935196,90929964,5232
ENSG00000205916,24907040,24833843,73197
ENSG00000240793,48334854,48334471,383
ENSG00000261538,48167238,48164952,2286
ENSG00000102910,48363122,48244296,118826
ENSG00000163221,153375621,153373711,1910
ENSG00000144802,101861022,101827991,33031
ENSG00000235448,12814345,12698554,115791
ENSG00000278880,156886862,156886645,217
ENSG00000273773,154620171,154620096,75
ENSG00000213338,154623500,154622428,1072
ENSG00000273026,153966930,153966516,414
ENSG00000280946,13079295,13076471,2824
ENSG00000237008,153380799,153379821,978
ENSG00000143543,153977674,153974269,3405
ENSG00000241020,83213404,83213005,399
ENSG00000269939,83187036,83185521,1515
ENSG00000255003,83329246,83328926,320
ENSG00000254676,83184520,83180144,4376
ENSG00000272681,154633182,154632470,712
ENSG00000137494,83260694,83193739,66955
ENSG00000275882,154648275,154639978,8297
ENSG00000143546,153391073,153390032,1041
ENSG00000231866,52925423,52925249,174
ENSG00000257012,95041571,95040411,1160
ENSG00000121310,52927212,52895910,31302
ENSG00000261424,75709815,75709056,759
ENSG00000255855,95051338,95049422,1916
ENSG00000281573,13198026,13191011,7015
ENSG00000284484,75677009,75660227,16782
ENSG00000280409,120466218,120464335,1883
ENSG00000214070,135898978,135897955,1023
ENSG00000177261,214698059,214697727,332
ENSG00000237222,194782168,194708421,73747
ENSG00000231333,200864152,200863808,344
ENSG00000184860,82011481,81988855,22626
ENSG00000237614,120544878,120542909,1969
ENSG00000232259,127934517,127929376,5141
ENSG00000266265,130734176,130731235,2941
ENSG00000170128,200874178,200872955,1223
ENSG00000232140,120558109,120553743,4366
ENSG00000132334,128085855,127907061,178794
ENSG00000049883,72368395,72320367,48028
ENSG00000229774,120710517,120686635,23882
ENSG00000234805,194757422,194755589,1833
ENSG00000230401,194768712,194765238,3474
ENSG00000277984,95057984,95057282,702
ENSG00000274109,13137509,13136151,1358
ENSG00000230694,16626390,16625676,714
ENSG00000263465,95071224,95067197,4027
ENSG00000163362,200915742,200891048,24694
ENSG00000274107,13218160,13215394,2766
ENSG00000276519,81989016,81987948,1068
ENSG00000281229,13126314,13125206,1108
ENSG00000273865,13186628,13185268,1360
ENSG00000238031,194832592,194827890,4702
ENSG00000181090,137870016,137618992,251024
ENSG00000281073,13267241,13264443,2798
ENSG00000149218,95132645,95089846,42799
ENSG00000281597,13118626,13115828,2798
ENSG00000227019,46461121,46460609,512
ENSG00000281711,13152272,13149474,2798
ENSG00000277228,46493268,46474246,19022
ENSG00000277853,13244686,13241912,2774
ENSG00000067840,153830565,153802166,28399
ENSG00000231817,46515958,46455132,60826
ENSG00000213877,25324659,25324174,485
ENSG00000015171,254637,134465,120172
ENSG00000234765,68291280,68289679,1601
ENSG00000276816,13098515,13093633,4882
ENSG00000092621,119744226,119648411,95815
ENSG00000276299,13178799,13169610,9189
ENSG00000229910,68303302,68301605,1697
ENSG00000224854,21967751,21966929,822
ENSG00000270689,95145125,95143637,1488
ENSG00000251379,15420032,15358141,61891
ENSG00000236433,68331613,68331338,275
ENSG00000279670,21893857,21892188,1669
ENSG00000265194,21861926,21858910,3016
ENSG00000230405,68634486,68634190,296
ENSG00000278473,106443583,106443133,450
ENSG00000266446,21996013,21995482,531
ENSG00000255535,130041071,130040365,706
ENSG00000176555,48307152,48306223,929
ENSG00000271029,8297216,8296505,711
ENSG00000215221,22012536,22012155,381
ENSG00000270578,95146004,95145437,567
ENSG00000228966,106461055,106460092,963
ENSG00000264545,22032986,21802636,230350
ENSG00000229824,68655050,68654572,478
ENSG00000215313,16199289,16198428,861
ENSG00000254228,106463691,106463256,435
ENSG00000235071,16475340,16474342,998
ENSG00000232216,106470800,106470264,536
ENSG00000280580,68893573,68878380,15193
ENSG00000281778,68885325,68861284,24041
ENSG00000099810,21937651,21802543,135108
ENSG00000230243,46505436,46505118,318
ENSG00000283195,106473000,106472791,209
ENSG00000285576,46459324,46458061,1263
ENSG00000250483,15807283,15806149,1134
ENSG00000283562,106478393,106478006,387
ENSG00000176540,48366465,48365485,980
ENSG00000205105,46491121,46490930,191
ENSG00000283464,106481706,106481424,282
ENSG00000182565,48421273,48420210,1063
ENSG00000232380,68986064,68985058,1006
ENSG00000236464,26164303,26161834,2469
ENSG00000116016,46386697,46293667,93030
ENSG00000176547,48328471,48324920,3551
ENSG00000225501,69102056,69101832,224
ENSG00000229770,26169341,26161905,7436
ENSG00000226380,130913310,130876809,36501
ENSG00000226836,15943532,15943127,405
ENSG00000182836,41510628,41306952,203676
ENSG00000253648,16000324,15973315,27009
ENSG00000197161,48352447,48345351,7096
ENSG00000229092,106519027,106518582,445
ENSG00000253465,106489756,106489345,411
ENSG00000235221,69322190,69222324,99866
ENSG00000270816,106521073,106482439,38634
ENSG00000145687,81751797,81413021,338776
ENSG00000162643,85133138,84999147,133991
ENSG00000196990,133586197,133578415,7782
ENSG00000088682,57461270,57447425,13845
ENSG00000240680,130823511,130823205,306
ENSG00000273489,131497694,131493964,3730
ENSG00000253895,106494383,106494134,249
ENSG00000271204,130932206,130930209,1997
ENSG00000253808,106515854,106515818,36
ENSG00000285106,131110161,130791264,318897
ENSG00000211962,106511856,106511117,739
ENSG00000182376,88745748,88742767,2981
ENSG00000211961,106507491,106506996,495
ENSG00000198844,8322514,8310241,12273
ENSG00000224888,88741425,88731180,10245
ENSG00000143570,153968184,153959099,9085
ENSG00000236753,131328222,131309469,18753
ENSG00000006042,32945106,32927910,17196
ENSG00000205763,32943176,32916815,26361
ENSG00000103335,88785220,88715338,69882
ENSG00000113569,37371106,37288137,82969
ENSG00000249474,101824998,101823793,1205
ENSG00000144815,101828231,101779202,49029
ENSG00000272356,111313517,111309203,4314
ENSG00000229276,111361607,111360641,966
ENSG00000129292,132848807,132775358,73449
ENSG00000286086,185501109,185499140,1969
ENSG00000255002,65222347,65212893,9454
ENSG00000273319,130939661,130936464,3197
ENSG00000009413,111483715,111299028,184687
ENSG00000233287,131242995,131242590,405
ENSG00000128585,131496632,131110096,386536
ENSG00000068438,48486364,48476021,10343
ENSG00000059573,95656711,95605941,50770
ENSG00000003096,118117340,117897813,219527
ENSG00000163141,151047720,151036321,11399
ENSG00000115548,86492716,86440647,52069
ENSG00000247137,83193794,83184491,9303
ENSG00000283239,1958627,1763888,194739
ENSG00000285957,1963131,1957921,5210
ENSG00000282021,1760447,1758208,2239
ENSG00000104728,1958641,1823926,134715
ENSG00000111275,111817532,111766887,50645
ENSG00000100523,53153282,53036745,116537
ENSG00000226871,8318712,8318088,624
ENSG00000233420,88756725,88710631,46094
ENSG00000254551,83213379,83209431,3948
ENSG00000173950,195271159,195068284,202875
ENSG00000227979,88749694,88749470,224
ENSG00000182348,89337057,88759368,577689
ENSG00000229005,44395706,44372746,22960
ENSG00000122735,34520988,34457414,63574
ENSG00000164645,88795737,88794106,1631
ENSG00000233376,44391537,44389624,1913
ENSG00000273243,45156011,45155539,472
ENSG00000258878,65235101,65234515,586
ENSG00000101076,44434596,44355700,78896
ENSG00000226328,45163781,45133020,30761
ENSG00000224646,74754819,74754670,149
ENSG00000258760,65318790,65236480,82310
ENSG00000156831,125367120,125091679,275441
ENSG00000259078,65281166,65279267,1899
ENSG00000214759,65269098,65268829,269
ENSG00000258613,65267690,65266638,1052
ENSG00000224573,32951656,32951426,230
ENSG00000159399,74893359,74833981,59378
ENSG00000147471,37779768,37762595,17173
ENSG00000163898,185552588,185506262,46326
ENSG00000233303,195096057,195094588,1469
ENSG00000230266,195152790,195147871,4919
ENSG00000282834,95204033,95203727,306
ENSG00000245552,95234104,95150539,83565
ENSG00000260345,57462737,57461055,1682
ENSG00000125170,57487327,57471922,15405
ENSG00000233559,130928649,130853720,74929
ENSG00000231721,131110176,130938963,171213
ENSG00000149212,95232541,95165513,67028
ENSG00000271231,34191079,34189780,1299
ENSG00000104327,90095475,90058608,36867
ENSG00000111271,111757107,111686056,71051
ENSG00000143545,153986358,153981617,4741
ENSG00000223843,43537117,43516107,21010
ENSG00000186976,43812337,43528744,283593
ENSG00000240498,22128103,21994139,133964
ENSG00000226864,121951965,121928312,23653
ENSG00000260121,88720459,88718615,1844
ENSG00000107669,121928801,121740421,188380
ENSG00000230953,52920596,52920422,174
ENSG00000174177,88715396,88706483,8913
ENSG00000164970,34458570,34398184,60386
ENSG00000270137,132826903,132826179,724
ENSG00000163171,37738468,37641882,96586
ENSG00000223697,132844298,132838117,6181
ENSG00000237243,137957966,137953348,4618
ENSG00000261018,133633099,133611798,21301
ENSG00000184675,64205708,64185117,20591
ENSG00000264451,48466040,48460370,5670
ENSG00000182158,138002086,137874979,127107
ENSG00000164961,125091819,125024260,67559
ENSG00000184789,48433147,48432217,930
ENSG00000227076,127936167,127934698,1469
ENSG00000249462,189973847,189973599,248
ENSG00000271307,189982379,189979902,2477
ENSG00000229858,130823219,130822868,351
ENSG00000254925,48464977,48464053,924
ENSG00000271522,130791724,130790208,1516
ENSG00000251297,189984871,189982523,2348
ENSG00000232716,130843725,130840204,3521
ENSG00000120094,48531011,48528526,2485
ENSG00000236213,37646698,37600136,46562
ENSG00000258985,53038251,53036755,1496
ENSG00000224807,190022665,190021407,1258
ENSG00000272711,74833987,74832655,1332
ENSG00000228675,17680659,17679549,1110
ENSG00000227863,89494262,89443974,50288
ENSG00000263934,19188714,19188016,698
ENSG00000205097,190027257,190024351,2906
ENSG00000226624,105820101,105819492,609
ENSG00000258752,89364699,89350285,14414
ENSG00000146776,105876604,105605067,271537
ENSG00000196344,99435737,99412261,23476
ENSG00000282386,153965070,153964361,709
ENSG00000272654,153979160,153977743,1417
ENSG00000140025,89954777,89794669,160108
ENSG00000255215,48486825,48486363,462
ENSG00000237388,48489780,48488717,1063
ENSG00000159961,3424070,3411370,12700
ENSG00000196151,159286799,159235793,51006
ENSG00000100417,41589871,41576900,12971
ENSG00000253522,160487426,160438594,48832
ENSG00000111731,22544546,22448583,95963
ENSG00000186943,104570130,104569168,962
ENSG00000164010,42844991,42817122,27869
ENSG00000238358,90122890,90119299,3591
ENSG00000255113,48492416,48492026,390
ENSG00000237443,104590950,104590044,906
ENSG00000127780,3433841,3432870,971
ENSG00000164647,90164829,90154456,10373
ENSG00000182372,1801711,1755778,45933
ENSG00000197302,31794869,31713229,81640
ENSG00000170791,56218798,56211686,7112
ENSG00000198523,118561716,118548296,13420
ENSG00000068323,49043410,49028726,14684
ENSG00000147394,152973480,152914442,59038
ENSG00000232441,32561100,32561005,95
ENSG00000235074,32592093,32591998,95
ENSG00000135018,83707958,83659968,47990
ENSG00000217330,118589634,118589070,564
ENSG00000169075,118502906,118501430,1476
ENSG00000157214,90238137,90167590,70547
ENSG00000181355,10211608,9596110,615498
ENSG00000111860,118710075,118460772,249303
ENSG00000089639,19643657,19629476,14181
ENSG00000113048,72320646,72219409,101237
ENSG00000256189,73992180,73991283,897
ENSG00000253982,1764502,1761990,2512
ENSG00000239255,179452419,179452395,24
ENSG00000233157,43759910,43759199,711
ENSG00000180150,43802772,43802544,228
ENSG00000262873,81020011,81017969,2042
ENSG00000214810,34220066,34219439,627
ENSG00000172346,41577741,41561010,16731
ENSG00000251478,41587787,41585882,1905
ENSG00000261715,40099233,40066286,32947
ENSG00000256723,73996151,73994972,1179
ENSG00000279034,40066471,40062903,3568
ENSG00000181260,179465328,179464346,982
ENSG00000267664,40144504,40143926,578
ENSG00000229298,21812347,21811621,726
ENSG00000262098,81025503,81023545,1958
ENSG00000264801,21931073,21929457,1616
ENSG00000226137,81034881,81029130,5751
ENSG00000267313,41632185,41465783,166402
ENSG00000086696,82098534,82035004,63530
ENSG00000176882,49620646,49620314,332
ENSG00000273807,16436927,16418201,18726
ENSG00000135211,77798434,77793728,4706
ENSG00000228192,42846422,42834681,11741
ENSG00000167654,3928082,3879864,48218
ENSG00000224640,69408735,69408216,519
ENSG00000102897,20925006,20899868,25138
ENSG00000259810,31790993,31788202,2791
ENSG00000250053,190038399,190037916,483
ENSG00000264940,19190245,19189665,580
ENSG00000137309,34246231,34236873,9358
ENSG00000232962,32931899,32926465,5434
ENSG00000185031,64986087,64984608,1479
ENSG00000226891,65002489,64972225,30264
ENSG00000236022,19214045,19203825,10220
ENSG00000282522,16465697,16395246,70451
ENSG00000274386,42816619,42785007,31612
ENSG00000138073,27134666,27130756,3910
ENSG00000263206,19211359,19208584,2775
ENSG00000224514,13746637,13650696,95941
ENSG00000176984,120171679,120168977,2702
ENSG00000283580,42794493,42767292,27201
ENSG00000277556,104599413,104598457,956
ENSG00000260161,82121769,82120638,1131
ENSG00000282528,16630050,16629420,630
ENSG00000254431,125351416,125348196,3220
ENSG00000282744,16752220,16746309,5911
ENSG00000261235,82139631,82044336,95295
ENSG00000253167,125044989,125040684,4305
ENSG00000137699,120185529,120111286,74243
ENSG00000281975,16850544,16848984,1560
ENSG00000276119,104605627,104604671,956
ENSG00000282713,17041572,17040606,966
ENSG00000177868,42817397,42807052,10345
ENSG00000184844,153841565,153841251,314
ENSG00000281948,55790834,55773402,17432
ENSG00000259053,89954659,89412312,542347
ENSG00000147144,49069857,49053572,16285
ENSG00000136839,104618204,104617248,956
ENSG00000259151,89291594,89290205,1389
ENSG00000273423,104631017,104629754,1263
ENSG00000053254,89619149,89124871,494278
ENSG00000154764,13880121,13816258,63863
ENSG00000235248,104659055,104655363,3692
ENSG00000215326,27143949,27143344,605
ENSG00000179055,104695485,104694379,1106
ENSG00000164008,42779491,42767249,12242
ENSG00000254473,83713378,83707594,5784
ENSG00000130590,63980008,63974116,5892
ENSG00000260510,20766620,20743663,22957
ENSG00000285303,20722281,20720994,1287
ENSG00000213190,151068497,151057758,10739
ENSG00000166743,20698890,20623237,75653
ENSG00000148308,133058503,133030675,27828
ENSG00000228452,42776790,42775813,977
ENSG00000155366,112707434,112701106,6328
ENSG00000217004,35279819,35279177,642
ENSG00000065029,35295985,35258909,37076
ENSG00000235516,31648128,31645737,2391
ENSG00000143443,151051986,151047740,4246
ENSG00000235360,31648178,31645706,2472
ENSG00000249875,174376445,174354854,21591
ENSG00000122642,33006930,32957404,49526
ENSG00000181894,58155110,58126248,28862
ENSG00000123965,74897835,74894116,3719
ENSG00000225369,159463256,159462417,839
ENSG00000224152,159617082,159615296,1786
ENSG00000184616,74913310,74906673,6637
ENSG00000236765,31954474,31951992,2482
ENSG00000223642,159404636,159386367,18269
ENSG00000197622,151070325,151050971,19354
ENSG00000257767,111791418,111753890,37528
ENSG00000274070,75024798,74964818,59980
ENSG00000268293,58137054,58136713,341
ENSG00000177225,777488,767220,10268
ENSG00000270893,159444913,159444117,796
ENSG00000262454,14331067,14301389,29678
ENSG00000123636,159616569,159318979,297590
ENSG00000286164,41880210,41868975,11235
ENSG00000005194,57447420,57428187,19233
ENSG00000083720,41870425,41730065,140360
ENSG00000278341,88710437,88708956,1481
ENSG00000260617,88742367,88741631,736
ENSG00000126890,154653579,154651972,1607
ENSG00000269236,58167145,58166166,979
ENSG00000172053,49105130,49095932,9198
ENSG00000260009,14370266,14363109,7157
ENSG00000227646,90211635,89882353,329282
ENSG00000235436,90125600,90119400,6200
ENSG00000171606,58213562,58183029,30533
ENSG00000203993,137618906,137615332,3574
ENSG00000181222,7514616,7484366,30250
ENSG00000165949,94116698,94104836,11862
ENSG00000138376,214809683,214725646,84037
ENSG00000224784,153396771,153396591,180
ENSG00000275315,20616532,20616409,123
ENSG00000066654,20742084,20702816,39268
ENSG00000184330,153423222,153416520,6702
ENSG00000259073,89577477,89576216,1261
ENSG00000259050,89738391,89736965,1426
ENSG00000230997,89892443,89892128,315
ENSG00000277801,89157574,89156743,831
ENSG00000258920,89419793,89417354,2439
ENSG00000197070,137615360,137605685,9675
ENSG00000258792,89642671,89628921,13750
ENSG00000226141,154655325,154654546,779
ENSG00000225756,133657313,133654586,2727
ENSG00000237619,154659643,154658741,902
ENSG00000135698,82170224,82147798,22426
ENSG00000258380,89409469,89399995,9474
ENSG00000123454,133659344,133635348,23996
ENSG00000258699,89356571,89355060,1511
ENSG00000188215,20900358,20854925,45433
ENSG00000174917,5680896,5678421,2475
ENSG00000110013,124695707,124633113,62594
ENSG00000106123,142871094,142855061,16033
ENSG00000109906,114250676,114059593,191083
ENSG00000276420,13282015,13272778,9237
ENSG00000005187,20797581,20610243,187338
ENSG00000236843,30681681,30678308,3373
ENSG00000110148,6272127,6259806,12321
ENSG00000216368,10119253,10118452,801
ENSG00000143994,27130812,27123789,7023
ENSG00000261247,30145567,30135149,10418
ENSG00000236062,12258460,12257801,659
ENSG00000224292,48508838,48506523,2315
ENSG00000261845,82604178,82602989,1189
ENSG00000281121,13294207,13292116,2091
ENSG00000141580,82648553,82614562,33991
ENSG00000221916,49119143,49118402,741
ENSG00000166432,101932079,101882288,49791
ENSG00000278021,13303717,13299884,3833
ENSG00000285228,24613983,24611966,2017
ENSG00000272506,65004087,65003470,617
ENSG00000104863,49118460,49114324,4136
ENSG00000231485,65067737,65066627,1110
ENSG00000234586,13022892,13021694,1198
ENSG00000276742,121957098,121956782,316
ENSG00000214121,12973438,12972843,595
ENSG00000107672,121975217,121957091,18126
ENSG00000122787,138118305,138002324,115981
ENSG00000285637,13034326,12958503,75823
ENSG00000276370,13327566,13322112,5454
ENSG00000235945,116876376,116873454,2922
ENSG00000130255,5691875,5674947,16928
ENSG00000273592,54190479,54173824,16655
ENSG00000255304,48497280,48496348,932
ENSG00000231021,32626106,32611143,14963
ENSG00000232565,31985702,31982173,3529
ENSG00000198898,116922049,116811070,110979
ENSG00000120688,41084006,41061509,22497
ENSG00000154553,185535612,185500660,34952
ENSG00000244207,31984862,31964204,20658
ENSG00000166741,114313285,114257787,55498
ENSG00000172031,92063538,92029985,33553
ENSG00000056972,111606906,111555378,51528
ENSG00000064199,124697518,124673798,23720
ENSG00000203987,137892570,137867925,24645
ENSG00000253862,106531471,106531141,330
ENSG00000283411,137711018,137605744,105274
ENSG00000211964,106538344,106537810,534
ENSG00000255585,137789235,137776539,12696
ENSG00000233228,92067839,92066306,1533
ENSG00000211965,106557477,106556936,541
ENSG00000204291,99070792,98943179,127613
ENSG00000120075,48593961,48591257,2704
ENSG00000219722,75500136,75499705,431
ENSG00000230667,92075441,92074533,908
ENSG00000234433,31768050,31756347,11703
ENSG00000220730,75586461,75586122,339
ENSG00000235196,101912072,101911529,543
ENSG00000175564,74009085,74000277,8808
ENSG00000267756,14075741,14074912,829
ENSG00000262734,155213671,155211179,2492
ENSG00000175322,14132490,14057457,75033
ENSG00000261905,155229107,155225758,3349
ENSG00000120093,48604912,48548870,56042
ENSG00000256947,114356571,114210616,145955
ENSG00000152213,49633872,49628299,5573
ENSG00000263231,155234285,155229777,4508
ENSG00000250622,156972956,156972631,325
ENSG00000154144,124635926,124622836,13090
ENSG00000105854,95435329,95404862,30467
ENSG00000165572,41132746,41127569,5177
ENSG00000230358,67286664,67278714,7950
ENSG00000263037,155249729,155246379,3350
ENSG00000160179,42297244,42199689,97555
ENSG00000179776,66404784,66366622,38162
ENSG00000106410,144410227,144397240,12987
ENSG00000248668,41872241,41870030,2211
ENSG00000227315,31850443,31845195,5248
ENSG00000124508,26394874,26383096,11778
ENSG00000261399,1714208,1713527,681
ENSG00000125912,3209575,3185563,24012
ENSG00000177697,839831,832887,6944
ENSG00000076924,7629545,7619525,10020
ENSG00000242978,144435314,144434826,488
ENSG00000138834,1770317,1706183,64134
ENSG00000267150,14091019,14089935,1084
ENSG00000231923,138047897,138046654,1243
ENSG00000267356,14105226,14104542,684
ENSG00000234639,138024339,138022458,1881
ENSG00000273891,121967700,121965764,1936
ENSG00000231931,138060293,138060056,237
ENSG00000167733,5688523,5680604,7919
ENSG00000243746,144648575,144647186,1389
ENSG00000261029,82175803,82170296,5507
ENSG00000169258,176610156,176595802,14354
ENSG00000196511,144836395,144451941,384454
ENSG00000259873,82435381,82434828,553
ENSG00000119632,94130253,94127779,2474
ENSG00000261285,82575490,82491738,83752
ENSG00000074276,176595974,176542511,53463
ENSG00000233951,138124595,138122202,2393
ENSG00000225559,138164637,138163440,1197
ENSG00000213238,138298484,138298088,396
ENSG00000227560,112987865,112987476,389
ENSG00000233547,112951875,112950646,1229
ENSG00000213237,138404523,138404195,328
ENSG00000232238,148595328,148595158,170
ENSG00000214815,138442238,138440690,1548
ENSG00000226625,39155479,39154075,1404
ENSG00000263257,14418872,14407668,11204
ENSG00000106714,39288315,39072767,215548
ENSG00000270412,98943775,98943337,438
ENSG00000258731,53157528,53153354,4174
ENSG00000257178,48582259,48579630,2629
ENSG00000148737,113167678,112950247,217431
ENSG00000182742,48578350,48575507,2843
ENSG00000248200,110147248,110146374,874
ENSG00000233717,151112728,151111912,816
ENSG00000170522,110199199,110045846,153353
ENSG00000143458,151125542,151070578,54964
ENSG00000267652,41789395,41789162,233
ENSG00000154646,18485879,18269116,216763
ENSG00000225253,41819421,41819053,368
ENSG00000005189,20849668,20806429,43239
ENSG00000108511,48604992,48595751,9241
ENSG00000265136,82577391,82576616,775
ENSG00000262147,82588411,82587313,1098
ENSG00000141568,82644662,82519713,124949
ENSG00000279048,17942922,17940503,2419
ENSG00000071189,17940501,17790761,149740
ENSG00000203781,153428401,153427020,1381
ENSG00000233101,48606414,48549630,56784
ENSG00000197364,153439949,153437058,2891
ENSG00000132207,30197561,30193887,3674
ENSG00000143556,153460651,153457744,2907
ENSG00000234932,152850824,152850653,171
ENSG00000135625,73293705,73290929,2776
ENSG00000228708,18486599,18477358,9241
ENSG00000251660,30159534,30157531,2003
ENSG00000180354,30162762,30134986,27776
ENSG00000197956,153536244,153534599,1645
ENSG00000249791,115188932,115188563,369
ENSG00000270435,6298606,6297189,1417
ENSG00000214273,190043414,190041342,2072
ENSG00000249003,190063005,190057902,5103
ENSG00000168476,22141951,22138020,3931
ENSG00000282556,6346309,6319141,27168
ENSG00000214484,73370892,73370019,873
ENSG00000170955,6320532,6318946,1586
ENSG00000220506,111495713,111494991,722
ENSG00000285068,73385677,73352610,33067
ENSG00000188706,129843909,129803288,40621
ENSG00000213599,30204310,30193892,10418
ENSG00000218676,111431781,111430260,1521
ENSG00000231889,111598302,111483511,114791
ENSG00000281591,190067864,190064502,3362
ENSG00000277162,190065914,190065233,681
ENSG00000157168,32855666,31639222,1216444
ENSG00000281720,190069209,190067935,1274
ENSG00000270604,30326134,30234039,92095
ENSG00000281652,190072506,190071232,1274
ENSG00000141255,3513852,3440019,73833
ENSG00000281058,190075799,190074525,1274
ENSG00000248167,30346854,30328907,17947
ENSG00000238279,153535115,153533603,1512
ENSG00000229133,68243055,68242474,581
ENSG00000280799,190079092,190077818,1274
ENSG00000280128,30286054,30282349,3705
ENSG00000258834,190082386,190081118,1268
ENSG00000230751,30141417,30140870,547
ENSG00000204599,30343729,30326479,17250
ENSG00000213013,58216561,58216180,381
ENSG00000225242,68282622,68282388,234
ENSG00000160219,154751583,154675249,76334
ENSG00000271797,115263448,115262505,943
ENSG00000268866,58225469,58224506,963
ENSG00000280757,190085686,190084412,1274
ENSG00000164219,115262877,115204012,58865
ENSG00000237622,68375663,68375327,336
ENSG00000220392,111354183,111353702,481
ENSG00000281627,190088979,190087705,1274
ENSG00000255389,111602295,111599875,2420
ENSG00000168746,44465349,44436172,29177
ENSG00000229440,68381657,68381441,216
ENSG00000280457,190092279,190091005,1274
ENSG00000166530,110252099,110251871,228
ENSG00000250594,110265017,110264865,152
ENSG00000226243,44466842,44466564,278
ENSG00000250304,110293573,110291644,1929
ENSG00000225907,30168004,30167804,200
ENSG00000239552,48560333,48557262,3071
ENSG00000273138,95416462,95416108,354
ENSG00000102978,57472009,57462660,9349
ENSG00000227017,30179014,30176387,2627
ENSG00000253386,106564598,106564375,223
ENSG00000230148,48551250,48543551,7699
ENSG00000253241,106566555,106566117,438
ENSG00000211966,106579236,106578744,492
ENSG00000213326,46722167,46721582,585
ENSG00000262652,82578616,82578023,593
ENSG00000230002,73459482,73456764,2718
ENSG00000235859,30372741,30371508,1233
ENSG00000073969,46757464,46590669,166795
ENSG00000087077,100873454,100867387,6067
ENSG00000116127,73625166,73385758,239408
ENSG00000226257,31965001,31953357,11644
ENSG00000180233,30367689,30284597,83092
ENSG00000230783,159690291,159689217,1074
ENSG00000226266,159712435,159670708,41727
ENSG00000155367,112715477,112709994,5483
ENSG00000189195,92184725,92080305,104420
ENSG00000231890,136022593,135985176,37417
ENSG00000173917,48544989,48540894,4095
ENSG00000236343,145006135,145005058,1077
ENSG00000214035,145010993,145009961,1032
ENSG00000243695,39174513,39173794,719
ENSG00000271454,39160319,39159071,1248
ENSG00000281593,30412502,30362400,50102
ENSG00000281404,30412375,30390885,21490
ENSG00000254832,48513220,48512273,947
ENSG00000255534,48526971,48526064,907
ENSG00000213607,48580336,48579436,900
ENSG00000224141,18760003,18561265,198738
ENSG00000124120,44494603,44475874,18729
ENSG00000255297,48590687,48589760,927
ENSG00000254674,48611000,48610063,937
ENSG00000230233,18650360,18614431,35929
ENSG00000235804,65078131,65077413,718
ENSG00000278887,30206927,30205418,1509
ENSG00000234496,65092614,65092392,222
ENSG00000166165,103522833,103519667,3166
ENSG00000254443,6365267,6362799,2468
ENSG00000258130,30209071,30204316,4755
ENSG00000237082,100624429,100623875,554
ENSG00000198618,18858276,18857779,497
ENSG00000125247,100675093,100603927,71166
ENSG00000115866,135986100,135905881,80219
ENSG00000279156,18917429,18917213,216
ENSG00000232193,18935859,18917934,17925
ENSG00000196711,52565430,52534037,31393
ENSG00000261052,30204310,30199228,5082
ENSG00000110107,60906585,60890547,16038
ENSG00000224678,92115796,92114803,993
ENSG00000236561,29672869,29657481,15388
ENSG00000233401,92126462,92125301,1161
ENSG00000254167,106583807,106583506,301
ENSG00000253941,106584976,106584718,258
ENSG00000276662,148751,147820,931
ENSG00000054219,159904756,159803355,101401
ENSG00000226204,18967058,18953264,13794
ENSG00000174429,106770244,106759483,10761
ENSG00000235965,19047684,19046310,1374
ENSG00000229289,19134423,19130523,3900
ENSG00000166311,6394998,6390440,4558
ENSG00000110442,36289449,36269284,20165
ENSG00000148429,11611754,11453946,157808
ENSG00000226213,152877767,152876820,947
ENSG00000185467,99207506,99173574,33932
ENSG00000173145,94362959,94333226,29733
ENSG00000214025,153159683,153158938,745
ENSG00000224612,153201762,153168399,33363
ENSG00000226338,153208163,153208086,77
ENSG00000227708,153357422,153337705,19717
ENSG00000084234,130144811,130068147,76664
ENSG00000271810,112711433,112702614,8819
ENSG00000214024,153371064,153370612,452
ENSG00000196420,153541765,153537147,4618
ENSG00000242445,121494908,121494110,798
ENSG00000256232,31369301,31363481,5820
ENSG00000051341,121546641,121431427,115214
ENSG00000254292,90122564,90121786,778
ENSG00000276566,90154574,90154073,501
ENSG00000224735,53759204,53759026,178
ENSG00000161835,52015889,52006946,8943
ENSG00000226110,53769219,53768986,233
ENSG00000223675,94592297,94585556,6741
ENSG00000278857,90160335,90159840,495
ENSG00000211632,90173414,90172802,612
ENSG00000237356,53883740,53169054,714686
ENSG00000253906,90180587,90179889,698
ENSG00000177519,153478762,153477338,1424
ENSG00000211633,90190681,90190193,488
ENSG00000242580,90210529,90209873,656
ENSG00000235269,53850882,53768942,81940
ENSG00000226132,53613405,53612724,681
ENSG00000225680,53614026,53599832,14194
ENSG00000162613,77979110,77944055,35055
ENSG00000242575,153421957,153420677,1280
ENSG00000235976,101989872,101989481,391
ENSG00000250300,99498698,99469598,29100
ENSG00000227400,153593288,153421616,171672
ENSG00000226119,102007294,102006883,411
ENSG00000273769,153888990,153880672,8318
ENSG00000236917,153762646,153761450,1196
ENSG00000179978,70128434,70094659,33775
ENSG00000284987,153909223,153872221,37002
ENSG00000275905,106981571,106980967,604
ENSG00000254146,107173809,107173200,609
ENSG00000230003,72445969,72445754,215
ENSG00000225947,72471076,72470374,702
ENSG00000188015,153549258,153547329,1929
ENSG00000233121,13927778,13926813,965
ENSG00000169627,30194306,30192934,1372
ENSG00000089486,4538828,4510669,28159
ENSG00000243753,30293014,30259584,33430
ENSG00000204228,33206831,33204655,2176
ENSG00000089820,153934999,153907367,27632
ENSG00000180438,14082811,13937273,145538
ENSG00000271360,11612227,11611305,922
ENSG00000100379,37063390,37051736,11654
ENSG00000144218,100142739,99545419,597320
ENSG00000196154,153550136,153543613,6523
ENSG00000177700,842529,837356,5173
ENSG00000197712,38945739,38867677,78062
ENSG00000275092,1707973,1707252,721
ENSG00000134574,47239240,47214465,24775
ENSG00000068078,1808872,1793293,15579
ENSG00000103024,1771730,1770286,1444
ENSG00000196678,20900349,20780193,120156
ENSG00000101161,64033100,63981132,51968
ENSG00000263335,15732993,15726674,6319
ENSG00000236475,30242279,30238301,3978
ENSG00000231074,30327150,30287397,39753
ENSG00000072864,15726353,15643267,83086
ENSG00000250511,110519505,110512488,7017
ENSG00000143036,94895246,94820342,74904
ENSG00000251046,110418504,110415898,2606
ENSG00000261313,75860867,75838630,22237
ENSG00000280268,3441844,3439923,1921
ENSG00000138792,110565285,110365733,199552
ENSG00000108381,3503405,3472374,31031
ENSG00000227055,159814009,159812234,1775
ENSG00000188846,40468587,40457292,11295
ENSG00000248672,159904710,159771851,132859
ENSG00000226818,19246392,19244543,1849
ENSG00000243304,115265464,115264669,795
ENSG00000159208,150287093,150282543,4550
ENSG00000284902,73471030,73469525,1505
ENSG00000102977,67660815,67657512,3303
ENSG00000273353,45179310,45178990,320
ENSG00000275340,13937477,13933056,4421
ENSG00000260596,190185942,190173774,12168
ENSG00000093000,45188017,45163925,24092
ENSG00000074047,120992653,120735623,257030
ENSG00000237153,17114122,16917511,196611
ENSG00000285169,16983459,16982723,736
ENSG00000237083,17108604,17108304,300
ENSG00000226470,17096446,17096301,145
ENSG00000260722,31802497,31801585,912
ENSG00000180663,31808844,31807926,918
ENSG00000261457,31807973,31802947,5026
ENSG00000223601,22210021,22208814,1207
ENSG00000278462,46717688,46717423,265
ENSG00000116745,68449954,68428822,21132
ENSG00000136141,46753040,46553168,199872
ENSG00000224970,142892743,142875836,16907
ENSG00000165125,142885745,142871208,14537
ENSG00000136750,26304558,26216665,87893
ENSG00000167723,3557995,3510502,47493
ENSG00000261207,1752262,1751559,703
ENSG00000277662,41229676,41229180,496
ENSG00000215482,41171148,41170700,448
ENSG00000278390,41236686,41132939,103747
ENSG00000140332,70098176,70047790,50386
ENSG00000167642,38292615,38244035,48580
ENSG00000120696,41194566,41189833,4733
ENSG00000160410,40591399,40576853,14546
ENSG00000120662,41263577,41216369,47208
ENSG00000272334,36973672,36973117,555
ENSG00000236165,36976840,36976316,524
ENSG00000134539,10329608,10226058,103550
ENSG00000164120,174523154,174490175,32979
ENSG00000172543,65883741,65879837,3904
ENSG00000285672,114277323,114275326,1997
ENSG00000152409,79327211,79236131,91080
ENSG00000253492,70132973,70132679,294
ENSG00000260223,76147806,76107283,40523
ENSG00000254701,70207745,70197255,10490
ENSG00000230393,100107504,100104919,2585
ENSG00000253816,70258930,70219918,39012
ENSG00000234901,102009046,102008524,522
ENSG00000260983,76262365,76228385,33980
ENSG00000244485,76235623,76235055,568
ENSG00000257966,55872602,55870048,2554
ENSG00000233091,30687794,30687065,729
ENSG00000274730,20620758,20618205,2553
ENSG00000283399,20732990,20711473,21517
ENSG00000184905,102140426,102125679,14747
ENSG00000198883,152994116,152988824,5292
ENSG00000213757,79284918,79284132,786
ENSG00000280206,15702118,15701237,881
ENSG00000278052,34226429,34225930,499
ENSG00000196998,49101170,49071470,29700
ENSG00000204227,33212722,33208500,4222
ENSG00000204071,102142970,102140476,2494
ENSG00000104043,50182817,49858238,324579
ENSG00000256973,22463914,22460519,3395
ENSG00000133392,15857028,15703135,153893
ENSG00000198881,64230607,64224194,6413
ENSG00000257569,55900618,55900300,318
ENSG00000234200,153030148,153028785,1363
ENSG00000229979,153052413,153052150,263
ENSG00000023839,99852594,99782640,69954
ENSG00000172500,65888539,65883741,4798
ENSG00000225133,41200807,41199832,975
ENSG00000140104,105010482,104985775,24707
ENSG00000159753,67657569,67644988,12581
ENSG00000143126,109275751,109249539,26212
ENSG00000278434,4533670,4532216,1454
ENSG00000241399,159798255,159768628,29627
ENSG00000231957,78069538,78068623,915
ENSG00000283096,78178186,78176928,1258
ENSG00000256897,47221751,47220218,1533
ENSG00000169062,114305817,114281601,24216
ENSG00000234114,31150760,31134989,15771
ENSG00000181458,100577444,100492619,84825
ENSG00000240403,54867207,54850443,16764
ENSG00000267748,38304910,38289151,15759
ENSG00000229037,53808623,53807776,847
ENSG00000235916,53826309,53825887,422
ENSG00000260285,103529072,103525010,4062
ENSG00000136536,159771027,159712457,58570
ENSG00000268204,7636990,7633766,3224
ENSG00000282994,190195978,190195738,240
ENSG00000166166,103537073,103529196,7877
ENSG00000261914,190196190,190195727,463
ENSG00000261284,31864876,31863633,1243
ENSG00000229833,7631956,7629737,2219
ENSG00000259874,31871124,31870887,237
ENSG00000167644,38305006,38304164,842
ENSG00000251408,6206649,6202328,4321
ENSG00000144278,154453979,153871922,582057
ENSG00000249896,6239937,6200733,39204
ENSG00000241370,30346884,30345131,1753
ENSG00000185947,31917357,31873807,43550
ENSG00000228284,32684403,32663658,20745
ENSG00000204792,74938418,74918148,20270
ENSG00000236209,74924846,74919555,5291
ENSG00000230836,74942670,74940258,2412
ENSG00000170779,105021148,105009573,11575
ENSG00000144820,100695479,100609601,85878
ENSG00000271709,120867403,120866378,1025
ENSG00000233217,200966668,200917460,49208
ENSG00000286037,38292423,38290117,2306
ENSG00000170473,55932618,55901413,31205
ENSG00000174788,7633719,7631611,2108
ENSG00000167645,38317273,38303558,13715
ENSG00000251464,110400511,110399773,738
ENSG00000257052,60909742,60906789,2953
ENSG00000262243,55830035,55799704,30331
ENSG00000156697,129929761,129906121,23640
ENSG00000165115,83921465,83834099,87366
ENSG00000121895,39032922,38966744,66178
ENSG00000259950,31894983,31894542,441
ENSG00000273973,55929729,55929170,559
ENSG00000065357,55954027,55927319,26708
ENSG00000076944,7647873,7636881,10992
ENSG00000268516,58278808,58257270,21538
ENSG00000283103,58326933,58310432,16501
ENSG00000269794,58320489,58319277,1212
ENSG00000278129,58302791,58278955,23836
ENSG00000279344,53481550,53478957,2593
ENSG00000227769,215085488,215004782,80706
ENSG00000103479,53491648,53433977,57671
ENSG00000243495,100665476,100665050,426
ENSG00000135362,36465204,36296288,168916
ENSG00000121905,32898441,32885994,12447
ENSG00000246898,66412135,66408524,3611
ENSG00000230076,214847445,214847128,317
ENSG00000151657,7787993,7750962,37031
ENSG00000229267,214963274,214810229,153045
ENSG00000184515,102155977,102153708,2269
ENSG00000152413,79514217,79372636,141581
ENSG00000198131,58277495,58228594,48901
ENSG00000144452,215138626,214931542,207084
ENSG00000006118,60937159,60924463,12696
ENSG00000224675,154457438,154435853,21585
ENSG00000230251,154287425,154286589,836
ENSG00000121900,32901438,32894594,6844
ENSG00000274523,75074228,75027122,47106
ENSG00000235881,110716595,110709575,7020
ENSG00000237458,118129018,118128748,270
ENSG00000234524,118146561,118146063,498
ENSG00000099904,20148007,20129456,18551
ENSG00000270619,118283367,118278159,5208
ENSG00000196365,5720572,5691834,28738
ENSG00000238040,129877567,129871309,6258
ENSG00000130826,154777689,154762742,14947
ENSG00000235189,129957528,129869064,88464
ENSG00000231096,19840515,19840126,389
ENSG00000232857,94651378,94650544,834
ENSG00000083290,19867936,19770829,97107
ENSG00000224081,94855426,94613814,241612
ENSG00000225918,145040941,145039999,942
ENSG00000226592,145270384,145269514,870
ENSG00000259884,52059503,52058459,1044
ENSG00000231839,145584817,145583197,1620
ENSG00000230746,145681369,145675882,5487
ENSG00000280144,146050366,146050062,304
ENSG00000123358,52059507,52022832,36675
ENSG00000231616,83868532,83831586,36946
ENSG00000146006,138875368,138868921,6447
ENSG00000125965,35454746,35433347,21399
ENSG00000256944,60914052,60913166,886
ENSG00000282863,78675109,78179174,495935
ENSG00000256196,60925397,60918469,6928
ENSG00000198954,69043544,68988721,54823
ENSG00000110446,60952530,60937084,15446
ENSG00000282952,78551719,78538391,13328
ENSG00000229543,78301003,78293842,7161
ENSG00000259188,49883525,49879604,3921
ENSG00000230417,78551355,78179185,372170
ENSG00000044115,138935034,138610967,324067
ENSG00000204183,35435450,35433029,2421
ENSG00000151883,50846519,50665899,180620
ENSG00000226877,83837861,83817643,20218
ENSG00000140284,50236385,50182196,54189
ENSG00000236795,147097609,147080934,16675
ENSG00000270634,147704575,147704294,281
ENSG00000239819,90221384,90220727,657
ENSG00000230190,147673143,147671711,1432
ENSG00000272745,7620543,7619872,671
ENSG00000286176,6308636,6302886,5750
ENSG00000267355,78846868,78845953,915
ENSG00000109501,6303265,6269849,33416
ENSG00000226857,147146756,147146342,414
ENSG00000228325,90235370,90234812,558
ENSG00000174469,148420998,146116002,2304996
ENSG00000260755,66510048,66509437,611
ENSG00000261519,66551189,66549280,1909
ENSG00000260851,66517312,66469812,47500
ENSG00000165113,83829516,83739425,90091
ENSG00000230229,78356100,78352597,3503
ENSG00000260897,30153409,30150872,2537
ENSG00000002079,99311130,99238829,72301
ENSG00000261747,30154110,30153933,177
ENSG00000260146,66451351,66450998,353
ENSG00000231922,53917753,53917270,483
ENSG00000254566,36323440,36321158,2282
ENSG00000261656,66481230,66469796,11434
ENSG00000255186,36388250,36386521,1729
ENSG00000255060,36426122,36425447,675
ENSG00000116819,35595328,35573314,22014
ENSG00000166548,66552544,66508003,44541
ENSG00000249485,14798400,14797125,1275
ENSG00000154122,14871778,14704800,166978
ENSG00000260205,22221168,22218074,3094
ENSG00000154188,107498055,107249482,248573
ENSG00000239636,35577729,35569813,7916
ENSG00000270314,7736851,7735743,1108
ENSG00000106399,7718607,7636518,82089
ENSG00000213755,79510919,79510434,485
ENSG00000225463,33216328,33215705,623
ENSG00000138813,99542303,99511012,31291
ENSG00000284523,99325826,99252452,73374
ENSG00000110108,60923443,60914158,9285
ENSG00000258851,103561877,103553421,8456
ENSG00000269958,103697163,103696353,810
ENSG00000214875,68991707,68991137,570
ENSG00000229001,69023866,69022778,1088
ENSG00000246451,103684015,103682362,1653
ENSG00000240350,111570974,111491273,79701
ENSG00000279722,53489943,53487607,2336
ENSG00000230499,111206494,111195963,10531
ENSG00000236011,31653693,31648638,5055
ENSG00000259926,53449590,53448748,842
ENSG00000256053,103607523,103562962,44561
ENSG00000166971,53504411,53491040,13371
ENSG00000153094,111168445,111119378,49067
ENSG00000250317,25929874,25861830,68044
ENSG00000259906,30179943,30170563,9380
ENSG00000259464,101562974,101562536,438
ENSG00000119698,94279734,94146128,133606
ENSG00000227351,99789410,99788564,846
ENSG00000225930,30217552,30195809,21743
ENSG00000259695,101581556,101580893,663
ENSG00000273585,101614339,101613676,663
ENSG00000225349,31535247,31534715,532
ENSG00000275769,31444208,31443792,416
ENSG00000074317,176630556,176620082,10474
ENSG00000228100,46394167,46392297,1870
ENSG00000255867,31615666,31589923,25743
ENSG00000278602,24978317,24977176,1141
ENSG00000223978,24986476,24985201,1275
ENSG00000256159,31477987,31477506,481
ENSG00000235397,19306261,19296596,9665
ENSG00000259993,30225564,30223017,2547
ENSG00000108379,46833154,46762506,70648
ENSG00000281856,19222527,19219143,3384
ENSG00000170456,31591136,31382226,208910
ENSG00000278197,25010769,25009700,1069
ENSG00000268201,58267685,58266635,1050
ENSG00000270955,30288389,30282533,5856
ENSG00000267216,58315197,58278966,36231
ENSG00000250541,25773577,25770266,3311
ENSG00000233264,7982228,7980312,1916
ENSG00000279417,30348236,30344307,3929
ENSG00000251009,25869550,25864881,4669
ENSG00000283515,58315183,58228914,86269
ENSG00000072134,19336715,19215615,121100
ENSG00000230819,25019303,25018499,804
ENSG00000233108,7969903,7958183,11720
ENSG00000091490,25863760,25747433,116327
ENSG00000106415,8094272,7968796,125476
ENSG00000142396,58315663,58305319,10344
ENSG00000169906,16654670,16650158,4512
ENSG00000225404,24704788,24704338,450
ENSG00000178567,36993168,36985043,8125
ENSG00000047230,16712936,16587999,124937
ENSG00000075673,24712493,24680411,32082
ENSG00000125378,53958761,53949736,9025
ENSG00000258663,100861026,100834432,26594
ENSG00000225746,101038859,100894770,144089
ENSG00000156795,123470028,123416725,53303
ENSG00000227044,29588629,29587046,1583
ENSG00000152689,33564750,33436324,128426
ENSG00000237051,29632716,29555178,77538
ENSG00000206355,31151940,31136168,15772
ENSG00000250455,37377971,37377049,922
ENSG00000139914,24132849,24131275,1574
ENSG00000214998,7910449,7909300,1149
ENSG00000219545,7968020,7640711,327309
ENSG00000126895,153907166,153902531,4635
ENSG00000270108,103688127,103687576,551
ENSG00000129535,24115014,24080107,34907
ENSG00000166170,103562831,103556544,6287
ENSG00000174428,75149817,75092396,57421
ENSG00000126067,35641526,35599541,41985
ENSG00000234141,7950709,7949853,856
ENSG00000232391,147167572,147167344,228
ENSG00000283549,8004053,7640752,363301
ENSG00000234718,7742574,7738524,4050
ENSG00000100095,26383597,26169462,214135
ENSG00000177954,153992155,153990755,1400
ENSG00000126215,103715504,103697609,17895
ENSG00000231788,31597409,31597114,295
ENSG00000203437,31465842,31465062,780
ENSG00000275490,90309333,90309230,103
ENSG00000087299,50312229,50237563,74666
ENSG00000166105,134319564,134274245,45319
ENSG00000259371,24131829,24120956,10873
ENSG00000234409,20151065,20148427,2638
ENSG00000214188,117098806,116953899,144907
ENSG00000102030,153935080,153929225,5855
ENSG00000100897,24125242,24114195,11047
ENSG00000241713,31660956,31656528,4428
ENSG00000116852,201023700,200969390,54310
ENSG00000231945,31785735,31768274,17461
ENSG00000185894,25062548,25030901,31647
ENSG00000153246,160062615,159932006,130609
ENSG00000213050,116972911,116972165,746
ENSG00000226367,117146480,117072072,74408
ENSG00000228875,31660956,31652646,8310
ENSG00000272057,14872713,14872332,381
ENSG00000218475,101431553,101430411,1142
ENSG00000249928,14874711,14874400,311
ENSG00000249923,20204918,20198729,6189
ENSG00000164418,102070083,101181257,888826
ENSG00000279251,19856164,19855747,417
ENSG00000214548,100861031,100779410,81621
ENSG00000227462,22226024,22225698,326
ENSG00000004866,117230103,116953238,276865
ENSG00000263070,30386987,30380353,6634
ENSG00000166664,30393849,30357766,36083
ENSG00000196754,153567890,153561108,6782
ENSG00000272910,179583762,179583262,500
ENSG00000254442,134317088,134316782,306
ENSG00000213386,172763258,172762521,737
ENSG00000270999,90315836,90315366,470
ENSG00000120129,172771195,172768096,3099
ENSG00000100227,42614962,42583721,31241
ENSG00000136518,179588407,179562886,25521
ENSG00000102043,64395452,64268081,127371
ENSG00000265897,90360032,90359809,223
ENSG00000281904,90367699,90365737,1962
ENSG00000230964,91578573,91578478,95
ENSG00000261600,91580863,91580336,527
ENSG00000278131,91621421,91589494,31927
ENSG00000143429,91659972,91617160,42812
ENSG00000253736,172782334,172762980,19354
ENSG00000253295,172762556,172758226,4330
ENSG00000224959,111494811,111491943,2868
ENSG00000237583,111675343,111675026,317
ENSG00000279191,111324812,111321433,3379
ENSG00000178404,78903217,78870910,32307
ENSG00000184303,91685884,91684447,1437
ENSG00000204839,143572772,143566192,6580
ENSG00000153093,111118222,110732573,385649
ENSG00000230572,91714745,91686102,28643
ENSG00000268400,7643048,7629796,13252
ENSG00000213754,64306733,64305047,1686
ENSG00000285867,153606283,153586813,19470
ENSG00000278388,93915108,93914987,121
ENSG00000271627,91723605,91723023,582
ENSG00000188643,153613145,153606886,6259
ENSG00000127920,93928610,93921699,6911
ENSG00000102312,48520814,48508962,11852
ENSG00000267491,78905024,78903263,1761
ENSG00000267601,78855844,78855478,366
ENSG00000158955,46886730,46833201,53529
ENSG00000232314,69895085,69894101,984
ENSG00000035862,78925387,78852977,72410
ENSG00000230223,70139429,70107213,32216
ENSG00000284951,26387374,26379034,8340
ENSG00000278959,93956519,93954044,2475
ENSG00000150361,70108493,69700594,407899
ENSG00000175766,176646644,176630618,16026
ENSG00000238004,154460820,154459857,963
ENSG00000226259,70448015,70415352,32663
ENSG00000127412,142933808,142908101,25707
ENSG00000262031,46911512,46909742,1770
ENSG00000152292,85437029,85418931,18098
ENSG00000261886,46923034,46916770,6264
ENSG00000164576,154461053,154445997,15056
ENSG00000167641,38256532,38251237,5295
ENSG00000236499,20208524,20206397,2127
ENSG00000279631,22254589,22252072,2517
ENSG00000228296,25099892,25063083,36809
ENSG00000284701,46484425,46479565,4860
ENSG00000261671,22258548,22257786,762
ENSG00000250662,14877919,14877667,252
ENSG00000237133,33563547,33555047,8500
ENSG00000233318,22267346,22266991,355
ENSG00000284608,46484424,46429195,55229
ENSG00000255303,57873588,57861948,11640
ENSG00000275300,70819771,70802600,17171
ENSG00000255266,57870571,57870322,249
ENSG00000187600,46441833,46429190,12643
ENSG00000180714,57918239,57917297,942
ENSG00000270243,172785424,172785262,162
ENSG00000132824,44522085,44496221,25864
ENSG00000271746,6394391,6393555,836
ENSG00000254749,57946414,57945598,816
ENSG00000097021,6394391,6264269,130122
ENSG00000244451,130082781,130082495,286
ENSG00000253545,106586826,106586376,450
ENSG00000236394,137053375,137052662,713
ENSG00000211967,106593347,106592676,671
ENSG00000054179,137054061,137048107,5954
ENSG00000253714,106599924,106599670,254
ENSG00000263460,3415580,3415145,435
ENSG00000275475,106601792,106601346,446
ENSG00000254395,106606551,106606101,450
ENSG00000253131,106610196,106609762,434
ENSG00000177426,3459978,3411608,48370
ENSG00000106624,44114562,44104345,10217
ENSG00000276261,27700574,27700066,508
ENSG00000279339,78900152,78897264,2888
ENSG00000230519,27702906,27702338,568
ENSG00000174236,27697596,27696519,1077
ENSG00000143552,154155116,153992685,162431
ENSG00000256500,103685924,103562962,122962
ENSG00000256377,27710770,27696388,14382
ENSG00000269940,103695170,103694560,610
ENSG00000256504,27708365,27704568,3797
ENSG00000253759,106619173,106618894,279
ENSG00000269910,103695050,103694516,534
ENSG00000211968,106622855,106622357,498
ENSG00000187961,965719,960584,5135
ENSG00000230958,111866405,111865798,607
ENSG00000223973,111384992,111383752,1240
ENSG00000253742,106631653,106631197,456
ENSG00000211970,106639657,106639119,538
ENSG00000280878,111637967,111468810,169157
ENSG00000130429,99394816,99374249,20567
ENSG00000229118,111279880,111265283,14597
ENSG00000126214,103714249,103561896,152353
ENSG00000235949,154697817,154696462,1355
ENSG00000254329,106637973,106637718,255
ENSG00000225744,111612518,111607841,4677
ENSG00000224373,106627825,106627249,576
ENSG00000227842,111717837,111717508,329
ENSG00000162989,154858354,154697855,160499
ENSG00000228615,111744662,111742586,2076
ENSG00000075651,171810950,171600404,210546
ENSG00000040608,20283246,20241415,41831
ENSG00000253628,172819958,172816621,3337
ENSG00000204581,111115588,111098345,17243
ENSG00000114354,100748964,100709331,39633
ENSG00000253132,106643585,106643142,443
ENSG00000254601,58005705,58005386,319
ENSG00000172965,111523376,111036776,486600
ENSG00000061794,27756295,27710822,45473
ENSG00000270022,42615907,42615244,663
ENSG00000236379,25169841,25168599,1242
ENSG00000286011,85426724,85418504,8220
ENSG00000075643,36272157,36187497,84660
ENSG00000250247,14961393,14960232,1161
ENSG00000186508,58145397,58144495,902
ENSG00000189334,153616986,153614255,2731
ENSG00000249332,15266541,15112120,154421
ENSG00000279051,58031931,58030930,1001
ENSG00000254853,58075438,58072378,3060
ENSG00000274899,25175237,25174520,717
ENSG00000272569,58171721,58171098,623
ENSG00000229765,10214362,10213881,481
ENSG00000272685,58109661,58108720,941
ENSG00000255146,58060138,58044110,16028
ENSG00000223641,25184773,25183643,1130
ENSG00000186509,58181616,58023881,157735
ENSG00000161132,20313216,20299760,13456
ENSG00000228782,47492492,47450568,41924
ENSG00000248834,15384853,15384220,633
ENSG00000172377,58125530,58116742,8788
ENSG00000255131,58078603,58077348,1255
ENSG00000236861,94011113,93969442,41671
ENSG00000236541,58041660,58040708,952
ENSG00000274129,54195132,54190535,4597
ENSG00000140694,14632728,14435700,197028
ENSG00000105829,94004382,93962762,41620
ENSG00000271046,11680514,11679675,839
ENSG00000228837,154941067,154940541,526
ENSG00000271635,111559937,111558413,1524
ENSG00000236330,110968719,110967834,885
ENSG00000230991,154968003,154965513,2490
ENSG00000227992,111206215,111203964,2251
ENSG00000253747,106650785,106650551,234
ENSG00000232982,155263724,155263458,266
ENSG00000273487,92190707,92189237,1470
ENSG00000226928,111296046,111295629,417
ENSG00000270190,111267473,111266868,605
ENSG00000134463,11764070,11742366,21704
ENSG00000165131,142940865,142939343,1522
ENSG00000274849,36190272,36189824,448
ENSG00000253936,106652681,106652237,444
ENSG00000223648,106658258,106657725,533
ENSG00000153107,111884690,111611639,273051
ENSG00000226773,92203991,92203148,843
ENSG00000253209,106666532,106666092,440
ENSG00000253169,106672073,106671772,301
ENSG00000233942,95473998,95471835,2163
ENSG00000229701,155264823,155264163,660
ENSG00000227682,155270134,155269633,501
ENSG00000203910,92245813,92217915,27898
ENSG00000224488,17448543,17447145,1398
ENSG00000044459,17503923,17134982,368941
ENSG00000198910,153886174,153861514,24660
ENSG00000160679,153646306,153633982,12324
ENSG00000233125,92229435,92229018,417
ENSG00000211972,106675544,106675017,527
ENSG00000005981,95540233,95478444,61789
ENSG00000267704,14139272,14137710,1562
ENSG00000117419,44355260,44221070,134190
ENSG00000168924,1856156,1811479,44677
ENSG00000277144,59116089,59115547,542
ENSG00000259771,59271162,59266720,4442
ENSG00000267324,14151139,14143596,7543
ENSG00000259732,59133250,59121034,12216
ENSG00000259750,59402004,59401221,783
ENSG00000259674,59408154,59406963,1191
ENSG00000175319,14157342,14153001,4341
ENSG00000251584,174540784,174536640,4144
ENSG00000250596,174540344,174523701,16643
ENSG00000225589,30708147,30690066,18081
ENSG00000157470,59523555,59372693,150862
ENSG00000196421,64039962,64034344,5618
ENSG00000253274,106681042,106680603,439
ENSG00000223506,106684350,106683395,955
ENSG00000253820,106686562,106686517,45
ENSG00000231837,154079963,154078866,1097
ENSG00000231416,153995960,153995632,328
ENSG00000205693,27771276,27762738,8538
ENSG00000283349,64406136,64405473,663
ENSG00000254036,106687200,106687113,87
ENSG00000187642,982093,975204,6889
ENSG00000230889,64434145,64432401,1744
ENSG00000253635,106692888,106692657,231
ENSG00000227261,64613262,64612632,630
ENSG00000226502,64624573,64623117,1456
ENSG00000145451,174829247,174636920,192327
ENSG00000187583,975865,966497,9368
ENSG00000183484,105065445,105049395,16050
ENSG00000070915,56915850,56865207,50643
ENSG00000265263,19336127,19334308,1819
ENSG00000223457,33239690,33237799,1891
ENSG00000216781,10366582,10365593,989
ENSG00000224752,14089871,14089107,764
ENSG00000240281,41895599,41895068,531
ENSG00000227633,25273531,25266584,6947
ENSG00000232174,138620964,138620329,635
ENSG00000253404,138753309,138744434,8875
ENSG00000274966,30396368,30395146,1222
ENSG00000100418,41621043,41598028,23015
ENSG00000279115,25307803,25307729,74
ENSG00000163528,14124870,14112077,12793
ENSG00000248699,15451811,15450701,1110
ENSG00000254180,90620070,90534611,85459
ENSG00000253394,90569318,90221488,347830
ENSG00000151240,689668,274190,415478
ENSG00000128185,20320080,20314276,5804
ENSG00000253799,90606065,90592804,13261
ENSG00000166546,66493529,66427295,66234
ENSG00000197912,89557768,89490719,67049
ENSG00000259735,59359889,59348648,11241
ENSG00000157456,59125045,59105126,19919
ENSG00000225814,64698547,64697878,669
ENSG00000236982,64727048,64726748,300
ENSG00000266279,8338758,8337697,1061
ENSG00000273343,20318749,20318119,630
ENSG00000246792,90656598,90646441,10157
ENSG00000184650,8346048,8339864,6184
ENSG00000126970,65034713,64915802,118911
ENSG00000233652,25391811,25388992,2819
ENSG00000228786,25394719,25378300,16419
ENSG00000229681,30703442,30693326,10116
ENSG00000140093,94293268,94280460,12808
ENSG00000271853,153634340,153626332,8008
ENSG00000254251,90859240,90806474,52766
ENSG00000269983,70450353,70449636,717
ENSG00000233944,25394056,25393154,902
ENSG00000177842,40518736,40477131,41605
ENSG00000123119,90959393,90791741,167652
ENSG00000217686,98610876,98610292,584
ENSG00000285806,24738690,24723101,15589
ENSG00000233549,98629989,98629686,303
ENSG00000281464,177871194,177870853,341
ENSG00000250687,70479215,70462244,16971
ENSG00000272660,179584410,179584271,139
ENSG00000183580,15939795,15500180,439615
ENSG00000136522,179604654,179588285,16369
ENSG00000233662,98641239,98640814,425
ENSG00000272030,153634397,153631438,2959
ENSG00000189171,153631360,153618787,12573
ENSG00000251525,102185021,102173100,11921
ENSG00000233602,44244273,44243408,865
ENSG00000224565,47412327,47391929,20398
ENSG00000250250,15607348,15602189,5159
ENSG00000268235,102229532,102215301,14231
ENSG00000231417,24746184,24742677,3507
ENSG00000187045,37109713,37065436,44277
ENSG00000273139,20321203,20320739,464
ENSG00000236453,94066661,94022833,43828
ENSG00000038945,16567490,16107878,459612
ENSG00000203883,64049639,64047582,2057
ENSG00000177873,40490236,40477113,13123
ENSG00000236938,94077157,94071759,5398
ENSG00000257556,105099004,105093609,5395
ENSG00000255053,48628493,48627546,947
ENSG00000186399,30414162,30403740,10422
ENSG00000285016,111699033,111429324,269709
ENSG00000232084,100251484,100208254,43230
ENSG00000271590,111212476,111210995,1481
ENSG00000214407,101997926,101940859,57067
ENSG00000241280,101997926,101960358,37568
ENSG00000160678,153632039,153627926,4113
ENSG00000165178,75172044,75156639,15405
ENSG00000228335,99443496,99442890,606
ENSG00000225140,631255,628638,2617
ENSG00000180694,90791632,90621995,169637
ENSG00000248919,99466197,99419749,46448
ENSG00000233021,441170,437561,3609
ENSG00000170099,94323389,94304248,19141
ENSG00000253687,160639183,160613873,25310
ENSG00000157483,59372900,59132434,240466
ENSG00000180525,669581,649948,19633
ENSG00000254391,160692889,160685351,7538
ENSG00000148426,11872277,11823339,48938
ENSG00000223636,25437315,25431156,6159
ENSG00000269405,102326719,102247161,79558
ENSG00000128536,106036432,105876796,159636
ENSG00000118322,160852214,160563120,289094
ENSG00000250116,46580238,46568256,11982
ENSG00000226695,24752171,24750657,1514
ENSG00000119878,46625742,46616416,9326
ENSG00000188280,20354372,20338805,15567
ENSG00000253250,90985238,90958471,26767
ENSG00000233709,155311409,155311023,386
ENSG00000233039,155313427,155311697,1730
ENSG00000233248,155313958,155313440,518
ENSG00000253297,148646390,148644687,1703
ENSG00000243649,31952084,31945650,6434
ENSG00000229935,155314368,155314066,302
ENSG00000254182,90701876,90701082,794
ENSG00000164270,148677235,148451032,226203
ENSG00000106244,99408597,99392048,16549
ENSG00000119729,46584688,46541806,42882
ENSG00000235548,156034080,156033247,833
ENSG00000225778,11894700,11849608,45092
ENSG00000161133,20390758,20350578,40180
ENSG00000226383,156254950,156011530,243420
ENSG00000285964,94347063,94311138,35925
ENSG00000285090,94395608,94278680,116928
ENSG00000164692,94431232,94394561,36671
ENSG00000250200,174924038,174923813,225
ENSG00000250431,174979381,174977571,1810
ENSG00000242044,32693255,32690660,2595
ENSG00000232351,32691504,32690654,850
ENSG00000170044,102479841,102099244,380597
ENSG00000168594,174978180,174829668,148512
ENSG00000231286,32699289,32690241,9048
ENSG00000272217,33246856,33246075,781
ENSG00000167513,88809258,88803789,5469
ENSG00000235578,20344365,20343203,1162
ENSG00000160917,99457373,99438922,18451
ENSG00000224004,53991995,53991101,894
ENSG00000142686,35718894,35713877,5017
ENSG00000183654,16180762,16067139,113623
ENSG00000273746,102261692,102259043,2649
ENSG00000170500,100322733,100273291,49442
ENSG00000165091,72838291,72521608,316683
ENSG00000151665,46617119,46580937,36182
ENSG00000250448,16185585,16180238,5347
ENSG00000250981,16141602,16129178,12424
ENSG00000126001,35519280,35455164,64116
ENSG00000271333,30420429,30420283,146
ENSG00000268734,54891420,54890673,747
ENSG00000172297,25460572,25454561,6011
ENSG00000186431,54891420,54874235,17185
ENSG00000280439,106036431,106035798,633
ENSG00000215302,30507623,30470779,36844
ENSG00000255551,48885237,48880111,5126
ENSG00000254920,48898703,48893256,5447
ENSG00000104447,115809673,115408496,401177
ENSG00000254728,48902181,48881723,20458
ENSG00000283345,30513698,30507377,6321
ENSG00000270055,30490313,30487963,2350
ENSG00000272512,998051,995966,2085
ENSG00000131725,118449961,118346073,103888
ENSG00000188290,1000172,998962,1210
ENSG00000244720,111635089,111633672,1417
ENSG00000153283,111665750,111292719,373031
ENSG00000243988,56906956,56906534,422
ENSG00000279525,95544542,95542145,2397
ENSG00000171989,59208515,59206823,1692
ENSG00000254052,106695397,106695102,295
ENSG00000104529,143599541,143579697,19844
ENSG00000253703,106704286,106703846,440
ENSG00000281513,177970531,177970078,453
ENSG00000276406,19868689,19868568,121
ENSG00000281081,177987099,177944158,42941
ENSG00000270091,19897287,19896590,697
ENSG00000274681,177975358,177974393,965
ENSG00000281048,177967034,177954877,12157
ENSG00000256512,27800708,27798641,2067
ENSG00000256747,27781067,27779821,1246
ENSG00000267404,36274599,36273574,1025
ENSG00000267456,36279119,36278735,384
ENSG00000087448,27803040,27780048,22992
ENSG00000100889,24110598,24094053,16545
ENSG00000197993,142962363,142941114,21249
ENSG00000183837,153060467,153056409,4058
ENSG00000275495,177955274,177875522,79752
ENSG00000184277,101652391,101621444,30947
ENSG00000284800,102471812,102360395,111417
ENSG00000241754,102673913,102663163,10750
ENSG00000185507,615999,612553,3446
ENSG00000211973,106715181,106714684,497
ENSG00000170801,8307098,8269754,37344
ENSG00000266472,150308979,150293720,15259
ENSG00000004799,95596516,95583499,13017
ENSG00000250565,46542577,46490750,51827
ENSG00000263081,75233924,75232928,996
ENSG00000263065,15741791,15741151,640
ENSG00000277675,75234310,75225433,8877
ENSG00000262380,15684570,15683290,1280
ENSG00000275121,75237405,75237293,112
ENSG00000280429,15792717,15790975,1742
ENSG00000277053,75237696,75185385,52311
ENSG00000231590,102428080,102425343,2737
ENSG00000215029,102471842,102456862,14980
ENSG00000235961,153075018,153072482,2536
ENSG00000180662,65468341,65467807,534
ENSG00000284292,99394653,99325879,68774
ENSG00000268883,153076968,153075769,1199
ENSG00000253515,46501278,46499731,1547
ENSG00000033170,65744121,65410592,333529
ENSG00000224931,153128323,153122145,6178
ENSG00000234075,47479010,47478214,796
ENSG00000211974,106724093,106723574,519
ENSG00000198681,153183880,153179284,4596
ENSG00000241468,99466331,99448475,17856
ENSG00000282600,106728615,106728163,452
ENSG00000077420,26567803,26438341,129462
ENSG00000269437,102439932,102360396,79536
ENSG00000281990,106737547,106737110,437
ENSG00000284380,25473621,25464006,9615
ENSG00000248385,54081365,54069895,11470
ENSG00000248403,16192709,16192088,621
ENSG00000235219,153205534,153203044,2490
ENSG00000283571,106750594,106750289,305
ENSG00000273877,153230357,153225649,4708
ENSG00000280411,106762588,106762092,496
ENSG00000256378,27935749,27935523,226
ENSG00000233619,25487662,25487284,378
ENSG00000274576,106771020,106770577,443
ENSG00000231600,153249691,153249115,576
ENSG00000172294,25483630,25478269,5361
ENSG00000278803,153277803,153271618,6185
ENSG00000231170,95613719,95596679,17040
ENSG00000239304,25487322,25486640,682
ENSG00000225110,153321822,153317681,4141
ENSG00000240450,25486705,25482908,3797
ENSG00000276789,18837081,18836304,777
ENSG00000254056,106775618,106775157,461
ENSG00000254529,18864509,18863558,951
ENSG00000249737,16432436,16428536,3900
ENSG00000255511,18873462,18870989,2473
ENSG00000225698,106791233,106790691,542
ENSG00000248150,16440081,16373361,66720
ENSG00000232249,153355956,153355733,223
ENSG00000063587,153360110,153334147,25963
ENSG00000253951,16276296,16275681,615
ENSG00000260784,30517867,30516079,1788
ENSG00000253934,16375082,16374618,464
ENSG00000229325,195282741,195280723,2018
ENSG00000281756,31941724,31934474,7250
ENSG00000114331,195443044,195274745,168299
ENSG00000204366,31901992,31899607,2385
ENSG00000236862,72656192,72655832,360
ENSG00000229753,72741617,72741152,465
ENSG00000198858,913245,896503,16742
ENSG00000244255,31952048,31927698,24350
ENSG00000233115,8017011,8011782,5229
ENSG00000227170,115511325,115509602,1723
ENSG00000282440,156320255,156305108,15147
ENSG00000112701,75718281,75601509,116772
ENSG00000119772,25342590,25227855,114735
ENSG00000205106,45772358,45771432,926
ENSG00000276592,75204711,75203926,785
ENSG00000258597,94366698,94364313,2385
ENSG00000236691,103241230,103240987,243
ENSG00000239767,86267361,86264555,2806
ENSG00000261444,30214699,30214409,290
ENSG00000123179,49691486,49660674,30812
ENSG00000261203,30221930,30218220,3710
ENSG00000249884,86721122,86505668,215454
ENSG00000229237,154817401,154817099,302
ENSG00000269383,100370545,100370255,290
ENSG00000198064,30254510,30222937,31573
ENSG00000228363,86618766,86562070,56696
ENSG00000270699,100377532,100377421,111
ENSG00000130830,154821007,154778684,42323
ENSG00000227072,108388080,108387512,568
ENSG00000135537,108526796,108294894,231902
ENSG00000170835,133071861,133061978,9883
ENSG00000153561,86778041,86720291,57750
ENSG00000134222,109283186,109279556,3630
ENSG00000249207,39126818,39112677,14141
ENSG00000106246,99466163,99416739,49424
ENSG00000109790,39126857,39045039,81818
ENSG00000232940,33254989,33249534,5455
ENSG00000240787,111571054,111570638,416
ENSG00000244142,111478943,111478737,206
ENSG00000177494,111595346,111592900,2446
ENSG00000166278,31945672,31897785,47887
ENSG00000152910,76560757,76277278,283479
ENSG00000239311,111497095,111466313,30782
ENSG00000175104,36510272,36483769,26503
ENSG00000255527,48908946,48907103,1843
ENSG00000231500,33276511,33272075,4436
ENSG00000249910,48951895,48945694,6201
ENSG00000254517,48961810,48959928,1882
ENSG00000074211,6563600,6320578,243022
ENSG00000197249,94390693,94376747,13946
ENSG00000220948,48983826,48975324,8502
ENSG00000008282,106112576,106090503,22073
ENSG00000115561,86563479,86503430,60049
ENSG00000254764,48991881,48985868,6013
ENSG00000205044,49018589,49009959,8630
ENSG00000231467,37082847,37080068,2779
ENSG00000215354,8024652,8019429,5223
ENSG00000106245,99419616,99408641,10975
ENSG00000280331,36510537,36510361,176
ENSG00000254229,8032305,8027077,5228
ENSG00000260693,30545969,30540093,5876
ENSG00000227013,8040953,8039978,975
ENSG00000253881,8049267,8048919,348
ENSG00000261168,151131610,151130075,1535
ENSG00000279498,108359863,108359084,779
ENSG00000238055,108318404,108318079,325
ENSG00000238079,108372927,108372772,155
ENSG00000241328,86496996,86481943,15053
ENSG00000284606,8199973,8059572,140401
ENSG00000229191,201028792,201023949,4843
ENSG00000284603,8059674,8059459,215
ENSG00000135999,148787569,148644440,143129
ENSG00000258433,95035737,95034384,1353
ENSG00000268955,8189195,8188535,660
ENSG00000277654,95169864,94841059,328805
ENSG00000274654,48529728,48528980,748
ENSG00000255459,8086765,8086022,743
ENSG00000175097,36598279,36575574,22705
ENSG00000284661,8065816,8065599,217
ENSG00000253893,8226614,8167819,58795
ENSG00000166147,48645849,48408306,237543
ENSG00000170827,133087355,133079900,7455
ENSG00000254311,8116949,8116745,204
ENSG00000249188,8216916,8154308,62608
ENSG00000258773,95132859,95080095,52764
ENSG00000244427,8096726,8095946,780
ENSG00000270017,94857011,94855586,1425
ENSG00000277746,86817036,86816740,296
ENSG00000240107,103540487,103538635,1852
ENSG00000230155,35490982,35476203,14779
ENSG00000181830,45813015,45804072,8943
ENSG00000227433,195350030,195349664,366
ENSG00000224146,29582616,29582099,517
ENSG00000224241,29577339,29577050,289
ENSG00000280244,105110807,105110347,460
ENSG00000250390,95497553,95482406,15147
ENSG00000258154,105112863,105112690,173
ENSG00000224654,29559492,29555178,4314
ENSG00000255605,95700623,95698086,2537
ENSG00000276436,49793307,49792886,421
ENSG00000166352,36659290,36594493,64797
ENSG00000285842,95748715,95571040,177675
ENSG00000102753,49792682,49699320,93362
ENSG00000239305,86623866,86603398,20468
ENSG00000123453,133739955,133663560,76395
ENSG00000223501,33272047,33250272,21775
ENSG00000116514,32964685,32936445,28240
ENSG00000225034,29574426,29573499,927
ENSG00000234132,201043073,201031136,11937
ENSG00000276720,54230979,54229605,1374
ENSG00000102981,67662778,67660946,1832
ENSG00000169895,16765340,16719612,45728
ENSG00000277603,1540021,1372594,167427
ENSG00000274950,54249604,54201424,48180
ENSG00000081248,201112451,201039512,72939
ENSG00000241685,99366262,99325898,40364
ENSG00000206538,86991149,86876388,114761
ENSG00000105520,11365698,11355386,10312
ENSG00000064309,126063335,125955796,107539
ENSG00000100243,42649392,42617840,31552
ENSG00000242562,106126700,106125371,1329
ENSG00000261595,112717796,112715672,2124
ENSG00000184599,112727235,112720419,6816
ENSG00000273600,95757442,95756959,483
ENSG00000087087,100888664,100875103,13561
ENSG00000228291,5207742,5207169,573
ENSG00000198610,5218949,5195462,23487
ENSG00000087494,27972705,27958084,14621
ENSG00000122779,138589996,138460259,129737
ENSG00000213896,60430276,60429903,373
ENSG00000113448,60522120,58969038,1553082
ENSG00000124074,67667265,67662945,4320
ENSG00000232531,91748986,91747940,1046
ENSG00000223703,91767439,91736726,30713
ENSG00000236969,91781169,91775944,5225
ENSG00000179468,143027195,143026158,1037
ENSG00000235235,91818248,91817771,477
ENSG00000173295,8244865,8228595,16270
ENSG00000239293,143047580,143047213,367
ENSG00000233381,31616439,31615771,668
ENSG00000214330,91843802,91840601,3201
ENSG00000225781,143053347,143052320,1027
ENSG00000179420,143063585,143062330,1255
ENSG00000023892,35321771,35297818,23953
ENSG00000166349,36593156,36510709,82447
ENSG00000149328,134378341,134331874,46467
ENSG00000198931,88811944,88809339,2605
ENSG00000253981,8244667,8236003,8664
ENSG00000248838,107648032,107647279,753
ENSG00000113196,154478227,154474972,3255
ENSG00000275539,54243457,54239108,4349
ENSG00000259071,50327909,50326526,1383
ENSG00000100490,50416461,50329404,87057
ENSG00000223586,133851800,133821147,30653
ENSG00000255447,45825258,45813219,12039
ENSG00000254293,154486150,154483917,2233
ENSG00000227954,133892802,133502252,390550
ENSG00000257042,27969813,27958517,11296
ENSG00000253886,154494743,154493576,1167
ENSG00000253146,154560440,154559308,1132
ENSG00000159761,67668757,67666814,1943
ENSG00000235886,43779982,43778961,1021
ENSG00000156804,123541206,123497889,43317
ENSG00000211978,106851417,106851123,294
ENSG00000211976,106803233,106802694,539
ENSG00000131370,15341368,15254353,87015
ENSG00000253310,106832052,106831767,285
ENSG00000211979,106875071,106874583,488
ENSG00000118526,133895553,133889138,6415
ENSG00000249411,175019214,175017016,2198
ENSG00000253674,106865895,106865627,268
ENSG00000224650,106811131,106810442,689
ENSG00000004777,35788822,35774532,14290
ENSG00000254134,106821414,106821174,240
ENSG00000055163,157395595,157266079,129516
ENSG00000254176,106824147,106823687,460
ENSG00000275747,106868092,106867660,432
ENSG00000234790,112748475,112748095,380
ENSG00000253247,106828163,106827869,294
ENSG00000283906,106873186,106872783,403
ENSG00000224167,112877871,112850028,27843
ENSG00000215866,112850643,112820170,30473
ENSG00000020181,37844896,37784191,60705
ENSG00000122484,92402056,92299059,102997
ENSG00000223542,133439464,133435077,4387
ENSG00000171703,64072347,64049836,22511
ENSG00000272428,133541174,133540784,390
ENSG00000273320,106286326,106285480,846
ENSG00000218213,133677429,133676729,700
ENSG00000234567,133456605,133452857,3748
ENSG00000105835,106286326,106248298,38028
ENSG00000145331,99564039,99546709,17330
ENSG00000237085,91859481,91859384,97
ENSG00000112319,133532128,133240598,291530
ENSG00000125375,50335558,50312326,23232
ENSG00000234995,138491361,138490581,780
ENSG00000159763,143139739,143132077,7662
ENSG00000217488,75611945,75610958,987
ENSG00000254541,18887920,18886933,987
ENSG00000139160,31673114,31647160,25954
ENSG00000283703,125958647,125946056,12591
ENSG00000273659,76583098,76582556,542
ENSG00000236332,27395787,27361164,34623
ENSG00000261833,76819624,76553417,266207
ENSG00000153234,156342348,156324437,17911
ENSG00000244060,111880249,111879338,911
ENSG00000105726,19663676,19645198,18478
ENSG00000217026,27421023,27420380,643
ENSG00000250514,76658478,76634998,23480
ENSG00000231236,27448579,27358885,89694
ENSG00000089022,111902222,111842228,59994
ENSG00000266975,12933296,12930522,2774
ENSG00000260797,76878936,76878274,662
ENSG00000237971,65187265,65185018,2247
ENSG00000259995,76928169,76736342,191827
ENSG00000233300,27367947,27367014,933
ENSG00000179115,12934037,12922479,11558
ENSG00000280099,85154203,85152487,1716
ENSG00000188712,104723271,104722335,936
ENSG00000214897,153401420,153395640,5780
ENSG00000225569,65273019,65270913,2106
ENSG00000136783,104760120,104747683,12437
ENSG00000260228,83807834,83789967,17867
ENSG00000237262,136078513,136077892,621
ENSG00000260832,82990298,82953230,37068
ENSG00000121966,136118165,136114349,3816
ENSG00000097096,85201016,85156889,44127
ENSG00000196302,70555266,70516387,38879
ENSG00000174842,92298987,92246402,52585
ENSG00000276846,37315620,37314868,752
ENSG00000253333,70500903,70495100,5803
ENSG00000253366,70795914,70751184,44730
ENSG00000254335,70860579,70860285,294
ENSG00000140945,83800640,82626965,1173675
ENSG00000276900,31731204,31729117,2087
ENSG00000258857,50398345,50397013,1332
ENSG00000181666,37369365,37312837,56528
ENSG00000276058,31715781,31715342,439
ENSG00000226158,114307066,114306646,420
ENSG00000189420,153426481,153418322,8159
ENSG00000243160,79530093,79529302,791
ENSG00000231857,65331233,65327988,3245
ENSG00000151743,31729121,31671142,57979
ENSG00000235067,30715683,30710458,5225
ENSG00000249222,42640601,42639803,798
ENSG00000229648,85491780,85490930,850
ENSG00000219592,27492261,27492118,143
ENSG00000229723,114333948,114329559,4389
ENSG00000237963,65357547,65356890,657
ENSG00000234052,27653491,27638693,14798
ENSG00000227347,136200503,136199114,1389
ENSG00000256371,22575105,22573425,1680
ENSG00000272343,56223173,56222688,485
ENSG00000279024,136233245,136230753,2492
ENSG00000188827,3611606,3581181,30425
ENSG00000198824,114337626,114314482,23144
ENSG00000256774,22596551,22596228,323
ENSG00000225298,27751233,27722379,28854
ENSG00000230037,136329913,136329441,472
ENSG00000250166,22618867,22601425,17442
ENSG00000229568,136545542,136544712,830
ENSG00000257023,22625015,22609228,15787
ENSG00000266126,19929737,19929372,365
ENSG00000228040,112890922,112890767,155
ENSG00000096155,31642931,31629248,13683
ENSG00000108599,19978343,19904302,74041
ENSG00000254216,56253372,56252960,412
ENSG00000104221,37849904,37843268,6636
ENSG00000102053,65507887,65366638,141249
ENSG00000176231,15950350,15944299,6051
ENSG00000117360,150353233,150321479,31754
ENSG00000226419,113047055,112956415,90640
ENSG00000234083,27985295,27954922,30373
ENSG00000275019,54223789,54217293,6496
ENSG00000178457,28023233,28013363,9870
ENSG00000272638,30425412,30424672,740
ENSG00000078269,158099176,157981863,117313
ENSG00000106100,30478784,30424527,54257
ENSG00000253176,27840382,27838477,1905
ENSG00000165028,104777764,104764129,13635
ENSG00000227534,65470380,65469087,1293
ENSG00000229020,112924337,112923423,914
ENSG00000228158,65408672,65408084,588
ENSG00000155380,112957013,112911847,45166
ENSG00000261938,3583266,3581181,2085
ENSG00000162642,85259672,85249953,9719
ENSG00000253397,27910310,27904481,5829
ENSG00000278966,32974463,32973553,910
ENSG00000138823,99623999,99563761,60238
ENSG00000253290,27903495,27903229,266
ENSG00000217644,32980472,32979947,525
ENSG00000253615,27903715,27903566,149
ENSG00000168079,27992673,27869883,122790
ENSG00000224192,26254092,26241331,12761
ENSG00000161940,7030290,7023020,7270
ENSG00000170786,56320776,56300010,20766
ENSG00000236065,33032469,32987075,45394
ENSG00000227199,116954334,116952446,1888
ENSG00000239670,32988233,32986952,1281
ENSG00000139163,22690665,22625075,65590
ENSG00000227532,117187740,117187548,192
ENSG00000228368,116967472,116965846,1626
ENSG00000004455,33080996,33007940,73056
ENSG00000234608,111842902,111839764,3138
ENSG00000234455,121088726,121081437,7289
ENSG00000224660,15264493,15254184,10309
ENSG00000236145,121182580,121178327,4253
ENSG00000225872,35797902,35785697,12205
ENSG00000197880,23640568,23581495,59073
ENSG00000134240,119768905,119747996,20909
ENSG00000238198,113073105,113011687,61418
ENSG00000285802,23593621,23576436,17185
ENSG00000243438,106315743,106315225,518
ENSG00000229239,23680259,23670294,9965
ENSG00000077009,3942416,3933103,9313
ENSG00000255320,66246239,66244840,1399
ENSG00000168481,22157084,22146830,10254
ENSG00000232079,28137611,28048404,89207
ENSG00000271192,43997443,43996896,547
ENSG00000141098,67719339,67674531,44808
ENSG00000229186,111901391,111899263,2128
ENSG00000236532,28228667,28116094,112573
ENSG00000267277,11374935,11368123,6812
ENSG00000237571,215277947,215274992,2955
ENSG00000173928,11376951,11374685,2266
ENSG00000226469,111929017,111927018,1999
ENSG00000164329,79686648,79612120,74528
ENSG00000232237,201127184,201113953,13231
ENSG00000267392,15999020,15979835,19185
ENSG00000272121,43999149,43998081,1068
ENSG00000259134,95507847,95326528,181319
ENSG00000224961,10754027,10696949,57078
ENSG00000280435,44117487,44115818,1669
ENSG00000261786,44122365,44117299,5066
ENSG00000232900,10909272,10875333,33939
ENSG00000270792,10994924,10672928,321996
ENSG00000285700,95291643,95287934,3709
ENSG00000274885,22638943,22638464,479
ENSG00000262446,155260266,155249852,10414
ENSG00000273923,95225864,95225326,538
ENSG00000141316,32997877,32970376,27501
ENSG00000258489,95493770,95463592,30178
ENSG00000217809,10889088,10888582,506
ENSG00000152242,46266992,46173553,93439
ENSG00000234900,10765286,10753278,12008
ENSG00000280304,95284249,95280753,3496
ENSG00000248441,95327129,95209099,118030
ENSG00000101384,10673999,10637684,36315
ENSG00000227497,91880195,91877969,2226
ENSG00000286076,106511544,106425278,86266
ENSG00000286013,106628696,106624072,4624
ENSG00000214329,91931714,91883076,48638
ENSG00000243797,106770207,106372251,397956
ENSG00000116857,201171574,201134772,36802
ENSG00000267052,106598908,106569876,29032
ENSG00000226481,91942040,91940668,1372
ENSG00000253276,106661158,106654360,6798
ENSG00000255536,18911396,18910436,960
ENSG00000234898,91963610,91957436,6174
ENSG00000241293,87052738,87051192,1546
ENSG00000170255,18939507,18933813,5694
ENSG00000235147,92007121,92006680,441
ENSG00000259914,83726377,83725676,701
ENSG00000281392,87157069,87089129,67940
ENSG00000223816,92035000,92034522,478
ENSG00000280044,82727694,82727474,220
ENSG00000115112,121285202,121216587,68615
ENSG00000273264,85467660,85467295,365
ENSG00000260862,82829638,82773319,56319
ENSG00000286156,94208379,94195806,12573
ENSG00000255244,18939721,18934985,4736
ENSG00000142867,85276904,85265776,11128
ENSG00000261410,83398170,83383007,15163
ENSG00000261522,94587183,94575976,11207
ENSG00000260788,83772936,83721119,51817
ENSG00000228742,106838480,106774955,63525
ENSG00000165030,91423832,91409045,14787
ENSG00000160180,42315651,42311667,3984
ENSG00000109956,134412242,134378504,33738
ENSG00000261103,83717898,83710179,7719
ENSG00000121671,45883248,45847118,36130
ENSG00000223962,148863804,148863564,240
ENSG00000273682,46918935,46918807,128
ENSG00000258980,65529574,65528830,744
ENSG00000276116,65412690,65411170,1520
ENSG00000236572,37747046,37744333,2713
ENSG00000230128,30789212,30787857,1355
ENSG00000225402,37817961,37816915,1046
ENSG00000237803,37876274,37826247,50027
ENSG00000232723,121310412,121309995,417
ENSG00000254738,18957015,18956055,960
ENSG00000254720,18972703,18971746,957
ENSG00000231479,31866590,31850729,15861
ENSG00000237871,32874415,32874341,74
ENSG00000249483,81852201,81851601,600
ENSG00000196152,127445372,127424374,20998
ENSG00000223653,85448124,85276715,171409
ENSG00000214857,81892721,81892490,231
ENSG00000226340,148872797,148872253,544
ENSG00000231079,148888823,148866470,22353
ENSG00000235339,41978034,41977008,1026
ENSG00000233081,91427144,91426238,906
ENSG00000282057,85578250,85482281,95969
ENSG00000257663,52082084,52076841,5243
ENSG00000267682,37337743,37337236,507
ENSG00000147251,118686163,118495898,190265
ENSG00000257542,52108261,52084744,23517
ENSG00000253542,56395365,56373064,22301
ENSG00000286167,148927254,148909406,17848
ENSG00000119977,95694143,95663396,30747
ENSG00000228848,148870381,148870024,357
ENSG00000119969,94613905,94501434,112471
ENSG00000168280,149026759,148875227,151532
ENSG00000225549,118783420,118757518,25902
ENSG00000235528,33251405,33245863,5542
ENSG00000168484,22164479,22156913,7566
ENSG00000123395,52077494,52069246,8248
ENSG00000183574,32138401,32135962,2439
ENSG00000140451,64825668,64815632,10036
ENSG00000226935,28540355,28539318,1037
ENSG00000182053,49038451,49027501,10950
ENSG00000153904,85578363,85318481,259882
ENSG00000259916,94604573,94588522,16051
ENSG00000236398,143184435,143183419,1016
ENSG00000253303,106879812,106879563,249
ENSG00000255424,19030438,19029697,741
ENSG00000241394,32931062,32926550,4512
ENSG00000232855,28674848,28439346,235502
ENSG00000237383,94725935,94725674,261
ENSG00000183695,19060681,19054455,6226
ENSG00000182492,153509546,153494980,14566
ENSG00000227265,94735844,94734655,1189
ENSG00000268170,143222267,143220468,1799
ENSG00000213355,94738249,94737337,912
ENSG00000221937,143223079,143222037,1042
ENSG00000234837,94751293,94750582,711
ENSG00000255545,134505661,134436473,69188
ENSG00000226591,33261442,33257906,3536
ENSG00000279223,143224234,143224042,192
ENSG00000214891,49059112,49053714,5398
ENSG00000203870,154834662,154823348,11314
ENSG00000205517,11419342,11384341,35001
ENSG00000223564,94760279,94759259,1020
ENSG00000253541,56477987,56476826,1161
ENSG00000259967,80166980,80165923,1057
ENSG00000232502,94761116,94760774,342
ENSG00000181195,56446671,56436674,9997
ENSG00000103876,80186946,80152490,34456
ENSG00000256843,31748240,31748100,140
ENSG00000235571,94787261,94786688,573
ENSG00000254573,134573056,134563396,9660
ENSG00000158560,96110322,95772506,337816
ENSG00000223722,31755121,31754720,401
ENSG00000257989,52104297,52092485,11812
ENSG00000188375,31792298,31791185,1113
ENSG00000284791,52108239,52079696,28543
ENSG00000254989,134672024,134671426,598
ENSG00000143553,153661830,153658654,3176
ENSG00000108679,78979947,78971238,8709
ENSG00000229089,94857282,94791103,66179
ENSG00000134193,119811580,119794017,17563
ENSG00000248676,99625913,99594799,31114
ENSG00000285640,134702004,134685044,16960
ENSG00000246430,56559823,56496246,63577
ENSG00000256372,31853407,31853021,386
ENSG00000255344,134715922,134714542,1380
ENSG00000142538,49423441,49422414,1027
ENSG00000255760,31887203,31877079,10124
ENSG00000238059,133510693,133510386,307
ENSG00000260615,114346637,114346167,470
ENSG00000251226,134763810,134735596,28214
ENSG00000253826,76143,75780,363
ENSG00000236894,26622338,26577676,44662
ENSG00000224777,87586,86649,937
ENSG00000253139,56540497,56536758,3739
ENSG00000256465,31893702,31893370,332
ENSG00000244436,31898123,31897820,303
ENSG00000233261,26594330,26589865,4465
ENSG00000254254,56552067,56445807,106260
ENSG00000254468,125927,112967,12960
ENSG00000278631,94862667,94861362,1305
ENSG00000226264,32931062,32912565,18497
ENSG00000237371,64057084,64056803,281
ENSG00000255327,134951568,134950708,860
ENSG00000270921,126123,123312,2811
ENSG00000143621,153671028,153661788,9240
ENSG00000242314,31948827,31948334,493
ENSG00000233584,33282911,33266563,16348
ENSG00000256987,31955268,31953889,1379
ENSG00000213397,153495516,153447666,47850
ENSG00000172888,40574685,40524878,49807
ENSG00000048140,176659054,176647387,11667
ENSG00000205396,16027462,16015287,12175
ENSG00000115350,74970128,74958492,11636
ENSG00000232128,94901602,94900990,612
ENSG00000174963,147406860,147386046,20814
ENSG00000274336,4526261,4512634,13627
ENSG00000259848,94947341,94867486,79855
ENSG00000068354,48562609,48539714,22895
ENSG00000183828,105181323,105172938,8385
ENSG00000233158,94912831,94912432,399
ENSG00000163060,94876823,94871430,5393
ENSG00000042832,133134903,132866958,267945
ENSG00000143434,151146664,151131685,14979
ENSG00000280412,16020290,16019719,571
ENSG00000163904,185633551,185582496,51055
ENSG00000234372,33297177,33285042,12135
ENSG00000233043,33301626,33298642,2984
ENSG00000256098,74142358,74142151,207
ENSG00000214517,74254703,74171267,83436
ENSG00000137225,44184401,44158811,25590
ENSG00000237055,94900661,94899566,1095
ENSG00000267695,50313595,50302190,11405
ENSG00000117519,94927223,94896949,30274
ENSG00000082068,37753435,37379212,374223
ENSG00000274930,50319024,50318420,604
ENSG00000271608,108551207,108551018,189
ENSG00000286268,48545469,48521806,23663
ENSG00000147155,48528716,48521799,6917
ENSG00000083937,87255556,87227271,28285
ENSG00000025434,47269033,47248300,20733
ENSG00000258399,100947194,100836269,110925
ENSG00000257137,52213583,52205556,8027
ENSG00000254656,100903722,100879753,23969
ENSG00000247982,57307769,57300365,7404
ENSG00000256288,10338292,10332861,5431
ENSG00000258279,52223804,52164115,59689
ENSG00000233496,158002383,158001107,1276
ENSG00000256155,10361045,10358464,2581
ENSG00000285642,158000749,158000109,640
ENSG00000167767,52192014,52168996,23018
ENSG00000236849,72874109,72871728,2381
ENSG00000172943,54048958,53936676,112282
ENSG00000186468,82278396,82273320,5076
ENSG00000257622,105181194,105152194,29000
ENSG00000279046,134986799,134985683,1116
ENSG00000285735,135007779,134994982,12797
ENSG00000184916,105168824,105140982,27842
ENSG00000255512,135075899,135061781,14118
ENSG00000174718,31993107,31959370,33737
ENSG00000160796,47009704,46979683,30021
ENSG00000234296,26645016,26643228,1788
ENSG00000156239,28885371,28872191,13180
ENSG00000249284,175290767,175286605,4162
ENSG00000248551,175403110,175346358,56752
ENSG00000234846,31855624,31850351,5273
ENSG00000249945,175466697,175458289,8408
ENSG00000177947,200261,196738,3523
ENSG00000118689,108684774,108559835,124939
ENSG00000183604,30335374,30267553,67821
ENSG00000158164,102516739,102513682,3057
ENSG00000108669,78782297,78674048,108249
ENSG00000226262,8099774,8097824,1950
ENSG00000255819,10410146,10372353,37793
ENSG00000228438,8930038,8929895,143
ENSG00000173545,16465800,16451519,14281
ENSG00000182621,8968360,8077251,891109
ENSG00000251174,175496000,175494614,1386
ENSG00000248216,37506857,37505688,1169
ENSG00000187266,11384342,11377207,7135
ENSG00000228976,108618285,108618000,285
ENSG00000221986,109307011,109292365,14646
ENSG00000231039,5263408,5234358,29050
ENSG00000248574,175576140,175574868,1272
ENSG00000174327,7040121,7036075,4046
ENSG00000251495,82010094,82009602,492
ENSG00000286038,75287121,75281243,5878
ENSG00000249917,116325059,115950511,374548
ENSG00000152348,82276857,81972023,304834
ENSG00000183479,153470587,153444720,25867
ENSG00000276840,75299795,75288120,11675
ENSG00000286137,75315049,75309171,5878
ENSG00000224034,5271236,5266033,5203
ENSG00000273724,30343336,30336400,6936
ENSG00000275016,95825451,95638346,187105
ENSG00000167515,88862686,88856220,6466
ENSG00000273598,75327765,75316048,11717
ENSG00000235501,94963270,94927566,35704
ENSG00000227686,31786187,31781844,4343
ENSG00000174326,7043923,7041630,2293
ENSG00000085185,130058083,129981107,76976
ENSG00000197092,25501958,25495651,6307
ENSG00000088386,98752672,98683801,68871
ENSG00000254559,205470,203623,1847
ENSG00000230427,95067545,95061596,5949
ENSG00000188076,194573,193080,1493
ENSG00000172339,95072951,94974405,98546
ENSG00000152977,147510293,147393422,116871
ENSG00000177951,207428,167784,39644
ENSG00000276136,32001222,32000375,847
ENSG00000231404,41288320,41287741,579
ENSG00000231331,94953593,94953161,432
ENSG00000262067,7059204,7058934,270
ENSG00000253672,116403757,116402543,1214
ENSG00000150625,176002664,175632934,369730
ENSG00000257094,32007435,32007127,308
ENSG00000115526,100417668,100391860,25808
ENSG00000236489,185606873,185606575,298
ENSG00000185252,20408461,20394115,14346
ENSG00000280269,74205746,74204869,877
ENSG00000149380,74311640,74235801,75839
ENSG00000231976,26653454,26647986,5468
ENSG00000185291,1382689,1336616,46073
ENSG00000228025,32740601,32739769,832
ENSG00000241202,147387453,147386967,486
ENSG00000160181,42350997,42346357,4640
ENSG00000261949,49428818,49423749,5069
ENSG00000152078,95197607,95117355,80252
ENSG00000247809,96327361,96110040,217321
ENSG00000105617,54159882,54155161,4721
ENSG00000273855,40285909,40285468,441
ENSG00000265125,33624122,33565764,58358
ENSG00000142676,23696835,23691742,5093
ENSG00000137841,40307935,40278176,29759
ENSG00000226550,32751980,32751146,834
ENSG00000265697,33541339,33534110,7229
ENSG00000280349,33100319,33099969,350
ENSG00000264791,34147047,34142947,4100
ENSG00000251374,82265259,82265157,102
ENSG00000236447,81992481,81991995,486
ENSG00000108684,34174964,33013087,1161877
ENSG00000215864,119844514,119834870,9644
ENSG00000234510,32765480,32764544,936
ENSG00000179950,143829859,143816344,13515
ENSG00000248192,82073702,82073055,647
ENSG00000230399,118634218,118632375,1843
ENSG00000227205,119853748,119853316,432
ENSG00000186481,14252140,14179097,73043
ENSG00000226446,119886927,119886304,623
ENSG00000088038,54155681,54137749,17932
ENSG00000224963,153487088,153479266,7822
ENSG00000134249,119896495,119893533,2962
ENSG00000100364,45240769,45190338,50431
ENSG00000197958,127451406,127447674,3732
ENSG00000231992,95138554,95120147,18407
ENSG00000228852,95278940,95243167,35773
ENSG00000237278,113126883,113125321,1562
ENSG00000253457,30646064,30638600,7464
ENSG00000102034,130110716,130064874,45842
ENSG00000198799,113132260,113073198,59062
ENSG00000271092,95247225,95117923,129302
ENSG00000144229,137677718,136765545,912173
ENSG00000253112,30597532,30596914,618
ENSG00000255229,186136,129279,56857
ENSG00000197265,30658236,30578318,79918
ENSG00000230724,139612,127204,12408
ENSG00000248871,7561601,7549099,12502
ENSG00000283294,14342505,14225224,117281
ENSG00000226026,95233982,95163219,70763
ENSG00000274214,14254075,14253548,527
ENSG00000122481,95247225,95234210,13015
ENSG00000266145,14222331,14222008,323
ENSG00000265787,14342524,14337423,5101
ENSG00000226145,16822579,16817983,4596
ENSG00000259763,96237010,96235785,1225
ENSG00000213339,10713437,10701430,12007
ENSG00000275443,96300990,95990582,310408
ENSG00000141012,88856970,88813734,43236
ENSG00000185551,96340263,96325938,14325
ENSG00000138757,75724525,75642782,81743
ENSG00000276384,7558245,7557820,425
ENSG00000239697,7557890,7549058,8832
ENSG00000178115,30562501,30552078,10423
ENSG00000232594,94961503,94961047,456
ENSG00000279856,77105297,77104260,1037
ENSG00000257852,32072880,32072734,146
ENSG00000271357,32100735,32100485,250
ENSG00000233105,94964836,94964473,363
ENSG00000257624,112000985,112000739,246
ENSG00000258373,111993875,111992996,879
ENSG00000150540,138016364,137964020,52344
ENSG00000198270,112013185,111931282,81903
ENSG00000128274,42721298,42692121,29177
ENSG00000229599,100944364,100940862,3502
ENSG00000227292,38239590,38203363,36227
ENSG00000227770,38232317,38231568,749
ENSG00000206301,32780991,32775123,5868
ENSG00000279674,34006772,34000789,5983
ENSG00000138061,38109902,38066973,42929
ENSG00000265356,34156000,33935437,220563
ENSG00000102452,101416508,101053776,362732
ENSG00000264990,34178166,34176538,1628
ENSG00000264598,33052867,33052107,760
ENSG00000274964,32340724,32339368,1356
ENSG00000265689,33689174,33688803,371
ENSG00000235583,25527786,25512301,15485
ENSG00000265775,34118882,34118347,535
ENSG00000257530,32107528,32104117,3411
ENSG00000155926,133102912,133036728,66184
ENSG00000283381,33692484,33692229,255
ENSG00000258134,32228154,32227410,744
ENSG00000141084,67806652,67723070,83582
ENSG00000280635,177996994,177996182,812
ENSG00000261156,34195937,34169372,26565
ENSG00000276115,32354144,32352349,1795
ENSG00000280291,96298023,96294935,3088
ENSG00000279645,96289265,96285068,4197
ENSG00000151746,32383633,32106835,276798
ENSG00000160182,42366535,42362282,4253
ENSG00000278146,96231145,96230897,248
ENSG00000259702,96064357,96045341,19016
ENSG00000264643,33680883,33680577,306
ENSG00000261033,20009234,20008051,1183
ENSG00000263435,33980851,33976531,4320
ENSG00000263485,34082224,34080882,1342
ENSG00000280048,96116051,96112628,3423
ENSG00000234009,42777296,42776406,890
ENSG00000283417,33816761,33791838,24923
ENSG00000265544,33533760,33529787,3973
ENSG00000273771,96084584,96080713,3871
ENSG00000232973,38231651,38073447,158204
ENSG00000168906,85545281,85539168,6113
ENSG00000259359,96174339,96171581,2758
ENSG00000168014,74171210,74012714,158496
ENSG00000277135,96140452,96139472,980
ENSG00000229950,10416446,10409340,7106
ENSG00000279668,34079100,33827728,251372
ENSG00000265451,121532705,121530422,2283
ENSG00000270755,130045081,130044713,368
ENSG00000203801,108769942,108751654,18288
ENSG00000074054,121649587,121337776,311811
ENSG00000161955,7561608,7558292,3316
ENSG00000226049,34039872,34036681,3191
ENSG00000137203,10419659,10393186,26473
ENSG00000265115,33635057,33627027,8030
ENSG00000266535,33131743,33111858,19885
ENSG00000263571,34165679,34155566,10113
ENSG00000176318,102548213,102546734,1479
ENSG00000277766,16038455,16037009,1446
ENSG00000196970,102571695,102549965,21730
ENSG00000260172,57323908,57319138,4770
ENSG00000167459,16042116,16031307,10809
ENSG00000279570,78691979,78691266,713
ENSG00000189233,28083936,28021964,61972
ENSG00000267609,16036537,16034776,1761
ENSG00000170909,54102692,54094668,8024
ENSG00000160799,46982010,46921726,60284
ENSG00000238029,100426107,100425348,759
ENSG00000215267,5288470,5275173,13297
ENSG00000241431,56588787,56588385,402
ENSG00000273006,38193629,38193348,281
ENSG00000115841,38067142,37923187,143955
ENSG00000173769,44332098,44241886,90212
ENSG00000228112,33727604,33727250,354
ENSG00000172058,70918530,70900665,17865
ENSG00000165029,104928155,104781006,147149
ENSG00000277342,32109602,32109076,526
ENSG00000278145,37394195,37377461,16734
ENSG00000224585,94972167,94971954,213
ENSG00000260870,57326447,57325472,975
ENSG00000233447,94974838,94974544,294
ENSG00000235186,94994362,94991880,2482
ENSG00000250258,79816190,79774348,41842
ENSG00000164309,79800240,79689836,110404
ENSG00000231062,95053176,95051395,1781
ENSG00000112033,35428191,35342558,85633
ENSG00000270050,102659712,102599657,60055
ENSG00000233850,95026709,95025193,1516
ENSG00000198908,102753540,102720688,32852
ENSG00000172005,95053992,95025677,28315
ENSG00000282806,37389394,37388354,1040
ENSG00000282489,37164586,37164063,523
ENSG00000214051,100757059,100756551,508
ENSG00000233009,101059286,100708325,350961
ENSG00000140873,77435034,77247813,187221
ENSG00000282695,37145920,37145064,856
ENSG00000267039,36923814,36901946,21868
ENSG00000282532,37142882,37142069,813
ENSG00000150477,37232172,36829106,403066
ENSG00000189060,37807436,37805093,2343
ENSG00000115486,85561547,85544720,16827
ENSG00000275176,37411442,37086456,324986
ENSG00000228762,30836899,30811474,25425
ENSG00000277024,39369105,39359890,9215
ENSG00000204849,39361959,39355669,6290
ENSG00000196419,41664048,41621119,42929
ENSG00000197448,143270854,143244093,26761
ENSG00000147677,116766925,116642130,124795
ENSG00000228595,91612492,91611343,1149
ENSG00000169071,91950228,91563091,387137
ENSG00000227707,33772295,33771963,332
ENSG00000198932,102659083,102651092,7991
ENSG00000271643,33798539,33793644,4895
ENSG00000227300,16832830,16829999,2831
ENSG00000100116,37817176,37807905,9271
ENSG00000227211,102615820,102615473,347
ENSG00000270165,67739922,67738588,1334
ENSG00000158301,102717733,102712176,5557
ENSG00000253519,157569098,157565964,3134
ENSG00000249106,175812189,175790307,21882
ENSG00000285868,157460100,157341596,118504
ENSG00000253653,157266625,157260122,6503
ENSG00000067177,72714319,72578814,135505
ENSG00000248249,175962485,175962061,424
ENSG00000135074,157575775,157395534,180241
ENSG00000286014,75343016,75337138,5878
ENSG00000105851,106908980,106865278,43702
ENSG00000261063,77249957,77201474,48483
ENSG00000260922,77299950,77234877,65073
ENSG00000226348,77221258,77220406,852
ENSG00000103111,77202405,77190835,11570
ENSG00000138646,88506163,88457119,49044
ENSG00000125962,102604159,102599168,4991
ENSG00000250850,37008040,37002697,5343
ENSG00000229170,30875311,30843303,32008
ENSG00000258885,36861375,36856555,4820
ENSG00000264066,28861966,28861072,894
ENSG00000134775,36780055,36297714,482341
ENSG00000231854,30892811,30884177,8634
ENSG00000246211,74324705,74311362,13343
ENSG00000196092,37034268,36833269,200999
ENSG00000242073,75486108,75474707,11401
ENSG00000228683,78697022,78696062,960
ENSG00000181358,49892998,49890591,2407
ENSG00000286237,102753530,102712495,41035
ENSG00000253327,116876868,116874424,2444
ENSG00000272391,75486299,75416786,69513
ENSG00000271147,102714671,102599512,115159
ENSG00000224596,79067895,78943328,124567
ENSG00000267458,12944487,12944118,369
ENSG00000164754,116874866,116845935,28931
ENSG00000179218,12944489,12938578,5911
ENSG00000123178,49936490,49912702,23788
ENSG00000229569,79003803,79000484,3319
ENSG00000261612,4563128,4562814,314
ENSG00000205832,4600714,4556490,44224
ENSG00000215112,39376916,39371065,5851
ENSG00000224038,39405305,39384506,20799
ENSG00000231140,39397406,39395737,1669
ENSG00000235848,38067041,37949911,117130
ENSG00000275342,8386498,8317736,68762
ENSG00000131885,16845881,16840895,4986
ENSG00000261789,4561662,4560001,1661
ENSG00000229160,38138946,38132637,6309
ENSG00000280276,38123881,38121935,1946
ENSG00000258629,65881070,65879592,1478
ENSG00000230320,102706240,102705784,456
ENSG00000271937,44338552,44337941,611
ENSG00000258960,65901451,65900932,519
ENSG00000258847,66004523,65957297,47226
ENSG00000204640,100483280,100470482,12798
ENSG00000179152,44409451,44338119,71332
ENSG00000277651,65987447,65986967,480
ENSG00000224861,66013789,66012830,959
ENSG00000277743,14346923,14346214,709
ENSG00000265437,14361943,14361434,509
ENSG00000108175,79316528,79068966,247562
ENSG00000253505,8424640,8414205,10435
ENSG00000258502,66125847,66111581,14266
ENSG00000134575,47248840,47239302,9538
ENSG00000254153,8461337,8456909,4428
ENSG00000023734,15903478,15882387,21091
ENSG00000229707,39485865,39485379,486
ENSG00000253343,8560965,8555738,5227
ENSG00000198416,39508885,39443815,65070
ENSG00000253774,8562124,8559894,2230
ENSG00000253130,8569688,8561391,8297
ENSG00000244332,94611238,94577439,33799
ENSG00000169100,1392113,1386152,5961
ENSG00000187589,14378757,14377546,1211
ENSG00000108239,94535930,94402504,133426
ENSG00000011007,23762059,23743155,18904
ENSG00000260701,77444336,77433382,10954
ENSG00000265296,14393909,14391913,1996
ENSG00000205078,77213215,77199397,13818
ENSG00000253958,8704106,8701938,2168
ENSG00000233839,113169403,113168994,409
ENSG00000269692,39632416,39631046,1370
ENSG00000266605,14450883,14450216,667
ENSG00000236887,113199258,113198825,433
ENSG00000273994,39652377,39651901,476
ENSG00000223705,75416787,75410322,6465
ENSG00000183542,10409757,10407382,2375
ENSG00000273252,6835794,6835420,374
ENSG00000231444,30920567,30911634,8933
ENSG00000240237,133003075,133002605,470
ENSG00000265766,14499278,14477955,21323
ENSG00000266242,14487501,14485806,1695
ENSG00000247345,59063503,59039761,23742
ENSG00000134243,109397918,109309568,88350
ENSG00000243193,107133733,107066591,67142
ENSG00000152931,60547657,60487713,59944
ENSG00000167657,3971123,3958453,12670
ENSG00000234669,29681605,29672889,8716
ENSG00000205312,16852777,16847635,5142
ENSG00000154839,50394168,50375040,19128
ENSG00000235943,171895240,171894436,804
ENSG00000138363,215349773,215311956,37817
ENSG00000226334,104928892,104927553,1339
ENSG00000005249,107161811,107044705,117106
ENSG00000245648,10398506,10363769,34737
ENSG00000234717,171900740,171876352,24388
ENSG00000215005,28889272,28887280,1992
ENSG00000213809,10391874,10372353,19521
ENSG00000186329,171938715,171843349,95366
ENSG00000254055,56656465,56639901,16564
ENSG00000224545,131520503,131520137,366
ENSG00000276214,59314800,59314110,690
ENSG00000128567,131558217,131500262,57955
ENSG00000214244,60460739,60459848,891
ENSG00000251306,59529251,59528861,390
ENSG00000234720,39655531,39654241,1290
ENSG00000276637,49069301,49067610,1691
ENSG00000248935,60033020,60021249,11771
ENSG00000253417,160938626,160931778,6848
ENSG00000236810,23778287,23760382,17905
ENSG00000269651,8175567,8173272,2295
ENSG00000254801,49071000,49070752,248
ENSG00000226108,39735628,39734670,958
ENSG00000128310,37825495,37823382,2113
ENSG00000234658,138646448,138645671,777
ENSG00000242507,35528255,35520852,7403
ENSG00000104888,49442360,49429401,12959
ENSG00000157703,138701352,138594285,107067
ENSG00000122643,33062797,33014113,48684
ENSG00000241451,22722469,22722229,240
ENSG00000232239,39741193,39739747,1446
ENSG00000205583,75395383,75359194,36189
ENSG00000115934,23251499,23181334,70165
ENSG00000256321,23191587,23175648,15939
ENSG00000256923,22743091,22742582,509
ENSG00000257730,49771136,49770960,176
ENSG00000256995,23188807,22699859,488948
ENSG00000236195,17963029,17962079,950
ENSG00000125975,35529652,35523186,6466
ENSG00000280340,18000879,18000290,589
ENSG00000278416,75359550,75344015,15535
ENSG00000229937,18027846,18026770,1076
ENSG00000178809,75410996,75395063,15933
ENSG00000253155,157422873,157422439,434
ENSG00000263809,8383187,8368638,14549
ENSG00000248544,157384950,157375741,9209
ENSG00000105619,54115675,54107013,8662
ENSG00000172568,157345677,157341598,4079
ENSG00000161970,8383250,8377516,5734
ENSG00000238256,113576899,113576757,142
ENSG00000196839,44652233,44619522,32711
ENSG00000232499,113450728,113449700,1028
ENSG00000183206,14543585,14507339,36246
ENSG00000153443,4615027,4608883,6144
ENSG00000081026,113685923,113390515,295408
ENSG00000172548,157474717,157460019,14698
ENSG00000256353,23108493,23108458,35
ENSG00000213561,78044148,78043383,765
ENSG00000285928,78024861,78022565,2296
ENSG00000213560,78092054,78091499,555
ENSG00000273338,78004554,78004346,208
ENSG00000162616,78017964,77979175,38789
ENSG00000146722,75395434,75391955,3479
ENSG00000153956,82443777,81946444,497333
ENSG00000001497,65534775,65512582,22193
ENSG00000259307,40301820,40300670,1150
ENSG00000230778,40282586,40281444,1142
ENSG00000285278,10407928,10404502,3426
ENSG00000230203,26423193,26422071,1122
ENSG00000231840,143287380,143255264,32116
ENSG00000284717,8719536,8714055,5481
ENSG00000133835,119637199,119452443,184756
ENSG00000254367,8782479,8723693,58786
ENSG00000104755,39838289,39743735,94554
ENSG00000178826,143288048,143279957,8091
ENSG00000169217,30355308,30350773,4535
ENSG00000137960,78138444,77979542,158902
ENSG00000249685,39135608,39133913,1695
ENSG00000282469,1886269,1880310,5959
ENSG00000224231,138105905,138101884,4021
ENSG00000282650,1886319,1874025,12294
ENSG00000233045,138279210,138278574,636
ENSG00000132972,24879921,24764169,115752
ENSG00000251405,157365501,157363382,2119
ENSG00000234645,138288793,138288029,764
ENSG00000237939,138307970,138307319,651
ENSG00000243195,103630912,103630661,251
ENSG00000232915,138413318,138412066,1252
ENSG00000214405,104063582,104063039,543
ENSG00000243635,104503266,104502700,566
ENSG00000220139,119159476,119159297,179
ENSG00000230569,138473932,138470656,3276
ENSG00000175455,123961408,123897305,64103
ENSG00000111875,118909171,118894152,15019
ENSG00000228043,138501698,138418284,83414
ENSG00000206292,32938293,32932859,5434
ENSG00000128203,26445015,26429260,15755
ENSG00000115353,75199520,75046463,153057
ENSG00000140988,1964841,1962058,2783
ENSG00000111885,119349761,119177205,172556
ENSG00000163125,150476566,150363091,113475
ENSG00000254741,143580670,143579636,1034
ENSG00000234204,62189953,62189131,822
ENSG00000100526,54420218,54396849,23369
ENSG00000234088,62190926,62190522,404
ENSG00000104524,143609773,143603210,6563
ENSG00000100099,26483837,26443423,40414
ENSG00000243099,138689522,138688980,542
ENSG00000276754,3687380,3686998,382
ENSG00000105618,54131719,54115410,16309
ENSG00000126602,3717553,3651639,65914
ENSG00000230989,83819737,83807843,11894
ENSG00000231944,72712348,72688950,23398
ENSG00000225858,72660719,72660470,249
ENSG00000270571,75189949,75154366,35583
ENSG00000228504,95318263,95310928,7335
ENSG00000149418,130210362,130159782,50580
ENSG00000256357,94464730,94430633,34097
ENSG00000186910,94452800,94442464,10336
ENSG00000182379,57226449,57216794,9655
ENSG00000224969,1013193,1011997,1196
ENSG00000204637,100509612,100509277,335
ENSG00000135736,57536571,57512181,24390
ENSG00000187608,1014540,1001138,13402
ENSG00000115539,100576739,100562993,13746
ENSG00000170054,94479689,94462717,16972
ENSG00000105792,90311063,90245174,65889
ENSG00000231702,1008229,1008076,153
ENSG00000229749,16854309,16853935,374
ENSG00000278175,39810097,39748514,61583
ENSG00000253194,119182745,118934770,247975
ENSG00000173334,125438403,125430358,8045
ENSG00000111877,118935162,118813442,121720
ENSG00000230434,95352648,95351251,1397
ENSG00000229273,39810019,39809562,457
ENSG00000237954,95381000,95356229,24771
ENSG00000283033,16864223,16861146,3077
ENSG00000176125,100889715,100888721,994
ENSG00000168734,44624247,44531785,92462
ENSG00000265853,16893429,16893198,231
ENSG00000227259,100591324,100591150,174
ENSG00000234988,100609358,100607028,2330
ENSG00000226034,100660678,100660199,479
ENSG00000234169,100676038,100669892,6146
ENSG00000147813,143578649,143574785,3864
ENSG00000276692,39874390,39873931,459
ENSG00000232798,39892895,39892550,345
ENSG00000150556,149215262,149038107,177155
ENSG00000284116,40106611,39983793,122818
ENSG00000144026,95165413,95145000,20413
ENSG00000237846,40106527,40105822,705
ENSG00000204837,40106661,39816542,290119
ENSG00000184961,39984401,39983821,580
ENSG00000265749,8381328,8365563,15765
ENSG00000087085,100896974,100889994,6980
ENSG00000283886,39874206,39816600,57606
ENSG00000134779,36829216,36777647,51569
ENSG00000184619,8376711,8356902,19809
ENSG00000128438,16934839,16922915,11924
ENSG00000276841,70564437,70564267,170
ENSG00000226554,70924455,70923664,791
ENSG00000240505,16972118,16929816,42302
ENSG00000185633,57240715,57234903,5812
ENSG00000144029,95149434,95085369,64065
ENSG00000213261,131662624,131661952,672
ENSG00000236238,131665858,131665507,351
ENSG00000236395,131702653,131702269,384
ENSG00000224103,33002744,32986539,16205
ENSG00000236281,131754252,131753746,506
ENSG00000233263,131893615,131892616,999
ENSG00000216316,119269714,119269133,581
ENSG00000147679,116849463,116766505,82958
ENSG00000111879,119149387,118959763,189624
ENSG00000241772,138574458,138569090,5368
ENSG00000144228,138573547,138501801,71746
ENSG00000169221,30370494,30357102,13392
ENSG00000223770,82029955,82009177,20778
ENSG00000237823,25566033,25564122,1911
ENSG00000259890,30571089,30567822,3267
ENSG00000141279,47623276,47522942,100334
ENSG00000229709,25588444,25579790,8654
ENSG00000230708,33009106,32997896,11210
ENSG00000276727,57230198,57229498,700
ENSG00000232064,25592345,25590323,2022
ENSG00000186666,49843106,49836043,7063
ENSG00000260128,30600647,30572738,27909
ENSG00000148773,128126423,128096659,29764
ENSG00000182199,57234935,57229573,5362
ENSG00000273989,28236828,28236227,601
ENSG00000255951,28165662,28164958,704
ENSG00000236386,131894074,131893822,252
ENSG00000167566,49828750,49791146,37604
ENSG00000278733,28186190,28185625,565
ENSG00000224865,131948953,131897641,51312
ENSG00000228488,100722882,100722221,661
ENSG00000228236,149068910,149068596,314
ENSG00000254113,123568762,123563070,5692
ENSG00000064835,87276587,87259404,17183
ENSG00000123106,28581511,28133249,448262
ENSG00000229532,132087992,132086266,1726
ENSG00000265340,14571788,14570844,944
ENSG00000253286,123658570,123614225,44345
ENSG00000225609,25620253,25618644,1609
ENSG00000260059,138602426,138599663,2763
ENSG00000237772,138613167,138604510,8657
ENSG00000233890,31157938,31152269,5669
ENSG00000175946,123652950,123645527,7423
ENSG00000272691,85578742,85578500,242
ENSG00000134250,120100779,119911553,189226
ENSG00000144227,138780390,138669157,111233
ENSG00000225479,8256918,8248704,8214
ENSG00000227942,65552421,65550898,1523
ENSG00000276385,8935481,8934984,497
ENSG00000122862,69104805,69088103,16702
ENSG00000229104,138898098,138897151,947
ENSG00000229054,33036382,33036212,170
ENSG00000142871,85583950,85580761,3189
ENSG00000258057,49841143,49828542,12601
ENSG00000232992,138902747,138901433,1314
ENSG00000163395,201228952,201190825,38127
ENSG00000279212,26697625,26695091,2534
ENSG00000227932,26697295,26664206,33089
ENSG00000274653,30360336,30359825,511
ENSG00000260219,30357104,30355441,1663
ENSG00000248484,176726243,176707356,18887
ENSG00000251446,176739458,176726942,12516
ENSG00000248859,176743871,176743205,666
ENSG00000165629,7807815,7788147,19668
ENSG00000240563,62212328,62194849,17479
ENSG00000233907,95479356,95474737,4619
ENSG00000236307,111888741,111887914,827
ENSG00000266693,14614184,14613137,1047
ENSG00000223436,132367976,132352334,15642
ENSG00000264570,14632806,14629832,2974
ENSG00000273732,14681106,14680604,502
ENSG00000243279,49074002,49071161,2841
ENSG00000221866,132648688,132123332,525356
ENSG00000228971,95782342,95510116,272226
ENSG00000276318,14706597,14695422,11175
ENSG00000238254,79849846,79849552,294
ENSG00000234067,40587428,40586535,893
ENSG00000250888,79967626,79936579,31047
ENSG00000163154,151159749,151156649,3100
ENSG00000237227,62208442,62208136,306
ENSG00000226845,40597494,40596207,1287
ENSG00000271252,95759470,95743096,16374
ENSG00000256480,7240986,7237432,3554
ENSG00000226302,40605427,40603125,2302
ENSG00000177380,49151026,49119544,31482
ENSG00000213698,72728821,72727977,844
ENSG00000229072,40699338,40699066,272
ENSG00000163157,151176284,151169986,6298
ENSG00000234287,40761799,40761545,254
ENSG00000231873,40862626,40766207,96419
ENSG00000237435,96022880,95937901,84979
ENSG00000219565,108787053,108782126,4927
ENSG00000277971,20446620,20429241,17379
ENSG00000230285,85600734,85599131,1603
ENSG00000215493,20451824,20450122,1702
ENSG00000285993,46410645,46409197,1448
ENSG00000236670,20484105,20482815,1290
ENSG00000279829,46387083,46385707,1376
ENSG00000254759,126068601,126067539,1062
ENSG00000172850,31797209,31787629,9580
ENSG00000141622,46463140,46326809,136331
ENSG00000204620,48574860,48568014,6846
ENSG00000261257,126102413,126100505,1908
ENSG00000099910,20495844,20441519,54325
ENSG00000279528,48581165,48580741,424
ENSG00000165092,73080442,72900671,179771
ENSG00000262766,31118747,31118078,669
ENSG00000102317,48581162,48574449,6713
ENSG00000278133,31124064,31122235,1829
ENSG00000230140,100977161,100970767,6394
ENSG00000234459,90270216,90266034,4182
ENSG00000103510,31131393,31114489,16904
ENSG00000147065,65741931,65588377,153554
ENSG00000236167,75456578,75455994,584
ENSG00000271532,101068656,101068378,278
ENSG00000204634,101252866,101007617,245249
ENSG00000229821,201223123,201222113,1010
ENSG00000226688,96090238,95753206,337032
ENSG00000256134,15972609,15971890,719
ENSG00000268994,72782660,72781865,795
ENSG00000023697,16037381,15911302,126079
ENSG00000274227,112019430,112018804,626
ENSG00000269911,72779097,72777608,1489
ENSG00000089248,112023449,112013348,10101
ENSG00000184911,72848802,72777009,71793
ENSG00000237017,54125343,54119511,5832
ENSG00000225144,132271269,132264152,7117
ENSG00000226939,139379147,139366165,12982
ENSG00000226874,30544431,30544053,378
ENSG00000076242,37050918,36993332,57586
ENSG00000170906,54109257,54102728,6529
ENSG00000229131,139477747,139469775,7972
ENSG00000227154,35449847,35443044,6803
ENSG00000006625,30504841,30496621,8220
ENSG00000231559,108817926,108817680,246
ENSG00000235232,139669305,139668547,758
ENSG00000228374,139733282,139732708,574
ENSG00000273287,45263585,45262273,1312
ENSG00000223554,139825877,139824896,981
ENSG00000224028,140131780,140103583,28197
ENSG00000227149,140217239,140216997,242
ENSG00000165118,83956986,83938311,18675
ENSG00000228579,33001829,33001420,409
ENSG00000231567,140220368,140217651,2717
ENSG00000163156,151170297,151156664,13633
ENSG00000226846,71168417,71015141,153276
ENSG00000223921,140221485,140220584,901
ENSG00000255050,143577397,143573490,3907
ENSG00000183470,132728769,132648794,79975
ENSG00000225801,71297235,71296210,1025
ENSG00000279605,143583304,143578358,4946
ENSG00000179886,143603224,143597835,5389
ENSG00000244486,20437826,20424815,13011
ENSG00000225881,132760632,132758970,1662
ENSG00000184232,120230334,120211032,19302
ENSG00000254833,126176035,126160714,15321
ENSG00000234788,26715832,26714622,1210
ENSG00000254771,126179698,126179497,201
ENSG00000261154,77610681,77590806,19875
ENSG00000148459,26746798,26697701,49097
ENSG00000148358,130140169,130053426,86743
ENSG00000186103,121590622,121567917,22705
ENSG00000278862,77660570,77657174,3396
ENSG00000213752,45276085,45275599,486
ENSG00000233460,71846317,71845981,336
ENSG00000237816,71704655,71704181,474
ENSG00000117174,85708433,85649417,59016
ENSG00000248533,37966964,37953402,13562
ENSG00000250032,37947955,37939365,8590
ENSG00000236534,71675469,71675067,402
ENSG00000255513,1964095,1963745,350
ENSG00000240527,95873758,95833508,40250
ENSG00000233672,50910764,50862172,48592
ENSG00000248539,37920869,37899363,21506
ENSG00000270777,11001763,11001304,459
ENSG00000228343,48581157,48579774,1383
ENSG00000112039,35467103,35452356,14747
ENSG00000276644,71867204,71437966,429238
ENSG00000107443,96060870,96043394,17476
ENSG00000244480,30524535,30523143,1392
ENSG00000186193,137070557,137062127,8430
ENSG00000261118,89504460,89492017,12443
ENSG00000125899,11029366,11027760,1606
ENSG00000168621,37840041,37812677,27364
ENSG00000140876,77742260,77722492,19768
ENSG00000263683,30551569,30550217,1352
ENSG00000274133,148446299,148445786,513
ENSG00000215009,7328724,7304284,24440
ENSG00000283504,148503458,148473599,29859
ENSG00000196295,30594809,30516309,78500
ENSG00000071082,101024032,101002229,21803
ENSG00000283648,148572177,148543677,28500
ENSG00000232150,50173181,50172089,1092
ENSG00000244712,28565141,28564678,463
ENSG00000247934,28190738,28163298,27440
ENSG00000213210,148580799,148580401,398
ENSG00000123201,51080862,50994511,86351
ENSG00000170279,148615860,148590766,25094
ENSG00000225396,72808210,72807425,785
ENSG00000213209,148637587,148637179,408
ENSG00000273406,120077091,120076616,475
ENSG00000270200,148650240,148649547,693
ENSG00000229257,137062461,137057663,4798
ENSG00000197476,31962381,31962063,318
ENSG00000257649,52229588,52229093,495
ENSG00000231809,65773632,65772741,891
ENSG00000231864,137064581,137063535,1046
ENSG00000254855,66265666,66264777,889
ENSG00000270472,32066358,32066065,293
ENSG00000081277,201332993,201283452,49541
ENSG00000254461,66261834,66259567,2267
ENSG00000260048,32059372,32059084,288
ENSG00000235843,26718778,26717635,1143
ENSG00000163833,121630295,121593379,36916
ENSG00000261704,32035326,32034853,473
ENSG00000174996,66267860,66257294,10566
ENSG00000102898,67872567,67846923,25644
ENSG00000223931,32052280,32051825,455
ENSG00000116014,921005,917287,3718
ENSG00000254694,126209027,126208611,416
ENSG00000260108,69466264,69463844,2420
ENSG00000100373,45295874,45284949,10925
ENSG00000260628,32003728,31975803,27925
ENSG00000136754,26861087,26746593,114494
ENSG00000228024,73056528,73042745,13783
ENSG00000051108,56944864,56932142,12722
ENSG00000103018,69466266,69424525,41741
ENSG00000165526,126211692,126202096,9596
ENSG00000159618,57591681,57542643,49038
ENSG00000055130,148801110,148697914,103196
ENSG00000251518,37951055,37948491,2564
ENSG00000233096,40971578,40970541,1037
ENSG00000248587,37953827,37811589,142238
ENSG00000233919,41168547,41162287,6260
ENSG00000206409,31648435,31642642,5793
ENSG00000261707,77743000,77741468,1532
ENSG00000113719,172952683,172834251,118432
ENSG00000188649,96032684,95907603,125081
ENSG00000231622,65154650,65154480,170
ENSG00000162433,65232145,65147549,84596
ENSG00000163155,151165948,151159748,6200
ENSG00000128849,57550727,57375967,174760
ENSG00000026950,26415208,26402237,12971
ENSG00000261289,31952473,31952160,313
ENSG00000283041,133035920,133034607,1313
ENSG00000227197,132849593,132830693,18900
ENSG00000261727,32084785,32008438,76347
ENSG00000260218,31964079,31963803,276
ENSG00000106105,30634033,30594838,39195
ENSG00000106554,133082090,132784870,297220
ENSG00000154146,124747210,124739942,7268
ENSG00000163159,151195321,151169987,25334
ENSG00000172288,25624902,25622162,2740
ENSG00000261527,69444290,69443240,1050
ENSG00000265788,27665712,27651334,14378
ENSG00000225167,68514669,68514375,294
ENSG00000276689,65787169,65786763,406
ENSG00000024526,68497221,68474152,23069
ENSG00000270535,25663226,25662900,326
ENSG00000233833,65795835,65794345,1490
ENSG00000255045,124746337,124744634,1703
ENSG00000230039,65822249,65821255,994
ENSG00000155070,6859830,6855485,4345
ENSG00000265041,27672803,27666749,6054
ENSG00000217835,65957196,65956289,907
ENSG00000229608,42787100,42784462,2638
ENSG00000224409,32725237,32717734,7503
ENSG00000237311,66001423,65925836,75587
ENSG00000274717,42794313,42791814,2499
ENSG00000205897,6867672,6866658,1014
ENSG00000250561,6880626,6879627,999
ENSG00000186047,50843939,50519364,324575
ENSG00000274536,66020422,66015461,4961
ENSG00000237293,75482579,75474453,8126
ENSG00000154153,16617058,16473038,144020
ENSG00000231172,75542706,75524068,18638
ENSG00000100376,45341955,45308968,32987
ENSG00000115363,75569722,75469302,100420
ENSG00000231601,744958,743992,966
ENSG00000264520,30533613,30525731,7882
ENSG00000285538,77756681,77752372,4309
ENSG00000281039,30550761,30497077,53684
ENSG00000135477,52258867,52250466,8401
ENSG00000204977,50020481,49995888,24593
ENSG00000102904,67832148,67806765,25383
ENSG00000147655,108083642,107899316,184326
ENSG00000138162,122254545,121989163,265382
ENSG00000119812,33599382,33583660,15722
ENSG00000081051,73456174,73431138,25036
ENSG00000170442,52309163,52249300,59863
ENSG00000261489,57478329,57477484,845
ENSG00000261265,57529009,57527187,1822
ENSG00000275256,41189236,41189041,195
ENSG00000104537,123737402,123680794,56608
ENSG00000006576,77957503,77798792,158711
ENSG00000096433,33696574,33620365,76209
ENSG00000223721,138703062,138701607,1455
ENSG00000177034,79991265,79976731,14534
ENSG00000285102,52277736,52275821,1915
ENSG00000227805,96000243,95999778,465
ENSG00000270099,95924844,95860548,64296
ENSG00000257830,52279156,52274647,4509
ENSG00000143374,150507609,150487364,20245
ENSG00000284883,52267461,52263948,3513
ENSG00000205426,52291534,52285913,5621
ENSG00000138185,95877266,95711779,165487
ENSG00000273314,148698664,148696467,2197
ENSG00000139132,32646050,32399529,246521
ENSG00000260300,83951445,83908132,43313
ENSG00000233333,78171237,78170481,756
ENSG00000019102,124752255,124747474,4781
ENSG00000155980,57586633,57550044,36589
ENSG00000265692,82292814,82290046,2768
ENSG00000260563,82294910,82293716,1194
ENSG00000250103,110615458,110595513,19945
ENSG00000253228,107983965,107983116,849
ENSG00000140961,83966332,83948282,18050
ENSG00000223676,50361763,50361410,353
ENSG00000198755,35470785,35468401,2384
ENSG00000214359,50099868,50099331,537
ENSG00000169252,148828687,148825245,3442
ENSG00000213918,3680143,3611728,68415
ENSG00000286191,50387158,50372788,14370
ENSG00000274270,50128463,50125816,2647
ENSG00000250415,16621276,16617225,4051
ENSG00000231607,50125720,49956733,168987
ENSG00000246214,16629969,16615926,14043
ENSG00000173762,82317608,82314868,2740
ENSG00000185386,50270767,50263713,7054
ENSG00000111300,112108796,112026689,82107
ENSG00000107929,931705,806914,124791
ENSG00000253184,16664879,16604255,60624
ENSG00000275079,1505839,1460716,45123
ENSG00000253496,16915044,16598758,316286
ENSG00000232034,100847220,100822661,24559
ENSG00000227556,78317263,78317157,106
ENSG00000272902,101155412,101151660,3752
ENSG00000122420,78540701,78303884,236817
ENSG00000170485,100996829,100820139,176690
ENSG00000266835,3478978,3466250,12728
ENSG00000257671,52247448,52245048,2400
ENSG00000257829,52308371,52306616,1755
ENSG00000135480,52252186,52232520,19666
ENSG00000248352,31994654,31990796,3858
ENSG00000078579,17002345,16992181,10164
ENSG00000231759,31990633,31987818,2815
ENSG00000228834,108907873,108907615,258
ENSG00000230290,108924103,108922976,1127
ENSG00000118690,108974476,108848416,126060
ENSG00000266576,11914234,11908448,5786
ENSG00000266695,11912686,11911555,1131
ENSG00000237413,78369464,78229599,139865
ENSG00000233163,69161906,69161530,376
ENSG00000254762,66268129,66267635,494
ENSG00000122958,69174412,69123512,50900
ENSG00000230990,11301525,11234170,67355
ENSG00000223990,33019231,33013645,5586
ENSG00000266771,27675997,27675894,103
ENSG00000264240,27678087,27677805,282
ENSG00000013288,6623362,6575175,48187
ENSG00000264689,27682737,27682476,261
ENSG00000263604,27684144,27683946,198
ENSG00000235544,11345855,11345383,472
ENSG00000282478,11541647,11536406,5241
ENSG00000265833,27707250,27707178,72
ENSG00000266416,27708138,27708111,27
ENSG00000155970,17122642,17027238,95404
ENSG00000271397,11609048,11608436,612
ENSG00000250073,124765936,124759129,6807
ENSG00000240804,147591835,147590996,839
ENSG00000238038,33602286,33602041,245
ENSG00000229361,49083097,49081907,1190
ENSG00000237256,11621477,11621051,426
ENSG00000149564,124762290,124752583,9707
ENSG00000260932,83931223,83929796,1427
ENSG00000187999,33637425,33636502,923
ENSG00000229898,29709049,29708627,422
ENSG00000239661,147846657,147844123,2534
ENSG00000255452,49092767,49092404,363
ENSG00000103150,83927031,83899115,27916
ENSG00000261411,11687323,11685144,2179
ENSG00000254412,49101168,49098163,3005
ENSG00000255338,49111220,49110756,464
ENSG00000057757,23788232,23778418,9814
ENSG00000234264,68538627,68496676,41951
ENSG00000254993,49124570,49117010,7560
ENSG00000233589,68483539,68479129,4410
ENSG00000225287,25697346,25675060,22286
ENSG00000205076,38773492,38770971,2521
ENSG00000164093,110642123,110617423,24700
ENSG00000163016,73697509,73641083,56426
ENSG00000224337,149321436,149320593,843
ENSG00000254567,49134800,49133653,1147
ENSG00000144035,73642393,73640832,1561
ENSG00000239922,148006755,147940004,66751
ENSG00000271298,11838574,11838355,219
ENSG00000214063,867116,842812,24304
ENSG00000204872,73701340,73700576,764
ENSG00000228422,11878371,11800463,77908
ENSG00000181852,56221933,56202175,19758
ENSG00000234640,128320214,128316282,3932
ENSG00000269930,30617749,30616958,791
ENSG00000280953,128317726,128181032,136694
ENSG00000218872,108856737,108856400,337
ENSG00000285798,148079637,148028046,51591
ENSG00000187951,30772993,30658717,114276
ENSG00000241131,148088029,148078159,9870
ENSG00000230948,108132114,108131100,1014
ENSG00000218536,102079555,102078872,683
ENSG00000265773,11903166,11901932,1234
ENSG00000166482,19387240,19383442,3798
ENSG00000270016,30608193,30607695,498
ENSG00000224190,128916271,128912879,3392
ENSG00000284783,30759859,30750406,9453
ENSG00000283234,21956871,21950679,6192
ENSG00000247728,30625773,30616998,8775
ENSG00000254498,36697867,36696317,1550
ENSG00000261794,30614561,30604126,10435
ENSG00000256007,72693808,72685075,8733
ENSG00000219757,102453792,102453367,425
ENSG00000264064,11881057,11880784,273
ENSG00000266488,11893500,11859673,33827
ENSG00000285693,72814054,72793624,20430
ENSG00000255498,45906461,45905941,520
ENSG00000242834,37726456,37725666,790
ENSG00000121653,45906465,45885651,20814
ENSG00000217120,103003897,103002514,1383
ENSG00000254516,37954663,37938601,16062
ENSG00000214530,72793681,72754729,38952
ENSG00000230477,75598559,75598071,488
ENSG00000137709,120319945,120236640,83305
ENSG00000216817,104019748,104017633,2115
ENSG00000188991,16277685,16188485,89200
ENSG00000279004,38014141,38013510,631
ENSG00000267691,44230228,44228760,1468
ENSG00000168913,34522990,34521043,1947
ENSG00000214428,104026763,104025540,1223
ENSG00000284906,30685606,30624548,61058
ENSG00000254784,38212799,38211389,1410
ENSG00000261114,56941726,56941028,698
ENSG00000261270,56941342,56940278,1064
ENSG00000156709,130165887,130129362,36525
ENSG00000263680,72428852,72425939,2913
ENSG00000218173,104687671,104687241,430
ENSG00000264026,72355136,72342940,12196
ENSG00000279067,96119995,96118647,1348
ENSG00000230729,34524241,34521527,2714
ENSG00000255477,38500186,38498995,1191
ENSG00000255175,38646356,38618264,28092
ENSG00000230816,33029223,33025668,3555
ENSG00000227036,72640472,72290091,350381
ENSG00000232983,34546996,34546524,472
ENSG00000065000,2164468,2100988,63480
ENSG00000225132,33050662,33034341,16321
ENSG00000254562,38686323,38646451,39872
ENSG00000285373,160271880,160257718,14162
ENSG00000240891,111846447,111674676,171771
ENSG00000275834,96306874,96306810,64
ENSG00000285155,160271888,160141981,129907
ENSG00000285035,30723495,30644633,78862
ENSG00000237551,96283804,96283357,447
ENSG00000227936,33064929,33052792,12137
ENSG00000229869,942743,933026,9717
ENSG00000004864,96322147,96120220,201927
ENSG00000237196,33069387,33066394,2993
ENSG00000285077,30649529,30624494,25035
ENSG00000285751,39161638,39024631,137007
ENSG00000189051,8397826,8390704,7122
ENSG00000240975,39161967,39161453,514
ENSG00000115221,160200313,160099667,100646
ENSG00000205740,988341,971146,17195
ENSG00000249258,17149789,17131181,18608
ENSG00000232881,71914178,71913704,474
ENSG00000270588,39874388,39873782,606
ENSG00000255347,40084517,40083710,807
ENSG00000244113,17150888,17150301,587
ENSG00000136104,51024120,50909678,114442
ENSG00000279675,40112599,40107244,5355
ENSG00000227952,72460329,72460132,197
ENSG00000226617,72704138,72703693,445
ENSG00000070831,22101360,22025511,75849
ENSG00000225256,25702562,25699451,3111
ENSG00000223856,25713557,25709908,3649
ENSG00000144824,111976517,111732497,244020
ENSG00000267159,928817,928259,558
ENSG00000253754,108227544,108226200,1344
ENSG00000270996,75720018,75719120,898
ENSG00000116017,975939,925781,50158
ENSG00000171723,67181803,66507407,674396
ENSG00000243287,108379545,108378831,714
ENSG00000270462,75697996,75697583,413
ENSG00000226247,75651627,75651288,339
ENSG00000263235,3651703,3650636,1067
ENSG00000104408,108435333,108201216,234117
ENSG00000270696,75662208,75660462,1746
ENSG00000274383,64951435,64950916,519
ENSG00000115364,75690851,75646783,44068
ENSG00000223947,101002244,100993676,8568
ENSG00000258323,112065755,112063909,1846
ENSG00000263766,47649420,47603860,45560
ENSG00000166839,64958691,64911902,46789
ENSG00000235926,100928540,100928370,170
ENSG00000181409,81166221,81117295,48926
ENSG00000187536,25810656,25809925,731
ENSG00000217643,25822950,25822469,481
ENSG00000218682,25856966,25856461,505
ENSG00000143970,25878516,25733753,144763
ENSG00000239829,87324723,87323268,1455
ENSG00000151461,12043170,11920022,123148
ENSG00000223987,5304865,5304431,434
ENSG00000240902,87595376,87594838,538
ENSG00000240255,87631619,87630301,1318
ENSG00000280450,5347277,5346651,626
ENSG00000206383,31805300,31799855,5445
ENSG00000255220,130296946,130295641,1305
ENSG00000255358,130285833,130285023,810
ENSG00000196323,130314917,130226677,88240
ENSG00000239572,87793629,87641412,152217
ENSG00000204899,72727629,72708367,19262
ENSG00000178473,5374692,5364966,9726
ENSG00000206320,32141932,32138576,3356
ENSG00000275162,958149,956485,1664
ENSG00000235004,25724186,25723016,1170
ENSG00000179097,87993835,87990696,3139
ENSG00000136122,72756198,72727749,28449
ENSG00000232614,25735160,25730011,5149
ENSG00000254788,66579135,66552587,26548
ENSG00000259541,120265932,120249759,16173
ENSG00000231141,25733388,25728490,4898
ENSG00000228397,22026048,22023990,2058
ENSG00000285794,22030748,22030527,221
ENSG00000215328,31808181,31805699,2482
ENSG00000219073,21998642,21977021,21621
ENSG00000232985,128960062,128958772,1290
ENSG00000225424,129291722,129278251,13471
ENSG00000285615,129380753,129372194,8559
ENSG00000286045,75728123,75710782,17341
ENSG00000271452,75670454,75669989,465
ENSG00000250799,35813299,35799988,13311
ENSG00000144034,73737400,73729104,8296
ENSG00000005436,75710989,75652000,58989
ENSG00000151849,24922889,24882279,40610
ENSG00000228262,34738231,33706886,1031345
ENSG00000277978,66566001,66565620,381
ENSG00000217555,66566251,66552563,13688
ENSG00000180346,89114899,89111500,3399
ENSG00000166484,19383544,19377721,5823
ENSG00000230068,22064199,22059197,5002
ENSG00000285959,22030617,21983606,47011
ENSG00000271428,22068827,22068340,487
ENSG00000142789,22012539,22001656,10883
ENSG00000270720,89119871,89119284,587
ENSG00000235064,33840678,33839782,896
ENSG00000272027,34703606,34692290,11316
ENSG00000185477,89307800,89236383,71417
ENSG00000285754,34220575,34134371,86204
ENSG00000232153,34737118,34734975,2143
ENSG00000239649,33728207,33722721,5486
ENSG00000237790,34069550,34067226,2324
ENSG00000182318,58342332,58326994,15338
ENSG00000178462,5404828,5393101,11727
ENSG00000137288,33711727,33694293,17434
ENSG00000127990,94656572,94524204,132368
ENSG00000282221,201401190,201399633,1557
ENSG00000117013,40840452,40783787,56665
ENSG00000159166,201399915,201373244,26671
ENSG00000241839,64868002,64841883,26119
ENSG00000218510,22031223,22024558,6665
ENSG00000212866,31820498,31817974,2524
ENSG00000067601,67302419,67287541,14878
ENSG00000263167,81136256,81135771,485
ENSG00000225180,81183164,81165507,17657
ENSG00000099834,626078,616565,9513
ENSG00000187123,149474138,149329985,144153
ENSG00000285752,22052927,22028317,24610
ENSG00000109738,157172090,157076125,95965
ENSG00000231987,96374125,96254069,120056
ENSG00000262141,67856111,67855955,156
ENSG00000179021,88168729,88149959,18770
ENSG00000168286,67844195,67842082,2113
ENSG00000275332,64943672,64943240,432
ENSG00000225923,96391393,96390652,741
ENSG00000249240,64930920,64841883,89037
ENSG00000234422,96418933,96418594,339
ENSG00000279643,11846919,11817080,29839
ENSG00000175866,81117432,81035122,82310
ENSG00000228502,96448318,96446930,1388
ENSG00000234226,96584727,96584422,305
ENSG00000089505,66579137,66566393,12744
ENSG00000239780,50458795,50457887,908
ENSG00000249145,8327142,8320117,7025
ENSG00000151748,50668331,50632058,36273
ENSG00000102901,67847811,67828157,19654
ENSG00000137970,96679620,96678874,746
ENSG00000253111,125541373,125466939,74434
ENSG00000175105,88144664,88059255,85409
ENSG00000251615,8358338,8355090,3248
ENSG00000283594,72913401,72912615,786
ENSG00000132589,28897733,28879335,18398
ENSG00000275520,72938958,72938163,795
ENSG00000245164,126292788,125859721,433067
ENSG00000269502,72943814,72872025,71789
ENSG00000237224,129702117,129693722,8395
ENSG00000083535,73016461,72782133,234328
ENSG00000163320,88149885,88051944,97941
ENSG00000170430,129770983,129467190,303793
ENSG00000259113,50456742,50448807,7935
ENSG00000269906,50663178,50662511,667
ENSG00000244134,72708565,72708186,379
ENSG00000243514,72627624,72627231,393
ENSG00000147140,71301168,71283192,17976
ENSG00000285660,148096921,148090341,6580
ENSG00000198513,50633068,50532509,100559
ENSG00000241792,148127233,148093175,34058
ENSG00000254227,126001001,125998994,2007
ENSG00000253651,125952314,125951861,453
ENSG00000186635,72793599,72685069,108530
ENSG00000250563,126074231,126072587,1644
ENSG00000244650,148226606,148160911,65695
ENSG00000253841,126073532,126073046,486
ENSG00000286122,126008930,125648327,360603
ENSG00000243347,148280098,148195729,84369
ENSG00000205412,148167298,148166344,954
ENSG00000248720,126175014,126174186,828
ENSG00000253470,125750241,125749055,1186
ENSG00000227374,129769435,129768844,591
ENSG00000213530,82590691,82589848,843
ENSG00000228711,82657411,82657035,376
ENSG00000170017,105576900,105366909,209991
ENSG00000223604,149440427,149439897,530
ENSG00000260828,57603697,57603137,560
ENSG00000241535,88095968,88095408,560
ENSG00000224659,49329384,49322057,7327
ENSG00000243733,143112359,143111802,557
ENSG00000267250,68797822,68793549,4273
ENSG00000118194,201377762,201359008,18754
ENSG00000275111,95184317,95165432,18885
ENSG00000175040,143124014,143119771,4243
ENSG00000108641,19378193,19337554,40639
ENSG00000273448,67334383,67333047,1336
ENSG00000272411,148970653,148970340,313
ENSG00000228019,67308356,67307605,751
ENSG00000106610,67362950,67302621,60329
ENSG00000169247,149063163,148923639,139524
ENSG00000241679,143131893,143123362,8531
ENSG00000258796,66761018,66760532,486
ENSG00000156502,69209099,69180234,28865
ENSG00000087274,2930076,2843857,86219
ENSG00000196553,66498677,66411704,86973
ENSG00000225326,25750206,25748596,1610
ENSG00000228478,10426176,10423140,3036
ENSG00000285759,10429110,10426623,2487
ENSG00000223406,25752870,25752388,482
ENSG00000122778,138981318,138831381,149937
ENSG00000229343,25814566,25813013,1553
ENSG00000215274,49319844,49303669,16175
ENSG00000083520,72782096,72752169,29927
ENSG00000229401,10456781,10434316,22465
ENSG00000184083,54183281,54068324,114957
ENSG00000130703,62296213,62231922,64291
ENSG00000183674,10434874,10429255,5619
ENSG00000066629,99942060,99737693,204367
ENSG00000232695,25861268,25860943,325
ENSG00000235511,25898653,25871931,26722
ENSG00000285041,68640425,68633701,6724
ENSG00000238076,10460541,10459906,635
ENSG00000232914,25907250,25904518,2732
ENSG00000231056,10478502,10474500,4002
ENSG00000223655,25918895,25918323,572
ENSG00000230267,32188107,32103245,84862
ENSG00000268230,58362751,58346854,15897
ENSG00000277585,195819600,195746765,72835
ENSG00000276996,1449666,1392790,56876
ENSG00000269054,58366591,58362585,4006
ENSG00000250397,859795,856880,2915
ENSG00000268895,58355183,58347751,7432
ENSG00000266786,27754954,27746132,8822
ENSG00000260584,32116997,32116700,297
ENSG00000279997,32186311,32185624,687
ENSG00000069812,6424670,6412418,12252
ENSG00000224949,54147659,54147372,287
ENSG00000285407,68943452,68679202,264250
ENSG00000283141,129806971,129784983,21988
ENSG00000166908,57603418,57591174,12244
ENSG00000156675,37899467,37858618,40849
ENSG00000121410,58353499,58345178,8321
ENSG00000137959,78646145,78619922,26223
ENSG00000012983,50561126,50418501,142625
ENSG00000186472,83162930,82754012,408918
ENSG00000229339,42051694,42051181,513
ENSG00000234562,42146371,42145646,725
ENSG00000258561,66509394,66212810,296584
ENSG00000182606,42225890,42013802,212088
ENSG00000258490,66969816,66969038,778
ENSG00000279742,85854943,85852557,2386
ENSG00000168702,142131701,140231423,1900278
ENSG00000079557,73504001,73481745,22256
ENSG00000160883,176899346,176880869,18477
ENSG00000240766,111677433,111676736,697
ENSG00000164011,42852477,42846573,5904
ENSG00000178934,38791749,38789211,2538
ENSG00000174586,58362848,58354357,8491
ENSG00000169894,100968347,100949534,18813
ENSG00000105929,138799560,138706294,93266
ENSG00000268049,58359603,58357999,1604
ENSG00000279611,58351720,58350795,925
ENSG00000251299,24944498,24943575,923
ENSG00000233194,33008905,33008496,409
ENSG00000253771,24968487,24924677,43810
ENSG00000206291,33009820,32993608,16212
ENSG00000074071,1773155,1771890,1265
ENSG00000141574,82334074,82321024,13050
ENSG00000273628,24936796,24933006,3790
ENSG00000253403,161689408,161687347,2061
ENSG00000145864,161549044,161288429,260615
ENSG00000224069,154898092,154897561,531
ENSG00000274993,100968124,100963828,4296
ENSG00000277203,154888061,154886349,1712
ENSG00000223767,32247802,32245363,2439
ENSG00000264304,28893342,28892469,873
ENSG00000236871,1399402,1396427,2975
ENSG00000233688,154920182,154919578,604
ENSG00000185010,155026940,154835788,191152
ENSG00000141639,50731826,50560087,171739
ENSG00000113763,176880898,176810519,70379
ENSG00000143106,109426448,109399042,27406
ENSG00000215048,33016242,33004965,11277
ENSG00000236017,1414028,1401769,12259
ENSG00000262411,151657956,151637174,20782
ENSG00000231620,19303739,19301613,2126
ENSG00000244171,143177617,143176327,1290
ENSG00000262466,151765669,151761981,3688
ENSG00000230854,25929826,25923388,6438
ENSG00000261846,151770036,151744454,25582
ENSG00000227635,25935881,25933833,2048
ENSG00000169093,1453762,1403139,50623
ENSG00000237546,25954152,25943268,10884
ENSG00000267713,50670215,50669510,705
ENSG00000285473,69023558,68974010,49548
ENSG00000223883,69185003,69055898,129105
ENSG00000106799,99154192,99104038,50154
ENSG00000004939,44268141,44248390,19751
ENSG00000172283,25988069,25975549,12520
ENSG00000280064,37861333,37858949,2384
ENSG00000175602,65891635,65890112,1523
ENSG00000103832,30801859,30791573,10286
ENSG00000238065,140899106,140898423,683
ENSG00000275113,49345922,49341192,4730
ENSG00000244125,142137830,142131178,6652
ENSG00000227867,25991572,25991241,331
ENSG00000250436,73534128,73508803,25325
ENSG00000231716,25995697,25994684,1013
ENSG00000236440,140683888,140683360,528
ENSG00000274274,49338952,49331616,7336
ENSG00000233329,141208376,141208082,294
ENSG00000232858,24988925,24988577,348
ENSG00000179271,12957223,12953119,4104
ENSG00000281188,195640460,195639990,470
ENSG00000269099,25017536,25017404,132
ENSG00000281562,195651472,195650146,1326
ENSG00000276958,25017903,25017766,137
ENSG00000232180,31871733,31855884,15849
ENSG00000249970,73544013,73543822,191
ENSG00000234744,26008856,26002254,6602
ENSG00000261330,77892915,77892422,493
ENSG00000178498,57609804,57604622,5182
ENSG00000249778,80033302,80033171,131
ENSG00000278926,77801714,77800023,1691
ENSG00000281564,195657927,195655565,2362
ENSG00000249825,80083654,80052374,31280
ENSG00000280841,1386409,1383159,3250
ENSG00000171724,77980107,77788564,191543
ENSG00000179262,12953642,12945855,7787
ENSG00000104886,2237704,2230084,7620
ENSG00000151846,25099254,25095868,3386
ENSG00000236737,49529985,49529869,116
ENSG00000113296,80083287,79991311,91976
ENSG00000175592,65900573,65892049,8524
ENSG00000258577,50572140,50571919,221
ENSG00000233156,26012237,26011435,802
ENSG00000273675,50472592,50471769,823
ENSG00000249519,110797344,110794403,2941
ENSG00000279695,25141809,25141536,273
ENSG00000239407,102906158,102884414,21744
ENSG00000259845,30844153,30815271,28882
ENSG00000251483,110945799,110945109,690
ENSG00000256238,16402406,16399274,3132
ENSG00000251312,111064227,111063583,644
ENSG00000256450,16514371,16513445,926
ENSG00000265808,120176515,120150898,25617
ENSG00000108001,129963841,129835283,128558
ENSG00000256564,16573940,16567411,6529
ENSG00000229794,102807824,102806741,1083
ENSG00000281736,1380067,1363582,16485
ENSG00000224471,102799883,102799563,320
ENSG00000008394,16609259,16347142,262117
ENSG00000167210,46657220,46476972,180248
ENSG00000226994,35185689,34799850,385839
ENSG00000232282,102786604,102785667,937
ENSG00000234886,102806138,102803041,3097
ENSG00000281511,1370945,1370543,402
ENSG00000237628,102798128,102797531,597
ENSG00000234888,26088493,26055779,32714
ENSG00000237300,102797093,102796251,842
ENSG00000223804,120341871,120267334,74537
ENSG00000237821,133170514,133169416,1098
ENSG00000104219,17224799,17156482,68317
ENSG00000226056,102801399,102799942,1457
ENSG00000165566,25172288,25161684,10604
ENSG00000237320,35000160,34998273,1887
ENSG00000223546,102885406,102769161,116245
ENSG00000274642,120319680,120197085,122595
ENSG00000261776,78056927,78055824,1103
ENSG00000241722,111552173,111551854,319
ENSG00000166509,78066761,78022515,44246
ENSG00000248656,111648808,111640495,8313
ENSG00000215507,26133308,26123674,9634
ENSG00000250556,112068526,112068010,516
ENSG00000249815,112072698,111826881,245817
ENSG00000234056,25180079,25172828,7251
ENSG00000248432,111809694,111804418,5276
ENSG00000250855,111839886,111802801,37085
ENSG00000260382,30883231,30882267,964
ENSG00000279721,121689714,121688203,1511
ENSG00000230993,121658973,121658475,498
ENSG00000229954,102788387,102786813,1574
ENSG00000277695,89755853,89747802,8051
ENSG00000155438,121736911,121726945,9966
ENSG00000251095,89726752,89551356,175396
ENSG00000228316,102799560,102798396,1164
ENSG00000145863,161702593,161547063,155530
ENSG00000227649,102806646,102806164,482
ENSG00000261540,78059454,78014683,44771
ENSG00000103429,14669236,14632931,36305
ENSG00000260731,78049897,78048483,1414
ENSG00000251050,80019920,80019609,311
ENSG00000276772,57555680,57553955,1725
ENSG00000243033,143504273,143503275,998
ENSG00000240874,57556379,57555951,428
ENSG00000243759,143518229,143517123,1106
ENSG00000237685,10514546,10511036,3510
ENSG00000181804,143848485,143265222,583263
ENSG00000216359,10514973,10514282,691
ENSG00000274183,154885558,154884972,586
ENSG00000217181,10575227,10574749,478
ENSG00000111846,10629368,10492223,137145
ENSG00000247775,89841978,89836408,5570
ENSG00000275327,129837794,129837505,289
ENSG00000224858,37017014,37016523,491
ENSG00000227053,101017608,101014320,3288
ENSG00000275005,129845895,129845328,567
ENSG00000165775,155060304,155025980,34324
ENSG00000235446,69249477,69215835,33642
ENSG00000067842,153582939,153517676,65263
ENSG00000244791,126329535,126325495,4040
ENSG00000253427,126492596,126474189,18407
ENSG00000205277,101018949,100969623,49326
ENSG00000223572,43699222,43692886,6336
ENSG00000273245,73750786,73750256,530
ENSG00000145335,89838315,89724099,114216
ENSG00000253220,126500440,126497385,3055
ENSG00000236859,121728481,121649650,78831
ENSG00000280037,73761781,73761269,512
ENSG00000253530,126522351,126518698,3653
ENSG00000104897,2248655,2236824,11831
ENSG00000229639,69435409,69433255,2154
ENSG00000181264,120333682,120325129,8553
ENSG00000106462,148884321,148807383,76938
ENSG00000255005,85923682,85916502,7180
ENSG00000213239,121709115,121708512,603
ENSG00000150676,85920021,85855101,64920
ENSG00000235746,94647996,94646364,1632
ENSG00000048540,16610594,16548372,62222
ENSG00000171747,38812945,38801671,11274
ENSG00000250307,112078400,112077598,802
ENSG00000214128,138838101,138797952,40149
ENSG00000244493,143382161,143381338,823
ENSG00000248374,143627690,143620528,7162
ENSG00000237859,154919103,154908885,10218
ENSG00000227321,92111897,92110865,1032
ENSG00000240888,143314429,143313067,1362
ENSG00000240012,143347071,143342246,4825
ENSG00000090054,92115413,92000087,115326
ENSG00000270231,120467739,120419850,47889
ENSG00000279738,37895563,37876148,19415
ENSG00000100124,37849327,37830855,18472
ENSG00000270392,120434052,120432204,1848
ENSG00000230338,94774633,94774156,477
ENSG00000108242,94736190,94683729,52461
ENSG00000103154,84002776,83968632,34144
ENSG00000275131,120701289,120489860,211429
ENSG00000143028,109482134,109466546,15588
ENSG00000237671,49539538,49532211,7327
ENSG00000115159,156613735,156435290,178445
ENSG00000271509,127292440,127292233,207
ENSG00000254166,127227541,127072694,154847
ENSG00000134594,130184870,130171962,12908
ENSG00000233708,42888767,42886597,2170
ENSG00000237090,42892430,42891094,1336
ENSG00000225099,42903912,42903232,680
ENSG00000254479,85935663,85934737,926
ENSG00000134769,34891844,34493290,398554
ENSG00000165841,94855547,94762681,92866
ENSG00000227488,49549094,49541767,7327
ENSG00000162650,109492804,109483479,9325
ENSG00000163915,185729787,185712528,17259
ENSG00000267122,2215565,2212029,3536
ENSG00000122756,34590140,34551432,38708
ENSG00000255132,41426504,41394595,31909
ENSG00000104885,2232578,2163933,68645
ENSG00000139579,56229854,56222015,7839
ENSG00000148948,41459773,40114203,1345570
ENSG00000073792,185825056,185643739,181317
ENSG00000267961,15142062,15141105,957
ENSG00000230198,19594108,19593841,267
ENSG00000144048,73780157,73762184,17973
ENSG00000105865,107578523,107563484,15039
ENSG00000276490,94853073,94688154,164919
ENSG00000271555,52723141,52722903,238
ENSG00000254579,40513269,40444371,68898
ENSG00000182459,82363775,82359247,4528
ENSG00000023287,52745843,52622458,123385
ENSG00000231749,69042784,68944531,98253
ENSG00000286106,120793874,120723946,69928
ENSG00000278964,82363196,82362349,847
ENSG00000240459,112116903,112116510,393
ENSG00000154258,69060949,68974488,86461
ENSG00000226267,29746207,29745983,224
ENSG00000234050,102940561,102937770,2791
ENSG00000249123,29746663,29739435,7228
ENSG00000102128,102938300,102937272,1028
ENSG00000273136,120842110,120723949,118161
ENSG00000179862,40862366,40861051,1315
ENSG00000230545,29746743,29724295,22448
ENSG00000246228,127482139,127289817,192322
ENSG00000169876,101058745,101020072,38673
ENSG00000229698,29736235,29720539,15696
ENSG00000282961,127092600,127079874,12726
ENSG00000168672,126558478,126552443,6035
ENSG00000244558,44746021,44694892,51129
ENSG00000109685,1982207,1871393,110814
ENSG00000240791,92110868,92110575,293
ENSG00000228069,92110095,92109013,1082
ENSG00000132832,44696096,44656451,39645
ENSG00000232179,92108989,92108858,131
ENSG00000124249,44752313,44745865,6448
ENSG00000227399,92006544,92006062,482
ENSG00000238288,92110514,92110168,346
ENSG00000253573,126846981,126766196,80785
ENSG00000275756,92105451,92104425,1026
ENSG00000253438,127419050,126556323,862727
ENSG00000237306,92027824,92027498,326
ENSG00000283440,44663498,44656451,7047
ENSG00000253332,39860525,39860219,306
ENSG00000277218,130104998,130104569,429
ENSG00000064205,44728509,44714844,13665
ENSG00000237489,130110830,130020025,90805
ENSG00000253233,39867812,39867436,376
ENSG00000196979,130144219,130140610,3609
ENSG00000220556,39039985,39039603,382
ENSG00000187017,6461367,6424776,36591
ENSG00000234776,45907272,45906513,759
ENSG00000179284,12974762,12965159,9603
ENSG00000238169,25189760,25181441,8319
ENSG00000233122,130108481,130106046,2435
ENSG00000235014,26208148,26198331,9817
ENSG00000224379,31156758,31151089,5669
ENSG00000261628,30900327,30899480,847
ENSG00000260649,32189481,32189262,219
ENSG00000260847,32193530,32188333,5197
ENSG00000279550,25190317,25190063,254
ENSG00000225876,26244573,26244351,222
ENSG00000225105,25210295,25193107,17188
ENSG00000235315,25206506,25206049,457
ENSG00000107130,130237303,130172404,64899
ENSG00000229238,26354418,26277923,76495
ENSG00000112164,39091303,39048781,42522
ENSG00000228341,107450362,107450083,279
ENSG00000172209,107475684,107470018,5666
ENSG00000224632,103008072,103007461,611
ENSG00000133169,103064171,103062651,1520
ENSG00000277146,26454092,26453982,110
ENSG00000233843,26401230,26400611,619
ENSG00000253543,126583006,126582631,375
ENSG00000224240,26549743,26549425,318
ENSG00000235429,133315413,133315009,404
ENSG00000212993,127420066,127322183,97883
ENSG00000164597,107564514,107201555,362959
ENSG00000226205,133733595,133732493,1102
ENSG00000188399,26420535,26409815,10720
ENSG00000101098,44810338,44751808,58530
ENSG00000131558,134066589,133253073,813516
ENSG00000215506,26579690,26508213,71477
ENSG00000007866,35497079,35473597,23482
ENSG00000215269,49577754,49570434,7320
ENSG00000224722,127087510,127086263,1247
ENSG00000280997,127402150,127400399,1751
ENSG00000219773,112356714,112355841,873
ENSG00000132514,7080307,7074537,5770
ENSG00000215807,112362722,112361437,1285
ENSG00000217770,112367444,112365704,1740
ENSG00000100129,37889407,37848868,40539
ENSG00000271486,19621545,19620695,850
ENSG00000232299,112481636,112476538,5098
ENSG00000229336,19740150,19739709,441
ENSG00000174151,109502932,109494052,8880
ENSG00000215353,19760128,19759359,769
ENSG00000225580,112617880,112616703,1177
ENSG00000271498,112826470,112825939,531
ENSG00000233480,19900043,19893113,6930
ENSG00000233236,20258820,20256752,2068
ENSG00000231969,149848233,149587196,261037
ENSG00000162947,149859191,149767506,91685
ENSG00000229294,65306521,65279456,27065
ENSG00000116675,65415871,65248219,167652
ENSG00000168288,149587778,149569637,18141
ENSG00000205777,49608536,49589496,19040
ENSG00000164221,115296693,115267190,29503
ENSG00000237159,34582829,34568015,14814
ENSG00000276223,44747201,44746642,559
ENSG00000141338,68955392,68867289,88103
ENSG00000206380,31830009,31824855,5154
ENSG00000196085,35219604,35219377,227
ENSG00000276542,89749154,89748283,871
ENSG00000274238,89744305,89743792,513
ENSG00000217718,25887206,25886964,242
ENSG00000229013,35471841,35471716,125
ENSG00000226392,67628019,67627831,188
ENSG00000181408,82375586,82374230,1356
ENSG00000188157,1056118,1020120,35998
ENSG00000237466,67628349,67628022,327
ENSG00000242247,42858106,42796502,61604
ENSG00000233423,67697029,67691058,5971
ENSG00000223948,67770468,67769629,839
ENSG00000225209,68032690,68020253,12437
ENSG00000174749,112195256,112145454,49802
ENSG00000169871,101097967,101085481,12486
ENSG00000266642,28899402,28897738,1664
ENSG00000243280,112171527,112171215,312
ENSG00000232975,68098250,68097737,513
ENSG00000234587,35725142,35724759,383
ENSG00000229528,40876670,40863914,12756
ENSG00000236531,68119209,68091223,27986
ENSG00000279862,172303052,172301654,1398
ENSG00000233752,36299830,36299388,442
ENSG00000237483,172225872,172225428,444
ENSG00000225959,68266859,68266319,540
ENSG00000260011,82382690,82381110,1580
ENSG00000226829,68288233,68150283,137950
ENSG00000167536,28903079,28897781,5298
ENSG00000075420,172401669,172039578,362091
ENSG00000185418,101724473,101653596,70877
ENSG00000237754,68242267,68241637,630
ENSG00000228940,40939763,40938104,1659
ENSG00000006283,50627474,50560715,66759
ENSG00000256195,114380045,114360635,19410
ENSG00000260025,36355114,36354749,365
ENSG00000260526,112231596,112229561,2035
ENSG00000106366,101139266,101127089,12177
ENSG00000216649,49558649,49551333,7316
ENSG00000234911,64387986,64341673,46313
ENSG00000135148,112153604,112125538,28066
ENSG00000077935,45413619,45344063,69556
ENSG00000271511,64361637,64361392,245
ENSG00000284664,64352284,64349677,2607
ENSG00000171680,6520061,6466092,53969
ENSG00000233118,40942515,40942251,264
ENSG00000260688,48471133,48470953,180
ENSG00000181754,109509738,109504178,5560
ENSG00000283267,90321308,90316503,4805
ENSG00000225498,90322592,90312496,10096
ENSG00000260347,48498601,48496990,1611
ENSG00000236881,29721695,29720705,990
ENSG00000242511,29724833,29724363,470
ENSG00000254942,109543837,109539906,3931
ENSG00000156097,109548406,109539872,8534
ENSG00000224902,49587301,49579983,7318
ENSG00000279342,124792818,124789240,3578
ENSG00000254941,124808269,124807822,447
ENSG00000120458,124800673,124766498,34175
ENSG00000076053,114414203,114400030,14173
ENSG00000234144,65298980,65298755,225
ENSG00000160293,133992604,133761894,230710
ENSG00000166579,8490411,8413131,77280
ENSG00000273090,36513732,36513255,477
ENSG00000189064,49596827,49589529,7298
ENSG00000171055,36646087,36531805,114282
ENSG00000261385,31131877,31131433,444
ENSG00000274829,14632727,14435701,197026
ENSG00000236362,49568218,49551278,16940
ENSG00000228130,29635872,29635589,283
ENSG00000052344,31135727,31131433,4294
ENSG00000245498,124834487,124800450,34037
ENSG00000105856,107202522,107168961,33561
ENSG00000254509,124791660,124791228,432
ENSG00000147206,103093143,103075810,17333
ENSG00000250197,115289330,115289036,294
ENSG00000102921,48620148,48538726,81422
ENSG00000228907,32220181,32217742,2439
ENSG00000162676,92486925,92473043,13882
ENSG00000188486,119095467,119093854,1613
ENSG00000235967,133727734,133727368,366
ENSG00000253790,39998499,39997869,630
ENSG00000260540,32202822,32199902,2920
ENSG00000228134,142543975,142543418,557
ENSG00000229781,142855998,142854095,1903
ENSG00000131203,39928790,39902275,26515
ENSG00000166558,84042636,84009667,32969
ENSG00000279613,82650657,82648849,1808
ENSG00000164610,33109404,33094797,14607
ENSG00000189164,37393066,37371061,22005
ENSG00000139187,9010760,8950044,60716
ENSG00000224693,29888973,29887842,1131
ENSG00000232859,27894752,27878314,16438
ENSG00000243609,48578369,48577524,845
ENSG00000226989,42853799,42853403,396
ENSG00000274093,69632571,69632141,430
ENSG00000260033,48600644,48600176,468
ENSG00000233676,20388845,20388334,511
ENSG00000261267,48587403,48559661,27742
ENSG00000234439,20426206,20424949,1257
ENSG00000100266,43015149,42835412,179737
ENSG00000102908,69704666,69565094,139572
ENSG00000285792,84045333,84040790,4543
ENSG00000189430,54916140,54906150,9990
ENSG00000074181,15200995,15159038,41957
ENSG00000173848,5459056,5412557,46499
ENSG00000171403,41572059,41565836,6223
ENSG00000257105,8996566,8987175,9391
ENSG00000213663,119547606,119547131,475
ENSG00000260479,79101754,79090050,11704
ENSG00000249919,119555658,119555250,408
ENSG00000234566,54224062,54223324,738
ENSG00000276007,78124332,78123243,1089
ENSG00000164334,119635822,119629559,6263
ENSG00000255663,114443932,114400682,43250
ENSG00000280190,78892302,78890231,2071
ENSG00000279732,78981843,78981722,121
ENSG00000196632,54358642,54192823,165819
ENSG00000261837,78535648,78534374,1274
ENSG00000266202,27893365,27798806,94559
ENSG00000260014,78355834,78355529,305
ENSG00000066557,70205579,70144805,60774
ENSG00000279129,78553296,78550739,2557
ENSG00000237032,14724055,14723171,884
ENSG00000076043,114450279,114439386,10893
ENSG00000277954,79206739,79202624,4115
ENSG00000007171,27800499,27756766,43733
ENSG00000283973,42961864,42959065,2799
ENSG00000260969,78241218,78237362,3856
ENSG00000270606,8560962,8560471,491
ENSG00000244604,8561576,8561230,346
ENSG00000065809,14774897,14518557,256340
ENSG00000260511,79110882,79105957,4925
ENSG00000260816,78899644,78895361,4283
ENSG00000117394,42959176,42925375,33801
ENSG00000280115,78873505,78872739,766
ENSG00000139540,56237846,56230049,7797
ENSG00000133026,8630761,8474205,156556
ENSG00000279991,78168514,78166717,1797
ENSG00000243101,78826006,78825281,725
ENSG00000261537,79004730,78994345,10385
ENSG00000257658,112323089,112321759,1330
ENSG00000230804,40122540,40121962,578
ENSG00000186153,79212667,78099430,1113237
ENSG00000153563,86808396,86784610,23786
ENSG00000173064,112382439,112160188,222251
ENSG00000228136,40153147,40130921,22226
ENSG00000236966,40132218,40131747,471
ENSG00000237919,70031222,70013982,17240
ENSG00000270328,56776874,56776283,591
ENSG00000226241,103089277,103087198,2079
ENSG00000155506,154817605,154712843,104762
ENSG00000033122,70151945,69568261,583684
ENSG00000106367,101161596,101154456,7140
ENSG00000272072,107193300,107192559,741
ENSG00000169418,153693992,153678688,15304
ENSG00000235708,33362862,33333046,29816
ENSG00000188676,40016391,39934614,81777
ENSG00000090661,8262421,8206736,55685
ENSG00000242041,49863503,49863173,330
ENSG00000257253,49865802,49861207,4595
ENSG00000150938,36551135,36355778,195357
ENSG00000116678,65641559,65420652,220907
ENSG00000233206,20430762,20430443,319
ENSG00000176124,50906856,50082171,824685
ENSG00000223699,33346378,33316561,29817
ENSG00000276738,20598163,20597953,210
ENSG00000242590,1056116,1055033,1083
ENSG00000224924,20803216,20742590,60626
ENSG00000218490,113011415,113010937,478
ENSG00000216904,113224072,113222166,1906
ENSG00000223811,113367944,113357003,10941
ENSG00000232277,111952671,111952144,527
ENSG00000225496,111941036,111940302,734
ENSG00000215351,20828622,20828127,495
ENSG00000153208,112029561,111898479,131082
ENSG00000253838,39915721,39914229,1492
ENSG00000253939,39995248,39903775,91473
ENSG00000254287,39920890,39918076,2814
ENSG00000181192,12123221,12068954,54267
ENSG00000183729,52941117,52938431,2686
ENSG00000217165,39112952,39110321,2631
ENSG00000248911,52976116,52975111,1005
ENSG00000112167,39115186,39104063,11123
ENSG00000250494,53162987,53162339,648
ENSG00000269635,15222297,15221015,1282
ENSG00000260650,66580716,66579983,733
ENSG00000140932,66588275,66579448,8827
ENSG00000082556,53251697,53225716,25981
ENSG00000227533,42983358,42959049,24309
ENSG00000084731,25982749,25926598,56151
ENSG00000284138,42952641,42952202,439
ENSG00000228015,33129143,33128988,155
ENSG00000139645,56258384,56237807,20577
ENSG00000128564,101165569,101162509,3060
ENSG00000141542,82698698,82654973,43725
ENSG00000080546,109094819,108986437,108382
ENSG00000138660,112270047,112231737,38310
ENSG00000205022,88866660,88863333,3327
ENSG00000256513,28825831,28821975,3856
ENSG00000167011,101180293,101170496,9797
ENSG00000175773,130403657,130314993,88664
ENSG00000254687,53242683,53177571,65112
ENSG00000249026,115392370,115389643,2727
ENSG00000248722,115402962,115402380,582
ENSG00000249944,115489931,115489634,297
ENSG00000249433,115493821,115493557,264
ENSG00000196576,50307646,50274979,32667
ENSG00000223787,92580821,92580476,345
ENSG00000105131,15233435,15226919,6516
ENSG00000067208,92792404,92508696,283708
ENSG00000227286,33026336,33020794,5542
ENSG00000233071,103206899,103206010,889
ENSG00000232316,113433421,113428540,4881
ENSG00000236347,113543793,113531118,12675
ENSG00000228164,33036373,33032837,3536
ENSG00000218208,113581947,113581501,446
ENSG00000162032,1793700,1776712,16988
ENSG00000279887,78526535,78525189,1346
ENSG00000286081,150166266,150150633,15633
ENSG00000230943,113650090,113616927,33163
ENSG00000108179,79355334,79347469,7865
ENSG00000280274,79017429,79016136,1293
ENSG00000260733,78506568,78495926,10642
ENSG00000235015,153718347,153717303,1044
ENSG00000260694,79078234,79077376,858
ENSG00000234834,33057842,33041494,16348
ENSG00000285918,79211264,79208493,2771
ENSG00000231420,150257007,150234892,22115
ENSG00000230645,150301080,150171423,129657
ENSG00000257494,112259091,112256800,2291
ENSG00000213152,112302663,112301870,793
ENSG00000132170,12434356,12287368,146988
ENSG00000231912,113837368,113791829,45539
ENSG00000146858,139036042,139025706,10336
ENSG00000227269,99184891,99183373,1518
ENSG00000270615,69608301,69606855,1446
ENSG00000229359,69920317,69919322,995
ENSG00000250444,115513694,115512077,1617
ENSG00000106144,143307696,143288215,19481
ENSG00000260344,32213503,32213380,123
ENSG00000233319,130132241,130131770,471
ENSG00000262919,153600045,153587925,12120
ENSG00000227048,201429361,201428975,386
ENSG00000159173,201429866,201403768,26098
ENSG00000260575,32254422,32250620,3802
ENSG00000182162,1537185,1462581,74604
ENSG00000205456,32255922,32252719,3203
ENSG00000241187,154729694,154729231,463
ENSG00000279936,37403846,37401404,2442
ENSG00000250995,118770857,118769796,1061
ENSG00000140943,84116942,84053761,63181
ENSG00000131724,118794535,118727133,67402
ENSG00000255563,41660221,41660030,191
ENSG00000255388,41714448,41518895,195553
ENSG00000186143,27139410,27136848,2562
ENSG00000179010,6642745,6640091,2654
ENSG00000213594,38286410,38285410,1000
ENSG00000223896,92756956,92755794,1162
ENSG00000242729,41538986,41538434,552
ENSG00000229992,92647630,92647048,582
ENSG00000263063,82716255,82713908,2347
ENSG00000225505,92733257,92732000,1257
ENSG00000234202,92749330,92749175,155
ENSG00000278687,28978685,28978584,101
ENSG00000251154,90488964,90469787,19177
ENSG00000223584,90632568,90631906,662
ENSG00000197976,1602520,1591604,10916
ENSG00000163792,27156974,27149004,7970
ENSG00000152475,58381030,58367618,13412
ENSG00000226254,91107793,91107374,419
ENSG00000235503,83362266,83355154,7112
ENSG00000223969,90597353,90590619,6734
ENSG00000086205,49208638,49145092,63546
ENSG00000271717,8239648,8222153,17495
ENSG00000180425,114400511,114391443,9068
ENSG00000283211,40171329,40167392,3937
ENSG00000229058,32223712,32220356,3356
ENSG00000108010,130184521,130136391,48130
ENSG00000155275,8493531,8436140,57391
ENSG00000127922,96709891,96481626,228265
ENSG00000157224,90513402,90383721,129681
ENSG00000228429,68641584,68640798,786
ENSG00000069764,14694669,14672545,22124
ENSG00000233689,69046803,69040152,6651
ENSG00000236839,69189318,69187833,1485
ENSG00000148377,1025859,1018910,6949
ENSG00000176853,123815452,123768439,47013
ENSG00000230654,69331378,69330698,680
ENSG00000229031,69333633,69331835,1798
ENSG00000171302,79009867,78991716,18151
ENSG00000225718,69430923,69224696,206227
ENSG00000107937,1019932,988434,31498
ENSG00000232335,35743576,35739389,4187
ENSG00000225113,109597781,109596225,1556
ENSG00000134183,109619929,109603267,16662
ENSG00000104687,30727846,30678066,49780
ENSG00000092853,35769978,35720218,49760
ENSG00000186847,41586895,41582279,4616
ENSG00000262179,44218236,44216939,1297
ENSG00000271730,108999125,108998482,643
ENSG00000215317,28903697,28901779,1918
ENSG00000120251,157366075,157204182,161893
ENSG00000267450,16052689,16051929,760
ENSG00000277513,43104497,43104086,411
ENSG00000213625,65436007,65420587,15420
ENSG00000104331,56993867,56957931,35936
ENSG00000121680,45918812,45909663,9149
ENSG00000087008,8440723,8366282,74441
ENSG00000186973,43156396,43145153,11243
ENSG00000283436,156695659,156655224,40435
ENSG00000228703,109630305,109628417,1888
ENSG00000228672,139395713,139390592,5121
ENSG00000260081,153613937,153599315,14622
ENSG00000065135,109618324,109548615,69709
ENSG00000267517,16066312,16065737,575
ENSG00000266527,27881237,27874645,6592
ENSG00000217889,153605348,153604497,851
ENSG00000285398,83373096,83372652,444
ENSG00000106113,30700129,30651942,48187
ENSG00000230617,83425002,83424880,122
ENSG00000253301,57240298,57142689,97609
ENSG00000170381,83649139,83363238,285901
ENSG00000155530,134264591,134127299,137292
ENSG00000186832,41615899,41609778,6121
ENSG00000169154,37940124,37934281,5843
ENSG00000237852,65494188,65486406,7782
ENSG00000224570,65578380,65576129,2251
ENSG00000235991,155156503,155137111,19392
ENSG00000224818,201465146,201464383,763
ENSG00000174307,201469237,201464383,4854
ENSG00000136527,185938103,185914558,23545
ENSG00000099769,1794971,1790413,4558
ENSG00000185515,155123074,155071420,51654
ENSG00000251142,57240541,57240057,484
ENSG00000178226,31150094,31138925,11169
ENSG00000220154,79278427,79278105,322
ENSG00000274677,84086590,84085979,611
ENSG00000286042,79313384,79307669,5715
ENSG00000229094,31164434,31158060,6374
ENSG00000227801,33114125,33084308,29817
ENSG00000175318,72197787,72159806,37981
ENSG00000285880,37965953,37934340,31613
ENSG00000095906,1789186,1782932,6254
ENSG00000188778,37966599,37962990,3609
ENSG00000170469,139404088,139396563,7525
ENSG00000115963,150539011,150468195,70816
ENSG00000170846,6676755,6663396,13359
ENSG00000128408,45432496,45413691,18805
ENSG00000284847,6658981,6658690,291
ENSG00000251580,6673896,6648696,25200
ENSG00000223396,201584367,201518703,65664
ENSG00000116337,109632051,109616104,15947
ENSG00000159176,201509456,201483530,25926
ENSG00000259658,101746870,101732201,14669
ENSG00000245148,72705607,72700474,5133
ENSG00000143369,150513789,150508062,5727
ENSG00000249934,88510403,88508591,1812
ENSG00000232656,1044201,1022666,21535
ENSG00000257258,29148675,29143196,5479
ENSG00000282885,49864326,49861176,3150
ENSG00000278002,49864379,49863072,1307
ENSG00000134917,130428609,130404923,23686
ENSG00000125998,35292425,35285731,6694
ENSG00000232363,45448743,45435864,12879
ENSG00000229970,8344516,8262264,82252
ENSG00000227719,8116561,8114025,2536
ENSG00000067064,1049170,1039152,10018
ENSG00000244239,8262821,8262233,588
ENSG00000235214,35285756,35285251,505
ENSG00000275322,96345651,96342953,2698
ENSG00000171827,37488652,37467585,21067
ENSG00000272328,8341343,8303741,37602
ENSG00000145337,88523776,88520998,2778
ENSG00000058091,91210590,90466424,744166
ENSG00000135502,57626151,57619527,6624
ENSG00000135472,49904217,49866896,37321
ENSG00000187833,73817147,73784189,32958
ENSG00000003147,8262687,8113184,149503
ENSG00000112041,35512896,35497874,15022
ENSG00000213856,49633349,49632500,849
ENSG00000255072,88521789,88521573,216
ENSG00000260402,32265514,32262827,2687
ENSG00000217786,79327207,79326568,639
ENSG00000227391,49668680,49664844,3836
ENSG00000259822,32279115,32278866,249
ENSG00000162522,32774970,32741830,33140
ENSG00000253614,57266613,57261226,5387
ENSG00000068985,49695984,49687447,8537
ENSG00000215117,57284731,57279543,5188
ENSG00000198553,50020922,50015254,5668
ENSG00000277594,37648026,37614320,33706
ENSG00000253871,57364857,57343787,21070
ENSG00000147324,8893630,8783354,110276
ENSG00000196437,37469275,37411155,58120
ENSG00000255279,41875997,41855920,20077
ENSG00000261127,32310555,32289547,21008
ENSG00000255171,41857733,41714534,143199
ENSG00000260516,32363695,32356981,6714
ENSG00000198862,28992956,28928144,64812
ENSG00000236303,130483193,130213488,269705
ENSG00000282069,1892455,1891136,1319
ENSG00000276375,130286604,130282445,4159
ENSG00000254668,41797964,41797543,421
ENSG00000276333,1920464,1913487,6977
ENSG00000285486,44281182,44276368,4814
ENSG00000141560,82730328,82716706,13622
ENSG00000270966,8934006,8933721,285
ENSG00000233609,8979025,8961200,17825
ENSG00000249405,50860020,50858760,1260
ENSG00000270830,50903743,50903608,135
ENSG00000064763,29340980,29149103,191877
ENSG00000251601,50934521,50929484,5037
ENSG00000250360,50967008,50965687,1321
ENSG00000108309,44318670,44308413,10257
ENSG00000126259,35867109,35855861,11248
ENSG00000234537,92138629,92132398,6231
ENSG00000248918,50970187,50969660,527
ENSG00000251573,50970167,50969217,950
ENSG00000196914,120489937,120336413,153524
ENSG00000278734,51101643,51101172,471
ENSG00000143398,151249536,151197949,51587
ENSG00000240627,51275734,51275253,481
ENSG00000232756,77995171,77990384,4787
ENSG00000214827,155147937,155061622,86315
ENSG00000259660,101794302,101751032,43270
ENSG00000106125,30892387,30771417,120970
ENSG00000259663,51383332,51372736,10596
ENSG00000239689,50824120,50823577,543
ENSG00000267233,50815730,50814392,1338
ENSG00000240771,57619379,57610180,9199
ENSG00000259236,101781989,101771758,10231
ENSG00000134042,50825402,50795120,30282
ENSG00000243531,6900623,6900424,199
ENSG00000016082,51394730,51383448,11282
ENSG00000165527,49897054,49893082,3972
ENSG00000206315,32147792,32142341,5451
ENSG00000226943,6930835,6923804,7031
ENSG00000241539,6924513,6924078,435
ENSG00000182712,155071136,155061622,9514
ENSG00000258135,49911863,49908882,2981
ENSG00000229263,30803410,30796691,6719
ENSG00000240583,30925517,30911694,13823
ENSG00000172269,119108331,119096503,11828
ENSG00000285122,88524983,88523826,1157
ENSG00000215788,6466195,6460786,5409
ENSG00000138641,88708541,88592434,116107
ENSG00000238069,156778372,156777706,666
ENSG00000153214,112119318,112055269,64049
ENSG00000213194,157211539,157210847,692
ENSG00000218029,79354713,79354443,270
ENSG00000260772,69704652,69703065,1587
ENSG00000246526,6690519,6687448,3071
ENSG00000262048,79406774,79406240,534
ENSG00000104626,9116746,9002147,114599
ENSG00000279859,6692970,6691995,975
ENSG00000231533,79421305,79420297,1008
ENSG00000242440,148399956,148280891,119065
ENSG00000056277,130268899,130202707,66192
ENSG00000224536,201534784,201507241,27543
ENSG00000285557,148591927,148368384,223543
ENSG00000163993,6697170,6693878,3292
ENSG00000259445,81995666,81953303,42363
ENSG00000261226,88939651,88936779,2872
ENSG00000241993,148696204,148695994,210
ENSG00000224222,70007836,69994626,13210
ENSG00000231098,134286055,134284500,1555
ENSG00000263321,82734143,82729164,4979
ENSG00000129993,88977204,88874858,102346
ENSG00000279847,93166850,93134095,32755
ENSG00000282742,6698809,6697861,948
ENSG00000178988,6709865,6707701,2164
ENSG00000259622,82010607,82010212,395
ENSG00000218748,79437167,79436908,259
ENSG00000236526,11918677,11909404,9273
ENSG00000267750,44315315,44299574,15741
ENSG00000275278,29156991,29156448,543
ENSG00000186222,6717671,6716055,1616
ENSG00000132640,11926609,11890723,35886
ENSG00000275476,29277882,29277397,485
ENSG00000183496,82046119,82041778,4341
ENSG00000184140,101806887,101803509,3378
ENSG00000115919,143055833,142877657,178176
ENSG00000087502,29381189,29337352,43837
ENSG00000250424,30923812,30852273,71539
ENSG00000182854,101820197,101812202,7995
ENSG00000197774,1781708,1773207,8501
ENSG00000232459,101829679,101828741,938
ENSG00000254959,30892081,30752137,139944
ENSG00000117395,43270936,43164175,106761
ENSG00000085382,104859919,104728094,131825
ENSG00000165632,8016631,7818505,198126
ENSG00000223419,30742818,30742431,387
ENSG00000179295,112509913,112418351,91562
ENSG00000241644,30757602,30697985,59617
ENSG00000257771,49930320,49911953,18367
ENSG00000263878,4013943,3962353,51590
ENSG00000224713,57619638,57612118,7520
ENSG00000261523,14707055,14695567,11488
ENSG00000174460,118826968,118823824,3144
ENSG00000264246,4431152,4430945,207
ENSG00000266401,3656282,3653410,2872
ENSG00000130528,49155396,49151198,4198
ENSG00000135454,57633239,57623409,9830
ENSG00000262001,3608336,3603000,5336
ENSG00000254049,32442725,32440746,1979
ENSG00000225477,21284955,21283779,1176
ENSG00000286131,32647390,32647202,188
ENSG00000165119,83980616,83968083,12533
ENSG00000253974,32139475,32026219,113256
ENSG00000254816,21170137,21169748,389
ENSG00000233990,7833957,7833618,339
ENSG00000250933,3978615,3977649,966
ENSG00000165973,21575681,20669551,906130
ENSG00000266513,3771430,3770017,1413
ENSG00000214344,101850324,101842119,8205
ENSG00000270798,121745921,121743479,2442
ENSG00000211460,121767853,121737103,30750
ENSG00000170579,4455307,3496032,959275
ENSG00000243050,57392882,57392546,336
ENSG00000232450,113699631,113698884,747
ENSG00000253821,57591559,57492884,98675
ENSG00000170871,6884170,6781375,102795
ENSG00000253322,57805029,57594166,210863
ENSG00000116793,113759489,113696831,62658
ENSG00000254139,57750199,57746149,4050
ENSG00000249755,88528170,88527160,1010
ENSG00000285385,88649847,88523810,126037
ENSG00000177432,88697829,88695915,1914
ENSG00000205959,8512610,8482270,30340
ENSG00000179178,43274002,43269983,4019
ENSG00000242731,6939603,6931684,7919
ENSG00000251186,8454942,8453410,1532
ENSG00000239696,7079742,7078302,1440
ENSG00000219758,113839621,113839279,342
ENSG00000224929,33072108,33059973,12135
ENSG00000277443,113863475,113857345,6130
ENSG00000243038,50053569,50052857,712
ENSG00000214900,50092643,49927571,165072
ENSG00000238100,33076557,33073573,2984
ENSG00000225339,34286768,34248568,38200
ENSG00000227502,113873351,113868013,5338
ENSG00000177054,19176422,19117099,59323
ENSG00000227402,33358319,33354325,3994
ENSG00000272325,34392669,34279679,112990
ENSG00000243710,43254358,43172149,82209
ENSG00000122335,158168280,158109515,58765
ENSG00000105793,90391455,90335223,56232
ENSG00000250727,124143512,124141888,1624
ENSG00000254000,123925933,123924759,1174
ENSG00000172375,119118544,119102198,16346
ENSG00000253868,124171522,124046073,125449
ENSG00000124614,34426125,34417454,8671
ENSG00000254249,124040468,124036010,4458
ENSG00000214814,124120061,123851987,268074
ENSG00000170523,52321398,52314301,7097
ENSG00000134571,47352702,47331397,21305
ENSG00000144891,148743008,148697784,45224
ENSG00000259881,88887136,88881038,6098
ENSG00000205018,88951524,88939789,11735
ENSG00000231531,143313061,143312684,377
ENSG00000253885,124152433,124151923,510
ENSG00000181171,124040782,123984138,56644
ENSG00000105290,35879791,35867899,11892
ENSG00000257109,101876901,101875964,937
ENSG00000136542,157318491,157257705,60786
ENSG00000089009,112418838,112405190,13648
ENSG00000273680,29333383,29332733,650
ENSG00000257176,29317848,29280418,37430
ENSG00000263353,120890405,120889746,659
ENSG00000274315,29331936,29331434,502
ENSG00000270788,50051336,50050368,968
ENSG00000206314,32153129,32148372,4757
ENSG00000226067,121009291,120913275,96016
ENSG00000244167,7178324,7177952,372
ENSG00000106392,7248651,7156934,91717
ENSG00000087237,56983845,56961923,21922
ENSG00000281741,120914238,120913151,1087
ENSG00000231321,33354568,33347482,7086
ENSG00000285215,120977585,120963645,13940
ENSG00000275585,121052167,120985692,66475
ENSG00000274928,52354036,52341197,12839
ENSG00000225046,130331069,130330857,212
ENSG00000235072,25375845,25369136,6709
ENSG00000135443,52367481,52360006,7475
ENSG00000181396,82418637,82389210,29427
ENSG00000188037,143352083,143316126,35957
ENSG00000174903,66277492,66268590,8902
ENSG00000153250,160493807,160272151,221656
ENSG00000116497,32858875,32816767,42108
ENSG00000196433,1643081,1615059,28022
ENSG00000206312,32181676,32152449,29227
ENSG00000224655,121809959,121790444,19515
ENSG00000249819,157204855,157204462,393
ENSG00000234215,69597448,69595958,1490
ENSG00000180176,2171877,2163929,7948
ENSG00000275296,121059353,121058948,405
ENSG00000125991,35557634,35542021,15613
ENSG00000237856,123067722,123065321,2401
ENSG00000232740,123073481,123066151,7330
ENSG00000226708,123444445,123443266,1179
ENSG00000254452,66277492,66276779,713
ENSG00000174871,66285301,66278175,7126
ENSG00000227535,104845820,104831129,14691
ENSG00000234998,121116676,121087528,29148
ENSG00000254822,41877078,41876634,444
ENSG00000223345,121117257,121108210,9047
ENSG00000255300,42163851,41993385,170466
ENSG00000198019,121096310,121087345,8965
ENSG00000255109,42253712,42183292,70420
ENSG00000228254,32797319,32789880,7439
ENSG00000254914,42939998,42939775,223
ENSG00000205293,57984126,57855500,128626
ENSG00000253376,57890809,57889576,1233
ENSG00000104412,108489196,108443601,45595
ENSG00000226147,52996026,52994726,1300
ENSG00000236360,52993702,52993201,501
ENSG00000237279,52943930,52943536,394
ENSG00000253523,58032682,58031334,1348
ENSG00000242595,58113622,58113189,433
ENSG00000134684,32818153,32775237,42916
ENSG00000116171,53051698,52927276,124422
ENSG00000253116,58106294,58091442,14852
ENSG00000169122,58204279,57994509,209770
ENSG00000155099,91040872,90993802,47070
ENSG00000224341,118879185,118877886,1299
ENSG00000174851,66289145,66284580,4565
ENSG00000203650,118919669,118839554,80115
ENSG00000285715,122019160,122017982,1178
ENSG00000285973,122155176,122145106,10070
ENSG00000213049,9029089,9027532,1557
ENSG00000259989,88995369,88984032,11337
ENSG00000255776,9037244,9036344,900
ENSG00000132854,62319434,62236165,83269
ENSG00000256982,89052965,89046172,6793
ENSG00000257588,49962924,49951512,11412
ENSG00000233029,121097655,121090289,7366
ENSG00000214851,9065070,9055586,9484
ENSG00000235640,123697396,123695302,2094
ENSG00000259454,101887767,101887354,413
ENSG00000259646,101903204,101903154,50
ENSG00000161798,49965682,49961872,3810
ENSG00000136541,157327713,157318625,9088
ENSG00000177693,101923113,101922042,1071
ENSG00000280440,90346218,90345873,345
ENSG00000108691,34257203,34255218,1985
ENSG00000273299,90513391,90403434,109957
ENSG00000183909,101933350,101926164,7186
ENSG00000128487,20319026,20009344,309682
ENSG00000259912,48622033,48620319,1714
ENSG00000275771,101938470,101937591,879
ENSG00000260086,48744921,48623436,121485
ENSG00000253358,91018655,91016588,2067
ENSG00000167580,49958881,49950741,8140
ENSG00000260726,48719143,48718083,1060
ENSG00000272545,48641052,48640473,579
ENSG00000260052,48638719,48637143,1576
ENSG00000254725,43066076,43065686,390
ENSG00000220583,34263673,34263311,362
ENSG00000271028,43065932,43063637,2295
ENSG00000241910,32850548,32846263,4285
ENSG00000186577,34249108,34246381,2727
ENSG00000250072,149109787,149063317,46470
ENSG00000230825,7277779,7255154,22625
ENSG00000233223,7584072,7581964,2108
ENSG00000236712,7293880,7293508,372
ENSG00000137965,78664078,78649796,14282
ENSG00000251557,43269393,43120762,148631
ENSG00000129194,7590170,7588178,1992
ENSG00000100483,50116600,50108632,7968
ENSG00000257378,49956125,49954639,1486
ENSG00000231270,118939134,118938153,981
ENSG00000073921,86069882,85957175,112707
ENSG00000144152,112188218,112138385,49833
ENSG00000229677,139050006,139049456,550
ENSG00000105939,139109720,139043515,66205
ENSG00000167460,16103005,16067021,35984
ENSG00000129226,7582111,7579491,2620
ENSG00000254219,91044762,91042690,2072
ENSG00000253738,91070189,91059909,10280
ENSG00000178927,82450829,82442586,8243
ENSG00000102409,103217246,103215108,2138
ENSG00000285401,75744840,75744275,565
ENSG00000231327,70125317,70124036,1281
ENSG00000181896,19683509,19668796,14713
ENSG00000250372,176014417,176012038,2379
ENSG00000277957,7578715,7563287,15428
ENSG00000236495,14661691,14652689,9002
ENSG00000267319,37693564,37693280,284
ENSG00000267552,37719188,37689865,29323
ENSG00000254624,49923886,49923049,837
ENSG00000284946,91022566,90966190,56376
ENSG00000229364,29898101,29897735,366
ENSG00000275929,91031691,91031246,445
ENSG00000258817,49953419,49952391,1028
ENSG00000198901,90995629,90966040,29589
ENSG00000161270,35869287,35825964,43323
ENSG00000223860,29899837,29898975,862
ENSG00000161960,7579006,7572706,6300
ENSG00000221954,49982535,49981473,1062
ENSG00000235426,79409274,79382328,26946
ENSG00000106384,101201038,101195007,6031
ENSG00000165424,79445627,79382325,63302
ENSG00000283605,50019695,50018798,897
ENSG00000236033,29918128,29917138,990
ENSG00000175967,113921642,113904138,17504
ENSG00000229959,29920391,29917614,2777
ENSG00000270800,34426071,34284887,141184
ENSG00000120784,37692337,37613749,78588
ENSG00000236099,27159229,27158563,666
ENSG00000245156,66278525,66269832,8693
ENSG00000143624,153774808,153728050,46758
ENSG00000225357,35753719,35752814,905
ENSG00000259021,79499984,79499666,318
ENSG00000158526,54448032,54440404,7628
ENSG00000160183,42396846,42371837,25009
ENSG00000241317,79506281,79504073,2208
ENSG00000138768,75814286,75724593,89693
ENSG00000169435,73620631,73571550,49081
ENSG00000235705,79510982,79507597,3385
ENSG00000175556,119018355,118974614,43741
ENSG00000177675,7479897,7346685,133212
ENSG00000253626,79516440,79512601,3839
ENSG00000022355,161899981,161847063,52918
ENSG00000205809,10442300,10426854,15446
ENSG00000114423,105869552,105655461,214091
ENSG00000271985,79526631,79526508,123
ENSG00000232965,79544356,79544087,269
ENSG00000102302,54496234,54445454,50780
ENSG00000226114,86934822,86934462,360
ENSG00000135636,71686768,71453722,233046
ENSG00000145780,115544775,115520908,23867
ENSG00000187627,87013976,86907953,106023
ENSG00000260018,84117571,84117051,520
ENSG00000198700,201884291,201829149,55142
ENSG00000237220,150568080,150566134,1946
ENSG00000236049,150572221,150552532,19689
ENSG00000260410,84121153,84119293,1860
ENSG00000154654,21543329,20998409,544920
ENSG00000255284,784297,777578,6719
ENSG00000224048,150635348,150612381,22967
ENSG00000279672,780755,779617,1138
ENSG00000255142,782105,781645,460
ENSG00000270390,142948086,142947300,786
ENSG00000180964,103255192,103252995,2197
ENSG00000232359,150620067,150595102,24965
ENSG00000130829,153651326,153642492,8834
ENSG00000103160,84145192,84122141,23051
ENSG00000260184,48850015,48849919,96
ENSG00000260067,49066729,49066567,162
ENSG00000205810,10420595,10412312,8283
ENSG00000261421,49162023,49159508,2515
ENSG00000266916,37507087,37497159,9928
ENSG00000261815,49171786,49170552,1234
ENSG00000102924,49281838,49277917,3921
ENSG00000198182,37719761,37696371,23390
ENSG00000205267,101203526,101201809,1717
ENSG00000205060,134316930,134289332,27598
ENSG00000213394,101204495,101203614,881
ENSG00000278962,112190635,112188364,2271
ENSG00000255641,10436001,10412312,23689
ENSG00000158435,101270316,101252886,17430
ENSG00000172116,86861924,86815339,46585
ENSG00000143549,154194648,154155304,39344
ENSG00000144161,112255136,112211529,43607
ENSG00000134545,10454685,10442264,12421
ENSG00000279249,49350504,49282037,68467
ENSG00000145715,87391931,87267888,124043
ENSG00000226771,21226829,21223295,3534
ENSG00000280189,49299762,49297143,2619
ENSG00000225026,12328274,12328003,271
ENSG00000119523,99221942,99216425,5517
ENSG00000267470,37587348,37548914,38434
ENSG00000255198,1965509,1964959,550
ENSG00000262666,155270887,155262609,8278
ENSG00000255836,7439990,7438780,1210
ENSG00000154134,124881471,124865432,16039
ENSG00000177575,7503893,7470813,33080
ENSG00000237793,153662692,153662162,530
ENSG00000259542,96405189,96393146,12043
ENSG00000261722,79229453,79212711,16742
ENSG00000224692,103259581,103258572,1009
ENSG00000099284,70112282,70052846,59436
ENSG00000229177,134350791,134346071,4720
ENSG00000261472,79516293,79505603,10690
ENSG00000260484,53390872,53388701,2171
ENSG00000273297,134432453,134416290,16163
ENSG00000259614,96389056,96388214,842
ENSG00000259275,96403803,96354237,49566
ENSG00000228126,150518032,150515757,2275
ENSG00000175573,65919062,65916810,2252
ENSG00000236390,201674144,201673105,1039
ENSG00000235121,201737506,201723294,14212
ENSG00000228064,151003474,150982506,20968
ENSG00000178573,79600737,79585843,14894
ENSG00000134970,115632992,115613210,19782
ENSG00000222031,151048774,151001220,47554
ENSG00000134369,201826969,201622885,204084
ENSG00000164587,150449739,150442635,7104
ENSG00000213201,151186595,151186188,407
ENSG00000236885,151186209,151114811,71398
ENSG00000180458,37549171,37545470,3701
ENSG00000184898,151261863,151247940,13923
ENSG00000171817,37614179,37551406,62773
ENSG00000251201,115626161,115578642,47519
ENSG00000229261,69232490,69215333,17157
ENSG00000156510,69267552,69220332,47220
ENSG00000231868,6447006,6443034,3972
ENSG00000042286,70132934,70098223,34711
ENSG00000265737,14825249,14816151,9098
ENSG00000180777,14852738,14728272,124466
ENSG00000214432,91036611,91022619,13992
ENSG00000154898,20403557,20321164,82393
ENSG00000243414,115602479,115578650,23829
ENSG00000278514,91023200,91022766,434
ENSG00000260327,32380049,32379071,978
ENSG00000258665,91032435,91031712,723
ENSG00000013725,61020377,60971680,48697
ENSG00000086159,49977139,49967194,9945
ENSG00000225681,20056630,20056287,343
ENSG00000258542,91029996,91029888,108
ENSG00000266839,20323337,20323058,279
ENSG00000179580,1968975,1966823,2152
ENSG00000249249,115620659,115602057,18602
ENSG00000214832,20376840,20375369,1471
ENSG00000184056,91022603,90998416,24187
ENSG00000203804,150574552,150560202,14350
ENSG00000225014,20112990,20111824,1166
ENSG00000101951,49833973,49829260,4713
ENSG00000263494,20322973,20185082,137891
ENSG00000143384,150579738,150574551,5187
ENSG00000274295,53394795,53394215,580
ENSG00000230678,32959446,32955787,3659
ENSG00000253369,53395946,53395211,735
ENSG00000254204,53515905,53515170,735
ENSG00000237807,53523931,53515171,8760
ENSG00000254906,20671297,20670425,872
ENSG00000255167,21262570,21260061,2509
ENSG00000183281,87021852,87002559,19293
ENSG00000011009,23795539,23791145,4394
ENSG00000106803,99230615,99222064,8551
ENSG00000231748,69268148,69265342,2806
ENSG00000242159,88319022,88317156,1866
ENSG00000259312,96444266,96438570,5696
ENSG00000250825,96442313,96441566,747
ENSG00000162552,22143969,22117313,26656
ENSG00000196381,37692315,37667751,24564
ENSG00000283434,88467562,88338413,129149
ENSG00000161800,50033136,49976923,56213
ENSG00000230244,83664625,83663419,1206
ENSG00000283246,40193921,40187792,6129
ENSG00000237781,150557724,150548562,9162
ENSG00000240919,53533704,53532908,796
ENSG00000285873,22157401,22142850,14551
ENSG00000206144,53540300,53537060,3240
ENSG00000228277,73714527,73710302,4225
ENSG00000148357,130434123,130265882,168241
ENSG00000234397,22323331,22322840,491
ENSG00000143382,150560937,150549369,11568
ENSG00000124356,73873659,73828916,44743
ENSG00000235110,143856142,143855739,403
ENSG00000164626,39229475,39188971,40504
ENSG00000279625,22366482,22364630,1852
ENSG00000242207,48634932,48628675,6257
ENSG00000180479,37594790,37554782,40008
ENSG00000120068,48614939,48611377,3562
ENSG00000169429,73743716,73740541,3175
ENSG00000250685,84197053,84192558,4495
ENSG00000141867,15332545,15235519,97026
ENSG00000205464,82386977,82279462,107515
ENSG00000253854,93721167,93719574,1593
ENSG00000260027,48633572,48607227,26345
ENSG00000253960,93234878,93215925,18953
ENSG00000231351,86930754,86930250,504
ENSG00000271971,93716113,93715378,735
ENSG00000268080,93229916,93229659,257
ENSG00000213605,86885731,86885075,656
ENSG00000253722,93734022,93733216,806
ENSG00000154099,84178767,84145287,33480
ENSG00000233673,86912978,86861825,51153
ENSG00000188343,93731527,93698561,32966
ENSG00000170689,48626358,48621156,5202
ENSG00000188227,37548762,37506939,41823
ENSG00000267417,13014511,13013662,849
ENSG00000267610,13071374,13069792,1582
ENSG00000279044,13082564,13081966,598
ENSG00000008441,13098796,12995608,103188
ENSG00000118990,161751768,161751448,320
ENSG00000070031,627181,626309,872
ENSG00000166106,130476641,130448974,27667
ENSG00000069696,640706,637293,3413
ENSG00000215399,101802488,101801878,610
ENSG00000224497,35544747,35544430,317
ENSG00000102466,102402457,101710804,691653
ENSG00000248393,82546310,82545862,448
ENSG00000248870,82587411,82586776,635
ENSG00000142920,33123492,33081104,42388
ENSG00000227284,96859618,96858182,1436
ENSG00000243780,59525881,59525422,459
ENSG00000242295,96448493,96448154,339
ENSG00000105048,55149206,55132698,16508
ENSG00000249100,82766333,82765404,929
ENSG00000259534,96449749,96448842,907
ENSG00000240411,82778586,82777797,789
ENSG00000240238,59553093,59552615,478
ENSG00000242365,88601402,88601061,341
ENSG00000248105,82825184,82824884,300
ENSG00000259340,96551517,96551381,136
ENSG00000281327,82859836,82850864,8972
ENSG00000242705,88950928,88948142,2786
ENSG00000248112,82921119,82919376,1743
ENSG00000214424,96758596,96756987,1609
ENSG00000249857,82940983,82940458,525
ENSG00000103168,84187070,84177847,9223
ENSG00000248400,82977153,82968888,8265
ENSG00000241861,89048434,89047442,992
ENSG00000154511,92961522,92832737,128785
ENSG00000276012,101723106,101717564,5542
ENSG00000229975,102003310,102002125,1185
ENSG00000104824,38852347,38836388,15959
ENSG00000276583,195741123,195720882,20241
ENSG00000239921,127537780,127480690,57090
ENSG00000070614,150558211,150485818,72393
ENSG00000236860,102263202,102263046,156
ENSG00000198542,101720856,101452593,268263
ENSG00000240562,127490787,127489553,1234
ENSG00000248943,177803344,177801204,2140
ENSG00000282975,127540485,127537937,2548
ENSG00000235298,83975777,83972233,3544
ENSG00000270865,37983373,37983070,303
ENSG00000277602,1971896,1971655,241
ENSG00000140299,59689534,59659146,30388
ENSG00000229717,75832705,75830751,1954
ENSG00000235292,12244296,12243895,401
ENSG00000230437,12316485,12305613,10872
ENSG00000235698,12381255,12380056,1199
ENSG00000267115,37504465,37503906,559
ENSG00000269931,12937097,12934877,2220
ENSG00000286087,12940902,12936262,4640
ENSG00000234265,12951627,12950338,1289
ENSG00000248893,101956412,101954885,1527
ENSG00000229052,92934098,92930696,3402
ENSG00000122406,92841924,92831983,9941
ENSG00000233048,12952519,12865202,87317
ENSG00000282953,195739964,195658062,81902
ENSG00000156194,75902571,75859864,42707
ENSG00000163870,127598267,127571266,27001
ENSG00000254333,150485968,150475531,10437
ENSG00000130175,11450968,11435288,15680
ENSG00000279198,16077395,16074293,3102
ENSG00000253281,58272119,58255771,16348
ENSG00000166152,49399431,49373823,25608
ENSG00000262543,138383075,138377905,5170
ENSG00000120555,38402916,38383069,19847
ENSG00000277214,79604177,79603572,605
ENSG00000278058,79606605,79605802,803
ENSG00000261520,4295405,4264602,30803
ENSG00000259553,101961408,101959848,1560
ENSG00000275040,79620110,79619469,641
ENSG00000172766,41377030,41311267,65763
ENSG00000108688,34272242,34270221,2021
ENSG00000218499,138393544,138393373,171
ENSG00000185596,101976543,101961603,14940
ENSG00000260876,79807922,79676108,131814
ENSG00000177337,3598352,3593732,4620
ENSG00000238015,78666695,78666272,423
ENSG00000235400,78750659,78749073,1586
ENSG00000258725,90988624,90966345,22279
ENSG00000262950,49454078,49442910,11168
ENSG00000263110,49457269,49454229,3040
ENSG00000233107,76107324,76106016,1308
ENSG00000243613,153751227,153746851,4376
ENSG00000261623,49469875,49466106,3769
ENSG00000253657,108573174,108572643,531
ENSG00000261082,79827150,79798050,29100
ENSG00000228209,76258897,76258034,863
ENSG00000143554,153780157,153774354,5803
ENSG00000279378,79677715,79675685,2030
ENSG00000261390,79770563,79715232,55331
ENSG00000116001,70248660,70209444,39216
ENSG00000230013,104991781,104990796,985
ENSG00000135540,138692571,138422043,270528
ENSG00000164841,108787594,108606850,180744
ENSG00000266373,3580754,3580169,585
ENSG00000172156,34288334,34285668,2666
ENSG00000251517,42707335,42706107,1228
ENSG00000263724,3897069,3878180,18889
ENSG00000253949,108626767,108581062,45705
ENSG00000162618,79006730,78889764,116966
ENSG00000253580,108653315,108652373,942
ENSG00000156521,70146700,70137981,8719
ENSG00000253796,109063417,108895029,168388
ENSG00000174417,109119584,109086621,32963
ENSG00000129214,7633382,7613946,19436
ENSG00000105771,43754962,43727983,26979
ENSG00000234445,102373666,102367539,6127
ENSG00000198791,17246878,17224966,21912
ENSG00000176054,28998033,28997613,420
ENSG00000243319,102394519,102292327,102192
ENSG00000285190,87499340,87412342,86998
ENSG00000279702,102300272,102299790,482
ENSG00000134480,87412930,87318416,94514
ENSG00000272143,102395703,102394630,1073
ENSG00000148343,129072082,129036621,35461
ENSG00000230018,113483113,113482616,497
ENSG00000155100,91087095,91070196,16899
ENSG00000185664,55973317,55954105,19212
ENSG00000259657,59677321,59676757,564
ENSG00000237629,25995081,25994794,287
ENSG00000140307,59657541,59638062,19479
ENSG00000268412,26028612,26028208,404
ENSG00000140287,50265965,50241947,24018
ENSG00000235440,26102136,26101317,819
ENSG00000084733,26137454,26034084,103370
ENSG00000067225,72231822,72199029,32793
ENSG00000051620,138422197,138403531,18666
ENSG00000271356,76261661,76260755,906
ENSG00000286202,76692489,76691007,1482
ENSG00000234653,77009791,76985965,23826
ENSG00000253668,53712896,53712697,199
ENSG00000255815,99306611,99305176,1435
ENSG00000176204,77593319,76747719,845600
ENSG00000234730,21615437,21566763,48674
ENSG00000286244,73856965,73834422,22543
ENSG00000285529,130537406,130525712,11694
ENSG00000237527,21686329,21655038,31291
ENSG00000260866,32436203,32388135,48068
ENSG00000238265,21737319,21723293,14026
ENSG00000234390,49879241,49876724,2517
ENSG00000271283,19699409,19699203,206
ENSG00000231871,201829559,201688259,141300
ENSG00000259417,80252213,80195481,56732
ENSG00000271086,99377240,99355337,21903
ENSG00000176769,131311721,131092391,219330
ENSG00000270402,19710465,19708965,1500
ENSG00000224244,40689360,40687038,2322
ENSG00000233222,153752176,153750983,1193
ENSG00000104872,49453497,49446298,7199
ENSG00000253781,93647092,93646066,1026
ENSG00000233997,21797415,21746973,50442
ENSG00000279331,93740773,93740121,652
ENSG00000230562,157380414,157379724,690
ENSG00000225177,138697288,138692548,4740
ENSG00000246662,93700433,93213302,487131
ENSG00000237599,32872254,32855328,16926
ENSG00000275155,49847632,49847018,614
ENSG00000102935,49857919,49487524,370395
ENSG00000265096,79027655,79019209,8446
ENSG00000148702,113589602,113550837,38765
ENSG00000215878,138403560,138402585,975
ENSG00000231764,97014065,96955141,58924
ENSG00000232005,32229571,32224129,5442
ENSG00000248472,101979093,101976558,2535
ENSG00000274594,138464383,138464099,284
ENSG00000183808,93741017,93729356,11661
ENSG00000159784,143362770,143353400,9370
ENSG00000216802,138650973,138650226,747
ENSG00000248461,38183932,38025617,158315
ENSG00000215203,43030658,42893267,137391
ENSG00000214803,124247398,124192671,54727
ENSG00000173918,79049788,79022814,26974
ENSG00000253227,124277584,124271683,5901
ENSG00000089169,112898881,112570380,328501
ENSG00000276332,38198148,38197432,716
ENSG00000237586,124301804,124301315,489
ENSG00000230098,131095777,131095218,559
ENSG00000140297,59640239,59594875,45364
ENSG00000164983,124372692,124306189,66503
ENSG00000249412,179964419,179963615,804
ENSG00000006377,97011040,97005553,5487
ENSG00000273820,49882565,49879948,2617
ENSG00000113269,180072113,179911651,160462
ENSG00000260307,32441159,32439069,2090
ENSG00000268083,38840178,38817471,22707
ENSG00000163421,71785206,71771655,13551
ENSG00000220132,49912362,49911620,742
ENSG00000269688,38845499,38844729,770
ENSG00000183665,124462150,124450820,11330
ENSG00000104823,38831841,38815422,16419
ENSG00000254089,93297976,93259667,38309
ENSG00000075213,84492724,83955777,536947
ENSG00000239991,55175732,55166910,8822
ENSG00000197893,113664127,113588716,75411
ENSG00000227075,21975681,21933315,42366
ENSG00000135541,135497765,135283532,214233
ENSG00000249021,115692167,115691462,705
ENSG00000248709,115756527,115738978,17549
ENSG00000250267,109316513,109298598,17915
ENSG00000120526,109334118,109240919,93199
ENSG00000233215,22098459,22008944,89515
ENSG00000227161,59672302,59644298,28004
ENSG00000128422,41624842,41619441,5401
ENSG00000259238,59689418,59688517,901
ENSG00000249664,83013109,83012285,824
ENSG00000234860,99536924,99531696,5228
ENSG00000251118,115770989,115770586,403
ENSG00000166763,43718184,43699488,18696
ENSG00000237461,99819889,99585786,234103
ENSG00000223511,1763212,1732584,30628
ENSG00000281160,42266390,42264989,1401
ENSG00000187094,42266207,42257825,8382
ENSG00000184856,22116528,22098617,17911
ENSG00000234622,1768776,1767347,1429
ENSG00000164967,34612104,34610486,1618
ENSG00000234340,22136083,22134698,1385
ENSG00000198003,11435782,11420604,15178
ENSG00000140955,84197168,84191138,6030
ENSG00000129596,115816659,115804733,11926
ENSG00000233911,31163254,31156880,6374
ENSG00000099337,38332076,38319845,12231
ENSG00000173013,7042939,7040849,2090
ENSG00000119787,38377285,38293954,83331
ENSG00000245748,7046231,7030554,15677
ENSG00000240240,40329221,40264971,64250
ENSG00000187904,6998958,6995341,3617
ENSG00000173011,7057952,7041899,16053
ENSG00000281334,195685904,195658096,27808
ENSG00000223839,40329221,40321299,7922
ENSG00000132405,7033118,6909242,123876
ENSG00000175550,65921563,65919274,2289
ENSG00000259978,49764688,49764454,234
ENSG00000260024,49708243,49708006,237
ENSG00000260089,49518601,49517762,839
ENSG00000231390,40293955,40293082,873
ENSG00000280131,49711914,49711273,641
ENSG00000244130,72006975,72006774,201
ENSG00000243572,55189214,55178172,11042
ENSG00000065371,123992178,123968521,23657
ENSG00000183148,40266392,40223285,43107
ENSG00000271099,104862123,104860449,1674
ENSG00000240708,55300738,55296200,4538
ENSG00000259518,82097694,82088594,9100
ENSG00000119508,99866891,99821855,45036
ENSG00000187772,105083332,104936616,146716
ENSG00000206290,33121309,33091492,29817
ENSG00000130119,54567289,54530211,37078
ENSG00000242568,55350915,55335462,15453
ENSG00000261541,32458758,32454612,4146
ENSG00000135338,79537458,79484991,52467
ENSG00000260662,32460362,32460266,96
ENSG00000135469,56270966,56266858,4108
ENSG00000189275,131790199,131772398,17801
ENSG00000261233,32478250,32475051,3199
ENSG00000203809,104941447,104864464,76983
ENSG00000280446,131833508,131831910,1598
ENSG00000184524,790113,787115,2998
ENSG00000283095,131895297,131891640,3657
ENSG00000234812,40291502,40291275,227
ENSG00000231450,31171640,31167475,4165
ENSG00000224978,155213638,155212921,717
ENSG00000184716,43800221,43794162,6059
ENSG00000155959,155239817,155197007,42810
ENSG00000228469,31195656,31193904,1752
ENSG00000234079,31197704,31191499,6205
ENSG00000171365,50099235,49922596,176639
ENSG00000167608,54173250,54160108,13142
ENSG00000230709,16981353,16975999,5354
ENSG00000230969,16990177,16988329,1848
ENSG00000260328,17014990,17011914,3076
ENSG00000276174,42053030,42052705,325
ENSG00000265786,14884052,14877611,6441
ENSG00000078142,42087830,41955234,132596
ENSG00000231136,22154299,22153950,349
ENSG00000157796,39285810,39182504,103306
ENSG00000226043,22420819,22209939,210880
ENSG00000264061,14890086,14888709,1377
ENSG00000242775,55361829,55360443,1386
ENSG00000270802,15339237,15338948,289
ENSG00000263618,14915628,14903580,12048
ENSG00000223488,22438349,22436290,2059
ENSG00000268756,38823223,38820166,3057
ENSG00000273218,15348417,15346068,2349
ENSG00000230885,29671893,29656505,15388
ENSG00000242979,179934196,179933805,391
ENSG00000266554,14974215,14946267,27948
ENSG00000285865,179980186,179974584,5602
ENSG00000249876,179940132,179939457,675
ENSG00000276805,38452153,38403189,48964
ENSG00000269915,727047,708564,18483
ENSG00000264301,14970468,14969001,1467
ENSG00000282860,127571838,127571232,606
ENSG00000177042,705028,695428,9600
ENSG00000167117,50767557,50761029,6528
ENSG00000047249,53843558,53715543,128015
ENSG00000254577,43395495,43390283,5212
ENSG00000203496,38466176,38453181,12995
ENSG00000105708,19733112,19710472,22640
ENSG00000235712,33371048,33363951,7097
ENSG00000166181,43344529,43311963,32566
ENSG00000228882,38455365,38452987,2378
ENSG00000215151,38605609,38601418,4191
ENSG00000273133,15564253,15563698,555
ENSG00000259361,80341805,80263068,78737
ENSG00000277133,38617344,38617255,89
ENSG00000227088,77654668,77652413,2255
ENSG00000048342,15601557,15469865,131692
ENSG00000230968,77673792,77672215,1577
ENSG00000214855,44931386,44926804,4582
ENSG00000283240,16788375,16661766,126609
ENSG00000115998,70248615,70149880,98735
ENSG00000255871,16695977,16693800,2177
ENSG00000237077,77793087,77788382,4705
ENSG00000167916,40703752,40697991,5761
ENSG00000258260,56270104,56267793,2311
ENSG00000167004,43773278,43746410,26868
ENSG00000230787,79056055,79054945,1110
ENSG00000282898,79324852,79323769,1083
ENSG00000235011,79324863,79323769,1094
ENSG00000181744,144048719,143971798,76921
ENSG00000225638,38638082,38635908,2174
ENSG00000233605,77918011,77915934,2077
ENSG00000123609,151290057,151270465,19592
ENSG00000278965,180081691,180078357,3334
ENSG00000256211,16989936,16989126,810
ENSG00000253480,180087038,180085717,1321
ENSG00000285462,79346445,79325008,21437
ENSG00000229494,78127806,78088730,39076
ENSG00000177030,706715,644233,62482
ENSG00000249129,177972281,177971316,965
ENSG00000228299,31264327,31260956,3371
ENSG00000250101,177983054,177939622,43432
ENSG00000232676,79522203,79521080,1123
ENSG00000275540,19750127,19740884,9243
ENSG00000249186,177871194,177857945,13249
ENSG00000213235,16992083,16990670,1413
ENSG00000286080,19754986,19749637,5349
ENSG00000271499,19752544,19750618,1926
ENSG00000224916,44949565,44942238,7327
ENSG00000214429,78413094,78412793,301
ENSG00000259495,80403575,80344853,58722
ENSG00000249684,177963960,177950335,13625
ENSG00000261546,89115279,89113175,2104
ENSG00000180422,89164245,89159146,5099
ENSG00000242991,17122460,17121716,744
ENSG00000285724,17167790,17083531,84259
ENSG00000285409,80051404,79967733,83671
ENSG00000235756,80093237,80092103,1134
ENSG00000277535,119076373,119073226,3147
ENSG00000170089,177950732,177809407,141325
ENSG00000260322,80116918,80114943,1975
ENSG00000176715,89164121,89088375,75746
ENSG00000267467,44945496,44942237,3259
ENSG00000277670,80124361,80124004,357
ENSG00000256896,17384647,17383352,1295
ENSG00000250423,119150579,119078635,71944
ENSG00000270470,78438921,78437850,1071
ENSG00000256756,17400914,17400399,515
ENSG00000236407,80283970,80283352,618
ENSG00000234877,78599406,78597911,1495
ENSG00000225598,80374621,80373364,1257
ENSG00000234906,44949566,44945971,3595
ENSG00000256389,17615463,17589257,26206
ENSG00000235258,112286422,112286057,365
ENSG00000256994,17589992,17509353,80639
ENSG00000188177,112340063,112275597,64466
ENSG00000184677,22531157,22428838,102319
ENSG00000286260,78931146,78880713,50433
ENSG00000279842,49900524,49900019,505
ENSG00000261751,49924154,49920730,3424
ENSG00000229353,32043729,31998796,44933
ENSG00000213559,80452004,80451083,921
ENSG00000161618,49471050,49453225,17825
ENSG00000233867,38689068,38640971,48097
ENSG00000227264,38697902,38696424,1478
ENSG00000234541,38719229,38713195,6034
ENSG00000264772,7582024,7572826,9198
ENSG00000227864,119186829,119186442,387
ENSG00000230170,119221742,119220782,960
ENSG00000253525,91158748,91157285,1463
ENSG00000141504,7627876,7626234,1642
ENSG00000147606,91398155,91209494,188661
ENSG00000206384,130678155,130560334,117821
ENSG00000105948,139191986,139133744,58242
ENSG00000224399,33374799,33370805,3994
ENSG00000154133,124898500,124883691,14809
ENSG00000255158,678391,665910,12481
ENSG00000280207,177967457,177967004,453
ENSG00000177106,727727,694438,33289
ENSG00000214351,177837646,177836434,1212
ENSG00000165953,94517844,94487274,30570
ENSG00000285829,50792493,50781306,11187
ENSG00000258988,67200327,67199062,1265
ENSG00000172717,67228550,67189393,39157
ENSG00000205771,43747094,43726918,20176
ENSG00000150627,176182818,176065834,116984
ENSG00000254690,144315138,144314590,548
ENSG00000185122,144314720,144291591,23129
ENSG00000258554,55967474,55966838,636
ENSG00000237200,22519708,22517474,2234
ENSG00000170271,154859252,154818492,40760
ENSG00000123374,55972789,55966781,6008
ENSG00000249051,73778060,73777636,424
ENSG00000128886,43777315,43772605,4710
ENSG00000250550,73848829,73847866,963
ENSG00000124875,73849064,73836640,12424
ENSG00000168010,72843674,72814406,29268
ENSG00000273443,1063288,1062208,1080
ENSG00000217801,1069355,1059708,9647
ENSG00000161956,7571969,7561919,10050
ENSG00000188761,113887581,113876816,10765
ENSG00000261970,79553160,79552794,366
ENSG00000280397,144445844,144442211,3633
ENSG00000244024,145524415,145523538,877
ENSG00000241695,145685092,145684572,520
ENSG00000239797,145824739,145824257,482
ENSG00000227679,38762491,38762095,396
ENSG00000233832,38783108,38783004,104
ENSG00000244586,55488308,55487699,609
ENSG00000229485,42149549,42149310,239
ENSG00000109272,73854483,73853296,1187
ENSG00000237592,42185791,42185339,452
ENSG00000114251,55490539,55465715,24824
ENSG00000271650,42210383,42209990,393
ENSG00000274167,42276842,42242721,34121
ENSG00000267114,44954007,44950044,3963
ENSG00000228755,42281819,42279734,2085
ENSG00000244358,145961536,145939912,21624
ENSG00000226167,113901237,113856635,44602
ENSG00000146090,180209211,180100795,108416
ENSG00000134242,113871753,113813811,57942
ENSG00000135069,78330093,78297125,32968
ENSG00000090554,49486231,49474207,12024
ENSG00000070886,22603595,22563489,40106
ENSG00000225511,92160114,92141298,18816
ENSG00000206346,31962669,31960187,2482
ENSG00000185189,143840973,143833583,7390
ENSG00000272137,79561602,79561132,470
ENSG00000279659,79575530,79573877,1653
ENSG00000145349,113761927,113451032,310895
ENSG00000236717,92157445,92150382,7063
ENSG00000198478,79703655,79631329,72326
ENSG00000242028,43803043,43796142,6901
ENSG00000124780,39314461,39299001,15460
ENSG00000259966,32615639,32600299,15340
ENSG00000129255,7592789,7583529,9260
ENSG00000264812,82401382,82400703,679
ENSG00000262187,32622184,32618733,3451
ENSG00000169660,82442645,82418318,24327
ENSG00000163739,73871242,73869393,1849
ENSG00000285245,133163914,133098121,65793
ENSG00000175470,131959834,131901008,58826
ENSG00000140264,43802589,43777087,25502
ENSG00000240095,145963623,145961755,1868
ENSG00000052841,43494933,43358920,136013
ENSG00000272047,158199344,158168350,30994
ENSG00000160271,133149334,133097720,51614
ENSG00000125503,55117637,55090914,26723
ENSG00000254568,124887789,124883691,4098
ENSG00000249751,139462743,139448560,14183
ENSG00000254943,124892126,124891304,822
ENSG00000155508,154876793,154857553,19240
ENSG00000244551,49935352,49935028,324
ENSG00000227062,80464718,80464301,417
ENSG00000215197,54672638,54671985,653
ENSG00000261051,146061679,146059585,2094
ENSG00000185000,144326910,144314584,12326
ENSG00000283365,49968730,49954985,13745
ENSG00000249920,73939558,73938604,954
ENSG00000234108,80496233,80495903,330
ENSG00000236819,21090615,21075556,15059
ENSG00000270627,78589539,78589158,381
ENSG00000261251,43817394,43812456,4938
ENSG00000115165,157488961,157414619,74342
ENSG00000237257,78742744,78741720,1024
ENSG00000170464,139444491,139408588,35903
ENSG00000109016,21193265,21123364,69901
ENSG00000240032,146069185,146066344,2841
ENSG00000152952,146163653,146069440,94213
ENSG00000234078,30944801,30925624,19177
ENSG00000278191,3056458,2999797,56661
ENSG00000255892,18358967,18358443,524
ENSG00000139144,18648416,18247614,400802
ENSG00000198892,201892306,201888680,3626
ENSG00000108700,34321402,34319435,1967
ENSG00000255343,143834063,143833270,793
ENSG00000285599,143840256,143838779,1477
ENSG00000256733,61067535,61055737,11798
ENSG00000261111,32636045,32635673,372
ENSG00000261263,32650910,32650195,715
ENSG00000260311,32666533,32663925,2608
ENSG00000254907,43359296,43328748,30548
ENSG00000254463,43466871,43466392,479
ENSG00000260237,80045745,80040662,5083
ENSG00000255340,43385671,43378882,6789
ENSG00000226234,79037568,79036413,1155
ENSG00000215114,58451501,58411359,40142
ENSG00000087206,177022633,176905005,117628
ENSG00000260995,79198314,79135422,62892
ENSG00000206342,31971824,31961552,10272
ENSG00000261569,32663956,32649193,14763
ENSG00000223774,201899978,201893842,6136
ENSG00000186940,79391759,79391304,455
ENSG00000163431,201946588,201896456,50132
ENSG00000243083,72207770,72151257,56513
ENSG00000227982,84528830,84528122,708
ENSG00000260706,80167577,80065836,101741
ENSG00000235139,84584322,84532476,51846
ENSG00000239350,72085287,72085109,178
ENSG00000220125,48583339,48583093,246
ENSG00000259867,80563135,80155053,408082
ENSG00000241163,72279503,72035300,244203
ENSG00000130540,43862513,43824509,38004
ENSG00000180574,10523135,10505602,17533
ENSG00000155961,155264491,155258235,6256
ENSG00000171700,64079988,64073181,6807
ENSG00000235243,84848253,84847877,376
ENSG00000271536,73878862,73877566,1296
ENSG00000257016,10551535,10551266,269
ENSG00000279686,139462707,139442316,20391
ENSG00000232605,84876956,84876554,402
ENSG00000262560,43799133,43772617,26516
ENSG00000256039,10558049,10553363,4686
ENSG00000134375,201970664,201955503,15161
ENSG00000232019,84940245,84939349,896
ENSG00000261376,80180682,80179129,1553
ENSG00000228986,155293432,155292169,1263
ENSG00000168589,80550811,80540734,10077
ENSG00000225008,155291353,155290360,993
ENSG00000280325,84940256,84939335,921
ENSG00000155962,155334657,155276211,58446
ENSG00000234034,22520058,22500604,19454
ENSG00000225906,22884000,22882582,1418
ENSG00000267149,55053928,55027593,26335
ENSG00000249930,15492972,15492729,243
ENSG00000231058,23103074,23101223,1851
ENSG00000267110,55160671,55154757,5914
ENSG00000137100,34620523,34613545,6978
ENSG00000269469,49486231,49462752,23479
ENSG00000219368,23091831,23090028,1803
ENSG00000228988,70221023,70218589,2434
ENSG00000230972,23131206,23065491,65715
ENSG00000273189,49487637,49474586,13051
ENSG00000286222,23119903,23106928,12975
ENSG00000129991,55157773,55151767,6006
ENSG00000116754,70253052,70205682,47370
ENSG00000255145,99906601,99886322,20279
ENSG00000244559,48690624,48690481,143
ENSG00000242609,72087725,72086888,837
ENSG00000273461,72069933,72061061,8872
ENSG00000242067,48691694,48691116,578
ENSG00000142541,49492308,49487554,4754
ENSG00000242618,72209892,72202944,6948
ENSG00000272763,48647023,48635923,11100
ENSG00000276471,72084641,72080564,4077
ENSG00000279066,82427310,82425498,1812
ENSG00000272774,72178810,72178279,531
ENSG00000224712,14726338,14708944,17394
ENSG00000230491,155310490,155310247,243
ENSG00000272619,143364229,143363899,330
ENSG00000250031,58426685,58424588,2097
ENSG00000244649,48707346,48646923,60423
ENSG00000238003,201978949,201978642,307
ENSG00000232533,143380495,143379692,803
ENSG00000265614,34332228,34331862,366
ENSG00000230578,155349799,155348752,1047
ENSG00000224216,155351957,155334858,17099
ENSG00000225731,42741758,42733594,8164
ENSG00000229942,29748840,29748420,420
ENSG00000277858,155381134,155380787,347
ENSG00000180209,30377991,30370934,7057
ENSG00000228706,29790366,29789369,997
ENSG00000229529,29795307,29788968,6339
ENSG00000272567,112273316,112272968,348
ENSG00000274791,155383230,155382115,1115
ENSG00000260811,50033794,50032874,920
ENSG00000112759,44234151,44219505,14646
ENSG00000260183,80552514,80547842,4672
ENSG00000277150,155458672,155456914,1758
ENSG00000260595,50054309,50053410,899
ENSG00000239439,112031649,112030931,718
ENSG00000083845,58394806,58386400,8406
ENSG00000160191,42775509,42653621,121888
ENSG00000277745,155460005,155459415,590
ENSG00000233086,79532342,79505804,26538
ENSG00000130706,62308862,62302093,6769
ENSG00000085662,134459284,134442356,16928
ENSG00000186350,134440585,134317098,123487
ENSG00000248702,50797651,50797366,285
ENSG00000279203,15383832,15383202,630
ENSG00000214434,30381062,30380174,888
ENSG00000268189,15381194,15379076,2118
ENSG00000225393,155487046,155468286,18760
ENSG00000224533,155611616,155466540,145076
ENSG00000178307,21214624,21197280,17344
ENSG00000011243,15419141,15380050,39091
ENSG00000261976,50841626,50840057,1569
ENSG00000185973,155669944,155489011,180933
ENSG00000173714,50842348,50834650,7698
ENSG00000235106,134034666,134025481,9185
ENSG00000111335,113011723,112978395,33328
ENSG00000235679,30383622,30383400,222
ENSG00000160439,55071291,55039108,32183
ENSG00000224473,30403776,30403197,579
ENSG00000235530,21230035,21214331,15704
ENSG00000235138,134058805,134054290,4515
ENSG00000267088,42089752,42089312,440
ENSG00000169925,134068535,134030305,38230
ENSG00000235155,33256746,33255053,1693
ENSG00000214954,91219236,91101832,117404
ENSG00000206353,31960128,31949457,10671
ENSG00000111404,18320107,18080869,239238
ENSG00000100341,43892013,43879678,12335
ENSG00000243521,50849270,50847950,1320
ENSG00000231128,113829171,113812379,16792
ENSG00000107968,30461833,30434021,27812
ENSG00000081019,113812476,113761832,50644
ENSG00000229028,40721932,40717235,4697
ENSG00000110448,61127852,61102489,25363
ENSG00000123612,157628864,157526767,102097
ENSG00000236706,29923685,29923501,184
ENSG00000266961,12750068,12738965,11103
ENSG00000255199,50102898,50100892,2006
ENSG00000260302,12776137,12739490,36647
ENSG00000216710,120781512,120781220,292
ENSG00000255442,50190441,50170156,20285
ENSG00000236919,50247761,50246554,1207
ENSG00000256138,18493723,18493051,672
ENSG00000255500,50269273,50268161,1112
ENSG00000255960,18425140,18424663,477
ENSG00000226332,62306325,62305432,893
ENSG00000255042,50298452,50279828,18624
ENSG00000267419,19836073,19776602,59471
ENSG00000268873,34767663,34737795,29868
ENSG00000255001,50290933,50290749,184
ENSG00000130702,62367312,62307955,59357
ENSG00000267585,34574523,34573987,536
ENSG00000223795,134521442,134505472,15970
ENSG00000143954,79028505,79025686,2819
ENSG00000196136,94624055,94612377,11678
ENSG00000249480,31995969,31995452,517
ENSG00000100385,37175054,37125843,49211
ENSG00000089127,112933222,112906783,26439
ENSG00000274180,21253410,21238870,14540
ENSG00000081665,19821751,19785839,35912
ENSG00000118655,113914086,113905141,8945
ENSG00000244089,148825387,148824782,605
ENSG00000163751,148897203,148865296,31907
ENSG00000279549,61145464,61143380,2084
ENSG00000167987,61161615,61130257,31358
ENSG00000176040,112081269,112034843,46426
ENSG00000224051,1328896,1324756,4140
ENSG00000243415,146105204,146064042,41162
ENSG00000267586,42691422,42159283,532139
ENSG00000250339,73944324,73944011,313
ENSG00000262006,50910232,50909637,595
ENSG00000229980,50909737,50866679,43058
ENSG00000239254,139174266,139172516,1750
ENSG00000141232,50867978,50862223,5755
ENSG00000145365,112285904,112274537,11367
ENSG00000271862,83050964,83049376,1588
ENSG00000241788,48713959,48713730,229
ENSG00000167646,55166722,55158661,8061
ENSG00000123610,151380046,151357592,22454
ENSG00000159182,48722518,48721719,799
ENSG00000240521,148960112,148850933,109179
ENSG00000100665,94569913,94561442,8471
ENSG00000073331,112442621,112285509,157112
ENSG00000153002,148860187,148791102,69085
ENSG00000271081,30754539,30754236,303
ENSG00000137478,73142318,72836745,305573
ENSG00000104691,30767006,30732247,34759
ENSG00000134262,113905201,113894194,11007
ENSG00000229637,48724758,48723185,1573
ENSG00000267581,19821716,19761038,60678
ENSG00000228877,134545244,134527182,18062
ENSG00000266904,19776423,19757366,19057
ENSG00000254518,50304656,50298579,6077
ENSG00000183632,32676732,32673528,3204
ENSG00000235237,37182850,37166757,16093
ENSG00000227150,134553897,134552738,1159
ENSG00000260221,29799945,29797915,2030
ENSG00000133466,37199385,37180166,19219
ENSG00000267481,19790531,19788755,1776
ENSG00000267693,19768989,19768731,258
ENSG00000278744,134009218,134009033,185
ENSG00000266563,21260501,21259968,533
ENSG00000234184,80646788,80535755,111033
ENSG00000028839,133990432,133952170,38262
ENSG00000162576,1361777,1352689,9088
ENSG00000159352,151267479,151254703,12776
ENSG00000254090,33017043,33015261,1782
ENSG00000247134,33044855,32996178,48677
ENSG00000224326,80584363,80534978,49385
ENSG00000254346,33015026,33014081,945
ENSG00000253393,33039793,33039523,270
ENSG00000260974,32678831,32675037,3794
ENSG00000102313,54798240,54748899,49341
ENSG00000142082,236931,215030,21901
ENSG00000256667,10599669,10588063,11606
ENSG00000169962,1335314,1331280,4034
ENSG00000129170,19210571,19182037,28534
ENSG00000188488,94593118,94561442,31676
ENSG00000107404,1349418,1335276,14142
ENSG00000263821,14979839,14978739,1100
ENSG00000244061,72382393,72381794,599
ENSG00000224681,40333460,40332995,465
ENSG00000279042,14993235,14990707,2528
ENSG00000251108,72418335,72417489,846
ENSG00000227937,81081171,81080790,381
ENSG00000227069,40347052,40346144,908
ENSG00000266522,15006352,15003975,2377
ENSG00000100823,20457772,20455191,2581
ENSG00000223364,31170460,31166295,4165
ENSG00000170248,33869707,33798571,71136
ENSG00000178175,72507410,72439903,67507
ENSG00000124549,26432383,26421391,10992
ENSG00000205423,50037088,50024410,12678
ENSG00000129245,7614871,7591230,23641
ENSG00000213780,30914106,30908207,5899
ENSG00000182718,60402883,60347134,55749
ENSG00000258159,113016098,113015607,491
ENSG00000229251,84984506,84983556,950
ENSG00000111331,112973251,112938444,34807
ENSG00000184494,31853285,31848038,5247
ENSG00000258861,101051795,101045157,6638
ENSG00000228583,31194480,31192728,1752
ENSG00000261269,72442387,72439903,2484
ENSG00000232758,31196527,31190323,6204
ENSG00000153993,85186855,84995553,191302
ENSG00000232433,40349791,40348599,1192
ENSG00000259198,40316634,40312615,4019
ENSG00000244705,40313289,40312352,937
ENSG00000259330,40326715,40323664,3051
ENSG00000214222,41385183,41384773,410
ENSG00000205240,41432201,41431248,953
ENSG00000161944,7115700,7101322,14378
ENSG00000112110,159798436,159789812,8624
ENSG00000228812,62356480,62352995,3485
ENSG00000185627,252984,236966,16018
ENSG00000271243,61576394,61575774,620
ENSG00000226884,61589663,61589498,165
ENSG00000254544,19275269,19274540,729
ENSG00000255308,19281426,19196775,84651
ENSG00000129173,19241620,19224063,17557
ENSG00000257452,113017751,112907628,110123
ENSG00000263893,72644490,72642731,1759
ENSG00000233927,8323340,8321158,2182
ENSG00000235744,32987559,32982126,5433
ENSG00000224059,85029692,85027828,1864
ENSG00000226427,15375645,15375373,272
ENSG00000079332,70170523,70147289,23234
ENSG00000022556,55001142,54953130,48012
ENSG00000270625,119223245,119222564,681
ENSG00000236555,112346258,112346011,247
ENSG00000158321,70793495,69598296,1195199
ENSG00000101856,119244466,119236245,8221
ENSG00000206366,31892374,31889987,2387
ENSG00000163017,73919865,73892314,27551
ENSG00000231869,31874433,31874140,293
ENSG00000146411,134052636,133988697,63939
ENSG00000274296,412487,401826,10661
ENSG00000206340,31993060,31972402,20658
ENSG00000214992,119257667,119249346,8321
ENSG00000271537,139199142,139198557,585
ENSG00000230392,119335610,119291529,44081
ENSG00000228360,139227828,139227537,291
ENSG00000271404,139228605,139228221,384
ENSG00000273259,94624646,94592058,32588
ENSG00000227814,119380104,119379712,392
ENSG00000251441,112370959,112356135,14824
ENSG00000226661,119393595,119356301,37294
ENSG00000167775,8308358,8302127,6231
ENSG00000235199,94873129,94865852,7277
ENSG00000225354,94883343,94882554,789
ENSG00000254840,50361706,50307681,54025
ENSG00000077713,119454478,119399336,55142
ENSG00000157741,139308236,139230356,77880
ENSG00000254609,14733347,14727282,6065
ENSG00000261695,14746177,14734685,11492
ENSG00000105127,15379798,15353385,26413
ENSG00000249007,202015657,202011370,4287
ENSG00000152422,83353787,83077498,276289
ENSG00000277708,44842539,44841925,614
ENSG00000176393,202006147,201982372,23775
ENSG00000162607,62451804,62436297,15507
ENSG00000229752,81099005,81098267,738
ENSG00000235089,81209210,81208568,642
ENSG00000237903,119423547,119422917,630
ENSG00000285179,81222076,81209834,12242
ENSG00000224809,92173494,92171241,2253
ENSG00000286100,44885604,44864435,21169
ENSG00000276717,92188652,92177235,11417
ENSG00000166913,44908532,44885702,22830
ENSG00000253381,40107935,40104169,3766
ENSG00000253665,40127468,40114651,12817
ENSG00000186994,8343262,8322584,20678
ENSG00000236115,92210158,92205356,4802
ENSG00000204897,40755332,40748021,7311
ENSG00000176907,40155308,40153455,1853
ENSG00000259705,48652016,48645951,6065
ENSG00000282355,3040098,3027879,12219
ENSG00000234066,143437973,143437034,939
ENSG00000176510,143519469,143509256,10213
ENSG00000273925,48663056,48662531,525
ENSG00000221855,143478796,143477873,923
ENSG00000215146,42367974,42331866,36108
ENSG00000169629,112434488,112370092,64396
ENSG00000125385,37047237,37046835,402
ENSG00000232920,37075792,37073531,2261
ENSG00000159840,143391111,143381295,9816
ENSG00000186393,40772162,40766238,5924
ENSG00000256220,61248533,61227168,21365
ENSG00000234655,41440847,41439834,1013
ENSG00000229183,61231927,61222216,9711
ENSG00000255532,49379669,49305714,73955
ENSG00000090487,64990310,64963022,27288
ENSG00000263290,155277834,155271383,6451
ENSG00000102316,54816015,54807599,8416
ENSG00000227326,29801491,29800695,796
ENSG00000279968,138773652,138725211,48441
ENSG00000206379,30732991,30717966,15025
ENSG00000159184,48729178,48724763,4415
ENSG00000024862,138793319,138773509,19810
ENSG00000171446,40782534,40776808,5726
ENSG00000243385,83202141,83201229,912
ENSG00000174695,83077863,83052846,25017
ENSG00000279716,15400356,15398696,1660
ENSG00000245149,124474576,124462485,12091
ENSG00000229499,29810196,29810065,131
ENSG00000137411,30926459,30908242,18217
ENSG00000242407,48733888,48733091,797
ENSG00000254496,49406714,49406190,524
ENSG00000123447,49415789,49405091,10698
ENSG00000226268,49434438,49433480,958
ENSG00000205035,49810419,49558546,251873
ENSG00000236697,32234908,32230151,4757
ENSG00000254852,14765413,14748066,17347
ENSG00000229097,70164124,70163685,439
ENSG00000259175,80562944,80554609,8335
ENSG00000251552,83280644,83279921,723
ENSG00000255268,49826724,49824839,1885
ENSG00000172379,80597933,80404350,193583
ENSG00000231280,42322695,42321005,1690
ENSG00000254487,49825553,49817778,7775
ENSG00000229572,42342367,42340588,1779
ENSG00000271525,134079444,134078904,540
ENSG00000271426,13074312,13073667,645
ENSG00000172296,13169103,13008972,160131
ENSG00000143393,151327715,151291797,35918
ENSG00000235305,29982876,29982480,396
ENSG00000231067,29932345,29931354,991
ENSG00000157093,42410610,42397083,13527
ENSG00000223980,29999232,29930538,68694
ENSG00000267855,8321396,8308768,12628
ENSG00000230504,29825861,29824881,980
ENSG00000234751,72941112,72940498,614
ENSG00000233095,29828635,29824463,4172
ENSG00000231655,26141264,26140263,1001
ENSG00000214465,26150731,26149204,1527
ENSG00000227133,26161136,26160023,1113
ENSG00000236686,172427089,172425850,1239
ENSG00000237951,26162554,26162056,498
ENSG00000223403,101072937,101064151,8786
ENSG00000171793,41012565,40979335,33230
ENSG00000121853,172448456,172445133,3323
ENSG00000232339,32263476,32234228,29248
ENSG00000181977,50156371,50156159,212
ENSG00000229859,61213098,61203307,9791
ENSG00000111196,10613609,10604193,9416
ENSG00000215480,41443666,41442770,896
ENSG00000138722,89954629,89879532,75097
ENSG00000254340,9145435,9141424,4011
ENSG00000173281,9151574,9136255,15319
ENSG00000167774,8321379,8308283,13096
ENSG00000188549,40340967,40331452,9515
ENSG00000168003,62888875,62856102,32773
ENSG00000278923,15066598,15056845,9753
ENSG00000263635,15122767,15075445,47322
ENSG00000274157,40358682,40358454,228
ENSG00000237710,33065131,33053864,11267
ENSG00000264880,15164467,15159724,4743
ENSG00000280137,30380110,30379763,347
ENSG00000180035,30400108,30378106,22002
ENSG00000276500,40566281,40505399,60882
ENSG00000184906,40566779,40497850,68929
ENSG00000167658,3985463,3976056,9407
ENSG00000148288,133163933,133152948,10985
ENSG00000245928,76005942,75980790,25152
ENSG00000198301,75990962,75940950,50012
ENSG00000277290,243483,243099,384
ENSG00000180096,30395991,30378133,17858
ENSG00000177963,215113,207511,7602
ENSG00000146904,143408856,143390289,18567
ENSG00000102760,41470871,41457550,13321
ENSG00000278997,33143230,33141871,1359
ENSG00000230805,101077910,101073869,4041
ENSG00000147684,124580648,124539101,41547
ENSG00000278122,40497592,40481558,16034
ENSG00000157833,26189663,26173088,16575
ENSG00000274067,40497591,40481559,16032
ENSG00000265015,15197775,15196999,776
ENSG00000261391,32716056,32715931,125
ENSG00000265631,15247997,15247429,568
ENSG00000266818,15271744,15254418,17326
ENSG00000261057,102589813,102589372,441
ENSG00000275618,14669237,14632814,36423
ENSG00000147081,50201007,50190777,10230
ENSG00000276957,102593873,102593338,535
ENSG00000215512,15330282,15307663,22619
ENSG00000256713,61251448,61241042,10406
ENSG00000116525,33182059,33145399,36660
ENSG00000163435,202017183,202007945,9238
ENSG00000248371,72660669,72574120,86549
ENSG00000166313,6419414,6395124,24290
ENSG00000213486,61710978,61710076,902
ENSG00000172023,79088019,79085030,2989
ENSG00000227361,61803388,61803143,245
ENSG00000229831,61820566,61820208,358
ENSG00000170873,124728429,124550790,177639
ENSG00000279179,33166298,33162851,3447
ENSG00000249275,157667044,157637687,29357
ENSG00000286133,157824256,157568738,255518
ENSG00000279703,157818572,157818101,471
ENSG00000122584,8752961,8433609,319352
ENSG00000249627,157815480,157815010,470
ENSG00000234111,157576154,157572490,3664
ENSG00000236853,143489402,143488462,940
ENSG00000229153,143523449,143407813,115636
ENSG00000178952,28846348,28842411,3937
ENSG00000185899,143444409,143443453,956
ENSG00000224611,172522444,172522228,216
ENSG00000121858,172523475,172505508,17967
ENSG00000164318,38465480,38258409,207071
ENSG00000205015,89169147,89166383,2764
ENSG00000226879,33057798,33057389,409
ENSG00000229685,33058713,33042507,16206
ENSG00000129910,89195492,89171767,23725
ENSG00000260864,32729537,32726615,2922
ENSG00000187840,38060365,38030534,29831
ENSG00000260381,50121943,50100339,21604
ENSG00000261835,50047798,50046496,1302
ENSG00000260298,50059231,50058150,1081
ENSG00000260100,37079776,37078813,963
ENSG00000260845,32741094,32735909,5185
ENSG00000261108,32740166,32739627,539
ENSG00000155393,50107272,50065970,41302
ENSG00000224281,119469098,119466034,3064
ENSG00000206378,31869426,31853571,15855
ENSG00000080031,55209506,55181247,28259
ENSG00000125510,64100643,64080082,20561
ENSG00000005022,119471396,119468422,2974
ENSG00000277959,131971533,131971202,331
ENSG00000176171,131982013,131966455,15558
ENSG00000165782,20461612,20457719,3893
ENSG00000172062,70953942,70925030,28912
ENSG00000260949,38063791,38062881,910
ENSG00000234584,157736005,157725708,10297
ENSG00000258010,80445152,80433795,11357
ENSG00000272128,38099931,38099471,460
ENSG00000270919,80580566,80580029,537
ENSG00000168939,155782459,155767812,14647
ENSG00000254143,40172612,40161458,11154
ENSG00000279994,157946642,157945817,825
ENSG00000104695,30814314,30774457,39857
ENSG00000250475,157969615,157968412,1203
ENSG00000253802,40343402,40298741,44661
ENSG00000237801,155829576,155828585,991
ENSG00000237441,33298942,33291654,7288
ENSG00000066336,47378576,47354860,23716
ENSG00000248235,22602084,22589274,12810
ENSG00000259803,89201651,89195761,5890
ENSG00000170264,61854143,61824848,29295
ENSG00000095981,39322968,39314698,8270
ENSG00000170703,48817214,48762235,54979
ENSG00000236748,8939369,8938787,582
ENSG00000077942,45601135,45502238,98897
ENSG00000234084,135307158,135301568,5590
ENSG00000284721,33200353,33194788,5565
ENSG00000120913,22598025,22578279,19746
ENSG00000271526,9084175,9084022,153
ENSG00000250474,107629550,107628553,997
ENSG00000248939,43234956,43133867,101089
ENSG00000278446,9171273,9170948,325
ENSG00000237040,155875885,155875636,249
ENSG00000278254,9189857,9082557,107300
ENSG00000273521,131981337,131980240,1097
ENSG00000259877,89217653,89215211,2442
ENSG00000250657,43345600,43340875,4725
ENSG00000075790,107629170,107579977,49193
ENSG00000259004,101123542,101120856,2686
ENSG00000206562,15440566,15381275,59291
ENSG00000258681,101218241,101217372,869
ENSG00000277096,43388437,43388157,280
ENSG00000258497,101278318,101257332,20986
ENSG00000213851,43410937,43410041,896
ENSG00000230614,85381375,85381118,257
ENSG00000258460,101334331,101332516,1815
ENSG00000259023,101407922,101405987,1935
ENSG00000167280,79088599,79074939,13660
ENSG00000115170,157875862,157736444,139418
ENSG00000232671,151281929,151280024,1905
ENSG00000224766,31876741,31876448,293
ENSG00000260644,32776196,32741314,34882
ENSG00000183624,129306186,129278828,27358
ENSG00000224143,31882289,31872446,9843
ENSG00000234678,202010463,201995696,14767
ENSG00000143373,151292176,151281618,10558
ENSG00000235787,42469879,42469640,239
ENSG00000251395,83427030,83426676,354
ENSG00000279356,50074986,50072862,2124
ENSG00000259843,50066224,50046429,19795
ENSG00000133863,30913003,30831544,81459
ENSG00000225128,85489293,85421122,68171
ENSG00000171695,64084359,64083380,979
ENSG00000115386,79123409,79120362,3047
ENSG00000259082,101444315,101442076,2239
ENSG00000227785,85636344,85636013,331
ENSG00000259166,101457117,101447642,9475
ENSG00000127995,94557019,94509219,47800
ENSG00000156253,29019360,29004384,14976
ENSG00000236610,86217733,86216785,948
ENSG00000138744,75941013,75913660,27353
ENSG00000147082,50351910,50202713,149197
ENSG00000279139,158110153,158109500,653
ENSG00000280140,158111931,158111361,570
ENSG00000175325,177996242,177992235,4007
ENSG00000189423,20431008,20415547,15461
ENSG00000206376,31888078,31870139,17939
ENSG00000131037,55087923,55072020,15903
ENSG00000275387,54842134,54842014,120
ENSG00000249786,15455940,15436171,19769
ENSG00000213778,30518861,30517616,1245
ENSG00000237911,20416697,20415792,905
ENSG00000204787,79138427,79135503,2924
ENSG00000253204,30921335,30921060,275
ENSG00000253793,30984321,30983459,862
ENSG00000265556,20434285,20433206,1079
ENSG00000227644,53073389,53073110,279
ENSG00000218089,114350648,114349483,1165
ENSG00000174348,53085502,53062052,23450
ENSG00000216723,114020483,114019621,862
ENSG00000206561,15521751,15450133,71618
ENSG00000249853,114343045,114055586,287459
ENSG00000270115,33261680,33261212,468
ENSG00000160094,33300719,33256492,44227
ENSG00000101940,48608869,48590042,18827
ENSG00000172733,31033715,30995802,37913
ENSG00000216471,114084792,114084168,624
ENSG00000181374,34358610,34356480,2130
ENSG00000281398,139284899,139274102,10797
ENSG00000196591,114011308,113933028,78280
ENSG00000253579,31131802,31131539,263
ENSG00000233876,9615985,9614978,1007
ENSG00000165392,31175916,31033788,142128
ENSG00000196363,134159968,134135365,24603
ENSG00000253354,40401848,40370028,31820
ENSG00000272479,40520158,40519565,593
ENSG00000157240,91271326,91264364,6962
ENSG00000236409,47013465,47010824,2641
ENSG00000104903,13103161,13099033,4128
ENSG00000228357,33360715,33358522,2193
ENSG00000164898,139346328,139339457,6871
ENSG00000249049,91325306,91319034,6272
ENSG00000184305,91601913,90127535,1474378
ENSG00000165061,40897833,40530590,367243
ENSG00000138755,76007488,76001275,6213
ENSG00000273391,139359566,139359032,534
ENSG00000242265,94669695,94656325,13370
ENSG00000231255,86776022,86775081,941
ENSG00000146963,139423457,139340359,83098
ENSG00000198822,86864884,86643914,220970
ENSG00000273249,134135772,134132242,3530
ENSG00000219061,49839320,49833140,6180
ENSG00000265973,49846533,49843488,3045
ENSG00000232142,70199239,70198988,251
ENSG00000242683,139035987,139035148,839
ENSG00000144827,111993368,111979010,14358
ENSG00000146453,159820704,159800249,20455
ENSG00000248730,38290986,38282264,8722
ENSG00000280987,139331671,139273752,57919
ENSG00000070214,105439171,105244622,194549
ENSG00000251257,38468339,38460925,7414
ENSG00000285204,70932840,70931244,1596
ENSG00000089177,16573434,16272104,301330
ENSG00000278195,37212477,37204237,8240
ENSG00000232993,53085502,53069938,15564
ENSG00000249071,38346551,38345347,1204
ENSG00000115414,215436073,215360440,75633
ENSG00000248234,38430160,38429892,268
ENSG00000249491,38427376,38425036,2340
ENSG00000248572,38403413,38399814,3599
ENSG00000177791,73641757,73631654,10103
ENSG00000235665,8278084,7922425,355659
ENSG00000272301,76390128,76389648,480
ENSG00000226233,37215891,37215738,153
ENSG00000236790,8383621,8007771,375850
ENSG00000271757,76392905,76392196,709
ENSG00000179240,76414619,76381313,33306
ENSG00000213876,7141592,7140930,662
ENSG00000281649,37090507,37079857,10650
ENSG00000233073,86786670,86784226,2444
ENSG00000233041,40356434,40351033,5401
ENSG00000229505,86030589,86029854,735
ENSG00000229740,8143941,8139384,4557
ENSG00000171502,86156943,85729233,427710
ENSG00000124333,155943769,155881345,62424
ENSG00000179840,9654586,9652610,1976
ENSG00000060140,10674318,10618923,55395
ENSG00000255550,49859402,49854080,5322
ENSG00000254714,49862528,49850629,11899
ENSG00000255214,49874067,49871826,2241
ENSG00000171603,9824526,9729026,95500
ENSG00000187653,90839037,90838903,134
ENSG00000255190,49876638,49874945,1693
ENSG00000251401,90683123,90682996,127
ENSG00000254800,49884093,49882999,1094
ENSG00000248984,91112790,91108023,4767
ENSG00000067365,8649654,8621683,27971
ENSG00000236642,29849494,29849350,144
ENSG00000223387,172595607,172560888,34719
ENSG00000255111,49893777,49892262,1515
ENSG00000237031,80618777,80572681,46096
ENSG00000150628,176195671,176184638,11033
ENSG00000163660,157160760,157146508,14252
ENSG00000237218,29881769,29879053,2716
ENSG00000251059,81193395,81164940,28455
ENSG00000128340,37244448,37225270,19178
ENSG00000226736,29879557,29878595,962
ENSG00000253961,31177167,31167078,10089
ENSG00000273473,134169340,134168769,571
ENSG00000223427,80163135,80162428,707
ENSG00000277171,79548128,79547151,977
ENSG00000223729,134295397,134293931,1466
ENSG00000204220,33298401,33289302,9099
ENSG00000172016,79159753,79157003,2750
ENSG00000254408,49899186,49898267,919
ENSG00000138669,81215117,81087370,127747
ENSG00000230528,20447249,20436337,10912
ENSG00000279929,134300413,134298463,1950
ENSG00000251303,60630973,60630514,459
ENSG00000254472,49915644,49915013,631
ENSG00000035499,60700190,60596912,103278
ENSG00000125505,54189882,54173412,16470
ENSG00000223996,30023364,30022074,1290
ENSG00000235309,29999228,29995855,3373
ENSG00000248429,158202877,158170752,32125
ENSG00000133195,73092712,72645949,446763
ENSG00000144834,112013887,111998739,15148
ENSG00000164122,176277571,176213673,63898
ENSG00000229721,180227000,180226378,622
ENSG00000182632,42475349,42408168,67181
ENSG00000100271,43089419,43039516,49903
ENSG00000248143,43492543,43457527,35016
ENSG00000269955,139422599,139341360,81239
ENSG00000251501,43588097,43586328,1769
ENSG00000124399,43899351,43898962,389
ENSG00000147687,124539458,124488485,50973
ENSG00000250863,43981620,43980006,1614
ENSG00000269855,58397079,58396090,989
ENSG00000279982,131999846,131996738,3108
ENSG00000255037,14770075,14766402,3673
ENSG00000229034,29984585,29983708,877
ENSG00000250604,158200442,158199105,1337
ENSG00000234786,29947844,29945879,1965
ENSG00000272854,107580057,107579557,500
ENSG00000268307,58400679,58400221,458
ENSG00000196299,30052027,29990282,61745
ENSG00000283698,112469687,112439312,30375
ENSG00000279239,42470268,42470082,186
ENSG00000279606,56473647,56471142,2505
ENSG00000258498,101560431,101552221,8210
ENSG00000164124,158255411,158201604,53807
ENSG00000185904,42495336,42475543,19793
ENSG00000188883,139483712,139452690,31022
ENSG00000153930,56511659,55882301,629358
ENSG00000114999,112541739,112482156,59583
ENSG00000170092,75504304,75493625,10679
ENSG00000066032,80648861,79185231,1463630
ENSG00000243822,149357545,149357169,376
ENSG00000196455,130746829,130678934,67895
ENSG00000063015,29006440,28954901,51539
ENSG00000233841,31263175,31259794,3381
ENSG00000253183,139503812,139502453,1359
ENSG00000227057,33289247,33279108,10139
ENSG00000184454,24609328,24556087,53241
ENSG00000126804,64533690,64503712,29978
ENSG00000102032,153944687,153935269,9418
ENSG00000227312,24563974,24563627,347
ENSG00000254637,49918478,49917391,1087
ENSG00000018610,119565408,119538149,27259
ENSG00000254940,49921414,49920312,1102
ENSG00000129128,176332245,176319966,12279
ENSG00000230234,160276130,160272617,3513
ENSG00000278950,32784138,32781883,2255
ENSG00000112499,160277638,160171061,106577
ENSG00000226320,34562877,34159334,403543
ENSG00000261882,56368215,56368063,152
ENSG00000118454,70354734,70258999,95735
ENSG00000251350,44022063,44016861,5202
ENSG00000266501,73068288,73067870,418
ENSG00000100714,64463457,64388031,75426
ENSG00000264196,72839718,72839039,679
ENSG00000183783,44448809,44173903,274906
ENSG00000248980,176320458,176308268,12190
ENSG00000251159,44533880,44533615,265
ENSG00000227498,34543880,34524818,19062
ENSG00000236452,34268811,34203244,65567
ENSG00000231725,48637135,48636165,970
ENSG00000260659,89228692,89226807,1885
ENSG00000248480,176633231,176631392,1839
ENSG00000233242,37115490,37112548,2942
ENSG00000170100,89237071,89217703,19368
ENSG00000235534,34873854,34872641,1213
ENSG00000129990,55180289,55171196,9093
ENSG00000248388,176706145,176669621,36524
ENSG00000228767,35217149,35215705,1444
ENSG00000235380,29961724,29960061,1663
ENSG00000150630,176792922,176683538,109384
ENSG00000233795,30055293,30049286,6007
ENSG00000279780,32787379,32786394,985
ENSG00000163281,44726595,44682200,44395
ENSG00000144597,15450635,15427598,23037
ENSG00000188385,132184809,132104671,80138
ENSG00000127957,75528148,75507747,20401
ENSG00000259216,48725827,48725338,489
ENSG00000103995,48811146,48712928,98218
ENSG00000226614,33126063,33122069,3994
ENSG00000280991,166229554,166229334,220
ENSG00000240068,154024298,154023835,463
ENSG00000213536,166240493,166240290,203
ENSG00000233365,166256947,166236969,19978
ENSG00000243885,149385800,149384179,1621
ENSG00000138778,103198409,103105806,92603
ENSG00000249338,51410205,51409617,588
ENSG00000240541,149386583,149377778,8805
ENSG00000230319,43052366,43038585,13781
ENSG00000127554,1987749,1984193,3556
ENSG00000235863,33284832,33277132,7700
ENSG00000248891,51428427,51427996,431
ENSG00000173418,20033655,20017116,16539
ENSG00000235010,132185962,132181225,4737
ENSG00000223894,33075225,33069683,5542
ENSG00000279795,32788944,32787962,982
ENSG00000232802,33081901,33081698,203
ENSG00000169908,149377692,149369022,8670
ENSG00000228624,114471705,113969701,502004
ENSG00000108702,34363231,34360328,2903
ENSG00000125630,112577150,112541915,35235
ENSG00000177752,44678556,44622065,56491
ENSG00000250493,120894797,120867933,26864
ENSG00000255006,120620267,120619934,333
ENSG00000183751,1982933,1972037,10896
ENSG00000149403,120988904,120511700,477204
ENSG00000225582,34479957,34479312,645
ENSG00000223557,31871598,31871305,293
ENSG00000254270,139534549,139534240,309
ENSG00000197322,34579369,34574123,5246
ENSG00000271077,9635703,9634270,1433
ENSG00000236279,139544985,139523685,21300
ENSG00000236759,31885231,31867303,17928
ENSG00000258491,50705511,50704343,1168
ENSG00000273369,44694386,44693946,440
ENSG00000151806,44700928,44678420,22508
ENSG00000038427,83582303,83471618,110685
ENSG00000167910,58500163,58490178,9985
ENSG00000258830,57296484,57249609,46875
ENSG00000280850,166277077,166275462,1615
ENSG00000168418,84239750,84218667,21083
ENSG00000185482,57251188,57243453,7735
ENSG00000171608,9729114,9651732,77382
ENSG00000196169,74355820,74326210,29610
ENSG00000267577,55177540,55158939,18601
ENSG00000125522,64107171,64105820,1351
ENSG00000260858,84261049,84255270,5779
ENSG00000275012,54948993,54948864,129
ENSG00000267507,55120383,55119250,1133
ENSG00000267265,55048086,55006193,41893
ENSG00000114790,154257827,154121003,136824
ENSG00000196132,64242253,64102394,139859
ENSG00000103175,84329844,84294846,34998
ENSG00000227322,33122477,33115214,7263
ENSG00000167634,54966312,54923509,42803
ENSG00000264558,47682683,47682417,266
ENSG00000286180,148941228,148940265,963
ENSG00000108424,47685505,47649476,36029
ENSG00000286171,148941638,148941483,155
ENSG00000281189,148989432,148987527,1905
ENSG00000279844,160850676,160849313,1363
ENSG00000272936,44704965,44704405,560
ENSG00000155660,149028662,149003062,25600
ENSG00000237812,29967676,29964383,3293
ENSG00000261049,54054583,54033997,20586
ENSG00000231385,29996388,29995393,995
ENSG00000260194,53999969,53998313,1656
ENSG00000229385,79500844,79493716,7128
ENSG00000260530,84296985,84295498,1487
ENSG00000275191,53628816,53628256,560
ENSG00000224879,79185523,79158374,27149
ENSG00000214883,50422316,50409042,13274
ENSG00000261630,53981912,53981229,683
ENSG00000224731,80030551,80028012,2539
ENSG00000230237,79575593,79573764,1829
ENSG00000237610,54592409,54591480,929
ENSG00000140718,54158512,53701692,456820
ENSG00000286227,79292878,79269905,22973
ENSG00000197563,62187118,61905255,281863
ENSG00000185926,54603998,54603069,929
ENSG00000254402,144527033,144522388,4645
ENSG00000162951,80304752,80288351,16401
ENSG00000231015,24680991,24679547,1444
ENSG00000255312,54635955,54635037,918
ENSG00000274173,24932983,24931840,1143
ENSG00000255560,54657716,54657120,596
ENSG00000254769,54660595,54659666,929
ENSG00000231793,67616257,67612651,3606
ENSG00000084754,26244672,26190635,54037
ENSG00000225415,138823799,138822747,1052
ENSG00000261219,57720928,57720295,633
ENSG00000203734,138904070,138795926,108144
ENSG00000249593,139051203,139012647,38556
ENSG00000213563,144529132,144525733,3399
ENSG00000232337,161050546,161048606,1940
ENSG00000137878,57714745,57591908,122837
ENSG00000187994,38878275,38867830,10445
ENSG00000260031,50151577,50151280,297
ENSG00000179761,29057216,28950513,106703
ENSG00000015479,139331677,139293648,38029
ENSG00000228592,23384861,23361104,23757
ENSG00000243659,27311838,27311240,598
ENSG00000223822,23390996,23390258,738
ENSG00000077984,24959928,24949269,10659
ENSG00000136874,99974534,99906654,67880
ENSG00000139151,18738100,18683169,54931
ENSG00000241852,22604150,22599599,4551
ENSG00000273998,16579615,16576068,3547
ENSG00000160959,144525172,144517992,7180
ENSG00000240246,149433274,149433044,230
ENSG00000179912,57431005,57253762,177243
ENSG00000275728,16580622,16580258,364
ENSG00000267890,50075902,50075123,779
ENSG00000226229,16586693,16586333,360
ENSG00000241929,149464830,149462182,2648
ENSG00000282502,149464114,149463779,335
ENSG00000285591,8505027,8488420,16607
ENSG00000235208,16684404,16684108,296
ENSG00000243069,154121332,154024401,96931
ENSG00000236008,8592903,8506446,86457
ENSG00000136560,161236221,161136908,99313
ENSG00000059377,140020325,139777051,243274
ENSG00000231083,8622942,8600892,22050
ENSG00000269050,38873763,38870159,3604
ENSG00000225642,8603359,8603082,277
ENSG00000254464,54663450,54662580,870
ENSG00000167799,67629937,67627938,1999
ENSG00000135597,138988261,138903493,84768
ENSG00000104415,133231690,133191039,40651
ENSG00000254735,120936654,120936102,552
ENSG00000261719,32811251,32811029,222
ENSG00000260158,32824645,32809556,15089
ENSG00000133226,24673281,24631716,41565
ENSG00000161652,50163195,50152548,10647
ENSG00000259934,32846180,32845964,216
ENSG00000206357,31949469,31942469,7000
ENSG00000255135,76444656,76441338,3318
ENSG00000015285,48691427,48676596,14831
ENSG00000243058,56573195,56573040,155
ENSG00000003987,17413528,17296794,116734
ENSG00000177853,96205288,96129715,75573
ENSG00000183691,56595590,56593699,1891
ENSG00000166317,73663803,73644881,18922
ENSG00000088053,55038264,55013705,24559
ENSG00000237883,73981441,73947642,33799
ENSG00000263781,29021640,29021325,315
ENSG00000138138,87841343,87751512,89831
ENSG00000089775,64505213,64449106,56107
ENSG00000263613,29011009,29009799,1210
ENSG00000265908,28945394,28944796,598
ENSG00000114956,73958961,73926826,32135
ENSG00000248916,129325426,129323046,2380
ENSG00000184897,129316286,129314771,1515
ENSG00000109118,28951771,28905250,46521
ENSG00000242338,73730469,73715843,14626
ENSG00000259670,48784121,48783190,931
ENSG00000206417,129326225,129315392,10833
ENSG00000259700,48811909,48810701,1208
ENSG00000259160,64535879,64535702,177
ENSG00000259469,48729844,48729080,764
ENSG00000259116,64540368,64513952,26416
ENSG00000227547,54668210,54667298,912
ENSG00000226544,72726151,72725419,732
ENSG00000258824,64448557,64422935,25622
ENSG00000251613,72762727,72687112,75615
ENSG00000179841,64474503,64465499,9004
ENSG00000223497,72734209,72733833,376
ENSG00000271816,73730487,73699151,31336
ENSG00000223820,87845612,87817928,27684
ENSG00000271848,73674719,73654039,20680
ENSG00000280392,53994454,53991012,3442
ENSG00000234768,168204501,168194358,10143
ENSG00000272140,73713581,73703735,9846
ENSG00000126803,64546173,64535905,10268
ENSG00000237987,168226517,168225279,1238
ENSG00000228361,168240715,168229732,10983
ENSG00000103494,53703938,53598153,105785
ENSG00000229417,96190219,96189366,853
ENSG00000172650,73698159,73674285,23874
ENSG00000267336,12913906,12912844,1062
ENSG00000228559,35545669,35544632,1037
ENSG00000272909,64442238,64440369,1869
ENSG00000095585,96271587,96191702,79885
ENSG00000114529,112131004,112086335,44669
ENSG00000175354,12929643,12785478,144165
ENSG00000240024,183456013,183447608,8405
ENSG00000101474,24992751,24962925,29826
ENSG00000233377,94941121,94940253,868
ENSG00000271682,183463201,183462851,350
ENSG00000249458,176875457,176866614,8843
ENSG00000138109,94990091,94938658,51433
ENSG00000250263,176880605,176875702,4903
ENSG00000249008,177248773,177242539,6234
ENSG00000283036,44429529,44424134,5395
ENSG00000228461,31272548,31271346,1202
ENSG00000231433,31279994,31278540,1454
ENSG00000185219,44477670,44431705,45965
ENSG00000225939,31299578,31298844,734
ENSG00000251073,158183393,158182825,568
ENSG00000233486,31269783,31266612,3171
ENSG00000164125,158173318,158124474,48844
ENSG00000196408,1984192,1978917,5275
ENSG00000109674,177362936,177309874,53062
ENSG00000223532,31347723,31260536,87187
ENSG00000155975,17302427,17246931,55496
ENSG00000259303,32848156,32847713,443
ENSG00000089597,62646726,62624826,21900
ENSG00000083312,72916733,72816312,100421
ENSG00000174500,112133270,112120839,12431
ENSG00000243494,54974417,54973817,600
ENSG00000249084,177357032,177343004,14028
ENSG00000254571,99929896,99915077,14819
ENSG00000258805,94634524,94633705,819
ENSG00000226088,70360437,70359562,875
ENSG00000237569,23409128,23407658,1470
ENSG00000248713,99654648,99636529,18119
ENSG00000197568,70385339,70354805,30534
ENSG00000186501,27336400,27322145,14255
ENSG00000185303,79560402,79555852,4550
ENSG00000138029,26290465,26243170,47295
ENSG00000225873,44439946,44421127,18819
ENSG00000260047,32873128,32869985,3143
ENSG00000242288,73730466,73674295,56171
ENSG00000170881,124487914,124474738,13176
ENSG00000219023,35556264,35555873,391
ENSG00000274588,50470825,50365409,105416
ENSG00000176381,166308448,166305300,3148
ENSG00000253106,124491643,124488510,3133
ENSG00000279996,75626970,75625089,1881
ENSG00000145782,115841837,115828200,13637
ENSG00000127946,75738962,75533298,205664
ENSG00000255648,18737878,18714795,23083
ENSG00000240983,46723223,46722975,248
ENSG00000255993,18694096,18692762,1334
ENSG00000101638,46759257,46667821,91436
ENSG00000197308,8053484,8050450,3034
ENSG00000235450,91556848,91380778,176070
ENSG00000130695,26278808,26234200,44608
ENSG00000243144,91515409,91311368,204041
ENSG00000255277,14824702,14820792,3910
ENSG00000225843,91321103,91320128,975
ENSG00000107485,8075198,8045378,29820
ENSG00000239408,149465201,149464839,362
ENSG00000238225,25687123,25686896,227
ENSG00000171574,58418327,58401504,16823
ENSG00000042088,90044768,89954939,89829
ENSG00000205143,34628107,34621379,6728
ENSG00000228809,16730948,16714844,16104
ENSG00000125870,16742564,16729961,12603
ENSG00000197406,101563452,101561351,2101
ENSG00000227403,161249050,161244739,4311
ENSG00000161973,8745219,8729935,15284
ENSG00000224467,161160224,161096231,63993
ENSG00000225813,161282618,161281902,716
ENSG00000115233,161411717,161308425,103292
ENSG00000175756,1375495,1373730,1765
ENSG00000214617,32885501,32877469,8032
ENSG00000269473,58445849,58440448,5401
ENSG00000268912,58431148,58428632,2516
ENSG00000270112,46764408,46756487,7921
ENSG00000127561,1994275,1989660,4615
ENSG00000249471,58457833,58451611,6222
ENSG00000238007,29016512,29012865,3647
ENSG00000250831,89470039,89466537,3502
ENSG00000265845,28944749,28926275,18474
ENSG00000237330,1074306,1070967,3339
ENSG00000250437,89677701,89581209,96492
ENSG00000214614,32888874,32885194,3680
ENSG00000234274,35850915,35850674,241
ENSG00000254383,40901854,40900016,1838
ENSG00000025293,35950370,35771974,178396
ENSG00000183734,2270952,2268495,2457
ENSG00000196860,58408702,58395928,12774
ENSG00000258919,101632530,101628984,3546
ENSG00000228410,155979325,155978992,333
ENSG00000147955,34637809,34634722,3087
ENSG00000223484,155986249,155985370,879
ENSG00000258512,101732522,101730437,2085
ENSG00000271264,9781240,9780822,418
ENSG00000233268,9662626,9660828,1798
ENSG00000258404,101731108,101634454,96654
ENSG00000231789,9687555,9672426,15129
ENSG00000241494,101678380,101677943,437
ENSG00000096060,35728583,35573585,154998
ENSG00000247011,50944713,50934989,9724
ENSG00000067445,54931431,54920462,10969
ENSG00000251665,50948750,50944104,4646
ENSG00000239281,41271566,41271431,135
ENSG00000100575,58427531,58408495,19036
ENSG00000253509,41277003,41275115,1888
ENSG00000249835,83581320,83531352,49968
ENSG00000104332,41309473,41261962,47511
ENSG00000060138,10723323,10699089,24234
ENSG00000225429,33106989,33105723,1266
ENSG00000261790,1990357,1984877,5480
ENSG00000167619,42325064,42313309,11755
ENSG00000182484,156025710,156020826,4884
ENSG00000225997,54683821,54682877,944
ENSG00000268543,58419310,58418560,750
ENSG00000177879,115914081,115841592,72489
ENSG00000244503,149495995,149494660,1335
ENSG00000170298,20467539,20449395,18144
ENSG00000232098,58408484,58404238,4246
ENSG00000169903,149503281,149473974,29307
ENSG00000131849,58440153,58432814,7339
ENSG00000117308,23800781,23795599,5182
ENSG00000206372,31936056,31888164,47892
ENSG00000235724,161308389,161222785,85604
ENSG00000228800,30554483,30553854,629
ENSG00000241547,27325796,27325329,467
ENSG00000230298,30580182,30576699,3483
ENSG00000285630,30591092,30587706,3386
ENSG00000279182,50317025,50316035,990
ENSG00000205593,50327012,50309030,17982
ENSG00000167800,67639560,67631303,8257
ENSG00000270733,26263398,26263041,357
ENSG00000223696,33121230,33109121,12109
ENSG00000227277,32188465,32186026,2439
ENSG00000230134,33125676,33122692,2984
ENSG00000270734,14862749,14862380,369
ENSG00000103512,14896157,14833721,62436
ENSG00000130635,134844843,134641774,203069
ENSG00000197746,71851325,71816298,35027
ENSG00000198818,166342576,166319728,22848
ENSG00000183318,8758559,8753106,5453
ENSG00000232320,161341326,161340816,510
ENSG00000234565,149054173,149053961,212
ENSG00000251125,51462089,51451158,10931
ENSG00000235092,8681863,8666636,15227
ENSG00000197362,149090782,149069643,21139
ENSG00000249270,51932036,51930808,1228
ENSG00000279470,51964445,51963992,453
ENSG00000248789,52080987,52008031,72956
ENSG00000232638,8053084,8051541,1543
ENSG00000244621,52282859,52282567,292
ENSG00000115738,8684461,8678845,5616
ENSG00000258900,58521988,58521223,765
ENSG00000250148,60744970,60743563,1407
ENSG00000258378,58427125,58398557,28568
ENSG00000185156,8799349,8797162,2187
ENSG00000114812,42537573,42489299,48274
ENSG00000232041,73036848,73036401,447
ENSG00000204947,149126324,149102784,23540
ENSG00000265545,4459458,4459230,228
ENSG00000100578,58551289,58427385,123904
ENSG00000264775,5003254,5002759,495
ENSG00000065665,12169961,12129637,40324
ENSG00000266268,5004537,4775054,229483
ENSG00000077721,119591083,119574536,16547
ENSG00000218749,35607934,35607628,306
ENSG00000233231,166335471,166334568,903
ENSG00000214942,89971941,89900664,71277
ENSG00000102554,73077541,73054976,22565
ENSG00000234647,168262581,168242938,19643
ENSG00000151033,30629762,30611779,17983
ENSG00000248555,90290071,90158339,131732
ENSG00000235171,32283967,32283008,959
ENSG00000270726,156022236,156004218,18018
ENSG00000227484,50316008,50314631,1377
ENSG00000197024,149182802,149126416,56386
ENSG00000227159,156027877,156025664,2213
ENSG00000206310,32329363,32250505,78858
ENSG00000185203,156016837,156014623,2214
ENSG00000124334,156010817,155997581,13236
ENSG00000227716,23490724,23477641,13083
ENSG00000231986,23890541,23888798,1743
ENSG00000248538,9425524,9151695,273829
ENSG00000235564,23967273,23960905,6368
ENSG00000226996,24050286,24043257,7029
ENSG00000234814,30717266,30655489,61777
ENSG00000248975,30297043,29952397,344646
ENSG00000224018,24188342,24155170,33172
ENSG00000224832,24321377,24304546,16831
ENSG00000256120,24237965,24223271,14694
ENSG00000257120,29657916,29652809,5107
ENSG00000184304,30191898,29576479,615419
ENSG00000237484,24547942,24428740,119202
ENSG00000134532,24562544,23529500,1033044
ENSG00000230720,30723740,30723251,489
ENSG00000142669,26281522,26280086,1436
ENSG00000179965,30431108,30407297,23811
ENSG00000227090,24902756,24886676,16080
ENSG00000230379,24992817,24938431,54386
ENSG00000226983,25057746,24840550,217196
ENSG00000164181,60844274,60751791,92483
ENSG00000244278,25069906,25055535,14371
ENSG00000064393,139777998,139561570,216428
ENSG00000237444,25031529,25031005,524
ENSG00000120725,139293557,138946724,346833
ENSG00000169442,26320523,26317958,2565
ENSG00000109519,7068064,7058895,9169
ENSG00000179958,30430075,30423619,6456
ENSG00000167526,89566828,89560657,6171
ENSG00000158062,26318363,26281328,37035
ENSG00000105429,42378769,42325609,53160
ENSG00000244159,53887244,53887008,236
ENSG00000147509,53959303,53851795,107508
ENSG00000156735,38213301,38176533,36768
ENSG00000271320,157918371,157917712,659
ENSG00000237327,158133988,158127957,6031
ENSG00000228937,157962888,157961410,1478
ENSG00000231158,158066059,158065545,514
ENSG00000007001,158136154,157876702,259452
ENSG00000187483,94646994,94640725,6269
ENSG00000038002,177442437,177430774,11663
ENSG00000164659,87059654,86876906,182748
ENSG00000147465,38151265,38143649,7616
ENSG00000257904,29980212,29940745,39467
ENSG00000196305,92293756,92210207,83549
ENSG00000276231,8867677,8802723,64954
ENSG00000126464,49626439,49591182,35257
ENSG00000240201,30055954,30055210,744
ENSG00000260504,84343407,84342464,943
ENSG00000230711,168289350,168286905,2445
ENSG00000230160,44920329,44919669,660
ENSG00000260997,44960909,44958999,1910
ENSG00000132744,67650730,67642555,8175
ENSG00000229222,49958032,49956745,1287
ENSG00000254237,9436205,9371970,64235
ENSG00000219608,35878733,35878476,257
ENSG00000270557,157878565,157877683,882
ENSG00000254091,9233449,9233013,436
ENSG00000253735,9358441,9351238,7203
ENSG00000279949,9158621,9158063,558
ENSG00000279913,99844696,99844138,558
ENSG00000253887,9260295,9255349,4946
ENSG00000124216,49988886,49982980,5906
ENSG00000070190,99870190,99816827,53363
ENSG00000253252,9182519,9180251,2268
ENSG00000273428,30436247,30435544,703
ENSG00000250827,52581106,52579555,1551
ENSG00000232285,48780895,48780602,293
ENSG00000230137,30440318,30439837,481
ENSG00000231265,50041504,50040716,788
ENSG00000180817,70233911,70202835,31076
ENSG00000224417,168302114,168298069,4045
ENSG00000164488,168319777,168292830,26947
ENSG00000268636,49626439,49625994,445
ENSG00000129691,38144076,38105242,38834
ENSG00000236327,153890865,153890595,270
ENSG00000204347,74361868,74356416,5452
ENSG00000198837,153946718,153929501,17217
ENSG00000249085,72816565,72794405,22160
ENSG00000242602,72879185,72878868,317
ENSG00000230526,71879107,71878356,751
ENSG00000276266,40622155,40611252,10903
ENSG00000265514,5095815,5081182,14633
ENSG00000166171,101609662,101570560,39102
ENSG00000224426,172604006,172603440,566
ENSG00000122863,72013558,71964395,49163
ENSG00000197320,9728272,9726241,2031
ENSG00000215368,5133229,5132749,480
ENSG00000236972,73100985,73100575,410
ENSG00000101945,48709012,48695554,13458
ENSG00000219430,79584877,79582298,2579
ENSG00000285575,5215497,5197165,18332
ENSG00000227834,67653404,67651576,1828
ENSG00000231824,5197503,5145285,52218
ENSG00000260771,168375355,168374697,658
ENSG00000224946,33277091,33276834,257
ENSG00000173908,40799959,40792203,7756
ENSG00000266153,5171026,5159332,11694
ENSG00000100528,54441391,54423561,17830
ENSG00000279754,73399205,73399031,174
ENSG00000122507,33606068,33129244,476824
ENSG00000229708,73408352,73407768,584
ENSG00000132746,67681200,67662162,19038
ENSG00000231427,54349849,54330697,19152
ENSG00000265188,5241167,5240255,912
ENSG00000265091,5238526,5232876,5650
ENSG00000267570,12912023,12911186,837
ENSG00000228480,26358355,26354796,3559
ENSG00000264575,5238598,5236724,1874
ENSG00000263753,5246508,5237826,8682
ENSG00000243225,76969145,76968683,462
ENSG00000285966,77000609,76958098,42511
ENSG00000258602,76965802,76959638,6164
ENSG00000262879,47100323,46984045,116278
ENSG00000186416,119606443,119588337,18106
ENSG00000227947,47703383,47688463,14920
ENSG00000147905,37358149,37120539,237610
ENSG00000274545,54700905,54700593,312
ENSG00000146477,160452577,160348378,104199
ENSG00000213673,54420328,54419444,884
ENSG00000236481,26594813,26584755,10058
ENSG00000224853,73661891,73413473,248418
ENSG00000260580,26729126,26721874,7252
ENSG00000270677,36656941,36656322,619
ENSG00000104064,50355408,50275392,80016
ENSG00000228460,95007556,95007126,430
ENSG00000163263,154206333,154199085,7248
ENSG00000257264,14902174,14901499,675
ENSG00000232828,48737163,48698963,38200
ENSG00000228295,73588070,73564244,23826
ENSG00000230705,32887454,32878685,8769
ENSG00000259140,94675829,94674877,952
ENSG00000239719,149191223,149191043,180
ENSG00000241809,52904478,52903908,570
ENSG00000239269,94727175,94726288,887
ENSG00000228712,33128451,33126266,2185
ENSG00000223814,47765547,47761132,4415
ENSG00000249899,52990278,52932419,57859
ENSG00000179673,46979253,46978156,1097
ENSG00000225028,47820237,47818066,2171
ENSG00000170265,149226238,149195546,30692
ENSG00000269113,47997385,47760528,236857
ENSG00000133937,94770230,94768216,2014
ENSG00000263142,47054569,46978481,76088
ENSG00000213949,52959210,52787896,171314
ENSG00000205221,36814792,36696690,118102
ENSG00000213071,160520269,160453428,66841
ENSG00000166169,101588270,101578882,9388
ENSG00000184389,33321098,33306766,14332
ENSG00000262633,47049932,46923133,126799
ENSG00000241627,148987668,148985868,1800
ENSG00000225935,107643023,107642765,258
ENSG00000284738,153935240,153923337,11903
ENSG00000138152,122338162,122271306,66856
ENSG00000261482,27067858,27066928,930
ENSG00000223599,153853414,153852106,1308
ENSG00000101230,13300651,13221274,79377
ENSG00000204011,134652843,134649385,3458
ENSG00000234186,27069165,27066707,2458
ENSG00000233246,33363245,33350352,12893
ENSG00000230075,31993900,31990371,3529
ENSG00000143614,153923360,153789030,134330
ENSG00000255349,54693359,54692450,909
ENSG00000206338,31999312,31850614,148698
ENSG00000221840,54707902,54706832,1070
ENSG00000134686,33431052,33323623,107429
ENSG00000272308,60866935,60866457,478
ENSG00000154930,25058980,25006230,52750
ENSG00000119669,77028708,77024543,4165
ENSG00000214607,17471618,17469518,2100
ENSG00000255078,54725816,54724847,969
ENSG00000108433,46975524,46923075,52449
ENSG00000273729,77031572,77028086,3486
ENSG00000233705,107662151,107653968,8183
ENSG00000272457,53876649,53876150,499
ENSG00000226263,13239674,13237801,1873
ENSG00000232512,25103670,25095022,8648
ENSG00000225956,13245369,13244064,1305
ENSG00000257727,56316119,56309842,6277
ENSG00000107960,103918184,103877569,40615
ENSG00000091137,107717809,107660635,57174
ENSG00000234709,99999069,99998301,768
ENSG00000023318,100099000,99979185,119815
ENSG00000146350,121334745,121079494,255251
ENSG00000225827,79595660,79595294,366
ENSG00000170260,149255609,149239651,15958
ENSG00000285205,94774858,94770271,4587
ENSG00000122852,79615455,79610939,4516
ENSG00000278171,64278561,64278306,255
ENSG00000203880,64287821,64255695,32126
ENSG00000213872,25749896,25749488,408
ENSG00000213871,25755670,25754925,745
ENSG00000151093,25794534,25782917,11617
ENSG00000223870,25135247,25127469,7778
ENSG00000222042,25333825,25169431,164394
ENSG00000213885,25362431,25361821,610
ENSG00000279534,25372043,25371827,216
ENSG00000233498,32913288,32912612,676
ENSG00000240508,32913027,32877612,35415
ENSG00000178773,89597246,89575758,21488
ENSG00000260461,103879761,103877374,2387
ENSG00000255529,57782762,57706695,76067
ENSG00000158352,50814302,50591647,222655
ENSG00000228302,12247845,12244751,3094
ENSG00000183621,31031937,30820207,211730
ENSG00000151465,12250589,12195965,54624
ENSG00000151092,25790039,25718944,71095
ENSG00000232354,42533258,42506465,26793
ENSG00000278361,54867253,54850495,16758
ENSG00000228292,37205368,37205112,256
ENSG00000060762,166383013,166364919,18094
ENSG00000269228,7666476,7665717,759
ENSG00000233160,32365581,32364622,959
ENSG00000227231,30734812,30733457,1355
ENSG00000206245,32411315,32332098,79217
ENSG00000240914,94801463,94800849,614
ENSG00000257740,56309449,56308868,581
ENSG00000257303,56314808,56300142,14666
ENSG00000250131,177677126,177444979,232147
ENSG00000248585,38204238,38201699,2539
ENSG00000144785,56316059,56285916,30143
ENSG00000253356,38163772,38148741,15031
ENSG00000274379,94918734,94918253,481
ENSG00000175324,38176730,38163335,13395
ENSG00000171433,48773648,48761747,11901
ENSG00000229586,20483991,20481330,2661
ENSG00000263976,20491443,20491323,120
ENSG00000104918,7670455,7669049,1406
ENSG00000230088,20494155,20493634,521
ENSG00000228251,112591939,112590796,1143
ENSG00000125611,112589275,112584240,5035
ENSG00000234365,32879971,32877562,2409
ENSG00000235250,31932095,31924830,7265
ENSG00000272295,31973199,31962758,10441
ENSG00000251416,177691068,177686673,4395
ENSG00000135473,56334053,56316223,17830
ENSG00000263155,57685364,57591904,93460
ENSG00000258933,94962976,94960277,2699
ENSG00000140323,40378621,40358219,20402
ENSG00000226201,32878179,32874193,3986
ENSG00000241253,31942466,31936032,6434
ENSG00000258866,95050953,95048220,2733
ENSG00000241313,149661364,149657020,4344
ENSG00000231171,177990750,177728757,261993
ENSG00000231827,153802091,153793947,8144
ENSG00000251504,177907936,177729638,178298
ENSG00000151640,132205759,132186948,18811
ENSG00000225313,33349245,33307348,41897
ENSG00000114744,149752495,149738472,14023
ENSG00000229977,143533164,143532749,415
ENSG00000100918,24180257,24171853,8404
ENSG00000229877,143546735,143545186,1549
ENSG00000230930,33170405,33140587,29818
ENSG00000224923,30782937,30757206,25731
ENSG00000271079,143574387,143571801,2586
ENSG00000179918,30446181,30443631,2550
ENSG00000259368,40369640,40368925,715
ENSG00000230556,143579072,143578907,165
ENSG00000243389,112614431,112589040,25391
ENSG00000227596,30821330,30789330,32000
ENSG00000276870,14694674,14672547,22127
ENSG00000233585,48776970,48775644,1326
ENSG00000240015,38124651,38123274,1377
ENSG00000235868,7567382,7566369,1013
ENSG00000256331,7605214,7604350,864
ENSG00000241877,178287285,178286695,590
ENSG00000232099,29680622,29671913,8709
ENSG00000255977,7607331,7606834,497
ENSG00000269711,7682854,7678501,4353
ENSG00000250839,179069594,179069437,157
ENSG00000156650,75032624,74824927,207697
ENSG00000231414,70254010,70253855,155
ENSG00000183019,7679826,7676628,3198
ENSG00000164171,53094779,52989340,105439
ENSG00000250993,179465305,179389134,76171
ENSG00000282427,14707060,14695572,11488
ENSG00000227401,35588607,35588324,283
ENSG00000232852,64292998,64290187,2811
ENSG00000149656,64313132,64290385,22747
ENSG00000088340,35607562,35558737,48825
ENSG00000038358,67884499,67873052,11447
ENSG00000253321,90356609,90353037,3572
ENSG00000242990,57675250,57674665,585
ENSG00000260871,90389363,90388468,895
ENSG00000248921,179857581,179856853,728
ENSG00000111801,26453415,26440472,12943
ENSG00000226303,29708053,29707631,422
ENSG00000102145,48794311,48786554,7757
ENSG00000089101,20360698,20052514,308184
ENSG00000178917,44510636,44494847,15789
ENSG00000271664,149277992,149275619,2373
ENSG00000272914,30833387,30831828,1559
ENSG00000204946,149297302,149262171,35131
ENSG00000237135,30921235,30919012,2223
ENSG00000260019,27974223,27929548,44675
ENSG00000018408,149736714,149517235,219479
ENSG00000261557,27135179,27133483,1696
ENSG00000150244,55271119,55262182,8937
ENSG00000181029,7687703,7680833,6870
ENSG00000232909,35736947,35733867,3080
ENSG00000264488,40809296,40803744,5552
ENSG00000232492,18949762,18948898,864
ENSG00000258473,77086446,77048172,38274
ENSG00000226522,18899433,18892096,7337
ENSG00000274776,46789297,46786699,2598
ENSG00000225000,18430738,18429062,1676
ENSG00000246548,77069503,77041064,28439
ENSG00000266190,28022265,28021668,597
ENSG00000258819,77076344,77069180,7164
ENSG00000261045,27176587,27158451,18136
ENSG00000048052,19002416,18086949,915467
ENSG00000231733,30838828,30830194,8634
ENSG00000220600,138879407,138878899,508
ENSG00000284327,7620260,7619872,388
ENSG00000255543,55267636,55267408,228
ENSG00000153140,90409786,90392261,17525
ENSG00000223663,1379032,1378666,366
ENSG00000234420,42552822,42513510,39312
ENSG00000251025,180574027,180573464,563
ENSG00000284591,7621450,7620542,908
ENSG00000249883,180759038,180731164,27874
ENSG00000164169,147684163,147637785,46378
ENSG00000244560,149297312,149285281,12031
ENSG00000249437,71025114,70968483,56631
ENSG00000006606,75789896,75769533,20363
ENSG00000148356,127503501,127451486,52015
ENSG00000270762,42555724,42555440,284
ENSG00000237405,32191996,32188640,3356
ENSG00000164168,147672044,147617383,54661
ENSG00000104853,44993341,44954585,38756
ENSG00000248197,181159149,181064089,95060
ENSG00000284522,7626486,7626103,383
ENSG00000116761,70439851,70411218,28633
ENSG00000165609,12196144,12165330,30814
ENSG00000259715,50360194,50359450,744
ENSG00000285410,50354861,50348936,5925
ENSG00000282998,49451896,49202126,249770
ENSG00000214602,48916530,48915267,1263
ENSG00000282890,49419013,48809340,609673
ENSG00000170820,49154537,48962157,192380
ENSG00000258354,14911345,14909887,1458
ENSG00000244879,50372202,50354959,17243
ENSG00000241985,149650184,149648997,1187
ENSG00000185433,25431701,25385820,45881
ENSG00000260863,95009812,95009674,138
ENSG00000237885,95032048,95031640,408
ENSG00000257008,74372622,74367407,5215
ENSG00000237765,15705565,15681662,23903
ENSG00000226133,48091736,48050659,41077
ENSG00000261766,28863340,28862166,1174
ENSG00000178188,28874212,28846600,27612
ENSG00000231413,48082196,48078787,3409
ENSG00000236374,31270908,31267736,3172
ENSG00000237180,48089634,48089368,266
ENSG00000183426,14952060,14922802,29258
ENSG00000254636,122457352,122454653,2699
ENSG00000225380,40642117,40641841,276
ENSG00000229430,31273666,31272464,1202
ENSG00000100926,24195687,24189149,6538
ENSG00000285955,122461383,122435924,25459
ENSG00000275390,40806344,40767870,38474
ENSG00000272988,72054037,72053294,743
ENSG00000166033,122514907,122458551,56356
ENSG00000276963,40767875,40755407,12468
ENSG00000229103,31281111,31279657,1454
ENSG00000126458,49640143,49635292,4851
ENSG00000231710,31300690,31299956,734
ENSG00000067900,21111813,20946906,164907
ENSG00000177830,915058,867860,47198
ENSG00000143569,154271510,154220179,51331
ENSG00000079805,10833488,10718079,115409
ENSG00000125879,16770062,16748358,21704
ENSG00000278430,54814544,54803354,11190
ENSG00000235499,73986343,73985132,1211
ENSG00000259282,96783312,96772005,11307
ENSG00000236492,30866606,30857662,8944
ENSG00000271130,33009620,33009175,445
ENSG00000277304,32946392,32916974,29418
ENSG00000183458,14935708,14911551,24157
ENSG00000261834,32903894,32903442,452
ENSG00000185594,96785615,96783389,2226
ENSG00000204396,31777294,31765590,11704
ENSG00000259997,33002621,33002333,288
ENSG00000280348,73802203,73800074,2129
ENSG00000260921,32996770,32995537,1233
ENSG00000107742,72089032,72059034,29998
ENSG00000118922,73995056,73686089,308967
ENSG00000270864,32915536,32915074,462
ENSG00000263126,67886367,67882461,3906
ENSG00000261259,33028037,32951993,76044
ENSG00000265139,32329395,32328441,954
ENSG00000188038,67888855,67884885,3970
ENSG00000233732,32995505,32995048,457
ENSG00000265794,32360700,32324431,36269
ENSG00000161896,33746905,33721662,25243
ENSG00000259852,32978891,32978461,430
ENSG00000279463,73845130,73844683,447
ENSG00000260610,32932569,32931768,801
ENSG00000198081,5297053,5289019,8034
ENSG00000279181,73998548,73998337,211
ENSG00000141314,32324659,32265832,58827
ENSG00000187605,74108176,73986404,121772
ENSG00000278308,14726344,14708949,17395
ENSG00000165905,45929096,45921621,7475
ENSG00000269106,58475763,58475355,408
ENSG00000083807,58512413,58479512,32901
ENSG00000231747,112622167,112621809,358
ENSG00000224648,37384434,37383178,1256
ENSG00000237753,112645690,112641832,3858
ENSG00000101343,20056046,20034368,21678
ENSG00000105879,107761667,107743949,17718
ENSG00000100055,37315341,37282027,33314
ENSG00000231384,172681224,172680714,510
ENSG00000144959,172711218,172630249,80969
ENSG00000260669,24215987,24209646,6341
ENSG00000214822,20512357,20501513,10844
ENSG00000255526,24232352,24213955,18397
ENSG00000083838,58481230,58474017,7213
ENSG00000226881,50905866,50905438,428
ENSG00000266925,20508931,20507413,1518
ENSG00000130385,50916607,50910784,5823
ENSG00000284699,24717596,24704894,12702
ENSG00000228028,196251654,196250542,1112
ENSG00000236985,16864148,16857962,6186
ENSG00000234797,59769146,59768352,794
ENSG00000273331,196338373,196316082,22291
ENSG00000220540,17188344,17188134,210
ENSG00000226788,33134342,33130117,4225
ENSG00000238190,50931548,50931114,434
ENSG00000263324,155305252,155292987,12265
ENSG00000161217,196287957,196214222,73735
ENSG00000227493,51031357,51030422,935
ENSG00000230926,51091228,51082818,8410
ENSG00000276868,40883763,40883634,129
ENSG00000237926,51163677,51162864,813
ENSG00000169504,24844321,24745382,98939
ENSG00000230317,51171400,51095844,75556
ENSG00000277175,54830808,54816466,14342
ENSG00000044524,89482134,89107621,374513
ENSG00000256888,10777444,10750234,27210
ENSG00000276698,24199090,24198433,657
ENSG00000235930,10770605,10770305,300
ENSG00000235532,74259976,74231457,28519
ENSG00000271992,70445536,70445071,465
ENSG00000233020,70531492,70530526,966
ENSG00000232701,74377951,74377163,788
ENSG00000196497,24188869,24180219,8650
ENSG00000230702,61857055,61856695,360
ENSG00000121377,10802627,10801532,1095
ENSG00000177596,74419115,74412957,6158
ENSG00000234710,9769513,9737322,32191
ENSG00000277498,61860298,61858137,2161
ENSG00000108666,32350023,32324565,25458
ENSG00000237033,70661265,70660657,608
ENSG00000262785,155316838,155305243,11595
ENSG00000270611,9851386,9850924,462
ENSG00000226240,74444735,74419158,25577
ENSG00000235431,9981817,9961024,20793
ENSG00000241764,107744581,107742817,1764
ENSG00000062485,56300391,56271699,28692
ENSG00000236678,74565445,74552503,12942
ENSG00000162383,53142632,53087179,55453
ENSG00000236414,10707406,10702676,4730
ENSG00000234356,10476878,10476581,297
ENSG00000126461,49658642,49642209,16433
ENSG00000283117,10779944,10449820,330124
ENSG00000281167,74555515,74434538,120977
ENSG00000273901,58501137,58500505,632
ENSG00000229091,10453252,10451311,1941
ENSG00000264254,5317664,5310396,7268
ENSG00000255197,47409190,47383148,26042
ENSG00000083812,58475436,58467045,8391
ENSG00000230949,33137948,33137325,623
ENSG00000266288,5385330,5381641,3689
ENSG00000277778,41074617,41006999,67618
ENSG00000064201,2318200,2301997,16203
ENSG00000266711,79136402,79132722,3680
ENSG00000165915,47416496,47407132,9364
ENSG00000107679,122442602,122374696,67906
ENSG00000167281,79516148,79089345,426803
ENSG00000109743,15738313,15703065,35248
ENSG00000215126,41199261,41131306,67955
ENSG00000078304,101927989,101761798,166191
ENSG00000141506,8965712,8878911,86801
ENSG00000266936,11016011,11010917,5094
ENSG00000235527,113929492,113924000,5492
ENSG00000261893,155293895,155278272,15623
ENSG00000170412,74451653,74424851,26802
ENSG00000163349,113977869,113929324,48545
ENSG00000127616,11079426,10960825,118601
ENSG00000101104,44959035,44910062,48973
ENSG00000152684,52804044,52787916,16128
ENSG00000285780,89314603,89283016,31587
ENSG00000178372,5499555,5498697,858
ENSG00000165478,124936412,124919205,17207
ENSG00000259485,97432094,97295881,136213
ENSG00000251237,52889954,52889666,288
ENSG00000259664,97521811,97370371,151440
ENSG00000286048,53035884,53024924,10960
ENSG00000248898,52788026,52675193,112833
ENSG00000272123,53089468,53089016,452
ENSG00000259403,97319288,97272177,47111
ENSG00000236921,22214672,22203990,10682
ENSG00000248770,181237564,181237358,206
ENSG00000249460,181265029,181261161,3868
ENSG00000176399,22455740,22446824,8916
ENSG00000256462,5525742,5524976,766
ENSG00000274727,64327972,64327418,554
ENSG00000285142,7647086,7637396,9690
ENSG00000178363,5526771,5524009,2762
ENSG00000104921,7702146,7688758,13388
ENSG00000225356,181523001,181522666,335
ENSG00000213100,45984364,45983365,999
ENSG00000236739,22748234,22747700,534
ENSG00000205488,5526246,5510036,16210
ENSG00000234474,117169059,117158656,10403
ENSG00000116005,70281185,70257386,23799
ENSG00000234840,22824213,22646200,178013
ENSG00000214009,46059528,46058751,777
ENSG00000284418,23438700,22703516,735184
ENSG00000236171,117196654,117196168,486
ENSG00000224549,22768316,22767175,1141
ENSG00000282201,424543,424243,300
ENSG00000225417,20215262,20214299,963
ENSG00000241054,20095684,20094401,1283
ENSG00000233906,23672399,23671788,611
ENSG00000259582,97560702,97540597,20105
ENSG00000243810,20267809,20258407,9402
ENSG00000283982,23672387,23500691,171696
ENSG00000229500,20253838,20253303,535
ENSG00000279091,97541476,97533738,7738
ENSG00000198369,65432637,65310851,121786
ENSG00000221932,124920677,124919244,1433
ENSG00000235316,73733638,73731824,1814
ENSG00000251209,97874550,97572185,302365
ENSG00000250959,73737311,73730562,6749
ENSG00000256473,23638487,23637973,514
ENSG00000189043,10940153,10931943,8210
ENSG00000227607,23632360,23632106,254
ENSG00000261420,166384824,166383189,1635
ENSG00000121274,50235310,50152918,82392
ENSG00000280057,166389920,166388136,1784
ENSG00000242147,5596118,5594991,1127
ENSG00000155659,66040125,66021738,18387
ENSG00000100012,30472049,30447959,24090
ENSG00000229162,24963097,24961345,1752
ENSG00000020633,24965121,24899511,65610
ENSG00000171992,150659207,150601080,58127
ENSG00000248543,82013095,82010665,2430
ENSG00000248448,81920387,81919995,392
ENSG00000248282,81734207,81733385,822
ENSG00000138670,82044244,81426393,617851
ENSG00000278614,54767464,54755019,12445
ENSG00000274957,54848622,54832707,15915
ENSG00000279013,91605292,91603275,2017
ENSG00000249891,91885254,91885046,208
ENSG00000249052,91904335,91887886,16449
ENSG00000234167,34488878,34488583,295
ENSG00000275593,54798281,54786351,11930
ENSG00000263749,32344124,32343528,596
ENSG00000248817,92184052,92182477,1575
ENSG00000280056,92260751,92260367,384
ENSG00000278821,54784318,54769815,14503
ENSG00000249152,92277075,92268767,8308
ENSG00000010244,32381886,32350117,31769
ENSG00000253852,150615354,150608428,6926
ENSG00000231483,5610793,5608475,2318
ENSG00000148498,34815325,34109560,705765
ENSG00000251336,181829973,181820019,9954
ENSG00000240951,89588570,89587886,684
ENSG00000163959,196243178,196211487,31691
ENSG00000228951,5618161,5616862,1299
ENSG00000261025,24970865,24968423,2442
ENSG00000099203,10836318,10832067,4251
ENSG00000240309,89590097,89588714,1383
ENSG00000285823,25047404,25041136,6268
ENSG00000233755,25113120,25043707,69413
ENSG00000228685,5625126,5624931,195
ENSG00000259870,97878386,97876289,2097
ENSG00000100109,26512505,26491225,21280
ENSG00000189002,90257415,90202316,55099
ENSG00000233837,42567483,42566677,806
ENSG00000271024,90261708,90261414,294
ENSG00000283544,91513775,91374236,139539
ENSG00000232693,65380685,65373700,6985
ENSG00000140450,97973833,97960703,13130
ENSG00000233419,25125454,25125053,401
ENSG00000272319,42579858,42579724,134
ENSG00000285884,42645542,42638314,7228
ENSG00000231953,25209437,25208139,1298
ENSG00000152208,93810157,92303966,1506191
ENSG00000186795,117210299,117197489,12810
ENSG00000196693,42638570,42574185,64385
ENSG00000186395,40822614,40818117,4497
ENSG00000229145,46289128,46288016,1112
ENSG00000232241,17479431,17479085,346
ENSG00000125851,17484578,17226107,258471
ENSG00000099338,38370943,38335775,35168
ENSG00000223665,91643512,91638847,4665
ENSG00000214846,15731627,15730962,665
ENSG00000118564,15681679,15604539,77140
ENSG00000277879,117268668,117267116,1552
ENSG00000258650,58464136,58463971,165
ENSG00000127989,91880720,91692008,188712
ENSG00000167920,40836274,40819106,17168
ENSG00000165650,117375440,117277274,98166
ENSG00000172578,183555706,183487551,68155
ENSG00000135046,73170393,73151865,18528
ENSG00000272387,42583375,42583241,134
ENSG00000277479,42578727,42578500,227
ENSG00000285631,130823914,130821184,2730
ENSG00000186185,44947711,44924709,23002
ENSG00000232829,130828376,130827659,717
ENSG00000257002,62918361,62909546,8815
ENSG00000168539,62921807,62908679,13128
ENSG00000237418,196298215,196298061,154
ENSG00000235897,196325570,196318330,7240
ENSG00000110665,2303049,2295645,7404
ENSG00000265359,40863282,40850800,12482
ENSG00000187242,40867224,40860943,6281
ENSG00000145107,196338503,196319342,19161
ENSG00000242522,183552326,183548735,3591
ENSG00000170419,54571080,54542325,28755
ENSG00000232109,42661776,42660728,1048
ENSG00000227268,87863437,87859161,4276
ENSG00000285825,124953555,124950331,3224
ENSG00000165646,117279430,117241073,38357
ENSG00000233515,42691723,42674197,17526
ENSG00000120937,11858945,11857464,1481
ENSG00000255302,48880183,48877886,2297
ENSG00000025772,44960397,44942130,18267
ENSG00000259602,48948031,48938236,9795
ENSG00000185634,48963919,48823741,140178
ENSG00000234864,42706453,42696035,10418
ENSG00000231009,42714575,42694371,20204
ENSG00000224904,11880406,11877770,2636
ENSG00000270325,19857527,19856975,552
ENSG00000218986,39354172,39353747,425
ENSG00000158636,76553025,76444923,108102
ENSG00000231276,39554943,39553811,1132
ENSG00000285646,11913232,11908147,5085
ENSG00000164627,39725408,39329990,395418
ENSG00000267565,19895847,19892433,3414
ENSG00000116685,11926428,11919591,6837
ENSG00000256771,19894674,19865886,28788
ENSG00000118094,118679690,118657316,22374
ENSG00000272741,196318222,196248230,69992
ENSG00000270270,19871299,19870723,576
ENSG00000255160,19308358,19299883,8475
ENSG00000213123,196318299,196291219,27080
ENSG00000282367,491399,473895,17504
ENSG00000215875,81723068,81721693,1375
ENSG00000224494,81427605,81426456,1149
ENSG00000242598,81557832,81557121,711
ENSG00000248697,112457785,112455924,1861
ENSG00000226626,23682662,23681894,768
ENSG00000117114,81992436,81306160,686276
ENSG00000164591,150679365,150660874,18491
ENSG00000105229,4039386,4007736,31650
ENSG00000250908,93319786,93318623,1163
ENSG00000248627,92838842,92833685,5157
ENSG00000224223,54571726,54556970,14756
ENSG00000248750,92885107,92884663,444
ENSG00000248511,92304178,92297251,6927
ENSG00000251449,92702659,92702345,314
ENSG00000249239,92822918,92821986,932
ENSG00000271185,10940735,10940423,312
ENSG00000230425,42737159,42725857,11302
ENSG00000117614,25232502,25222276,10226
ENSG00000196586,75919537,75749192,170345
ENSG00000170892,54194536,54189938,4598
ENSG00000270552,42748687,42747544,1143
ENSG00000111247,4560048,4538798,21250
ENSG00000235563,53118609,53114576,4033
ENSG00000270808,73740823,73740538,285
ENSG00000256533,114454123,114453064,1059
ENSG00000255982,114513431,114512706,725
ENSG00000270204,114518371,114517864,507
ENSG00000236978,70838013,70837738,275
ENSG00000182934,126269144,126262938,6206
ENSG00000049167,60945073,60873831,71242
ENSG00000172830,67312607,67303478,9129
ENSG00000095110,114559895,114521645,38250
ENSG00000214825,44525805,44524744,1061
ENSG00000050748,180292099,180233143,58956
ENSG00000240849,50153734,50118254,35480
ENSG00000277509,44529391,44528955,436
ENSG00000250966,112565398,112564988,410
ENSG00000238120,45605621,45604432,1189
ENSG00000174720,112657592,112637107,20485
ENSG00000225936,117241923,117239600,2323
ENSG00000236751,46327645,46325924,1721
ENSG00000250309,150672390,150670658,1732
ENSG00000231235,46420079,46418450,1629
ENSG00000157343,35749079,35737032,12047
ENSG00000235587,46440714,46439709,1005
ENSG00000109736,2934834,2930561,4273
ENSG00000203900,63371177,63359988,11189
ENSG00000101204,63378401,63343223,35178
ENSG00000103707,65029639,65001512,28127
ENSG00000275338,526533,425619,100914
ENSG00000100104,26494658,26483877,10781
ENSG00000236498,61886082,61868432,17650
ENSG00000115484,61888671,61868085,20586
ENSG00000255176,118638097,118636620,1477
ENSG00000204394,31795752,31777518,18234
ENSG00000236625,32011233,31996944,14289
ENSG00000244687,50115959,50081124,34835
ENSG00000019144,118658031,118606440,51591
ENSG00000240477,150051456,150050729,727
ENSG00000270218,65026676,65026088,588
ENSG00000241048,150225190,150202174,23016
ENSG00000141505,7179564,7173431,6133
ENSG00000234512,33468954,33466249,2705
ENSG00000242791,149979355,149976755,2600
ENSG00000263278,79603921,79598032,5889
ENSG00000243321,150080117,150077494,2623
ENSG00000223660,54199971,54199454,517
ENSG00000267719,79712317,79707266,5051
ENSG00000082996,149962139,149812708,149431
ENSG00000130638,45845307,45671798,173509
ENSG00000121903,33496507,33472645,23862
ENSG00000104907,13117567,13104902,12665
ENSG00000266963,38362484,38361795,689
ENSG00000244652,106326293,106325737,556
ENSG00000182156,79742219,79730943,11276
ENSG00000233847,60919573,60917490,2083
ENSG00000215032,60893577,60891935,1642
ENSG00000255110,55280289,55279949,340
ENSG00000237536,33161326,33159435,1891
ENSG00000255283,55284749,55279447,5302
ENSG00000235907,33512743,33512008,735
ENSG00000282378,453138,451401,1737
ENSG00000166007,55298270,55291883,6387
ENSG00000206289,33129499,33122398,7101
ENSG00000173894,79787983,79778148,9835
ENSG00000197798,126262984,126211724,51260
ENSG00000107105,23826337,23690104,136233
ENSG00000234255,65456571,65439888,16683
ENSG00000003989,17570573,17497088,73485
ENSG00000235347,45793636,45792418,1218
ENSG00000280383,45680130,45657019,23111
ENSG00000235725,65640177,65589566,50611
ENSG00000204929,66084639,65436711,647928
ENSG00000087095,28196381,28041737,154644
ENSG00000185274,71713600,71132144,581456
ENSG00000061656,35621049,35615892,5157
ENSG00000223739,65512076,65511771,305
ENSG00000281920,65628424,65623272,5152
ENSG00000237979,65502138,65500993,1145
ENSG00000280257,65793533,65790039,3494
ENSG00000214533,65667737,65666695,1042
ENSG00000272694,37372858,37371684,1174
ENSG00000243902,37427445,37339583,87862
ENSG00000166897,37427479,37367960,59519
ENSG00000224072,46457199,46454097,3102
ENSG00000147121,46497422,46447292,50130
ENSG00000279088,73744230,73742995,1235
ENSG00000138074,27212958,27199587,13371
ENSG00000113327,162162977,162000057,162920
ENSG00000237862,37354839,37352190,2649
ENSG00000125450,75235758,75205659,30099
ENSG00000228738,32351132,32347957,3175
ENSG00000282086,14992495,14952495,40000
ENSG00000182566,7733906,7728957,4949
ENSG00000240873,28116406,28116239,167
ENSG00000143612,154220637,154206696,13941
ENSG00000259478,97991142,97982509,8633
ENSG00000144136,112663825,112645939,17886
ENSG00000277397,53186900,53180921,5979
ENSG00000196372,5666595,5638867,27728
ENSG00000225512,32012073,32008544,3529
ENSG00000256674,114584692,114583253,1439
ENSG00000137634,114595762,114570591,25171
ENSG00000206288,33133250,33129256,3994
ENSG00000285531,41677125,41676745,380
ENSG00000100138,41690504,41673933,16571
ENSG00000237036,31320447,31206278,114169
ENSG00000285781,31364049,31362799,1250
ENSG00000230397,31361215,31360955,260
ENSG00000230370,11006876,11006399,477
ENSG00000178951,4066899,4043303,23596
ENSG00000213431,100912175,100910975,1200
ENSG00000106443,11169630,10973336,196294
ENSG00000267512,13141147,13139617,1530
ENSG00000148516,31529814,31318495,211319
ENSG00000282091,15002408,14987680,14728
ENSG00000266897,13132410,13131571,839
ENSG00000227293,66236213,66235377,836
ENSG00000124208,50153637,50081124,72513
ENSG00000160877,13141147,13116862,24285
ENSG00000154175,100993515,100749156,244359
ENSG00000183791,47030078,47028202,1876
ENSG00000162384,53220634,53214099,6535
ENSG00000279354,46915623,46915021,602
ENSG00000138658,112636995,112539333,97662
ENSG00000275553,46969912,46968695,1217
ENSG00000167216,47102243,46917492,184751
ENSG00000259320,98131607,98122563,9044
ENSG00000259611,98103712,98085627,18085
ENSG00000268670,4062749,4061615,1134
ENSG00000259041,98285907,98282075,3832
ENSG00000259266,98118320,98118171,149
ENSG00000253396,41440419,41435298,5121
ENSG00000258483,98087384,98003081,84303
ENSG00000259199,98293177,98046667,246510
ENSG00000196104,167234796,166733384,501412
ENSG00000278338,41981565,41955808,25757
ENSG00000184208,41698136,41688939,9197
ENSG00000102763,41961120,41566835,394285
ENSG00000133488,30505711,30488913,16798
ENSG00000130707,130501274,130444929,56345
ENSG00000263674,32280953,32280387,566
ENSG00000181555,47163967,47016429,147538
ENSG00000267675,58417628,58416765,863
ENSG00000157184,53214197,53196792,17405
ENSG00000267391,58453766,58446275,7491
ENSG00000229962,25518338,25515473,2865
ENSG00000276403,58477484,58476191,1293
ENSG00000153130,140385726,140257286,128440
ENSG00000234883,25575168,25561909,13259
ENSG00000260583,25583326,25582770,556
ENSG00000229903,32433086,32429909,3177
ENSG00000134014,28191156,28089673,101483
ENSG00000238090,33380886,33379964,922
ENSG00000110074,126278131,126269055,9076
ENSG00000198796,58629091,58481247,147844
ENSG00000110881,50083611,50057548,26063
ENSG00000223571,2336410,2334295,2115
ENSG00000169084,2502805,2219516,283289
ENSG00000249580,106898268,106897671,597
ENSG00000239632,106896408,106895729,679
ENSG00000239455,107107000,107104911,2089
ENSG00000239586,106901965,106901068,897
ENSG00000240796,106902523,106902173,350
ENSG00000242836,106897671,106896891,780
ENSG00000243658,106900591,106898889,1702
ENSG00000242214,106896821,106896483,338
ENSG00000241787,106895718,106894352,1366
ENSG00000242759,107240641,106836811,403830
ENSG00000236723,53213775,53209783,3992
ENSG00000267579,58566677,58557070,9607
ENSG00000274354,58512310,58511598,712
ENSG00000267257,58538552,58535415,3137
ENSG00000188937,41475710,41447434,28276
ENSG00000231981,98950447,98949719,728
ENSG00000250630,106901081,106900854,227
ENSG00000275919,98872005,98871742,263
ENSG00000240034,106900855,106900593,262
ENSG00000239997,106849260,106848671,589
ENSG00000225412,32446554,32433363,13191
ENSG00000088387,99086625,98793429,293196
ENSG00000223720,48206857,48172972,33885
ENSG00000225238,41472653,41472264,389
ENSG00000242267,48182428,48096092,86336
ENSG00000152315,90185853,90061994,123859
ENSG00000160185,42447684,42403447,44237
ENSG00000259161,101844122,101843394,728
ENSG00000214717,2500976,2486414,14562
ENSG00000258544,90107995,90107675,320
ENSG00000256705,101839531,101833435,6096
ENSG00000285812,1104598,1097585,7013
ENSG00000259088,101810321,101796555,13766
ENSG00000279903,17500605,17500012,593
ENSG00000204361,114707069,114678386,28683
ENSG00000279096,48104736,48102068,2668
ENSG00000274744,46964408,46962768,1640
ENSG00000280453,17499157,17498737,420
ENSG00000131591,1116361,1081818,34543
ENSG00000279271,17499238,17498647,591
ENSG00000181123,30492804,30475364,17440
ENSG00000279932,17511300,17510613,687
ENSG00000266957,47091280,47077361,13919
ENSG00000259252,70198509,70195638,2871
ENSG00000206181,47035621,47032572,3049
ENSG00000259503,70326742,70321576,5166
ENSG00000214161,30481911,30481311,600
ENSG00000273619,62386970,62386303,667
ENSG00000196951,140373381,140283724,89657
ENSG00000249050,9457418,9453698,3720
ENSG00000070087,150050788,149964904,85884
ENSG00000241923,140366861,140366240,621
ENSG00000078043,46920160,46803218,116942
ENSG00000249754,140314550,140314163,387
ENSG00000167363,82751196,82735615,15581
ENSG00000235581,71942468,71942259,209
ENSG00000183166,72447151,71779491,667660
ENSG00000285509,121113108,121024125,88983
ENSG00000262768,79802529,79800598,1931
ENSG00000269883,77142996,77140683,2313
ENSG00000141570,79801683,79792132,9551
ENSG00000109927,121191493,121101173,90320
ENSG00000258552,77173652,77173075,577
ENSG00000136286,44979088,44962662,16426
ENSG00000177108,77142734,77131270,11464
ENSG00000165548,77259495,77116568,142927
ENSG00000119509,100302175,100099243,202932
ENSG00000272267,9556520,9555144,1376
ENSG00000262410,82745709,82745068,641
ENSG00000253697,9658438,9658295,143
ENSG00000173273,9782346,9555912,226434
ENSG00000171658,185980872,185959943,20929
ENSG00000178403,112516180,112513516,2664
ENSG00000275940,47029030,47028855,175
ENSG00000249532,112650051,112646476,3575
ENSG00000249509,112546881,112515385,31496
ENSG00000248439,112530672,112530371,301
ENSG00000229696,41927349,41925598,1751
ENSG00000082212,50954257,50879080,75177
ENSG00000228769,72104209,72103181,1028
ENSG00000223773,2657229,2609348,47881
ENSG00000279689,73772862,73769264,3598
ENSG00000196968,73780251,73772276,7975
ENSG00000171858,62388520,62387103,1417
ENSG00000267334,44948939,44947912,1027
ENSG00000254505,24213869,24209583,4286
ENSG00000128944,40394246,40382721,11525
ENSG00000131094,44968303,44959693,8610
ENSG00000213927,34664048,34661880,2168
ENSG00000276462,41106229,41100794,5435
ENSG00000176986,73772161,73744372,27789
ENSG00000274312,98320237,98319687,550
ENSG00000154114,121090775,121024072,66703
ENSG00000267788,44982772,44982514,258
ENSG00000277987,98327494,98324273,3221
ENSG00000205002,116944487,116938199,6288
ENSG00000225655,41076392,41073710,2682
ENSG00000280077,41014133,41012231,1902
ENSG00000276291,41218410,40992249,226161
ENSG00000259164,77225462,77098311,127151
ENSG00000137070,34661892,34650702,11190
ENSG00000254897,85453698,85452282,1416
ENSG00000198894,77117287,77098126,19161
ENSG00000230542,2615347,2612988,2359
ENSG00000254713,84546846,84545131,1715
ENSG00000259507,98467412,98466840,572
ENSG00000255555,84955705,84936689,19016
ENSG00000283597,98547728,98437162,110566
ENSG00000213305,85021655,85020785,870
ENSG00000255311,83725390,83643602,81788
ENSG00000224831,149983308,149982181,1127
ENSG00000243944,150213726,150039214,174512
ENSG00000215168,66056587,66055587,1000
ENSG00000237294,66076347,66074835,1512
ENSG00000279456,41062917,41061290,1627
ENSG00000273514,41128463,41126430,2033
ENSG00000285210,86320711,86288704,32007
ENSG00000241947,150000690,149999645,1045
ENSG00000254684,85336572,85336075,497
ENSG00000015413,89638456,89613308,25148
ENSG00000255396,84997768,84997226,542
ENSG00000206199,149968385,149761100,207285
ENSG00000250257,83815263,83814571,692
ENSG00000254787,84800701,84720826,79875
ENSG00000240174,84640565,84639993,572
ENSG00000118640,85582031,85561562,20469
ENSG00000150672,85627922,83455012,2172910
ENSG00000254653,46117318,46116578,740
ENSG00000280212,47076594,47076117,477
ENSG00000267587,46853882,46852632,1250
ENSG00000278674,47023927,47022287,1640
ENSG00000278784,24202811,24201612,1199
ENSG00000135365,46121178,45929323,191855
ENSG00000254692,24213473,24189157,24316
ENSG00000270062,50724272,50723777,495
ENSG00000255647,90410669,90410000,669
ENSG00000258843,50823501,50821880,1621
ENSG00000138085,27217178,27212027,5151
ENSG00000139908,24208362,24205697,2665
ENSG00000100503,50831121,50719763,111358
ENSG00000182000,149984797,149984395,402
ENSG00000241143,150150944,150150538,406
ENSG00000239351,149939799,149938997,802
ENSG00000168899,85593406,85584431,8975
ENSG00000100764,90275429,90256527,18902
ENSG00000058866,186362234,186105668,256566
ENSG00000249858,76345590,76344550,1040
ENSG00000240426,76401569,76401251,318
ENSG00000256852,24584549,24583561,988
ENSG00000163749,76421868,76312997,108871
ENSG00000197503,24584168,24566964,17204
ENSG00000244662,24643166,24642687,479
ENSG00000229573,29721040,29720050,990
ENSG00000242039,29724210,29723740,470
ENSG00000226378,29746121,29723672,22449
ENSG00000168894,85597613,85595725,1888
ENSG00000259940,27214993,27213308,1685
ENSG00000259522,24190416,24180395,10021
ENSG00000155666,27221768,27203495,18273
ENSG00000173674,20141838,20124525,17313
ENSG00000237508,29735599,29719844,15755
ENSG00000129559,24232367,24216857,15510
ENSG00000169607,112764664,112736349,28315
ENSG00000231397,149322092,149321865,227
ENSG00000215311,149334857,149334024,833
ENSG00000228151,149401456,149398204,3252
ENSG00000261842,149424890,149422675,2215
ENSG00000196453,149461062,149431363,29699
ENSG00000270995,100120900,100120435,465
ENSG00000231697,100176054,100175178,876
ENSG00000136891,100352942,100302077,50865
ENSG00000154803,17237188,17212212,24976
ENSG00000255745,24774213,24704565,69648
ENSG00000181220,149497817,149472696,25121
ENSG00000284602,25234775,25232586,2189
ENSG00000119720,90331969,90267860,64109
ENSG00000284657,25240253,25239494,759
ENSG00000213920,24216070,24213943,2127
ENSG00000272381,31261910,31187883,74027
ENSG00000167851,74484796,74466399,18397
ENSG00000144130,112742879,112721486,21393
ENSG00000105427,42390297,42387019,3278
ENSG00000122824,51337525,51332231,5294
ENSG00000225037,20140444,20139968,476
ENSG00000228735,54578794,54576052,2742
ENSG00000232612,54656734,54656358,376
ENSG00000231460,23849914,23829670,20244
ENSG00000275623,54752744,54738461,14283
ENSG00000121314,10807293,10806051,1242
ENSG00000237414,23898054,23894990,3064
ENSG00000224372,30351550,30351416,134
ENSG00000164300,80256048,80111651,144397
ENSG00000224486,30359911,30359278,633
ENSG00000226208,70720289,70715933,4356
ENSG00000167523,89671272,89657802,13470
ENSG00000229051,70786468,70706453,80015
ENSG00000236405,30364280,30363112,1168
ENSG00000277608,23956444,23955760,684
ENSG00000234707,54804928,54759425,45503
ENSG00000250826,82129656,82128535,1121
ENSG00000121381,10810168,10809094,1074
ENSG00000132432,54759974,54752250,7724
ENSG00000234568,82276600,82275071,1529
ENSG00000257800,74123218,74120680,2538
ENSG00000229151,51396462,51356944,39518
ENSG00000179598,17206333,17200995,5338
ENSG00000284516,82340013,82284971,55042
ENSG00000273156,82346842,82344876,1966
ENSG00000126934,4124129,4090321,33808
ENSG00000261599,33129090,33094204,34886
ENSG00000131165,89657721,89644435,13286
ENSG00000234929,2656630,2641989,14641
ENSG00000227364,2730957,2729908,1049
ENSG00000240163,60390682,60390371,311
ENSG00000237720,2838391,2834264,4127
ENSG00000278153,13368703,13368291,412
ENSG00000189377,42443048,42428288,14760
ENSG00000205220,67936864,67934506,2358
ENSG00000266498,17236118,17235433,685
ENSG00000236823,159902510,159899186,3324
ENSG00000263624,17185554,17167946,17608
ENSG00000228391,2871231,2870558,673
ENSG00000148734,70283676,70247329,36347
ENSG00000133030,17217679,17042545,175134
ENSG00000233681,42633034,42620212,12822
ENSG00000079385,42561234,42507304,53930
ENSG00000260900,33060098,33059936,162
ENSG00000260141,33095431,33043609,51822
ENSG00000130368,159916530,159906690,9840
ENSG00000238172,100117651,100116755,896
ENSG00000179292,66296664,66291894,4770
ENSG00000217702,74135640,74123965,11675
ENSG00000226260,32483677,32478466,5211
ENSG00000163170,74147912,74135400,12512
ENSG00000253908,180258366,180257680,686
ENSG00000259869,42754297,42751178,3119
ENSG00000254458,66319237,66312853,6384
ENSG00000274763,54736131,54724452,11679
ENSG00000174807,66317044,66314494,2550
ENSG00000185024,105315589,105209286,106303
ENSG00000100347,44010531,43955442,55089
ENSG00000285388,62959852,62936427,23425
ENSG00000197901,62984983,62936385,48598
ENSG00000163754,149027668,148991341,36327
ENSG00000243584,183616742,183613620,3122
ENSG00000155269,8619761,8558725,61036
ENSG00000171862,87971930,87863625,108305
ENSG00000254565,103407241,103406213,1028
ENSG00000226093,42003637,42003430,207
ENSG00000172508,67425607,67414968,10639
ENSG00000228900,29745585,29745361,224
ENSG00000253245,103408376,103407441,935
ENSG00000250154,29746041,29738801,7240
ENSG00000259473,70505928,70503907,2021
ENSG00000254931,103403422,103402588,834
ENSG00000280639,70586606,70570958,15648
ENSG00000259227,70602516,70602124,392
ENSG00000254824,103409657,103409580,77
ENSG00000261884,67936017,67929614,6403
ENSG00000255417,103404167,103403512,655
ENSG00000187690,51408843,51406948,1895
ENSG00000109270,99894428,99878336,16092
ENSG00000285878,103293705,103252217,41488
ENSG00000226530,51465661,51396511,69150
ENSG00000154719,25607517,25585656,21861
ENSG00000159792,67929676,67893254,36422
ENSG00000251675,80143883,80128361,15522
ENSG00000187240,103479863,103109410,370453
ENSG00000221844,73476073,73474378,1695
ENSG00000273883,54713453,54707916,5537
ENSG00000113356,90514557,90471748,42809
ENSG00000103710,65076690,65053337,23353
ENSG00000273918,54704235,54703952,283
ENSG00000276307,54700905,54700593,312
ENSG00000141086,67932365,67927640,4725
ENSG00000167077,41799456,41699503,99953
ENSG00000177455,28939347,28931761,7586
ENSG00000109625,8619759,8592660,27099
ENSG00000270809,42181921,42181465,456
ENSG00000282485,530929,528677,2252
ENSG00000237263,42071093,42068932,2161
ENSG00000226577,30419319,30414715,4604
ENSG00000102780,42256578,42040036,216542
ENSG00000277351,65049802,65049188,614
ENSG00000282214,531551,531239,312
ENSG00000175505,67374177,67364168,10009
ENSG00000186198,65053397,65045387,8010
ENSG00000269957,24592104,24545938,46166
ENSG00000134551,10932341,10929236,3105
ENSG00000205442,24545946,24542952,2994
ENSG00000224745,87880427,87878692,1735
ENSG00000213613,87946024,87945502,522
ENSG00000261442,4640623,4634329,6294
ENSG00000275484,67374932,67374416,516
ENSG00000275436,54780643,54771163,9480
ENSG00000175463,67410089,67403915,6174
ENSG00000102858,4690974,4616493,74481
ENSG00000147533,41510980,41490396,20584
ENSG00000267096,55672069,55670632,1437
ENSG00000255837,10997875,10996495,1380
ENSG00000234197,186080947,186079170,1777
ENSG00000063244,55674715,55654146,20569
ENSG00000244405,186110318,186046314,64004
ENSG00000212125,10965352,10964425,927
ENSG00000256682,10896952,10894943,2009
ENSG00000229068,30467994,30466452,1542
ENSG00000255374,11092313,11091287,1026
ENSG00000212126,10986912,10985913,999
ENSG00000278006,36072032,36064280,7752
ENSG00000136448,45109016,45051610,57406
ENSG00000100344,43964488,43923739,40749
ENSG00000111215,10849475,10845849,3626
ENSG00000166295,72235860,72216000,19860
ENSG00000277185,54811769,54799454,12315
ENSG00000106178,75823356,75811665,11691
ENSG00000276254,54891588,54877174,14414
ENSG00000176055,90474771,90458209,16562
ENSG00000275848,54858928,54848033,10895
ENSG00000280776,162001196,161910252,90944
ENSG00000125354,119693370,119615724,77646
ENSG00000224936,30470251,30468882,1369
ENSG00000220734,35766927,35765908,1019
ENSG00000236603,30486590,30485940,650
ENSG00000136535,161425870,161416297,9573
ENSG00000241218,107329197,107327830,1367
ENSG00000239828,107421304,107272611,148693
ENSG00000198680,25678440,25676389,2051
ENSG00000178966,84004074,83980711,23363
ENSG00000138303,72217134,72096032,121102
ENSG00000111701,7665908,7649400,16508
ENSG00000272597,107329962,107329430,532
ENSG00000138483,107378637,107377194,1443
ENSG00000187522,14871741,14838306,33435
ENSG00000204592,30494194,30489509,4685
ENSG00000231261,41709489,41709225,264
ENSG00000243701,107326964,107240675,86289
ENSG00000249438,80289781,80288449,1332
ENSG00000256651,10832016,10831074,942
ENSG00000227186,75024251,75023475,776
ENSG00000256019,11049256,11048332,924
ENSG00000232590,73579498,73573615,5883
ENSG00000234149,75025174,75003055,22119
ENSG00000212127,11171573,10937406,234167
ENSG00000184188,80302847,80299678,3169
ENSG00000281264,70616567,70615547,1020
ENSG00000279032,30373115,30370108,3007
ENSG00000280515,70637314,70635249,2065
ENSG00000236701,73649839,73648828,1011
ENSG00000244076,80315826,80315671,155
ENSG00000279175,44116232,44102779,13453
ENSG00000244515,157163932,157162663,1269
ENSG00000175482,67356972,67350772,6200
ENSG00000224856,43957348,43957027,321
ENSG00000241770,157169133,157163452,5681
ENSG00000223368,73873297,73870896,2401
ENSG00000212124,11022620,11021619,1001
ENSG00000280434,44153626,44139365,14261
ENSG00000239559,67683058,67682772,286
ENSG00000227809,74383530,74371531,11999
ENSG00000188677,44172949,43999211,173738
ENSG00000256400,11097274,11097179,95
ENSG00000256537,11176016,11171222,4794
ENSG00000164299,80321842,80319625,2217
ENSG00000196748,35779552,35776594,2958
ENSG00000256436,11031407,11030387,1020
ENSG00000104856,45038198,45001449,36749
ENSG00000226761,11062294,11061365,929
ENSG00000286266,127636867,127578473,58394
ENSG00000275778,11171600,10845849,325751
ENSG00000253667,53974210,53971231,2979
ENSG00000187735,54022456,53966552,55904
ENSG00000121318,10826358,10825317,1041
ENSG00000224825,74499127,74485551,13576
ENSG00000198933,47712050,47694081,17969
ENSG00000257636,30573629,30437992,135637
ENSG00000256712,11171353,11166090,5263
ENSG00000172992,45061109,45023340,37769
ENSG00000198963,74693177,74497335,195842
ENSG00000231887,11171608,10824960,346648
ENSG00000092140,30620064,30559158,60906
ENSG00000226121,161507705,161500885,6820
ENSG00000218336,182803024,182143987,659037
ENSG00000144290,161985282,161424332,560950
ENSG00000267523,55674715,55661901,12814
ENSG00000256188,11134644,11132958,1686
ENSG00000256274,11079171,11076769,2402
ENSG00000256981,11159694,11158785,909
ENSG00000212128,10909562,10907926,1636
ENSG00000279357,8667271,8666762,509
ENSG00000196368,51496592,51490011,6581
ENSG00000256514,67373584,67351572,22012
ENSG00000275422,54834726,54830833,3893
ENSG00000274920,54875194,54860886,14308
ENSG00000172531,67421183,67398183,23000
ENSG00000225774,30544305,30542536,1769
ENSG00000248266,182190382,182144852,45530
ENSG00000214491,30546682,30522799,23883
ENSG00000248694,182773931,182772565,1366
ENSG00000248816,182708042,182697902,10140
ENSG00000285144,38304332,38260149,44183
ENSG00000177822,182145249,181874438,270811
ENSG00000101425,38337505,38304123,33382
ENSG00000235782,70951493,70947379,4114
ENSG00000286010,127670990,127663280,7710
ENSG00000144792,44599694,44578223,21471
ENSG00000269933,71006502,71005854,648
ENSG00000249375,127733967,127686343,47624
ENSG00000072415,67335819,67241109,94710
ENSG00000050628,71047808,70852353,195455
ENSG00000165733,42834937,42782795,52142
ENSG00000236306,25812968,25780056,32912
ENSG00000234438,65079939,65076816,3123
ENSG00000233509,44624797,44617128,7669
ENSG00000136997,127742950,127735434,7516
ENSG00000227087,80332541,80331573,968
ENSG00000186448,44648471,44584888,63583
ENSG00000248569,80351956,80351021,935
ENSG00000161714,45133354,45108959,24395
ENSG00000220157,80360040,80359080,960
ENSG00000260442,28879920,28878957,963
ENSG00000213930,34651035,34638133,12902
ENSG00000282775,36090134,36072866,17268
ENSG00000229918,98834629,98832084,2545
ENSG00000100147,41826299,41800679,25620
ENSG00000284024,14847018,14838160,8858
ENSG00000251433,181906467,181905790,677
ENSG00000177548,28936526,28904421,32105
ENSG00000219039,75836141,75835663,478
ENSG00000265469,73163359,73163035,324
ENSG00000278567,36090169,36088256,1913
ENSG00000236156,37434586,37434177,409
ENSG00000137106,37436990,37422666,14324
ENSG00000089123,13638932,13389392,249540
ENSG00000250516,28227562,28225929,1633
ENSG00000281969,39823227,39818751,4476
ENSG00000260487,30481346,30480588,758
ENSG00000146122,39904877,39792298,112579
ENSG00000234944,42874060,42871521,2539
ENSG00000229630,42981507,42979017,2490
ENSG00000005844,30523185,30472658,50527
ENSG00000271983,80693707,80693216,491
ENSG00000248367,180295253,180293245,2008
ENSG00000136379,80755621,80679684,75937
ENSG00000181513,45144181,45132600,11581
ENSG00000073861,47746122,47733236,12886
ENSG00000149452,63015841,62989154,26687
ENSG00000185267,14838575,14819245,19330
ENSG00000229597,32364583,32351409,13174
ENSG00000171431,40885227,40875941,9286
ENSG00000100554,67360265,67294371,65894
ENSG00000112474,33135646,33133453,2193
ENSG00000254828,55305060,55302290,2770
ENSG00000245468,7103385,7094571,8814
ENSG00000196345,44594173,44555193,38980
ENSG00000184635,19963464,19900913,62551
ENSG00000168468,32104024,32091037,12987
ENSG00000149633,38260772,38210503,50269
ENSG00000206308,32402508,32397298,5210
ENSG00000165752,132331847,132207492,124355
ENSG00000236811,13393674,13392677,997
ENSG00000237900,31889536,31887151,2385
ENSG00000273125,107463912,107430930,32982
ENSG00000136436,48866522,48830988,35534
ENSG00000239754,31939630,31933196,6434
ENSG00000234164,32512136,32498480,13656
ENSG00000223359,32524463,32524368,95
ENSG00000273791,19909146,19908268,878
ENSG00000224230,32555461,32555366,95
ENSG00000239659,58632120,58631259,861
ENSG00000099341,38383824,38374536,9288
ENSG00000172613,67398410,67317871,80539
ENSG00000227826,32589794,32574846,14948
ENSG00000226701,72190576,72189941,635
ENSG00000206249,38326536,38288331,38205
ENSG00000196859,40966892,40958417,8475
ENSG00000285100,38274020,38270778,3242
ENSG00000277829,38233799,38233251,548
ENSG00000285347,38293892,38260175,33717
ENSG00000196296,28904509,28878405,26104
ENSG00000277657,54796808,54782575,14233
ENSG00000152214,43115691,42743227,372464
ENSG00000265010,73244706,73243093,1613
ENSG00000189292,288851,279558,9293
ENSG00000133193,73236753,73207353,29400
ENSG00000278207,54828734,54814235,14499
ENSG00000114796,183684519,183635610,48909
ENSG00000178597,7434930,7430285,4645
ENSG00000108244,40937634,40922696,14938
ENSG00000275418,58660524,58659858,666
ENSG00000184985,7742836,7192538,550298
ENSG00000235033,39900071,39881804,18267
ENSG00000218586,54938184,54933699,4485
ENSG00000258350,30542188,30541776,412
ENSG00000184795,67716005,67711702,4303
ENSG00000266946,58692153,58690356,1797
ENSG00000275358,25063591,25062962,629
ENSG00000267705,58753898,58752179,1719
ENSG00000267476,58752730,58672613,80117
ENSG00000124615,39934551,39899578,34973
ENSG00000234766,51511005,51502090,8915
ENSG00000267226,58671877,58670009,1868
ENSG00000085415,12987536,12947133,40403
ENSG00000224109,51618968,51617024,1944
ENSG00000272491,48229561,48227888,1673
ENSG00000172175,58754477,58671386,83091
ENSG00000117834,48248644,48222685,25959
ENSG00000267597,61958014,61957273,741
ENSG00000261462,87111282,87109539,1743
ENSG00000225053,8162192,8161260,932
ENSG00000232170,8268305,8259331,8974
ENSG00000166685,73208507,73192632,15875
ENSG00000181291,34639318,34579487,59831
ENSG00000226035,32430998,32417316,13682
ENSG00000226861,8301667,8298897,2770
ENSG00000228643,301515,286419,15096
ENSG00000250915,8746033,8745397,636
ENSG00000232414,32017485,32014113,3372
ENSG00000196101,32462852,32449765,13087
ENSG00000274251,67354348,67353629,719
ENSG00000253993,33227147,33226848,299
ENSG00000234423,3126026,2895048,230978
ENSG00000270981,157231208,157230320,888
ENSG00000206287,33141537,33137310,4227
ENSG00000234213,42256575,42255873,702
ENSG00000231530,42044247,42043727,520
ENSG00000125864,17569220,17493905,75315
ENSG00000197415,157533619,157259742,273877
ENSG00000236760,3145780,3131581,14199
ENSG00000165731,43130351,43077069,53282
ENSG00000226649,3157797,3156756,1041
ENSG00000278860,34614809,34614409,400
ENSG00000235107,33366606,33362379,4227
ENSG00000213553,38482804,38481851,953
ENSG00000235009,38433573,38431294,2279
ENSG00000112763,26476621,26457904,18717
ENSG00000231367,38515740,38406719,109021
ENSG00000174953,154324487,154272546,51941
ENSG00000234477,40975926,40921430,54496
ENSG00000248740,103453658,103256159,197499
ENSG00000086589,150701077,150690792,10285
ENSG00000254103,58504068,58503588,480
ENSG00000133393,15888625,15865719,22906
ENSG00000235549,38958925,38958275,650
ENSG00000226916,33267452,33257029,10423
ENSG00000236869,44685653,44557357,128296
ENSG00000169981,44660791,44648732,12059
ENSG00000169836,103719985,103586031,133954
ENSG00000006025,47821834,47807372,14462
ENSG00000156256,29054488,29024629,29859
ENSG00000183091,151734487,151485336,249151
ENSG00000251621,161428774,161424015,4759
ENSG00000226946,161570185,161568502,1683
ENSG00000234732,161931466,161931199,267
ENSG00000280105,161437458,161433874,3584
ENSG00000235716,161581350,161580072,1278
ENSG00000251571,103574082,103572089,1993
ENSG00000224076,161423577,161422659,918
ENSG00000251577,103624534,103548745,75789
ENSG00000180616,73176633,73165010,11623
ENSG00000141219,73248947,73232233,16714
ENSG00000259649,80909777,80896191,13586
ENSG00000250920,103559147,103550586,8561
ENSG00000230558,42561750,42560433,1317
ENSG00000257342,57721510,57694132,27378
ENSG00000124469,42595055,42580243,14812
ENSG00000259424,98647371,98646951,420
ENSG00000261346,30489353,30477180,12173
ENSG00000226990,8461863,8400860,61003
ENSG00000259546,80948867,80896190,52677
ENSG00000135506,57721557,57693955,27602
ENSG00000271251,8472952,8472719,233
ENSG00000174574,39006059,38991276,14783
ENSG00000261332,30499554,30498766,788
ENSG00000117899,80989828,80946289,43539
ENSG00000226647,5744067,5712174,31893
ENSG00000224046,87152420,87151423,997
ENSG00000184344,7695775,7689784,5991
ENSG00000108021,5763740,5684838,78902
ENSG00000269374,42485714,42485076,638
ENSG00000213904,42652355,42397128,255227
ENSG00000135185,87220587,87196160,24427
ENSG00000214820,44581026,44579938,1088
ENSG00000235017,31933220,31885329,47891
ENSG00000196526,7939926,7758714,181212
ENSG00000272077,44669364,44667412,1952
ENSG00000267644,28220005,28219285,720
ENSG00000187569,7717559,7711433,6126
ENSG00000225442,17077752,17076038,1714
ENSG00000231608,32093383,32016970,76413
ENSG00000204140,35793675,35781019,12656
ENSG00000278864,17183257,17181504,1753
ENSG00000264187,17237185,17202649,34536
ENSG00000242085,105374971,105374618,353
ENSG00000278737,65083663,65083042,621
ENSG00000258753,54471218,54470709,509
ENSG00000079435,42427388,42401514,25874
ENSG00000179364,105398147,105300563,97584
ENSG00000226676,79632188,79628757,3431
ENSG00000277373,17565851,17565501,350
ENSG00000232333,17517307,17516843,464
ENSG00000103888,80951776,80779343,172433
ENSG00000178789,74531475,74521174,10301
ENSG00000224378,31493317,31480101,13216
ENSG00000005486,75888926,75842602,46324
ENSG00000270166,84078857,84078584,273
ENSG00000266969,12991173,12984694,6479
ENSG00000227463,84094577,84063443,31134
ENSG00000227930,23897335,23891704,5631
ENSG00000237575,28228065,28226563,1502
ENSG00000228944,24255719,24196662,59057
ENSG00000187186,34666112,34664163,1949
ENSG00000251192,46545457,46497727,47730
ENSG00000100060,37486401,37469063,17338
ENSG00000272447,79827602,79825902,1700
ENSG00000122585,24291862,24284188,7674
ENSG00000237825,33277249,33269579,7670
ENSG00000279954,45879247,45875932,3315
ENSG00000167850,74546143,74541108,5035
ENSG00000188199,79714681,79703227,11454
ENSG00000235091,45891438,45875999,15439
ENSG00000277728,73203431,73202968,463
ENSG00000267259,28235281,28232590,2691
ENSG00000187959,73262352,73248449,13903
ENSG00000262171,15886158,15885029,1129
ENSG00000254699,86193482,86192787,695
ENSG00000135164,87196337,87152361,43976
ENSG00000253313,43285617,43281883,3734
ENSG00000244733,79677996,79660891,17105
ENSG00000264860,73196593,73164977,31616
ENSG00000268605,42425071,42424384,687
ENSG00000227905,88049823,88048135,1688
ENSG00000275015,88259372,88259129,243
ENSG00000225484,79826594,79663088,163506
ENSG00000254502,86196266,86195132,1134
ENSG00000083444,11975538,11934205,41333
ENSG00000272620,7778928,7754090,24838
ENSG00000224952,32197856,32192405,5451
ENSG00000228919,7940296,7939001,1295
ENSG00000213771,8515106,8513687,1419
ENSG00000229418,96306695,96292685,14010
ENSG00000172731,70382650,70298970,83680
ENSG00000107447,96338564,96304409,34155
ENSG00000227442,32502952,32488465,14487
ENSG00000233149,30958749,30952827,5922
ENSG00000063245,55709858,55675226,34632
ENSG00000258728,34657113,34646645,10468
ENSG00000183137,109163932,109095110,68822
ENSG00000143977,70293740,70281362,12378
ENSG00000225815,66328984,66327349,1635
ENSG00000230074,34681298,34665665,15633
ENSG00000243485,31109,29554,1555
ENSG00000100139,37942822,37905657,37165
ENSG00000232164,66392450,66383306,9144
ENSG00000261215,34666029,34661903,4126
ENSG00000223972,14409,11869,2540
ENSG00000233853,32623878,32621417,2461
ENSG00000238248,32675599,32674660,939
ENSG00000237120,32677513,32677106,407
ENSG00000227232,29570,14404,15166
ENSG00000170370,117549546,117542445,7101
ENSG00000229099,32698994,32679833,19161
ENSG00000137392,35797344,35794982,2362
ENSG00000223844,32683798,32682668,1130
ENSG00000236420,8620608,8619933,675
ENSG00000261678,144336482,144330565,5917
ENSG00000163661,157443633,157436850,6783
ENSG00000234683,81596506,81596157,349
ENSG00000258114,117490419,117425194,65225
ENSG00000227960,81506296,81505099,1197
ENSG00000229847,117545068,117473215,71853
ENSG00000132155,12664226,12583601,80625
ENSG00000236676,81625713,81585941,39772
ENSG00000206306,32544028,32513411,30617
ENSG00000096063,35921342,35832966,88376
ENSG00000234953,81557702,81513880,43822
ENSG00000243176,157381265,157175223,206042
ENSG00000177725,22171710,22169338,2372
ENSG00000227288,81503468,81501794,1674
ENSG00000271443,38536249,38535258,991
ENSG00000168487,22212326,22165140,47186
ENSG00000235855,67723455,67722483,972
ENSG00000149548,125041489,124954121,87368
ENSG00000254883,67744645,67744322,323
ENSG00000254447,67784229,67735600,48629
ENSG00000172901,116027619,115962454,65165
ENSG00000255147,67756968,67749043,7925
ENSG00000285537,67736559,67735608,951
ENSG00000268593,55707855,55707550,305
ENSG00000224096,33176605,33171150,5455
ENSG00000185792,55738402,55708432,29970
ENSG00000224886,79684983,79684494,489
ENSG00000280355,79684094,79681973,2121
ENSG00000253907,28238905,28238430,475
ENSG00000272489,79664786,79663192,1594
ENSG00000280055,127948723,127946559,2164
ENSG00000112562,168673445,168441151,232294
ENSG00000278616,79685436,79682997,2439
ENSG00000002586,2741309,2691187,50122
ENSG00000249859,128187101,127794533,392568
ENSG00000124092,57525652,57495966,29686
ENSG00000235650,33198110,33193610,4500
ENSG00000198178,7751605,7729415,22190
ENSG00000168081,28343355,28316986,26369
ENSG00000230749,66441836,66439088,2748
ENSG00000226819,66433470,66426735,6735
ENSG00000270555,72769191,72768798,393
ENSG00000174744,66345125,66337333,7792
ENSG00000277149,72828200,72558744,269456
ENSG00000143995,66573869,66433452,140417
ENSG00000197045,54489026,54474484,14542
ENSG00000271698,144355609,144353228,2381
ENSG00000267689,55706172,55705978,194
ENSG00000267117,55694558,55694118,440
ENSG00000182325,144359376,144355431,3945
ENSG00000249614,104036923,103961616,75307
ENSG00000251170,104411035,104230380,180655
ENSG00000187010,25330445,25272393,58052
ENSG00000253690,28339255,28250063,89192
ENSG00000273254,29024890,29024255,635
ENSG00000239198,28300566,28299683,883
ENSG00000184719,88584530,88273864,310666
ENSG00000264174,34726170,34725509,661
ENSG00000264622,34859046,34837871,21175
ENSG00000236910,33370212,33369589,623
ENSG00000230012,33393582,33391691,1891
ENSG00000255410,6635208,6630603,4605
ENSG00000166341,6655809,6621330,34479
ENSG00000168653,39034636,39026318,8318
ENSG00000184068,41834665,41831215,3450
ENSG00000198911,41907307,41833079,74228
ENSG00000278275,128010428,128010188,240
ENSG00000258507,8860827,8858715,2112
ENSG00000215612,8871839,8846076,25763
ENSG00000244527,21119661,21119182,479
ENSG00000263748,21183499,21182503,996
ENSG00000121281,50318135,50246137,71998
ENSG00000265984,21241371,21240675,696
ENSG00000270694,72723089,72722885,204
ENSG00000231118,31502487,31501676,811
ENSG00000225590,33193647,33171888,21759
ENSG00000229535,31510873,31510294,579
ENSG00000268884,8347687,8346517,1170
ENSG00000255390,6622322,6621451,871
ENSG00000231037,33408857,33403402,5455
ENSG00000276992,104997052,104996900,152
ENSG00000244470,104886955,104886118,837
ENSG00000251473,105104004,105102891,1113
ENSG00000250670,104568877,104556960,11917
ENSG00000248373,105120000,104907357,212643
ENSG00000256972,115340262,115333577,6685
ENSG00000223618,33405839,33404140,1699
ENSG00000256315,115397658,115396756,902
ENSG00000165916,47426473,47418769,7704
ENSG00000248242,104966793,104653874,312919
ENSG00000256041,63033103,63032503,600
ENSG00000255580,115377931,115363629,14302
ENSG00000245384,104697592,104490965,206627
ENSG00000142765,27353937,27342020,11917
ENSG00000182985,115504957,115169218,335739
ENSG00000168772,104494901,104468308,26593
ENSG00000131459,180353336,180300698,52638
ENSG00000261587,144354914,144352219,2695
ENSG00000134698,35857890,35808016,49874
ENSG00000286119,182830597,182828100,2497
ENSG00000272646,182882203,182881777,426
ENSG00000227884,31929270,31921995,7275
ENSG00000035141,70302090,70295975,6115
ENSG00000270683,25938434,25937912,522
ENSG00000223494,30971104,30952885,18219
ENSG00000224782,33276326,33267227,9099
ENSG00000137575,58582859,58552924,29935
ENSG00000276759,26118408,26066675,51733
ENSG00000279256,26644595,26642697,1898
ENSG00000254261,26786874,26746953,39921
ENSG00000253400,26805862,26801733,4129
ENSG00000282389,36162932,36161606,1326
ENSG00000172586,73783652,73782047,1605
ENSG00000282763,36177516,36116177,61339
ENSG00000270234,8724288,8724010,278
ENSG00000174791,66336840,66330241,6599
ENSG00000282750,36176601,36165687,10914
ENSG00000185803,144361286,144354135,7151
ENSG00000274800,19979610,19978190,1420
ENSG00000268070,20034332,20033444,888
ENSG00000233849,70302072,70301451,621
ENSG00000197124,20039505,19997058,42447
ENSG00000234668,31529021,31526639,2382
ENSG00000205857,7774121,7765216,8905
ENSG00000120159,26892803,26840685,52118
ENSG00000010810,111873452,111660332,213120
ENSG00000236019,31525315,31524481,834
ENSG00000231975,31512412,31510897,1515
ENSG00000279098,99942522,99942081,441
ENSG00000253547,63048126,63046785,1341
ENSG00000164031,99946618,99896248,50370
ENSG00000272338,33361415,33360839,576
ENSG00000230624,31528755,31512399,16356
ENSG00000272589,73801399,73796514,4885
ENSG00000184887,105251093,105248490,2603
ENSG00000254756,66339875,66334494,5381
ENSG00000214655,73801797,73785582,16215
ENSG00000256847,63244004,63243085,919
ENSG00000254061,33436700,33436268,432
ENSG00000232466,26880549,26880178,371
ENSG00000224725,70390626,70389426,1200
ENSG00000184999,63369718,63137867,231851
ENSG00000198042,33501262,33485182,16080
ENSG00000235781,30519217,30516266,2951
ENSG00000148730,70428618,70404145,24473
ENSG00000260276,8860456,8848105,12351
ENSG00000183044,8784575,8674596,109979
ENSG00000060566,4173054,4153631,19423
ENSG00000253901,91907619,91542924,364695
ENSG00000117305,23838620,23801885,36735
ENSG00000254629,83791578,83789977,1601
ENSG00000270954,74804773,74804473,300
ENSG00000279495,105372918,105370418,2500
ENSG00000119121,74888094,74722495,165599
ENSG00000100697,95158010,95086228,71782
ENSG00000138115,95069497,95036772,32725
ENSG00000129696,33513601,33473386,40215
ENSG00000075975,12583713,12557087,26626
ENSG00000268223,116060118,116032324,27794
ENSG00000235772,42561934,42560374,1560
ENSG00000160190,42581440,42496008,85432
ENSG00000089472,66268867,66162549,106318
ENSG00000111664,6847393,6839954,7439
ENSG00000248295,115976275,115974513,1762
ENSG00000185641,116052289,116051917,372
ENSG00000229074,32757450,32723350,34100
ENSG00000256181,63266256,63265836,420
ENSG00000196600,63229652,63163776,65876
ENSG00000110169,6442617,6431049,11568
ENSG00000136521,179627647,179604690,22957
ENSG00000156574,70447951,70432315,15636
ENSG00000259120,75647975,75646243,1732
ENSG00000204323,75641404,75633434,7970
ENSG00000280401,70436556,70434829,1727
ENSG00000197753,35845397,35797206,48191
ENSG00000172728,33473422,33370824,102598
ENSG00000107719,70568450,70478767,89683
ENSG00000108469,75667189,75626845,40344
ENSG00000239924,63116338,63115880,458
ENSG00000256863,63239114,63237957,1157
ENSG00000197658,63144221,63079940,64281
ENSG00000266830,28248006,28246454,1552
ENSG00000259258,65105800,65105534,266
ENSG00000265060,28248289,28247444,845
ENSG00000166164,50368934,50313487,55447
ENSG00000246922,65115197,65092770,22427
ENSG00000225944,74830080,74828553,1527
ENSG00000226665,75136940,75136154,786
ENSG00000214249,75240296,75237944,2352
ENSG00000223880,75252012,75250480,1532
ENSG00000266389,8967070,8965896,1174
ENSG00000228095,84604425,84604111,314
ENSG00000265975,8976995,8967523,9472
ENSG00000233262,84290131,84278219,11912
ENSG00000197506,84340683,84275457,65226
ENSG00000154743,12539623,12484432,55191
ENSG00000104859,45070956,45039045,31911
ENSG00000259818,53224253,53220663,3590
ENSG00000225203,75377294,75375511,1783
ENSG00000230661,70486325,70485336,989
ENSG00000136111,75482114,75283503,198611
ENSG00000179163,23868294,23845077,23217
ENSG00000229839,62146881,62069447,77434
ENSG00000239930,42497443,42496539,904
ENSG00000160188,42496246,42472486,23760
ENSG00000173163,62147247,61888724,258523
ENSG00000034152,21315240,21284672,30568
ENSG00000089048,13784886,13714322,70564
ENSG00000091138,107803225,107765467,37758
ENSG00000227398,47246601,47164497,82104
ENSG00000242735,62147153,62146413,740
ENSG00000249673,2961738,2934899,26839
ENSG00000114648,47346816,47282917,63899
ENSG00000106128,30993254,30938669,54585
ENSG00000173862,33728456,33725981,2475
ENSG00000285987,84657077,84316514,340563
ENSG00000227481,33732064,33730292,1772
ENSG00000260777,28266369,28263634,2735
ENSG00000236494,33803156,33793168,9988
ENSG00000263788,28256669,28256375,294
ENSG00000264486,28265551,28256438,9113
ENSG00000231867,42509661,42508624,1037
ENSG00000235514,25763333,25762938,395
ENSG00000233219,33874231,33868501,5730
ENSG00000271202,91910167,91909738,429
ENSG00000154727,25772460,25734570,37890
ENSG00000234876,32231740,32202513,29227
ENSG00000087269,2963406,2937933,25473
ENSG00000229182,91917918,91917507,411
ENSG00000277796,36196795,36194906,1889
ENSG00000204889,40987135,40977716,9419
ENSG00000282229,36196508,36183253,13255
ENSG00000232557,23907885,23907111,774
ENSG00000229106,23902737,23901471,1266
ENSG00000066056,43323108,43300982,22126
ENSG00000188822,23913362,23870515,42847
ENSG00000254663,55319465,55318560,905
ENSG00000254723,55326673,55325756,917
ENSG00000088727,47283451,47228026,55425
ENSG00000181961,55344231,55343151,1080
ENSG00000181958,55368918,55367884,1034
ENSG00000180644,70602759,70597348,5411
ENSG00000232355,134868475,134868236,239
ENSG00000254891,55389472,55388529,943
ENSG00000255077,55411717,55411526,191
ENSG00000255493,55432370,55430478,1892
ENSG00000160339,134887523,134880810,6713
ENSG00000226754,53242783,53238610,4173
ENSG00000204576,30563723,30556886,6837
ENSG00000162385,53238518,53226900,11618
ENSG00000230228,23949383,23949016,367
ENSG00000213303,11523831,11523436,395
ENSG00000267373,16104254,16103761,493
ENSG00000189266,23963462,23956839,6623
ENSG00000130159,11529172,11505929,23243
ENSG00000158042,6683401,6680782,2619
ENSG00000136830,127578989,127505339,73650
ENSG00000261393,50371480,50368580,2900
ENSG00000255196,55445338,55444435,903
ENSG00000181950,55467712,55466771,941
ENSG00000261488,112135359,112133423,1936
ENSG00000171222,35959472,35953617,5855
ENSG00000255294,55478512,55475943,2569
ENSG00000111665,6852066,6844793,7273
ENSG00000181943,55492148,55491205,943
ENSG00000157193,53328070,53242364,85706
ENSG00000220447,121381860,121381472,388
ENSG00000149646,36030700,35954564,76136
ENSG00000229626,107809568,107808734,834
ENSG00000085265,134917912,134903232,14680
ENSG00000138316,70762441,70672506,89935
ENSG00000227054,25692554,25692180,374
ENSG00000066117,50100712,50084972,15740
ENSG00000154723,25735673,25716503,19170
ENSG00000204590,30557174,30541377,15797
ENSG00000234508,32203193,32198436,4757
ENSG00000065320,9244000,9021510,222490
ENSG00000197468,8950559,8949630,929
ENSG00000249272,8963981,8959628,4353
ENSG00000254576,55511169,55506635,4534
ENSG00000223823,1144056,1137017,7039
ENSG00000272714,121390357,121389324,1033
ENSG00000233301,55537924,55537002,922
ENSG00000250804,8982360,8981436,924
ENSG00000272141,1170343,1169357,986
ENSG00000231030,33145143,33144520,623
ENSG00000249347,8990806,8990455,351
ENSG00000152661,121449727,121435577,14150
ENSG00000262966,9179118,9171068,8050
ENSG00000127914,92110673,91940867,169806
ENSG00000205231,1179555,1173056,6499
ENSG00000279985,61116753,61114432,2321
ENSG00000162571,1197935,1173884,24051
ENSG00000172238,93830964,93828753,2211
ENSG00000164182,61153026,60945205,207821
ENSG00000181939,55555419,55554307,1112
ENSG00000236403,134943195,134937151,6044
ENSG00000279935,134995854,134992958,2896
ENSG00000279514,55573060,55572128,932
ENSG00000276945,61146376,61145846,530
ENSG00000172188,55607645,55602360,5285
ENSG00000253271,117056145,117055818,327
ENSG00000253622,117130299,117128455,1844
ENSG00000215003,15932294,15931697,597
ENSG00000181927,55640309,55635113,5196
ENSG00000250229,113840236,113840050,186
ENSG00000164756,117176714,116950273,226441
ENSG00000219784,121479908,121478273,1635
ENSG00000166220,70785401,70771239,14162
ENSG00000174982,55652854,55648327,4527
ENSG00000262516,3841010,3840528,482
ENSG00000230844,46548408,46545493,2915
ENSG00000220326,121641221,121641009,212
ENSG00000005339,3880726,3725054,155672
ENSG00000285600,127629049,127620106,8943
ENSG00000181903,55666195,55662201,3994
ENSG00000270499,46562749,46560928,1821
ENSG00000073111,127622436,127598410,24026
ENSG00000147119,46598408,46573784,24624
ENSG00000197430,96359365,96343221,16144
ENSG00000254841,55674675,55673536,1139
ENSG00000266714,75626849,75588058,38791
ENSG00000218180,121654690,121653795,895
ENSG00000278464,34902885,34892013,10872
ENSG00000188439,55684374,55683239,1135
ENSG00000254804,55686160,55684141,2019
ENSG00000235198,117572457,117562084,10373
ENSG00000267544,10842250,10841839,411
ENSG00000234952,117736407,117735313,1094
ENSG00000214212,10869790,10836575,33215
ENSG00000263041,117830518,117825903,4615
ENSG00000100532,54539292,54509812,29480
ENSG00000231366,70794523,70794230,293
ENSG00000272916,73811651,73796514,15137
ENSG00000235684,33168528,33166626,1902
ENSG00000188529,23980927,23964804,16123
ENSG00000284636,9001058,9000841,217
ENSG00000271057,9021161,9020857,304
ENSG00000251313,9031066,9030286,780
ENSG00000166507,73811798,73801911,9887
ENSG00000231104,118045810,118017487,28323
ENSG00000250342,9052051,9051842,209
ENSG00000282604,36212918,36210948,1970
ENSG00000198783,34963777,34961540,2237
ENSG00000232395,114488752,114477350,11402
ENSG00000221978,1399335,1385711,13624
ENSG00000249767,9141608,9079023,62585
ENSG00000259939,8854347,8853312,1035
ENSG00000260350,8848724,8847650,1074
ENSG00000285559,34938604,34937306,1298
ENSG00000107560,118046941,118004916,42025
ENSG00000273687,35018991,35018660,331
ENSG00000129422,17800917,17643795,157122
ENSG00000267457,35074374,35073831,543
ENSG00000243423,35077007,35076737,270
ENSG00000153048,8869012,8852942,16070
ENSG00000005156,35009743,34980494,29249
ENSG00000267477,11505698,11466240,39458
ENSG00000161914,11505839,11483427,22412
ENSG00000225526,12561059,12514934,46125
ENSG00000010803,41242154,41027200,214954
ENSG00000240003,80501400,80500332,1068
ENSG00000249042,80488063,80482293,5770
ENSG00000282512,36250970,36249651,1319
ENSG00000230016,31357371,31356825,546
ENSG00000177640,118210153,118046279,163874
ENSG00000271914,35930115,35929720,395
ENSG00000271164,35873752,35873270,482
ENSG00000242706,80498971,80498534,437
ENSG00000278494,15036801,15002502,34299
ENSG00000092847,35930532,35869808,60724
ENSG00000096150,33205337,33200834,4503
ENSG00000039319,80483379,80408013,75366
ENSG00000124507,34535229,34466061,69168
ENSG00000280238,73791490,73791218,272
ENSG00000180801,113979727,113900284,79443
ENSG00000154721,25717562,25639258,78304
ENSG00000249304,113944320,113943256,1064
ENSG00000274033,20056594,20056466,128
ENSG00000196361,11481046,11451326,29720
ENSG00000212899,40994133,40993430,703
ENSG00000276230,507300,494512,12788
ENSG00000234752,8914596,8897989,16607
ENSG00000269154,20063320,20062755,565
ENSG00000223808,8973468,8970125,3343
ENSG00000184434,27005693,26993136,12557
ENSG00000230014,9287057,9275833,11224
ENSG00000184500,93980003,93873033,106970
ENSG00000212900,40999894,40999193,701
ENSG00000235838,9724416,9721963,2453
ENSG00000115008,112784590,112773915,10675
ENSG00000228636,9878060,9758783,119277
ENSG00000226776,41004760,41004481,279
ENSG00000235586,38602178,38601598,580
ENSG00000143889,38603586,38561969,41617
ENSG00000096872,27062930,26947039,115891
ENSG00000206305,32577071,32570792,6279
ENSG00000065923,46759118,46599251,159867
ENSG00000267220,20151908,20131894,20014
ENSG00000280079,20222186,20220597,1589
ENSG00000224864,20125484,20125044,440
ENSG00000174684,66347629,66345374,2255
ENSG00000213985,20259418,20257720,1698
ENSG00000267383,20321305,20125377,195928
ENSG00000213304,11522498,11521968,530
ENSG00000279601,119696059,119693568,2491
ENSG00000187808,119760202,119758588,1614
ENSG00000270716,20137233,20136933,300
ENSG00000026297,166957191,166929504,27687
ENSG00000281763,154284039,154275723,8316
ENSG00000213988,20127076,20077994,49082
ENSG00000188064,45977162,45920366,56796
ENSG00000157119,42692544,42685519,7025
ENSG00000237613,36081,34554,1527
ENSG00000198918,119791630,119786504,5126
ENSG00000206286,33200871,33179079,21792
ENSG00000224788,10063502,10058722,4780
ENSG00000164032,99950355,99948086,2269
ENSG00000232762,53307462,53304536,2926
ENSG00000268020,53312,52473,839
ENSG00000234578,53268601,53267935,666
ENSG00000133624,149624752,149547154,77598
ENSG00000229919,10174577,10174230,347
ENSG00000225030,53292138,53291791,347
ENSG00000240361,64116,57598,6518
ENSG00000228838,53289706,53288024,1682
ENSG00000272436,10257466,10257169,297
ENSG00000104915,13150383,13144058,6325
ENSG00000234306,10366487,10365180,1307
ENSG00000256229,20200488,20167214,33274
ENSG00000149679,62407285,62388632,18653
ENSG00000186092,71585,65419,6166
ENSG00000215284,46725818,46725164,654
ENSG00000213997,46647330,46646594,736
ENSG00000226048,46685707,46684765,942
ENSG00000279575,10395737,10394670,1067
ENSG00000266306,28272365,28269203,3162
ENSG00000270111,10462349,10418739,43610
ENSG00000285881,22192578,22188369,4209
ENSG00000250150,167308789,167306910,1879
ENSG00000264029,28275716,28274657,1059
ENSG00000237731,25644216,25643489,727
ENSG00000132872,43277535,43267892,9643
ENSG00000259500,48973361,48971803,1558
ENSG00000265480,28317783,28275986,41797
ENSG00000269274,20303794,20295089,8705
ENSG00000233750,134836,131025,3811
ENSG00000279039,20209789,20207192,2597
ENSG00000238009,133723,89295,44428
ENSG00000269055,20268391,20267817,574
ENSG00000268620,20250295,20249052,1243
ENSG00000225890,32803273,32780908,22365
ENSG00000274612,20087576,20087013,563
ENSG00000248820,100042104,100041841,263
ENSG00000240673,20080539,20079818,721
ENSG00000249710,100215505,100190033,25472
ENSG00000166224,70881173,70815961,65212
ENSG00000250403,99991477,99990737,740
ENSG00000280424,46010777,46006616,4161
ENSG00000271524,20222463,20221869,594
ENSG00000245322,100195099,99950006,245093
ENSG00000239945,91105,89551,1554
ENSG00000267641,20177063,20175013,2050
ENSG00000184857,8797642,8780384,17258
ENSG00000267771,20206954,20206844,110
ENSG00000275437,62405935,62402236,3699
ENSG00000228997,10776661,10776223,438
ENSG00000225648,72836701,72829425,7276
ENSG00000145736,71067689,71032670,35019
ENSG00000212901,41019324,41008521,10803
ENSG00000218227,178056194,178055604,590
ENSG00000278713,29863417,29862760,657
ENSG00000145358,100190782,100185870,4912
ENSG00000226691,32929923,32929849,74
ENSG00000103502,29863414,29858357,5057
ENSG00000204677,178086529,178006348,80181
ENSG00000221852,41027208,41026026,1182
ENSG00000206302,32595353,32587742,7611
ENSG00000140650,8849325,8788823,60502
ENSG00000204887,41030104,41029697,407
ENSG00000260259,89686569,89682620,3949
ENSG00000221880,41034855,41033884,971
ENSG00000179994,72871581,72862757,8824
ENSG00000275734,89685304,89671568,13736
ENSG00000228570,79850878,79841358,9520
ENSG00000185324,89696354,89680737,15617
ENSG00000188581,41041450,41040541,909
ENSG00000160172,67805336,67791648,13688
ENSG00000130701,62427539,62410237,17302
ENSG00000091140,107931730,107891162,40568
ENSG00000124664,34556333,34537802,18531
ENSG00000227620,67792335,67785273,7062
ENSG00000214695,79861806,79860573,1233
ENSG00000243977,179650200,179649494,706
ENSG00000204437,79873903,79870375,3528
ENSG00000100987,25082365,25070885,11480
ENSG00000271657,62171163,62168862,2301
ENSG00000185379,35121522,35092208,29314
ENSG00000170340,62224731,62196115,28616
ENSG00000237348,33004281,33003767,514
ENSG00000223971,31368468,31367866,602
ENSG00000240110,32590793,32588198,2595
ENSG00000278933,43499836,43499173,663
ENSG00000242386,32986577,32968079,18498
ENSG00000233744,32589041,32588193,848
ENSG00000274870,248362627,248361581,1046
ENSG00000196114,34576656,34576258,398
ENSG00000267716,44040140,44039471,669
ENSG00000225383,10794980,10784437,10543
ENSG00000277899,44523074,44522366,708
ENSG00000267573,44322257,44320800,1457
ENSG00000285550,44342315,44214971,127344
ENSG00000267337,44531697,44323436,208261
ENSG00000020577,54793315,54567097,226218
ENSG00000244144,112185998,112185480,518
ENSG00000172139,112294227,112140898,153329
ENSG00000255468,66364804,66347950,16854
ENSG00000234393,113719332,113710681,8651
ENSG00000244968,38671216,38556786,114430
ENSG00000174669,66372214,66362521,9693
ENSG00000216636,34617258,34616538,720
ENSG00000220643,34687106,34686602,504
ENSG00000165806,113730907,113679162,51745
ENSG00000196821,34696859,34587288,109571
ENSG00000274297,70758856,70758269,587
ENSG00000113594,38608354,38474668,133686
ENSG00000177938,18739187,18738101,1086
ENSG00000137055,26947242,26903372,43870
ENSG00000137831,70763558,70654554,109004
ENSG00000227525,19089888,19089151,737
ENSG00000256844,19108183,19107854,329
ENSG00000152380,80542563,80487969,54594
ENSG00000215893,41099136,41098638,498
ENSG00000281207,41043890,41014590,29300
ENSG00000272288,34697470,34696317,1153
ENSG00000171790,41023237,41015597,7640
ENSG00000239463,33004180,32982065,22115
ENSG00000249514,91031307,91030990,317
ENSG00000267414,44679717,44676927,2790
ENSG00000248716,114104225,114103938,287
ENSG00000164199,91164437,90529344,635093
ENSG00000250897,94196513,94195940,573
ENSG00000128346,37953669,37943050,10619
ENSG00000235706,95179933,95157645,22288
ENSG00000246541,94207556,94117792,89764
ENSG00000088808,103847590,103733195,114395
ENSG00000074266,86278813,86244753,34060
ENSG00000254370,28420055,28415524,4531
ENSG00000278922,30528294,30526918,1376
ENSG00000260494,30538231,30537202,1029
ENSG00000115808,36966536,36837698,128838
ENSG00000261459,30534852,30525923,8929
ENSG00000186918,28402701,28345590,57111
ENSG00000235560,30537144,30534752,2392
ENSG00000253168,17706187,17703988,2199
ENSG00000169951,30558498,30553764,4734
ENSG00000104213,17644071,17576433,67638
ENSG00000240979,79726321,79726069,252
ENSG00000235272,166587594,166585604,1990
ENSG00000249141,166956124,166858094,98030
ENSG00000260764,8731559,8731416,143
ENSG00000106829,79726882,79571773,155109
ENSG00000235008,166702839,166701094,1745
ENSG00000170889,54249003,54200809,48194
ENSG00000071242,166906451,166409364,497087
ENSG00000234676,26956295,26955780,515
ENSG00000219135,121680459,121679972,487
ENSG00000254457,55715727,55714799,928
ENSG00000105926,24694193,24573268,120925
ENSG00000253230,9905366,9900064,5302
ENSG00000217139,121684272,121682925,1347
ENSG00000169957,30526821,30524004,2817
ENSG00000186886,55729621,55723776,5845
ENSG00000220184,121858768,121858179,589
ENSG00000277466,17596378,17596312,66
ENSG00000222044,38034228,38032165,2063
ENSG00000181837,55755957,55754977,980
ENSG00000273816,9244897,9244666,231
ENSG00000236227,33012662,33002124,10538
ENSG00000279761,55774382,55773438,944
ENSG00000100142,38041915,37952607,89308
ENSG00000255019,55787905,55786964,941
ENSG00000186113,55796500,55795556,944
ENSG00000251279,61232040,61162070,69970
ENSG00000188725,61162468,61157704,4764
ENSG00000169955,30535347,30530367,4980
ENSG00000090470,65133808,65117379,16429
ENSG00000260869,30558279,30534227,24052
ENSG00000128242,30574665,30554635,20030
ENSG00000249279,61264929,61201309,63620
ENSG00000235289,70355915,70353010,2905
ENSG00000229229,70422678,70402934,19744
ENSG00000130558,135121179,135075422,45757
ENSG00000111704,7799146,7787794,11352
ENSG00000231343,33183793,33178341,5452
ENSG00000253567,28455902,28447264,8638
ENSG00000279519,36842539,36839922,2617
ENSG00000214050,28490278,28348287,141991
ENSG00000273804,14953120,14953012,108
ENSG00000278689,248388876,248387950,926
ENSG00000107164,130638352,130578965,59387
ENSG00000231829,95168425,95141925,26500
ENSG00000232659,31371297,31370871,426
ENSG00000170310,9576591,9250471,326120
ENSG00000274691,95173187,95173085,102
ENSG00000275244,248413170,248412061,1109
ENSG00000225533,95184217,95183653,564
ENSG00000225145,31372755,31372541,214
ENSG00000281395,248448199,248447273,926
ENSG00000235815,168723495,168716606,6889
ENSG00000284688,26478533,26477872,661
ENSG00000267090,38386759,38385522,1237
ENSG00000280665,168820656,168820423,233
ENSG00000276821,248459895,248458842,1053
ENSG00000119574,58538911,58513530,25381
ENSG00000225879,168964341,168962610,1731
ENSG00000179168,38388082,38384265,3817
ENSG00000248913,167648796,167648430,366
ENSG00000285774,54687912,54684753,3159
ENSG00000270336,167742287,167741879,408
ENSG00000273819,67873367,67812557,60810
ENSG00000254792,67841049,67840942,107
ENSG00000278377,248480399,248479392,1007
ENSG00000285917,169000527,168999401,1126
ENSG00000225069,25099928,25099105,823
ENSG00000279810,169034050,169033381,669
ENSG00000229720,169035642,169034197,1445
ENSG00000248601,168113331,167946674,166657
ENSG00000124557,26510422,26501221,9201
ENSG00000109511,168187690,168092515,95175
ENSG00000251637,67906350,67886477,19873
ENSG00000254928,74456825,74455348,1477
ENSG00000141646,51085045,51028394,56651
ENSG00000175538,74467729,74454841,12888
ENSG00000173124,95228928,95194200,34728
ENSG00000129187,182917936,182890060,27876
ENSG00000226079,114535875,114523451,12424
ENSG00000163612,9165451,9153296,12155
ENSG00000071794,149086554,149030127,56427
ENSG00000219619,115358752,115358498,254
ENSG00000228777,115634191,115633542,649
ENSG00000270591,103763277,103762803,474
ENSG00000250268,9170270,9166297,3973
ENSG00000167968,2238711,2235816,2895
ENSG00000100711,103733668,103715730,17938
ENSG00000273827,248495663,248494630,1033
ENSG00000250509,180443238,180441559,1679
ENSG00000271330,24674612,24674309,303
ENSG00000273008,43138334,43136824,1510
ENSG00000228223,26527404,26521709,5695
ENSG00000271096,24589407,24589115,292
ENSG00000205334,27715732,27705786,9946
ENSG00000186743,116039495,116038756,739
ENSG00000169826,43185302,43138445,46857
ENSG00000225751,9470014,9452197,17817
ENSG00000234026,95231144,95228243,2901
ENSG00000196313,72951440,72879365,72075
ENSG00000111816,116060891,115931149,129742
ENSG00000263014,198552432,198534710,17722
ENSG00000271851,9555696,9553323,2373
ENSG00000204022,88606976,88586753,20223
ENSG00000262815,9467422,9464742,2680
ENSG00000263708,9305651,9283174,22477
ENSG00000263051,9548541,9547298,1243
ENSG00000254974,74486051,74485580,471
ENSG00000008869,37084372,36968383,115989
ENSG00000255440,74416379,74409060,7319
ENSG00000234907,132962667,132962511,156
ENSG00000255444,74482542,74482250,292
ENSG00000272582,37951778,37950965,813
ENSG00000254631,74485742,74397549,88193
ENSG00000165702,132991687,132944000,47687
ENSG00000278948,37944898,37943050,1848
ENSG00000113300,180578405,180494379,84026
ENSG00000100146,37987422,37970686,16736
ENSG00000212961,74355720,74354443,1277
ENSG00000165434,74398433,74330316,68117
ENSG00000254755,76591211,76591023,188
ENSG00000261188,26514568,26512537,2031
ENSG00000255479,76626834,76625462,1372
ENSG00000255363,76630427,76607853,22574
ENSG00000174885,285359,278365,6994
ENSG00000286034,128388636,128323131,65505
ENSG00000280936,63424555,63422269,2286
ENSG00000229924,9176730,9170409,6321
ENSG00000278022,98660668,98660210,458
ENSG00000091136,108003187,107923799,79388
ENSG00000183571,99007792,98968229,39563
ENSG00000254275,128564679,128405269,159410
ENSG00000075043,63472677,63400210,72467
ENSG00000233051,31406729,31390270,16459
ENSG00000212725,41047316,41046541,775
ENSG00000133619,149734575,149714781,19794
ENSG00000182253,99135593,99098217,37376
ENSG00000214584,79893175,79892148,1027
ENSG00000260032,36051018,36045618,5400
ENSG00000106133,72954790,72947581,7209
ENSG00000255026,288987,287305,1682
ENSG00000259780,2236913,2235689,1224
ENSG00000167967,2235742,2223580,12162
ENSG00000224297,74935696,74935176,520
ENSG00000134955,125090312,125063067,27245
ENSG00000267699,51058144,50968019,90125
ENSG00000280096,35082242,35082009,233
ENSG00000166974,35143470,34976928,166542
ENSG00000250749,180534642,180534184,458
ENSG00000134900,102679958,102596986,82972
ENSG00000141642,50988121,50967991,20130
ENSG00000171174,27890681,27781379,109302
ENSG00000198915,43266919,43194535,72384
ENSG00000114439,107811339,107522936,288403
ENSG00000261054,99131806,99128832,2974
ENSG00000174607,114678225,114598770,79455
ENSG00000133661,79982614,79937740,44874
ENSG00000278090,99031054,99014526,16528
ENSG00000269524,54224881,54224523,358
ENSG00000272843,72925125,72924418,707
ENSG00000204577,54223506,54216278,7228
ENSG00000140443,98964530,98648539,315991
ENSG00000270335,62350739,62348948,1791
ENSG00000233017,62447621,62427827,19794
ENSG00000166833,20121601,19350724,770877
ENSG00000182952,26546933,26538366,8567
ENSG00000253943,41512521,41511240,1281
ENSG00000165699,132946874,132891348,55526
ENSG00000224606,70468495,70467385,1110
ENSG00000078549,31111479,31052461,59018
ENSG00000284607,26574698,26569324,5374
ENSG00000122417,86396342,86346824,49518
ENSG00000163235,70554193,70447284,106909
ENSG00000262375,198610355,198609211,1144
ENSG00000225991,28308570,28308161,409
ENSG00000270846,27897195,27896116,1079
ENSG00000223522,28310459,28307691,2768
ENSG00000095587,96513926,96364608,149318
ENSG00000242600,79923119,79920178,2941
ENSG00000146109,26600739,26596953,3786
ENSG00000254895,103402586,103402013,573
ENSG00000255350,103405834,103404309,1525
ENSG00000283913,79951029,79904898,46131
ENSG00000158019,28338901,27889941,448960
ENSG00000279395,55812476,55811367,1109
ENSG00000235924,79982212,79981839,373
ENSG00000186119,55820597,55819607,990
ENSG00000273372,79973213,79968213,5000
ENSG00000285618,91142470,91132303,10167
ENSG00000280259,79973213,79970963,2250
ENSG00000082397,5630700,5392381,238319
ENSG00000283101,79907856,79906605,1251
ENSG00000176018,90529584,90515611,13973
ENSG00000205030,55828154,55827219,935
ENSG00000153132,140427661,140388453,39208
ENSG00000205029,55839738,55838752,986
ENSG00000058056,179789401,179653040,136361
ENSG00000110651,2397419,2376177,21242
ENSG00000186124,55858547,55850347,8200
ENSG00000213707,26561088,26560526,562
ENSG00000128294,26596717,26521996,74721
ENSG00000260093,10054254,10050485,3769
ENSG00000278632,36264678,36253723,10955
ENSG00000248256,48860203,48852008,8195
ENSG00000248323,91314547,91054834,259713
ENSG00000109180,48861817,48805212,56605
ENSG00000259532,70754177,70748932,5245
ENSG00000260955,54045629,54042989,2640
ENSG00000250215,114714920,114713579,1341
ENSG00000234519,169069424,169067818,1606
ENSG00000011451,15449951,15419980,29971
ENSG00000230725,25149258,25140789,8469
ENSG00000280670,45500079,45493866,6213
ENSG00000234858,31437391,31432091,5300
ENSG00000275846,26606661,26602733,3928
ENSG00000232082,166465383,166460663,4720
ENSG00000273055,107942740,107942116,624
ENSG00000231654,166904835,166903698,1137
ENSG00000271071,26613109,26611903,1206
ENSG00000243672,67926431,67925651,780
ENSG00000068903,38899862,38878555,21307
ENSG00000237105,31453253,31450619,2634
ENSG00000254610,67955802,67934563,21239
ENSG00000239791,30583860,30572250,11610
ENSG00000254850,67935926,67935558,368
ENSG00000164619,34156427,33904308,252119
ENSG00000230456,30890873,30871677,19196
ENSG00000125538,112836903,112829751,7152
ENSG00000223485,169162924,169157162,5762
ENSG00000229809,30572734,30569346,3388
ENSG00000251189,38685126,38682070,3056
ENSG00000225854,26327033,26326688,345
ENSG00000225344,25162061,25161167,894
ENSG00000176092,26360080,26321698,38382
ENSG00000253284,19154659,19147074,7585
ENSG00000261039,169182740,169175304,7436
ENSG00000052126,19376400,19129752,246648
ENSG00000186340,169254044,169215780,38264
ENSG00000197162,30585771,30573740,12031
ENSG00000282828,49595122,49563398,31724
ENSG00000168101,4695859,4693694,2165
ENSG00000234740,13279187,13274510,4677
ENSG00000135439,57742157,57723761,18396
ENSG00000132141,34981078,34927859,53219
ENSG00000250636,183029720,183028601,1119
ENSG00000107186,13279590,13105704,173886
ENSG00000230219,183040119,183037665,2454
ENSG00000244482,54242791,54236592,6199
ENSG00000273180,183076033,183075480,553
ENSG00000283093,51682831,51681212,1619
ENSG00000272784,183095056,183094423,633
ENSG00000223591,51712131,51710512,1619
ENSG00000251359,183099199,183097017,2182
ENSG00000225439,74150061,74148009,2052
ENSG00000277235,36064563,36064243,320
ENSG00000058600,22335101,22297375,37726
ENSG00000234139,36085703,36051491,34212
ENSG00000231470,36076601,36076018,583
ENSG00000215184,34676041,34675635,406
ENSG00000229235,34664101,34663859,242
ENSG00000189369,51746232,51743431,2801
ENSG00000156853,30624012,30602558,21454
ENSG00000271554,36013630,35992109,21521
ENSG00000126070,36072500,35930718,141782
ENSG00000261682,33134499,33129316,5183
ENSG00000259800,33130442,33130235,207
ENSG00000198805,20477094,20468954,8140
ENSG00000114978,74178898,74152528,26370
ENSG00000138668,82374503,82352498,22005
ENSG00000153933,56869567,56834107,35460
ENSG00000226445,169239565,169213254,26311
ENSG00000240511,149099815,149099499,316
ENSG00000239718,149102823,149086332,16491
ENSG00000255230,67966227,67965873,354
ENSG00000255554,67975243,67974286,957
ENSG00000203362,43591362,43588230,3132
ENSG00000170734,43615660,43576150,39510
ENSG00000101247,13821580,13785007,36573
ENSG00000169814,15647640,15601341,46299
ENSG00000260167,30608593,30585907,22686
ENSG00000261588,30587920,30587662,258
ENSG00000260678,30615679,30615256,423
ENSG00000142733,27366961,27355184,11777
ENSG00000261536,33143797,33140850,2947
ENSG00000135045,74952912,74946583,6329
ENSG00000165807,64589381,64549920,39461
ENSG00000132485,71081289,71063291,17998
ENSG00000156017,75028423,74980790,47633
ENSG00000259475,99105824,98954149,151675
ENSG00000251093,91227071,91226475,596
ENSG00000259621,98893535,98880659,12876
ENSG00000212930,91223967,91223419,548
ENSG00000234292,91281142,91280097,1045
ENSG00000262408,56884819,56884639,180
ENSG00000214226,56838773,56791913,46860
ENSG00000273145,46015498,46013606,1892
ENSG00000135452,57750219,57738013,12206
ENSG00000231711,46044853,46039907,4946
ENSG00000213398,67944131,67939750,4381
ENSG00000132912,150759109,150708440,50669
ENSG00000283209,56804269,56803841,428
ENSG00000262112,56891841,56888880,2961
ENSG00000121060,56914080,56836387,77693
ENSG00000259076,64596536,64552694,43842
ENSG00000241990,46057210,46053705,3505
ENSG00000227477,44966402,44963794,2608
ENSG00000229587,75016036,75009828,6208
ENSG00000107438,95291012,95237572,53440
ENSG00000203321,74996293,74952968,43325
ENSG00000232821,19114271,19112474,1797
ENSG00000249189,54247322,54246101,1221
ENSG00000224579,54209418,54209092,326
ENSG00000273289,46053560,46053093,467
ENSG00000122691,19117636,19020991,96645
ENSG00000235081,54230213,54229036,1177
ENSG00000182257,46054144,46049478,4666
ENSG00000262772,79827704,79823452,4252
ENSG00000231010,46058160,46055740,2420
ENSG00000236264,2347685,2335135,12550
ENSG00000189077,75994656,75986831,7825
ENSG00000258908,20477089,20474789,2300
ENSG00000235159,46069891,46067356,2535
ENSG00000197182,46113928,46053869,60059
ENSG00000238184,2377992,2328749,49243
ENSG00000124343,2816500,2752048,64452
ENSG00000172432,43629264,43605316,23948
ENSG00000135446,57756013,57747727,8286
ENSG00000124067,67969601,67943474,26127
ENSG00000251219,100791235,100778582,12653
ENSG00000251636,100814280,100812255,2025
ENSG00000164035,100880126,100395341,484785
ENSG00000142453,10923070,10871513,51557
ENSG00000265948,21317795,21316878,917
ENSG00000141449,21525417,21242242,283175
ENSG00000168883,85649283,85602856,46427
ENSG00000131373,15601852,15560704,41148
ENSG00000114346,172821474,172750682,70792
ENSG00000243147,27988087,27771717,216370
ENSG00000235079,71067184,71048855,18329
ENSG00000260414,33154475,33154352,123
ENSG00000205457,33196858,33193659,3199
ENSG00000008294,51120868,50962174,158694
ENSG00000104783,43781257,43766533,14724
ENSG00000109084,28328685,28319200,9485
ENSG00000267618,35121493,35011349,110144
ENSG00000267651,37236242,37234119,2123
ENSG00000260419,33195354,33191561,3793
ENSG00000259601,59873495,59871511,1984
ENSG00000279201,74192245,74191388,857
ENSG00000259573,59966084,59964942,1142
ENSG00000279070,74198560,74196698,1862
ENSG00000171956,60061730,60004234,57496
ENSG00000270528,28016482,28015777,705
ENSG00000237205,88618934,88618223,711
ENSG00000254810,76656712,76654169,2543
ENSG00000148814,132381508,132332154,49354
ENSG00000259558,60054092,60053204,888
ENSG00000234735,43092524,43092167,357
ENSG00000259223,60118320,60073554,44766
ENSG00000100239,50445090,50343304,101786
ENSG00000092871,35089319,35005990,83329
ENSG00000109083,28335489,28328325,7164
ENSG00000231645,20517479,20512560,4919
ENSG00000163872,183812624,183697797,114827
ENSG00000080345,151508013,151409883,98130
ENSG00000100290,43129712,43110750,18962
ENSG00000265751,21451017,21380286,70731
ENSG00000110057,68004982,67991100,13882
ENSG00000259465,50418692,50417385,1307
ENSG00000130733,10928681,10922185,6496
ENSG00000145681,83721613,83637805,83808
ENSG00000255737,57728356,57726271,2085
ENSG00000139266,57760411,57755103,5308
ENSG00000269386,8390685,8374373,16312
ENSG00000181444,149773588,149764182,9406
ENSG00000167772,8374370,8363289,11081
ENSG00000238226,32812588,32811737,851
ENSG00000242138,32814338,32811743,2595
ENSG00000225824,32820618,32811324,9294
ENSG00000272677,82384027,82374301,9726
ENSG00000250223,100675113,100660279,14834
ENSG00000286150,100474461,100421655,52806
ENSG00000237063,36088192,36086252,1940
ENSG00000166228,70888565,70882280,6285
ENSG00000032389,3377882,3188925,188957
ENSG00000229211,31220984,31219894,1090
ENSG00000131979,54902826,54842008,60818
ENSG00000253377,31384279,31275596,108683
ENSG00000254095,31346479,31339197,7282
ENSG00000233885,183810783,183806457,4326
ENSG00000085721,15094317,15060022,34295
ENSG00000215905,24008519,24007881,638
ENSG00000231373,77526697,77456295,70402
ENSG00000156049,77648322,77423079,225243
ENSG00000179604,73312005,73283624,28381
ENSG00000236304,76663866,76657056,6810
ENSG00000137507,76670747,76657524,13223
ENSG00000235090,75923443,75922755,688
ENSG00000104825,38908893,38899700,9193
ENSG00000127948,75986855,75899200,87655
ENSG00000232172,130652383,130651799,584
ENSG00000239917,117524061,117523271,790
ENSG00000164758,117540262,117520713,19549
ENSG00000158571,54998534,54932961,65573
ENSG00000197558,149833979,149776042,57937
ENSG00000261507,33330342,33206431,123911
ENSG00000260827,33206462,33203773,2689
ENSG00000228248,77580628,77580245,383
ENSG00000266042,20526210,20526102,108
ENSG00000205215,20528687,20519312,9375
ENSG00000275034,33306935,33303739,3196
ENSG00000142661,24112135,24056035,56100
ENSG00000090659,7747564,7739993,7571
ENSG00000253275,31498612,31497423,1189
ENSG00000259251,62062434,62060503,1931
ENSG00000182333,88678814,88664441,14373
ENSG00000241067,16095209,16094192,1017
ENSG00000100294,43143394,43132206,11188
ENSG00000103222,16143074,15949577,193497
ENSG00000255314,46177106,46123031,54075
ENSG00000233023,29748218,29747798,420
ENSG00000185236,8404434,8389981,14453
ENSG00000254871,46143594,46142716,878
ENSG00000198535,62070917,62066977,3940
ENSG00000130711,130682981,130664594,18387
ENSG00000105357,50310544,50188186,122358
ENSG00000259466,62083305,62082450,855
ENSG00000205502,62165285,62163535,1750
ENSG00000255269,46220438,46213824,6614
ENSG00000254639,46239267,46238382,885
ENSG00000226379,29789733,29788736,997
ENSG00000142102,296107,289135,6972
ENSG00000255007,46274547,46256355,18192
ENSG00000224736,29794717,29787843,6874
ENSG00000161904,33789130,33771202,17928
ENSG00000157613,46321422,46277661,43761
ENSG00000272265,116078570,116078110,460
ENSG00000248895,48881316,48881122,194
ENSG00000248278,48908983,48874860,34123
ENSG00000159202,48929056,48908407,20649
ENSG00000178035,49029408,49024325,5083
ENSG00000230703,24083565,24066774,16791
ENSG00000259697,62203318,62196145,7173
ENSG00000225315,24086799,24040835,45964
ENSG00000259267,70955641,70939053,16588
ENSG00000271409,70932057,70929925,2132
ENSG00000285300,71077810,70927055,150755
ENSG00000272444,101953063,101952416,647
ENSG00000106692,105641118,105558130,82988
ENSG00000225553,33556643,33550562,6081
ENSG00000283110,33386349,33386105,244
ENSG00000141446,21600884,21529284,71600
ENSG00000278848,33462249,33459045,3204
ENSG00000282927,33485131,33484887,244
ENSG00000262090,33496093,33495943,150
ENSG00000169248,76041415,76033682,7733
ENSG00000224885,3301465,3298341,3124
ENSG00000158792,89701705,89696357,5348
ENSG00000226324,71367303,71367054,249
ENSG00000271618,71738354,71738173,181
ENSG00000231985,71573558,71570956,2602
ENSG00000239614,93988946,93988634,312
ENSG00000240048,154354799,154352136,2663
ENSG00000172260,72282539,71395943,886596
ENSG00000178750,94028597,94014365,14232
ENSG00000279305,154337047,154334809,2238
ENSG00000174948,154430190,154334943,95247
ENSG00000271926,72954274,72953635,639
ENSG00000169379,94055668,93980139,75529
ENSG00000272081,72955699,72955206,493
ENSG00000243861,154539309,154511535,27774
ENSG00000243154,154652423,154651656,767
ENSG00000242151,154657563,154657294,269
ENSG00000258872,54886213,54884849,1364
ENSG00000106479,149867479,149838375,29104
ENSG00000236536,19121916,19119933,1983
ENSG00000229533,19146253,19144293,1960
ENSG00000176083,26374522,26361634,12888
ENSG00000128482,19417276,19411125,6151
ENSG00000228853,71837012,71794232,42780
ENSG00000146618,19145421,19144782,639
ENSG00000229956,71489976,71081324,408652
ENSG00000156219,76112802,76011184,101618
ENSG00000225100,79983240,79982910,330
ENSG00000229616,80017911,80017713,198
ENSG00000224760,80025159,80024737,422
ENSG00000223838,19578606,19353534,225072
ENSG00000236217,80032393,80031968,425
ENSG00000273419,149862492,149858400,4092
ENSG00000250251,15154564,15125242,29322
ENSG00000280149,149852170,149851572,598
ENSG00000270781,48899748,48899131,617
ENSG00000159199,48895871,48892765,3106
ENSG00000085788,38275558,38225218,50340
ENSG00000262115,81200288,81197393,2895
ENSG00000242858,83746989,83746388,601
ENSG00000141577,81222999,81189593,33406
ENSG00000250013,83875821,83875166,655
ENSG00000169188,55009057,55000363,8694
ENSG00000260907,20530881,20530042,839
ENSG00000261819,14990160,14988259,1901
ENSG00000275910,15016390,15015828,562
ENSG00000265916,20532881,20532248,633
ENSG00000260735,15109197,15094411,14786
ENSG00000235203,20550963,20543481,7482
ENSG00000234253,49879363,49878623,740
ENSG00000272434,49029706,49029316,390
ENSG00000264981,20544123,20542974,1149
ENSG00000267075,20549952,20545371,4581
ENSG00000179889,15139339,14974591,164748
ENSG00000232956,44986961,44983023,3938
ENSG00000240601,154677119,154676588,531
ENSG00000243969,154861017,154827016,34001
ENSG00000243953,154970223,154969283,940
ENSG00000250015,116304134,116302354,1780
ENSG00000280229,20365657,20363691,1966
ENSG00000251259,105140619,105137280,3339
ENSG00000145781,116412762,116085016,327746
ENSG00000250320,84490765,84384427,106338
ENSG00000173404,20370949,20368104,2845
ENSG00000223638,55763175,55759014,4161
ENSG00000138592,50514421,50424380,90041
ENSG00000131914,26429728,26410817,18911
ENSG00000164176,84384880,83940554,444326
ENSG00000158578,55031064,55009055,22009
ENSG00000265126,19413118,19411786,1332
ENSG00000204529,76719801,76694041,25760
ENSG00000117400,43352772,43337849,14923
ENSG00000234965,41914667,41909554,5113
ENSG00000228317,105558029,105554035,3994
ENSG00000254975,76703195,76675079,28116
ENSG00000229419,105526359,105520128,6231
ENSG00000284308,74421591,74414176,7415
ENSG00000159958,41926818,41922023,4795
ENSG00000250325,82402456,82401578,878
ENSG00000106701,105552433,105447796,104637
ENSG00000233994,72275159,72274552,607
ENSG00000129988,38377013,38346482,30531
ENSG00000260626,33534976,33533816,1160
ENSG00000229798,74308008,74306728,1280
ENSG00000274400,35145417,35144942,475
ENSG00000109929,121313410,121292681,20729
ENSG00000204843,74392087,74361154,30933
ENSG00000100162,41947152,41938737,8415
ENSG00000171853,3485094,3379675,105419
ENSG00000226492,33558507,33556632,1875
ENSG00000232916,116218295,116218026,269
ENSG00000271918,116085416,116083807,1609
ENSG00000075399,89720898,89707134,13764
ENSG00000229802,33182345,33178351,3994
ENSG00000168890,85603196,85598547,4649
ENSG00000110171,6474459,6448613,25846
ENSG00000229292,55773179,55769141,4038
ENSG00000255238,55778900,55777553,1347
ENSG00000134001,67386516,67360328,26188
ENSG00000205301,140498377,140442262,56115
ENSG00000168769,105279816,105145875,133941
ENSG00000283669,112321443,112321140,303
ENSG00000239482,112332791,112302478,30313
ENSG00000100241,50475035,50445000,30035
ENSG00000178694,94131832,94062980,68852
ENSG00000091972,112362812,112332347,30465
ENSG00000187741,89816657,89737549,79108
ENSG00000237595,50166194,50162765,3429
ENSG00000178700,94063389,94047836,15553
ENSG00000132763,45513382,45500300,13082
ENSG00000261200,33545812,33541842,3970
ENSG00000249362,87679147,87662042,17105
ENSG00000248708,87733269,87713135,20134
ENSG00000171813,132417859,132397168,20691
ENSG00000184185,21419870,21376357,43513
ENSG00000242457,94077175,94075912,1263
ENSG00000261466,33554408,33548297,6111
ENSG00000117450,45523047,45511036,12011
ENSG00000228333,33178594,33171494,7100
ENSG00000186136,11186937,11185993,944
ENSG00000256657,11196996,11196075,921
ENSG00000251586,105178063,105171354,6709
ENSG00000182197,118111853,117794490,317363
ENSG00000261405,33570935,33562649,8286
ENSG00000271408,88700401,88699683,718
ENSG00000275119,11251389,11212219,39170
ENSG00000255204,55881243,55863932,17311
ENSG00000197870,11269805,11265924,3881
ENSG00000255499,55865820,55865709,111
ENSG00000204021,88752756,88724544,28212
ENSG00000241678,6686369,6685891,478
ENSG00000254838,6746439,6713536,32903
ENSG00000254547,55874537,55867569,6968
ENSG00000279319,44989203,44986109,3094
ENSG00000280365,44733315,44732575,740
ENSG00000226358,88728914,88727485,1429
ENSG00000152217,45068510,44680173,388337
ENSG00000231705,132420953,132419083,1870
ENSG00000275285,38383179,38378825,4354
ENSG00000234311,132441484,132433733,7751
ENSG00000279989,35257512,35257040,472
ENSG00000274184,35270238,35268218,2020
ENSG00000025156,122433119,122399546,33573
ENSG00000180066,132449408,132444327,5081
ENSG00000186814,35290245,35251058,39187
ENSG00000255487,38276680,38275888,792
ENSG00000269243,16139892,16123661,16231
ENSG00000147535,38269243,38263130,6113
ENSG00000230657,11310435,11307083,3352
ENSG00000167588,50111313,50103982,7331
ENSG00000167461,16134234,16111889,22345
ENSG00000168887,85612066,85605254,6812
ENSG00000105928,24757940,24698355,59585
ENSG00000282319,36284006,36282949,1057
ENSG00000277768,36298369,36296480,1889
ENSG00000259882,33622547,33577502,45045
ENSG00000267501,58757842,58754859,2983
ENSG00000124155,45456934,45416084,40850
ENSG00000226900,132518191,132511626,6565
ENSG00000150433,125111763,125096545,15218
ENSG00000234698,50171742,50166362,5380
ENSG00000231742,50176671,50172550,4121
ENSG00000105122,15464544,15451624,12920
ENSG00000270492,129335074,129334586,488
ENSG00000270773,129346164,129345411,753
ENSG00000251474,129399655,129382922,16733
ENSG00000251655,11395566,11351823,43743
ENSG00000258513,74192823,74192589,234
ENSG00000268573,35290201,35280867,9334
ENSG00000205659,74201235,74084796,116439
ENSG00000186812,35267133,35241030,26103
ENSG00000225234,3482409,3481242,1167
ENSG00000130713,130704894,130693721,11173
ENSG00000175806,10428891,10054292,374599
ENSG00000060982,24949101,24810024,139077
ENSG00000186328,34715940,34715613,327
ENSG00000100300,43163242,43151547,11695
ENSG00000237303,11481656,11481383,273
ENSG00000255790,11486678,11399381,87297
ENSG00000244932,129394149,129381298,12851
ENSG00000141582,79839440,79833156,6284
ENSG00000121335,11501041,11391540,109501
ENSG00000116649,11060020,11054584,5436
ENSG00000277449,50191498,50184598,6900
ENSG00000172216,50192689,50190734,1955
ENSG00000125351,119852998,119805311,47687
ENSG00000196684,16158575,16134028,24547
ENSG00000278654,11501022,11500499,523
ENSG00000229081,132522449,132520827,1622
ENSG00000255239,118690599,118688033,2566
ENSG00000267593,58834364,58813880,20484
ENSG00000280262,140501330,140498402,2928
ENSG00000227958,135237597,135204722,32875
ENSG00000262343,79850110,79848058,2052
ENSG00000233936,135252708,135245696,7012
ENSG00000267598,13154193,13153071,1122
ENSG00000262585,79926725,79915252,11473
ENSG00000160888,13154911,13150411,4500
ENSG00000227078,19424357,19419035,5322
ENSG00000124900,55891810,55883297,8513
ENSG00000262188,79925462,79919357,6105
ENSG00000189343,19446852,19445970,882
ENSG00000235979,19492991,19417804,75187
ENSG00000236576,51858066,51856968,1098
ENSG00000241697,100577636,100473149,104487
ENSG00000179222,51902357,51803007,99350
ENSG00000110367,118791164,118747763,43401
ENSG00000125445,75266376,75261674,4702
ENSG00000156052,78031458,77716087,315371
ENSG00000177189,20267519,20149911,117608
ENSG00000231477,19458399,19457080,1319
ENSG00000206013,299526,298200,1326
ENSG00000172771,129428651,129401321,27330
ENSG00000255533,304144,303856,288
ENSG00000253133,41578368,41534155,44213
ENSG00000178243,135346562,135343249,3313
ENSG00000265316,5480975,5463627,17348
ENSG00000185201,315272,307631,7641
ENSG00000147536,41545030,41529218,15812
ENSG00000264000,5570942,5567130,3812
ENSG00000235572,135354281,135352673,1608
ENSG00000230891,25873700,25858533,15167
ENSG00000279453,122439223,122436789,2434
ENSG00000010282,42702827,42692663,10164
ENSG00000227806,55904278,55903341,937
ENSG00000224682,135450154,135447446,2708
ENSG00000272853,14878686,14877688,998
ENSG00000254910,311141,310139,1002
ENSG00000251349,100577636,100442271,135365
ENSG00000185885,315272,313506,1766
ENSG00000187612,55914582,55913650,932
ENSG00000147799,144605816,144529179,76637
ENSG00000167825,55936400,55935456,944
ENSG00000130449,61546172,61332258,213914
ENSG00000125447,75262363,75236599,25764
ENSG00000230339,20554380,20554137,243
ENSG00000263946,20559410,20554971,4439
ENSG00000235323,20564889,20564538,351
ENSG00000214853,85000315,84999812,503
ENSG00000233457,78151193,78150532,661
ENSG00000066697,100451711,100427156,24555
ENSG00000225361,135480777,135462727,18050
ENSG00000264422,20578748,20576667,2081
ENSG00000249349,85112756,85112342,414
ENSG00000254898,38337551,38335981,1570
ENSG00000214819,20580911,20579724,1187
ENSG00000196422,135488893,135479079,9814
ENSG00000104290,28574267,28494205,80062
ENSG00000235668,28839011,28837874,1137
ENSG00000272092,38383461,38382364,1097
ENSG00000285632,38231695,38223957,7738
ENSG00000234904,28862051,28861420,631
ENSG00000248674,85190830,85190629,201
ENSG00000234966,28863351,28859629,3722
ENSG00000233947,78179512,78178263,1249
ENSG00000254781,6750324,6748131,2193
ENSG00000250253,85210903,85210060,843
ENSG00000249848,10337677,10336782,895
ENSG00000147548,38382272,38269704,112568
ENSG00000232017,28890073,28888999,1074
ENSG00000228781,78180693,78180214,479
ENSG00000176256,33864791,33860475,4316
ENSG00000285606,10279737,10275499,4238
ENSG00000249792,85213614,85212958,656
ENSG00000285675,10147423,10118005,29418
ENSG00000188124,6771976,6765626,6350
ENSG00000250461,61375855,61375112,743
ENSG00000213891,61391871,61390668,1203
ENSG00000251682,61347716,61347126,590
ENSG00000234158,26016369,26015669,700
ENSG00000236835,28897483,28896693,790
ENSG00000279486,6791558,6783020,8538
ENSG00000169245,76023497,76021118,2379
ENSG00000174898,5778734,5720637,58097
ENSG00000184933,6799689,6791736,7953
ENSG00000121904,34165842,33513999,651843
ENSG00000264578,41621502,41609692,11810
ENSG00000280228,112844195,112840328,3867
ENSG00000103994,42491141,42412823,78318
ENSG00000180152,112854122,112853328,794
ENSG00000158669,41625001,41577187,47814
ENSG00000225846,76037064,76036750,314
ENSG00000233948,28924151,28903164,20987
ENSG00000255422,118750263,118700427,49836
ENSG00000205704,41958933,41952165,6768
ENSG00000255456,144586488,144584040,2448
ENSG00000278376,118793137,118791254,1883
ENSG00000281157,154121332,154119686,1646
ENSG00000125571,112918882,112912971,5911
ENSG00000237145,32861169,32860339,830
ENSG00000242485,1407293,1401909,5384
ENSG00000226139,32872545,32871715,830
ENSG00000261680,30624714,30624285,429
ENSG00000277101,154261004,154121003,140001
ENSG00000259298,50498744,50497195,1549
ENSG00000259618,50497080,50494018,3062
ENSG00000268601,43795658,43794309,1349
ENSG00000228684,32885407,32884471,936
ENSG00000159871,43827206,43785874,41332
ENSG00000170236,50546708,50500562,46146
ENSG00000231925,33314387,33299694,14693
ENSG00000231823,32900625,32895064,5561
ENSG00000057608,5842132,5765223,76909
ENSG00000259143,95185854,95185117,737
ENSG00000101489,37565827,37243040,322787
ENSG00000165959,95319908,95181940,137968
ENSG00000237603,26216877,26216322,555
ENSG00000224870,1402046,1399522,2524
ENSG00000188243,75549439,75525219,24220
ENSG00000242737,50467096,50466738,358
ENSG00000166363,6846705,6845652,1053
ENSG00000255416,55948924,55948120,804
ENSG00000243081,112409134,112396647,12487
ENSG00000120992,54102017,54046367,55650
ENSG00000167088,21633524,21612314,21210
ENSG00000254712,6844666,6843664,1002
ENSG00000254807,55957630,55957216,414
ENSG00000170790,6874717,6863057,11660
ENSG00000149054,7001004,6926404,74600
ENSG00000275339,122454612,122454358,254
ENSG00000111897,122471807,122443351,28456
ENSG00000161055,180591499,180590105,1394
ENSG00000261373,89718165,89711856,6309
ENSG00000204392,31806966,31797396,9570
ENSG00000107731,71302864,71212570,90294
ENSG00000158805,89740925,89720400,20525
ENSG00000099785,8439017,8413270,25747
ENSG00000226390,63449329,63448051,1278
ENSG00000102218,46882358,46837043,45315
ENSG00000249729,44841402,44840380,1022
ENSG00000253174,41545044,41540381,4663
ENSG00000174970,55969945,55965755,4190
ENSG00000213253,13158788,13157959,829
ENSG00000270607,19712619,19710934,1685
ENSG00000255270,19385014,19380484,4530
ENSG00000254622,19519896,19510890,9006
ENSG00000254542,19981337,19978699,2638
ENSG00000254453,20049303,20043846,5457
ENSG00000255043,19507229,19502672,4557
ENSG00000166855,65185342,65148219,37123
ENSG00000254894,20120632,20119684,948
ENSG00000162396,54764523,54756898,7625
ENSG00000214518,41055230,41054498,732
ENSG00000258615,95199345,95199039,306
ENSG00000230465,26347638,26346681,957
ENSG00000225386,26622690,26619330,3360
ENSG00000238276,118267710,118241564,26146
ENSG00000166368,6892599,6891490,1109
ENSG00000169045,179634784,179614178,20606
ENSG00000225611,42773635,42770612,3023
ENSG00000178358,6922043,6920974,1069
ENSG00000206552,42936785,42934252,2533
ENSG00000232375,43037451,43037121,330
ENSG00000237512,71218228,71217224,1004
ENSG00000244607,42773253,42708269,64984
ENSG00000268931,8427827,8423355,4472
ENSG00000283415,6926877,6821942,104935
ENSG00000178722,61751763,61637708,114055
ENSG00000172534,153971818,153947557,24261
ENSG00000149050,7020346,6997085,23261
ENSG00000231396,9212608,9210657,1951
ENSG00000112706,76072678,75921114,151564
ENSG00000138593,49046447,48988476,57971
ENSG00000139780,102694504,102685744,8760
ENSG00000227515,80041044,80040621,423
ENSG00000006555,54801323,54779712,21611
ENSG00000105849,19709037,19695461,13576
ENSG00000248529,61698432,61658474,39958
ENSG00000266958,45216933,45187388,29545
ENSG00000104419,133302022,133237171,64851
ENSG00000283632,45245431,45212621,32810
ENSG00000175820,102759070,102729369,29701
ENSG00000251575,61735669,61732774,2895
ENSG00000231633,102745224,102742990,2234
ENSG00000159111,47831541,47823272,8269
ENSG00000273214,38043920,38043230,690
ENSG00000170782,6877619,6876625,994
ENSG00000237313,28944699,28944039,660
ENSG00000179796,26717537,26622806,94731
ENSG00000181315,26659752,26634383,25369
ENSG00000007047,45305284,45079288,225996
ENSG00000279399,80091867,80091411,456
ENSG00000248930,73021279,73020700,579
ENSG00000251467,72997642,72996920,722
ENSG00000133678,80092557,80078646,13911
ENSG00000197081,160113507,159969099,144408
ENSG00000182983,42917641,42905731,11910
ENSG00000157107,73090522,72956041,134481
ENSG00000237453,54794905,54792885,2020
ENSG00000255356,7896956,7896608,348
ENSG00000204904,46899703,46887417,12286
ENSG00000255885,7871370,7870852,518
ENSG00000241828,7860764,7860437,327
ENSG00000173262,7891148,7812512,78636
ENSG00000273328,42908105,42809414,98691
ENSG00000240720,92179531,92141643,37888
ENSG00000273291,43055871,42809446,246425
ENSG00000137628,168318804,168216294,102510
ENSG00000189127,80570280,80556755,13525
ENSG00000224016,149909704,149891191,18513
ENSG00000273293,149881580,149881359,221
ENSG00000141994,5791225,5784832,6393
ENSG00000171130,149891204,149872968,18236
ENSG00000249870,51085471,51042524,42947
ENSG00000243107,92206857,92200014,6843
ENSG00000285772,92179511,92112159,67352
ENSG00000280113,9828271,9826289,1982
ENSG00000233136,9217356,9215405,1951
ENSG00000212724,41060114,41059240,874
ENSG00000001630,92134803,92112153,22650
ENSG00000280571,42804518,42705756,98762
ENSG00000213417,41065879,41065116,763
ENSG00000236459,42890306,42889361,945
ENSG00000270427,5776858,5776071,787
ENSG00000144649,43060211,42979267,80944
ENSG00000237230,41072341,41071946,395
ENSG00000272764,5814441,5813985,456
ENSG00000240871,41085141,41084150,991
ENSG00000188766,38399587,38388421,11166
ENSG00000256235,150796734,150777946,18788
ENSG00000106733,75088217,75060573,27644
ENSG00000138615,65211473,65194760,16713
ENSG00000204880,41098141,41096981,1160
ENSG00000224635,38416797,38406011,10786
ENSG00000275401,38419202,38418483,719
ENSG00000235802,153970087,153969325,762
ENSG00000254632,76768223,76759916,8307
ENSG00000241241,41102209,41101502,707
ENSG00000237295,32333913,32332954,959
ENSG00000212722,41106488,41105332,1156
ENSG00000232106,32379326,32300437,78889
ENSG00000285953,92245924,92131774,114150
ENSG00000275313,36314484,36312669,1815
ENSG00000001629,92401383,92245974,155409
ENSG00000212721,41118360,41117181,1179
ENSG00000278969,24904681,24902309,2372
ENSG00000256482,24836558,24830421,6137
ENSG00000255921,24960158,24949163,10995
ENSG00000231356,66361776,66360766,1010
ENSG00000279268,65226697,65226472,225
ENSG00000259759,54240654,54239693,961
ENSG00000226820,66440668,66437345,3323
ENSG00000181061,42804531,42784298,20233
ENSG00000259517,54270879,54245544,25335
ENSG00000125388,3040760,2963571,77189
ENSG00000138617,65300618,65234460,66158
ENSG00000235892,66499424,66497748,1676
ENSG00000234371,183888449,183884924,3525
ENSG00000279536,149882105,149881477,628
ENSG00000180834,183825594,183815876,9718
ENSG00000261286,84467361,84459259,8102
ENSG00000273011,149891416,149890739,677
ENSG00000282015,37459566,37458806,760
ENSG00000283689,54289568,54285604,3964
ENSG00000204934,149880610,149867697,12913
ENSG00000282790,37413214,37412556,658
ENSG00000177508,54286787,54283304,3483
ENSG00000064270,84464187,84368527,95660
ENSG00000227551,9221744,9220152,1592
ENSG00000277104,37484368,37411498,72870
ENSG00000213614,72376476,72340919,35557
ENSG00000175193,183884933,183829271,55662
ENSG00000139624,50167533,50129306,38227
ENSG00000232399,9226847,9224896,1951
ENSG00000001631,92246166,92198969,47197
ENSG00000278440,15108560,15106659,1901
ENSG00000275779,15058977,15040743,18234
ENSG00000259878,62231895,62230384,1511
ENSG00000166104,62253235,62227896,25339
ENSG00000131080,66639298,66595637,43661
ENSG00000230091,80078912,80046860,32052
ENSG00000249482,9231233,9229641,1592
ENSG00000102221,47061242,46912276,148966
ENSG00000220586,40000527,39934595,65932
ENSG00000180211,39958833,39958414,419
ENSG00000267717,51159383,51158282,1101
ENSG00000227131,40276237,40271566,4671
ENSG00000231163,33885458,33868953,16505
ENSG00000170684,45076587,45071500,5087
ENSG00000253225,129251138,129250967,171
ENSG00000282432,80053548,80053428,120
ENSG00000261134,29799329,29797321,2008
ENSG00000229140,129683679,128634199,1049480
ENSG00000176624,51218304,51174550,43754
ENSG00000179387,140553770,140524168,29602
ENSG00000233465,29800897,29800101,796
ENSG00000173452,19773598,19719310,54288
ENSG00000261451,10438312,10433672,4640
ENSG00000142252,45091524,45079195,12329
ENSG00000144648,42887974,42804752,83222
ENSG00000227000,33840140,33838523,1617
ENSG00000212123,5784746,5782960,1786
ENSG00000259346,65302311,65301922,389
ENSG00000253926,129445852,129415949,29903
ENSG00000204092,40346151,40344344,1807
ENSG00000204091,40379887,40334954,44933
ENSG00000223569,9236334,9234385,1949
ENSG00000267157,5785619,5784005,1614
ENSG00000182545,20511169,20505537,5632
ENSG00000267348,45090391,45076510,13881
ENSG00000267724,47108062,47105946,2116
ENSG00000250231,9240722,9239130,1592
ENSG00000134049,47176364,47152834,23530
ENSG00000168795,37465450,37438102,27348
ENSG00000258456,20525422,20524287,1135
ENSG00000249104,9245830,9243879,1951
ENSG00000077463,4182566,4174109,8457
ENSG00000189114,45181801,45178745,3056
ENSG00000258863,20528959,20528115,844
ENSG00000005108,11832198,11370365,461833
ENSG00000277559,54292422,54290965,1457
ENSG00000231349,86404866,86404176,690
ENSG00000123427,57782541,57771492,11049
ENSG00000114631,127672802,127629185,43617
ENSG00000226280,67375520,67373573,1947
ENSG00000226070,40369474,40358744,10730
ENSG00000224397,50279795,50247643,32152
ENSG00000267044,45136977,45135993,984
ENSG00000230970,42706776,42702653,4123
ENSG00000267346,45129030,45128569,461
ENSG00000167220,47150500,47107408,43092
ENSG00000261803,54370699,54366007,4692
ENSG00000204390,31815283,31809619,5664
ENSG00000250844,9250581,9248630,1951
ENSG00000285539,42732922,42692663,40259
ENSG00000007255,45178237,45162928,15309
ENSG00000266003,51434783,51433437,1346
ENSG00000265402,51613110,51612639,471
ENSG00000235288,42852428,42785087,67341
ENSG00000266201,51421674,51421063,611
ENSG00000227115,51643939,51346249,297690
ENSG00000204389,31817946,31815464,2482
ENSG00000233710,67533987,67533163,824
ENSG00000180432,42876165,42856005,20160
ENSG00000251661,325631,318640,6991
ENSG00000283304,54559100,54542808,16292
ENSG00000157045,15056079,15037854,18225
ENSG00000142089,327537,319676,7861
ENSG00000283258,54657662,54628963,28699
ENSG00000119614,74262738,74239449,23289
ENSG00000270039,57804415,57803838,577
ENSG00000213736,24967504,24967127,377
ENSG00000240747,42942792,42809483,133309
ENSG00000135407,57818704,57797376,21328
ENSG00000241654,9590482,9589902,580
ENSG00000187988,37478317,37477149,1168
ENSG00000262296,9647660,9647020,640
ENSG00000248920,9255329,9253378,1951
ENSG00000175536,74493724,74490519,3205
ENSG00000099783,8489114,8444767,44347
ENSG00000154914,9729687,9644698,84989
ENSG00000137975,86456553,86424171,32382
ENSG00000270030,326294,325703,591
ENSG00000255328,330122,327171,2951
ENSG00000224507,32401073,32397896,3177
ENSG00000234379,45532139,45530927,1212
ENSG00000255089,322426,321991,435
ENSG00000254500,74652911,74652636,275
ENSG00000270105,322727,322186,541
ENSG00000275498,15122225,15058498,63727
ENSG00000254837,74498533,74493366,5167
ENSG00000233077,50321342,50310711,10631
ENSG00000174498,65378002,65327127,50875
ENSG00000203999,50314922,50292720,22202
ENSG00000224242,32414522,32401346,13176
ENSG00000077514,74669117,74493851,175266
ENSG00000250745,9260075,9258124,1951
ENSG00000125457,75271227,75266228,4999
ENSG00000231715,50479991,50479767,224
ENSG00000279678,37306333,37305295,1038
ENSG00000230435,11414078,11406955,7123
ENSG00000109424,140568961,140559431,9530
ENSG00000243516,37673176,37672689,487
ENSG00000267202,37276572,37273706,2866
ENSG00000230333,11520175,11180902,339273
ENSG00000204388,31830254,31827738,2516
ENSG00000285565,31839719,31828834,10885
ENSG00000279543,37473977,37473330,647
ENSG00000204387,31839766,31834608,5158
ENSG00000267707,37247506,37243776,3730
ENSG00000285940,37762131,37565281,196850
ENSG00000104866,45148077,45091396,56681
ENSG00000231258,20591180,20583758,7422
ENSG00000186891,1206592,1203508,3084
ENSG00000188013,20590367,20589293,1074
ENSG00000096395,33804003,33794673,9330
ENSG00000285701,9908034,9900614,7420
ENSG00000173811,42746768,42732575,14193
ENSG00000226827,11258535,11257681,854
ENSG00000178585,9910336,9848276,62060
ENSG00000235920,11821294,11820317,977
ENSG00000217130,34744673,34744176,497
ENSG00000232043,50578041,50570975,7066
ENSG00000196396,50585241,50510321,74920
ENSG00000266050,21573746,21573536,210
ENSG00000264245,21574073,21573770,303
ENSG00000261978,80026107,80023894,2213
ENSG00000266673,21552711,21552509,202
ENSG00000266466,21542786,21532974,9812
ENSG00000275516,79952992,79952663,329
ENSG00000283765,183884889,183815568,69321
ENSG00000264023,21458989,21457434,1555
ENSG00000262172,79992841,79991944,897
ENSG00000265881,21445439,21444833,606
ENSG00000265265,21521269,21519514,1755
ENSG00000232415,74062284,74059576,2708
ENSG00000212719,21574517,21428381,146136
ENSG00000167291,80035872,79932343,103529
ENSG00000270387,147917386,147916529,857
ENSG00000267545,45202444,45179822,22622
ENSG00000236075,40502393,40501631,762
ENSG00000071205,148072780,147732063,340717
ENSG00000156564,40587465,40391586,195879
ENSG00000179846,45158737,45149750,8987
ENSG00000270580,15131601,15104723,26878
ENSG00000111012,57768986,57762334,6652
ENSG00000178449,50120457,50112082,8375
ENSG00000226454,40523963,40505507,18456
ENSG00000248170,85238074,85237681,393
ENSG00000234819,78219357,78219120,237
ENSG00000188599,15123498,15104312,19186
ENSG00000267800,47137290,47137018,272
ENSG00000248667,85420451,85420028,423
ENSG00000224265,43327932,43323665,4267
ENSG00000267815,50310539,50310022,517
ENSG00000232889,20595708,20595531,177
ENSG00000267228,47176345,47108188,68157
ENSG00000285712,43350792,43325833,24959
ENSG00000249023,85430184,85429702,482
ENSG00000272368,50165618,50112197,53421
ENSG00000265349,9645325,9638768,6557
ENSG00000273481,151328429,151327949,480
ENSG00000160505,55881854,55836578,45276
ENSG00000226096,20609610,20609462,148
ENSG00000249842,85447758,85446974,784
ENSG00000166596,9643447,9576627,66820
ENSG00000243859,85465310,85464434,876
ENSG00000165066,41650669,41645178,5491
ENSG00000177854,153983194,153972754,10440
ENSG00000049540,74069907,74027789,42118
ENSG00000125356,119876662,119871832,4830
ENSG00000235546,20614008,20612667,1341
ENSG00000244582,21505059,21504558,501
ENSG00000266364,20633259,20633034,225
ENSG00000265043,21460215,21456513,3702
ENSG00000227685,20633234,20612912,20322
ENSG00000265712,51688209,51687525,684
ENSG00000253232,33523291,33523154,137
ENSG00000248621,140600575,140600401,174
ENSG00000237947,40715363,40713411,1952
ENSG00000268903,135895,135141,754
ENSG00000269981,137965,137682,283
ENSG00000215457,51845628,51845007,621
ENSG00000134313,8837630,8721081,116549
ENSG00000239906,140339,139790,549
ENSG00000285695,52309224,52283909,25315
ENSG00000249811,9264823,9262872,1951
ENSG00000124562,34773857,34757505,16352
ENSG00000266335,52339025,52336361,2664
ENSG00000229461,29809601,29809470,131
ENSG00000241860,173862,141474,32388
ENSG00000100304,43187134,43166622,20512
ENSG00000125352,119871827,119870475,1352
ENSG00000260375,62256421,62255686,735
ENSG00000130726,58550722,58544064,6658
ENSG00000260062,62270680,62253730,16950
ENSG00000140950,84554033,84476355,77678
ENSG00000241599,161525,160446,1079
ENSG00000229710,32635637,32634806,831
ENSG00000279928,184174,182696,1478
ENSG00000270780,114002235,114001433,802
ENSG00000116774,114035572,113979391,56181
ENSG00000118308,25108334,25004342,103992
ENSG00000230150,32647494,32646664,830
ENSG00000275873,560793,554854,5939
ENSG00000280384,46165347,46163303,2044
ENSG00000186951,46243756,46150521,93235
ENSG00000269903,57814926,57814494,432
ENSG00000257921,57797554,57772660,24894
ENSG00000178425,116249497,116100851,148646
ENSG00000280511,76562590,76561328,1262
ENSG00000236635,76593623,76522451,71172
ENSG00000213073,160096212,160093082,3130
ENSG00000268257,160007664,160003291,4373
ENSG00000213416,41124182,41123091,1091
ENSG00000123297,57808071,57782589,25482
ENSG00000279457,195411,185217,10194
ENSG00000223989,9850154,9848318,1836
ENSG00000198090,41140487,41139433,1054
ENSG00000224197,32660356,32659420,936
ENSG00000282048,114034511,114032393,2118
ENSG00000231762,76662770,76660486,2284
ENSG00000227368,112933171,112932625,546
ENSG00000257122,22437715,22418672,19043
ENSG00000198271,41149802,41148924,878
ENSG00000271945,76775860,76774983,877
ENSG00000253995,33540493,33540185,308
ENSG00000236124,112981434,112981166,268
ENSG00000237296,22492220,22437008,55212
ENSG00000276064,77343654,77343557,97
ENSG00000167962,2009821,1997654,12167
ENSG00000188655,20560931,20556093,4838
ENSG00000136688,112985658,112973203,12455
ENSG00000133874,33567128,33547754,19374
ENSG00000171396,41160731,41159651,1080
ENSG00000261243,84497495,84495599,1896
ENSG00000135312,77463773,77461753,2020
ENSG00000282005,560121,557613,2508
ENSG00000251066,85549952,85549409,543
ENSG00000179873,55836800,55785397,51403
ENSG00000196156,41168194,41167231,963
ENSG00000112212,41044337,41042467,1870
ENSG00000250874,85664684,85663232,1452
ENSG00000103187,84618078,84565596,52482
ENSG00000241965,85763138,85762559,579
ENSG00000267101,45181379,45130565,50814
ENSG00000249153,85849199,85848502,697
ENSG00000269732,440232,439870,362
ENSG00000276536,537287,532242,5045
ENSG00000236679,348366,347982,384
ENSG00000244537,41178208,41177446,762
ENSG00000233653,489906,487101,2805
ENSG00000198443,41185342,41184102,1240
ENSG00000237094,522928,365389,157539
ENSG00000233183,33927631,33893323,34308
ENSG00000251439,41187136,41186944,192
ENSG00000219253,77496671,77496119,552
ENSG00000254274,54073566,54073114,452
ENSG00000236326,116244728,116244187,541
ENSG00000271362,33883411,33883170,241
ENSG00000249346,33896914,33867506,29408
ENSG00000123500,116158747,116118909,39838
ENSG00000269964,77927028,77650274,276754
ENSG00000261471,84596826,84594393,2433
ENSG00000229493,32917296,32909857,7439
ENSG00000124701,41064511,41053304,11207
ENSG00000135686,84667686,84648511,19175
ENSG00000240542,41190639,41189887,752
ENSG00000250359,86087847,86087526,321
ENSG00000100065,37519542,37490362,29180
ENSG00000236504,20681799,20647287,34512
ENSG00000161912,41140835,41101022,39813
ENSG00000230309,78606036,78604467,1569
ENSG00000205449,86296463,86282460,14003
ENSG00000218428,116137572,116137058,514
ENSG00000248807,41213237,41212706,531
ENSG00000282850,120000088,119998087,2001
ENSG00000229495,78813303,78809715,3588
ENSG00000101882,119943751,119920672,23079
ENSG00000249878,61833024,61831947,1077
ENSG00000232862,36084026,36080066,3960
ENSG00000259624,70778868,70768011,10857
ENSG00000248933,9269570,9267619,1951
ENSG00000248199,61886129,61878109,8020
ENSG00000239886,41227652,41226648,1004
ENSG00000259452,70791486,70791013,473
ENSG00000260619,80993258,80990804,2454
ENSG00000188559,20712644,20389530,323114
ENSG00000235420,70802688,70796597,6091
ENSG00000237921,19818090,19813685,4405
ENSG00000204873,41233454,41232463,991
ENSG00000183020,1012245,924894,87351
ENSG00000277782,80999981,80999593,388
ENSG00000187272,41239004,41238045,959
ENSG00000250306,88383260,88382948,312
ENSG00000250156,88439090,88408982,30108
ENSG00000264874,20710533,20710425,108
ENSG00000271638,20324568,20323992,576
ENSG00000001167,41099976,41072945,27031
ENSG00000250913,9272914,9272364,550
ENSG00000280009,86306149,86305233,916
ENSG00000140406,81005788,81000944,4844
ENSG00000248195,86335808,86335024,784
ENSG00000271904,88498697,88433892,64805
ENSG00000240083,88382725,88381957,768
ENSG00000247828,88436685,88268895,167790
ENSG00000226521,20737127,20716481,20646
ENSG00000213860,20003247,20002765,482
ENSG00000241595,41250653,41249687,966
ENSG00000228598,20153531,20141916,11615
ENSG00000198218,49094363,49029707,64656
ENSG00000230872,22407428,22382436,24992
ENSG00000276294,20331517,20330121,1396
ENSG00000236601,366052,358857,7195
ENSG00000225431,42615058,42599280,15778
ENSG00000140743,22437165,22345936,91229
ENSG00000267055,20130475,20096137,34338
ENSG00000183742,20217404,20134655,82749
ENSG00000228463,359681,257864,101817
ENSG00000248363,86368854,86353803,15051
ENSG00000198083,41256364,41255384,980
ENSG00000235023,42651244,42648271,2973
ENSG00000184216,154019902,154010506,9396
ENSG00000250124,86381426,86380660,766
ENSG00000251585,86402960,86402465,495
ENSG00000212659,41266641,41265339,1302
ENSG00000250575,493241,491225,2016
ENSG00000284733,451697,450703,994
ENSG00000137817,72272999,72241181,31818
ENSG00000225103,32675872,32670013,5859
ENSG00000273859,564036,560418,3618
ENSG00000260790,22378180,22374859,3321
ENSG00000176654,7900140,7890801,9339
ENSG00000254416,110406400,110355130,51270
ENSG00000260635,22369047,22365121,3926
ENSG00000243716,22536521,22479121,57400
ENSG00000260113,30627178,30626976,202
ENSG00000232460,121362865,121361854,1011
ENSG00000234794,32451660,32446450,5210
ENSG00000271022,121427416,121426645,771
ENSG00000255100,76783062,76782581,481
ENSG00000260518,33707213,33687025,20188
ENSG00000260107,1998374,1997654,720
ENSG00000254736,66390168,66389609,559
ENSG00000243004,20140453,19918981,221472
ENSG00000182704,76798153,76782251,15902
ENSG00000186471,119920716,119895837,24879
ENSG00000254510,66417137,66409158,7979
ENSG00000065613,104029233,103967140,62093
ENSG00000164180,88269476,88189633,79843
ENSG00000268335,20443725,20443215,510
ENSG00000269043,20528615,20432552,96063
ENSG00000268461,20390689,20389658,1031
ENSG00000271704,20352079,20351502,577
ENSG00000280171,20696533,20674923,21610
ENSG00000160229,20807322,20776304,31018
ENSG00000124602,41039221,41026895,12326
ENSG00000151718,183320777,183099257,221520
ENSG00000269040,20785152,20784596,556
ENSG00000268416,20755250,20746923,8327
ENSG00000204020,88778242,88761406,16836
ENSG00000269373,20847417,20838515,8902
ENSG00000268174,20417069,20416514,555
ENSG00000037897,57772119,57768471,3648
ENSG00000069188,73644445,73334384,310061
ENSG00000188171,20661596,20619939,41657
ENSG00000285237,10475045,10474789,256
ENSG00000253641,10481974,10474565,7409
ENSG00000273831,554915,537527,17388
ENSG00000124596,41097787,41033627,64160
ENSG00000235408,38425354,38425083,271
ENSG00000196756,38435361,38420587,14774
ENSG00000253678,10479420,10476597,2823
ENSG00000092850,36088275,36084094,4181
ENSG00000137642,121633763,121452314,181449
ENSG00000232705,32480224,32466569,13655
ENSG00000282747,36328453,36326893,1560
ENSG00000235228,32492557,32492462,95
ENSG00000282768,36336195,36336091,104
ENSG00000268560,20615389,20611559,3830
ENSG00000268272,20583647,20583084,563
ENSG00000226227,32523549,32523454,95
ENSG00000282403,36343444,36343345,99
ENSG00000269885,20758952,20758440,512
ENSG00000237440,20565809,20535825,29984
ENSG00000282933,119992810,119942834,49976
ENSG00000260555,150005124,150000752,4372
ENSG00000234493,120025138,119978713,46425
ENSG00000276538,150047854,150047609,245
ENSG00000241449,150076655,150040521,36134
ENSG00000163104,94291292,94207611,83681
ENSG00000184647,10554166,10525532,28634
ENSG00000213384,20659964,20659710,254
ENSG00000232090,112995937,112995517,420
ENSG00000213987,41264862,41264550,312
ENSG00000235358,41284861,41242373,42488
ENSG00000130244,38409088,38403135,5953
ENSG00000136694,113008044,113005461,2583
ENSG00000259060,20609795,20582892,26903
ENSG00000170681,100587906,100578079,9827
ENSG00000259010,64601644,64600243,1401
ENSG00000279827,8445597,8444570,1027
ENSG00000269779,20697615,20691336,6279
ENSG00000136153,75859870,75620434,239436
ENSG00000269110,20661583,20553792,107791
ENSG00000258573,20607137,20587644,19493
ENSG00000282464,532261,528907,3354
ENSG00000152795,82430408,82422564,7844
ENSG00000231205,20424969,20340269,84700
ENSG00000150201,43376335,43371636,4699
ENSG00000272505,10489666,10486807,2859
ENSG00000161031,15498956,15468645,30311
ENSG00000261296,62278365,62274163,4202
ENSG00000253649,10547585,10482878,64707
ENSG00000173464,20609884,20583559,26325
ENSG00000197635,162074215,161992245,81970
ENSG00000101109,45080021,44966479,113542
ENSG00000260957,62285006,62284190,816
ENSG00000259557,62362331,62362029,302
ENSG00000158201,21704780,21650901,53879
ENSG00000134207,114153919,114089291,64628
ENSG00000274340,62388875,62387327,1548
ENSG00000235150,88787061,88785600,1461
ENSG00000275861,36366216,36355285,10931
ENSG00000198554,55027105,54938949,88156
ENSG00000146243,78946440,78867551,78889
ENSG00000242636,7751161,7750684,477
ENSG00000173239,88820546,88802730,17816
ENSG00000169813,43409166,43385617,23549
ENSG00000264750,73643106,73641026,2080
ENSG00000264985,73521407,73513469,7938
ENSG00000188693,92180725,92134604,46121
ENSG00000230188,37490893,37490421,472
ENSG00000231197,29879115,29878153,962
ENSG00000137054,37503697,37485948,17749
ENSG00000235680,29828018,29823861,4157
ENSG00000230975,80870190,80699388,170802
ENSG00000279406,71366374,71364243,2131
ENSG00000198246,71381423,71319259,62164
ENSG00000234429,81201184,81194337,6847
ENSG00000152766,88851844,88819896,31948
ENSG00000231722,81419302,81418723,579
ENSG00000258436,20590823,20590193,630
ENSG00000237999,100732355,100731240,1115
ENSG00000235519,81467468,81461358,6110
ENSG00000233444,81666728,81666477,251
ENSG00000231781,82005700,81983272,22428
ENSG00000227357,32557561,32542598,14963
ENSG00000261578,76804555,76800364,4191
ENSG00000229560,82269927,82268427,1500
ENSG00000234256,88877544,88876450,1094
ENSG00000237498,82538711,82476825,61886
ENSG00000171777,38426305,38409051,17254
ENSG00000226860,82609977,82609652,325
ENSG00000226700,82815516,82814984,532
ENSG00000265656,21682561,21673628,8933
ENSG00000225045,82817528,82815809,1719
ENSG00000107829,101695295,101610664,84631
ENSG00000264188,21662395,21661787,608
ENSG00000224695,82818061,82817538,523
ENSG00000146247,79078254,78934419,143835
ENSG00000074657,58986480,58862600,123880
ENSG00000227789,82819264,82818131,1133
ENSG00000286211,82866508,82831234,35274
ENSG00000168129,82857384,82856826,558
ENSG00000223977,83219105,83218890,215
ENSG00000232548,83523502,83522814,688
ENSG00000258914,103877478,103875055,2423
ENSG00000145908,150904983,150894392,10591
ENSG00000258735,103858049,103847721,10328
ENSG00000136696,113052867,113022091,30776
ENSG00000142748,27374824,27369112,5712
ENSG00000258534,103880111,103854366,25745
ENSG00000223834,31606218,31602862,3356
ENSG00000224627,83595243,83594956,287
ENSG00000231855,31628599,31628540,59
ENSG00000233697,32591752,32589215,2537
ENSG00000237797,31707388,31693084,14304
ENSG00000145911,178126081,178113532,12549
ENSG00000149742,63410294,63369789,40505
ENSG00000174576,66426707,66421004,5703
ENSG00000251128,183240634,183233628,7006
ENSG00000177300,183320774,183318194,2580
ENSG00000271462,19419161,19418927,234
ENSG00000225658,74351419,74351134,285
ENSG00000245205,19457648,19456244,1404
ENSG00000234632,74351009,74350069,940
ENSG00000258630,95335504,95329584,5920
ENSG00000240328,19509245,19508904,341
ENSG00000254478,118822084,118821895,189
ENSG00000235324,32622868,32621929,939
ENSG00000065911,74217565,74198610,18955
ENSG00000255909,19413461,19413153,308
ENSG00000254621,118834556,118833846,710
ENSG00000093167,37183689,37052626,131063
ENSG00000139154,19720801,19404045,316756
ENSG00000137714,110464884,110429948,34936
ENSG00000136695,113065382,113058638,6744
ENSG00000237693,150900736,150846523,54213
ENSG00000114626,127680926,127672935,7991
ENSG00000230555,43422100,43420738,1362
ENSG00000165553,77271312,77265483,5829
ENSG00000204060,41383590,41361922,21668
ENSG00000142677,24143140,24119771,23369
ENSG00000136280,45076469,44999475,76994
ENSG00000174950,27383333,27379176,4157
ENSG00000229901,41375669,41375004,665
ENSG00000204574,30597179,30571393,25786
ENSG00000248987,44944961,44944015,946
ENSG00000275959,44996022,44994426,1596
ENSG00000230918,162075169,162073256,1913
ENSG00000116688,12013514,11980181,33333
ENSG00000248744,45051652,45009540,42112
ENSG00000219700,109290503,109288571,1932
ENSG00000233908,109288562,109288440,122
ENSG00000248320,45326028,45323253,2775
ENSG00000203799,109355063,109165831,189232
ENSG00000232895,114262278,114206427,55851
ENSG00000217482,135636713,135636086,627
ENSG00000273698,114279275,114279011,264
ENSG00000275544,197557450,197506664,50786
ENSG00000233534,135634681,135628789,5892
ENSG00000259656,49103264,49101791,1473
ENSG00000271419,114355178,114353986,1192
ENSG00000231028,135716055,135497801,218254
ENSG00000136697,113075850,113067970,7880
ENSG00000169189,27268772,27224994,43778
ENSG00000106538,150341662,150338317,3345
ENSG00000006534,68029282,68008578,20704
ENSG00000226540,135620171,135619165,1006
ENSG00000224560,45414910,45414337,573
ENSG00000104938,7769605,7763149,6456
ENSG00000126822,64750249,64704102,46147
ENSG00000132855,62606159,62597487,8672
ENSG00000226397,25006403,24993424,12979
ENSG00000234521,74413603,74407797,5806
ENSG00000226725,73002856,72998388,4468
ENSG00000217512,79068138,79067692,446
ENSG00000230337,11102100,11099675,2425
ENSG00000188687,74343414,74216242,127172
ENSG00000184388,73005713,73003517,2196
ENSG00000133878,33600023,33591330,8693
ENSG00000224801,29825257,29824278,979
ENSG00000275768,95197357,95196449,908
ENSG00000235498,29849024,29848896,128
ENSG00000171824,11099869,11066618,33251
ENSG00000223463,29881327,29878611,2716
ENSG00000156206,81149179,81007033,142146
ENSG00000186265,112499472,112463966,35506
ENSG00000258449,25100980,25096868,4112
ENSG00000186288,73079512,73077276,2236
ENSG00000276842,25103869,25103124,745
ENSG00000127399,150338156,150323263,14893
ENSG00000118307,25195162,25108289,86873
ENSG00000205643,46250311,46244011,6300
ENSG00000282717,15081000,15080438,562
ENSG00000197323,114511203,114392790,118413
ENSG00000117569,96823738,96721665,102073
ENSG00000106526,150323725,150243916,79809
ENSG00000250629,38792754,38783580,9174
ENSG00000249740,38845829,38710367,135462
ENSG00000278967,62609584,62607766,1818
ENSG00000279834,81063488,81060953,2535
ENSG00000248577,38764289,38763158,1131
ENSG00000259461,81118340,81117635,705
ENSG00000229351,41271835,41271311,524
ENSG00000138134,88975153,88879734,95419
ENSG00000100122,26618027,26599278,18749
ENSG00000218632,109327914,109327175,739
ENSG00000116641,62688368,62454298,234070
ENSG00000214880,55980103,55979398,705
ENSG00000188707,150332721,150322639,10082
ENSG00000261305,150343346,150337483,5863
ENSG00000233924,55005687,55004813,874
ENSG00000235805,44710886,44709311,1575
ENSG00000196653,44723831,44712643,11188
ENSG00000285571,26683211,26677003,6208
ENSG00000143575,154275875,154272511,3364
ENSG00000237829,30060717,30057093,3624
ENSG00000280194,35903855,35901561,2294
ENSG00000235116,32624782,32624375,407
ENSG00000167604,35902303,35887653,14650
ENSG00000231561,42669076,42654200,14876
ENSG00000234218,31498583,31485545,13038
ENSG00000070182,64879907,64746283,133624
ENSG00000227099,32646281,32627102,19179
ENSG00000230161,100912741,100912320,421
ENSG00000275598,63470944,63469376,1568
ENSG00000238101,32631068,32629937,1131
ENSG00000229541,100976682,100975668,1014
ENSG00000168004,63491194,63461404,29790
ENSG00000243167,42670816,42670005,811
ENSG00000255306,68030461,68024809,5652
ENSG00000245888,27290492,27268205,22287
ENSG00000231207,27390145,27389468,677
ENSG00000267097,45483218,45423764,59454
ENSG00000233085,169289216,169286534,2682
ENSG00000224645,151341966,151340648,1318
ENSG00000275914,54769187,54754693,14494
ENSG00000181773,27395814,27392622,3192
ENSG00000088367,36232799,36091504,141295
ENSG00000267354,45550183,45507202,42981
ENSG00000143390,151347357,151340640,6717
ENSG00000267193,45747215,45669367,77848
ENSG00000228225,84032358,84031140,1218
ENSG00000228902,84040720,84039885,835
ENSG00000224999,169297959,169296471,1488
ENSG00000132874,45683686,45212995,470691
ENSG00000187686,125126781,125113161,13620
ENSG00000226194,169388385,169369998,18387
ENSG00000182814,84292202,84290683,1519
ENSG00000228150,9949974,9942923,7051
ENSG00000261092,50395133,50390916,4217
ENSG00000261438,89017059,89015836,1223
ENSG00000241326,9984568,9983141,1427
ENSG00000130943,46263355,46255663,7692
ENSG00000278283,55045121,55044749,372
ENSG00000283611,9960787,9950572,10215
ENSG00000255475,125139587,125132847,6740
ENSG00000173614,9985501,9943428,42073
ENSG00000254880,125164609,125158461,6148
ENSG00000026103,89017059,88990531,26528
ENSG00000184281,2403878,2400488,3390
ENSG00000100968,24379604,24365673,13931
ENSG00000260573,50546347,50407666,138681
ENSG00000256568,73181696,73176694,5002
ENSG00000215841,73215913,73214998,915
ENSG00000228272,84350774,84315108,35666
ENSG00000262185,3950586,3931217,19369
ENSG00000234466,55055838,55054945,893
ENSG00000230467,30066271,30060650,5621
ENSG00000236114,43525217,43523256,1961
ENSG00000243660,43483181,43436841,46340
ENSG00000079102,92103286,91954967,148319
ENSG00000238269,55078909,55075063,3846
ENSG00000109079,28347009,28335602,11407
ENSG00000047457,149221829,149162410,59419
ENSG00000285733,169702047,169419969,282078
ENSG00000126264,35904377,35902480,1897
ENSG00000149133,55994625,55993681,944
ENSG00000141519,80100613,80036632,63981
ENSG00000259470,70860162,70858714,1448
ENSG00000129028,70892433,70881342,11091
ENSG00000128928,40435947,40405485,30462
ENSG00000184465,169702067,169457212,244855
ENSG00000182365,56015957,56015017,940
ENSG00000255474,4720102,4700417,19685
ENSG00000256381,4648027,4645496,2531
ENSG00000139180,4694317,4649095,45222
ENSG00000156411,103928269,103912288,15981
ENSG00000231445,162077651,162077357,294
ENSG00000162441,9943407,9922113,21294
ENSG00000204065,103276750,103273691,3059
ENSG00000285790,45503824,45491581,12243
ENSG00000224674,162090072,162088259,1813
ENSG00000266968,45647937,45646153,1784
ENSG00000233397,162095032,162092232,2800
ENSG00000266988,45529855,45483345,46510
ENSG00000137821,71053657,70853239,200418
ENSG00000278694,154313084,154312462,622
ENSG00000103742,65422947,65381484,41463
ENSG00000141469,45752520,45687025,65495
ENSG00000133134,103311046,103309346,1700
ENSG00000037280,180649624,180601506,48118
ENSG00000117448,45570049,45550543,19506
ENSG00000240449,150372590,150363777,8813
ENSG00000284048,150410597,150379329,31268
ENSG00000254396,27104728,27102630,2098
ENSG00000282235,76866,64099,12767
ENSG00000214022,150374044,150368189,5855
ENSG00000282518,118578,97494,21084
ENSG00000225885,118400605,118282139,118466
ENSG00000183638,10712187,10606349,105838
ENSG00000140931,66613892,66603874,10018
ENSG00000226849,11073097,11068471,4626
ENSG00000280173,47349073,47346950,2123
ENSG00000281641,118858218,118621001,237217
ENSG00000274213,56914533,56914186,347
ENSG00000171060,10700590,10672628,27962
ENSG00000242206,118762201,118761856,345
ENSG00000163285,46124054,46035769,88285
ENSG00000177570,118622112,118189455,432657
ENSG00000004142,28357527,28346633,10894
ENSG00000246790,121453013,121447331,5682
ENSG00000282924,33763773,33723356,40417
ENSG00000277705,11507408,11507162,246
ENSG00000270863,11514136,11512723,1413
ENSG00000260433,53581091,53480835,100256
ENSG00000261580,33769679,33769421,258
ENSG00000274551,11521686,11516425,5261
ENSG00000260308,33771248,33771035,213
ENSG00000152455,14904315,14878820,25495
ENSG00000284041,150396915,150368790,28125
ENSG00000233757,95259774,95207535,52239
ENSG00000284691,150412470,150400702,11768
ENSG00000187323,53535903,52340197,1195706
ENSG00000277730,139067,137526,1541
ENSG00000214756,62668496,62665309,3187
ENSG00000231963,73084635,73080167,4468
ENSG00000234068,55092842,55089008,3834
ENSG00000250107,50562108,50556207,5901
ENSG00000197083,150946289,150930645,15644
ENSG00000204118,73128080,73126037,2043
ENSG00000250976,50563783,50563203,580
ENSG00000251239,50631940,50627032,4908
ENSG00000228080,32703817,32670593,33224
ENSG00000274235,150952460,150950109,2351
ENSG00000186462,73214848,73212299,2549
ENSG00000239377,150383885,150379854,4031
ENSG00000068383,132783480,132537787,245693
ENSG00000196456,150398630,150379330,19300
ENSG00000230311,73223558,73223124,434
ENSG00000272921,4662643,4604944,57699
ENSG00000272670,180568,142789,37779
ENSG00000204922,62673686,62670273,3413
ENSG00000237014,73238709,73237647,1062
ENSG00000186513,58194053,58189070,4983
ENSG00000225664,73275515,73274785,730
ENSG00000010219,4615302,4562204,53098
ENSG00000131264,73455245,73447254,7991
ENSG00000260401,73242335,73238975,3360
ENSG00000221826,42740481,42721638,18843
ENSG00000197887,58204181,58203202,979
ENSG00000143595,154325325,154321090,4235
ENSG00000097007,130887675,130713946,173729
ENSG00000175591,73236352,73218298,18054
ENSG00000162194,62672255,62662817,9438
ENSG00000233162,73474830,73474563,267
ENSG00000280204,58216084,58212720,3364
ENSG00000237475,73536241,73535503,738
ENSG00000261584,26687964,26686241,1723
ENSG00000269904,73563085,73524275,38810
ENSG00000205414,50613684,50606076,7608
ENSG00000180475,58228918,58227882,1036
ENSG00000258546,25093900,25092715,1185
ENSG00000278909,50558719,50555355,3364
ENSG00000196431,26630669,26621963,8706
ENSG00000140807,50649249,50548396,100853
ENSG00000254589,58243097,58242043,1054
ENSG00000197355,137084539,137077517,7022
ENSG00000232887,31119572,31119284,288
ENSG00000232062,32736617,32730753,5864
ENSG00000160908,99504857,99473877,30980
ENSG00000260339,72378788,72376113,2675
ENSG00000115263,162152404,162142882,9522
ENSG00000260729,72375981,72284727,91254
ENSG00000169083,67730619,67544032,186587
ENSG00000226984,114460360,114459934,426
ENSG00000225867,37551735,37550026,1709
ENSG00000226912,26645336,26644889,447
ENSG00000225650,114469282,114468315,967
ENSG00000230847,71093193,71074225,18968
ENSG00000243307,26898777,26896952,1825
ENSG00000273025,72319946,72266746,53200
ENSG00000259756,62690448,62682916,7532
ENSG00000241549,26956554,26871484,85070
ENSG00000251634,71128753,71102898,25855
ENSG00000247796,53115126,53109842,5284
ENSG00000253900,71133287,71132993,294
ENSG00000136689,113134016,113107214,26802
ENSG00000171914,62844631,62390526,454105
ENSG00000261460,72351794,72278867,72927
ENSG00000263159,4032936,4032012,924
ENSG00000140488,72320157,72284727,35430
ENSG00000128283,37569405,37560480,8925
ENSG00000164172,53110063,53095679,14384
ENSG00000162104,4116442,3953387,163055
ENSG00000172772,58268260,58266792,1468
ENSG00000185085,62653302,62646848,6454
ENSG00000152457,14954432,14897359,57073
ENSG00000109436,140756385,140620782,135603
ENSG00000196652,99534700,99504651,30049
ENSG00000272900,58292765,58291826,939
ENSG00000104899,2252073,2249309,2764
ENSG00000255218,58318375,58317637,738
ENSG00000283314,26104258,26070754,33504
ENSG00000278615,62665217,62662816,2401
ENSG00000260029,50553940,50551824,2116
ENSG00000152133,37099244,37084451,14793
ENSG00000278319,55102026,55101637,389
ENSG00000215630,71208130,71197646,10484
ENSG00000233290,82848205,82212413,635792
ENSG00000235558,71259238,71220356,38882
ENSG00000276929,55142433,55137930,4503
ENSG00000234160,37510299,37509150,1149
ENSG00000272312,27001648,27001208,440
ENSG00000224843,27023931,26956992,66939
ENSG00000249981,71446569,71445616,953
ENSG00000239327,20616991,20616644,347
ENSG00000169040,71385993,71375786,10207
ENSG00000255432,62665178,62649694,15484
ENSG00000163541,84460045,84423528,36517
ENSG00000078098,162245151,162170684,74467
ENSG00000263438,53597851,53568447,29404
ENSG00000262623,56952404,56951664,740
ENSG00000250387,71446342,71351855,94487
ENSG00000262298,56941275,56939932,1343
ENSG00000121058,56961050,56938199,22851
ENSG00000159239,74421662,74393836,27826
ENSG00000258253,52402407,52380460,21947
ENSG00000253985,71374898,71372676,2222
ENSG00000233155,74418442,74418122,320
ENSG00000237737,74393882,74385486,8396
ENSG00000224797,130725050,130724786,264
ENSG00000161849,52385652,52377812,7840
ENSG00000268297,7790621,7787549,3072
ENSG00000248335,140716081,140712168,3913
ENSG00000273762,52419644,52419189,455
ENSG00000262418,198733963,198650158,83805
ENSG00000249661,140645489,140641840,3649
ENSG00000277866,150979175,150978419,756
ENSG00000280098,52409257,52409042,215
ENSG00000260236,47380999,47379089,1910
ENSG00000100079,37582616,37570248,12368
ENSG00000254533,144699185,144698614,571
ENSG00000151079,4813412,4809176,4236
ENSG00000198556,99503650,99472890,30760
ENSG00000145916,178150568,178130996,19572
ENSG00000211445,151028992,151020438,8554
ENSG00000264324,74363377,74211604,151773
ENSG00000130035,4851927,4720341,131586
ENSG00000042062,50691527,50586108,105419
ENSG00000161850,52406355,52393931,12424
ENSG00000272848,169452475,169426420,26055
ENSG00000163755,149173732,149129584,44148
ENSG00000285887,169425156,169419004,6152
ENSG00000148444,22320306,22316386,3920
ENSG00000241169,27459582,27457198,2384
ENSG00000158195,27490167,27404230,85937
ENSG00000227738,123763071,123762171,900
ENSG00000168490,22232101,22219703,12398
ENSG00000224891,37149304,37148530,774
ENSG00000279874,123850695,123850522,173
ENSG00000228400,124025173,124016858,8315
ENSG00000148826,132786147,132783179,2968
ENSG00000055332,37157065,37099210,57855
ENSG00000198000,92325636,92297358,28278
ENSG00000170454,52434371,52424070,10301
ENSG00000282973,33345396,33345182,214
ENSG00000261509,33363478,33360274,3204
ENSG00000256237,11555838,11541395,14443
ENSG00000231302,50621077,50620763,314
ENSG00000247157,11590369,11548030,42339
ENSG00000234693,50662275,50645471,16804
ENSG00000203989,120077705,120070672,7033
ENSG00000255608,4842675,4838955,3720
ENSG00000111254,4649051,4615508,33543
ENSG00000256347,73249867,73248779,1088
ENSG00000257500,52428494,52407580,20914
ENSG00000270467,33803217,33802764,453
ENSG00000257844,52421867,52411742,10125
ENSG00000261153,33810767,33808778,1989
ENSG00000271178,33827661,33827214,447
ENSG00000254515,121238688,121238304,384
ENSG00000213244,121118610,121118195,415
ENSG00000227193,121146826,121118126,28700
ENSG00000259680,33845229,33844784,445
ENSG00000131721,120165630,120158561,7069
ENSG00000244400,121250978,121250270,708
ENSG00000268993,121142438,121142051,387
ENSG00000105609,54257301,54249431,7870
ENSG00000270924,33848644,33848476,168
ENSG00000178660,94507620,94506766,854
ENSG00000271780,101949425,101948347,1078
ENSG00000242911,94936120,94935760,360
ENSG00000234629,94938024,94937086,938
ENSG00000139083,11895402,11649854,245548
ENSG00000261009,33372915,33370473,2442
ENSG00000188710,130896812,130892702,4110
ENSG00000204116,73687102,73563200,123902
ENSG00000261602,69710583,69709874,709
ENSG00000258545,120146854,120036236,110618
ENSG00000256849,19943018,19941521,1497
ENSG00000239589,95152509,94938172,214337
ENSG00000225567,29027761,29026834,927
ENSG00000181019,69726668,69706996,19672
ENSG00000255910,20009937,19775451,234486
ENSG00000228977,29045389,29044362,1027
ENSG00000227541,120202748,120202061,687
ENSG00000237757,120212680,120210461,2219
ENSG00000233382,120245267,120120953,124314
ENSG00000228635,29072748,29071973,775
ENSG00000163162,101308701,101271219,37482
ENSG00000101883,120115937,120109053,6884
ENSG00000271691,33852069,33851785,284
ENSG00000259290,125191404,125188115,3289
ENSG00000260312,33858864,33857935,929
ENSG00000256988,4808641,4806542,2099
ENSG00000254932,125266798,125258626,8172
ENSG00000096384,44253888,44246166,7722
ENSG00000227207,72301829,72301472,357
ENSG00000255639,4774184,4649101,125083
ENSG00000261663,2241818,2240487,1331
ENSG00000165495,125433389,125164687,268702
ENSG00000167969,2252300,2239402,12898
ENSG00000269763,7814425,7813615,810
ENSG00000228139,120119700,120117642,2058
ENSG00000256799,4636140,4635349,791
ENSG00000256748,4603420,4601991,1429
ENSG00000274438,54752802,54738507,14295
ENSG00000230146,73770423,73769248,1175
ENSG00000259842,33950420,33949976,444
ENSG00000142534,49499708,49496365,3343
ENSG00000270318,33859352,33858896,456
ENSG00000205452,33976346,33964547,11799
ENSG00000245105,9068684,9065177,3507
ENSG00000091128,108130361,108023548,106813
ENSG00000275513,54736502,54724485,12017
ENSG00000175899,9116229,9067664,48565
ENSG00000260781,33937167,33907419,29748
ENSG00000197386,3243960,3041422,202538
ENSG00000271620,33938799,33938337,462
ENSG00000270401,33966091,33965655,436
ENSG00000260525,33875468,33875039,429
ENSG00000270641,73829231,73792205,37026
ENSG00000229807,73852723,73820651,32072
ENSG00000261607,33948548,33948278,270
ENSG00000198555,33987630,33976039,11591
ENSG00000225087,72899140,72748921,150219
ENSG00000224080,37143958,37143512,446
ENSG00000227016,72791282,72765031,26251
ENSG00000225558,37135102,37134658,444
ENSG00000285808,72854475,72793104,61371
ENSG00000280317,72979314,72979014,300
ENSG00000229636,73106282,73104792,1490
ENSG00000145912,178153967,178149460,4507
ENSG00000271993,37182734,37182107,627
ENSG00000226359,17242886,17242010,876
ENSG00000106400,101224190,101218165,6025
ENSG00000213839,37886390,37885683,707
ENSG00000070601,37746904,37650954,95950
ENSG00000259458,62645291,62637172,8119
ENSG00000151287,102773811,102765888,7923
ENSG00000279214,48263179,48262230,949
ENSG00000163913,129520507,129440036,80471
ENSG00000259370,62884034,62827675,56359
ENSG00000185436,24187959,24154168,33791
ENSG00000245694,54929189,54845189,84000
ENSG00000064995,34888089,34877462,10627
ENSG00000285548,50345598,50324643,20955
ENSG00000186446,44737083,44729596,7487
ENSG00000277982,54893917,54877123,16794
ENSG00000179915,51225575,49918503,1307072
ENSG00000106397,101218420,101205977,12443
ENSG00000181803,20641691,20640696,995
ENSG00000138018,26395891,26308547,87344
ENSG00000230902,75689197,75688556,641
ENSG00000243245,32751171,32748582,2589
ENSG00000228444,75632135,75631271,864
ENSG00000065060,34883138,34792015,91123
ENSG00000231939,32755410,32748163,7247
ENSG00000261105,75635994,75604700,31294
ENSG00000118939,75606020,75549480,56540
ENSG00000262237,198678548,198669040,9508
ENSG00000258959,102066228,102036315,29913
ENSG00000262210,198691520,198690621,899
ENSG00000196793,43574618,43556344,18274
ENSG00000236415,31507754,31506943,811
ENSG00000016490,86500289,86468368,31921
ENSG00000233111,37637293,37636688,605
ENSG00000197102,102056443,101964573,91870
ENSG00000226055,37879493,37878116,1377
ENSG00000232454,37836394,37836044,350
ENSG00000232406,36155760,36148726,7034
ENSG00000147912,37576380,37510892,65488
ENSG00000236841,162173223,162159762,13461
ENSG00000110717,68036644,68030617,6027
ENSG00000237976,151348027,151346967,1060
ENSG00000143515,154351304,154325553,25751
ENSG00000223831,30606687,30598309,8378
ENSG00000185339,30627278,30606838,20440
ENSG00000234201,67792895,67791955,940
ENSG00000260118,68014901,68013470,1431
ENSG00000232004,43606251,43604843,1408
ENSG00000243607,126278577,126278257,320
ENSG00000230414,32749425,32748576,849
ENSG00000198298,43617904,43606419,11485
ENSG00000148053,85027070,84668551,358519
ENSG00000173567,26346817,26308173,38644
ENSG00000176842,54934485,54930862,3623
ENSG00000059378,140063721,140023744,39977
ENSG00000230817,83166815,82903183,263632
ENSG00000258818,20701216,20684560,16656
ENSG00000236268,82986208,82973882,12326
ENSG00000182518,55161310,55143102,18208
ENSG00000220008,2292024,2289784,2240
ENSG00000214274,20698971,20684177,14794
ENSG00000130332,2328611,2321520,7091
ENSG00000259711,54954665,54934913,19752
ENSG00000259725,54938671,54937786,885
ENSG00000261553,75807120,75549773,257347
ENSG00000251075,3074514,3063471,11043
ENSG00000107371,37801437,37766978,34459
ENSG00000108384,58735611,58692573,43038
ENSG00000232264,9327116,9325165,1951
ENSG00000269897,22329542,22316388,13154
ENSG00000236480,114537840,114535995,1845
ENSG00000182916,103332326,103330229,2097
ENSG00000258451,20707120,20693480,13640
ENSG00000271027,31330896,31330711,185
ENSG00000224466,86553342,86552625,717
ENSG00000259171,20700576,20684587,15989
ENSG00000153923,86655376,86634273,21103
ENSG00000166246,4749396,4734344,15052
ENSG00000234174,113175360,113171535,3825
ENSG00000127129,41484683,41478775,5908
ENSG00000261616,99145370,99139317,6053
ENSG00000259921,99161140,99157231,3909
ENSG00000125637,113209396,113157325,52071
ENSG00000226855,154379089,154378207,882
ENSG00000230430,9331862,9329911,1951
ENSG00000237920,154379273,154376966,2307
ENSG00000103852,99251223,99136323,114900
ENSG00000256287,20098868,20014780,84088
ENSG00000166173,70854159,70829130,25029
ENSG00000256499,20129813,20120980,8833
ENSG00000238049,103347729,103347462,267
ENSG00000237429,27530561,27525805,4756
ENSG00000285108,129723023,129685401,37622
ENSG00000270815,124778640,124778454,186
ENSG00000185222,103358462,103356489,1973
ENSG00000238046,124680916,124680722,194
ENSG00000155052,124915287,124025287,890000
ENSG00000174899,157677749,157543246,134503
ENSG00000255872,38068687,37588413,480274
ENSG00000256879,20370262,20361732,8530
ENSG00000160712,154469450,154405193,64257
ENSG00000172572,20684381,20369245,315136
ENSG00000164600,31340726,31337465,3261
ENSG00000005206,2355095,2328615,26480
ENSG00000256966,37592469,37512547,79922
ENSG00000175874,101387503,101345550,41953
ENSG00000275599,54858409,54843950,14459
ENSG00000236915,86696311,86571181,125130
ENSG00000016602,86580754,86547078,33676
ENSG00000141294,47837719,47831634,6085
ENSG00000259744,70849770,70848883,887
ENSG00000231418,31421286,31414645,6641
ENSG00000168283,22331484,22321099,10385
ENSG00000274692,54783790,54769275,14515
ENSG00000226058,101376055,101375587,468
ENSG00000271198,99965378,99964529,849
ENSG00000122696,37904353,37879400,24953
ENSG00000263343,31165927,31165648,279
ENSG00000124134,45101127,45091214,9913
ENSG00000262366,31174822,31174573,249
ENSG00000166681,103378077,103376340,1737
ENSG00000285079,65714847,65703962,10885
ENSG00000173137,144393242,144373101,20141
ENSG00000225206,98049863,97933474,116389
ENSG00000122741,37867666,37800554,67112
ENSG00000100029,30607083,30576625,30458
ENSG00000278201,54813989,54802913,11076
ENSG00000103199,4767624,4748239,19385
ENSG00000204356,31959038,31952087,6951
ENSG00000270911,97856825,97855575,1250
ENSG00000230718,97775026,97774669,357
ENSG00000188641,97995000,97077743,917257
ENSG00000248445,116508276,116447547,60729
ENSG00000238070,29077317,29076722,595
ENSG00000106460,12243367,12211270,32097
ENSG00000233687,29087450,29086444,1006
ENSG00000141295,47841289,47837692,3597
ENSG00000239528,116562930,116562562,368
ENSG00000116752,114581629,114567557,14072
ENSG00000230638,41544310,41542069,2241
ENSG00000092421,116574934,116443616,131318
ENSG00000230881,41535868,41535443,425
ENSG00000230806,121398806,121360156,38650
ENSG00000260147,55008306,55007982,324
ENSG00000284895,41628816,41585306,43510
ENSG00000285775,55049318,55045700,3618
ENSG00000127124,42035925,41506365,529560
ENSG00000275129,121315055,121314947,108
ENSG00000103194,84779922,84699978,79944
ENSG00000171943,121392822,121184810,208012
ENSG00000263207,55332967,55332355,612
ENSG00000159387,55330760,55323760,7000
ENSG00000286116,88994249,88990045,4204
ENSG00000035681,58659853,58583508,76345
ENSG00000239716,157978136,157976561,1575
ENSG00000242536,158088997,157814822,274175
ENSG00000196460,101475112,101397359,77753
ENSG00000107796,88991339,88935074,56265
ENSG00000165275,37778972,37753803,25169
ENSG00000266994,4752565,4730115,22450
ENSG00000274897,799185,797511,1674
ENSG00000168096,4734378,4696510,37868
ENSG00000126705,27604431,27534035,70396
ENSG00000256663,20553012,20551590,1422
ENSG00000283423,55322686,55321575,1111
ENSG00000131982,20450083,20449655,428
ENSG00000259283,55333588,55259969,73619
ENSG00000175121,45115172,45109452,5720
ENSG00000285782,83425353,83397568,27785
ENSG00000177542,798281,790475,7806
ENSG00000231364,83462687,83445967,16720
ENSG00000133317,63516774,63506084,10690
ENSG00000237076,83801465,83790280,11185
ENSG00000232878,97322955,97095923,227032
ENSG00000233008,83861023,83575776,285247
ENSG00000226128,97586294,97585862,432
ENSG00000228057,97546958,97545701,1257
ENSG00000228125,68133437,68132868,569
ENSG00000235777,97798066,97796921,1145
ENSG00000186678,55176026,55172717,3309
ENSG00000228328,68071767,68070520,1247
ENSG00000232542,97420141,97394154,25987
ENSG00000227082,121463429,121396754,66675
ENSG00000259946,97968814,97967005,1809
ENSG00000079482,68433913,68042344,391569
ENSG00000071894,144409335,144393229,16106
ENSG00000188610,121185539,121167646,17893
ENSG00000260249,50671639,50666211,5428
ENSG00000180347,31658720,31514071,144649
ENSG00000257256,50229984,50219604,10380
ENSG00000227440,172829176,172828736,440
ENSG00000223826,101486822,101479390,7432
ENSG00000167208,50681353,50666300,15053
ENSG00000050405,50283546,50175788,107758
ENSG00000281091,103408299,103404777,3522
ENSG00000155066,95291308,95274449,16859
ENSG00000234405,103500317,103497523,2794
ENSG00000172476,103519489,103499130,20359
ENSG00000171631,73298617,73264505,34112
ENSG00000188305,2282175,2274631,7544
ENSG00000183723,66696707,66614750,81957
ENSG00000255517,66480233,66473490,6743
ENSG00000185479,52452146,52446651,5495
ENSG00000168517,45170040,45160700,9340
ENSG00000104904,2273490,2269509,3981
ENSG00000228264,154415137,154414369,768
ENSG00000174516,66477337,66466327,11010
ENSG00000180139,88940820,88932390,8430
ENSG00000228013,154406564,154402328,4236
ENSG00000242258,150448140,150433654,14486
ENSG00000229579,9336609,9334658,1951
ENSG00000170465,52473805,52468516,5289
ENSG00000229760,55178737,55178207,530
ENSG00000274283,54830525,54815911,14614
ENSG00000231947,55179999,55179194,805
ENSG00000171115,150479393,150450630,28763
ENSG00000238047,55181277,55180377,900
ENSG00000256045,55182920,55181391,1529
ENSG00000285745,185757048,185756929,119
ENSG00000235902,185675417,185665885,9532
ENSG00000078124,77026797,76860867,165930
ENSG00000233110,185594003,185587909,6094
ENSG00000158639,55224108,55220355,3753
ENSG00000171102,133209250,133205277,3973
ENSG00000271582,150485135,150484061,1074
ENSG00000213205,150513839,150512559,1280
ENSG00000179144,150521073,150514872,6201
ENSG00000254905,126294254,126292922,1332
ENSG00000006459,140176983,140084746,92237
ENSG00000280832,126355587,126340889,14698
ENSG00000237549,101510222,101509530,692
ENSG00000232556,101521976,101520834,1142
ENSG00000255062,126304318,126294298,10020
ENSG00000243853,150542098,150541754,344
ENSG00000286047,101539077,101535601,3476
ENSG00000286101,101567901,101551592,16309
ENSG00000267288,45171584,45168800,2784
ENSG00000110063,126350005,126304060,45945
ENSG00000107338,38069227,37915898,153329
ENSG00000154556,185956652,185585444,371208
ENSG00000141101,69754926,69741871,13055
ENSG00000186834,45152101,45148502,3599
ENSG00000133574,150573953,150567369,6584
ENSG00000248452,26113839,26111865,1974
ENSG00000255431,58344664,58343737,927
ENSG00000276728,45148470,45146730,1740
ENSG00000224505,45161510,45150400,11110
ENSG00000133142,103587736,103576231,11505
ENSG00000164761,118951885,118923557,28328
ENSG00000253576,91977418,91975908,1510
ENSG00000180353,121660927,121631399,29528
ENSG00000180386,41276697,41275659,1038
ENSG00000237183,41280810,41280604,206
ENSG00000175768,37592604,37582646,9958
ENSG00000212658,41302851,41301826,1025
ENSG00000168703,45124465,45123425,1040
ENSG00000212657,41309253,41307700,1553
ENSG00000260231,140179640,140177184,2456
ENSG00000186860,41315695,41314917,778
ENSG00000249167,116591398,116574482,16916
ENSG00000283142,45138976,45137706,1270
ENSG00000257953,57842745,57837092,5653
ENSG00000167476,2269759,2252252,17507
ENSG00000233014,41329545,41323427,6118
ENSG00000175215,57846729,57819927,26802
ENSG00000124102,45176544,45174902,1642
ENSG00000108516,41335733,41334632,1101
ENSG00000224110,129730445,129728744,1701
ENSG00000006059,41350812,41346092,4720
ENSG00000227140,9340995,9339403,1592
ENSG00000279322,25226735,25226448,287
ENSG00000206235,32992541,32975593,16948
ENSG00000197586,25226729,25195693,31036
ENSG00000270914,12017308,12017216,92
ENSG00000186827,1214153,1211340,2813
ENSG00000279622,84924808,84917377,7431
ENSG00000227729,103942561,103940426,2135
ENSG00000103196,84920768,84819985,100783
ENSG00000260734,71442060,71430262,11798
ENSG00000177383,184712002,184710367,1635
ENSG00000169740,43648881,43643860,5021
ENSG00000273734,2341172,2269525,71647
ENSG00000150455,126298845,126283065,15780
ENSG00000272970,184738949,184734075,4874
ENSG00000156414,104052667,103928456,124211
ENSG00000230211,31516145,31515566,579
ENSG00000275932,37518136,37494470,23666
ENSG00000174547,66466738,66435075,31663
ENSG00000220581,27034310,27033435,875
ENSG00000216762,27061249,27060365,884
ENSG00000244048,95172377,95171920,457
ENSG00000226245,43645047,43643872,1175
ENSG00000130724,58555124,58551566,3558
ENSG00000219770,27084147,27083280,867
ENSG00000238263,43631382,43630947,435
ENSG00000244681,95683193,95654423,28770
ENSG00000228426,43667005,43665668,1337
ENSG00000237389,43631564,43630882,682
ENSG00000230565,43648019,43645942,2077
ENSG00000279265,127350293,127349833,460
ENSG00000223910,43674703,43628817,45886
ENSG00000048405,127431924,127346790,85134
ENSG00000106404,101238820,101232092,6728
ENSG00000230830,35651961,35650197,1764
ENSG00000146386,139043302,139028745,14557
ENSG00000235780,9345740,9344148,1592
ENSG00000271568,150604644,150603561,1083
ENSG00000262136,69742563,69727013,15550
ENSG00000232361,150614764,150614061,703
ENSG00000130720,130939286,130902438,36848
ENSG00000231051,9350485,9348893,1592
ENSG00000131738,41369800,41363494,6306
ENSG00000172995,35794496,35638945,155551
ENSG00000133561,150632648,150625375,7273
ENSG00000277729,54797435,54785929,11506
ENSG00000205420,52493257,52487176,6081
ENSG00000278304,54875253,54860710,14543
ENSG00000147697,129786624,129748196,38428
ENSG00000271173,43728728,43728217,511
ENSG00000133321,63546462,63536808,9654
ENSG00000276686,54842109,54832558,9551
ENSG00000257531,50218343,50217662,681
ENSG00000273805,57896846,57894232,2614
ENSG00000257298,50191363,50185580,5783
ENSG00000245651,57896482,57869835,26647
ENSG00000275247,54766832,54754487,12345
ENSG00000131737,41382403,41377650,4753
ENSG00000224162,43732584,43732334,250
ENSG00000177485,120258398,120250752,7646
ENSG00000223746,43742350,43741437,913
ENSG00000234973,43778825,43777562,1263
ENSG00000231637,9355230,9353638,1592
ENSG00000242970,58588764,58588420,344
ENSG00000251694,9359975,9358383,1592
ENSG00000226931,29102025,29100753,1272
ENSG00000228856,9364721,9363129,1592
ENSG00000250895,119653000,119652523,477
ENSG00000163239,154548147,154502219,45928
ENSG00000119440,133228591,133224905,3686
ENSG00000230855,29112810,29112037,773
ENSG00000235491,125765842,125710969,54873
ENSG00000234259,119681080,119680197,883
ENSG00000094796,41397608,41393721,3887
ENSG00000279894,103598904,103596608,2296
ENSG00000286206,125717150,125665331,51819
ENSG00000251293,120333502,120245448,88054
ENSG00000237501,172831229,172830981,248
ENSG00000228698,29138959,29138023,936
ENSG00000261036,120404837,120345907,58930
ENSG00000240296,54269045,54268005,1040
ENSG00000196231,29174718,29173447,1271
ENSG00000254596,66454581,66454234,347
ENSG00000232256,31530587,31529753,834
ENSG00000174165,66546235,66520637,25598
ENSG00000274092,27314101,27313387,714
ENSG00000236658,130945520,130933851,11669
ENSG00000172465,103630953,103628704,2249
ENSG00000226923,31517684,31516169,1515
ENSG00000271671,96245335,96244732,603
ENSG00000144962,173141235,172889357,251878
ENSG00000077238,27364778,27313668,51110
ENSG00000270741,120658371,120658077,294
ENSG00000165917,47449143,47437764,11379
ENSG00000184838,120687332,120464300,223032
ENSG00000175984,114670422,114582848,87574
ENSG00000273403,184742462,184741937,525
ENSG00000112406,139180802,139135080,45722
ENSG00000227587,31534293,31531911,2382
ENSG00000108417,41424523,41420753,3770
ENSG00000124233,45209768,45207033,2735
ENSG00000134461,5889906,5861616,28290
ENSG00000240760,55353088,55352721,367
ENSG00000261737,86704462,86703502,960
ENSG00000102078,130373361,130339888,33473
ENSG00000196507,103629690,103607451,22239
ENSG00000219806,139615204,139614438,766
ENSG00000225925,68476874,68474710,2164
ENSG00000238099,139474596,139468995,5601
ENSG00000234859,41425049,41402416,22633
ENSG00000220379,29182593,29181658,935
ENSG00000226571,139667284,139271362,395922
ENSG00000272922,184743284,184742818,466
ENSG00000233182,29216335,29215392,943
ENSG00000225438,41411775,41406512,5263
ENSG00000227538,42041729,42040597,1132
ENSG00000224633,29291809,29290867,942
ENSG00000254986,66509657,66480013,29644
ENSG00000220924,112685503,112685055,448
ENSG00000229433,184773155,184756389,16766
ENSG00000112459,29307885,29306920,965
ENSG00000097033,86748184,86704570,43614
ENSG00000224031,103626492,103626076,416
ENSG00000205695,139661513,139659928,1585
ENSG00000225073,31534027,31517671,16356
ENSG00000272446,139277181,139159157,118024
ENSG00000248633,112693792,112693459,333
ENSG00000250046,112706810,112693047,13763
ENSG00000260859,84829242,84828263,979
ENSG00000228776,42141391,42140635,756
ENSG00000285848,84856665,84817182,39483
ENSG00000270512,140282920,140282465,455
ENSG00000241002,112739106,112738672,434
ENSG00000241661,140293339,140292752,587
ENSG00000241741,112788878,112788083,795
ENSG00000164442,139374648,139371807,2841
ENSG00000111424,47943048,47841537,101511
ENSG00000282365,190502,182756,7746
ENSG00000254988,76978619,76955417,23202
ENSG00000124157,45224458,45221300,3158
ENSG00000238092,42786595,42781206,5389
ENSG00000273110,154481501,154480012,1489
ENSG00000225877,42826878,42821863,5015
ENSG00000169291,154502412,154469772,32640
ENSG00000248257,42855718,42839368,16350
ENSG00000231125,29060095,29058073,2022
ENSG00000156261,29073797,29055805,17992
ENSG00000174365,38450921,38446578,4343
ENSG00000285747,50838100,50831962,6138
ENSG00000164440,139291998,139240061,51937
ENSG00000124467,42855691,42752686,103005
ENSG00000255096,58349630,58348989,641
ENSG00000163106,94342876,94298535,44341
ENSG00000255333,58354499,58354004,495
ENSG00000044012,42155820,42153410,2410
ENSG00000248896,10771392,10729314,42078
ENSG00000268996,137086817,137084946,1871
ENSG00000258724,10839847,10725399,114448
ENSG00000197786,58359069,58358124,945
ENSG00000254093,10839884,10764961,74923
ENSG00000250500,112798691,112797050,1641
ENSG00000204279,55264846,55258412,6434
ENSG00000270990,150677918,150676833,1085
ENSG00000254295,172957162,172954907,2255
ENSG00000106341,31708455,31687215,21240
ENSG00000204758,172959392,172954786,4606
ENSG00000166896,57959148,57906039,53109
ENSG00000280347,127364759,127359785,4974
ENSG00000224138,127351523,127350128,1395
ENSG00000172345,81324183,81309053,15130
ENSG00000262008,71443856,71443055,801
ENSG00000181785,56038191,56027654,10537
ENSG00000197343,99576453,99558406,18047
ENSG00000184741,56055730,56049785,5945
ENSG00000242525,112525201,112524187,1014
ENSG00000232765,55288785,55279839,8946
ENSG00000218565,139339580,139338018,1562
ENSG00000037241,172969771,172958729,11042
ENSG00000231329,139239653,139144204,95449
ENSG00000187601,55453566,55452105,1461
ENSG00000232042,120273526,120273127,399
ENSG00000257698,57936175,57931528,4647
ENSG00000125355,120311556,120258650,52906
ENSG00000233317,32799050,32798219,831
ENSG00000169057,154137103,154021573,115530
ENSG00000233352,45230191,45229817,374
ENSG00000243995,45233331,45230868,2463
ENSG00000106560,150693641,150685697,7944
ENSG00000232343,32810443,32809613,830
ENSG00000133328,63563379,63552770,10609
ENSG00000254336,157605637,157604707,930
ENSG00000197273,42164745,42162690,2055
ENSG00000240180,5862594,5861805,789
ENSG00000234968,32823307,32822370,937
ENSG00000230721,86785467,86784913,554
ENSG00000205946,9369070,9367874,1196
ENSG00000135549,122726373,122471917,254456
ENSG00000284846,86834169,86821558,12611
ENSG00000243547,96350939,96349554,1385
ENSG00000219492,9388983,9384017,4966
ENSG00000226790,43790387,43789249,1138
ENSG00000241815,96567103,96566357,746
ENSG00000274198,58747340,58747055,285
ENSG00000204351,31969751,31959117,10634
ENSG00000271725,81309391,81303215,6176
ENSG00000226808,43895433,43845261,50172
ENSG00000181704,68537282,68498562,38720
ENSG00000172349,81314058,81159575,154483
ENSG00000124107,45254564,45252239,2325
ENSG00000148123,101325135,101028727,296408
ENSG00000171056,10730511,10723768,6743
ENSG00000260520,71517849,71513863,3986
ENSG00000140835,71538746,71525233,13513
ENSG00000213203,150724284,150716606,7678
ENSG00000131969,50904970,50872053,32917
ENSG00000235847,84778223,84777259,964
ENSG00000259056,84751231,84750769,462
ENSG00000115423,84819589,84516455,303134
ENSG00000175164,133276024,133250401,25623
ENSG00000241134,150750094,150749736,358
ENSG00000128245,31957603,31944522,13081
ENSG00000196329,150750033,150722253,27780
ENSG00000135535,109382467,109366514,15953
ENSG00000261611,71489311,71447600,41711
ENSG00000171204,85636539,85628573,7966
ENSG00000260015,71541825,71539834,1991
ENSG00000167377,71463095,71447597,15498
ENSG00000236132,31817491,31816379,1112
ENSG00000281887,150743646,150716668,26978
ENSG00000233499,58366763,58365836,927
ENSG00000177590,150747728,150746893,835
ENSG00000225444,52390012,52373118,16894
ENSG00000227813,31891434,31890344,1090
ENSG00000120156,27230174,27109141,121033
ENSG00000273408,58388486,58387583,903
ENSG00000257159,57968399,57967058,1341
ENSG00000128254,31945518,31933521,11997
ENSG00000230840,51925833,51925692,141
ENSG00000257668,57984761,57983795,966
ENSG00000231148,31913754,31913143,611
ENSG00000224344,51511483,51511058,425
ENSG00000172769,58406874,58402464,4410
ENSG00000238165,50829678,50829442,236
ENSG00000257541,58093362,58087892,5470
ENSG00000230327,50589415,50588690,725
ENSG00000279134,58098013,58094914,3099
ENSG00000165322,31928876,31805404,123472
ENSG00000236538,52077197,52071355,5842
ENSG00000172365,58428121,58421264,6857
ENSG00000279411,58105935,58103907,2028
ENSG00000259013,101969601,101969364,237
ENSG00000182628,59155260,59109857,45403
ENSG00000241423,58244865,58244378,487
ENSG00000238143,101125921,101125436,485
ENSG00000285404,31956243,31754899,201344
ENSG00000258133,58395138,58394596,542
ENSG00000231918,52407917,51032601,1375316
ENSG00000233973,73355253,73306170,49083
ENSG00000172362,58442758,58439077,3681
ENSG00000283058,50632993,50620963,12030
ENSG00000226366,51927362,51926882,480
ENSG00000223710,51775402,51775258,144
ENSG00000285895,58493480,58491773,1707
ENSG00000115267,162318703,162267074,51629
ENSG00000255299,58505758,58497888,7870
ENSG00000223479,73715214,73635216,79998
ENSG00000285778,73915315,73787370,127945
ENSG00000205537,47901525,47882649,18876
ENSG00000198283,58508105,58507175,930
ENSG00000278385,47906865,47905122,1743
ENSG00000225822,196432530,196431385,1145
ENSG00000110031,58578220,58526871,51349
ENSG00000163960,196432430,196347662,84768
ENSG00000214253,101252316,101239458,12858
ENSG00000100150,31908033,31753867,154166
ENSG00000183291,86914424,86862445,51979
ENSG00000108395,59106921,58982638,124283
ENSG00000279114,122484161,122471923,12238
ENSG00000272472,122644771,122643388,1383
ENSG00000277408,122531436,122531123,313
ENSG00000279349,112528142,112525548,2594
ENSG00000181780,56072049,56071111,938
ENSG00000198134,12111489,12111163,326
ENSG00000132286,6484681,6481501,3180
ENSG00000242405,12155772,12155262,510
ENSG00000225538,56084840,56082801,2039
ENSG00000270857,12249427,12248991,436
ENSG00000121380,12211084,12049844,161240
ENSG00000172154,56094286,56093277,1009
ENSG00000226706,135506447,135503273,3174
ENSG00000258687,50865659,50848122,17537
ENSG00000180284,103652106,103651735,371
ENSG00000122140,135504673,135499984,4689
ENSG00000100504,50944483,50857891,86592
ENSG00000247324,71465941,71462278,3663
ENSG00000125618,113278921,113215997,62924
ENSG00000187189,116254140,116249961,4179
ENSG00000157429,71565089,71464555,100534
ENSG00000260558,66739722,66738238,1484
ENSG00000177239,137109183,137086985,22198
ENSG00000226345,196423522,196423322,200
ENSG00000135720,66751609,66720893,30716
ENSG00000184956,1036718,1012823,23895
ENSG00000188438,9403565,9399204,4361
ENSG00000224817,101708401,101704652,3749
ENSG00000230072,30976820,30975998,822
ENSG00000254531,101348883,101347780,1103
ENSG00000247746,55489202,55484616,4586
ENSG00000138814,101348278,101023409,324869
ENSG00000283977,6508978,6481485,27493
ENSG00000173572,55932336,55891699,40637
ENSG00000132254,6481479,6474683,6796
ENSG00000130725,58558960,58555712,3248
ENSG00000258559,74294425,74289127,5298
ENSG00000160345,135501734,135495181,6553
ENSG00000139155,20753386,20695355,58031
ENSG00000279030,55488777,55486618,2159
ENSG00000260135,55462297,55426797,35500
ENSG00000119688,74303055,74285269,17786
ENSG00000204991,89871319,89818179,53140
ENSG00000274508,55426130,55425574,556
ENSG00000221909,99558536,99546300,12236
ENSG00000087245,55506691,55389700,116991
ENSG00000226727,29888526,29887395,1131
ENSG00000233441,183910936,183895900,15036
ENSG00000244219,99611045,99598267,12778
ENSG00000075234,46294008,46267961,26047
ENSG00000254524,56097384,56097244,140
ENSG00000286018,29064368,29063446,922
ENSG00000227836,96943184,96942299,885
ENSG00000181767,56107658,56103687,3971
ENSG00000113441,97037513,96935394,102119
ENSG00000158077,7071308,7020446,50862
ENSG00000272455,1410618,1409096,1522
ENSG00000255140,56117256,56116639,617
ENSG00000272647,99607810,99558695,49115
ENSG00000225905,1422691,1420245,2446
ENSG00000138777,105474067,105369077,104990
ENSG00000235098,1421769,1418420,3349
ENSG00000285922,98054592,98052077,2515
ENSG00000233557,98077468,98077000,468
ENSG00000226053,98272658,98210747,61911
ENSG00000280040,98661059,98660388,671
ENSG00000248927,120790778,120781218,9560
ENSG00000162627,98760500,98661701,98799
ENSG00000232435,29331292,29329857,1435
ENSG00000251135,121044032,121040090,3942
ENSG00000070018,12267044,12116025,151019
ENSG00000141977,16173525,16161368,12157
ENSG00000198815,42335877,42176539,159338
ENSG00000181761,56123311,56122373,938
ENSG00000254848,56133494,56132666,828
ENSG00000226781,33041721,33041395,326
ENSG00000232867,27210626,27210327,299
ENSG00000236828,32756400,32754940,1460
ENSG00000198947,33339441,31097677,2241764
ENSG00000204568,30626395,30617840,8555
ENSG00000138459,112585579,112561709,23870
ENSG00000257259,58781747,58565959,215788
ENSG00000256349,66533613,66509079,24534
ENSG00000253720,129949394,129939856,9538
ENSG00000258231,58813060,58544124,268936
ENSG00000153310,130017129,129839593,177536
ENSG00000225926,29897650,29897284,366
ENSG00000226940,29899386,29898524,862
ENSG00000115041,95386077,95297327,88750
ENSG00000175175,58985179,58755854,229325
ENSG00000232816,29920003,29917230,2773
ENSG00000226770,127485804,127476883,8921
ENSG00000226563,29917744,29916754,990
ENSG00000174483,66533613,66510606,23007
ENSG00000163807,44761619,44737661,23958
ENSG00000102076,154159032,154144224,14808
ENSG00000249571,29418001,29417055,946
ENSG00000206472,29456852,29425279,31573
ENSG00000224738,59118267,59106598,11669
ENSG00000241462,58899692,58897776,1916
ENSG00000226354,29923300,29923115,185
ENSG00000204692,29449876,29373343,76533
ENSG00000179532,6593758,6497260,96498
ENSG00000254872,1055749,1049880,5869
ENSG00000129680,136256482,136213220,43262
ENSG00000263938,58966727,58965952,775
ENSG00000204689,29440753,29439082,1671
ENSG00000224410,125823315,125823108,207
ENSG00000203520,63621671,63616308,5363
ENSG00000176485,63616883,63573195,43688
ENSG00000204690,29397404,29396336,1068
ENSG00000204569,30618612,30600413,18199
ENSG00000226813,126117985,126110099,7886
ENSG00000002933,150805118,150800403,4715
ENSG00000215474,47251603,47206322,45281
ENSG00000236655,126311927,126311466,461
ENSG00000112461,29431743,29355463,76280
ENSG00000235774,126343992,126308510,35482
ENSG00000260465,66731785,66720897,10888
ENSG00000228826,121510383,121494379,16004
ENSG00000144848,112562046,112532509,29537
ENSG00000248853,121060953,121059244,1709
ENSG00000233432,121503891,121502344,1547
ENSG00000250847,121196210,121195980,230
ENSG00000056736,53865794,53846568,19226
ENSG00000272583,121518829,121518366,463
ENSG00000277008,154176349,154159357,16992
ENSG00000229855,121357398,121199704,157694
ENSG00000213236,126558162,126557435,727
ENSG00000164308,96919716,96875939,43777
ENSG00000279609,105657989,105656369,1620
ENSG00000123562,103688158,103675496,12662
ENSG00000157111,73131809,73120569,11240
ENSG00000170748,7090900,7089027,1873
ENSG00000231752,121575702,121519112,56590
ENSG00000268221,154196135,154182596,13539
ENSG00000116691,12032045,12019466,12579
ENSG00000186051,105663112,105662457,655
ENSG00000130176,11550323,11538767,11556
ENSG00000253785,172976374,172975511,863
ENSG00000255179,7230863,7222933,7930
ENSG00000224857,121580524,121573946,6578
ENSG00000279860,121365314,121363002,2312
ENSG00000258745,50913358,50912226,1132
ENSG00000244088,121576320,121575848,472
ENSG00000262471,4130820,4130555,265
ENSG00000213661,121616807,121616247,560
ENSG00000263105,4183515,4180117,3398
ENSG00000249600,121671872,121671373,499
ENSG00000269570,58612642,58611119,1523
ENSG00000242689,58625733,58622665,3068
ENSG00000186081,52520530,52514575,5955
ENSG00000095209,105776629,105694541,82088
ENSG00000171298,80119881,80101556,18325
ENSG00000186660,58621550,58579063,42487
ENSG00000274962,154213487,154196471,17016
ENSG00000162620,74198187,74026015,172172
ENSG00000189223,113276581,113211522,65059
ENSG00000100151,38075701,38056311,19390
ENSG00000260340,84939603,84928353,11250
ENSG00000166160,154233286,154219756,13530
ENSG00000232486,105760755,105758164,2591
ENSG00000228366,105710781,105710290,491
ENSG00000227527,42338376,42335386,2990
ENSG00000255073,58624639,58579172,45467
ENSG00000235357,79807225,79803583,3642
ENSG00000271976,53861576,53858994,2582
ENSG00000277009,154251288,154233615,17673
ENSG00000214514,41640199,41626327,13872
ENSG00000183801,7511377,7485388,25989
ENSG00000171360,41440921,41436446,4475
ENSG00000084774,27243943,27217369,26574
ENSG00000153786,85011535,84974181,37354
ENSG00000113732,173035445,172983771,51674
ENSG00000171811,132942823,132808392,134431
ENSG00000276118,143343275,143343180,95
ENSG00000251352,180672598,180671892,706
ENSG00000231154,103691772,103687284,4488
ENSG00000236769,43912331,43900891,11440
ENSG00000278683,101273715,101273322,393
ENSG00000248717,180686546,180684766,1780
ENSG00000235129,95368885,95368507,378
ENSG00000279840,47963469,47960497,2972
ENSG00000182707,73875635,73875068,567
ENSG00000279266,20135465,20131730,3735
ENSG00000220918,79855632,79854684,948
ENSG00000214252,101289771,101287482,2289
ENSG00000106565,150801360,150791285,10075
ENSG00000227029,43914236,43912444,1792
ENSG00000232301,101301346,101299578,1768
ENSG00000235128,126680420,126679622,798
ENSG00000236791,180693763,180692832,931
ENSG00000109851,20160613,20156155,4458
ENSG00000136732,126696667,126656133,40534
ENSG00000233395,43944466,43939003,5463
ENSG00000124159,45308529,45293445,15084
ENSG00000232445,101310985,101308346,2639
ENSG00000227034,99008474,99008218,256
ENSG00000170743,7469043,7238778,230265
ENSG00000232825,99243009,99004276,238733
ENSG00000174339,180740099,180739042,1057
ENSG00000117598,99005032,98890245,114787
ENSG00000237590,44261813,44259602,2211
ENSG00000236473,41454055,41448183,5872
ENSG00000167822,56140201,56134721,5480
ENSG00000128581,101321823,101313367,8456
ENSG00000229116,44293709,44282926,10783
ENSG00000108759,41467429,41459811,7618
ENSG00000285974,82182700,82180743,1957
ENSG00000277288,44294649,44292569,2080
ENSG00000140598,82262734,82130233,132501
ENSG00000205116,1427787,1426128,1659
ENSG00000236735,68600473,68600099,374
ENSG00000234463,68645527,68645326,201
ENSG00000272468,27123221,27122657,564
ENSG00000254947,56143387,56142516,871
ENSG00000282810,568471,565674,2797
ENSG00000181752,56160317,56159394,923
ENSG00000124635,27132750,27125897,6853
ENSG00000130052,68725842,68647666,78176
ENSG00000225285,1434573,1430539,4034
ENSG00000230141,33043074,33037640,5434
ENSG00000260616,50803338,50783859,19479
ENSG00000254595,6489377,6488186,1191
ENSG00000225737,31957297,31946626,10671
ENSG00000229758,128200195,128199901,294
ENSG00000251364,7512515,7427266,85249
ENSG00000270269,63632720,63632233,487
ENSG00000256789,63658962,63637677,21285
ENSG00000083799,50801935,50742050,59885
ENSG00000184743,63671921,63624087,47834
ENSG00000171954,15552317,15508525,43792
ENSG00000254328,172987198,172986680,518
ENSG00000225732,30105111,30095634,9477
ENSG00000224168,30103494,30093294,10200
ENSG00000269028,96618236,96617188,1048
ENSG00000106328,127602144,127591409,10735
ENSG00000011600,35908295,35904401,3894
ENSG00000173230,121749767,121663199,86568
ENSG00000181867,121852833,121851882,951
ENSG00000269765,15516836,15515342,1494
ENSG00000235176,30060065,30054063,6002
ENSG00000273472,140757921,140756528,1393
ENSG00000124688,43640952,43629540,11412
ENSG00000105058,16192046,16185380,6666
ENSG00000124171,50756795,50731580,25215
ENSG00000107562,44386493,44370165,16328
ENSG00000277095,143386122,143354191,31931
ENSG00000277702,143420207,143419625,582
ENSG00000004059,127591700,127588386,3314
ENSG00000264145,143450245,143449571,674
ENSG00000274927,143498767,143461221,37546
ENSG00000242943,143488353,143487772,581
ENSG00000249089,39022558,39022411,147
ENSG00000260290,69757937,69756536,1401
ENSG00000145623,38945596,38845858,99738
ENSG00000091129,108456717,108147623,309094
ENSG00000223495,143499102,143498785,317
ENSG00000235887,143500512,143499187,1325
ENSG00000139648,52553147,52543909,9238
ENSG00000107831,101780369,101770130,10239
ENSG00000227411,101339347,101334084,5263
ENSG00000157800,140404433,140293693,110740
ENSG00000261217,33991551,33988406,3145
ENSG00000236763,101356844,101356466,378
ENSG00000247121,96935809,96814028,121781
ENSG00000259990,34013830,34013394,436
ENSG00000255217,56165921,56165500,421
ENSG00000136881,101383519,101360417,23102
ENSG00000283065,34015477,34015260,217
ENSG00000179363,103714032,103710909,3123
ENSG00000228827,51903850,51903338,512
ENSG00000174957,56177556,56176618,938
ENSG00000261197,34051363,34051140,223
ENSG00000267272,87169198,87129765,39433
ENSG00000230213,56189251,56188379,872
ENSG00000188828,103728655,103707224,21431
ENSG00000232951,51922499,51921864,635
ENSG00000229780,154555017,154553609,1408
ENSG00000160714,154559028,154548577,10451
ENSG00000262561,34120677,34120470,207
ENSG00000241103,94370163,94369833,330
ENSG00000179403,1442882,1434861,8021
ENSG00000237528,51923740,51923552,188
ENSG00000237473,173336965,173153737,183228
ENSG00000223590,31034648,31028368,6280
ENSG00000124232,45317824,45306840,10984
ENSG00000261440,34136792,34135736,1056
ENSG00000230328,101361242,101358932,2310
ENSG00000234502,101376603,101375344,1259
ENSG00000203825,143572834,143541768,31066
ENSG00000232562,51980012,51979223,789
ENSG00000185739,4242080,4189374,52706
ENSG00000170484,52573825,52565782,8043
ENSG00000218754,96619831,96619304,527
ENSG00000267033,16189458,16186276,3182
ENSG00000231474,31080324,31055372,24952
ENSG00000241018,96754671,96753185,1486
ENSG00000254247,118982875,118982579,296
ENSG00000213604,56205625,56205125,500
ENSG00000176243,96777683,96776945,738
ENSG00000254658,56215222,56208985,6237
ENSG00000225568,87046700,87045875,825
ENSG00000172426,43672600,43645036,27564
ENSG00000237894,31104804,31098369,6435
ENSG00000235251,87045871,87044935,936
ENSG00000181718,56234255,56231282,2973
ENSG00000267734,86934891,86932199,2692
ENSG00000254278,119068782,119062942,5840
ENSG00000267561,87169204,86993009,176195
ENSG00000184374,119108455,118995452,113003
ENSG00000280161,180811384,180810401,983
ENSG00000231624,31157469,31156133,1336
ENSG00000153936,87109982,86914635,195347
ENSG00000131446,180815652,180784782,30870
ENSG00000113083,122078360,122063195,15165
ENSG00000164434,122784074,122779716,4358
ENSG00000139131,32755902,32727490,28412
ENSG00000128165,50486440,50481543,4897
ENSG00000237524,126902097,126898864,3233
ENSG00000285586,79870483,79868402,2081
ENSG00000147676,119245673,119165034,80639
ENSG00000233835,79874610,79871873,2737
ENSG00000242317,55505261,55493830,11431
ENSG00000257511,32727387,32726383,1004
ENSG00000087470,32745650,32679200,66450
ENSG00000233894,74469543,74468195,1348
ENSG00000110237,73369388,73308289,61099
ENSG00000116783,74544428,74235387,309041
ENSG00000232267,68772578,68771322,1256
ENSG00000096080,43687791,43671303,16488
ENSG00000237114,31165363,31160057,5306
ENSG00000213740,68785066,68783472,1594
ENSG00000233739,38073940,38057180,16760
ENSG00000276194,37749771,37690967,58804
ENSG00000182141,21329425,21291160,38265
ENSG00000253972,119246848,119215111,31737
ENSG00000251599,73150592,73132008,18584
ENSG00000188716,75058514,75037836,20678
ENSG00000172489,56253222,56252200,1022
ENSG00000250747,73152938,73152416,522
ENSG00000164325,73175143,73173193,1950
ENSG00000285810,75055754,75041876,13878
ENSG00000234605,31184282,31182466,1816
ENSG00000262484,38912158,38908980,3178
ENSG00000268521,21289998,21289554,444
ENSG00000196268,21427573,21397119,30454
ENSG00000231094,31184970,31159671,25299
ENSG00000181698,56276819,56274154,2665
ENSG00000231044,31946638,31939633,7005
ENSG00000179571,143635641,143595216,40425
ENSG00000224108,30028160,30026870,1290
ENSG00000181693,56292254,56288462,3792
ENSG00000214089,44415153,44414649,504
ENSG00000230915,29953727,29951762,1965
ENSG00000242945,53605725,53605254,471
ENSG00000230745,29967605,29965942,1663
ENSG00000264296,54142577,54142133,444
ENSG00000231834,29934849,29930208,4641
ENSG00000215915,1470158,1449689,20469
ENSG00000226028,143620527,143619994,533
ENSG00000243303,21854987,21854640,347
ENSG00000101752,21870957,21704957,166000
ENSG00000147262,130385660,130384345,1315
ENSG00000120949,12144207,12063303,80904
ENSG00000268119,21463908,21444241,19667
ENSG00000076201,47413435,47381011,32424
ENSG00000243150,158571066,158545220,25846
ENSG00000226174,105450106,105398538,51568
ENSG00000268322,21318719,21318161,558
ENSG00000280010,58628528,58627435,1093
ENSG00000268240,21594628,21587432,7196
ENSG00000277143,158336777,158336430,347
ENSG00000179562,127593611,127580628,12983
ENSG00000243314,158496934,158496561,373
ENSG00000240522,21150438,21149648,790
ENSG00000241723,158276421,158275809,612
ENSG00000170486,52601538,52585589,15949
ENSG00000164327,39074399,38937920,136479
ENSG00000196705,21196053,21142024,54029
ENSG00000071054,101894689,101696850,197839
ENSG00000174891,158545730,158105855,439875
ENSG00000160349,135526532,135521438,5094
ENSG00000118507,131283535,131135467,148068
ENSG00000257270,105470617,105467793,2824
ENSG00000139263,58920522,58872149,48373
ENSG00000182979,105470729,105419820,50909
ENSG00000233175,45241734,45238028,3706
ENSG00000257038,73309361,73307235,2126
ENSG00000270549,62530873,62530636,237
ENSG00000213703,62641667,62641122,545
ENSG00000115816,37231596,37201612,29984
ENSG00000184922,45247319,45221444,25875
ENSG00000269516,15584709,15564074,20635
ENSG00000151304,122075570,121961961,113609
ENSG00000185631,128203775,128203361,414
ENSG00000238180,128218072,128217588,484
ENSG00000136897,101398618,101387633,10985
ENSG00000170153,141212877,140859807,353070
ENSG00000136720,128318868,128236716,82152
ENSG00000265142,21831410,21825487,5923
ENSG00000160683,118897799,118883766,14033
ENSG00000131042,54281184,54273821,7363
ENSG00000249743,73294934,73213947,80987
ENSG00000277022,45448325,45435272,13053
ENSG00000227653,128519177,128518788,389
ENSG00000269237,21491266,21405159,86107
ENSG00000230079,136300298,136295690,4608
ENSG00000245869,118887742,118885841,1901
ENSG00000118620,21060050,21020634,39416
ENSG00000237532,128581576,128580491,1085
ENSG00000110375,118958559,118925164,33395
ENSG00000238277,129071725,129063846,7879
ENSG00000138653,115113876,114827763,286113
ENSG00000255461,56297471,56296541,930
ENSG00000204460,129273848,129242173,31675
ENSG00000186049,52618559,52607570,10989
ENSG00000157593,44257890,44254096,3794
ENSG00000162621,74512614,74469878,42736
ENSG00000233428,129496788,129496297,491
ENSG00000280314,56320639,56315144,5495
ENSG00000229536,129877553,129825126,52427
ENSG00000230171,80126317,80125941,376
ENSG00000259144,20723127,20720742,2385
ENSG00000259030,74544393,74198235,346158
ENSG00000227875,12080547,12080293,254
ENSG00000116863,36093932,36088892,5040
ENSG00000231526,32838824,32832954,5870
ENSG00000285604,12092264,12088441,3823
ENSG00000270767,44488445,44488335,110
ENSG00000172594,122809720,122789049,20671
ENSG00000234580,44602104,44591208,10896
ENSG00000186174,118925608,118893875,31733
ENSG00000239836,33033347,32997896,35451
ENSG00000227395,44808223,44806443,1780
ENSG00000156920,136416888,136300963,115925
ENSG00000218857,131185486,131184325,1161
ENSG00000258963,20735011,20734578,433
ENSG00000269839,21245241,21225098,20143
ENSG00000257495,52615305,52601467,13838
ENSG00000268081,21569237,21554640,14597
ENSG00000181562,20748380,20745892,2488
ENSG00000138068,37196598,37167820,28778
ENSG00000269012,20965140,20961057,4083
ENSG00000268658,21503238,21483374,19864
ENSG00000179709,55988629,55947832,40797
ENSG00000149124,58731974,58640426,91548
ENSG00000260634,127025723,127024252,1471
ENSG00000260163,127029686,127025211,4475
ENSG00000189129,80145359,80131682,13677
ENSG00000268357,21124188,21123817,371
ENSG00000271598,21026041,21025915,126
ENSG00000268892,21222746,21221645,1101
ENSG00000274503,21593041,21592727,314
ENSG00000234548,186450701,186439276,11425
ENSG00000197013,21556270,21496682,59588
ENSG00000273363,44959458,44958917,541
ENSG00000124243,50882676,50794894,87782
ENSG00000187783,44937010,44911316,25694
ENSG00000218739,37216193,37196488,19705
ENSG00000134597,130413656,130401987,11669
ENSG00000233931,30139132,30126512,12620
ENSG00000226859,186478370,186476727,1643
ENSG00000224406,186493661,186454982,38679
ENSG00000171487,56061813,55999726,62087
ENSG00000254722,56332488,56331347,1141
ENSG00000165507,44978810,44970981,7829
ENSG00000255134,56336068,56335142,926
ENSG00000234694,43358658,43354684,3974
ENSG00000268995,21188953,21188598,355
ENSG00000206471,29464109,29456962,7147
ENSG00000150261,56347031,56345945,1086
ENSG00000156858,30656440,30650717,5723
ENSG00000251308,115143303,115142982,321
ENSG00000160352,21125270,21082159,43111
ENSG00000197254,58691861,58685086,6775
ENSG00000250693,115629707,115628812,895
ENSG00000234504,44920220,44899614,20606
ENSG00000225714,31185837,31185651,186
ENSG00000242208,56358221,56357328,893
ENSG00000224812,44959689,44811024,148665
ENSG00000172487,56361511,56354291,7220
ENSG00000237574,129946703,129923177,23526
ENSG00000214100,129934317,129922863,11454
ENSG00000164463,173139284,173056352,82932
ENSG00000107551,44995891,44959407,36484
ENSG00000226173,33007738,32998969,8769
ENSG00000232362,122859988,122859678,310
ENSG00000234559,129940217,129939848,369
ENSG00000134046,54224669,54151606,73063
ENSG00000118402,79947553,79914814,32739
ENSG00000225449,129980466,129966592,13874
ENSG00000233159,37194737,37194382,355
ENSG00000146352,123072925,122996235,76690
ENSG00000146232,44265788,44258166,7622
ENSG00000272054,37212677,37208875,3802
ENSG00000244302,179921895,179898229,23666
ENSG00000222014,129982738,129979664,3074
ENSG00000230043,50840749,50840615,134
ENSG00000243799,179881609,179875376,6233
ENSG00000283631,20317783,20311838,5945
ENSG00000183971,2020755,2009926,10829
ENSG00000270178,179804366,179804063,303
ENSG00000283400,20492349,20443326,49023
ENSG00000285652,122996061,122975198,20863
ENSG00000268598,21064261,21063924,337
ENSG00000268555,21587322,21570822,16500
ENSG00000278954,41668031,41665566,2465
ENSG00000114757,180037053,179794958,242095
ENSG00000268747,21276332,21276023,309
ENSG00000168779,158106503,158095954,10549
ENSG00000279404,20928714,20926777,1937
ENSG00000230023,24211693,24200240,11453
ENSG00000286104,58601316,58575445,25871
ENSG00000242291,21233652,21233335,317
ENSG00000286058,130051131,130026845,24286
ENSG00000122136,135549969,135546139,3830
ENSG00000172687,21379302,21358930,20372
ENSG00000234856,29469587,29464377,5210
ENSG00000227668,29475852,29474806,1046
ENSG00000134899,102876001,102807146,68855
ENSG00000240666,155183285,155158370,24915
ENSG00000228948,105851425,105849710,1715
ENSG00000132394,128408646,128153481,255165
ENSG00000232721,143739506,143736066,3440
ENSG00000269032,58586356,58586158,198
ENSG00000254820,22117001,22113448,3553
ENSG00000255372,22262256,22261209,1047
ENSG00000213753,58605223,58573503,31720
ENSG00000223779,143760669,143745249,15420
ENSG00000196549,155183729,155024124,159605
ENSG00000171714,22283357,21799934,483423
ENSG00000206470,29487683,29486547,1136
ENSG00000217289,129994040,129992889,1151
ENSG00000286026,130028412,129990456,37956
ENSG00000284619,129990530,129988158,2372
ENSG00000223376,29489457,29489052,405
ENSG00000234999,24906594,24906135,459
ENSG00000231147,130009123,130006200,2923
ENSG00000184611,162838730,162371407,467323
ENSG00000213976,21387177,21382865,4312
ENSG00000253439,173086210,173085342,868
ENSG00000099326,58573575,58561931,11644
ENSG00000180178,130040560,130012065,28495
ENSG00000105750,20950697,20923222,27475
ENSG00000070882,24981634,24796540,185094
ENSG00000267278,45268630,45247925,20705
ENSG00000250207,129993105,129992602,503
ENSG00000248313,130049440,130048426,1014
ENSG00000231240,130038422,130036958,1464
ENSG00000074416,128052190,127689062,363128
ENSG00000102239,136493780,136487947,5833
ENSG00000146955,140426250,140404043,22207
ENSG00000198373,69941741,69762306,179435
ENSG00000272442,44378957,44273194,105763
ENSG00000070985,2423045,2404515,18530
ENSG00000124608,44313347,44298731,14616
ENSG00000168214,26435131,26163455,271676
ENSG00000236488,33033608,33032931,677
ENSG00000237324,74378802,74341579,37223
ENSG00000115271,162371595,162318840,52755
ENSG00000231591,33000255,32997846,2409
ENSG00000267121,45222222,45190931,31291
ENSG00000102241,136512346,136497079,15267
ENSG00000254685,74234086,74198212,35874
ENSG00000232298,24321901,24307556,14345
ENSG00000237882,75089725,75089248,477
ENSG00000001461,24472976,24415802,57174
ENSG00000269600,58599355,58593896,5459
ENSG00000267858,58574797,58559129,15668
ENSG00000172199,56376553,56375624,929
ENSG00000223462,44955725,44937508,18217
ENSG00000006062,45317145,45263119,54026
ENSG00000236443,32998463,32994477,3986
ENSG00000007350,154330350,154295795,34555
ENSG00000254317,129844504,129832301,12203
ENSG00000213940,53207176,53206561,615
ENSG00000145247,48906937,48885019,21918
ENSG00000243402,129865052,129864478,574
ENSG00000254263,129901758,129890465,11293
ENSG00000160072,1497848,1471769,26079
ENSG00000171202,85656547,85647967,8580
ENSG00000218582,79954011,79953005,1006
ENSG00000232773,9429702,9422313,7389
ENSG00000173812,41692668,41688885,3783
ENSG00000141579,82840022,82829434,10588
ENSG00000271182,21635175,21634833,342
ENSG00000268731,21381921,21381220,701
ENSG00000039600,157671480,157625679,45801
ENSG00000268278,21656300,21637974,18326
ENSG00000268705,21521896,21521343,553
ENSG00000268326,20983210,20972262,10948
ENSG00000249481,44377167,44342660,34507
ENSG00000197079,41481140,41476689,4451
ENSG00000282720,389829,386179,3650
ENSG00000263267,364923,362640,2283
ENSG00000262339,82981738,82978525,3213
ENSG00000131401,50344767,50333796,10971
ENSG00000282634,390528,384081,6447
ENSG00000263098,82796095,82795486,609
ENSG00000282030,353888,352806,1082
ENSG00000262663,82918785,82918282,503
ENSG00000126337,41492546,41486136,6410
ENSG00000141556,82945914,82752065,193849
ENSG00000262334,419308,217541,201767
ENSG00000279750,52055684,52053176,2508
ENSG00000182776,52054255,52050860,3395
ENSG00000185915,21658330,21654690,3640
ENSG00000260087,34139543,34139189,354
ENSG00000178233,44307506,44270466,37040
ENSG00000229346,30151326,30142335,8991
ENSG00000259987,34142006,34141256,750
ENSG00000283546,21163726,21131496,32230
ENSG00000231913,21422294,21421822,472
ENSG00000260207,34142849,34142456,393
ENSG00000113812,53882152,53867066,15086
ENSG00000156931,185052614,184812143,240471
ENSG00000270120,50713589,50712844,745
ENSG00000256642,34160036,34158585,1451
ENSG00000198650,71577092,71565660,11432
ENSG00000261644,50742815,50727417,15398
ENSG00000279800,34268649,34266041,2608
ENSG00000284209,34371659,34353616,18043
ENSG00000279165,34943880,34941977,1903
ENSG00000149970,21654695,21372801,281894
ENSG00000220311,79964519,79964215,304
ENSG00000260854,34979844,34978744,1100
ENSG00000167207,50734041,50693588,40453
ENSG00000186146,9450514,9444534,5980
ENSG00000184361,45262094,45254393,7701
ENSG00000262885,35023765,35023339,426
ENSG00000146221,44297698,44278734,18964
ENSG00000261566,35024250,35022851,1399
ENSG00000204031,133318469,133317794,675
ENSG00000225067,15612122,15611657,465
ENSG00000179755,35024229,35021749,2480
ENSG00000267135,15611909,15611623,286
ENSG00000248364,9460244,9459255,989
ENSG00000131408,50383387,50329653,53734
ENSG00000284689,9469983,9468974,1009
ENSG00000136870,101410660,101398873,11787
ENSG00000227886,29510338,29497291,13047
ENSG00000281708,55659382,55657206,2176
ENSG00000078808,1232031,1216908,15123
ENSG00000187672,56468467,55508311,960156
ENSG00000187243,52069248,52061827,7421
ENSG00000233483,45251129,45245186,5943
ENSG00000234229,106702662,106664754,37908
ENSG00000234323,106740875,105993310,747565
ENSG00000239608,128079056,128075810,3246
ENSG00000126243,35945767,35935358,10409
ENSG00000237750,162797972,162768936,29036
ENSG00000058262,128071683,128051641,20042
ENSG00000177595,809753,799179,10574
ENSG00000187908,122643736,122560665,83071
ENSG00000001460,24416934,24356999,59935
ENSG00000225002,106064825,106061354,3471
ENSG00000228143,106722930,106722350,580
ENSG00000237062,106615806,106615078,728
ENSG00000260886,71578187,71565789,12398
ENSG00000274780,612474,576501,35973
ENSG00000229297,106591952,106584142,7810
ENSG00000260273,109383666,109382795,871
ENSG00000233857,29533357,29529209,4148
ENSG00000269433,154271805,154257538,14267
ENSG00000228993,29538576,29537493,1083
ENSG00000232049,29553977,29553030,947
ENSG00000254903,56382589,56381635,954
ENSG00000224087,130109741,130107684,2057
ENSG00000228471,130082220,130082092,128
ENSG00000255466,56394648,56393729,919
ENSG00000109854,20383783,20363685,20098
ENSG00000196604,130129222,130074030,55192
ENSG00000266951,15614553,15613247,1306
ENSG00000080224,97752460,96814581,937879
ENSG00000224367,59069338,58996734,72604
ENSG00000278057,154295853,154271265,24588
ENSG00000231745,29990447,29989570,877
ENSG00000225086,30002254,30001259,995
ENSG00000235394,30056801,29996148,60653
ENSG00000172046,49120938,49108046,12892
ENSG00000197575,116716650,116716243,407
ENSG00000251311,116762209,116742991,19218
ENSG00000277516,55520714,55520382,332
ENSG00000235136,55600106,55599663,443
ENSG00000249150,116830187,116820993,9194
ENSG00000250650,117019679,117019548,131
ENSG00000258839,89920977,89912119,8858
ENSG00000242352,143769083,143766540,2543
ENSG00000136872,101449664,101420560,29104
ENSG00000270962,143784671,143784376,295
ENSG00000102243,136556807,136532215,24592
ENSG00000263590,143797108,143790010,7098
ENSG00000233430,143825837,143811359,14478
ENSG00000233061,83984300,83979118,5182
ENSG00000143416,151372707,151364304,8403
ENSG00000237503,143846504,143846097,407
ENSG00000198211,89936092,89919165,16927
ENSG00000137941,83999150,83865024,134126
ENSG00000251602,105419739,105416884,2855
ENSG00000267048,89918233,89906157,12076
ENSG00000104835,38930896,38915266,15630
ENSG00000141002,89913627,89873570,40057
ENSG00000268074,143930382,143929994,388
ENSG00000265531,143883575,143874793,8782
ENSG00000090776,68842160,68829021,13139
ENSG00000240929,143904650,143875171,29479
ENSG00000230186,143934776,143905487,29289
ENSG00000203818,143905966,143905556,410
ENSG00000273213,143905964,143894544,11420
ENSG00000234571,143885076,143877731,7345
ENSG00000221930,130496588,130494965,1623
ENSG00000274775,130524257,130445085,79172
ENSG00000187715,127987671,127915232,72439
ENSG00000258120,52634456,52632866,1590
ENSG00000168878,85668741,85657314,11427
ENSG00000089847,4224814,4183354,41460
ENSG00000129071,129440179,129430944,9235
ENSG00000271677,130546474,130545586,888
ENSG00000250884,9484702,9483718,984
ENSG00000251624,9498066,9493736,4330
ENSG00000249866,9513874,9512905,969
ENSG00000172867,52652211,52644558,7653
ENSG00000187658,157680158,157671533,8625
ENSG00000223439,30005094,30001721,3373
ENSG00000249443,9522276,9521910,366
ENSG00000260185,71664212,71655027,9185
ENSG00000196787,27135291,27133042,2249
ENSG00000260593,71626816,71623708,3108
ENSG00000040199,71724701,71637835,86866
ENSG00000240777,55613104,55610603,2501
ENSG00000148296,133336188,133328776,7412
ENSG00000158055,24364482,24319322,45160
ENSG00000276180,27139881,27138588,1293
ENSG00000175792,128153914,128064778,89136
ENSG00000268433,21678221,21677550,671
ENSG00000197903,27146798,27146418,380
ENSG00000282632,37807292,37803402,3890
ENSG00000268535,21710191,21709522,669
ENSG00000263513,143971965,143955364,16601
ENSG00000224362,29988738,29988342,396
ENSG00000226109,29932015,29931024,991
ENSG00000282630,37888896,37832458,56438
ENSG00000227647,29973553,29970259,3294
ENSG00000259211,40466726,40464193,2533
ENSG00000259364,40454639,40453444,1195
ENSG00000268117,21720035,21719801,234
ENSG00000277232,46296660,46295143,1517
ENSG00000140320,40468236,40439721,28515
ENSG00000232357,33377191,33375002,2189
ENSG00000261307,47558383,47501172,57211
ENSG00000279367,47503106,47501172,1934
ENSG00000267761,47594550,47285725,308825
ENSG00000270872,144068350,143975087,93263
ENSG00000251172,97481506,97481177,329
ENSG00000168384,33114235,33098041,16194
ENSG00000284648,9532647,9532429,218
ENSG00000267786,35959192,35947115,12077
ENSG00000267113,35957382,35957121,261
ENSG00000267388,35964063,35960512,3551
ENSG00000198788,1110511,1074875,35636
ENSG00000263375,21594180,21592794,1386
ENSG00000260157,21641536,21614487,27049
ENSG00000050555,131094473,131009174,85299
ENSG00000264617,21657633,21655843,1790
ENSG00000274748,21678418,21678086,332
ENSG00000238188,130646325,130645723,602
ENSG00000230483,2407908,2404515,3393
ENSG00000165675,130903317,130623369,279948
ENSG00000274997,27147515,27147129,386
ENSG00000253684,33641939,33641581,358
ENSG00000240738,33860223,33859480,743
ENSG00000188512,33969879,33969567,312
ENSG00000218153,116458669,116457323,1346
ENSG00000244158,116463692,116460739,2953
ENSG00000253642,34039008,33604856,434152
ENSG00000285831,53326565,53297872,28693
ENSG00000269845,21753438,21750747,2691
ENSG00000253695,10846501,10840576,5925
ENSG00000285446,116463696,116399395,64301
ENSG00000250949,117038569,117031200,7369
ENSG00000197020,21767579,21722771,44808
ENSG00000240052,53414260,53413504,756
ENSG00000188820,116463771,116461370,2401
ENSG00000267215,59084981,59081924,3057
ENSG00000280294,10859436,10856085,3351
ENSG00000254194,34009595,33973701,35894
ENSG00000243758,117301442,117301104,338
ENSG00000285809,117330149,117313085,17064
ENSG00000253569,33723079,33722305,774
ENSG00000248663,117546298,117415509,130789
ENSG00000231288,33113320,33112911,409
ENSG00000260458,21704612,21692523,12089
ENSG00000230763,33120645,33109380,11265
ENSG00000120160,27297150,27284654,12496
ENSG00000283566,21783465,21773754,9711
ENSG00000189241,116279903,116267760,12143
ENSG00000265233,22056755,22056587,168
ENSG00000265019,22070538,22061961,8577
ENSG00000244625,26780207,26672747,107460
ENSG00000263563,22205154,22090743,114411
ENSG00000253389,41665566,41660991,4575
ENSG00000111817,116444860,116254173,190687
ENSG00000184502,41715969,41712331,3638
ENSG00000284240,87264741,87212669,52072
ENSG00000145293,82461177,82430590,30587
ENSG00000029534,41896762,41653220,243542
ENSG00000283945,27284869,27245680,39189
ENSG00000267156,47630848,47630112,736
ENSG00000267187,47703745,47703175,570
ENSG00000181191,69165793,69160851,4942
ENSG00000186526,15630638,15615218,15420
ENSG00000275153,37939442,37928493,10949
ENSG00000075218,46330810,46296870,33940
ENSG00000225783,26676475,26646428,30047
ENSG00000254926,58761053,58748999,12054
ENSG00000255265,58796854,58796237,617
ENSG00000254717,58893460,58878302,15158
ENSG00000177181,42424232,42380792,43440
ENSG00000231965,11175570,11175051,519
ENSG00000254936,11126064,11123381,2683
ENSG00000156689,58904215,58834065,70150
ENSG00000269918,11106704,11104691,2013
ENSG00000143013,87348923,87328880,20043
ENSG00000171044,11201366,10896045,305321
ENSG00000235002,42412794,42412398,396
ENSG00000285619,128194452,128181402,13050
ENSG00000161888,11155808,11131520,24288
ENSG00000260878,46244215,46243548,667
ENSG00000216671,35084313,35040164,44149
ENSG00000265935,73663848,73662568,1280
ENSG00000278138,35085060,35068211,16849
ENSG00000261053,35086119,35085896,223
ENSG00000254556,11138607,11136898,1709
ENSG00000255085,144708517,144700353,8164
ENSG00000260809,35104834,35090501,14333
ENSG00000254839,11067089,11062647,4442
ENSG00000263574,73756557,73737854,18703
ENSG00000255310,11109726,11107788,1938
ENSG00000219776,131469536,131469059,477
ENSG00000205138,35996315,35995199,1116
ENSG00000224758,132962237,132961340,897
ENSG00000234721,73800793,73786802,13991
ENSG00000232903,132965289,132943967,21322
ENSG00000167768,52680407,52674736,5671
ENSG00000154678,32299329,31751179,548150
ENSG00000240707,132976354,132965534,10820
ENSG00000259979,35118956,35118238,718
ENSG00000177338,73828520,73750330,78190
ENSG00000269547,38949855,38915404,34451
ENSG00000189299,55625325,55623400,1925
ENSG00000172186,69174717,69174124,593
ENSG00000167637,43852017,43827321,24696
ENSG00000136999,119424434,119416446,7988
ENSG00000215162,69209924,69179557,30367
ENSG00000256925,133088491,133083073,5418
ENSG00000231706,69485652,69485343,309
ENSG00000268681,49502639,49502432,207
ENSG00000233558,116259115,116258493,622
ENSG00000276674,144086098,144085628,470
ENSG00000269486,38938632,38935297,3335
ENSG00000197177,133131675,133070929,60746
ENSG00000281360,197468515,197458404,10111
ENSG00000217241,116453565,116453014,551
ENSG00000269190,38975742,38941401,34341
ENSG00000275075,144168850,144168752,98
ENSG00000242034,9553985,9553614,371
ENSG00000254540,22362294,22361213,1081
ENSG00000280611,197458322,197445061,13261
ENSG00000275767,144211729,144179777,31952
ENSG00000254768,22338245,22283730,54515
ENSG00000280749,197456654,197450327,6327
ENSG00000253798,157690878,157682985,7893
ENSG00000113734,173164387,173144442,19945
ENSG00000253398,119462350,119419910,42440
ENSG00000280552,20355479,20347019,8460
ENSG00000244004,9563950,9563171,779
ENSG00000091664,22379503,22338097,41406
ENSG00000249799,9584131,9583942,189
ENSG00000232527,144250288,144227030,23258
ENSG00000284825,167121527,167114957,6570
ENSG00000256812,55567687,55566672,1015
ENSG00000131400,50365830,50358477,7353
ENSG00000250942,9677934,9677308,626
ENSG00000140832,71642114,71626161,15953
ENSG00000112486,167139696,167111807,27889
ENSG00000087253,55586666,55509072,77594
ENSG00000186234,9702954,9692495,10459
ENSG00000258947,89938761,89921392,17369
ENSG00000188981,3271738,3244369,27369
ENSG00000130164,11133816,11089362,44454
ENSG00000251087,9710812,9703754,7058
ENSG00000186529,15662825,15640897,21928
ENSG00000189182,52703463,52689626,13837
ENSG00000011052,51171744,51153590,18154
ENSG00000176022,1235041,1232226,2815
ENSG00000260724,35135075,35134514,561
ENSG00000261800,35144881,35143722,1159
ENSG00000134901,102798976,102784281,14695
ENSG00000261513,71724230,71723180,1050
ENSG00000280180,35154366,35148636,5730
ENSG00000261461,35170241,35169692,549
ENSG00000261608,35174093,35173316,777
ENSG00000263612,144714845,144713899,946
ENSG00000260073,35195661,35192687,2974
ENSG00000113272,157741449,157731420,10029
ENSG00000260590,35193734,35193335,399
ENSG00000236378,135808466,135807148,1318
ENSG00000272980,167139141,166999405,139736
ENSG00000226386,34816386,34815767,619
ENSG00000170482,139384553,139367196,17357
ENSG00000243141,12339254,12338776,478
ENSG00000257700,52696788,52692605,4183
ENSG00000128626,38933162,38930548,2614
ENSG00000285730,166999511,166995735,3776
ENSG00000111261,12350242,12326056,24186
ENSG00000227598,166999065,166969626,29439
ENSG00000198169,144756417,144720907,35510
ENSG00000284914,167131572,167126223,5349
ENSG00000213066,167094789,166999317,95472
ENSG00000276756,144305180,144276484,28696
ENSG00000152076,130145134,130139287,5847
ENSG00000101639,13125052,12991362,133690
ENSG00000175658,144277993,144274892,3101
ENSG00000274529,28365244,28364268,976
ENSG00000261398,35197544,35195779,1765
ENSG00000228659,131058146,130981590,76556
ENSG00000244045,28363683,28357642,6041
ENSG00000257402,52721655,52715567,6088
ENSG00000092531,42545356,42491233,54123
ENSG00000225181,15552885,15552157,728
ENSG00000188659,82284930,82262810,22120
ENSG00000232525,34875422,34875210,212
ENSG00000230935,14003699,14003508,191
ENSG00000261010,35255633,35255192,441
ENSG00000260967,35222048,35221583,465
ENSG00000131398,50333515,50311937,21578
ENSG00000213724,34966259,34965069,1190
ENSG00000101251,13996443,13849247,147196
ENSG00000224042,117264388,117263917,471
ENSG00000261752,35259629,35258630,999
ENSG00000230785,117264888,117262918,1970
ENSG00000260958,35284146,35207937,76209
ENSG00000134897,102841533,102799119,42414
ENSG00000149091,46380554,46332905,47649
ENSG00000272987,56413680,56412696,984
ENSG00000283000,34975578,34969909,5669
ENSG00000259897,35247534,35245916,1618
ENSG00000261274,35208236,35207903,333
ENSG00000261997,55542027,55538200,3827
ENSG00000260984,35235984,35232412,3572
ENSG00000176222,43901385,43872363,29022
ENSG00000227290,87371655,87353524,18131
ENSG00000230605,117264530,117264393,137
ENSG00000257616,52732865,52730425,2440
ENSG00000258036,52736142,52729517,6625
ENSG00000283288,139474772,139470778,3994
ENSG00000205791,12357067,12355406,1661
ENSG00000249563,9742361,9733370,8991
ENSG00000243678,51171747,51165435,6312
ENSG00000133318,63759891,63681446,78445
ENSG00000269392,50369331,50365880,3451
ENSG00000278917,43895411,43891233,4178
ENSG00000130054,69532508,69505241,27267
ENSG00000250425,9755778,9754898,880
ENSG00000267058,43901805,43891804,10001
ENSG00000271567,144373659,144372875,784
ENSG00000230532,48937100,48931791,5309
ENSG00000235264,133145304,133144612,692
ENSG00000276349,37993199,37982250,10949
ENSG00000159210,48945117,48929316,15801
ENSG00000271439,144401355,144401069,286
ENSG00000184163,1246722,1242446,4276
ENSG00000257343,52748308,52746596,1712
ENSG00000143797,9003709,8852690,151019
ENSG00000233586,144419190,144418678,512
ENSG00000228160,69570357,69569669,688
ENSG00000237343,144419192,144418113,1079
ENSG00000257675,52750127,52748776,1351
ENSG00000169760,174286644,173396284,890360
ENSG00000154545,52192268,52184823,7445
ENSG00000277973,136206860,136206478,382
ENSG00000171408,136195574,135851701,343873
ENSG00000206028,26672654,26667693,4961
ENSG00000174572,27211913,27211244,669
ENSG00000279532,28374301,28373673,628
ENSG00000004139,28404049,28364356,39693
ENSG00000169105,40474571,40470998,3573
ENSG00000240423,107928907,107834586,94321
ENSG00000241469,107882000,107840228,41772
ENSG00000244251,40481315,40480752,563
ENSG00000268184,21793860,21768772,25088
ENSG00000157322,69964452,69950705,13747
ENSG00000253172,173145039,173144162,877
ENSG00000065243,88836255,88684222,152033
ENSG00000282641,38057692,37996476,61216
ENSG00000269136,21801266,21800480,786
ENSG00000116748,114695618,114673090,22528
ENSG00000274376,82334609,82298553,36056
ENSG00000134291,47968878,47963569,5309
ENSG00000120727,139369720,139341587,28133
ENSG00000176978,137115177,137110546,4631
ENSG00000278662,82349475,82339998,9477
ENSG00000128891,40565057,40528683,36374
ENSG00000259006,89922662,89919827,2835
ENSG00000237645,173644711,173644231,480
ENSG00000228213,173920796,173910498,10298
ENSG00000160716,154580026,154567781,12245
ENSG00000262468,4253817,4243943,9874
ENSG00000223760,130139417,130129621,9796
ENSG00000233093,136642429,136639543,2886
ENSG00000270181,102875994,102799110,76884
ENSG00000231115,33383082,33378855,4227
ENSG00000213111,136034886,136034553,333
ENSG00000146530,12403941,12330885,73056
ENSG00000265254,28406796,28405240,1556
ENSG00000237596,136225751,135991936,233815
ENSG00000277450,28373562,28373256,306
ENSG00000189120,47855874,47844908,10966
ENSG00000109072,28373091,28367284,5807
ENSG00000233875,154579663,154579065,598
ENSG00000257288,59054184,59052980,1204
ENSG00000257443,59064238,58920639,143599
ENSG00000137547,54147901,54135210,12691
ENSG00000244390,59020894,59020169,725
ENSG00000235914,14929515,14884253,45262
ENSG00000251543,73338533,73337906,627
ENSG00000277936,38123634,38097522,26112
ENSG00000258214,59411171,59366218,44953
ENSG00000272742,139369717,139364677,5040
ENSG00000227927,14636524,14554384,82140
ENSG00000225891,26467282,26462756,4526
ENSG00000149557,125592568,125442881,149687
ENSG00000257230,59524184,59523278,906
ENSG00000110721,68121444,68052859,68585
ENSG00000227563,14547623,14547184,439
ENSG00000230282,163153307,163152251,1056
ENSG00000117682,26471306,26432282,39024
ENSG00000172264,16053197,13995369,2057828
ENSG00000182263,163736012,163593396,142616
ENSG00000270175,53500936,53500162,774
ENSG00000278842,50289231,50286244,2987
ENSG00000171401,41505705,41500981,4724
ENSG00000285994,12567351,12563151,4200
ENSG00000139546,53506431,53500921,5510
ENSG00000183049,12835545,12349482,486063
ENSG00000124459,43935282,43912624,22658
ENSG00000239672,51162428,51153536,8892
ENSG00000173805,41734644,41717742,16902
ENSG00000002726,150861504,150824627,36877
ENSG00000267191,43926545,43902001,24544
ENSG00000265618,28362859,28361601,1258
ENSG00000259536,40558019,40488041,69978
ENSG00000237959,88578201,88577880,321
ENSG00000237505,88685204,87620803,1064401
ENSG00000196378,144787345,144773114,14231
ENSG00000076351,28407197,28394642,12555
ENSG00000279961,56418232,56417258,974
ENSG00000248188,15743582,15743196,386
ENSG00000023516,42323261,42272152,51109
ENSG00000230416,56449592,56448668,924
ENSG00000243537,133326404,133325997,407
ENSG00000253638,133392690,133392211,479
ENSG00000225259,133409107,133408006,1101
ENSG00000230053,88498676,88498309,367
ENSG00000279778,87808372,87805286,3086
ENSG00000150269,56463401,56462469,932
ENSG00000270507,88313302,88313153,149
ENSG00000241975,88829419,88829102,317
ENSG00000174937,56473352,56469274,4078
ENSG00000255031,68053762,68050740,3022
ENSG00000135709,85094230,85027751,66479
ENSG00000284732,56473352,56459221,14131
ENSG00000276148,32725660,32725248,412
ENSG00000110719,68050895,68039025,11870
ENSG00000275854,32737660,32736930,730
ENSG00000284740,1509452,1503250,6202
ENSG00000280891,243007468,243005845,1623
ENSG00000274105,32729024,32728169,855
ENSG00000257643,32692848,32692504,344
ENSG00000280534,243047869,243029512,18357
ENSG00000158813,70039472,69616067,423405
ENSG00000224145,30163092,30153602,9490
ENSG00000233259,42369657,42369259,398
ENSG00000274341,32408309,32408013,296
ENSG00000248821,95414296,95413456,840
ENSG00000278668,32410746,32410159,587
ENSG00000283554,42485956,42339188,146768
ENSG00000115042,95416616,95402708,13908
ENSG00000251477,117722097,117719240,2857
ENSG00000266385,32412420,32411217,1203
ENSG00000280994,243101744,243056307,45437
ENSG00000158941,22621514,22604632,16882
ENSG00000264243,47865190,47863342,1848
ENSG00000271100,63698764,63698596,168
ENSG00000266821,47882398,47879472,2926
ENSG00000176438,95475836,95407266,68570
ENSG00000273171,28368012,28364288,3724
ENSG00000260179,1251334,1249777,1557
ENSG00000264920,47895812,47891255,4557
ENSG00000245060,180839742,180830326,9416
ENSG00000258924,28381697,28357647,24050
ENSG00000120659,42608013,42562736,45277
ENSG00000213950,14758056,14757563,493
ENSG00000237832,14935363,14933843,1520
ENSG00000125848,14337614,14322985,14629
ENSG00000155858,157760709,157743712,16997
ENSG00000185958,50396622,50326230,70392
ENSG00000286128,180835726,180833928,1798
ENSG00000130165,11559236,11551147,8089
ENSG00000278970,180831605,180826871,4734
ENSG00000264373,32435028,32434939,89
ENSG00000264083,32432841,32430967,1874
ENSG00000141543,80147183,80134369,12814
ENSG00000251334,48936880,48936582,298
ENSG00000108671,32483319,32444379,38940
ENSG00000231426,139860476,139677639,182837
ENSG00000253630,157747707,157747504,203
ENSG00000246777,66754740,66751752,2988
ENSG00000224274,15619819,15619494,325
ENSG00000234187,14128336,14127400,936
ENSG00000286077,70039325,70037840,1485
ENSG00000233229,69938017,69937166,851
ENSG00000265927,73836019,73831572,4447
ENSG00000229732,41502409,41500983,1426
ENSG00000266765,73911878,73894749,17129
ENSG00000249961,66801620,66754976,46644
ENSG00000285648,73949906,73926421,23485
ENSG00000148297,133348131,133338323,9808
ENSG00000266357,74154212,74043452,110760
ENSG00000115523,85698854,85685175,13679
ENSG00000161813,50480004,50392383,87621
ENSG00000271370,12452481,12452103,378
ENSG00000091986,112649530,112596794,52736
ENSG00000225148,139877391,139856104,21287
ENSG00000184731,46870,38814,8056
ENSG00000165714,12471233,12357078,114155
ENSG00000257125,52753821,52751978,1843
ENSG00000258071,52763893,52763405,488
ENSG00000104879,45322875,45306413,16462
ENSG00000185069,52777345,52768155,9190
ENSG00000181552,20770948,20768427,2521
ENSG00000227061,202605,197569,5036
ENSG00000149554,125676255,125625136,51119
ENSG00000249330,46510194,46390255,119939
ENSG00000151834,46475230,46248427,226803
ENSG00000226165,32855144,32847708,7436
ENSG00000246731,74213342,74209980,3362
ENSG00000226847,164214414,164213539,875
ENSG00000229641,164322223,164321933,290
ENSG00000274047,37614077,37519433,94644
ENSG00000171798,133226412,133160219,66193
ENSG00000237844,164352223,163749573,602650
ENSG00000172809,74210655,74203582,7073
ENSG00000147256,131089885,131058346,31539
ENSG00000268438,21827279,21826513,766
ENSG00000112053,36024868,35943514,81354
ENSG00000198521,21852125,21804949,47176
ENSG00000028137,12209228,12166991,42237
ENSG00000110944,56340410,56334174,6236
ENSG00000257146,59719944,59719698,246
ENSG00000117600,99309590,99263953,45637
ENSG00000118596,59789855,59596029,193826
ENSG00000235754,31648952,31643159,5793
ENSG00000235045,109652099,109651370,729
ENSG00000162444,10016021,9997206,18815
ENSG00000157856,26456711,26401920,54791
ENSG00000254302,34184895,34174886,10009
ENSG00000263725,22221605,22221221,384
ENSG00000160963,101559024,101362875,196149
ENSG00000254033,34248946,34229294,19652
ENSG00000253108,34346731,34228439,118292
ENSG00000153789,85112472,85098358,14114
ENSG00000215264,34323642,34322992,650
ENSG00000235035,70691824,70687142,4682
ENSG00000263609,22266362,22234328,32034
ENSG00000169413,20782467,20781268,1199
ENSG00000254344,34864798,34784052,80746
ENSG00000075340,70768225,70607618,160607
ENSG00000264956,22288133,22266425,21708
ENSG00000266691,22279289,22277867,1422
ENSG00000258810,20784293,20783888,405
ENSG00000243181,34874633,34874159,474
ENSG00000178130,22299893,22298691,1202
ENSG00000282788,15175928,15144760,31168
ENSG00000129538,20802855,20801228,1627
ENSG00000278214,85149443,85137150,12293
ENSG00000275088,85146001,85142696,3305
ENSG00000231830,154335037,154333960,1077
ENSG00000103200,140435787,140435316,471
ENSG00000260846,35336889,35335277,1612
ENSG00000232437,75125862,75125217,645
ENSG00000261486,35344559,35344091,468
ENSG00000260427,35348297,35347385,912
ENSG00000276709,15297417,15241230,56187
ENSG00000156671,75182123,75099586,82537
ENSG00000197978,82439153,82430018,9135
ENSG00000242675,45333124,45332698,426
ENSG00000187762,35023831,35023522,309
ENSG00000273870,35071049,35070871,178
ENSG00000111266,12562383,12474210,88173
ENSG00000064999,35091406,34889255,202151
ENSG00000236013,140093721,139976352,117369
ENSG00000251211,178166562,178165702,860
ENSG00000170581,56360167,56341597,18570
ENSG00000259429,82420075,82355142,64933
ENSG00000090447,4273075,4257186,15889
ENSG00000271533,74213660,74209976,3684
ENSG00000104870,49526333,49506816,19517
ENSG00000233348,31643448,31629769,13679
ENSG00000230590,74293574,73940435,353139
ENSG00000225196,12221109,12220794,315
ENSG00000278202,82434235,82418651,15584
ENSG00000237550,82372912,82372196,716
ENSG00000285875,140898381,140575788,322593
ENSG00000234147,140852924,140845958,6966
ENSG00000230064,133339465,133338990,475
ENSG00000217684,140762262,140761529,733
ENSG00000257404,52782839,52782650,189
ENSG00000203363,85687047,85686053,994
ENSG00000221968,61892051,61873519,18532
ENSG00000276469,38144226,38126026,18200
ENSG00000186442,52796117,52789685,6432
ENSG00000147160,70049938,70040542,9396
ENSG00000079393,75109221,75094432,14789
ENSG00000233683,101389080,101388868,212
ENSG00000196670,180861285,180847611,13674
ENSG00000279762,32446038,32423971,22067
ENSG00000198846,59119147,58805412,313735
ENSG00000249582,117779532,117778826,706
ENSG00000249797,118266035,117925008,341027
ENSG00000169676,9784009,9781680,2329
ENSG00000255670,12491581,12485353,6228
ENSG00000250427,118284782,118282575,2207
ENSG00000260480,35353022,35352482,540
ENSG00000218107,43706751,43705949,802
ENSG00000250413,10009725,10006482,3243
ENSG00000238202,117322236,117300861,21375
ENSG00000189401,70064179,70062491,1688
ENSG00000261689,35390003,35389203,800
ENSG00000105989,117323289,117275451,47838
ENSG00000260291,35385086,35384144,942
ENSG00000109667,10054936,9771153,283783
ENSG00000259841,35390584,35363412,27172
ENSG00000226579,70121474,70120353,1121
ENSG00000166562,59158832,59139866,18966
ENSG00000235382,70129071,70124972,4099
ENSG00000112742,80042527,80003887,38640
ENSG00000260598,35407349,35405747,1602
ENSG00000167912,59121346,59119040,2306
ENSG00000260812,35414747,35414279,468
ENSG00000261684,42532840,42497394,35446
ENSG00000240424,12568776,12568201,575
ENSG00000260680,35421209,35420291,918
ENSG00000180979,42548802,42537820,10982
ENSG00000168874,85791383,85751344,40039
ENSG00000188070,63768775,63759892,8883
ENSG00000232601,174303287,174302944,343
ENSG00000254048,58992938,58991720,1218
ENSG00000254752,56484839,56476287,8552
ENSG00000271215,12615907,12614359,1548
ENSG00000279259,80148596,80147250,1346
ENSG00000111269,12645108,12611827,33281
ENSG00000254150,59557855,59557528,327
ENSG00000213169,174378005,174377244,761
ENSG00000181371,56491395,56490349,1046
ENSG00000275479,80149798,80149627,171
ENSG00000286044,121928976,121674261,254715
ENSG00000261299,35426483,35425364,1119
ENSG00000179028,52203235,52199840,3395
ENSG00000072958,16245907,16197578,48329
ENSG00000134184,109709039,109687814,21225
ENSG00000229498,85825391,85815130,10261
ENSG00000286023,122025937,121979571,46366
ENSG00000278681,35436341,35435303,1038
ENSG00000283197,133516268,133516184,84
ENSG00000283176,133515745,133515506,239
ENSG00000171794,133231558,133230217,1341
ENSG00000008513,133571940,133454848,117092
ENSG00000276474,52326762,52326166,596
ENSG00000089289,70166324,70133447,32877
ENSG00000281965,15187178,15172578,14600
ENSG00000214581,35449411,35446898,2513
ENSG00000155622,52375680,52369021,6659
ENSG00000225455,49017154,49016682,472
ENSG00000285942,42548786,42497395,51391
ENSG00000109182,49062081,48986275,75806
ENSG00000266338,144461674,144421386,40288
ENSG00000277998,164574054,164573741,313
ENSG00000115290,164621848,164492812,129036
ENSG00000281994,15171447,15144756,26691
ENSG00000134363,53487134,53480626,6508
ENSG00000151650,133241928,133237855,4073
ENSG00000236285,32206738,32205902,836
ENSG00000203588,70165206,70163842,1364
ENSG00000285900,31413701,31411033,2668
ENSG00000220925,70149654,70148582,1072
ENSG00000275963,12649713,12648939,774
ENSG00000236961,43737834,43722786,15048
ENSG00000270982,101449933,101449801,132
ENSG00000250891,118562117,118468156,93961
ENSG00000261711,35480481,35477414,3067
ENSG00000163110,94668227,94451857,216370
ENSG00000266806,22332410,22331597,813
ENSG00000225957,52385614,52382053,3561
ENSG00000223704,26865786,26858634,7152
ENSG00000276399,22413744,22406019,7725
ENSG00000261020,22424731,22420022,4709
ENSG00000231369,26887548,26886909,639
ENSG00000236460,31941583,31941261,322
ENSG00000266885,22439033,22435390,3643
ENSG00000183150,12696207,12660890,35317
ENSG00000235271,26920611,26903292,17319
ENSG00000225376,101481502,101468439,13063
ENSG00000283879,22519504,22519195,309
ENSG00000266529,22520709,22519617,1092
ENSG00000224986,48326123,48325080,1043
ENSG00000279440,27024550,27019369,5181
ENSG00000132122,48472208,48295373,176835
ENSG00000264168,22525686,22524738,948
ENSG00000243655,22525330,22524563,767
ENSG00000256618,22524663,22523111,1552
ENSG00000271304,35991374,35989515,1859
ENSG00000103546,55706192,55655604,50588
ENSG00000112812,27256624,27247701,8923
ENSG00000233055,101501885,101501643,242
ENSG00000165152,101533537,101473170,60367
ENSG00000257004,12685075,12668982,16093
ENSG00000236490,33292309,33277619,14690
ENSG00000276897,52410432,52409772,660
ENSG00000249219,9924146,9922814,1332
ENSG00000166917,133247891,133246478,1413
ENSG00000254186,163437326,162424042,1013284
ENSG00000206285,33207652,33205959,1693
ENSG00000263120,56985104,56982749,2355
ENSG00000224556,52459066,52422069,36997
ENSG00000249551,118581324,118575575,5749
ENSG00000250084,52451138,52448587,2551
ENSG00000121064,57006768,56978105,28663
ENSG00000260153,35486225,35485766,459
ENSG00000249128,118628092,118596188,31904
ENSG00000186409,42654664,42463330,191334
ENSG00000279366,47912504,47912207,297
ENSG00000250114,163416731,163416525,206
ENSG00000279707,47867367,47866839,528
ENSG00000249449,163039599,163039291,308
ENSG00000249426,118785459,118760474,24985
ENSG00000267541,47853457,47853233,224
ENSG00000254351,162762313,162761833,480
ENSG00000270980,54192035,54191582,453
ENSG00000254411,56496412,56495760,652
ENSG00000253840,54247906,54247633,273
ENSG00000269365,47882444,47878295,4149
ENSG00000167182,47928957,47896150,32807
ENSG00000175387,47931146,47808957,122189
ENSG00000197744,118974122,118973796,326
ENSG00000169570,118988547,118836074,152473
ENSG00000004468,15853232,15778275,74957
ENSG00000255248,122556721,122028327,528394
ENSG00000055118,150978315,150944961,33354
ENSG00000206560,15859771,15667236,192535
ENSG00000065054,2039026,2025356,13670
ENSG00000232928,74131923,74121012,10911
ENSG00000167302,81239091,81228277,10814
ENSG00000233984,74031820,74031462,358
ENSG00000102245,136660390,136648193,12197
ENSG00000204113,74187153,74185929,1224
ENSG00000228906,73949558,73948973,585
ENSG00000239457,32907925,32903640,4285
ENSG00000227212,144443004,144442606,398
ENSG00000277003,69975344,69975238,106
ENSG00000203397,74066592,74066083,509
ENSG00000225470,74070408,73944184,126224
ENSG00000266601,47933106,47929682,3424
ENSG00000170477,52814116,52806549,7567
ENSG00000234494,47941410,47897330,44080
ENSG00000185127,169704856,169702190,2666
ENSG00000130024,169725566,169703902,21664
ENSG00000216548,140922910,140922457,453
ENSG00000275138,141020026,141019788,238
ENSG00000259828,141451006,141447011,3995
ENSG00000218351,141636503,141635650,853
ENSG00000280375,74122725,74122134,591
ENSG00000230986,74133114,74133004,110
ENSG00000228492,74204595,74202834,1761
ENSG00000237650,131205010,131204068,942
ENSG00000231549,74174066,74173890,176
ENSG00000271199,73969485,73958059,11426
ENSG00000276205,131221436,131221196,240
ENSG00000223650,74107958,74105572,2386
ENSG00000224430,74162528,74161062,1466
ENSG00000229002,144474790,144472535,2255
ENSG00000234969,74070832,74069276,1556
ENSG00000279782,144593527,144592868,659
ENSG00000233983,99464776,99464378,398
ENSG00000224445,99600995,99472332,128663
ENSG00000233275,95435113,95434759,354
ENSG00000227120,95436556,95436133,423
ENSG00000175711,83051810,82942155,109655
ENSG00000185640,52834295,52821410,12885
ENSG00000197037,99632408,99616946,15462
ENSG00000127125,42473385,42456117,17268
ENSG00000259571,122116215,122115354,861
ENSG00000255015,122301763,122294938,6825
ENSG00000255219,122308019,122295190,12829
ENSG00000259836,35490212,35489237,975
ENSG00000244234,178187432,178184503,2929
ENSG00000259130,20873592,20870278,3314
ENSG00000254490,56501271,56500300,971
ENSG00000106331,127618075,127610292,7783
ENSG00000254660,56510195,56509573,622
ENSG00000235105,48437223,48435967,1256
ENSG00000230116,42492493,42491739,754
ENSG00000236876,42500339,42500205,134
ENSG00000231924,42879822,42866464,13358
ENSG00000066185,42456253,42430329,25924
ENSG00000122133,135566955,135561756,5199
ENSG00000260005,81233983,81228707,5276
ENSG00000204386,31862906,31857659,5247
ENSG00000250354,148208880,148146471,62409
ENSG00000277199,144642372,144627192,15180
ENSG00000151623,148444698,148078762,365936
ENSG00000271644,144965135,144965025,110
ENSG00000278273,144679513,144661200,18313
ENSG00000171812,36125222,36095239,29983
ENSG00000196369,145095528,144887265,208263
ENSG00000099260,99694541,99646113,48428
ENSG00000223583,26455187,26454653,534
ENSG00000270793,20721879,20721187,692
ENSG00000225803,20854642,20854121,521
ENSG00000233834,20221700,20217577,4123
ENSG00000234104,20972562,20970448,2114
ENSG00000263914,22526937,22525899,1038
ENSG00000241225,22528921,22528853,68
ENSG00000240103,22529570,22527324,2246
ENSG00000134910,125625215,125591712,33503
ENSG00000283405,21090509,21089696,813
ENSG00000237723,33386688,33386065,623
ENSG00000263483,22530609,22529934,675
ENSG00000255323,22492019,22445688,46331
ENSG00000264316,22531392,22530612,780
ENSG00000225127,21106358,21087604,18754
ENSG00000284300,22531797,22531463,334
ENSG00000236180,42571390,42570970,420
ENSG00000226097,20311712,20296708,15004
ENSG00000137504,85682908,85659708,23200
ENSG00000214988,82491635,82490823,812
ENSG00000279099,35256605,35254344,2261
ENSG00000249242,82562357,82483170,79187
ENSG00000232024,35525763,35525176,587
ENSG00000123444,47578976,47572197,6779
ENSG00000156687,35796550,35235475,561075
ENSG00000184584,139482935,139475533,7402
ENSG00000080823,102305190,102224500,80690
ENSG00000271133,20331747,20328299,3448
ENSG00000260246,109693742,109693117,625
ENSG00000105855,20415754,20330702,85052
ENSG00000213366,109709551,109668022,41529
ENSG00000253200,22616657,22613908,2749
ENSG00000232640,169725854,169725091,763
ENSG00000227704,169738992,169725504,13488
ENSG00000159905,43967709,43951223,16486
ENSG00000147439,22669148,22620418,48730
ENSG00000230886,9018899,9018293,606
ENSG00000223640,9081727,9081395,332
ENSG00000242136,9105114,9103440,1674
ENSG00000204705,95451500,95450310,1190
ENSG00000277747,95460336,95460144,192
ENSG00000234903,95469778,95468863,915
ENSG00000144010,95484731,95476967,7764
ENSG00000250803,122183949,122129622,54327
ENSG00000273825,144786606,144754572,32034
ENSG00000224363,144919902,144641371,278531
ENSG00000110536,47573461,47565430,8031
ENSG00000227460,33593877,33560260,33617
ENSG00000238162,95485805,95485541,264
ENSG00000227304,82496278,82494786,1492
ENSG00000260417,85595720,85592266,3454
ENSG00000223917,95488627,95486480,2147
ENSG00000235065,21115197,21114723,474
ENSG00000179219,85285963,85282958,3005
ENSG00000257389,52837739,52837403,336
ENSG00000237308,95496531,95496022,509
ENSG00000131149,85676204,85169525,506679
ENSG00000224719,95505059,95502791,2268
ENSG00000258642,20875768,20874305,1463
ENSG00000235078,3523197,3519275,3922
ENSG00000279914,27041494,27040197,1297
ENSG00000182551,3519531,3497366,22165
ENSG00000223656,99699178,99698242,936
ENSG00000179813,42791549,42781550,9999
ENSG00000169397,20892348,20891399,949
ENSG00000224448,99638767,99638242,525
ENSG00000164185,122153569,122129546,24023
ENSG00000196696,70065948,69976297,89651
ENSG00000226185,95520107,95514827,5280
ENSG00000279848,27045315,27044001,1314
ENSG00000236858,27060518,27048144,12374
ENSG00000213619,47584562,47565336,19226
ENSG00000271868,3497428,3496956,472
ENSG00000260588,41829934,41828165,1769
ENSG00000136315,20920299,20919361,938
ENSG00000229689,95532405,95525345,7060
ENSG00000271216,42812562,42810366,2196
ENSG00000258918,20936255,20897985,38270
ENSG00000249610,122156015,122154496,1519
ENSG00000258772,20928580,20916766,11814
ENSG00000247311,122154856,122128762,26094
ENSG00000229546,42842887,42842414,473
ENSG00000253260,59593701,59561327,32374
ENSG00000272913,95526702,95525109,1593
ENSG00000169385,20956436,20955487,949
ENSG00000100253,50490648,50486784,3864
ENSG00000175634,67435401,67428460,6941
ENSG00000156869,99766631,99708632,57999
ENSG00000230240,31984554,31983885,669
ENSG00000230782,107102988,106974833,128155
ENSG00000258599,20985066,20983155,1911
ENSG00000278928,55706422,55704119,2303
ENSG00000237176,59812576,59812102,474
ENSG00000148143,107013634,106863166,150468
ENSG00000248488,115764819,115764099,720
ENSG00000257294,60096071,60092864,3207
ENSG00000276725,243255321,243124428,130893
ENSG00000258184,60216384,60215994,390
ENSG00000257865,60419293,60418983,310
ENSG00000240790,127652012,127644685,7327
ENSG00000257308,61232937,61231159,1778
ENSG00000258336,61600843,61600067,776
ENSG00000184210,70205545,70177483,28062
ENSG00000240513,30819914,30819714,200
ENSG00000243855,30791489,30791098,391
ENSG00000213867,30821843,30821419,424
ENSG00000129675,136780932,136665547,115385
ENSG00000139998,64973226,64945814,27412
ENSG00000279465,15732536,15731877,659
ENSG00000270409,15733470,15732252,1218
ENSG00000092108,30735812,30622112,113700
ENSG00000130939,10181239,10032832,148407
ENSG00000105246,4237528,4229523,8005
ENSG00000204195,70240627,70234655,5972
ENSG00000009830,77320884,77274956,45928
ENSG00000236431,95536495,95536117,378
ENSG00000273305,95538469,95537969,500
ENSG00000116871,36180849,36155579,25270
ENSG00000233037,95543230,95542730,500
ENSG00000255185,70065945,70010751,55194
ENSG00000168992,95547545,95546531,1014
ENSG00000244266,50366086,50365652,434
ENSG00000232717,95580769,95574901,5868
ENSG00000273822,195789161,195744429,44732
ENSG00000101892,120383249,120362085,21164
ENSG00000259531,49366685,49365124,1561
ENSG00000259545,49178741,49177610,1131
ENSG00000227750,33410038,33408140,1898
ENSG00000226232,69996188,69976388,19800
ENSG00000166200,49155661,49106068,49593
ENSG00000237734,27397563,27391734,5829
ENSG00000284263,22532522,22532166,356
ENSG00000285103,27543902,27529085,14817
ENSG00000284328,22532172,22531876,296
ENSG00000275480,22568713,22567423,1290
ENSG00000255357,22502846,22492112,10734
ENSG00000120162,27529814,27325209,204605
ENSG00000264930,22606703,22606388,315
ENSG00000266921,44002836,43996896,5940
ENSG00000270691,79851498,79850871,627
ENSG00000257880,62145643,62139999,5644
ENSG00000213363,62022174,62021570,604
ENSG00000204920,43998326,43967862,30464
ENSG00000264262,22692618,22676695,15923
ENSG00000231562,106979554,106978776,778
ENSG00000138750,76148444,76114659,33785
ENSG00000170423,52849092,52837804,11288
ENSG00000135655,62417431,62260338,157093
ENSG00000264970,22706703,22671433,35270
ENSG00000253879,59613775,59601378,12397
ENSG00000106258,99679998,99648194,31804
ENSG00000253413,59760263,59760047,216
ENSG00000264431,22694831,22693325,1506
ENSG00000235535,123510241,123389421,120820
ENSG00000238002,79866875,79863019,3856
ENSG00000253723,59821433,59821124,309
ENSG00000232494,79886678,79874696,11982
ENSG00000278428,59893942,59893856,86
ENSG00000147896,27526498,27524314,2184
ENSG00000254775,60074715,60049587,25128
ENSG00000260564,79892007,79889001,3006
ENSG00000254954,60142142,60141821,321
ENSG00000168765,109674836,109656099,18737
ENSG00000279715,79915736,79913269,2467
ENSG00000280366,79990064,79975023,15041
ENSG00000270076,11203671,11202965,706
ENSG00000271339,136788787,136788286,501
ENSG00000263433,26982090,26981694,396
ENSG00000230945,80034555,80030579,3976
ENSG00000148935,22813055,22625509,187546
ENSG00000231164,136791780,136791064,716
ENSG00000236521,80360338,80357029,3309
ENSG00000264734,26999941,26989189,10752
ENSG00000105248,4269088,4247080,22008
ENSG00000285941,123685323,123589711,95612
ENSG00000232981,80564630,80563571,1059
ENSG00000259118,65094212,65082034,12178
ENSG00000186439,123637093,123216339,420754
ENSG00000231880,47578277,47577725,552
ENSG00000232687,29128188,29127701,487
ENSG00000156265,29175889,29077471,98418
ENSG00000149187,47565569,47465933,99636
ENSG00000176153,64942905,64939152,3753
ENSG00000141096,67980508,67975663,4845
ENSG00000154438,117428123,117363222,64901
ENSG00000279078,128000077,127997597,2480
ENSG00000128594,128032107,128027071,5036
ENSG00000280247,4247358,4246339,1019
ENSG00000277324,54270028,54268346,1682
ENSG00000239315,11256602,11256020,582
ENSG00000255537,125499528,125495214,4314
ENSG00000272158,65003767,65003325,442
ENSG00000236827,11267865,11247626,20239
ENSG00000101751,54321266,54269404,51862
ENSG00000125954,65061803,64914485,147318
ENSG00000249316,11282501,11281364,1137
ENSG00000213139,186546702,186538441,8261
ENSG00000134940,125681123,125671522,9601
ENSG00000277806,43977448,43976815,633
ENSG00000240579,127858488,127857852,636
ENSG00000278492,43978663,43978376,287
ENSG00000280011,44229512,44210442,19070
ENSG00000279933,44187739,44183031,4708
ENSG00000197157,128092609,127652194,440415
ENSG00000249149,73410509,73382384,28125
ENSG00000138964,44219533,44172956,46577
ENSG00000230951,186773476,186772589,887
ENSG00000226724,186708574,186698520,10054
ENSG00000247993,73446984,73446357,627
ENSG00000197099,186772986,186579476,193510
ENSG00000251493,73448777,73444827,3950
ENSG00000280273,11285068,11283481,1587
ENSG00000104643,11328146,11284816,43330
ENSG00000279561,41273997,41269916,4081
ENSG00000108094,35090642,35008551,82091
ENSG00000213281,114716771,114704469,12302
ENSG00000278647,41280787,41280460,327
ENSG00000275450,41282846,41276280,6566
ENSG00000251604,73453395,73451498,1897
ENSG00000251324,73472896,73454187,18709
ENSG00000272525,73498293,73497550,743
ENSG00000274680,41294125,41292887,1238
ENSG00000276502,41332962,41310816,22146
ENSG00000169964,44865670,44861904,3766
ENSG00000276832,41342041,41341000,1041
ENSG00000125952,65102695,65006174,96521
ENSG00000275160,41480548,41479960,588
ENSG00000277340,41573453,41573156,297
ENSG00000005893,120469365,120427827,41538
ENSG00000123560,103792619,103773718,18901
ENSG00000163808,44873376,44761721,111655
ENSG00000145741,73505635,73498408,7227
ENSG00000149547,125584684,125569280,15404
ENSG00000235149,185919460,185918140,1320
ENSG00000270313,85279035,85278820,215
ENSG00000270124,85583571,85580009,3562
ENSG00000256937,9128645,9127783,862
ENSG00000131153,85690073,85676198,13875
ENSG00000283380,21374265,20769718,604547
ENSG00000256720,9135591,9135084,507
ENSG00000113905,186678240,186660216,18024
ENSG00000233623,10059648,10058671,977
ENSG00000224340,10054781,10054445,336
ENSG00000225240,196453055,196452996,59
ENSG00000255949,67435399,67431367,4032
ENSG00000136274,45088969,45080437,8532
ENSG00000278716,85490831,85489813,1018
ENSG00000285691,123557670,123519697,37973
ENSG00000242282,3536873,3531813,5060
ENSG00000241146,52886385,52885429,956
ENSG00000113889,186744410,186717276,27134
ENSG00000214684,117440780,117439982,798
ENSG00000089280,31194871,31180110,14761
ENSG00000163961,196503768,196468783,34985
ENSG00000159377,151401937,151399560,2377
ENSG00000215784,145112696,145095974,16722
ENSG00000171865,3558333,3541430,16903
ENSG00000225125,136807877,136807223,654
ENSG00000197785,1534687,1512151,22536
ENSG00000273013,196475394,196474801,593
ENSG00000283752,145148375,145139986,8389
ENSG00000264149,21893996,21871446,22550
ENSG00000254607,126682104,126652852,29252
ENSG00000214097,196515346,196506879,8467
ENSG00000278077,41644981,41644771,210
ENSG00000264289,21914660,21914369,291
ENSG00000183161,22625841,22622890,2951
ENSG00000255317,126995458,126992452,3006
ENSG00000278054,41648035,41647825,210
ENSG00000257271,126610948,126543947,67001
ENSG00000276412,41654594,41651658,2936
ENSG00000246477,11325429,11315859,9570
ENSG00000265758,22051159,21981121,70038
ENSG00000224057,55188934,55179750,9184
ENSG00000225400,136848034,136847384,650
ENSG00000232611,136847797,136840931,6866
ENSG00000054116,36156053,36136570,19483
ENSG00000107833,101783413,101781325,2088
ENSG00000146648,55211628,55019017,192611
ENSG00000147274,136880764,136848004,32760
ENSG00000110080,126440344,126355640,84704
ENSG00000274028,95589253,95588149,1104
ENSG00000075426,28417317,28392448,24869
ENSG00000140153,102224847,102139503,85344
ENSG00000250318,30654814,30653877,937
ENSG00000100036,30669016,30635781,33235
ENSG00000231996,99842761,99842610,151
ENSG00000255767,3547957,3531984,15973
ENSG00000230083,95591206,95590969,237
ENSG00000249960,82571814,82571137,677
ENSG00000248113,82581384,82580117,1267
ENSG00000111057,52952906,52948871,4035
ENSG00000144015,95599778,95592018,7760
ENSG00000167065,30667890,30652051,15839
ENSG00000172292,168775137,168455862,319275
ENSG00000141030,17281273,17246616,34657
ENSG00000229951,28394672,28384409,10263
ENSG00000204941,43186536,43166256,20280
ENSG00000270640,28397110,28396815,295
ENSG00000213358,196528791,196527339,1452
ENSG00000225770,196536702,196536532,170
ENSG00000267522,56078801,56066684,12117
ENSG00000231782,82621610,82610974,10636
ENSG00000280025,27107019,27102766,4253
ENSG00000231405,27159878,27143478,16400
ENSG00000226225,33446883,33442379,4504
ENSG00000142409,56121295,56087366,33929
ENSG00000238195,27205126,27204211,915
ENSG00000233521,27224727,27221349,3378
ENSG00000270480,82692468,82691737,731
ENSG00000270842,82776101,82775461,640
ENSG00000233574,27286349,27276240,10109
ENSG00000145284,82798796,82629539,169257
ENSG00000233123,101569006,101562779,6227
ENSG00000164258,53683338,53560633,122705
ENSG00000180008,55049489,55027230,22259
ENSG00000133606,140479536,140453033,26503
ENSG00000166133,40574949,40569299,5650
ENSG00000227780,33295864,33292340,3524
ENSG00000106436,101629296,101613325,15971
ENSG00000225901,80565962,80565032,930
ENSG00000166262,49620931,49326962,293969
ENSG00000264172,27003259,27002661,598
ENSG00000152254,168910000,168901240,8760
ENSG00000234637,80782770,80782338,432
ENSG00000170421,52949954,52897187,52767
ENSG00000223726,27318538,27307483,11055
ENSG00000228663,50914411,50913731,680
ENSG00000266736,27047934,27019527,28407
ENSG00000080824,102139699,102080738,58961
ENSG00000226741,27317456,27310651,6805
ENSG00000000419,50958555,50934867,23688
ENSG00000242667,60404960,60404463,497
ENSG00000230051,27379265,27331787,47478
ENSG00000281162,101987167,101962056,25111
ENSG00000280445,27419713,27414462,5251
ENSG00000273721,60409420,60409234,186
ENSG00000226798,80871295,80869758,1537
ENSG00000227880,27460060,27457247,2813
ENSG00000228375,81410630,81410279,351
ENSG00000242922,61776400,61775923,477
ENSG00000224027,27573573,27563839,9734
ENSG00000263709,29155489,29140483,15006
ENSG00000122359,80205572,80150889,54683
ENSG00000198673,62279150,61708259,570891
ENSG00000264837,27058221,27057399,822
ENSG00000221995,29078857,29073521,5336
ENSG00000231495,27709931,27707580,2351
ENSG00000227838,27714970,27676559,38411
ENSG00000237072,81488837,81488308,529
ENSG00000197063,81927735,81918270,9465
ENSG00000254603,56513171,56512235,936
ENSG00000196535,29180412,29071124,109288
ENSG00000185701,56527503,56526568,935
ENSG00000113838,186570543,186546067,24476
ENSG00000227617,168786961,168771953,15008
ENSG00000255223,56543281,56542262,1019
ENSG00000133106,42992271,42886388,105883
ENSG00000185758,183322426,183321764,662
ENSG00000254834,56577787,56576736,1051
ENSG00000250292,183381705,183380345,1360
ENSG00000236932,43041248,43035869,5379
ENSG00000248376,183419805,183418890,915
ENSG00000105251,4290724,4278601,12123
ENSG00000228604,21162890,21148741,14149
ENSG00000166693,56598362,56597426,936
ENSG00000258572,95517911,95516136,1775
ENSG00000221878,42937178,42924132,13046
ENSG00000270072,47514889,47513605,1284
ENSG00000259984,25337465,25336429,1036
ENSG00000214535,21166596,21166206,390
ENSG00000261349,25267136,25266102,1034
ENSG00000255012,56614874,56609236,5638
ENSG00000117616,25338213,25242249,95964
ENSG00000264769,81924511,81922899,1612
ENSG00000088970,21246622,21125983,120639
ENSG00000255172,56620810,56619779,1031
ENSG00000238064,33425374,33419923,5451
ENSG00000187531,81921323,81911939,9384
ENSG00000242308,112697706,112696908,798
ENSG00000152253,168913371,168834132,79239
ENSG00000261633,57631647,57622034,9613
ENSG00000197866,56629860,56628932,928
ENSG00000240893,112749319,112736447,12872
ENSG00000223817,71511873,71508153,3720
ENSG00000059804,7936187,7919230,16957
ENSG00000107738,71773520,71747556,25964
ENSG00000254795,56634103,56633164,939
ENSG00000116128,147626216,147541501,84715
ENSG00000224455,33442416,33420661,21755
ENSG00000173626,116545610,116494989,50621
ENSG00000139219,48004554,47972967,31587
ENSG00000257365,65062652,64986895,75757
ENSG00000227606,43160862,43153279,7583
ENSG00000227349,42950387,42949503,884
ENSG00000258316,62235515,62234390,1125
ENSG00000234046,30203783,30174807,28976
ENSG00000230529,43097360,43096456,904
ENSG00000257528,61880772,61879318,1454
ENSG00000250447,53819686,53776644,43042
ENSG00000170848,42919563,42902079,17484
ENSG00000107736,71815947,71396934,419013
ENSG00000205336,57665580,57610652,54928
ENSG00000090520,186585800,186567403,18397
ENSG00000217791,53860401,53859166,1235
ENSG00000234117,116497099,116492297,4802
ENSG00000272416,53881051,53880293,758
ENSG00000164451,116558868,116529013,29855
ENSG00000163072,168865514,168786539,78975
ENSG00000249936,46724408,46723830,578
ENSG00000147894,27573866,27546545,27321
ENSG00000146410,136250335,136231024,19311
ENSG00000160710,154628013,154582057,45956
ENSG00000254037,119480775,119480279,496
ENSG00000090512,186653141,186635969,17172
ENSG00000260612,71727992,71726975,1017
ENSG00000156958,49367869,49155656,212213
ENSG00000174697,128257629,128241278,16351
ENSG00000178033,116524788,116511639,13149
ENSG00000272915,128264889,128264526,363
ENSG00000243137,43207299,43192702,14597
ENSG00000232379,136948133,136947748,385
ENSG00000278358,52481131,52480836,295
ENSG00000273980,133257551,133257144,407
ENSG00000237307,136985705,136976417,9288
ENSG00000258289,64944591,64914361,30230
ENSG00000261350,35492395,35491174,1221
ENSG00000260341,35493446,35492324,1122
ENSG00000234062,137022143,136909369,112774
ENSG00000178538,60281400,60185412,95988
ENSG00000278160,52483950,52481515,2435
ENSG00000275643,52485912,52485046,866
ENSG00000272432,25248321,25247837,484
ENSG00000261445,35496457,35493754,2703
ENSG00000224183,25294643,25294164,479
ENSG00000236770,74552737,74549399,3338
ENSG00000204379,52500812,52495676,5136
ENSG00000284690,74567343,74560701,6642
ENSG00000248101,36014235,36008638,5597
ENSG00000261192,57046797,57045478,1319
ENSG00000102575,11579008,11574660,4348
ENSG00000204345,74592283,74579365,12918
ENSG00000170516,46909245,46734827,174418
ENSG00000238025,42934892,42933858,1034
ENSG00000106344,128343908,128297685,46223
ENSG00000181392,36008813,36003307,5506
ENSG00000226169,27721677,27716480,5197
ENSG00000259456,50945134,50930984,14150
ENSG00000182352,74594209,74584679,9530
ENSG00000272419,145216058,145164099,51959
ENSG00000168564,183449064,183444635,4429
ENSG00000169184,27801756,27748277,53479
ENSG00000101126,50931437,50888916,42521
ENSG00000260857,35506462,35505093,1369
ENSG00000159882,44013924,44002957,10967
ENSG00000269622,35507170,35506592,578
ENSG00000281571,145215938,145214851,1087
ENSG00000260891,68221671,68212401,9270
ENSG00000241183,70079624,70079129,495
ENSG00000262962,68004952,68002432,2520
ENSG00000275560,12719521,12718973,548
ENSG00000223612,145233519,145233001,518
ENSG00000111276,12722369,12715058,7311
ENSG00000167261,68000586,67987394,13192
ENSG00000256374,145242124,145241630,494
ENSG00000224218,76801964,76758554,43410
ENSG00000138771,76783253,76435229,348024
ENSG00000271291,145269890,145269604,286
ENSG00000276216,145281462,145281116,346
ENSG00000236140,145287755,145286610,1145
ENSG00000182512,95544724,95533503,11221
ENSG00000179071,85686195,85683848,2347
ENSG00000260304,31183285,31182511,774
ENSG00000282946,35529318,35528367,951
ENSG00000259996,35543645,35543279,366
ENSG00000263004,57085024,57078298,6726
ENSG00000223395,52510182,52509903,279
ENSG00000260994,35548829,35547917,912
ENSG00000236515,33597736,33594767,2969
ENSG00000247092,95534872,95532297,2575
ENSG00000204382,52520803,52512077,8726
ENSG00000145192,186621318,186613060,8258
ENSG00000267144,44025262,44023604,1658
ENSG00000275199,243855434,243488233,367201
ENSG00000123240,13138308,13099449,38859
ENSG00000250328,122479087,122436497,42590
ENSG00000167664,4302431,4292232,10199
ENSG00000256817,9156372,9155881,491
ENSG00000126838,9208395,9148840,59555
ENSG00000176302,118981291,118971707,9584
ENSG00000224954,30178961,30177152,1809
ENSG00000249621,122323358,122321291,2067
ENSG00000109158,46993581,46918900,74681
ENSG00000285018,154376934,154374595,2339
ENSG00000172464,56642471,56641466,1005
ENSG00000064692,122464219,122311354,152865
ENSG00000261220,133573861,133573183,678
ENSG00000196924,154374638,154348524,26114
ENSG00000282943,43171515,42977463,194052
ENSG00000239382,36014239,36009120,5119
ENSG00000242221,43083045,43064209,18836
ENSG00000226652,186762050,186760693,1357
ENSG00000225175,186692506,186687329,5177
ENSG00000206531,112846856,112815709,31147
ENSG00000283390,186597200,186596976,224
ENSG00000283149,186597103,186581995,15108
ENSG00000250363,115921978,115920707,1271
ENSG00000243130,43026474,43007656,18818
ENSG00000171054,131545056,131543976,1080
ENSG00000228450,131492886,131492279,607
ENSG00000229082,131342425,131341570,855
ENSG00000286060,131611684,131578681,33003
ENSG00000242770,112812819,112802478,10341
ENSG00000237225,131563846,131562729,1117
ENSG00000117399,43363203,43358981,4222
ENSG00000185903,131325313,131324391,922
ENSG00000224728,15879571,15878047,1524
ENSG00000233860,76758474,76756960,1514
ENSG00000253970,133755450,133754811,639
ENSG00000249278,76509719,76509284,435
ENSG00000248309,89466398,88883328,583070
ENSG00000172459,56664687,56663662,1025
ENSG00000147255,131578899,131273506,305393
ENSG00000251644,15865940,15864938,1002
ENSG00000151651,133276868,133262420,14448
ENSG00000240435,68209778,68209442,336
ENSG00000237339,135587112,135574935,12177
ENSG00000277997,309424,307683,1741
ENSG00000249840,11587135,11585246,1889
ENSG00000235779,314367,305111,9256
ENSG00000103067,68238102,68229111,8991
ENSG00000095637,95561414,95311771,249643
ENSG00000185305,54310582,53883942,426640
ENSG00000163288,47426444,46993723,432721
ENSG00000253916,133756646,133755845,801
ENSG00000198551,11619161,11559374,59787
ENSG00000242261,128307678,128306649,1029
ENSG00000205090,1540624,1534778,5846
ENSG00000168175,55070194,55051647,18547
ENSG00000162836,147670524,147629652,40872
ENSG00000269615,21941533,21940820,713
ENSG00000261222,74607229,74599840,7389
ENSG00000160321,22010949,21932958,77991
ENSG00000279638,54286331,54286194,137
ENSG00000253561,133814537,133771409,43128
ENSG00000186407,74623738,74609885,13853
ENSG00000275239,41699072,41657708,41364
ENSG00000259727,62899543,62895812,3731
ENSG00000253165,133777352,133775551,1801
ENSG00000254313,133786268,133786093,175
ENSG00000259394,62954124,62953173,951
ENSG00000132780,45618904,45583846,35058
ENSG00000224877,81241310,81239305,2005
ENSG00000114770,184017939,183919934,98005
ENSG00000232511,56674664,56667545,7119
ENSG00000094631,48824982,48801377,23605
ENSG00000263588,22098780,22088060,10720
ENSG00000186026,44089613,44072159,17454
ENSG00000159224,48968596,48958554,10042
ENSG00000215182,1201138,1157953,43185
ENSG00000100156,38084093,38078134,5959
ENSG00000230495,17599807,17599255,552
ENSG00000125868,17609919,17570075,39844
ENSG00000271095,21998840,21997648,1192
ENSG00000267022,44087318,44025354,61964
ENSG00000279377,21968529,21965708,2821
ENSG00000245864,88722831,88676218,46613
ENSG00000278550,1628886,1569973,58913
ENSG00000250555,88692859,88692651,208
ENSG00000275695,82454837,82445719,9118
ENSG00000250705,88603117,88602780,337
ENSG00000159885,44033110,44025342,7768
ENSG00000175309,178232802,178208471,24331
ENSG00000274229,38206380,38152644,53736
ENSG00000081189,88904257,88717117,187140
ENSG00000279353,74699658,74698231,1427
ENSG00000054938,74731385,74696429,34956
ENSG00000258558,30822702,30734926,87776
ENSG00000266010,22169878,22164886,4992
ENSG00000258648,30683598,30683045,553
ENSG00000178386,44067999,44051367,16632
ENSG00000261104,9109865,9106593,3272
ENSG00000137440,15938740,15935569,3171
ENSG00000244310,9116884,9115197,1687
ENSG00000240980,9146106,9143166,2940
ENSG00000167264,68079320,67987746,91574
ENSG00000276111,243500091,243256056,244035
ENSG00000238041,56690723,56690465,258
ENSG00000224045,135591975,135588002,3973
ENSG00000141448,22202528,22169589,32939
ENSG00000253593,133902407,133886496,15911
ENSG00000000938,27635185,27612064,23121
ENSG00000174914,56703884,56699095,4789
ENSG00000250105,66560384,66558866,1518
ENSG00000248746,66563334,66546395,16939
ENSG00000277576,133947335,133946677,658
ENSG00000240197,54294366,54294049,317
ENSG00000271240,133963259,133962992,267
ENSG00000276758,54296252,54296194,58
ENSG00000254953,56736462,56736316,146
ENSG00000229594,55635656,55633031,2625
ENSG00000236543,135618952,135604345,14607
ENSG00000169164,55657014,55654709,2305
ENSG00000226590,85159950,85159682,268
ENSG00000253627,134320447,134211865,108582
ENSG00000285556,85194283,85167346,26937
ENSG00000250442,116044045,116043407,638
ENSG00000162191,62679117,62676498,2619
ENSG00000181325,56741096,56740179,917
ENSG00000250627,116194751,116193997,754
ENSG00000285634,85443963,85370219,73744
ENSG00000249259,116297160,115922015,375145
ENSG00000227412,85494094,85492579,1515
ENSG00000142698,34219131,34166883,52248
ENSG00000278603,82472426,82472203,223
ENSG00000255769,82513950,82472993,40957
ENSG00000266283,22205229,22200619,4610
ENSG00000083750,55758774,55717739,41035
ENSG00000264012,22176662,22175465,1197
ENSG00000100558,67412167,67386984,25183
ENSG00000278001,41701096,41700682,414
ENSG00000274688,41700696,41700480,216
ENSG00000275297,41764175,41760088,4087
ENSG00000255883,73509254,73508685,569
ENSG00000169242,155134899,155127876,7023
ENSG00000100416,46357340,46330875,26465
ENSG00000272720,38091559,38090127,1432
ENSG00000128298,38110684,38084900,25784
ENSG00000251431,54298814,54298105,709
ENSG00000234436,54306026,54301758,4268
ENSG00000274970,12440404,12439419,985
ENSG00000276710,82477258,82459472,17786
ENSG00000270935,27269229,27268113,1116
ENSG00000253848,93744534,93741193,3341
ENSG00000269504,22050005,22017959,32046
ENSG00000165370,137033847,137027447,6400
ENSG00000214748,137325049,137324972,77
ENSG00000237584,137441836,137441258,578
ENSG00000143891,38741237,38666081,75156
ENSG00000224765,137564387,137556191,8196
ENSG00000261292,97761532,97759523,2009
ENSG00000274779,15380303,15317897,62406
ENSG00000283692,137981763,137573752,408011
ENSG00000256915,65663299,65644334,18965
ENSG00000123570,103832257,103822327,9930
ENSG00000229562,137662242,137660519,1723
ENSG00000213344,65646462,65645992,470
ENSG00000156925,137577691,137566127,11564
ENSG00000231787,103904754,103904322,432
ENSG00000276298,103909449,103909126,323
ENSG00000234345,103911352,103910305,1047
ENSG00000137441,15969309,15960245,9064
ENSG00000227067,103962279,103961811,468
ENSG00000187391,79453667,78017055,1436612
ENSG00000158427,103966712,103918896,47816
ENSG00000185250,109441171,109390215,50956
ENSG00000249069,54415125,54320944,94181
ENSG00000277945,65831050,65830750,300
ENSG00000092439,50686797,50552473,134324
ENSG00000197301,65882167,65851340,30827
ENSG00000007062,16084378,15963076,121302
ENSG00000251597,54400033,54399439,594
ENSG00000180376,56621818,56557161,64657
ENSG00000215441,27610745,27608382,2363
ENSG00000261046,35554001,35552909,1092
ENSG00000177710,11332208,11330888,1320
ENSG00000232518,38671421,38668202,3219
ENSG00000149948,65966295,65824131,142164
ENSG00000260390,27844481,27829276,15205
ENSG00000234497,74626098,74577430,48668
ENSG00000270394,116300320,116298876,1444
ENSG00000178965,74673792,74568117,105675
ENSG00000231728,103919548,103917411,2137
ENSG00000230312,103929017,103928099,918
ENSG00000131386,16231992,16174680,57312
ENSG00000111700,20916911,20810702,106209
ENSG00000056998,2882820,2828822,53998
ENSG00000115590,102028544,101991960,36584
ENSG00000197451,178211163,178204533,6630
ENSG00000232712,21218289,21154023,64266
ENSG00000256658,12724011,12723297,714
ENSG00000260134,35575494,35574834,660
ENSG00000260746,35645180,35636687,8493
ENSG00000152082,130190729,130181737,8992
ENSG00000259791,35640582,35640029,553
ENSG00000241336,155243144,155240945,2199
ENSG00000275580,49344254,49343608,646
ENSG00000140285,49488775,49423178,65597
ENSG00000173226,121835079,121769761,65318
ENSG00000240045,155293683,155290227,3456
ENSG00000168209,72276036,72273924,2112
ENSG00000242790,155294176,155291188,2988
ENSG00000239443,155309807,155309427,380
ENSG00000168140,4383538,4371848,11690
ENSG00000270296,12771705,12771351,354
ENSG00000213782,12829981,12813316,16665
ENSG00000269926,72275980,72274915,1065
ENSG00000233684,342118,317912,24206
ENSG00000236856,416885,388412,28473
ENSG00000226277,422303,421057,1246
ENSG00000280063,4348648,4346694,1954
ENSG00000270244,76886370,76886029,341
ENSG00000223985,492655,490944,1711
ENSG00000103426,4420494,4340251,80243
ENSG00000242727,76891445,76891034,411
ENSG00000284452,496633,495731,902
ENSG00000257046,21090245,20815674,274571
ENSG00000234171,3561745,3558492,3253
ENSG00000186212,76898147,76894928,3219
ENSG00000225942,546667,545805,862
ENSG00000233633,578145,558204,19941
ENSG00000259467,49156847,49156329,518
ENSG00000276593,49354034,49353485,549
ENSG00000148719,72355149,72332830,22319
ENSG00000136699,130182750,130151392,31358
ENSG00000170315,16382745,16380798,1947
ENSG00000260412,27944497,27937617,6880
ENSG00000234288,131425239,131424301,938
ENSG00000232787,131596987,131596121,866
ENSG00000242610,131398957,131398072,885
ENSG00000169271,54456377,54455699,678
ENSG00000230973,131437670,131437055,615
ENSG00000125454,75289510,75272981,16529
ENSG00000224955,28599292,28598668,624
ENSG00000229060,28149236,28148211,1025
ENSG00000174482,28670286,27948078,722208
ENSG00000113811,53891962,53884417,7545
ENSG00000278035,36234297,36233851,446
ENSG00000179460,20583206,20582072,1134
ENSG00000119203,9473101,9423651,49450
ENSG00000131043,36270918,36236459,34459
ENSG00000225251,13058676,13057902,774
ENSG00000257062,21176895,21047179,129716
ENSG00000151468,13099652,12896625,203027
ENSG00000178996,54546586,54517759,28827
ENSG00000265401,16382669,16382152,517
ENSG00000260992,99088625,99087819,806
ENSG00000100258,50507702,50502949,4753
ENSG00000230871,99174490,99173593,897
ENSG00000233778,92144435,92144088,347
ENSG00000262246,4425705,4354542,71163
ENSG00000253118,92352148,92351912,236
ENSG00000280159,54645987,54643557,2430
ENSG00000242983,54048793,54047749,1044
ENSG00000285654,16253130,16252123,1007
ENSG00000253682,92413645,92403545,10100
ENSG00000230276,29254426,29254075,351
ENSG00000142459,7864976,7830233,34743
ENSG00000253749,92421798,92420850,948
ENSG00000235763,13104793,13104574,219
ENSG00000253634,92655569,92460539,195030
ENSG00000285520,12965275,12877459,87816
ENSG00000123569,104013687,104011147,2540
ENSG00000241749,65826997,65758020,68977
ENSG00000253177,92679594,92668836,10758
ENSG00000231525,20590085,20588990,1095
ENSG00000256083,65948479,65934777,13702
ENSG00000258203,48011227,48005277,5950
ENSG00000254020,92725111,92723024,2087
ENSG00000253577,92776451,92765702,10749
ENSG00000134538,21239246,21131202,108044
ENSG00000248858,92879502,92699742,179760
ENSG00000101812,104042454,104039949,2505
ENSG00000131981,55145423,55124110,21313
ENSG00000135587,109443919,109440724,3195
ENSG00000232326,32929495,32912700,16795
ENSG00000255020,11347502,11345748,1754
ENSG00000247228,70173448,70156340,17108
ENSG00000282247,15351605,15351236,369
ENSG00000214688,71737824,71711701,26123
ENSG00000154316,11368452,11339637,28815
ENSG00000158553,27312170,27285903,26267
ENSG00000157335,70187361,70173322,14039
ENSG00000171346,41522529,41513745,8784
ENSG00000242461,113054435,113054062,373
ENSG00000135144,113098028,113056709,41319
ENSG00000249916,122383568,122369762,13806
ENSG00000142552,49546962,49528003,18959
ENSG00000272139,122311673,122311297,376
ENSG00000178878,12829975,12725917,104058
ENSG00000235483,2853760,2852740,1020
ENSG00000250272,116379269,116378919,350
ENSG00000168748,66854153,66844414,9739
ENSG00000163946,56683237,56620133,63104
ENSG00000248139,116430892,116425983,4909
ENSG00000259254,40646857,40642933,3924
ENSG00000250791,116515146,116489364,25782
ENSG00000256157,20845260,20845065,195
ENSG00000266900,62247412,62245810,1602
ENSG00000137812,40664342,40594020,70322
ENSG00000205754,21092745,20962768,129977
ENSG00000213493,116599611,116598161,1450
ENSG00000134444,62310217,62187255,122962
ENSG00000242048,151810820,151806490,4330
ENSG00000254783,86284668,86283927,741
ENSG00000206283,33227229,33218133,9096
ENSG00000271053,116858973,116858093,880
ENSG00000232296,202028692,202028606,86
ENSG00000235811,202039934,202039851,83
ENSG00000227109,202096978,202096759,219
ENSG00000174599,117085576,117083554,2022
ENSG00000277289,52532051,52531709,342
ENSG00000227058,52547695,52545151,2544
ENSG00000231593,52562301,52561769,532
ENSG00000106617,151877125,151556124,321001
ENSG00000255222,86295576,86294760,816
ENSG00000228771,52586312,52583989,2323
ENSG00000260522,35722529,35722268,261
ENSG00000223605,117250188,117249924,264
ENSG00000185319,52603289,52598494,4795
ENSG00000270690,65459534,65458574,960
ENSG00000259232,65475614,65475318,296
ENSG00000170075,202133592,202122917,10675
ENSG00000168904,99390729,99251362,139367
ENSG00000141540,74262020,74213571,48449
ENSG00000074603,65517704,65442463,75241
ENSG00000230534,35127020,35098006,29014
ENSG00000143862,202144743,202133404,11339
ENSG00000154319,11475908,11421476,54432
ENSG00000269952,35210750,35210416,334
ENSG00000233343,35158640,35158306,334
ENSG00000126456,49665875,49659569,6306
ENSG00000261122,35756515,35743268,13247
ENSG00000166183,104115582,104085686,29896
ENSG00000095794,35212958,35126791,86167
ENSG00000151693,9405683,9206765,198918
ENSG00000258122,66853448,66841433,12015
ENSG00000197185,52611758,52606535,5223
ENSG00000272864,74699333,74698769,564
ENSG00000159593,66873256,66802875,70381
ENSG00000260611,35786887,35785569,1318
ENSG00000261620,35803280,35802869,411
ENSG00000054690,67589612,67533301,56311
ENSG00000261515,35837732,35836886,846
ENSG00000253197,92965645,92882984,82661
ENSG00000234792,52613523,52612656,867
ENSG00000251347,92974738,92972575,2163
ENSG00000261782,35879498,35879036,462
ENSG00000205133,93017673,92883530,134143
ENSG00000157637,81295547,81244811,50736
ENSG00000206282,33228152,33220485,7667
ENSG00000234005,99190991,99190579,412
ENSG00000184608,11438658,11368402,70256
ENSG00000111344,113136239,113098819,37420
ENSG00000090006,40629818,40592883,36935
ENSG00000226810,54858491,54857272,1219
ENSG00000232517,54872551,54808210,64341
ENSG00000277646,29318952,29317833,1119
ENSG00000263276,68227734,68224713,3021
ENSG00000228354,52657254,52655207,2047
ENSG00000218502,99215758,99215372,386
ENSG00000225397,52722524,52722338,186
ENSG00000229834,29636853,29636486,367
ENSG00000226867,52785786,52781452,4334
ENSG00000228808,99372686,99372173,513
ENSG00000182810,68023442,68021274,2168
ENSG00000241476,52707189,52696896,10293
ENSG00000134882,99386434,99200774,185660
ENSG00000154813,16264969,16257061,7908
ENSG00000262514,68200981,68199795,1186
ENSG00000223882,184011419,184006338,5081
ENSG00000261864,68122271,68077340,44931
ENSG00000263843,75273895,75271369,2526
ENSG00000239510,58564616,58564146,470
ENSG00000279959,56127466,56127236,230
ENSG00000072736,68229259,68084751,144508
ENSG00000198488,77041973,77034398,7575
ENSG00000213402,67437682,67435510,2172
ENSG00000230097,29826711,29824742,1969
ENSG00000270210,28426719,28425945,774
ENSG00000249843,54878588,54878238,350
ENSG00000172725,67443821,67435510,8311
ENSG00000227938,28450184,28448167,2017
ENSG00000280683,30575012,30388935,186077
ENSG00000232060,30559481,30558880,601
ENSG00000249016,54957846,54956235,1611
ENSG00000213598,58795029,58794654,375
ENSG00000258583,59017532,58646631,370901
ENSG00000264272,74262020,74256896,5124
ENSG00000213772,9271628,9271292,336
ENSG00000220758,27325768,27324894,874
ENSG00000137814,42569994,42548828,21166
ENSG00000119185,9423547,9403475,20072
ENSG00000120675,43114213,43023203,91010
ENSG00000187754,52654900,52644090,10810
ENSG00000258734,58828176,58827679,497
ENSG00000165617,58648321,58633967,14354
ENSG00000259684,50560500,50557601,2899
ENSG00000223958,52709933,52707602,2331
ENSG00000268447,52790305,52751132,39173
ENSG00000228889,99200710,99196377,4333
ENSG00000276101,81251803,81251194,609
ENSG00000279187,81265401,81262920,2481
ENSG00000197332,11686569,11639776,46793
ENSG00000169508,99307399,99294539,12860
ENSG00000214223,11667030,11666069,961
ENSG00000267500,11652877,11648364,4513
ENSG00000269742,22066398,22065828,570
ENSG00000197134,22091480,22052430,39050
ENSG00000267343,11686259,11680944,5315
ENSG00000125245,99261744,99254714,7030
ENSG00000167994,61920269,61897301,22968
ENSG00000100564,67600286,67581955,18331
ENSG00000265095,16391882,16391434,448
ENSG00000118804,76311599,76306026,5573
ENSG00000153064,102074812,101411286,663526
ENSG00000164331,73565667,73552190,13477
ENSG00000189157,76283783,76214040,69743
ENSG00000090857,70162537,70113626,48911
ENSG00000255177,1249676,1242261,7415
ENSG00000117983,1262172,1223066,39106
ENSG00000249689,139493105,139492538,567
ENSG00000264739,16416689,16414524,2165
ENSG00000239203,16428719,16427474,1245
ENSG00000249215,139496116,139494256,1860
ENSG00000187688,16437003,16415571,21432
ENSG00000269505,22130318,22128627,1691
ENSG00000167685,56160893,56132599,28294
ENSG00000277741,82526412,82519590,6822
ENSG00000100154,28679865,27978014,701851
ENSG00000268116,22130489,22130325,164
ENSG00000237275,52687633,52687363,270
ENSG00000157965,52632895,52624998,7897
ENSG00000225508,52677051,52672718,4333
ENSG00000269281,52771080,52770809,271
ENSG00000229826,52736107,52735901,206
ENSG00000279666,35904916,35903117,1799
ENSG00000268140,22138981,22137931,1050
ENSG00000269575,22141117,22140532,585
ENSG00000261084,35912516,35912120,396
ENSG00000269345,22175191,22174766,425
ENSG00000218418,80070199,80064286,5913
ENSG00000198133,67533739,67447084,86655
ENSG00000267560,62300998,62300036,962
ENSG00000286074,76200666,76148561,52105
ENSG00000096401,44450425,44387706,62719
ENSG00000138760,76234536,76158737,75799
ENSG00000175336,56362857,56360568,2289
ENSG00000164338,73583380,73565443,17937
ENSG00000259228,99285576,99284625,951
ENSG00000198830,26476642,26472440,4202
ENSG00000259257,99338481,99337857,624
ENSG00000274823,56377331,56376818,513
ENSG00000162623,74766678,74733152,33526
ENSG00000259706,99260015,99257632,2383
ENSG00000259099,56382711,56380361,2350
ENSG00000261822,42569994,42567031,2963
ENSG00000276272,56413190,56411944,1246
ENSG00000239792,30671966,30670964,1002
ENSG00000274569,56414045,56413647,398
ENSG00000282527,97821884,97800733,21151
ENSG00000113966,97801229,97764521,36708
ENSG00000279794,56150490,56149817,673
ENSG00000269898,85744225,85743287,938
ENSG00000154102,85751129,85690084,61045
ENSG00000228358,117372852,117360625,12227
ENSG00000235954,28008581,27919376,89205
ENSG00000223615,107115954,107115784,170
ENSG00000225531,107117557,107116829,728
ENSG00000226047,107121705,107117459,4246
ENSG00000240535,55042844,55021299,21545
ENSG00000170759,32056425,32009015,47410
ENSG00000226301,60387995,60387262,733
ENSG00000266922,11730783,11725961,4822
ENSG00000251396,60516795,60384588,132207
ENSG00000197933,11739009,11721265,17744
ENSG00000149571,127003460,126423358,580102
ENSG00000224932,117360639,117314597,46042
ENSG00000236212,34256343,34209526,46817
ENSG00000231307,38538458,38537758,700
ENSG00000113088,55034570,55024253,10317
ENSG00000226535,107171148,107169569,1579
ENSG00000116791,74733408,74705482,27926
ENSG00000170471,38578859,38472816,106043
ENSG00000237530,44526754,44525259,1495
ENSG00000281120,79177210,79139829,37381
ENSG00000275393,85697868,85697335,533
ENSG00000226230,78487028,78486530,498
ENSG00000231322,78359458,78347142,12316
ENSG00000164283,55022671,54977867,44804
ENSG00000206284,33218358,33207935,10423
ENSG00000185238,20509338,20387558,121780
ENSG00000234456,79471208,79452877,18331
ENSG00000078902,1309654,1274371,35283
ENSG00000180957,27920134,27851669,68465
ENSG00000185798,196568674,196554177,14497
ENSG00000105255,4323843,4304598,19245
ENSG00000230356,34752053,34750253,1800
ENSG00000235379,34711480,34710757,723
ENSG00000197085,34871582,34346512,525070
ENSG00000174013,196589059,196568611,20448
ENSG00000226384,30904817,30898895,5922
ENSG00000224129,26520250,26519354,896
ENSG00000187258,34878332,34658239,220093
ENSG00000166984,167196913,167146414,50499
ENSG00000109445,141234697,141220887,13810
ENSG00000204007,135639540,135623656,15884
ENSG00000137727,110713189,110577042,136147
ENSG00000145901,151093577,151029945,63632
ENSG00000120436,167158329,167156271,2058
ENSG00000226875,21266465,21265854,611
ENSG00000215014,1577075,1574102,2973
ENSG00000160075,1574863,1541673,33190
ENSG00000182774,82540564,82536750,3814
ENSG00000239911,151879223,151877042,2181
ENSG00000088930,21389825,21303331,86494
ENSG00000143851,202161588,202147013,14575
ENSG00000169241,155138857,155135344,3513
ENSG00000279358,126937150,126934886,2264
ENSG00000254938,126940659,126920188,20471
ENSG00000278215,126376893,126376773,120
ENSG00000264825,22228029,22213778,14251
ENSG00000254960,126945090,126940746,4344
ENSG00000146966,140673993,140518420,155573
ENSG00000273348,22348252,22347846,406
ENSG00000251461,49013725,49004731,8994
ENSG00000251550,49037429,49037122,307
ENSG00000218109,127006058,127002910,3148
ENSG00000250838,48997492,48995266,2226
ENSG00000159217,49056145,48997385,58760
ENSG00000133246,8502640,8490056,12584
ENSG00000113282,157859175,157785743,73432
ENSG00000136717,127107288,127048027,59261
ENSG00000135049,85742029,85546539,195490
ENSG00000281008,78134851,78134079,772
ENSG00000229110,79125750,79124739,1011
ENSG00000226978,79012277,79008988,3289
ENSG00000137947,88891944,88852633,39311
ENSG00000280958,78170915,78170195,720
ENSG00000251276,78940895,78939850,1045
ENSG00000285892,78448999,78392626,56373
ENSG00000222024,79354392,79353410,982
ENSG00000136270,45112047,45100100,11947
ENSG00000215210,30690272,30689105,1167
ENSG00000166747,71809201,71729000,80201
ENSG00000212710,22417915,22413601,4314
ENSG00000259462,82692820,82647770,45050
ENSG00000276336,1645747,1633858,11889
ENSG00000270855,22419294,22418829,465
ENSG00000214575,82648861,82543201,105660
ENSG00000184786,169751587,169740109,11478
ENSG00000275457,21303704,21302731,973
ENSG00000237207,41975768,41974362,1406
ENSG00000270909,41983753,41979352,4401
ENSG00000138663,83075818,83034447,41371
ENSG00000154529,42129510,41890314,239196
ENSG00000239508,155457753,155449184,8569
ENSG00000204789,27360221,27357825,2396
ENSG00000248772,155375790,155375683,107
ENSG00000242925,155487121,155485803,1318
ENSG00000258560,100074878,100052803,22075
ENSG00000114805,155745067,155375580,369487
ENSG00000229928,43159466,43158631,835
ENSG00000196405,100144236,99971449,172787
ENSG00000186912,70259764,70258170,1594
ENSG00000273808,15393236,15389326,3910
ENSG00000276569,43181193,43179501,1692
ENSG00000235308,88923844,88923370,474
ENSG00000282705,15463457,15448713,14744
ENSG00000251149,101972798,101972423,375
ENSG00000286124,101649974,101640946,9028
ENSG00000251309,102036903,101976894,60009
ENSG00000124613,27403904,27374615,29289
ENSG00000241097,74738796,74738478,318
ENSG00000227615,74746114,74745716,398
ENSG00000230985,30917183,30898953,18230
ENSG00000170584,163460102,163446526,13576
ENSG00000120500,70281840,70268305,13535
ENSG00000004846,20777038,20615207,161831
ENSG00000286269,117657312,117648832,8480
ENSG00000236922,117691188,117406166,285022
ENSG00000113328,163446151,163437569,8582
ENSG00000213492,117576174,117574512,1662
ENSG00000237684,117414279,117413462,817
ENSG00000176619,2456959,2427638,29321
ENSG00000279277,108039916,108032456,7460
ENSG00000149196,86345943,86302211,43732
ENSG00000261490,10073019,10068089,4930
ENSG00000166840,59043527,58905398,138129
ENSG00000272414,76311129,76251721,59408
ENSG00000090266,140722790,140690777,32013
ENSG00000279571,127690840,127690098,742
ENSG00000160401,127716002,127706988,9014
ENSG00000160087,1273885,1253909,19976
ENSG00000178297,2426239,2360238,66001
ENSG00000235626,30774732,30773464,1268
ENSG00000226246,30800746,30799471,1275
ENSG00000233278,30832225,30831878,347
ENSG00000065057,2047866,2039815,8051
ENSG00000214020,30935977,30935485,492
ENSG00000228557,30990572,30988085,2487
ENSG00000167094,127731590,127716079,15511
ENSG00000261239,46569097,46469341,99756
ENSG00000179085,155140595,155139891,704
ENSG00000223452,155148813,155148544,269
ENSG00000275197,25225665,25225103,562
ENSG00000205707,25209645,25195216,14429
ENSG00000254572,122614486,122613444,1042
ENSG00000254935,122619274,122618851,423
ENSG00000161526,75708062,75667251,40811
ENSG00000136854,127696027,127579370,116657
ENSG00000255523,58928689,58917015,11674
ENSG00000254399,59050971,59042737,8234
ENSG00000237977,30902781,30902219,562
ENSG00000077147,96587452,96518110,69342
ENSG00000254786,58999689,58995439,4250
ENSG00000255240,59058659,58933643,125016
ENSG00000285909,122851617,122751147,100470
ENSG00000184792,30907824,30693782,214042
ENSG00000154127,122814473,122655722,158751
ENSG00000186710,113159276,113149858,9418
ENSG00000099800,2427586,2425625,1961
ENSG00000255189,58994120,58978787,15333
ENSG00000254877,58968291,58967596,695
ENSG00000235169,3775982,3772761,3221
ENSG00000123064,113185479,113157174,28305
ENSG00000239490,22587227,22586465,762
ENSG00000274987,25211233,25210652,581
ENSG00000157764,140924928,140719327,205601
ENSG00000133703,25250936,25204789,46147
ENSG00000172457,56748697,56741223,7474
ENSG00000275008,54752516,54738018,14498
ENSG00000243518,155403399,155401329,2070
ENSG00000109943,122872643,122838500,34143
ENSG00000148386,135666422,135663322,3100
ENSG00000239212,155658612,155657760,852
ENSG00000251418,148527139,148526493,646
ENSG00000214919,155743726,155742142,1584
ENSG00000220949,11759933,11756533,3400
ENSG00000242152,155433398,155431229,2169
ENSG00000175003,160158718,160121815,36903
ENSG00000275062,54736023,54723963,12060
ENSG00000216966,167208897,167208631,266
ENSG00000280707,167237511,167228300,9211
ENSG00000236041,2771577,2771356,221
ENSG00000118513,135219173,135181308,37865
ENSG00000231720,167240480,167237508,2972
ENSG00000254825,56751902,56751023,879
ENSG00000053918,2849110,2444684,404426
ENSG00000181296,56776206,56775261,945
ENSG00000282314,15695719,15693630,2089
ENSG00000126453,49673916,49665142,8774
ENSG00000275543,15498390,15480860,17530
ENSG00000270040,39206957,39206512,445
ENSG00000260765,55750111,55728115,21996
ENSG00000262160,68229145,68225969,3176
ENSG00000242329,12841079,12840804,275
ENSG00000261469,68237667,68236845,822
ENSG00000279621,68200981,68199841,1140
ENSG00000263201,68015911,68013436,2475
ENSG00000278823,15710184,15519415,190769
ENSG00000280909,195685904,195658096,27808
ENSG00000127603,39487177,39081316,405861
ENSG00000145734,71567820,71455651,112169
ENSG00000112062,36111236,36027677,83559
ENSG00000280993,195776180,195658062,118118
ENSG00000231292,113406872,113406396,476
ENSG00000234997,113425324,113424495,829
ENSG00000101773,23026488,22798261,228227
ENSG00000272563,113436042,113432600,3442
ENSG00000124253,57568121,57561080,7041
ENSG00000112282,131628242,131573966,54276
ENSG00000213516,88992960,88979456,13504
ENSG00000239927,30336806,30319231,17575
ENSG00000148660,73874591,73812501,62090
ENSG00000283496,133352529,133309410,43119
ENSG00000232065,196632587,196631498,1089
ENSG00000165828,133352683,133347368,5315
ENSG00000128590,108574850,108569867,4983
ENSG00000137944,88992953,88935773,57180
ENSG00000163964,196736007,196639775,96232
ENSG00000281819,56205625,56205125,500
ENSG00000277140,15728320,15679520,48800
ENSG00000243323,202189455,202168051,21404
ENSG00000263150,56211820,56210873,947
ENSG00000250357,148694323,148693032,1291
ENSG00000130643,133336935,133324072,12863
ENSG00000225176,148703832,148703526,306
ENSG00000235677,96560922,96560185,737
ENSG00000277271,54712937,54707923,5014
ENSG00000204661,179645046,179641544,3502
ENSG00000135241,108569666,108470417,99249
ENSG00000279016,148819956,148819351,605
ENSG00000232514,48497736,48497263,473
ENSG00000259637,82534139,82531653,2486
ENSG00000229851,2906081,2904904,1177
ENSG00000259707,82692358,82691723,635
ENSG00000249317,148942378,148940941,1437
ENSG00000185499,155192916,155185824,7092
ENSG00000260836,82573194,82536788,36406
ENSG00000006756,2929349,2903972,25377
ENSG00000284803,82540008,82533175,6833
ENSG00000249752,149062522,149027445,35077
ENSG00000235245,133295977,133295187,790
ENSG00000103723,82709914,82659281,50633
ENSG00000198546,133313162,133308914,4248
ENSG00000275626,54852194,54835435,16759
ENSG00000269821,2699994,2608328,91666
ENSG00000229414,2861568,2840135,21433
ENSG00000240216,149291800,149229356,62444
ENSG00000139405,113192368,113185526,6842
ENSG00000230306,133344906,133344643,263
ENSG00000262851,56233185,56232106,1079
ENSG00000130640,133312337,133278630,33707
ENSG00000262712,4337818,4335870,1948
ENSG00000163762,149334414,149318498,15916
ENSG00000217930,4355607,4331549,24058
ENSG00000223866,20641948,20641558,390
ENSG00000229565,117869948,117834401,35547
ENSG00000223533,31203155,31187361,15794
ENSG00000240833,30316053,30224388,91665
ENSG00000257286,113192161,113185624,6537
ENSG00000066322,43368074,43363398,4676
ENSG00000174007,196712250,196706277,5973
ENSG00000225602,11149537,11143898,5639
ENSG00000224619,30317069,30280729,36340
ENSG00000253536,71476316,71475761,555
ENSG00000247911,71537846,71537652,194
ENSG00000198793,11262507,11106535,155972
ENSG00000183248,7874390,7868719,5671
ENSG00000174004,196662004,196639694,22310
ENSG00000244468,149333653,149284782,48871
ENSG00000268120,7871296,7870561,735
ENSG00000225622,16224535,16223750,785
ENSG00000168350,100159645,100143957,15688
ENSG00000166439,74842413,74748849,93564
ENSG00000198408,101818465,101784443,34022
ENSG00000168495,22254601,22245133,9468
ENSG00000242888,99975149,99974336,813
ENSG00000258693,99978098,99977115,983
ENSG00000228695,55793960,55760566,33394
ENSG00000166435,74949200,74807739,141461
ENSG00000166578,113221094,113195441,25653
ENSG00000250252,149149780,149147802,1978
ENSG00000248210,149278123,149154295,123828
ENSG00000277566,113250042,113249466,576
ENSG00000147127,70285002,70282093,2909
ENSG00000225623,49472085,49374201,97884
ENSG00000162373,48776969,48727519,49450
ENSG00000186815,113298585,113221050,77535
ENSG00000184588,66374579,65792514,582065
ENSG00000233970,693235,692083,1152
ENSG00000143727,278283,264140,14143
ENSG00000257985,48025469,48011304,14165
ENSG00000151353,677406,663877,13529
ENSG00000257955,48025382,48019771,5611
ENSG00000235946,104063037,104062542,495
ENSG00000276814,48040761,48039784,977
ENSG00000282074,15600484,15480860,119624
ENSG00000269226,104076212,104063871,12341
ENSG00000226699,133350726,133345754,4972
ENSG00000241352,12851740,12850982,758
ENSG00000182165,87345515,87325225,20290
ENSG00000269743,104157009,104099214,57795
ENSG00000232540,43394825,43394525,300
ENSG00000238189,43459484,43458465,1019
ENSG00000274843,195738792,195719081,19711
ENSG00000120658,43786908,43213518,573390
ENSG00000186094,50023954,48532854,1491100
ENSG00000229929,30333651,30316398,17253
ENSG00000166707,104115846,104112131,3715
ENSG00000213434,183484185,183483490,695
ENSG00000232648,183504494,183494938,9556
ENSG00000261356,46572136,46571537,599
ENSG00000168556,183512429,183505058,7371
ENSG00000233296,697371,677186,20185
ENSG00000234498,12876107,12875499,608
ENSG00000260251,46575094,46573763,1331
ENSG00000123575,104195902,104166453,29449
ENSG00000280360,688348,687799,549
ENSG00000215887,49846400,49841821,4579
ENSG00000231006,108510976,108510233,743
ENSG00000230114,49269285,49257411,11874
ENSG00000177683,108569750,108554543,15207
ENSG00000229846,49187585,49025595,161990
ENSG00000013588,12917937,12890782,27155
ENSG00000233595,50017503,50017092,411
ENSG00000156860,30670814,30658431,12383
ENSG00000233821,43548056,43543918,4138
ENSG00000279324,49996218,49994318,1900
ENSG00000237478,49691523,49691262,261
ENSG00000223672,13323450,13322806,644
ENSG00000271755,27406964,27404010,2954
ENSG00000227297,57601200,57599695,1505
ENSG00000168005,63827716,63813456,14260
ENSG00000270547,13433053,13406380,26673
ENSG00000174080,66568841,66563464,5377
ENSG00000275731,54833565,54819083,14482
ENSG00000237154,27407996,27407697,299
ENSG00000233252,12673883,12673699,184
ENSG00000226197,13487511,13446491,41020
ENSG00000140259,43824690,43804492,20198
ENSG00000096654,27473118,27450743,22375
ENSG00000250905,149711149,149666057,45092
ENSG00000265939,22900995,22900486,509
ENSG00000171241,46621379,46578591,42788
ENSG00000265943,22933764,22699481,234283
ENSG00000234828,149896233,149351903,544330
ENSG00000273232,22883357,22882825,532
ENSG00000266850,22907721,22723491,184230
ENSG00000285849,27457575,27454568,3007
ENSG00000205636,13945610,13927971,17639
ENSG00000229268,13987909,13986175,1734
ENSG00000235533,14030115,14025971,4144
ENSG00000283057,71777834,71777603,231
ENSG00000183981,138483695,138482745,950
ENSG00000255121,118998004,118994824,3180
ENSG00000276561,616257,612805,3452
ENSG00000224940,128361685,128350325,11360
ENSG00000258390,95581956,95573562,8394
ENSG00000158290,120575794,120524609,51185
ENSG00000251482,149790303,149789952,351
ENSG00000261738,5876328,5748819,127509
ENSG00000272744,183517527,183516894,633
ENSG00000258927,95643285,95620914,22371
ENSG00000262686,4328340,4324667,3673
ENSG00000126603,4339597,4314761,24836
ENSG00000285904,140669476,140640909,28567
ENSG00000270038,95645232,95644508,724
ENSG00000240889,140697077,140695336,1741
ENSG00000133597,140696261,140672945,23316
ENSG00000226936,33200425,33198732,1693
ENSG00000182552,183659203,183639635,19568
ENSG00000206432,5895955,5882072,13883
ENSG00000271003,95616592,95607073,9519
ENSG00000236026,95607152,95606924,228
ENSG00000254064,22275162,22254576,20586
ENSG00000270193,95617233,95616492,741
ENSG00000065618,104085957,104031286,54671
ENSG00000264449,5909122,5887487,21635
ENSG00000204699,95626236,95625213,1023
ENSG00000270241,34277292,34276859,433
ENSG00000275497,95636106,95633850,2256
ENSG00000235959,95640604,95640181,423
ENSG00000236750,95641980,95641634,346
ENSG00000235584,95668715,95666084,2631
ENSG00000185022,38216507,38200767,15740
ENSG00000237510,95800166,95789654,10512
ENSG00000111291,12952147,12940775,11372
ENSG00000251463,118194751,118193405,1346
ENSG00000177694,175810548,174438573,1371975
ENSG00000164100,118258634,118033618,225016
ENSG00000163491,27369460,27110085,259375
ENSG00000013583,13000265,12974870,25395
ENSG00000267281,53625979,53506688,119291
ENSG00000187969,74305031,74304190,841
ENSG00000285692,53621218,53531752,89466
ENSG00000248747,141278789,141240739,38050
ENSG00000170653,53626410,53507856,118554
ENSG00000248810,141332618,141319450,13168
ENSG00000247498,12984645,12927726,56919
ENSG00000184381,38205690,38111495,94195
ENSG00000250189,141407586,141405172,2414
ENSG00000254987,103895271,103675994,219277
ENSG00000227713,731224,724966,6258
ENSG00000272632,141431284,141430831,453
ENSG00000250141,141576077,141569931,6146
ENSG00000256011,12963539,12962300,1239
ENSG00000111602,56449426,56416363,33063
ENSG00000258737,74306527,74305425,1102
ENSG00000160870,99735196,99684957,50239
ENSG00000133980,74360008,74303069,56939
ENSG00000204371,31897687,31879759,17928
ENSG00000138758,77040384,76949703,90681
ENSG00000264829,75679967,75679474,493
ENSG00000264270,75684799,75683543,1256
ENSG00000005469,87399795,87345681,54114
ENSG00000171819,11195981,11189355,6626
ENSG00000277938,25231933,25229150,2783
ENSG00000274414,25245229,25239007,6222
ENSG00000236241,175676801,175675087,1714
ENSG00000225552,175776333,175773145,3188
ENSG00000255548,103946546,103945548,998
ENSG00000255236,68130518,68122053,8465
ENSG00000170962,104164379,103907189,257190
ENSG00000230292,175115242,175079307,35935
ENSG00000079387,48106079,48042897,63182
ENSG00000157399,2968310,2934632,33678
ENSG00000233350,30232212,30228650,3562
ENSG00000118520,131584332,131573144,11188
ENSG00000214192,175718670,175718231,439
ENSG00000226779,175271096,175234861,36235
ENSG00000242227,30256896,30249542,7354
ENSG00000230497,175060031,175059361,670
ENSG00000255485,56790965,56790206,759
ENSG00000135577,142088799,142058330,30469
ENSG00000165643,135699528,135693407,6121
ENSG00000249654,54321212,54320204,1008
ENSG00000250507,54331434,54328272,3162
ENSG00000275210,54337168,54308915,28253
ENSG00000227379,25368766,25368275,491
ENSG00000239961,54339162,54333185,5977
ENSG00000276952,25285588,25284915,673
ENSG00000238173,11233112,11232963,149
ENSG00000245526,88691041,88507546,183495
ENSG00000282301,99735093,99685226,49867
ENSG00000100997,25390983,25294743,96240
ENSG00000261897,56253222,56252200,1022
ENSG00000236822,142089219,142088233,986
ENSG00000270983,142063053,142062717,336
ENSG00000262784,56276619,56275639,980
ENSG00000262611,56291090,56290053,1037
ENSG00000227466,66050718,66042500,8218
ENSG00000170967,104039188,104036580,2608
ENSG00000276925,47469987,47469777,210
ENSG00000280712,56297471,56296541,930
ENSG00000274481,1583909,1583510,399
ENSG00000114650,47477126,47413681,63445
ENSG00000262755,56319245,56318307,938
ENSG00000035115,266398,217730,48668
ENSG00000281773,56332488,56331347,1141
ENSG00000205025,56820422,56801856,18566
ENSG00000260918,47438959,47431960,6999
ENSG00000237248,9257960,9240003,17957
ENSG00000164136,141733987,141636583,97404
ENSG00000228259,179652457,179651284,1173
ENSG00000282277,99700034,99685145,14889
ENSG00000231503,9240331,9239986,345
ENSG00000280617,56336068,56335142,926
ENSG00000241356,56820516,56819573,943
ENSG00000256069,9275817,9228533,47284
ENSG00000232931,95816215,95807118,9097
ENSG00000187116,54313139,54307070,6069
ENSG00000226515,74342860,74342713,147
ENSG00000163606,112975103,112921205,53898
ENSG00000256427,9261050,9240406,20644
ENSG00000121057,57121346,57085092,36254
ENSG00000104892,45351520,45333434,18086
ENSG00000224237,27215018,27214816,202
ENSG00000172273,119136044,119121587,14457
ENSG00000230384,176242993,176242111,882
ENSG00000091262,16223522,16148928,74594
ENSG00000224667,12507478,12506007,1471
ENSG00000226690,12542222,12469621,72601
ENSG00000057294,32896840,32790745,106095
ENSG00000203523,12492004,12491095,909
ENSG00000236048,12472545,12471352,1193
ENSG00000163534,157820120,157794403,25717
ENSG00000152556,48146404,48105139,41265
ENSG00000274507,25251304,25251008,296
ENSG00000100994,25298012,25248085,49927
ENSG00000054967,73397474,73376399,21075
ENSG00000250377,88693972,88692645,1327
ENSG00000265646,27084036,27082690,1346
ENSG00000234036,76959169,76958860,309
ENSG00000253452,35970665,35862123,108542
ENSG00000133067,202319781,202193901,125880
ENSG00000130764,3796498,3778559,17939
ENSG00000272342,740164,739588,576
ENSG00000223751,747767,742488,5279
ENSG00000231173,749856,741977,7879
ENSG00000237667,868608,779840,88768
ENSG00000226889,161766227,161765325,902
ENSG00000260060,31196963,31196131,832
ENSG00000277851,92363832,92247756,116076
ENSG00000241170,74920022,74876286,43736
ENSG00000223421,31166980,31165618,1362
ENSG00000228799,905451,900216,5235
ENSG00000261359,31203452,31201885,1567
ENSG00000257550,53517608,53513984,3624
ENSG00000206206,33307190,33296480,10710
ENSG00000232203,31254777,31253901,876
ENSG00000278879,74832510,74830574,1936
ENSG00000103490,31203450,31201486,1964
ENSG00000139574,53507638,53506690,948
ENSG00000279080,38150612,38130216,20396
ENSG00000198670,160664259,160531483,132776
ENSG00000275488,53576103,53574632,1471
ENSG00000214930,138488871,138487665,1206
ENSG00000272153,3785538,3785008,530
ENSG00000285989,138559298,138558996,302
ENSG00000277041,22537584,22537478,106
ENSG00000228594,1600135,1598012,2123
ENSG00000227139,147699335,147697794,1541
ENSG00000177776,74378418,74377818,600
ENSG00000133250,8514167,8509678,4489
ENSG00000118217,161964070,161766320,197750
ENSG00000068796,62537249,62306162,231087
ENSG00000274415,147758434,147757185,1249
ENSG00000183379,74426210,74405894,20316
ENSG00000145088,121886526,121835183,51343
ENSG00000265107,147773362,147756199,17163
ENSG00000104884,45370918,45349837,21081
ENSG00000270159,85792933,85792415,518
ENSG00000270184,85787617,85784382,3235
ENSG00000137343,30646823,30626842,19981
ENSG00000257838,22576865,22545698,31167
ENSG00000131148,85799608,85771758,27850
ENSG00000234796,921124,910926,10198
ENSG00000232907,36573391,36507702,65689
ENSG00000237719,36092646,36091991,655
ENSG00000182791,66593063,66590176,2887
ENSG00000235688,950274,949627,647
ENSG00000197044,11784078,11767000,17078
ENSG00000254909,119005934,119005727,207
ENSG00000129682,139222777,138614727,608050
ENSG00000186166,119015793,118998138,17655
ENSG00000254200,173226423,173225836,587
ENSG00000122679,45186302,45157791,28511
ENSG00000163394,26490462,26481400,9062
ENSG00000128654,176338025,176269395,68630
ENSG00000188690,125823285,125784980,38305
ENSG00000101335,36551447,36541497,9950
ENSG00000229808,161892196,161890833,1363
ENSG00000286035,83085600,83075957,9643
ENSG00000235912,27649610,27649419,191
ENSG00000256928,73396436,73395559,877
ENSG00000233975,27662722,27660328,2394
ENSG00000257127,92431002,92421531,9471
ENSG00000278013,82562374,82540870,21504
ENSG00000256422,104609321,104445868,163453
ENSG00000125844,17682295,17613678,68617
ENSG00000217377,80078362,80077729,633
ENSG00000205056,92492091,92466451,25640
ENSG00000270000,74472360,74471930,430
ENSG00000282732,22215661,22215634,27
ENSG00000259005,74474864,74474007,857
ENSG00000183072,173235311,173232109,3202
ENSG00000196109,22215801,22179091,36710
ENSG00000260973,22612196,22610531,1665
ENSG00000270449,104682581,104682383,198
ENSG00000260905,22613483,22612543,940
ENSG00000266923,92483680,92421531,62149
ENSG00000254569,104873417,104873264,153
ENSG00000205057,92428148,92420094,8054
ENSG00000266896,169772042,169770413,1629
ENSG00000283213,22813680,22806289,7391
ENSG00000188910,34786369,34781214,5155
ENSG00000275295,45304362,45303620,742
ENSG00000268079,22204003,22203128,875
ENSG00000130023,169781600,169751622,29978
ENSG00000005448,74425755,74421678,4077
ENSG00000184828,48410752,48026672,384080
ENSG00000231449,37196666,37196204,462
ENSG00000180370,196832647,196739857,92790
ENSG00000271653,37217988,37216779,1209
ENSG00000131143,85807044,85798633,8411
ENSG00000080845,36528637,36306336,222301
ENSG00000272516,22332987,22332404,583
ENSG00000271981,22332981,22332587,394
ENSG00000189280,34758512,34755047,3465
ENSG00000272366,22340615,22340377,238
ENSG00000255151,59094786,59086307,8479
ENSG00000173801,41786931,41754604,32327
ENSG00000272979,190454521,190454092,429
ENSG00000189362,190534722,190504338,30384
ENSG00000272106,1615795,1613758,2037
ENSG00000174448,54357964,54324358,33606
ENSG00000163866,34859755,34712737,147018
ENSG00000113739,173329503,173314713,14790
ENSG00000263089,57096425,57092145,4280
ENSG00000116161,175011715,174999163,12552
ENSG00000263328,56346998,56346039,959
ENSG00000197530,1630610,1615415,15195
ENSG00000250999,179664432,179657762,6670
ENSG00000234359,45392205,45391626,579
ENSG00000136682,113496189,113437691,58498
ENSG00000281820,56358221,56357328,893
ENSG00000166845,54385218,54357906,27312
ENSG00000262796,56361288,56360215,1073
ENSG00000227425,157861460,157861197,263
ENSG00000073754,157898256,157830911,67345
ENSG00000226330,204435846,204377850,57996
ENSG00000196655,119025454,119018432,7022
ENSG00000169019,47463702,47450787,12915
ENSG00000133056,204494724,204422628,72096
ENSG00000255811,34788097,34761426,26671
ENSG00000230163,34851555,34850694,861
ENSG00000236957,157949071,157925065,24006
ENSG00000189433,34773721,34759740,13981
ENSG00000285822,27170310,27089545,80765
ENSG00000151690,190509205,190408355,100850
ENSG00000262332,16224261,16223027,1234
ENSG00000253524,36095046,36004316,90730
ENSG00000265246,27241661,27237859,3802
ENSG00000237260,176339077,176338637,440
ENSG00000187513,34795747,34792999,2748
ENSG00000229434,176507702,176506245,1457
ENSG00000205667,3033571,3006613,26958
ENSG00000233204,165286048,165285253,795
ENSG00000254309,36121683,36121398,285
ENSG00000236231,176531683,176524879,6804
ENSG00000236283,165208261,164840672,367589
ENSG00000253504,36278886,36277763,1123
ENSG00000272551,176612249,176611437,812
ENSG00000254384,36279483,36278960,523
ENSG00000239223,27274477,27274107,370
ENSG00000189057,59127412,59107185,20227
ENSG00000253685,36279696,36279491,205
ENSG00000270194,37244177,37241789,2388
ENSG00000230409,37276598,37275693,905
ENSG00000253610,36308364,36308245,119
ENSG00000224331,164687596,164687287,309
ENSG00000237053,176806337,176804987,1350
ENSG00000254320,36321404,36321039,365
ENSG00000213664,27280912,27280482,430
ENSG00000230552,176819310,176724268,95042
ENSG00000144674,37366751,37243177,123574
ENSG00000082438,164843679,164653624,190055
ENSG00000253363,36779196,36457983,321213
ENSG00000226031,138716617,138711452,5165
ENSG00000244708,36581591,36581180,411
ENSG00000223777,176809859,176809426,433
ENSG00000235975,138807091,138806374,717
ENSG00000163364,176637931,176629589,8342
ENSG00000120049,101843920,101825974,17946
ENSG00000265453,27281415,27281094,321
ENSG00000232183,138627343,138627077,266
ENSG00000234190,147788953,147777590,11363
ENSG00000115875,38751494,38743599,7895
ENSG00000224577,176819180,176637710,181470
ENSG00000223728,147842359,147840962,1397
ENSG00000121634,147909257,147907956,1301
ENSG00000006747,12660182,12570577,89605
ENSG00000173954,139362382,139362040,342
ENSG00000197256,11197791,11164267,33524
ENSG00000232549,139447676,139446891,785
ENSG00000274976,32820567,32820142,425
ENSG00000244743,32863433,32863118,315
ENSG00000226520,158031166,158025550,5616
ENSG00000213269,74376885,74376125,760
ENSG00000116198,3857214,3812086,45128
ENSG00000183853,158100262,157993273,106989
ENSG00000204363,52798101,52796144,1957
ENSG00000230665,74399550,74396871,2679
ENSG00000101981,139563458,139530758,32700
ENSG00000258262,92531324,92530460,864
ENSG00000268942,62512482,62512246,236
ENSG00000120333,175023425,175010789,12636
ENSG00000213695,74410100,74409518,582
ENSG00000261512,46624451,46622861,1590
ENSG00000240436,62576271,62575951,320
ENSG00000086189,62403939,62347284,56655
ENSG00000127022,179731641,179678628,53013
ENSG00000229885,52801529,52801400,129
ENSG00000162745,162023854,161983192,40662
ENSG00000171405,52818301,52812204,6097
ENSG00000147100,74533917,74421493,112424
ENSG00000257254,102513655,102513251,404
ENSG00000258169,102824399,102809280,15119
ENSG00000143442,151459494,151402724,56770
ENSG00000278427,54817184,54802842,14342
ENSG00000229990,73847115,73841833,5282
ENSG00000259856,46626992,46626404,588
ENSG00000260909,46649849,46649126,723
ENSG00000224195,73814737,73813518,1219
ENSG00000228648,167245916,167241891,4025
ENSG00000196395,52829267,52824269,4998
ENSG00000229943,74965118,74963314,1804
ENSG00000230695,215436992,215436253,739
ENSG00000224781,52833899,52832704,1195
ENSG00000261213,75123927,75122518,1409
ENSG00000225166,215463871,215453707,10164
ENSG00000235318,201214950,201214653,297
ENSG00000231206,74473953,74473017,936
ENSG00000228618,215480248,215476667,3581
ENSG00000003400,201229406,201182881,46525
ENSG00000171402,52868083,52862525,5558
ENSG00000257316,32987070,32985838,1232
ENSG00000282327,180201212,180201159,53
ENSG00000256280,63834943,63834667,276
ENSG00000213158,180213108,180212191,917
ENSG00000118181,119018691,119015712,2979
ENSG00000234319,80216119,80215851,268
ENSG00000227981,215582635,215579407,3228
ENSG00000234938,215545526,215530447,15079
ENSG00000237523,80219657,80207710,11947
ENSG00000237525,215713895,215533133,180762
ENSG00000235770,215843722,215611563,232159
ENSG00000257195,92884700,92883773,927
ENSG00000243349,45171389,45147394,23995
ENSG00000187510,92772455,92702843,69612
ENSG00000106819,92482562,92456205,26357
ENSG00000277757,45147221,45016080,131141
ENSG00000230501,45176925,45156775,20150
ENSG00000165511,45000888,44997698,3190
ENSG00000163793,27281499,27275421,6078
ENSG00000270258,45056268,45055656,612
ENSG00000162624,75161533,75128434,33099
ENSG00000228462,45073541,45073146,395
ENSG00000279205,176823653,176822030,1623
ENSG00000236442,45151915,45151445,470
ENSG00000227098,176849428,176845993,3435
ENSG00000165512,45005326,45000923,4403
ENSG00000229233,12654985,12654179,806
ENSG00000235690,45148914,45127318,21596
ENSG00000225606,12571392,12570125,1267
ENSG00000227683,45181427,45164228,17199
ENSG00000171863,3580920,3575205,5715
ENSG00000196781,81689547,81583683,105864
ENSG00000232554,45154596,45099487,55109
ENSG00000188092,147993521,147928393,65128
ENSG00000216721,215804981,215804731,250
ENSG00000230838,215719424,215718043,1381
ENSG00000227824,215870518,215869923,595
ENSG00000275312,45180616,45180400,216
ENSG00000158615,204411817,204403381,8436
ENSG00000226937,45076066,45002222,73844
ENSG00000226276,215941719,215939308,2411
ENSG00000170144,177223958,177212563,11395
ENSG00000237848,204394774,204394541,233
ENSG00000102189,92929331,92770637,158694
ENSG00000249828,49203726,49203171,555
ENSG00000077152,202341980,202331657,10323
ENSG00000249079,49212624,49212251,373
ENSG00000137700,119030906,119024114,6792
ENSG00000115194,27275817,27253684,22133
ENSG00000111737,120117502,120095099,22403
ENSG00000224127,75133058,75127830,5228
ENSG00000113303,180950906,180899077,51829
ENSG00000224149,75132576,75129974,2602
ENSG00000243129,13021606,13021260,346
ENSG00000183935,13004830,13000420,4410
ENSG00000255621,13040679,13000451,40228
ENSG00000280197,48252837,48252301,536
ENSG00000280376,46673927,46673443,484
ENSG00000241991,62562216,62561859,357
ENSG00000278891,48150864,48147634,3230
ENSG00000069329,46689518,46656132,33386
ENSG00000285650,92612368,92600094,12274
ENSG00000086200,62628582,62403972,224610
ENSG00000253968,173451165,173414035,37130
ENSG00000127080,92670131,92613183,56948
ENSG00000269893,118279823,118278709,1114
ENSG00000117602,24541040,24502351,38689
ENSG00000236560,30065490,30061865,3625
ENSG00000163406,121944188,121894401,49787
ENSG00000277283,120119000,120116907,2093
ENSG00000237080,31884204,31877808,6396
ENSG00000062096,3112726,3041471,71255
ENSG00000204385,31879046,31863192,15854
ENSG00000162688,99924023,99850361,73662
ENSG00000262580,80205949,80200673,5276
ENSG00000225551,92539184,92539053,131
ENSG00000188312,92620529,92325953,294576
ENSG00000124256,57620576,57603846,16730
ENSG00000089154,120194715,120127202,67513
ENSG00000181045,80253500,80219699,33801
ENSG00000258012,92859273,92858079,1194
ENSG00000239880,180325059,180323107,1952
ENSG00000227818,162039567,162039016,551
ENSG00000241696,180422506,180414174,8332
ENSG00000234382,80245367,80233664,11703
ENSG00000163449,216102783,216081866,20917
ENSG00000234743,80247683,80247219,464
ENSG00000241946,180590047,180589887,160
ENSG00000239774,180601935,180566718,35217
ENSG00000145287,83137075,83090048,47027
ENSG00000185168,81309248,81303771,5477
ENSG00000149201,86423109,86374736,48373
ENSG00000237733,30071044,30065423,5621
ENSG00000229530,92341663,92339658,2005
ENSG00000229337,177212662,177155622,57040
ENSG00000106809,92404696,92383268,21428
ENSG00000236501,177164516,176990508,174008
ENSG00000279359,80254121,80249710,4411
ENSG00000213069,177198547,177197985,562
ENSG00000226273,177178255,177177695,560
ENSG00000285636,162174860,162146709,28151
ENSG00000171722,162376870,162373203,3667
ENSG00000282205,38253222,38251172,2050
ENSG00000231666,158146929,158132040,14889
ENSG00000229342,33317418,33316901,517
ENSG00000227295,158177755,158175850,1905
ENSG00000254706,162383531,162365407,18124
ENSG00000126787,55191608,55148112,43496
ENSG00000158473,158184896,158179947,4949
ENSG00000261131,46661591,46660696,895
ENSG00000273780,38313162,38229196,83966
ENSG00000115425,216082955,215996329,86626
ENSG00000198929,162370475,162069691,300784
ENSG00000128915,60479160,60419609,59551
ENSG00000109944,122959798,122882528,77270
ENSG00000163810,44914990,44874608,40382
ENSG00000229914,158196131,158195633,498
ENSG00000176320,158203877,158197922,5955
ENSG00000264443,24556024,24538802,17222
ENSG00000158477,158258269,158254424,3845
ENSG00000286061,24535400,24496254,39146
ENSG00000136531,165392310,165194993,197317
ENSG00000230942,158267320,158266753,567
ENSG00000126460,49591004,49580646,10358
ENSG00000180481,75432688,75391089,41599
ENSG00000179304,52908560,52891306,17254
ENSG00000243831,160676523,160666228,10295
ENSG00000233497,110788976,110788026,950
ENSG00000224477,160700632,160698288,2344
ENSG00000106823,92536655,92493554,43101
ENSG00000187024,127724873,127690348,34525
ENSG00000278271,54800920,54789822,11098
ENSG00000118242,216034096,215942584,91512
ENSG00000227094,162317794,162316852,942
ENSG00000239887,162386812,162366908,19904
ENSG00000204659,179681034,179678560,2474
ENSG00000112494,167316014,167271169,44845
ENSG00000225051,179694768,179679032,15736
ENSG00000233654,190568102,190534855,33247
ENSG00000262315,56376584,56375625,959
ENSG00000142546,49590262,49555711,34551
ENSG00000110066,68213828,68154863,58965
ENSG00000262140,71835932,71833787,2145
ENSG00000243664,180945907,180945756,151
ENSG00000280043,49231284,49229573,1711
ENSG00000158481,158294774,158289923,4851
ENSG00000250016,49233965,49233289,676
ENSG00000237961,49245419,49238032,7387
ENSG00000230249,3113596,3112900,696
ENSG00000256294,44134822,44112181,22641
ENSG00000203733,142135151,142133090,2061
ENSG00000186105,62581446,62578819,2627
ENSG00000268736,49246538,49246021,517
ENSG00000248946,49246915,49246601,314
ENSG00000127083,92424461,92414245,10216
ENSG00000248583,49489554,49486926,2628
ENSG00000284052,190649840,190607660,42180
ENSG00000164099,118353003,118280038,72965
ENSG00000269153,7880120,7879445,675
ENSG00000235845,44900925,44899178,1747
ENSG00000232119,120621159,120594010,27149
ENSG00000138386,190692766,190646746,46020
ENSG00000225796,201214660,201213298,1362
ENSG00000227348,201213081,201212283,798
ENSG00000214248,7903542,7898804,4738
ENSG00000181101,175045648,175044626,1022
ENSG00000177599,11809622,11797667,11955
ENSG00000171017,7902021,7888505,13516
ENSG00000253141,173484584,173463500,21084
ENSG00000168631,30954221,30934523,19698
ENSG00000172794,74747335,74670578,76757
ENSG00000111305,13103683,13083532,20151
ENSG00000266537,59181787,59174983,6804
ENSG00000265415,59203829,59202677,1152
ENSG00000267680,44109886,44094339,15547
ENSG00000265303,59215226,59197566,17660
ENSG00000236196,31540993,31529043,11950
ENSG00000275506,139612363,139612002,361
ENSG00000267646,11798598,11796084,2514
ENSG00000167447,59215247,59209400,5847
ENSG00000131508,139628434,139526431,102003
ENSG00000160404,127735313,127731524,3789
ENSG00000265541,28417492,28416922,570
ENSG00000255149,110877177,110876994,183
ENSG00000158485,158331531,158327951,3580
ENSG00000274971,54784657,54771253,13404
ENSG00000166801,59155039,59142748,12291
ENSG00000196260,30955636,30931353,24283
ENSG00000250704,149958572,149956208,2364
ENSG00000171295,11835201,11814284,20917
ENSG00000271390,111090368,111089870,498
ENSG00000139352,102960513,102957674,2839
ENSG00000167964,2154165,2140803,13362
ENSG00000239354,111105895,111105547,348
ENSG00000228459,3284653,3271820,12833
ENSG00000271584,111179641,111091932,87709
ENSG00000171759,102958410,102836889,121521
ENSG00000270202,111107750,111107060,690
ENSG00000068489,59204705,59155499,49206
ENSG00000101825,3346652,3308565,38087
ENSG00000233529,30954862,30945979,8883
ENSG00000186019,44113145,44105463,7682
ENSG00000253944,17861069,17801345,59724
ENSG00000253671,17820868,17808941,11927
ENSG00000281038,56384159,56383230,929
ENSG00000280577,56390195,56389241,954
ENSG00000066084,50748657,50504985,243672
ENSG00000228415,30633956,30633632,324
ENSG00000263870,28445563,28444063,1500
ENSG00000177363,62689530,62686406,3124
ENSG00000277251,54769221,54754680,14541
ENSG00000236779,204529692,204528845,847
ENSG00000100083,37633564,37608725,24839
ENSG00000229120,202370145,202369526,619
ENSG00000225620,202632911,202632428,483
ENSG00000226862,202605293,202604268,1025
ENSG00000198625,204558120,204516379,41741
ENSG00000261958,56701303,56700386,917
ENSG00000229431,43389155,43385113,4042
ENSG00000159479,43389808,43383917,5891
ENSG00000262191,56712383,56711466,917
ENSG00000077157,202592706,202348699,244007
ENSG00000282904,47470477,47463784,6693
ENSG00000281683,56747536,56747390,146
ENSG00000257497,75489820,75483454,6366
ENSG00000226009,101828779,101819078,9701
ENSG00000255381,59142610,59142121,489
ENSG00000111615,75511636,75490863,20773
ENSG00000025708,50530032,50525752,4280
ENSG00000245571,59143015,59130133,12882
ENSG00000122254,22916338,22814162,102176
ENSG00000253768,173573199,173562478,10721
ENSG00000254164,173576275,173574938,1337
ENSG00000253955,173585068,173579643,5425
ENSG00000124217,50963931,50958826,5105
ENSG00000270739,16276632,16275060,1572
ENSG00000182149,71931199,71845996,85203
ENSG00000131378,16514026,16313574,200452
ENSG00000228509,190708716,190676944,31772
ENSG00000226999,45534681,45534523,158
ENSG00000225537,45542182,45460712,81470
ENSG00000267872,22245347,22243254,2093
ENSG00000230878,33130739,33125197,5542
ENSG00000224841,33220928,33213258,7670
ENSG00000198574,162412138,162395268,16870
ENSG00000232358,51010019,50999370,10649
ENSG00000140416,63071915,63042632,29283
ENSG00000214753,62727472,62712630,14842
ENSG00000026559,51023107,51003656,19451
ENSG00000171155,120630054,120625674,4380
ENSG00000198168,22830299,22813799,16500
ENSG00000233451,22413067,22361172,51895
ENSG00000227243,162446566,162445549,1017
ENSG00000251056,49506022,49502145,3877
ENSG00000077327,22454224,22345445,108779
ENSG00000273083,28783994,28783623,371
ENSG00000250769,49508806,49507764,1042
ENSG00000278317,120709392,120709061,331
ENSG00000273040,28838975,28837838,1137
ENSG00000275253,54752702,54738498,14204
ENSG00000248532,49523857,49523648,209
ENSG00000269848,49524185,49524030,155
ENSG00000257210,93124543,93124063,480
ENSG00000268967,49548855,49548564,291
ENSG00000237210,55245681,55244247,1434
ENSG00000270506,93035744,93035261,483
ENSG00000259610,81642190,81633887,8303
ENSG00000268391,49549435,49548918,517
ENSG00000280890,55255635,55235965,19670
ENSG00000205309,17347663,17303335,44328
ENSG00000257345,93019820,92999218,20602
ENSG00000259692,81871125,81660482,210643
ENSG00000232471,49557400,49550032,7368
ENSG00000213487,3368382,3367149,1233
ENSG00000261090,23023611,23020337,3274
ENSG00000248761,180968567,180967848,719
ENSG00000258171,93181832,93174366,7466
ENSG00000249287,180970762,180967189,3573
ENSG00000188869,81374213,81331088,43125
ENSG00000251630,49561470,49561285,185
ENSG00000162188,62709201,62707676,1525
ENSG00000231228,180982611,180982273,338
ENSG00000274254,54736626,54724478,12148
ENSG00000219491,36889307,36888482,825
ENSG00000251539,49562149,49561479,670
ENSG00000255359,22860426,22846931,13495
ENSG00000185332,81330674,81311270,19404
ENSG00000274489,36795862,36795255,607
ENSG00000250753,49580189,49579833,356
ENSG00000256393,93083675,93083598,77
ENSG00000183943,3713608,3604370,109238
ENSG00000257746,93107600,93090522,17078
ENSG00000215262,36936125,36784324,151801
ENSG00000204403,104898670,104885718,12952
ENSG00000257322,93215679,93003415,212264
ENSG00000246225,22945393,22829380,116013
ENSG00000268597,22261335,22259693,1642
ENSG00000009844,142224685,142147162,77523
ENSG00000151224,80289658,80271820,17838
ENSG00000168000,62709845,62690275,19570
ENSG00000215030,17384012,17383377,635
ENSG00000115009,227817564,227805739,11825
ENSG00000226662,27687471,27686810,661
ENSG00000152332,162529631,162497251,32380
ENSG00000175514,67452729,67451301,1428
ENSG00000126709,27672198,27666064,6134
ENSG00000227158,17423704,17422681,1023
ENSG00000009307,114758676,114716913,41763
ENSG00000172663,67469272,67461710,7562
ENSG00000185775,42189882,42183659,6223
ENSG00000236188,3668192,3659487,8705
ENSG00000230671,118400834,118400514,320
ENSG00000273716,118460301,118460224,77
ENSG00000154608,118554100,118467590,86510
ENSG00000182888,3717600,3717149,451
ENSG00000230865,17457259,17456427,832
ENSG00000260404,118633729,118591773,41956
ENSG00000223919,31556464,31554192,2272
ENSG00000266106,74309790,74307210,2580
ENSG00000282964,102953835,102953289,546
ENSG00000150750,111286401,111245805,40596
ENSG00000171595,74314884,74274234,40650
ENSG00000268589,22620724,22620483,241
ENSG00000271149,22596163,22595479,684
ENSG00000197360,22532485,22391019,141466
ENSG00000120332,175148066,175067858,80208
ENSG00000230564,55260256,55259809,447
ENSG00000275542,81339691,81339183,508
ENSG00000228470,214357615,214344172,13443
ENSG00000276512,54713335,54707913,5422
ENSG00000215819,214533467,214532195,1272
ENSG00000275966,81345966,81345476,490
ENSG00000254733,86622867,86431590,191277
ENSG00000213036,214483387,214482813,574
ENSG00000263154,81374214,81362272,11942
ENSG00000152104,214552449,214348700,203749
ENSG00000230936,55344958,55342316,2642
ENSG00000254428,119004893,119003742,1151
ENSG00000151376,86672636,86441108,231528
ENSG00000240970,119003446,119003012,434
ENSG00000240739,7995084,7994770,314
ENSG00000269138,22473036,22463922,9114
ENSG00000269364,22533494,22532626,868
ENSG00000262223,81385464,81375144,10320
ENSG00000280400,23062232,23061767,465
ENSG00000214290,111308735,111298555,10180
ENSG00000260566,23064173,23061406,2767
ENSG00000259543,81755217,81427448,327769
ENSG00000103404,23149270,23061406,87864
ENSG00000198153,22686732,22685167,1565
ENSG00000268981,22716991,22665552,51439
ENSG00000259594,81696780,81554003,142777
ENSG00000141527,80209331,80169992,39339
ENSG00000260599,22527949,22520995,6954
ENSG00000284709,81385774,81385390,384
ENSG00000259343,81518200,81324377,193823
ENSG00000268830,22448777,22447934,843
ENSG00000139278,75503863,75480753,23110
ENSG00000196350,22317176,22286408,30768
ENSG00000239986,42196662,42196333,329
ENSG00000268038,22623971,22615557,8414
ENSG00000274833,81387766,81387415,351
ENSG00000269332,22603550,22596257,7293
ENSG00000262877,81390256,81388126,2130
ENSG00000153253,165204067,165087522,116545
ENSG00000141026,17493221,17476994,16227
ENSG00000273200,28863315,28859590,3725
ENSG00000273286,28862012,28861381,631
ENSG00000213231,95692628,95686426,6202
ENSG00000267558,45788670,45788530,140
ENSG00000275995,81403570,81403026,544
ENSG00000111788,9313241,9277235,36006
ENSG00000273920,81336119,81335577,542
ENSG00000138944,44312951,44243665,69286
ENSG00000234249,33140747,33137211,3536
ENSG00000269796,22426045,22422513,3532
ENSG00000270191,22299868,22298977,891
ENSG00000268717,22458212,22457329,883
ENSG00000270317,22501948,22501699,249
ENSG00000277260,42204988,42199000,5988
ENSG00000196167,111305045,111290787,14258
ENSG00000241282,22699685,22699352,333
ENSG00000270475,22709314,22708834,480
ENSG00000276277,42213918,42213841,77
ENSG00000268823,22608501,22603269,5232
ENSG00000275649,42354454,42231811,122643
ENSG00000175544,67460313,67452406,7907
ENSG00000269025,22608211,22605739,2472
ENSG00000177238,31231537,31214091,17446
ENSG00000187621,95679833,95650498,29335
ENSG00000268685,22362825,22362589,236
ENSG00000118418,79234738,79201245,33493
ENSG00000237462,28923955,28914742,9213
ENSG00000229676,22667671,22634324,33347
ENSG00000249337,49589529,49588772,757
ENSG00000270947,22456459,22455988,471
ENSG00000235750,175192999,175156986,36013
ENSG00000236312,22368952,22368599,353
ENSG00000169900,31217359,31215962,1397
ENSG00000216516,160163755,160163539,216
ENSG00000225886,27703063,27669468,33595
ENSG00000168903,181006727,180988845,17882
ENSG00000286157,22520580,22518414,2166
ENSG00000164742,45723116,45574140,148976
ENSG00000269316,22610601,22609606,995
ENSG00000259773,50749829,50746709,3120
ENSG00000279665,50743276,50742702,574
ENSG00000276357,54867233,54850475,16758
ENSG00000272498,16339871,16339308,563
ENSG00000230686,191019079,191017954,1125
ENSG00000138600,50765709,50702266,63443
ENSG00000271964,16314987,16314439,548
ENSG00000163462,155184971,155173787,11184
ENSG00000220702,44366284,44365551,733
ENSG00000154814,16350299,16265160,85139
ENSG00000255753,9316173,9314402,1771
ENSG00000115415,191020960,190964358,56602
ENSG00000102119,154381523,154379197,2326
ENSG00000183514,227870644,227870083,561
ENSG00000084444,13142521,13044381,98140
ENSG00000197046,45844080,45825512,18568
ENSG00000083123,80346270,80106647,239623
ENSG00000237178,177344836,177344443,393
ENSG00000271996,177310572,177306373,4199
ENSG00000230687,175204849,175203228,1621
ENSG00000213963,177392691,177283508,109183
ENSG00000123977,227924344,227871054,53290
ENSG00000233946,175297240,175297080,160
ENSG00000172350,119162653,119149052,13601
ENSG00000278531,45198323,45187292,11031
ENSG00000217447,167348053,167347472,581
ENSG00000203690,167384510,167357031,27479
ENSG00000260990,175335459,175307218,28241
ENSG00000235628,175556818,175538775,18043
ENSG00000116147,175743616,175315194,428422
ENSG00000271825,177302006,177300600,1406
ENSG00000273572,626336,616823,9513
ENSG00000236079,44414814,44413485,1329
ENSG00000116044,177392697,177227595,165102
ENSG00000226138,48085421,48085062,359
ENSG00000240399,48055591,48054813,778
ENSG00000109046,27315926,27294076,21850
ENSG00000123576,104254933,104250038,4895
ENSG00000254944,122961086,122960327,759
ENSG00000145919,173616660,173607514,9146
ENSG00000188909,122981720,122977570,4150
ENSG00000254727,86432575,86432098,477
ENSG00000278989,86437282,86434924,2358
ENSG00000237335,33220005,33210906,9099
ENSG00000259084,95692630,95663256,29374
ENSG00000248213,118638782,118635970,2812
ENSG00000165898,74497106,74493720,3386
ENSG00000251155,118640858,118640673,185
ENSG00000281731,118685341,118664087,21254
ENSG00000213157,180888075,180887677,398
ENSG00000241473,180821612,180820544,1068
ENSG00000255839,123708386,123707602,784
ENSG00000242068,180773914,180772750,1164
ENSG00000168778,123708399,123671113,37286
ENSG00000239516,180829850,180827977,1873
ENSG00000005471,87480435,87401697,78738
ENSG00000285336,180871005,180707589,163416
ENSG00000253959,173658194,173642519,15675
ENSG00000285756,3937855,3817528,120327
ENSG00000120440,167359503,167325071,34432
ENSG00000253428,173705849,173689459,16390
ENSG00000257860,103168309,103151842,16467
ENSG00000243187,180700449,180680084,20365
ENSG00000253686,173746211,173707614,38597
ENSG00000284862,180684942,180602858,82084
ENSG00000270362,79236797,79233718,3079
ENSG00000254211,173809039,173786790,22249
ENSG00000260778,2273418,2268155,5263
ENSG00000188580,124825657,123804141,1021516
ENSG00000236439,202472117,202471864,253
ENSG00000257703,103178675,103080950,97725
ENSG00000143858,202710454,202590596,119858
ENSG00000171345,41528308,41523617,4691
ENSG00000134202,109741038,109733932,7106
ENSG00000205937,2268397,2253116,15281
ENSG00000278709,57712780,57710156,2624
ENSG00000224718,175880468,175877343,3125
ENSG00000119655,74494177,74476192,17985
ENSG00000227740,175920513,175904762,15751
ENSG00000025770,50524780,50508224,16556
ENSG00000124225,57711536,57648392,63144
ENSG00000234857,62727384,62690275,37109
ENSG00000237321,123829285,123823240,6045
ENSG00000255433,56878078,56848478,29600
ENSG00000105245,40690972,40665905,25067
ENSG00000274150,56927885,56890613,37272
ENSG00000268234,42386136,42384805,1331
ENSG00000117676,26575030,26529761,45269
ENSG00000262268,56752170,56751253,917
ENSG00000108551,17496395,17494437,1958
ENSG00000223372,33150636,33145868,4768
ENSG00000262647,56754885,56753901,984
ENSG00000204221,33211131,33200708,10423
ENSG00000281777,56762976,56762097,879
ENSG00000267992,39031323,39030436,887
ENSG00000281313,56787280,56786335,945
ENSG00000281279,56802039,56801280,759
ENSG00000232626,202439957,202438396,1561
ENSG00000161243,39032785,38990714,42071
ENSG00000064012,201287711,201233443,54268
ENSG00000281107,56831590,56830655,935
ENSG00000262535,56831496,56812930,18566
ENSG00000259502,67613864,67610986,2878
ENSG00000135517,56469166,56449502,19664
ENSG00000272529,16346440,16345126,1314
ENSG00000152147,38785002,38751534,33468
ENSG00000281839,56882325,56859642,22683
ENSG00000260720,31381490,31371611,9879
ENSG00000276777,27288857,27288669,188
ENSG00000226998,31505943,31505280,663
ENSG00000236478,216176032,216174896,1136
ENSG00000275336,27388552,27378657,9895
ENSG00000229080,31506615,31505946,669
ENSG00000079246,216206303,216107464,98839
ENSG00000235148,31645160,31644576,584
ENSG00000285785,57213300,57196081,17219
ENSG00000225347,32334354,32333457,897
ENSG00000163463,155173475,155169408,4067
ENSG00000251376,55055140,55054428,712
ENSG00000263002,44160313,44141554,18759
ENSG00000260490,42572433,42571927,506
ENSG00000248029,55066230,55063179,3051
ENSG00000249454,55096553,55073015,23538
ENSG00000284957,11481068,11479203,1865
ENSG00000176422,56479708,56468578,11130
ENSG00000227238,38765221,38763534,1687
ENSG00000134201,109775428,109711780,63648
ENSG00000232114,38770124,38769265,859
ENSG00000274145,1650077,1646145,3932
ENSG00000259648,67616626,67614929,1697
ENSG00000285528,56488170,56449700,38470
ENSG00000142347,8577577,8520790,56787
ENSG00000260423,9397617,9367464,30153
ENSG00000255418,23203161,23164900,38261
ENSG00000135423,56488414,56470944,17470
ENSG00000153820,228181687,227979955,201732
ENSG00000256673,9414851,9398355,16496
ENSG00000114416,180982753,180868141,114612
ENSG00000272255,139645002,139644460,542
ENSG00000278635,9416718,9415641,1077
ENSG00000271491,23377644,23370116,7528
ENSG00000273681,27397590,27397017,573
ENSG00000240710,204616565,204603035,13530
ENSG00000255293,23406103,23403805,2298
ENSG00000173852,35038271,34928876,109395
ENSG00000278364,27425662,27425438,224
ENSG00000229806,54626646,54626215,431
ENSG00000243715,54901255,54874605,26650
ENSG00000276595,27461668,27445487,16181
ENSG00000236548,124963039,124909093,53946
ENSG00000264659,74677600,74672712,4888
ENSG00000146373,125092633,124962545,130088
ENSG00000186074,74712978,74694311,18667
ENSG00000170382,204685738,204617170,68568
ENSG00000157445,55074557,54122547,952010
ENSG00000145649,55110252,55102646,7606
ENSG00000164953,93819234,93754844,64390
ENSG00000214826,9448229,9418673,29556
ENSG00000248254,47560259,47556731,3528
ENSG00000228153,204664613,204663872,741
ENSG00000241720,109775252,109725820,49432
ENSG00000242431,47491471,47490967,504
ENSG00000240219,204629712,204626775,2937
ENSG00000145246,47593486,47485288,108198
ENSG00000273088,155187272,155169409,17863
ENSG00000198758,109764027,109750080,13947
ENSG00000256259,66031066,66027725,3341
ENSG00000213343,66037714,66037235,479
ENSG00000260282,42581488,42581156,332
ENSG00000159433,42720998,42575606,145392
ENSG00000222043,177265515,177264359,1156
ENSG00000225808,177229506,177229191,315
ENSG00000280374,177318471,177317715,756
ENSG00000234993,45247361,45232026,15335
ENSG00000144580,218597080,218568580,28500
ENSG00000169507,164955525,164896186,59339
ENSG00000171119,5828324,5823802,4522
ENSG00000275245,54797952,54786437,11515
ENSG00000275456,54814523,54803616,10907
ENSG00000169896,31332892,31259967,72925
ENSG00000260899,30751381,30740667,10714
ENSG00000080603,30741409,30698209,43200
ENSG00000181282,56972146,56970850,1296
ENSG00000158488,158357553,158353696,3857
ENSG00000181273,56989867,56988872,995
ENSG00000092470,43868412,43826980,41432
ENSG00000258769,74483435,74482985,450
ENSG00000279835,51098845,51098138,707
ENSG00000232970,216156811,216156342,469
ENSG00000228820,51131667,51130788,879
ENSG00000250536,214608840,214605470,3370
ENSG00000117724,214664571,214603195,61376
ENSG00000230732,196914579,196912646,1933
ENSG00000155957,66170072,66135846,34226
ENSG00000109680,26756223,26576437,179786
ENSG00000119231,196934714,196867856,66858
ENSG00000258626,67652614,67652300,314
ENSG00000081181,67651708,67619920,31788
ENSG00000181523,80220923,80206716,14207
ENSG00000269954,11564694,11552488,12206
ENSG00000089060,113359493,113298759,60734
ENSG00000136573,11564599,11486894,77705
ENSG00000266036,74748912,74747319,1593
ENSG00000072042,67695793,67676800,18993
ENSG00000109062,74769353,74748628,20725
ENSG00000278248,54784302,54769801,14501
ENSG00000243795,113167819,113142350,25469
ENSG00000275985,45176925,45176724,201
ENSG00000278121,45181427,45181082,345
ENSG00000163608,113019861,113002444,17417
ENSG00000213579,75582555,75582099,456
ENSG00000223733,104804440,104803915,525
ENSG00000137968,75611116,75202131,408985
ENSG00000268629,105220674,105218929,1745
ENSG00000282156,45198323,45187292,11031
ENSG00000273495,45247361,45232026,15335
ENSG00000274650,45259123,45258185,938
ENSG00000130489,50525606,50523568,2038
ENSG00000277495,45315608,45302654,12954
ENSG00000275906,30962396,30961403,993
ENSG00000189108,105767829,104566315,1201514
ENSG00000232655,44444788,44443327,1461
ENSG00000224584,214613398,214612960,438
ENSG00000156413,5839731,5830610,9121
ENSG00000228807,44483717,44483495,222
ENSG00000203387,228353215,228352120,1095
ENSG00000284194,50526439,50523568,2871
ENSG00000279642,44486914,44486295,619
ENSG00000231041,28944506,28943846,660
ENSG00000232023,228611395,228483261,128134
ENSG00000156873,30761176,30748293,12883
ENSG00000228226,228684580,228683537,1043
ENSG00000188636,44498233,44492583,5650
ENSG00000177989,50532580,50529710,2870
ENSG00000232665,104647999,104647216,783
ENSG00000226462,28970429,28969099,1330
ENSG00000181819,105407039,105405647,1392
ENSG00000215333,44568247,44566965,1282
ENSG00000233035,28987450,28986169,1281
ENSG00000276446,45469184,45460633,8551
ENSG00000159588,45624057,45620044,4013
ENSG00000240111,28988502,28986766,1736
ENSG00000276154,54848602,54832687,15915
ENSG00000275565,45462182,45390239,71943
ENSG00000187012,44572341,44569339,3002
ENSG00000185344,123761755,123712353,49402
ENSG00000278856,54830789,54816482,14307
ENSG00000181652,151024499,151012209,12290
ENSG00000235589,29005281,28994750,10531
ENSG00000272821,50524780,50523926,854
ENSG00000253215,17882661,17882043,618
ENSG00000104760,17910365,17864380,45985
ENSG00000213701,97057358,97056402,956
ENSG00000226925,102182108,102172621,9487
ENSG00000241307,155761217,155760617,600
ENSG00000089157,120201235,120196699,4536
ENSG00000115594,102179874,102064544,115330
ENSG00000243503,36988412,36987977,435
ENSG00000234300,44625419,44606939,18480
ENSG00000251513,97437217,97089075,348142
ENSG00000254038,37069418,37067441,1977
ENSG00000253650,37095390,37095150,240
ENSG00000265987,75373662,75344405,29257
ENSG00000231801,44652379,44651835,544
ENSG00000228007,75339147,75338827,320
ENSG00000265342,75394963,75394123,840
ENSG00000256148,73510820,73510658,162
ENSG00000253123,37331984,37326575,5409
ENSG00000249761,97337040,97336858,182
ENSG00000231726,73580517,73580253,264
ENSG00000264853,75373736,75370947,2789
ENSG00000255786,73452344,73452020,324
ENSG00000248758,97201880,97188090,13790
ENSG00000268618,8550139,8549506,633
ENSG00000054965,73598189,73400487,197702
ENSG00000251389,97370421,97368776,1645
ENSG00000177885,75405709,75318076,87633
ENSG00000058729,97183247,97160867,22380
ENSG00000277213,42409006,42408526,480
ENSG00000232781,29027572,29026645,927
ENSG00000253746,37406724,37405439,1285
ENSG00000234861,42412150,42410830,1320
ENSG00000228652,29045205,29044178,1027
ENSG00000233019,29072563,29071788,775
ENSG00000253414,37517021,37516410,611
ENSG00000253161,37554183,37421341,132842
ENSG00000100938,24239242,24232422,6820
ENSG00000100568,67674820,67647085,27735
ENSG00000253388,37480809,37480089,720
ENSG00000227529,29077132,29076537,595
ENSG00000102984,71895336,71859680,35656
ENSG00000164867,151014588,150991017,23571
ENSG00000144771,54967088,54918231,48857
ENSG00000239215,123721639,123721246,393
ENSG00000286092,123723169,123713408,9761
ENSG00000280300,123754794,123754246,548
ENSG00000234947,31968992,31958721,10271
ENSG00000237322,228753786,228753324,462
ENSG00000254054,17907887,17905756,2131
ENSG00000265992,54639857,54632122,7735
ENSG00000145721,97142753,97091867,50886
ENSG00000255291,20575042,20574186,856
ENSG00000204544,30989903,30983718,6185
ENSG00000226629,41554495,41549606,4889
ENSG00000267082,11216168,11203628,12540
ENSG00000226297,229004400,229003886,514
ENSG00000273733,11221573,11221083,490
ENSG00000130173,11241943,11237450,4493
ENSG00000153823,229271285,228850526,420759
ENSG00000170476,139390081,139387480,2601
ENSG00000258466,67690367,67659820,30547
ENSG00000251054,97227957,97223371,4586
ENSG00000224493,75522231,75521562,669
ENSG00000264350,54407114,54406889,225
ENSG00000283613,54424632,54412763,11869
ENSG00000264564,54525563,54525434,129
ENSG00000185221,214871716,214870734,982
ENSG00000267428,54567303,54566997,306
ENSG00000223869,214943540,214943123,417
ENSG00000265487,5960785,5956101,4684
ENSG00000279807,11208702,11208195,507
ENSG00000178690,54599493,54587757,11736
ENSG00000279885,6398020,6394847,3173
ENSG00000266846,6082455,6025091,57364
ENSG00000130158,11262524,11199295,63229
ENSG00000151176,113391629,113358566,33063
ENSG00000264707,6260934,6256747,4187
ENSG00000145388,118715433,118685392,30041
ENSG00000187957,229714555,229357629,356926
ENSG00000286118,52929574,52925956,3618
ENSG00000237941,2872105,2870033,2072
ENSG00000235505,104919073,104901549,17524
ENSG00000235852,190882059,190880797,1262
ENSG00000154655,6415237,5954706,460531
ENSG00000268350,52995472,52926402,69070
ENSG00000228144,66169985,66123917,46068
ENSG00000115419,190965552,190880827,84725
ENSG00000139233,66130750,66116555,14195
ENSG00000165970,20659285,20599400,59885
ENSG00000161911,41154337,41149342,4995
ENSG00000256448,73410682,73405297,5385
ENSG00000235993,229702148,229701794,354
ENSG00000239335,66134449,66130751,3698
ENSG00000227562,151954985,151950386,4599
ENSG00000260217,175941037,175938929,2108
ENSG00000230362,175978570,175977497,1073
ENSG00000258711,50962002,50956259,5743
ENSG00000249951,94702570,94675245,27325
ENSG00000249599,94757533,94743800,13733
ENSG00000285613,23186395,23167577,18818
ENSG00000106648,152019929,151956379,63550
ENSG00000166828,23216883,23182745,34138
ENSG00000082482,215237093,215005775,231318
ENSG00000236357,176068908,176068042,866
ENSG00000271413,176069252,176069107,145
ENSG00000100505,51096061,50975262,120799
ENSG00000279348,216213519,216211404,2115
ENSG00000103549,30776307,30761745,14562
ENSG00000260804,216220192,216217045,3147
ENSG00000270698,85815062,85814425,637
ENSG00000214259,85816536,85815873,663
ENSG00000279907,85862012,85859521,2491
ENSG00000144583,216372483,216257865,114618
ENSG00000275225,54767347,54754999,12348
ENSG00000174928,155806278,155762617,43661
ENSG00000233581,216321737,216303325,18412
ENSG00000103522,27452042,27402174,49868
ENSG00000231092,216266130,216259595,6535
ENSG00000263499,57608412,57600856,7556
ENSG00000266100,57523597,57522248,1349
ENSG00000279555,57280017,57277920,2097
ENSG00000280028,57532355,57531769,586
ENSG00000263029,16261235,16260866,369
ENSG00000153944,57684689,57255851,428838
ENSG00000262848,16292242,16290135,2107
ENSG00000225682,31959838,31957356,2482
ENSG00000260741,23213104,23194878,18226
ENSG00000103226,16294811,16232528,62283
ENSG00000259055,51091288,51088957,2331
ENSG00000214765,45768985,45723780,45205
ENSG00000238026,176114537,176113702,835
ENSG00000284952,155854442,155763043,91399
ENSG00000169359,155854456,155821024,33432
ENSG00000228308,176817001,176814155,2846
ENSG00000243483,113041814,113041390,424
ENSG00000223715,176867838,176415439,452399
ENSG00000240057,113183301,113019532,163769
ENSG00000041353,54895516,54717860,177656
ENSG00000138375,216483053,216412414,70639
ENSG00000163607,113015060,112990918,24142
ENSG00000254564,23431799,23431677,122
ENSG00000254465,23480430,23478068,2362
ENSG00000261272,31035402,31010474,24928
ENSG00000240881,23521202,23520322,880
ENSG00000228789,31059890,31053450,6440
ENSG00000171604,139683882,139647299,36583
ENSG00000115155,26558698,26457203,101495
ENSG00000285254,22478026,22475455,2571
ENSG00000204542,31112559,31111223,1336
ENSG00000267112,54898083,54885866,12217
ENSG00000267524,54745581,54744750,831
ENSG00000267311,54880809,54879457,1352
ENSG00000110042,59208588,59171430,37158
ENSG00000225842,52474411,52474073,338
ENSG00000236837,52500752,52494688,6064
ENSG00000267709,5858239,5847467,10772
ENSG00000129757,2885773,2883213,2560
ENSG00000171124,5851474,5842888,8586
ENSG00000205978,24419283,24399003,20280
ENSG00000204993,52572522,52570648,1874
ENSG00000145075,180870933,180614008,256925
ENSG00000228572,255091,253743,1348
ENSG00000102125,154421726,154411524,10202
ENSG00000233926,81776900,81689713,87187
ENSG00000101096,51562831,51386957,175874
ENSG00000260260,2155358,2154797,561
ENSG00000231319,29087278,29086272,1006
ENSG00000163728,180617828,180602163,15665
ENSG00000213184,123018661,123017638,1023
ENSG00000125816,21397526,21395365,2161
ENSG00000250635,139649728,139648999,729
ENSG00000255193,23796970,23730588,66382
ENSG00000259954,27453393,27447669,5724
ENSG00000148803,133358025,133355158,2867
ENSG00000254861,23804598,23761330,43268
ENSG00000095970,41163186,41158506,4680
ENSG00000178234,152122340,152025674,96666
ENSG00000197629,59212951,59208510,4441
ENSG00000132434,55433742,55365448,68294
ENSG00000229023,190993567,190992639,928
ENSG00000227941,162541628,162541332,296
ENSG00000259788,162561308,162560227,1081
ENSG00000257512,93315941,93314809,1132
ENSG00000124678,35148610,35118071,30539
ENSG00000257252,93377736,93317135,60601
ENSG00000169598,3885429,3857267,28162
ENSG00000100441,24441843,24429286,12557
ENSG00000286196,127760560,127754534,6026
ENSG00000248458,66677027,66665864,11163
ENSG00000095370,127778710,127738317,40393
ENSG00000118473,66751139,66533383,217756
ENSG00000241219,113063443,113050912,12531
ENSG00000272574,162593754,162593103,651
ENSG00000272844,112991153,112990447,706
ENSG00000255083,57019021,57018100,921
ENSG00000117143,162599842,162561506,38336
ENSG00000273228,57029722,57029408,314
ENSG00000248883,49086702,49085511,1191
ENSG00000141562,82490537,82458180,32357
ENSG00000283307,57038436,57037534,902
ENSG00000272676,57045390,57045091,299
ENSG00000129244,7657770,7646627,11143
ENSG00000273255,57056132,57055587,545
ENSG00000238241,99417224,99404684,12540
ENSG00000285448,99432702,99429211,3491
ENSG00000243669,123036224,123035867,357
ENSG00000279281,57450291,57448218,2073
ENSG00000123572,105958610,105822539,136071
ENSG00000197889,14988050,14959388,28662
ENSG00000114993,74442422,74425836,16586
ENSG00000076984,7914478,7903843,10635
ENSG00000235623,14987515,14986942,573
ENSG00000215310,33412173,33410944,1229
ENSG00000183908,57191717,57181747,9970
ENSG00000161016,144792587,144789765,2822
ENSG00000110628,2925246,2899721,25525
ENSG00000143603,154870281,154697455,172826
ENSG00000100577,77331597,77320996,10601
ENSG00000164287,55173175,55112995,60180
ENSG00000139899,24430954,24426532,4422
ENSG00000279592,71860676,71859680,996
ENSG00000232485,216498761,216479030,19731
ENSG00000261765,71882273,71881553,720
ENSG00000100445,24442905,24439766,3139
ENSG00000277481,71999978,71929538,70440
ENSG00000235042,216412696,216385288,27408
ENSG00000229591,152121717,152120001,1716
ENSG00000197756,216579180,216498189,80991
ENSG00000066827,134713049,134477788,235261
ENSG00000073734,169031324,168915498,115826
ENSG00000172840,66895754,66878589,17165
ENSG00000258091,75926467,75926213,254
ENSG00000258077,75984015,75563202,420813
ENSG00000217897,39304898,39304294,604
ENSG00000226438,39257649,39249838,7811
ENSG00000257329,75967062,75964440,2622
ENSG00000257777,75601551,75600047,1504
ENSG00000198923,75964995,75964799,196
ENSG00000286259,75691937,75649195,42742
ENSG00000258088,75698816,75694010,4806
ENSG00000258245,75689096,75688794,302
ENSG00000224470,71885268,71845976,39292
ENSG00000123561,106038727,106032435,6292
ENSG00000139289,76033932,76025447,8485
ENSG00000145103,122022247,121987323,34924
ENSG00000242176,71991305,71991151,154
ENSG00000173598,93408146,93377883,30263
ENSG00000257453,76031378,76030494,884
ENSG00000257839,76033897,76032658,1239
ENSG00000230777,175922145,175921975,170
ENSG00000186306,158399466,158398522,944
ENSG00000115598,102240002,102187006,52996
ENSG00000163803,28644142,28457145,186997
ENSG00000180708,158426237,158418210,8027
ENSG00000179088,103496010,103237591,258419
ENSG00000203758,158446014,158445068,946
ENSG00000196659,177553014,177548998,4016
ENSG00000018510,177559299,177392768,166531
ENSG00000106348,128410252,128392277,17975
ENSG00000241520,216487196,216483032,4164
ENSG00000261840,30699058,30697707,1351
ENSG00000280211,30776033,30773532,2501
ENSG00000282034,30745169,30704067,41102
ENSG00000135094,113426301,113392445,33856
ENSG00000270130,123961244,123960717,527
ENSG00000119242,123972831,123918660,54171
ENSG00000244641,123050353,123049787,566
ENSG00000233541,123051401,123051161,240
ENSG00000268149,7913518,7912648,870
ENSG00000127884,133373354,133362485,10869
ENSG00000196118,30762221,30757423,4798
ENSG00000280734,99499306,99486962,12344
ENSG00000164294,55167297,55160167,7130
ENSG00000203441,99501052,99499727,1325
ENSG00000125304,99564006,99446311,117695
ENSG00000225280,21400391,21397818,2573
ENSG00000263271,81461937,81461013,924
ENSG00000139410,113438276,113422380,15896
ENSG00000226405,21488625,21488244,381
ENSG00000274685,133374869,133374736,133
ENSG00000266074,81466332,81395475,70857
ENSG00000278041,21502934,21499261,3673
ENSG00000227693,21501968,21501395,573
ENSG00000140995,89968060,89947925,20135
ENSG00000258197,21512309,21511447,862
ENSG00000125820,21514026,21511010,3016
ENSG00000261535,102154463,102153355,1108
ENSG00000225422,66235234,66234079,1155
ENSG00000272219,101961894,101960116,1778
ENSG00000090376,66254622,66188879,65743
ENSG00000278586,102264979,102264706,273
ENSG00000272549,167679270,167666840,12430
ENSG00000259294,101824729,101822247,2482
ENSG00000203688,167696290,167679626,16664
ENSG00000100865,102362916,102341102,21814
ENSG00000233492,21530744,21530202,542
ENSG00000257923,102283958,101815904,468054
ENSG00000236257,158455273,158454198,1075
ENSG00000173285,158470857,158461574,9283
ENSG00000279692,81397144,81395609,1535
ENSG00000133422,30968774,30925130,43644
ENSG00000232950,80299655,80297720,1935
ENSG00000228686,176018760,176017277,1483
ENSG00000214776,9576275,9480608,95667
ENSG00000143207,176207286,175944831,262455
ENSG00000198703,158492160,158491219,941
ENSG00000270048,123962817,123962555,262
ENSG00000236656,158494886,158474454,20432
ENSG00000256596,124209018,124206228,2790
ENSG00000280710,99501250,99498737,2513
ENSG00000131653,2178129,2155698,22431
ENSG00000267656,13140489,13139780,709
ENSG00000270095,123971714,123971457,257
ENSG00000231849,36242156,36241898,258
ENSG00000267032,13152689,13151637,1052
ENSG00000269997,123966629,123966077,552
ENSG00000198965,158480936,158472220,8716
ENSG00000267286,13185617,13183402,2215
ENSG00000054118,36305357,36224432,80925
ENSG00000197653,123936206,123762188,174018
ENSG00000227445,158515925,158514785,1140
ENSG00000267239,13216367,13203774,12593
ENSG00000231434,158525838,158523672,2166
ENSG00000197532,158554405,158544550,9855
ENSG00000260500,7919157,7918652,505
ENSG00000260001,7919097,7916145,2952
ENSG00000257435,32993754,32988763,4991
ENSG00000197557,177618742,177612999,5743
ENSG00000256975,9508440,9506347,2093
ENSG00000022976,102342702,102317377,25325
ENSG00000115556,218637184,218607855,29329
ENSG00000272917,9657070,9642872,14198
ENSG00000281991,30744281,30740381,3900
ENSG00000237655,177618572,177603089,15483
ENSG00000233719,9643011,9641723,1288
ENSG00000256442,9648009,9647014,995
ENSG00000186440,158570580,158560606,9974
ENSG00000234168,99580368,99577112,3256
ENSG00000255581,8017860,8017201,659
ENSG00000279111,158579899,158578919,980
ENSG00000255964,8016406,8015024,1382
ENSG00000282080,8019007,8014093,4914
ENSG00000284634,9658392,9448295,210097
ENSG00000286114,122664196,122657498,6698
ENSG00000256072,66257434,66251745,5689
ENSG00000286135,122679494,122672850,6644
ENSG00000213188,152129686,152128879,807
ENSG00000225802,59259486,59255360,4126
ENSG00000256777,66276651,66275940,711
ENSG00000183559,122699822,122697709,2113
ENSG00000254799,59263802,59263389,413
ENSG00000214797,59284033,59268876,15157
ENSG00000257935,113480624,113472003,8621
ENSG00000089116,113472280,113462033,10247
ENSG00000254704,59289486,59287339,2147
ENSG00000256594,9658412,9648047,10365
ENSG00000254827,2903740,2887780,15960
ENSG00000160868,99784248,99756960,27288
ENSG00000279020,13242076,13239543,2533
ENSG00000113742,173961980,173888349,73631
ENSG00000168675,13652755,13217498,435257
ENSG00000111796,9607886,9594551,13335
ENSG00000127952,76048004,75996338,51666
ENSG00000112195,41201149,41189749,11400
ENSG00000163554,158686715,158610706,76009
ENSG00000249550,113773683,113679459,94224
ENSG00000177889,93441947,93405673,36274
ENSG00000184106,41217947,41208713,9234
ENSG00000249977,97449741,97449358,383
ENSG00000257231,113789807,113789542,265
ENSG00000250331,97671046,97504696,166350
ENSG00000225794,216611206,216594368,16838
ENSG00000235444,216610959,216610342,617
ENSG00000224391,216606938,216590426,16512
ENSG00000271161,47500407,47499841,566
ENSG00000115457,216664436,216632828,31608
ENSG00000163832,47513712,47495640,18072
ENSG00000257083,67096410,66950754,145656
ENSG00000258982,100238555,100207407,31148
ENSG00000259052,100291456,100279959,11497
ENSG00000277803,23893557,23886135,7422
ENSG00000197119,100306547,100291116,15431
ENSG00000254594,24262218,24235477,26741
ENSG00000256420,66569194,66563967,5227
ENSG00000127311,66347645,66302545,45100
ENSG00000187398,25082638,24496970,585668
ENSG00000232070,21103724,21098937,4787
ENSG00000162733,162787405,162631373,156032
ENSG00000164651,20786886,20782283,4603
ENSG00000257359,113937255,113932569,4686
ENSG00000167971,2196525,2177180,19345
ENSG00000122965,113966325,113816738,149587
ENSG00000255472,21033895,21032818,1077
ENSG00000233928,33942280,33726508,215772
ENSG00000165804,21104722,21090077,14645
ENSG00000235858,80334426,80333771,655
ENSG00000219451,20827753,20827326,427
ENSG00000234839,20843961,20843627,334
ENSG00000235989,30932449,30922308,10141
ENSG00000285592,21028813,20959391,69422
ENSG00000232790,21023148,20835431,187717
ENSG00000091651,46698394,46689643,8751
ENSG00000255489,24701575,24701275,300
ENSG00000170390,150257438,150078445,178993
ENSG00000141696,41812604,41801947,10657
ENSG00000133665,80368073,80344745,23328
ENSG00000274874,124088594,123973944,114650
ENSG00000256285,66563694,66563524,170
ENSG00000178882,124316024,123973241,342783
ENSG00000155974,67069162,66347431,721731
ENSG00000269425,4343491,4339577,3914
ENSG00000258904,100265405,100263781,1624
ENSG00000267136,13522888,13514520,8368
ENSG00000100811,100282792,100238298,44494
ENSG00000266954,13645685,13644815,870
ENSG00000178078,4342786,4324043,18743
ENSG00000267694,13470823,13461020,9803
ENSG00000267529,13472709,13471012,1697
ENSG00000267393,13366243,13362203,4040
ENSG00000225722,3953561,3953056,505
ENSG00000279275,13280110,13279415,695
ENSG00000272746,13526688,13526078,610
ENSG00000267702,13490676,13486462,4214
ENSG00000236592,35169535,35169224,311
ENSG00000189212,35186041,35079989,106052
ENSG00000267690,13427480,13419421,8059
ENSG00000279082,21619674,21569976,49698
ENSG00000178053,158607252,158571163,36089
ENSG00000267177,13236470,13234945,1525
ENSG00000267503,13565035,13561399,3636
ENSG00000257415,103504936,103503381,1555
ENSG00000250091,123934984,123925461,9523
ENSG00000267366,13501289,13500641,648
ENSG00000242915,28460361,28460256,105
ENSG00000280350,21703585,21610787,92798
ENSG00000257994,103506174,103505411,763
ENSG00000230730,28664540,28633282,31258
ENSG00000269938,123968579,123968023,556
ENSG00000257762,103559815,103547794,12021
ENSG00000213065,167768568,167767083,1485
ENSG00000256827,124006225,124005871,354
ENSG00000179195,124015439,123971845,43594
ENSG00000104976,7923250,7920338,2912
ENSG00000286197,103571337,103518334,53003
ENSG00000155629,96720514,96593315,127199
ENSG00000273466,218634014,218633256,758
ENSG00000198967,158612514,158605268,7246
ENSG00000254550,77103331,77102840,491
ENSG00000258504,100294656,100291117,3539
ENSG00000237370,3604242,3603397,845
ENSG00000149260,77126155,77066961,59194
ENSG00000280388,76045963,76043977,1986
ENSG00000188765,3617757,3617548,209
ENSG00000257766,103669406,103668575,831
ENSG00000257737,103657995,103654780,3215
ENSG00000118004,3644644,3594832,49812
ENSG00000136011,103766719,103587273,179446
ENSG00000248931,97678681,97677547,1134
ENSG00000230863,75724049,75641178,82871
ENSG00000065970,8055517,8032716,22801
ENSG00000184194,53080615,53049091,31524
ENSG00000160703,119184016,119166568,17448
ENSG00000283051,42779994,42777819,2175
ENSG00000233754,42782229,42781074,1155
ENSG00000234239,99583180,99582706,474
ENSG00000272129,80356859,80355424,1435
ENSG00000170788,80356755,80336105,20650
ENSG00000083168,42051994,41929479,122515
ENSG00000225218,42836477,42831040,5437
ENSG00000270497,53065548,53065053,495
ENSG00000219547,80374569,80374015,554
ENSG00000279022,80441172,80440730,442
ENSG00000233967,80465927,80443344,22583
ENSG00000236664,178011989,177953111,58878
ENSG00000227241,178105753,178105637,116
ENSG00000229744,178018465,178017993,472
ENSG00000173431,21058455,21057822,633
ENSG00000128655,178072777,177623244,449533
ENSG00000197181,22357568,22275316,82252
ENSG00000260645,80469080,80466958,2122
ENSG00000165801,21090248,21070273,19975
ENSG00000249131,139746223,139741349,4874
ENSG00000249526,139745010,139684645,60365
ENSG00000109971,123063230,123057489,5741
ENSG00000255368,25141023,25140533,490
ENSG00000219361,80470428,80470071,357
ENSG00000273407,99766892,99766543,349
ENSG00000236802,33449198,33447505,1693
ENSG00000275936,120225421,120224744,677
ENSG00000255857,120213138,120201291,11847
ENSG00000240298,25588795,25588475,320
ENSG00000271792,139775472,139775305,167
ENSG00000131263,74614617,74585217,29400
ENSG00000251387,139775406,139772528,2878
ENSG00000258050,55199013,55196727,2286
ENSG00000279392,55229681,55229217,464
ENSG00000282217,38403488,38401836,1652
ENSG00000273608,38406717,38330785,75932
ENSG00000257681,103768858,103746315,22543
ENSG00000236021,176229330,176207648,21682
ENSG00000232463,176231830,176231200,630
ENSG00000227815,176273402,176272483,919
ENSG00000231020,176306095,176305672,423
ENSG00000266445,82477924,82476597,1327
ENSG00000266236,82483388,82482098,1290
ENSG00000183733,70790643,70777310,13333
ENSG00000225904,176368401,176367699,702
ENSG00000265458,82458521,82454273,4248
ENSG00000279744,82464255,82462601,1654
ENSG00000237514,176616786,176616273,513
ENSG00000275894,45345823,45345115,708
ENSG00000116183,176845601,176463171,382430
ENSG00000124145,45348424,45325288,23136
ENSG00000286067,120222668,120218070,4598
ENSG00000240925,120247791,120247460,331
ENSG00000176584,122826868,122729429,97439
ENSG00000230673,74583546,74583088,458
ENSG00000089159,120265771,120210439,55332
ENSG00000140623,4788521,4777669,10852
ENSG00000270061,123970344,123969990,354
ENSG00000275389,124088598,124085761,2837
ENSG00000232809,215377374,215376484,890
ENSG00000282265,215394418,215393646,772
ENSG00000227032,96621707,96620877,830
ENSG00000236513,4633572,4627200,6372
ENSG00000235039,5169439,5168918,521
ENSG00000136636,215621807,215567304,54503
ENSG00000228034,70803426,70803157,269
ENSG00000174501,95991831,95836919,154912
ENSG00000178605,318819,304529,14290
ENSG00000168538,183713594,183659267,54327
ENSG00000235678,59310576,59309681,895
ENSG00000255386,59334086,59332757,1329
ENSG00000132196,162812817,162790702,22115
ENSG00000122729,32454769,32384603,70166
ENSG00000255807,133033956,133033503,453
ENSG00000246394,133037222,133030389,6833
ENSG00000182378,303356,276322,27034
ENSG00000198393,133032952,132986365,46587
ENSG00000181705,80499392,80499196,196
ENSG00000155749,201357398,201288271,69127
ENSG00000198198,43454247,43389882,64365
ENSG00000255454,25631041,25630720,321
ENSG00000216352,80557189,80555841,1348
ENSG00000013563,154412112,154401236,10876
ENSG00000185863,137172409,137170858,1551
ENSG00000160193,42879568,42843094,36474
ENSG00000185448,34132314,34129756,2558
ENSG00000185638,34147586,34147036,550
ENSG00000029363,136289851,136256627,33224
ENSG00000184709,137170051,137168758,1293
ENSG00000229965,226439344,226438564,780
ENSG00000230739,162849467,162824795,24672
ENSG00000177770,226493489,226493188,301
ENSG00000185860,162868815,162824458,44357
ENSG00000203685,226609230,226548764,60466
ENSG00000261793,137171984,137168854,3130
ENSG00000286028,111513888,111510600,3288
ENSG00000176884,137168756,137139154,29602
ENSG00000116544,34929650,34865436,64214
ENSG00000110777,111455630,111352255,103375
ENSG00000227667,162979793,162979551,242
ENSG00000198015,93516214,93467488,48726
ENSG00000271639,233547032,233545482,1550
ENSG00000085982,233566782,233475520,91262
ENSG00000284741,178108339,177628069,480270
ENSG00000271253,12686033,12685637,396
ENSG00000267795,4796491,4788397,8094
ENSG00000122644,12690958,12686856,4102
ENSG00000225578,196942534,196939877,2657
ENSG00000114503,196942594,196935402,7192
ENSG00000118245,216860064,216859458,606
ENSG00000110975,33439819,33374238,65581
ENSG00000255428,111418186,111414242,3944
ENSG00000255093,111475397,111448450,26947
ENSG00000237479,216867813,216866332,1481
ENSG00000229352,216805335,216799608,5727
ENSG00000231597,216855132,216854389,743
ENSG00000231888,177011067,177010719,348
ENSG00000270323,73641037,73640479,558
ENSG00000227021,216869156,216868012,1144
ENSG00000165795,21070872,21016763,54109
ENSG00000236886,216994079,216694464,299615
ENSG00000137707,111512354,111467526,44828
ENSG00000115461,216695549,216672105,23444
ENSG00000164342,186088069,186069152,18917
ENSG00000167613,54370558,54351384,19174
ENSG00000259937,33405896,33404872,1024
ENSG00000153827,229923239,229763838,159401
ENSG00000273853,33432853,33432311,542
ENSG00000256070,33455452,33454345,1107
ENSG00000270807,33718217,33717853,364
ENSG00000285952,4801423,4777939,23484
ENSG00000267077,4796532,4795265,1267
ENSG00000213962,177998770,177997273,1497
ENSG00000229941,177723289,177698429,24860
ENSG00000234588,216806129,216805737,392
ENSG00000156384,104126385,104122058,4327
ENSG00000223874,216871639,216870772,867
ENSG00000067836,4802950,4796968,5982
ENSG00000245482,34046417,34022281,24136
ENSG00000237930,216786144,216785774,370
ENSG00000256538,34056740,34037438,19302
ENSG00000236295,216873932,216870441,3491
ENSG00000257603,114079902,114077133,2769
ENSG00000139133,34029694,34022468,7226
ENSG00000249909,178104470,178092503,11967
ENSG00000284839,32431804,32427901,3903
ENSG00000152672,70820599,70808643,11956
ENSG00000226468,32457758,32456963,795
ENSG00000231237,158695509,158694539,970
ENSG00000257300,114098223,114097682,541
ENSG00000226421,32472409,32471513,896
ENSG00000196171,158700652,158699678,974
ENSG00000257915,114105931,114104542,1389
ENSG00000257997,114113489,114080381,33108
ENSG00000257754,103822085,103819610,2475
ENSG00000111696,103841234,103770453,70781
ENSG00000203757,158720720,158716327,4393
ENSG00000257476,114241770,114238970,2800
ENSG00000180437,158725067,158724113,954
ENSG00000259855,216996490,216995906,584
ENSG00000226949,158743415,158742146,1269
ENSG00000180433,158755891,158754720,1171
ENSG00000231672,217756593,217284019,472574
ENSG00000233571,34415537,34206725,208812
ENSG00000236072,34388464,34387722,742
ENSG00000152760,66779047,66752459,26588
ENSG00000203971,57960176,57957126,3050
ENSG00000197403,158772195,158747814,24381
ENSG00000276459,54753028,54738512,14516
ENSG00000275852,58004648,58003904,744
ENSG00000155636,178139011,178112424,26587
ENSG00000231386,70811474,70810798,676
ENSG00000271136,34517358,34516920,438
ENSG00000196954,104969366,104942866,26500
ENSG00000225708,58072070,58069054,3016
ENSG00000171860,8066471,8058302,8169
ENSG00000175061,16478678,16438822,39856
ENSG00000181511,120733396,120733094,302
ENSG00000184492,113501155,113498665,2490
ENSG00000124251,45407889,45372557,35332
ENSG00000237828,120869807,120868611,1196
ENSG00000233143,217336120,217282739,53381
ENSG00000234148,113515485,113512463,3022
ENSG00000224414,217696763,217693895,2868
ENSG00000231035,217761291,217760547,744
ENSG00000111262,4918256,4909905,8351
ENSG00000236446,120875929,120872603,3326
ENSG00000116031,70835816,70830211,5605
ENSG00000257027,9662085,9658567,3518
ENSG00000225647,108614267,108598375,15892
ENSG00000270425,108721601,108720608,993
ENSG00000261511,99820086,99820018,68
ENSG00000271346,120876805,120876552,253
ENSG00000205174,108884587,108883975,612
ENSG00000089225,114408442,114353931,54511
ENSG00000232880,45388705,45388347,358
ENSG00000284513,4963450,4960113,3337
ENSG00000278646,120878924,120877496,1428
ENSG00000256654,5026012,4909867,116145
ENSG00000244274,45410610,45406057,4553
ENSG00000225398,113563298,113541937,21361
ENSG00000147403,154409168,154389955,19213
ENSG00000237751,70889959,70887871,2088
ENSG00000231943,113542694,113526836,15858
ENSG00000050030,74925485,74732856,192629
ENSG00000225441,29101853,29100915,938
ENSG00000261245,31361695,31361278,417
ENSG00000188340,158781204,158774222,6982
ENSG00000240632,81919926,81913437,6489
ENSG00000140678,31382997,31355134,27863
ENSG00000143772,226739323,226631690,107633
ENSG00000229724,158796213,158796014,199
ENSG00000180409,158809335,158808399,936
ENSG00000204954,103965708,103940763,24945
ENSG00000163563,158849506,158831351,18155
ENSG00000163344,154936719,154924740,11979
ENSG00000233636,29112792,29111857,935
ENSG00000279043,108905226,108900105,5121
ENSG00000274639,54736534,54724479,12055
ENSG00000226685,120932301,120930250,2051
ENSG00000229603,108952666,108909453,43213
ENSG00000270678,120933152,120932901,251
ENSG00000271018,50757433,50756892,541
ENSG00000227968,108995029,108994031,998
ENSG00000226929,120937158,120933840,3318
ENSG00000230941,109326315,109322320,3995
ENSG00000271589,74769798,74769639,159
ENSG00000255628,34162238,34149839,12399
ENSG00000270493,120938015,120937762,253
ENSG00000254456,25781758,25734770,46988
ENSG00000256986,34163442,34162477,965
ENSG00000250788,34166954,34164773,2181
ENSG00000229849,158883500,158878746,4754
ENSG00000146005,139844466,139795808,48658
ENSG00000163564,158977054,158930796,46258
ENSG00000245534,60630637,60479178,151459
ENSG00000166598,103953645,103930107,23538
ENSG00000117152,163076802,163068775,8027
ENSG00000270361,154938059,154937370,689
ENSG00000228382,226675067,226656640,18427
ENSG00000228548,226676345,226668897,7448
ENSG00000163346,154956123,154944076,12047
ENSG00000147027,34657285,34627075,30210
ENSG00000198040,133063304,133037292,26012
ENSG00000259274,60545159,60529973,15186
ENSG00000273958,60593460,60593027,433
ENSG00000270411,58097591,58097267,324
ENSG00000259591,60765625,60763906,1719
ENSG00000259482,60686888,60681569,5319
ENSG00000279310,67065278,67065018,260
ENSG00000233083,52630078,52629743,335
ENSG00000124357,71079808,71064344,15464
ENSG00000251193,97738913,97737894,1019
ENSG00000231584,96023380,96010551,12829
ENSG00000232604,52866631,52864235,2396
ENSG00000254754,25926808,25924188,2620
ENSG00000069667,61229302,60488284,741018
ENSG00000232668,52883455,52883243,212
ENSG00000228033,52910020,52722677,187343
ENSG00000188056,41238882,41228324,10558
ENSG00000275511,54881045,54864251,16794
ENSG00000278769,42724922,42724102,820
ENSG00000073737,169096167,169064789,31378
ENSG00000140326,42737128,42723544,13584
ENSG00000112773,81752774,81491439,261335
ENSG00000197429,45750650,45694324,56326
ENSG00000186281,96039451,96021946,17505
ENSG00000232031,81736353,81724722,11631
ENSG00000229348,43456995,43453927,3068
ENSG00000277797,81554092,81551686,2406
ENSG00000255399,114412831,114408191,4640
ENSG00000226089,81534915,81527102,7813
ENSG00000255086,26047598,26045987,1611
ENSG00000178922,43453989,43451003,2986
ENSG00000224941,31209123,31203494,5629
ENSG00000198221,167826709,167823876,2833
ENSG00000255243,26208347,26189123,19224
ENSG00000254819,26288007,26285711,2296
ENSG00000268789,22743410,22742924,486
ENSG00000269155,167798248,167795530,2718
ENSG00000285212,167825145,167796647,28498
ENSG00000146521,167796859,167784537,12322
ENSG00000269509,22774424,22773853,571
ENSG00000279966,22770622,22770375,247
ENSG00000213973,22784151,22752183,31968
ENSG00000225447,45646197,45645816,381
ENSG00000270518,22771191,22770937,254
ENSG00000159592,45688113,45627304,60809
ENSG00000122861,73917496,73909177,8319
ENSG00000248202,97922695,97881420,41275
ENSG00000238183,226781744,226781501,243
ENSG00000226148,202797094,202796030,1064
ENSG00000235449,202767418,202767229,189
ENSG00000228949,233586291,233585439,852
ENSG00000279466,133073983,133073516,467
ENSG00000261481,8870032,8869251,781
ENSG00000279817,133078392,133077762,630
ENSG00000227846,233604401,233603553,848
ENSG00000283516,8885351,8881634,3717
ENSG00000267647,54954732,54954403,329
ENSG00000117139,202809470,202724495,84975
ENSG00000166510,54959461,54901509,57952
ENSG00000249264,105486080,105484698,1382
ENSG00000216425,105527397,105526596,801
ENSG00000258271,93529989,93529560,429
ENSG00000197487,56185775,56176020,9755
ENSG00000254806,45410610,45363200,47410
ENSG00000143801,226896105,226870184,25921
ENSG00000225384,34717992,34717440,552
ENSG00000273704,34768688,34768327,361
ENSG00000124237,58161150,58150904,10246
ENSG00000236222,33459870,33449481,10389
ENSG00000250922,105532630,105532475,155
ENSG00000258685,59136421,59135488,933
ENSG00000214198,103930211,103843749,86462
ENSG00000258996,59181940,59181593,347
ENSG00000271180,55241080,55240622,458
ENSG00000250522,105552355,105540190,12165
ENSG00000204070,45376798,45361937,14861
ENSG00000280195,154398816,154396878,1938
ENSG00000197213,56197920,56189570,8350
ENSG00000163794,27308445,27307400,1045
ENSG00000257327,103844664,103841451,3213
ENSG00000223959,90002161,89972586,29575
ENSG00000140968,85922606,85899162,23444
ENSG00000138100,27307439,27282392,25047
ENSG00000089876,125896436,125836337,60099
ENSG00000159596,45694436,45688181,6255
ENSG00000249101,98026139,98025965,174
ENSG00000232892,163213023,163161675,51348
ENSG00000248901,98161193,98086260,74933
ENSG00000152092,177164973,176857302,307671
ENSG00000232995,163321894,163244505,77389
ENSG00000249135,98205193,98203059,2134
ENSG00000274403,42727211,42726583,628
ENSG00000222047,73922777,73909969,12808
ENSG00000225690,41249649,41247369,2280
ENSG00000274256,41251097,41250851,246
ENSG00000238000,98214121,98213402,719
ENSG00000278745,41252858,41252696,162
ENSG00000176183,98339832,98338744,1088
ENSG00000250057,83247213,83233512,13701
ENSG00000248401,83248206,83247179,1027
ENSG00000264050,29197785,29197071,714
ENSG00000234329,45651826,45651039,787
ENSG00000250677,83237444,83237303,141
ENSG00000230896,45697075,45694684,2391
ENSG00000138696,95158448,94757968,400480
ENSG00000178082,29204474,29203426,1048
ENSG00000250221,98393530,98392070,1460
ENSG00000223897,53486280,53486144,136
ENSG00000173085,83284914,83261536,23378
ENSG00000272556,45815263,45769105,46158
ENSG00000278277,54784697,54771294,13403
ENSG00000134531,13219941,13196723,23218
ENSG00000275596,54828970,54819506,9464
ENSG00000274442,1684882,1650629,34253
ENSG00000257391,15157020,15154903,2117
ENSG00000275047,54845947,54830927,15020
ENSG00000277770,15362674,15358978,3696
ENSG00000275608,54817473,54802886,14587
ENSG00000225755,163239197,163237214,1983
ENSG00000125813,21718486,21705659,12827
ENSG00000237756,163260659,163259850,809
ENSG00000248161,102450010,102418602,31408
ENSG00000143228,163355764,163266576,89188
ENSG00000229657,204947169,204946608,561
ENSG00000249806,142660950,142566019,94931
ENSG00000233015,21743077,21742303,774
ENSG00000109452,142847432,142023160,824272
ENSG00000138821,102431258,102251041,180217
ENSG00000227063,21755350,21755270,80
ENSG00000229247,26640614,26640377,237
ENSG00000163531,205022822,204828651,194171
ENSG00000238034,21970783,21947647,23136
ENSG00000143375,151538692,151510510,28182
ENSG00000003509,37253403,37231631,21772
ENSG00000228736,33469667,33461997,7670
ENSG00000144031,70985499,70978380,7119
ENSG00000236699,105708093,105552620,155473
ENSG00000230336,31215620,31209245,6375
ENSG00000107949,125853695,125823546,30149
ENSG00000165637,75231448,75210154,21294
ENSG00000274049,74460884,74455088,5796
ENSG00000235069,26647681,26647447,234
ENSG00000234435,22074654,22054090,20564
ENSG00000229372,43448644,43447776,868
ENSG00000239779,74460891,74458400,2491
ENSG00000226313,5170645,5169512,1133
ENSG00000231064,155205495,155195004,10491
ENSG00000259481,61195938,61181249,14689
ENSG00000273792,60849068,60847757,1311
ENSG00000259513,60558401,60558080,321
ENSG00000259575,61214231,61211913,2318
ENSG00000225284,38863133,38861720,1413
ENSG00000231960,29128873,29124176,4697
ENSG00000223922,38811654,38810432,1222
ENSG00000138780,105847728,105708778,138950
ENSG00000254111,37565377,37560366,5011
ENSG00000163214,38875934,38797729,78205
ENSG00000079156,178402893,178194481,208412
ENSG00000160766,155227422,155213821,13601
ENSG00000258794,34209675,34208415,1260
ENSG00000255652,34218853,34191279,27574
ENSG00000152223,45967339,45847609,119730
ENSG00000285163,85948824,85924984,23840
ENSG00000256614,34249958,34249481,477
ENSG00000226186,70956234,70955899,335
ENSG00000268804,85936223,85935281,942
ENSG00000272735,71068125,71067519,606
ENSG00000269667,85984881,85981750,3131
ENSG00000260063,26694131,26692132,1999
ENSG00000285040,85985386,85963328,22058
ENSG00000278200,81481570,81480523,1047
ENSG00000116039,70965431,70935900,29531
ENSG00000285012,85995899,85986764,9135
ENSG00000279604,86036419,86035627,792
ENSG00000117713,26782104,26693236,88868
ENSG00000261177,86089526,86081409,8117
ENSG00000233445,233722065,233721522,543
ENSG00000241119,233773300,233671898,101402
ENSG00000268078,86158798,86158206,592
ENSG00000269186,86199720,86196181,3539
ENSG00000178974,55361918,55271421,90497
ENSG00000273498,54800938,54789862,11076
ENSG00000268505,86198913,86192793,6120
ENSG00000153832,230013119,229922302,90817
ENSG00000268532,86293389,86286427,6962
ENSG00000268754,86301303,86221423,79880
ENSG00000239686,55282643,55282296,347
ENSG00000258455,55339501,55325834,13667
ENSG00000258469,55299231,55298644,587
ENSG00000257576,56512703,56511002,1701
ENSG00000258413,55272075,55262767,9308
ENSG00000225308,21221428,21220213,1215
ENSG00000168367,86349683,86331844,17839
ENSG00000231534,229945137,229942728,2409
ENSG00000181350,16492153,16441577,50576
ENSG00000115274,74457944,74455087,2857
ENSG00000259399,36612384,36574553,37831
ENSG00000021461,99866102,99828013,38089
ENSG00000226013,216201826,216201635,191
ENSG00000233620,216086917,216072465,14452
ENSG00000266651,16440952,16440479,473
ENSG00000236263,155213819,155211151,2668
ENSG00000169231,155209051,155195588,13463
ENSG00000236292,216204366,216194051,10315
ENSG00000229242,215901464,215886582,14882
ENSG00000118707,36593950,36573488,20462
ENSG00000241635,233773299,233760248,13051
ENSG00000131844,71658706,71587288,71418
ENSG00000042781,216423448,215622891,800557
ENSG00000269826,86349611,86347387,2224
ENSG00000177946,89972832,89969773,3059
ENSG00000115825,37324808,37250502,74306
ENSG00000213443,9696227,9695384,843
ENSG00000228445,233748079,233747214,865
ENSG00000244122,233773299,233681938,91361
ENSG00000069493,9699553,9664969,34584
ENSG00000164532,35254147,35202430,51717
ENSG00000250740,105932722,105927060,5662
ENSG00000249635,106022478,106003317,19161
ENSG00000248778,105680094,105679050,1044
ENSG00000251175,105827172,105746245,80927
ENSG00000238193,5307128,5305714,1414
ENSG00000226063,35259729,35258381,1348
ENSG00000236120,5726305,5653421,72884
ENSG00000168743,106004027,105894775,109252
ENSG00000101084,36612557,36605779,6778
ENSG00000235464,35510263,35496021,14242
ENSG00000254731,86714092,86703099,10993
ENSG00000255250,86765265,86727355,37910
ENSG00000170983,11581342,11576313,5029
ENSG00000122557,35695571,35632659,62912
ENSG00000271380,154962623,154961825,798
ENSG00000163348,154963853,154957026,6827
ENSG00000273603,54862123,54847887,14236
ENSG00000234143,233649026,233647926,1100
ENSG00000248705,233753656,233750617,3039
ENSG00000242366,233773310,233617645,155665
ENSG00000259627,63071911,63070025,1886
ENSG00000189132,34944915,34942796,2119
ENSG00000259498,63049387,63046034,3353
ENSG00000203772,133424572,133420666,3906
ENSG00000229347,35059974,35058927,1047
ENSG00000255153,1310707,1309769,938
ENSG00000230227,35627064,35626142,922
ENSG00000285985,1364286,1350359,13927
ENSG00000124227,58228653,58218495,10158
ENSG00000148832,133391694,133379261,12433
ENSG00000152086,130198439,130191745,6694
ENSG00000160691,154974395,154962298,12097
ENSG00000205847,71029893,71024127,5766
ENSG00000228384,71002754,70994510,8244
ENSG00000197748,104232362,104129888,102474
ENSG00000235692,33468744,33459645,9099
ENSG00000234896,71056003,71055527,476
ENSG00000236469,71064743,71002531,62212
ENSG00000243749,34985353,34981535,3818
ENSG00000234485,71038703,71037685,1018
ENSG00000116035,70965373,70900576,64797
ENSG00000273059,148012228,148011799,429
ENSG00000215859,148014956,147993862,21094
ENSG00000228846,29138777,29137841,936
ENSG00000254290,37599858,37597480,2378
ENSG00000241014,34978706,34975699,3007
ENSG00000258881,70995336,70939318,56018
ENSG00000227632,130212628,130202312,10316
ENSG00000226347,29174544,29173273,1271
ENSG00000144043,70994873,70985942,8931
ENSG00000163867,35031945,34986165,45780
ENSG00000271122,35699413,35695214,4199
ENSG00000135390,53677408,53632726,44682
ENSG00000167165,233773300,233691607,81693
ENSG00000163053,230068993,230034982,34011
ENSG00000183793,15381047,15363624,17423
ENSG00000146938,6228867,5840637,388230
ENSG00000101082,36646196,36612318,33878
ENSG00000106355,32495283,32485338,9945
ENSG00000143248,163321791,163111121,210670
ENSG00000238199,11279351,11278616,735
ENSG00000120942,11296049,11273206,22843
ENSG00000233663,35711942,35710911,1031
ENSG00000271088,35744582,35741600,2982
ENSG00000233880,35762479,35761499,980
ENSG00000141756,41823217,41812680,10537
ENSG00000082146,201480846,201387858,92988
ENSG00000189023,35803735,35798342,5393
ENSG00000239322,70948610,70941817,6793
ENSG00000227688,36621423,36620403,1020
ENSG00000255996,5032941,5032388,553
ENSG00000229949,21401613,21400920,693
ENSG00000186654,44737681,44668547,69134
ENSG00000278545,45480390,45470650,9740
ENSG00000257275,95757656,95711747,45909
ENSG00000213470,53633151,53632788,363
ENSG00000230756,130213490,130212870,620
ENSG00000154978,55572988,55436056,136932
ENSG00000116883,36329221,36323734,5487
ENSG00000100721,95714196,95709947,4249
ENSG00000213225,130232106,130229379,2727
ENSG00000214193,36324886,36306387,18499
ENSG00000274372,148025931,148021850,4081
ENSG00000234398,130248770,130245971,2799
ENSG00000225214,152109202,152098328,10874
ENSG00000229828,148093883,148080598,13285
ENSG00000236595,130252559,130251568,991
ENSG00000237722,130272272,130270440,1832
ENSG00000284773,34985313,34974356,10957
ENSG00000231954,130273511,130272479,1032
ENSG00000271741,35031741,34981533,50208
ENSG00000236211,130275449,130273908,1541
ENSG00000230496,130276257,130275592,665
ENSG00000167380,44178381,44165073,13308
ENSG00000249997,130277957,130277184,773
ENSG00000232990,130277187,130276507,680
ENSG00000251248,142518983,142514446,4537
ENSG00000242134,142287625,142286917,708
ENSG00000250835,142317546,142317238,308
ENSG00000182389,152099475,151832768,266707
ENSG00000230879,12922920,12922545,375
ENSG00000229618,13751920,12726152,1025768
ENSG00000168447,23381294,23278231,103063
ENSG00000237713,13365049,13339201,25848
ENSG00000135899,230225729,230167293,58436
ENSG00000263956,148152322,148102046,50276
ENSG00000254536,133420495,133390834,29661
ENSG00000173171,155213824,155208699,5125
ENSG00000148824,133422520,133394094,28426
ENSG00000142694,36324154,36322031,2123
ENSG00000120833,93583487,93569814,13673
ENSG00000105866,21514822,21428043,86779
ENSG00000286088,122879583,122832167,47416
ENSG00000138161,122846175,122832158,14017
ENSG00000268696,22858667,22832321,26346
ENSG00000271655,22840921,22840432,489
ENSG00000271318,86821728,86821143,585
ENSG00000255203,86857947,86857059,888
ENSG00000219702,81764503,81764211,292
ENSG00000255471,86925037,86892214,32823
ENSG00000187068,185153060,185076838,76222
ENSG00000269895,86837615,86833068,4547
ENSG00000268541,22861594,22861303,291
ENSG00000268296,22914340,22902538,11802
ENSG00000174804,86955395,86945679,9716
ENSG00000235321,169101210,169100743,467
ENSG00000235995,169115680,169115195,485
ENSG00000150687,86952910,86791059,161851
ENSG00000126775,55411858,55366392,45466
ENSG00000136807,127790787,127785679,5108
ENSG00000115993,201451500,201377207,74293
ENSG00000234862,22223283,22220554,2729
ENSG00000259318,55395233,55394940,293
ENSG00000225321,22284029,22263065,20964
ENSG00000255624,122898615,122879681,18934
ENSG00000172410,66801256,66797741,3515
ENSG00000243135,233773299,233729108,44191
ENSG00000182521,55456726,55413541,43185
ENSG00000265287,28609730,28607963,1767
ENSG00000118816,77075989,77047155,28834
ENSG00000213185,122879641,122849078,30563
ENSG00000263266,28468406,28467822,584
ENSG00000264608,28602284,28601827,457
ENSG00000225170,22273454,22272052,1402
ENSG00000224814,233708699,233693434,15265
ENSG00000227802,233744015,233742750,1265
ENSG00000258472,28614197,28455752,158445
ENSG00000278692,54769262,54754729,14533
ENSG00000248114,233741957,233738952,3005
ENSG00000130037,5046788,5043989,2799
ENSG00000280339,86912238,86908990,3248
ENSG00000178836,233755345,233754305,1040
ENSG00000246985,93571768,93542463,29305
ENSG00000055609,152436005,152134922,301083
ENSG00000163655,155944020,155870650,73370
ENSG00000197882,86833449,86832540,909
ENSG00000285523,5092742,5088002,4740
ENSG00000275735,54752855,54738547,14308
ENSG00000240224,233773299,233712992,60307
ENSG00000166783,15643154,15594387,48767
ENSG00000239199,55414059,55413556,503
ENSG00000258510,77359916,77359423,493
ENSG00000100580,77377094,77335029,42065
ENSG00000248712,119196769,119189638,7131
ENSG00000231690,169802873,169790321,12552
ENSG00000076382,28599025,28577565,21460
ENSG00000229214,169799549,169788790,10759
ENSG00000186076,93641586,93640822,764
ENSG00000224995,81814157,81813286,871
ENSG00000226453,81933480,81845185,88295
ENSG00000269458,22925547,22925377,170
ENSG00000150961,118838683,118722823,115860
ENSG00000171067,68272001,68261338,10663
ENSG00000260574,81969539,81969453,86
ENSG00000271661,22995847,22994968,879
ENSG00000146701,76067508,76048051,19457
ENSG00000269067,23003176,22975468,27708
ENSG00000100583,77391497,77376689,14808
ENSG00000172367,119190223,119185457,4766
ENSG00000248492,134600689,134598071,2618
ENSG00000271048,134673512,134673131,381
ENSG00000173992,66606019,66593153,12866
ENSG00000256115,5243151,5233997,9154
ENSG00000134817,57237314,57233577,3737
ENSG00000105784,87832296,87627548,204748
ENSG00000231858,191032314,191021526,10788
ENSG00000249885,105570238,105561591,8647
ENSG00000242515,233773305,233636454,136851
ENSG00000138785,105895986,105682627,213359
ENSG00000271519,35869631,35864858,4773
ENSG00000228547,15000055,14999050,1005
ENSG00000138378,191151596,191029576,122020
ENSG00000235955,45819016,45816216,2800
ENSG00000251378,45819097,45818582,515
ENSG00000226838,45821064,45816557,4507
ENSG00000182531,15008884,15007861,1023
ENSG00000255505,26427412,26427051,361
ENSG00000284715,104976116,104975356,760
ENSG00000169550,26572263,26559032,13231
ENSG00000276086,54736671,54724481,12190
ENSG00000270170,196943543,196942674,869
ENSG00000243025,158610857,158609610,1247
ENSG00000283247,45873082,45859994,13088
ENSG00000236173,169810102,169809318,784
ENSG00000183760,39111493,39083913,27580
ENSG00000243165,158626849,158626656,193
ENSG00000119227,196969060,196946356,22704
ENSG00000232197,170163142,170160614,2528
ENSG00000273100,170179660,170178681,979
ENSG00000213090,201413308,201410544,2764
ENSG00000079263,230313215,230203110,110105
ENSG00000198797,177282422,177170958,111464
ENSG00000134343,26663289,26309599,353690
ENSG00000241484,44862788,44752558,110230
ENSG00000119681,74612378,74498183,114195
ENSG00000198658,148149566,148146395,3171
ENSG00000224968,177366272,177351586,14686
ENSG00000225080,148129898,148129497,401
ENSG00000227579,177597709,177393287,204422
ENSG00000283940,130278376,130278036,340
ENSG00000284171,130278739,130278444,295
ENSG00000230548,130280110,130278757,1353
ENSG00000236720,177710330,177700524,9806
ENSG00000270838,22343930,22343693,237
ENSG00000248136,130282606,130282085,521
ENSG00000234934,130282105,130280299,1806
ENSG00000233550,130283329,130282679,650
ENSG00000226915,130294405,130293822,583
ENSG00000271435,130314411,130313934,477
ENSG00000110711,67491103,67483026,8077
ENSG00000224352,130330285,130330142,143
ENSG00000230828,50115282,50114937,345
ENSG00000237337,50175868,50174306,1562
ENSG00000240995,49149111,49148339,772
ENSG00000162374,50203786,50024029,179757
ENSG00000167080,49176840,49132460,44380
ENSG00000085563,87713323,87503633,209690
ENSG00000242193,178037950,178006136,31814
ENSG00000244474,233773299,233718778,54521
ENSG00000101977,139708227,139581770,126457
ENSG00000100473,30895065,30874514,20551
ENSG00000276563,178017343,178017127,216
ENSG00000120341,177984303,177923956,60347
ENSG00000258516,95866464,95855548,10916
ENSG00000250366,95925571,95876392,49179
ENSG00000204684,22471557,22371216,100341
ENSG00000204532,56209452,56202301,7151
ENSG00000214866,3847411,3703592,143819
ENSG00000242411,56217777,56217168,609
ENSG00000223529,184027756,184026369,1387
ENSG00000257769,15610563,15608474,2089
ENSG00000074582,218663443,218658764,4679
ENSG00000156968,15413271,15395754,17517
ENSG00000109103,28552668,28546707,5961
ENSG00000235403,1068341,1059133,9208
ENSG00000228613,1620113,1546665,73448
ENSG00000152763,66924856,66812885,111971
ENSG00000231482,1580747,1366234,214513
ENSG00000283766,1554701,1552445,2256
ENSG00000241735,152443176,152435695,7481
ENSG00000232718,3688981,3688021,960
ENSG00000115705,1543711,1374066,169645
ENSG00000151360,3702671,3658200,44471
ENSG00000166780,15625028,15434475,190553
ENSG00000270405,152367015,152366763,252
ENSG00000282764,42149549,42149310,239
ENSG00000241007,152368661,152367519,1142
ENSG00000204894,152367260,152367171,89
ENSG00000282178,42186884,42186432,452
ENSG00000125995,35700984,35699272,1712
ENSG00000282271,42262638,42228517,34121
ENSG00000020219,152447150,152445477,1673
ENSG00000237470,15021863,15015370,6493
ENSG00000258274,93737823,93707791,30032
ENSG00000261455,152465549,152463786,1763
ENSG00000284646,11319093,11311734,7359
ENSG00000277303,38476208,38472490,3718
ENSG00000224338,11425821,11425257,564
ENSG00000169372,93894840,93677375,217465
ENSG00000231139,152590941,152590641,300
ENSG00000282372,42267615,42265530,2085
ENSG00000261558,23023697,23015075,8622
ENSG00000225416,152602892,152602213,679
ENSG00000282494,38505534,38503239,2295
ENSG00000282534,77781876,77780337,1539
ENSG00000196584,152676141,152644776,31365
ENSG00000149115,57324952,57299638,25314
ENSG00000224661,3704153,3702585,1568
ENSG00000260979,8966990,8962706,4284
ENSG00000161021,179777283,179732822,44461
ENSG00000187555,8964514,8892097,72417
ENSG00000158458,140043299,139846779,196520
ENSG00000213316,179796647,179793980,2667
ENSG00000081479,169362534,169127109,235425
ENSG00000214078,35664956,35626031,38925
ENSG00000254154,178038007,177928788,109219
ENSG00000283932,22584261,22560553,23708
ENSG00000125798,22585455,22581005,4450
ENSG00000007202,28645454,28614446,31008
ENSG00000261130,15515348,15395754,119594
ENSG00000149136,57335892,57325986,9906
ENSG00000231080,66828558,66826942,1616
ENSG00000258425,74560048,74552181,7867
ENSG00000229704,185246441,185245460,981
ENSG00000113790,185281990,185190624,91366
ENSG00000258368,37576384,37575587,797
ENSG00000259974,22578642,22547671,30971
ENSG00000257173,38078999,38078529,470
ENSG00000248405,44862706,44702233,160473
ENSG00000089818,8097881,8076939,20942
ENSG00000263826,186784179,186781780,2399
ENSG00000258303,93838038,93836167,1871
ENSG00000240489,155988176,155987304,872
ENSG00000257283,93943603,93894965,48638
ENSG00000163918,186807058,186789880,17178
ENSG00000174930,156037647,156019646,18001
ENSG00000271382,93947813,93945041,2772
ENSG00000257360,94141337,94140077,1260
ENSG00000280083,191156070,191154118,1952
ENSG00000230611,191174835,191174233,602
ENSG00000223358,185191955,185162871,29084
ENSG00000254662,57327958,57325603,2355
ENSG00000214029,133130473,133106817,23656
ENSG00000240991,133125952,133125479,473
ENSG00000255830,114549852,114548854,998
ENSG00000271963,133122340,133115692,6648
ENSG00000258244,114588802,114588194,608
ENSG00000258254,114622922,114621761,1161
ENSG00000152463,15073852,15032227,41625
ENSG00000196387,133107544,133079838,27706
ENSG00000185009,74151063,74120255,30808
ENSG00000231956,87522410,87521461,949
ENSG00000234917,42681659,42678735,2924
ENSG00000250830,98402732,98402542,190
ENSG00000171960,42676758,42658423,18335
ENSG00000068912,53818819,53787044,31775
ENSG00000274429,77926526,77790791,135735
ENSG00000109794,186172667,186104419,68248
ENSG00000218809,41270239,41269875,364
ENSG00000184205,53088540,53082367,6173
ENSG00000135111,114684175,114670255,13920
ENSG00000124731,41286682,41267926,18756
ENSG00000139372,103988874,103965822,23052
ENSG00000225761,74027915,74005137,22778
ENSG00000035403,74121363,73995193,126170
ENSG00000249990,98410100,98409675,425
ENSG00000267013,55124306,55105904,18402
ENSG00000249448,98411792,98410235,1557
ENSG00000186788,81950038,81943586,6452
ENSG00000227542,191246172,191229165,17007
ENSG00000189357,81934948,81928514,6434
ENSG00000074696,65578349,65530418,47931
ENSG00000128641,191425389,191245185,180204
ENSG00000225963,230174223,230121370,52853
ENSG00000230846,81931368,81928021,3347
ENSG00000237770,81972130,81966564,5566
ENSG00000257817,114767957,114713811,54146
ENSG00000267559,81977089,81930226,46863
ENSG00000257517,114771851,114768674,3177
ENSG00000283459,114898529,114894632,3897
ENSG00000254306,37625873,37600537,25336
ENSG00000274879,114929935,114929757,178
ENSG00000257958,115080153,115077325,2828
ENSG00000283451,230138783,230138601,182
ENSG00000230136,29182427,29181492,935
ENSG00000257519,115270596,115263170,7426
ENSG00000285728,42682160,42658687,23473
ENSG00000253344,37674387,37626015,48372
ENSG00000271579,115300708,115299588,1120
ENSG00000226179,321851,320990,861
ENSG00000231919,29216186,29215243,943
ENSG00000276308,115320405,115318657,1748
ENSG00000163050,226987545,226897536,90009
ENSG00000196792,31026401,30893799,132602
ENSG00000276972,115332566,115332146,420
ENSG00000183779,37700019,37695782,4237
ENSG00000257726,115364745,115363012,1733
ENSG00000156976,186789897,186783205,6692
ENSG00000258108,115581739,115569394,12345
ENSG00000241656,115592983,115592604,379
ENSG00000257407,115639734,115582061,57673
ENSG00000236918,29264060,29262684,1376
ENSG00000231320,29230164,29229234,930
ENSG00000257781,115799936,115755262,44674
ENSG00000228084,99969864,99968383,1481
ENSG00000225188,29267066,29223980,43086
ENSG00000257683,115886137,115810359,75778
ENSG00000266313,27348491,27333256,15235
ENSG00000226952,100099490,100099239,251
ENSG00000260021,202810829,202810238,591
ENSG00000265683,27352584,27351858,726
ENSG00000241073,100084471,100057990,26481
ENSG00000228288,202812156,202810954,1202
ENSG00000144647,43106079,43079232,26847
ENSG00000184774,202827225,202820266,6959
ENSG00000117620,100035634,99969351,66283
ENSG00000285766,43090443,43088236,2207
ENSG00000196482,217137755,216503246,634509
ENSG00000227245,43088068,43087479,589
ENSG00000108798,49223225,49210411,12814
ENSG00000214796,202861620,202851828,9792
ENSG00000266356,27412806,27411438,1368
ENSG00000253181,37733756,37717579,16177
ENSG00000249415,29269402,29268443,959
ENSG00000227178,29291652,29290710,942
ENSG00000137955,75795086,75786197,8889
ENSG00000120820,104064183,103988984,75199
ENSG00000234996,202875241,202861754,13487
ENSG00000264044,28635950,28633206,2744
ENSG00000115239,53787610,53532672,254938
ENSG00000265168,28574243,28573117,1126
ENSG00000227543,28617377,28598790,18587
ENSG00000109101,28538896,28506243,32653
ENSG00000126878,131123152,131096476,26676
ENSG00000100592,59371405,59188646,182759
ENSG00000237396,22607517,22587522,19995
ENSG00000167083,49210574,49202791,7783
ENSG00000216285,104031543,104030779,764
ENSG00000100478,31096450,31025106,71344
ENSG00000233170,37748004,37747338,666
ENSG00000007216,28497781,28473293,24488
ENSG00000183154,37737426,37734761,2665
ENSG00000176495,59371714,59358895,12819
ENSG00000147475,37759101,37736601,22500
ENSG00000198261,59392292,59391354,938
ENSG00000254980,111526755,111514043,12712
ENSG00000183644,111537031,111514785,22246
ENSG00000223960,178440243,178413939,26304
ENSG00000224299,201551049,201550524,525
ENSG00000234842,201550307,201549631,676
ENSG00000227841,201558265,201556892,1373
ENSG00000145362,113383740,112818109,565631
ENSG00000249177,201556051,201554384,1667
ENSG00000227736,201553612,201552859,753
ENSG00000224590,201554031,201553688,343
ENSG00000279819,22694639,22693953,686
ENSG00000234731,201554390,201554096,294
ENSG00000150867,22714578,22534854,179724
ENSG00000155754,201619178,201487421,131757
ENSG00000079308,218033982,217799588,234394
ENSG00000180228,178451512,178431414,20098
ENSG00000124224,58309451,58228940,80511
ENSG00000272456,134723949,134722947,1002
ENSG00000282690,77869610,77866875,2735
ENSG00000278898,134767276,134764809,2467
ENSG00000282233,77793176,77782866,10310
ENSG00000228525,226958267,226958069,198
ENSG00000279518,134785879,134783694,2185
ENSG00000177303,75515537,75500261,15276
ENSG00000166329,57745312,57744481,831
ENSG00000119737,53859989,53852913,7076
ENSG00000279658,97874691,97836986,37705
ENSG00000109991,57370600,57338374,32226
ENSG00000115568,218659655,218637916,21739
ENSG00000285833,11502016,11500803,1213
ENSG00000204624,11537551,11479155,58396
ENSG00000170854,97972457,97941818,30639
ENSG00000143942,53775196,53767804,7392
ENSG00000258968,31018796,31018446,350
ENSG00000258525,30889808,30876179,13629
ENSG00000270898,53860160,53670293,189867
ENSG00000250692,139856389,139848290,8099
ENSG00000261615,23061752,23046958,14794
ENSG00000258886,30964622,30964347,275
ENSG00000269543,23071476,23068473,3003
ENSG00000218716,170200258,170199769,489
ENSG00000172554,1367613,950849,416764
ENSG00000181227,75744776,75743423,1353
ENSG00000167524,28614200,28607964,6236
ENSG00000160194,42913304,42879644,33660
ENSG00000101003,25452628,25407673,44955
ENSG00000117054,75787575,75724347,63228
ENSG00000146678,45893660,45888360,5300
ENSG00000090612,133214831,133181409,33422
ENSG00000213199,151052756,151048292,4464
ENSG00000259820,134798272,134792020,6252
ENSG00000230960,170262569,170254334,8235
ENSG00000254028,134834482,134832747,1735
ENSG00000271820,170276762,170266669,10093
ENSG00000265542,57834749,57771946,62803
ENSG00000253433,134842637,134838069,4568
ENSG00000227508,170279887,170272474,7413
ENSG00000251218,134881899,134849935,31964
ENSG00000251102,98577260,98576341,919
ENSG00000123009,120282716,120282303,413
ENSG00000181610,57850056,57834781,15275
ENSG00000256417,5383653,5290480,93173
ENSG00000111667,6866632,6852128,14504
ENSG00000183850,23147221,23075210,72011
ENSG00000256146,5319347,5315961,3386
ENSG00000256218,5367774,5366048,1726
ENSG00000108255,29254494,29246863,7631
ENSG00000089163,120313249,120302316,10933
ENSG00000273922,54713453,54707916,5537
ENSG00000267886,23100361,23075201,25160
ENSG00000009780,27763122,27725979,37143
ENSG00000270479,23124088,23123188,900
ENSG00000177728,75500452,75441159,59293
ENSG00000267920,23127792,23126569,1223
ENSG00000276994,54704235,54703952,283
ENSG00000268105,23128543,23125665,2878
ENSG00000286017,196979197,196973709,5488
ENSG00000255983,5406651,5388589,18062
ENSG00000172324,59426412,59416969,9443
ENSG00000233487,196987558,196983890,3668
ENSG00000273546,54700905,54700593,312
ENSG00000254057,93846743,93834454,12289
ENSG00000254387,93850075,93849561,514
ENSG00000170890,120327779,120322115,5664
ENSG00000198912,3900293,3889125,11168
ENSG00000137757,105023168,104994235,28933
ENSG00000275851,38530590,38506329,24261
ENSG00000072571,163491941,163460203,31738
ENSG00000233553,1346568,1341044,5524
ENSG00000251553,98681367,98679402,1965
ENSG00000236665,1160424,1158310,2114
ENSG00000109107,28576948,28573115,3833
ENSG00000214062,77083126,77082403,723
ENSG00000172320,59451380,59436469,14911
ENSG00000236552,96750899,96750288,611
ENSG00000226422,31222831,31218662,4169
ENSG00000271676,77113458,77112495,963
ENSG00000237730,6422701,6422092,609
ENSG00000238082,178455428,178454716,712
ENSG00000238148,31243133,31242712,421
ENSG00000166884,59457991,59456938,1053
ENSG00000267776,56377284,56376704,580
ENSG00000204311,178461409,178451346,10063
ENSG00000227544,35734887,35715034,19853
ENSG00000285996,56383924,56380230,3694
ENSG00000213461,41308565,41308166,399
ENSG00000267429,56348183,56347081,1102
ENSG00000077235,27549913,27459555,90358
ENSG00000254466,59479361,59473315,6046
ENSG00000267145,56338648,56338288,360
ENSG00000229823,31245594,31245121,473
ENSG00000018869,56393545,56375846,17699
ENSG00000236423,3917225,3900372,16853
ENSG00000214003,152749735,152749079,656
ENSG00000080200,97944984,97822011,122973
ENSG00000204989,59492581,59491652,929
ENSG00000236675,155234325,155230975,3350
ENSG00000169059,6535118,6533618,1500
ENSG00000135097,120369164,120341330,27834
ENSG00000176200,59504511,59503576,935
ENSG00000246763,98773469,98769618,3851
ENSG00000226163,72502956,72501746,1210
ENSG00000230609,72560456,72560264,192
ENSG00000230788,106073202,106070481,2721
ENSG00000107745,72626191,72367327,258864
ENSG00000133627,152855378,152759749,95629
ENSG00000251008,186171257,186170863,394
ENSG00000157502,106208956,106168305,40651
ENSG00000174136,98798643,98768650,29993
ENSG00000250327,186158843,186157896,947
ENSG00000114013,122121139,122055362,65777
ENSG00000275367,8221115,8217758,3357
ENSG00000279865,8082163,8080381,1782
ENSG00000140107,100330372,100323337,7035
ENSG00000244050,8218911,8199599,19312
ENSG00000111729,8138607,8123632,14975
ENSG00000256709,106327824,106327534,290
ENSG00000224927,109810998,109810642,356
ENSG00000239881,120371688,120369440,2248
ENSG00000205716,102250255,102249857,398
ENSG00000224816,106467440,106466542,898
ENSG00000228420,109871436,109828355,43081
ENSG00000232875,96915902,96915633,269
ENSG00000235005,109886264,109884176,2088
ENSG00000279232,98795766,98792861,2905
ENSG00000227657,106563404,106562774,630
ENSG00000196233,96995959,96832282,163677
ENSG00000131848,56368383,56219670,148713
ENSG00000264448,93916682,93915734,948
ENSG00000261055,109897861,109895973,1888
ENSG00000164951,93926068,93857807,68261
ENSG00000111727,104106524,104064531,41993
ENSG00000277673,106566161,106566021,140
ENSG00000114646,47580792,47562238,18554
ENSG00000163293,48040173,47914142,126031
ENSG00000226285,79544853,79543911,942
ENSG00000233971,71984434,71984182,252
ENSG00000147231,106679439,106611930,67509
ENSG00000260757,31404699,31402565,2134
ENSG00000156886,31426505,31393312,33193
ENSG00000233056,42925646,42916803,8843
ENSG00000163565,159055155,158999968,55187
ENSG00000269471,23204556,23204010,546
ENSG00000224100,42965363,42964639,724
ENSG00000259959,47844339,47840122,4217
ENSG00000120029,102056193,101845599,210594
ENSG00000242262,47706987,47706372,615
ENSG00000145244,47838106,47593999,244107
ENSG00000267459,56377792,56377037,755
ENSG00000267606,56368053,56354493,13560
ENSG00000163482,218702716,218672069,30647
ENSG00000284428,23274251,23259906,14345
ENSG00000267549,56365316,56314703,50613
ENSG00000267298,56312486,56311928,558
ENSG00000120837,104138241,104117086,21155
ENSG00000267710,56310454,56272748,37706
ENSG00000196081,23250390,23221599,28791
ENSG00000177628,155244699,155234452,10247
ENSG00000197150,151047782,151028422,19360
ENSG00000096264,41350889,41335608,15281
ENSG00000165669,118342328,118297925,44403
ENSG00000269837,23257939,23255053,2886
ENSG00000268469,23236851,23236308,543
ENSG00000269107,23274232,23257255,16977
ENSG00000283201,23274221,23222755,51466
ENSG00000266932,56343419,56342432,987
ENSG00000251234,93942877,93939364,3513
ENSG00000267781,56386690,56386226,464
ENSG00000267192,56388424,56387412,1012
ENSG00000134452,5937594,5890203,47391
ENSG00000240509,93957691,93957338,353
ENSG00000275386,93974776,93974671,105
ENSG00000240225,56379828,56368099,11729
ENSG00000172742,59520703,59511368,9335
ENSG00000253585,94104322,94097764,6558
ENSG00000003137,72148038,72129238,18800
ENSG00000245146,140108630,140072857,35773
ENSG00000228109,197004744,196999460,5284
ENSG00000235602,8134849,8133772,1077
ENSG00000226711,8216151,8180209,35942
ENSG00000163975,197029817,196988621,41196
ENSG00000115602,102352037,102311502,40535
ENSG00000185129,140125619,140107777,17842
ENSG00000256223,133159465,133130575,28890
ENSG00000108256,29294148,29255839,38309
ENSG00000213058,178411972,178411616,356
ENSG00000075391,178484147,178094141,390006
ENSG00000277935,13544540,13540231,4309
ENSG00000273079,13981957,13437942,544015
ENSG00000266433,27431623,27417690,13933
ENSG00000279284,41381832,41381392,440
ENSG00000282749,38552244,38550147,2097
ENSG00000196946,8188537,8157034,31503
ENSG00000234100,29307664,29306699,965
ENSG00000274768,38535831,38531022,4809
ENSG00000225927,29331071,29329636,1435
ENSG00000278644,38550604,38534684,15920
ENSG00000233309,82744792,82744067,725
ENSG00000228046,82428025,82427350,675
ENSG00000228123,82432905,82431889,1016
ENSG00000228430,82780194,81977614,802580
ENSG00000284393,8175320,8138140,37180
ENSG00000276417,8207397,8205984,1413
ENSG00000284697,8138548,8082269,56279
ENSG00000256171,8142697,8141168,1529
ENSG00000283383,183765721,183762115,3606
ENSG00000231344,27739439,27739091,348
ENSG00000271358,96019765,96019484,281
ENSG00000230833,27740629,27739954,675
ENSG00000224687,178093984,178091508,2476
ENSG00000231217,6721544,6667865,53679
ENSG00000256825,133202369,133130984,71385
ENSG00000180861,13387167,13371089,16078
ENSG00000237490,6989783,6989329,454
ENSG00000188585,178499634,178479247,20387
ENSG00000228878,35800616,35751856,48760
ENSG00000248206,183988750,183987678,1072
ENSG00000256306,13547582,13526854,20728
ENSG00000231649,82063682,82057647,6035
ENSG00000276531,72483812,72483245,567
ENSG00000282915,72473304,72467749,5555
ENSG00000173320,184023526,183797692,225834
ENSG00000251018,163494058,163483065,10993
ENSG00000232749,82455225,82451656,3569
ENSG00000270575,178194709,178194342,367
ENSG00000232736,35768640,35768122,518
ENSG00000230360,82088768,82086155,2613
ENSG00000278988,82544196,82543718,478
ENSG00000257193,104177659,104170395,7264
ENSG00000156575,57381150,57376769,4381
ENSG00000286258,104177799,104171600,6199
ENSG00000162337,68449275,68312591,136684
ENSG00000214929,81995256,81988772,6484
ENSG00000140795,46790407,46702282,88125
ENSG00000235377,82131632,82130752,880
ENSG00000228550,7113404,7113005,399
ENSG00000237179,66703227,66697125,6102
ENSG00000273735,54872914,54864204,8710
ENSG00000122194,160753315,160702238,51077
ENSG00000130021,7148190,7048920,99270
ENSG00000225085,82406239,82405188,1051
ENSG00000283355,184016382,184014035,2347
ENSG00000232046,66730157,66574030,156127
ENSG00000244413,134979279,134978827,452
ENSG00000115604,102398775,102311529,87246
ENSG00000266907,56322310,56319790,2520
ENSG00000230882,76074963,76071469,3494
ENSG00000254083,135299719,135234131,65588
ENSG00000215553,22734089,22732802,1287
ENSG00000213014,56318008,56317177,831
ENSG00000283072,22746991,22684958,62033
ENSG00000267908,56247482,56244043,3439
ENSG00000185652,5521536,5432108,89428
ENSG00000230400,22685344,22668484,16860
ENSG00000227051,96093889,96039324,54565
ENSG00000241790,201623430,201621646,1784
ENSG00000283761,100083321,99970011,113310
ENSG00000123485,233854566,233833416,21150
ENSG00000186090,184039369,184031544,7825
ENSG00000162398,54842252,54806063,36189
ENSG00000232397,29440519,29438848,1671
ENSG00000161643,49975814,49969673,6141
ENSG00000155755,201643570,201620184,23386
ENSG00000165555,77423517,77394021,29496
ENSG00000215444,51735067,51734533,534
ENSG00000237258,29456602,29425047,31555
ENSG00000054793,51768634,51596514,172120
ENSG00000269172,39136463,39134882,1581
ENSG00000224273,76132187,76108434,23753
ENSG00000130669,39182816,39125770,57046
ENSG00000213549,76113400,76113026,374
ENSG00000156876,100132955,100083563,49392
ENSG00000233481,29397175,29396107,1068
ENSG00000227038,76108779,76090431,18348
ENSG00000092978,217631090,217426992,204098
ENSG00000243441,29431509,29355241,76268
ENSG00000260782,46792040,46789898,2142
ENSG00000203795,122913111,122910701,2410
ENSG00000224487,29449634,29373120,76514
ENSG00000160199,43033931,42974510,59421
ENSG00000213882,22886068,22885670,398
ENSG00000228829,76177205,76173733,3472
ENSG00000136718,130347810,130342225,5585
ENSG00000248182,29417771,29416825,946
ENSG00000163481,218672002,218663892,8110
ENSG00000237401,3974087,3957655,16432
ENSG00000177600,812880,809965,2915
ENSG00000224071,66822570,66820684,1886
ENSG00000196663,102502477,102362941,139536
ENSG00000198515,48016672,47935977,80695
ENSG00000258691,96263929,96204844,59085
ENSG00000156875,100083377,100038095,45282
ENSG00000259036,96234101,96233431,670
ENSG00000184371,109930992,109910242,20750
ENSG00000258793,96268624,96259411,9213
ENSG00000228935,22966063,22960534,5529
ENSG00000258412,96214818,96210860,3958
ENSG00000230492,23030785,23010209,20576
ENSG00000265688,81930753,81927829,2924
ENSG00000258788,96223347,96223108,239
ENSG00000258521,100340554,100339832,722
ENSG00000168398,96244166,96204679,39487
ENSG00000258666,100354061,100333790,20271
ENSG00000162814,217871696,217631324,240372
ENSG00000132671,23036812,23035386,1426
ENSG00000234646,23039236,23031542,7694
ENSG00000198719,170306565,170282206,24359
ENSG00000182035,38588463,38581195,7268
ENSG00000185038,233833423,233775679,57744
ENSG00000276518,54784650,54771247,13403
ENSG00000140105,100376805,100333790,43015
ENSG00000273517,54861881,54847867,14014
ENSG00000258744,24508688,24501594,7094
ENSG00000100739,96268967,96256210,12757
ENSG00000092009,24508265,24505353,2912
ENSG00000139988,67734452,67701886,32566
ENSG00000274676,54828923,54819459,9464
ENSG00000258278,38087392,38082046,5346
ENSG00000250726,184073039,184072403,636
ENSG00000234070,217785120,217781198,3922
ENSG00000228954,31351939,31351206,733
ENSG00000228247,217850633,217850403,230
ENSG00000087111,28571794,28553383,18411
ENSG00000124143,38651035,38601934,49101
ENSG00000229265,31322162,31318990,3172
ENSG00000231814,217920804,217892900,27904
ENSG00000256695,120395994,120389546,6448
ENSG00000254381,38203792,38201566,2226
ENSG00000258759,67799609,67799004,605
ENSG00000173933,66668374,66638617,29757
ENSG00000230714,218033660,218031835,1825
ENSG00000224608,31400264,31312948,87316
ENSG00000232100,218059140,218043505,15635
ENSG00000072121,67816590,67727374,89216
ENSG00000257292,38206009,38205098,911
ENSG00000271234,170298375,170297876,499
ENSG00000229550,4140731,4136644,4087
ENSG00000112584,170407065,170290703,116362
ENSG00000258360,38207192,38206231,961
ENSG00000277650,54845777,54830903,14874
ENSG00000229016,218301972,218301262,710
ENSG00000178726,23049741,23045633,4108
ENSG00000067533,218337983,218285293,52690
ENSG00000276534,54817200,54802839,14361
ENSG00000213959,38615476,38614913,563
ENSG00000170448,47914667,47847233,67434
ENSG00000231821,4515056,4514204,852
ENSG00000095574,123008817,122990806,18011
ENSG00000255919,133217675,133217210,465
ENSG00000260136,23457606,23452758,4848
ENSG00000279447,23072722,23071547,1175
ENSG00000175548,38329721,38316762,12959
ENSG00000178084,184060671,184053047,7624
ENSG00000231532,4656215,4628222,27993
ENSG00000168434,23453189,23388493,64696
ENSG00000227059,133236095,133218312,17783
ENSG00000268794,23289345,23288620,725
ENSG00000268148,23291017,23290849,168
ENSG00000111786,120469748,120461672,8076
ENSG00000224104,153144588,153144313,275
ENSG00000182700,140129392,140125935,3457
ENSG00000279809,233867359,233865496,1863
ENSG00000100448,24576250,24573518,2732
ENSG00000156381,102509799,102501767,8032
ENSG00000224287,233868444,233865437,3007
ENSG00000285524,153396921,153395484,1437
ENSG00000234722,153413981,153355365,58616
ENSG00000173588,94459988,94306449,153539
ENSG00000172115,25125361,25120091,5270
ENSG00000255976,67132205,67131567,638
ENSG00000237766,67266966,67265842,1124
ENSG00000148942,26723427,26667020,56407
ENSG00000125810,23086324,23079360,6964
ENSG00000119965,122954311,122930901,23410
ENSG00000111780,120460006,120438198,21808
ENSG00000155330,46831180,46796603,34577
ENSG00000274193,54800891,54789815,11076
ENSG00000257218,120463749,120446444,17305
ENSG00000260445,99869894,99869841,53
ENSG00000163568,159147096,159062484,84612
ENSG00000251569,169525922,169479480,46442
ENSG00000285910,178513051,178511563,1488
ENSG00000239474,169526258,169509702,16556
ENSG00000233576,184084219,184076779,7440
ENSG00000176244,15088776,15075475,13301
ENSG00000243433,151029754,151028781,973
ENSG00000280039,23416680,23412380,4300
ENSG00000179988,122997513,122954381,43132
ENSG00000110697,67506263,67491768,14495
ENSG00000259782,23447282,23446446,836
ENSG00000239306,66627347,66616582,10765
ENSG00000254372,135456952,135455865,1087
ENSG00000232593,53170914,53094145,76769
ENSG00000166189,102068038,102065390,2648
ENSG00000170855,120446384,120443964,2420
ENSG00000233473,159081795,159081133,662
ENSG00000163093,169506655,169479480,27175
ENSG00000240021,178548602,178513109,35493
ENSG00000258976,74616647,74614693,1954
ENSG00000224302,102085730,102085476,254
ENSG00000279527,124530228,124529722,506
ENSG00000229629,102090062,102089968,94
ENSG00000255965,124383510,124383381,129
ENSG00000111775,120440737,120438090,2647
ENSG00000234019,53094858,53093710,1148
ENSG00000214650,124514813,124513222,1591
ENSG00000236111,45781957,45781277,680
ENSG00000235224,53113274,53113018,256
ENSG00000227329,53164557,53164391,166
ENSG00000279334,124562283,124561869,414
ENSG00000238020,184105178,184095118,10060
ENSG00000279071,124539677,124537844,1833
ENSG00000231340,53143913,53142832,1081
ENSG00000260889,46844618,46842632,1986
ENSG00000186038,184106995,184097064,9931
ENSG00000254363,140173051,140157319,15732
ENSG00000233706,226993206,226992140,1066
ENSG00000256346,14169877,14169746,131
ENSG00000173914,66677887,66664998,12889
ENSG00000236636,227265207,227264776,431
ENSG00000227760,14192284,14192002,282
ENSG00000196498,124567589,124324415,243174
ENSG00000011198,43734371,43690108,44263
ENSG00000228625,227183444,227178333,5111
ENSG00000219355,120450803,120450437,366
ENSG00000261725,46851254,46850999,255
ENSG00000240388,91354934,91354478,456
ENSG00000256084,14221297,14216590,4707
ENSG00000241059,91356026,91355380,646
ENSG00000267089,11842439,11841241,1198
ENSG00000143776,227318474,226989865,328609
ENSG00000166250,123195248,123069872,125376
ENSG00000171291,11883750,11848726,35024
ENSG00000152464,15139818,15097180,42638
ENSG00000257568,62484932,62482349,2583
ENSG00000101004,25585531,25452697,132834
ENSG00000146674,45921874,45912245,9629
ENSG00000257941,76058115,76057538,577
ENSG00000278897,11858302,11856032,2270
ENSG00000177679,76287288,76201896,85392
ENSG00000233489,153449875,153449429,446
ENSG00000061987,62600476,62466817,133659
ENSG00000232807,5945900,5934270,11630
ENSG00000248643,66646469,66616626,29843
ENSG00000187109,76084958,76036585,48373
ENSG00000136710,130342699,130337933,4766
ENSG00000255342,123136376,123135923,453
ENSG00000152465,15168693,15102584,66109
ENSG00000254710,123228277,123188802,39475
ENSG00000111530,67319953,67269358,50595
ENSG00000255763,14237321,14237091,230
ENSG00000134470,5978187,5943639,34548
ENSG00000133135,106797016,106693794,103222
ENSG00000225130,30108223,30098021,10202
ENSG00000005700,82247754,82169986,77768
ENSG00000223475,55588336,55573171,15165
ENSG00000213250,94424969,94423744,1225
ENSG00000125888,17735871,17693672,42199
ENSG00000213057,178548889,178542752,6137
ENSG00000184144,205078289,205042937,35352
ENSG00000136040,94307675,94148577,159098
ENSG00000115275,74465410,74461057,4353
ENSG00000148834,104267459,104235356,32103
ENSG00000164303,184221230,184088706,132524
ENSG00000240159,184255330,184254509,821
ENSG00000228700,128433713,128433422,291
ENSG00000173083,83335153,83292461,42692
ENSG00000244541,150240209,150238519,1690
ENSG00000258729,96276723,96275046,1677
ENSG00000227765,184299640,184299129,511
ENSG00000180712,184353977,184340756,13221
ENSG00000213442,104265836,104265309,527
ENSG00000255150,104305205,104303739,1466
ENSG00000249096,184382306,184365183,17123
ENSG00000094841,75304885,75156388,148497
ENSG00000257732,104280722,104262314,18408
ENSG00000232265,148186630,148162360,24270
ENSG00000166589,66918917,66908122,10795
ENSG00000271697,67735350,67735195,155
ENSG00000258618,67715204,67714545,659
ENSG00000198431,104350307,104215779,134528
ENSG00000237050,30109841,30100364,9477
ENSG00000246523,87000959,86955619,45340
ENSG00000227700,148246685,148246169,516
ENSG00000224335,148234489,148234273,216
ENSG00000138764,77433388,77157207,276181
ENSG00000257366,16310000,16308542,1458
ENSG00000227733,148255012,148159213,95799
ENSG00000254748,87025777,87024583,1194
ENSG00000066739,96363341,96279195,84146
ENSG00000226833,28736205,28708953,27252
ENSG00000163788,43424764,43286512,138252
ENSG00000228585,5314134,5313740,394
ENSG00000075275,46537170,46360834,176336
ENSG00000232835,5556031,5549780,6251
ENSG00000101438,38729372,38724486,4886
ENSG00000233746,23132621,23125068,7553
ENSG00000282917,47896709,47831385,65324
ENSG00000160767,155255483,155247205,8278
ENSG00000269210,38960342,38959287,1055
ENSG00000188010,38929072,38875962,53110
ENSG00000233977,55593193,55592074,1119
ENSG00000100453,24634267,24630954,3313
ENSG00000231394,55595006,55593777,1229
ENSG00000234844,55638842,55638274,568
ENSG00000235207,55646951,55645620,1331
ENSG00000231317,55678490,55656768,21722
ENSG00000267590,44297355,44297104,251
ENSG00000255749,14255226,14254912,314
ENSG00000131115,44237268,44207547,29721
ENSG00000244573,14365503,14356842,8661
ENSG00000230634,46481760,46481329,431
ENSG00000171103,28870309,28849821,20488
ENSG00000176236,15097319,15095385,1934
ENSG00000166123,46931289,46884362,46927
ENSG00000229384,36211635,36211096,539
ENSG00000226484,36440292,36365626,74666
ENSG00000228312,15093611,15093263,348
ENSG00000273184,128493859,128455840,38019
ENSG00000233921,36375183,36374793,390
ENSG00000206448,15155320,15154802,518
ENSG00000113369,91383317,91368631,14686
ENSG00000135245,128458418,128455849,2569
ENSG00000234617,43352152,43346923,5229
ENSG00000165164,36385317,35919734,465583
ENSG00000106211,76304295,76302673,1622
ENSG00000160746,43691594,43354859,336735
ENSG00000258365,94282844,94277758,5086
ENSG00000214694,38975449,38889841,85608
ENSG00000258035,94186044,94168006,18038
ENSG00000250006,77312111,77311397,714
ENSG00000165055,128506602,128476729,29873
ENSG00000248831,77351235,77350370,865
ENSG00000258172,94277195,94272150,5045
ENSG00000249036,77494286,77394491,99795
ENSG00000270669,77216878,77216416,462
ENSG00000225122,163423164,163422405,759
ENSG00000243550,150287373,150265412,21961
ENSG00000228289,163769691,163769339,352
ENSG00000233625,17888160,17887363,797
ENSG00000225719,164343864,164343005,859
ENSG00000276960,160757518,160755398,2120
ENSG00000274903,160783214,160773988,9226
ENSG00000213070,164357364,164356767,597
ENSG00000196428,150466431,150408335,58096
ENSG00000100450,24609699,24606480,3219
ENSG00000163806,28850611,28782517,68094
ENSG00000168310,184474550,184387729,86821
ENSG00000270679,44290911,44290081,830
ENSG00000271917,164829952,164828436,1516
ENSG00000162980,151828492,151788984,39508
ENSG00000279103,44248374,44246478,1896
ENSG00000281357,91439085,91380349,58736
ENSG00000131269,75156732,75051048,105684
ENSG00000159915,44275317,44259880,15437
ENSG00000185630,164899296,164555584,343712
ENSG00000186652,57390650,57386780,3870
ENSG00000198429,11914329,11887784,26545
ENSG00000244257,16334190,16310341,23849
ENSG00000258657,24657774,24595723,62051
ENSG00000230090,5691118,5618327,72791
ENSG00000224371,160926204,160872888,53316
ENSG00000259230,102555826,102545254,10572
ENSG00000224128,5691488,5602505,88983
ENSG00000279164,23149939,23148086,1853
ENSG00000183889,16350590,16317444,33146
ENSG00000230387,23190419,23180141,10278
ENSG00000220913,160913638,160905770,7868
ENSG00000159917,44305046,44228729,76317
ENSG00000230988,102662708,102662240,468
ENSG00000230303,85793480,85785722,7758
ENSG00000089902,102730561,102592649,137912
ENSG00000198728,102120453,102107560,12893
ENSG00000176887,5701385,5692384,9001
ENSG00000229454,85765112,85756042,9070
ENSG00000242540,5708095,5696220,11875
ENSG00000277901,23325352,23320958,4394
ENSG00000234424,85786575,85753306,33269
ENSG00000234832,23351486,23346941,4545
ENSG00000132661,23354771,23350791,3980
ENSG00000254979,57424059,57387365,36694
ENSG00000240758,128469197,128455937,13260
ENSG00000176826,55713252,55681074,32178
ENSG00000272601,128469171,128466563,2608
ENSG00000234283,148280749,148271884,8865
ENSG00000196757,11950773,11925068,25705
ENSG00000228626,148288951,148288001,950
ENSG00000236106,5730342,5726449,3893
ENSG00000273327,133431318,133430394,924
ENSG00000235643,11613355,11609531,3824
ENSG00000134802,57427580,57406954,20626
ENSG00000273233,28810706,28810281,425
ENSG00000213639,28802940,28751640,51300
ENSG00000283228,151973949,151802651,171298
ENSG00000273661,54769001,54754679,14322
ENSG00000162222,62740293,62728069,12224
ENSG00000267274,11953381,11939959,13422
ENSG00000197054,11980381,11965037,15344
ENSG00000278152,54769215,54738439,30776
ENSG00000250326,143184861,142933195,251666
ENSG00000251300,143045878,143045086,792
ENSG00000242370,156446905,156441157,5748
ENSG00000280649,148459871,148458814,1057
ENSG00000242537,156114198,156111432,2766
ENSG00000236334,148483679,148479824,3855
ENSG00000242017,156044948,156044155,793
ENSG00000272990,156524247,156523740,507
ENSG00000143367,151583583,151540305,43278
ENSG00000278518,133527513,133526259,1254
ENSG00000231551,148432545,148402516,30029
ENSG00000240596,156227883,156215560,12323
ENSG00000101115,51802521,51782331,20190
ENSG00000214279,133523558,133453928,69630
ENSG00000227709,156176911,156175852,1059
ENSG00000267179,11979290,11925075,54215
ENSG00000169282,156539138,156037701,501437
ENSG00000270426,184472609,184471924,685
ENSG00000277907,48478491,48478282,209
ENSG00000170027,76358991,76326799,32192
ENSG00000234869,46548196,46541495,6701
ENSG00000238107,148297556,148295180,2376
ENSG00000266984,48479228,48478561,667
ENSG00000224481,148344636,148295895,48741
ENSG00000285062,148459689,148458643,1046
ENSG00000213548,76362113,76361768,345
ENSG00000279121,124556432,124555905,527
ENSG00000225871,148436926,148435105,1821
ENSG00000280354,124542873,124542503,370
ENSG00000274020,148519604,148290889,228715
ENSG00000274328,35847426,35847038,388
ENSG00000273336,133481770,133481238,532
ENSG00000269887,164680799,164680085,714
ENSG00000171772,133569835,133553901,15934
ENSG00000233693,164774641,164769116,5525
ENSG00000122545,35907105,35800932,106173
ENSG00000132879,11663327,11654375,8952
ENSG00000278916,94462484,94460003,2481
ENSG00000148840,102150333,102132994,17339
ENSG00000257400,94496442,94491546,4896
ENSG00000156711,36144524,36127809,16715
ENSG00000185404,230403732,230327184,76548
ENSG00000258357,94521869,94521090,779
ENSG00000272824,148358686,148358245,441
ENSG00000235988,148318013,148317683,330
ENSG00000146700,76409697,76389334,20363
ENSG00000236349,94549536,94548241,1295
ENSG00000257847,94591093,94590821,272
ENSG00000057704,94650557,94567122,83435
ENSG00000188372,76442071,76397518,44553
ENSG00000153790,25180356,25134692,45664
ENSG00000012822,53727745,53708517,19228
ENSG00000216306,94835158,94834147,1011
ENSG00000256037,67352039,67351436,603
ENSG00000225487,164921629,164921318,311
ENSG00000256355,67424986,67424272,714
ENSG00000256172,67442559,67440998,1561
ENSG00000256077,67589987,67571197,18790
ENSG00000203585,67590771,67443105,147666
ENSG00000184752,95003748,94897055,106693
ENSG00000138399,169573875,169528508,45367
ENSG00000248840,3313058,3312512,546
ENSG00000130649,133561220,133520406,40814
ENSG00000159788,3439913,3293028,146885
ENSG00000204381,111561745,111540280,21465
ENSG00000101442,38772520,38748460,24060
ENSG00000170185,143223830,143184917,38913
ENSG00000233292,89139458,89139044,414
ENSG00000138135,89207314,89205629,1685
ENSG00000223375,218338756,218338541,215
ENSG00000271646,184477304,184474802,2502
ENSG00000224702,165213090,165210627,2463
ENSG00000238022,165219104,165215980,3124
ENSG00000116661,11655785,11637018,18767
ENSG00000271538,184537554,184506460,31094
ENSG00000232480,218345678,218344196,1482
ENSG00000281453,218443996,218442626,1370
ENSG00000162761,165356715,165201867,154848
ENSG00000187682,48830138,48826513,3625
ENSG00000092969,218444619,218345336,99283
ENSG00000258500,100481274,100480952,322
ENSG00000258620,100407613,100406599,1014
ENSG00000249056,184559783,184559175,608
ENSG00000254233,184625030,184584093,40937
ENSG00000258581,100366920,100366628,292
ENSG00000273384,178652282,178651706,576
ENSG00000238084,25399198,25398721,477
ENSG00000183726,25362361,25338317,24044
ENSG00000176473,100530303,100376418,153885
ENSG00000102109,48835610,48831096,4514
ENSG00000254823,123314770,123313674,1096
ENSG00000237022,31315579,31312208,3371
ENSG00000258782,59525437,59479274,46163
ENSG00000100744,96387288,96363452,23836
ENSG00000181619,59465342,59429022,36320
ENSG00000088986,120498493,120469850,28643
ENSG00000116194,178871077,178849535,21542
ENSG00000165121,85849542,85805359,44183
ENSG00000151838,59576812,59504539,72273
ENSG00000171681,14502935,14365632,137303
ENSG00000130226,154894285,153887097,1007188
ENSG00000237046,30193864,30181237,12627
ENSG00000227964,51862912,51831797,31115
ENSG00000284708,11643416,11623558,19858
ENSG00000168710,110023742,109984765,38977
ENSG00000228196,178747754,178746683,1071
ENSG00000126790,59484408,59460363,24045
ENSG00000116191,178921841,178725147,196694
ENSG00000264914,57922581,57912333,10248
ENSG00000180891,57955412,57861243,94169
ENSG00000223923,217992615,217978707,13908
ENSG00000137752,105035250,105025443,9807
ENSG00000183155,202889135,202878957,10178
ENSG00000279964,230412529,230410700,1829
ENSG00000223861,151557940,151557446,494
ENSG00000124209,58367507,58309715,57792
ENSG00000228208,218525978,218510096,15882
ENSG00000232536,151561855,151540516,21339
ENSG00000143171,165445355,165400922,44433
ENSG00000188672,25430192,25362249,67943
ENSG00000268473,86435884,86434830,1054
ENSG00000226693,218882650,218881600,1050
ENSG00000225561,218916184,218912757,3427
ENSG00000268388,86509099,86474529,34570
ENSG00000050130,59505410,59484443,20967
ENSG00000225920,219200567,219199914,653
ENSG00000248008,120495940,120490328,5612
ENSG00000223916,43485880,43484972,908
ENSG00000143353,219212865,219173869,38996
ENSG00000224395,29463860,29456712,7148
ENSG00000278344,120501090,120500735,355
ENSG00000174529,205084460,205083129,1331
ENSG00000224971,55732431,55732144,287
ENSG00000256582,9709350,9704077,5273
ENSG00000258034,115962733,115961187,1546
ENSG00000258337,116181295,116174502,6793
ENSG00000184293,9733299,9715860,17439
ENSG00000065621,104304950,104268873,36077
ENSG00000257979,116169258,116169045,213
ENSG00000123066,116277719,115953872,323847
ENSG00000273062,178726285,178724306,1979
ENSG00000101846,7354810,7219456,135354
ENSG00000185670,62754160,62748319,5841
ENSG00000275201,23480468,23479762,706
ENSG00000268992,23385293,23384530,763
ENSG00000268908,23445189,23444262,927
ENSG00000149428,119057227,119044188,13039
ENSG00000197372,23687220,23525631,161589
ENSG00000076108,56636816,56595596,41220
ENSG00000168002,62766710,62761565,5145
ENSG00000127955,80226181,79768028,458153
ENSG00000082126,201698694,201644870,53824
ENSG00000173868,49230766,49223362,7404
ENSG00000255973,5584085,5583797,288
ENSG00000047617,5946232,5531869,414363
ENSG00000176845,83095122,83079609,15513
ENSG00000236785,102412108,102411243,865
ENSG00000110871,120534434,120503279,31155
ENSG00000120798,95073628,95020229,53399
ENSG00000167232,23395471,23304991,90480
ENSG00000266872,27626438,27625484,954
ENSG00000266728,27640777,27623364,17413
ENSG00000131773,135656722,135457456,199266
ENSG00000133138,106876150,106802673,73477
ENSG00000268455,23598159,23596122,2037
ENSG00000268100,23512656,23492428,20228
ENSG00000141068,27626438,27456470,169968
ENSG00000269416,23416075,23399233,16842
ENSG00000269320,23603106,23602567,539
ENSG00000269431,23380876,23380317,559
ENSG00000240231,23597592,23597341,251
ENSG00000228063,219173961,219086602,87359
ENSG00000216519,136318236,136317961,275
ENSG00000279836,87121596,87121058,538
ENSG00000267934,23329101,23323968,5133
ENSG00000260418,136336087,136335714,373
ENSG00000270510,87324359,87323709,650
ENSG00000280097,124593691,124593181,510
ENSG00000254843,87096585,87094734,1851
ENSG00000278642,57956143,57955965,178
ENSG00000278973,124623069,124622290,779
ENSG00000166575,87328824,87037844,290980
ENSG00000280444,124623987,124623391,596
ENSG00000279087,124638444,124637999,445
ENSG00000136451,57988259,57971547,16712
ENSG00000241030,120523443,120522664,779
ENSG00000113068,140303121,140245039,58082
ENSG00000022840,120577588,120533480,44108
ENSG00000126012,53225422,53191321,34101
ENSG00000280233,57988760,57988180,580
ENSG00000237266,5812596,5810641,1955
ENSG00000232044,6001275,5932687,68588
ENSG00000279069,58008187,58006674,1513
ENSG00000266086,58007246,57989038,18208
ENSG00000237799,55739605,55736779,2826
ENSG00000136450,58007346,58000919,6427
ENSG00000276433,54736060,54724498,11562
ENSG00000232645,23358116,23356594,1522
ENSG00000234275,6341788,6258348,83440
ENSG00000183022,230573809,230573167,642
ENSG00000067066,230545606,230415942,129664
ENSG00000125812,23373062,23362182,10880
ENSG00000120306,140282052,140175156,106896
ENSG00000248843,3324762,3323977,785
ENSG00000137474,77215241,77128246,86995
ENSG00000264112,57994850,57989039,5811
ENSG00000227007,6375422,6366010,9412
ENSG00000226488,6503806,6496003,7803
ENSG00000253915,135625981,135625185,796
ENSG00000231610,6496798,6495877,921
ENSG00000147223,106903341,106900063,3278
ENSG00000275875,55741869,55741525,344
ENSG00000273720,55743457,55743073,384
ENSG00000226278,55773288,55764797,8491
ENSG00000277267,54713453,54707916,5537
ENSG00000250069,140203187,140200163,3024
ENSG00000274271,54700905,54700593,312
ENSG00000133131,107000212,106813871,186341
ENSG00000136960,119673453,119557086,116367
ENSG00000271710,74641776,74641410,366
ENSG00000185475,62790400,62787402,2998
ENSG00000270075,104313881,104312141,1740
ENSG00000273270,128531069,128524016,7053
ENSG00000214626,74656131,74654956,1175
ENSG00000228261,104327004,104323369,3635
ENSG00000213731,74424014,74423435,579
ENSG00000148841,104338465,104309698,28767
ENSG00000076067,56596193,56521820,74373
ENSG00000156110,74709303,74151185,558118
ENSG00000249510,94203052,94201913,1139
ENSG00000213280,128570688,128570241,447
ENSG00000281896,128625905,128617865,8040
ENSG00000079112,94217303,94127162,90141
ENSG00000236408,154865483,154838388,27095
ENSG00000242588,128626473,128574751,51722
ENSG00000233363,154096043,154092201,3842
ENSG00000162227,62787342,62771357,15985
ENSG00000203335,154059561,154055585,3976
ENSG00000280828,128615970,128533652,82318
ENSG00000270114,154038604,154026287,12317
ENSG00000168961,27649560,27629798,19762
ENSG00000226509,153968826,153968665,161
ENSG00000243302,128652334,128651185,1149
ENSG00000230715,128653243,128652841,402
ENSG00000229413,128654019,128653690,329
ENSG00000165376,106930861,106900164,30697
ENSG00000229762,55811411,55810779,632
ENSG00000243679,128654722,128653969,753
ENSG00000127334,67665406,67648338,17068
ENSG00000235738,55798480,55797946,534
ENSG00000281490,128658791,128655962,2829
ENSG00000225270,55798876,55798034,842
ENSG00000154997,55862755,55793540,69215
ENSG00000271553,128668156,128667043,1113
ENSG00000241493,128669892,128669087,805
ENSG00000077782,38468834,38400215,68619
ENSG00000235872,67670919,67658991,11928
ENSG00000267811,62771606,62771120,486
ENSG00000168569,62792021,62771629,20392
ENSG00000234389,102440475,102438713,1762
ENSG00000111907,125264407,125119049,145358
ENSG00000269176,62786785,62786023,762
ENSG00000116521,155262430,155255979,6451
ENSG00000115607,102452565,102418689,33876
ENSG00000275262,54867215,54850443,16772
ENSG00000213287,87259259,87258851,408
ENSG00000279682,7491199,7489659,1540
ENSG00000182583,7844143,7842262,1881
ENSG00000267188,44448452,44392439,56013
ENSG00000226253,74527947,74527584,363
ENSG00000236900,74344805,74344550,255
ENSG00000062370,44367217,44326555,40662
ENSG00000232342,74530553,74506081,24472
ENSG00000214629,74372416,74371535,881
ENSG00000103241,86515422,86510527,4895
ENSG00000066427,92106625,92044496,62129
ENSG00000270020,86523897,86520383,3514
ENSG00000243697,86526252,86525457,795
ENSG00000236525,102435340,102433957,1383
ENSG00000229661,75201790,75201491,299
ENSG00000278318,44448578,44417519,31059
ENSG00000260524,99872258,99872168,90
ENSG00000160999,102321711,102285091,36620
ENSG00000274923,7896722,7896514,208
ENSG00000006757,7927739,7898247,29492
ENSG00000103248,86555235,86530176,25059
ENSG00000170409,102329530,102327256,2274
ENSG00000267173,44401608,44329695,71913
ENSG00000274370,83098987,83098377,610
ENSG00000267508,44401608,44382298,19310
ENSG00000244623,99877057,99875987,1070
ENSG00000273580,35934569,35933888,681
ENSG00000261888,83106910,83104255,2655
ENSG00000271580,205091946,205091163,783
ENSG00000146833,99919600,99876958,42642
ENSG00000130396,167972023,167826922,145101
ENSG00000226102,35972587,35946294,26293
ENSG00000117222,205122015,205086142,35873
ENSG00000229827,169577746,169577371,375
ENSG00000270889,35971567,35971147,420
ENSG00000237783,165582476,165581613,863
ENSG00000255970,67729475,67709047,20428
ENSG00000162763,165563961,165544007,19954
ENSG00000279505,67753817,67753701,116
ENSG00000258634,110062555,110058340,4215
ENSG00000255772,67970017,67929235,40782
ENSG00000230748,165498348,165497724,624
ENSG00000156150,110070700,110059870,10830
ENSG00000237463,165582155,165476841,105314
ENSG00000256835,67978387,67978107,280
ENSG00000230280,202912729,202911812,917
ENSG00000117153,202928636,202891116,37520
ENSG00000197363,144811169,144798876,12293
ENSG00000230853,80097215,80096600,615
ENSG00000172403,119061247,118850688,210559
ENSG00000236206,165623331,165598463,24868
ENSG00000100591,77469472,77457870,11602
ENSG00000143093,110074641,110031577,43064
ENSG00000110848,9760901,9752486,8415
ENSG00000270629,148679742,148531385,148357
ENSG00000255733,68234686,67989445,245241
ENSG00000176971,26996121,26994184,1937
ENSG00000111536,68225810,68201349,24461
ENSG00000143198,165661796,165631213,30583
ENSG00000257645,38533050,38532895,155
ENSG00000258119,38589812,38544177,45635
ENSG00000237448,31324927,31323725,1202
ENSG00000236946,68036853,68035767,1086
ENSG00000234980,31332365,31330914,1451
ENSG00000244432,68001548,68001394,154
ENSG00000256708,68143690,68143318,372
ENSG00000280371,41406561,41405819,742
ENSG00000213669,92677407,92676943,464
ENSG00000111537,68159740,68154768,4972
ENSG00000236108,205134950,205134646,304
ENSG00000277543,31428646,31428180,466
ENSG00000156885,31428360,31427731,629
ENSG00000159346,202958572,202940826,17746
ENSG00000235262,53214679,53212408,2271
ENSG00000257718,38909592,38906451,3141
ENSG00000254407,123340714,123340174,540
ENSG00000259508,102774791,102770040,4751
ENSG00000139117,38907430,38646822,260608
ENSG00000213041,205202742,205202191,551
ENSG00000151445,77457952,77426675,31277
ENSG00000137166,41602384,41546426,55958
ENSG00000133059,205211702,205142505,69197
ENSG00000111906,125302078,125219962,82116
ENSG00000228568,72289110,72288785,325
ENSG00000180251,102533972,102473303,60669
ENSG00000144036,72826041,72175984,650057
ENSG00000240198,56960854,56940040,20814
ENSG00000166592,66925536,66921679,3857
ENSG00000272202,57080101,57078943,1158
ENSG00000143627,155301438,155289293,12145
ENSG00000135637,74483408,74471986,11422
ENSG00000255114,119045493,119044188,1305
ENSG00000163947,57079329,56727418,351911
ENSG00000235545,62710694,62688482,22212
ENSG00000132470,75757818,75721328,36490
ENSG00000171310,104762014,104455295,306719
ENSG00000266853,27613251,27612588,663
ENSG00000237774,95126389,95125760,629
ENSG00000263368,27527223,27526386,837
ENSG00000228546,102339115,102337316,1799
ENSG00000180263,95217482,95076749,140733
ENSG00000265801,27465541,27465112,429
ENSG00000248152,113071962,112979590,92372
ENSG00000177369,49258662,49248239,10423
ENSG00000228814,112882132,112881718,414
ENSG00000251126,112882330,112880298,2032
ENSG00000226365,29469338,29464128,5210
ENSG00000260097,102356444,102347206,9238
ENSG00000249373,113034551,113031287,3264
ENSG00000196656,113217170,113214046,3124
ENSG00000188505,39201884,39196964,4920
ENSG00000258346,116389471,116368764,20707
ENSG00000279176,104553447,104552073,1374
ENSG00000234841,112827607,112826307,1300
ENSG00000258018,116518820,116517858,962
ENSG00000258111,104514439,104514029,410
ENSG00000204822,74472687,74471982,705
ENSG00000179751,39204266,39202831,1435
ENSG00000232750,179035652,179035309,343
ENSG00000116199,179076567,179025804,50763
ENSG00000268510,39237293,39236433,860
ENSG00000167393,386955,333963,52992
ENSG00000159348,202967275,202961873,5402
ENSG00000143630,155289848,155277463,12385
ENSG00000176402,99929620,99923269,6351
ENSG00000166595,66934423,66932065,2358
ENSG00000237640,99948620,99929392,19228
ENSG00000115282,74494886,74483073,11813
ENSG00000234406,25188724,25185623,3101
ENSG00000274286,96116571,96112876,3695
ENSG00000248714,49369998,49361165,8833
ENSG00000213798,25212965,25212170,795
ENSG00000226917,41519852,41502444,17408
ENSG00000198740,49362473,49289206,73267
ENSG00000249002,119006401,119006032,369
ENSG00000234753,41548621,41494853,53768
ENSG00000279143,83136150,83132647,3503
ENSG00000136052,104958744,104802553,156191
ENSG00000160862,99976042,99966720,9322
ENSG00000176444,155278491,155262868,15623
ENSG00000262898,83221442,83143951,77491
ENSG00000101445,38923024,38805697,117327
ENSG00000256912,9818025,9817350,675
ENSG00000244235,42101836,42101318,518
ENSG00000262094,83227721,83220527,7194
ENSG00000239256,29340822,29340482,340
ENSG00000250011,230515638,230515023,615
ENSG00000255108,832883,823634,9249
ENSG00000253135,42129249,42128774,475
ENSG00000176723,31443160,31432593,10567
ENSG00000232938,83240804,83226897,13907
ENSG00000235419,230580006,230520594,59412
ENSG00000177666,825573,818914,6659
ENSG00000271938,42139752,42139461,291
ENSG00000230394,8018160,8007378,10782
ENSG00000261474,31453493,31449535,3958
ENSG00000232930,36055431,36029611,25820
ENSG00000115616,102711318,102619707,91611
ENSG00000279931,124725934,124725524,410
ENSG00000234001,117586416,117586207,209
ENSG00000223842,219225497,219222248,3249
ENSG00000277007,219273387,219270774,2613
ENSG00000077063,117874139,117710651,163488
ENSG00000188886,96138436,96123850,14586
ENSG00000196668,116536518,116533422,3096
ENSG00000228536,219459369,219409523,49846
ENSG00000197110,39245129,39243553,1576
ENSG00000238232,219557701,219557192,509
ENSG00000150045,9845007,9827481,17526
ENSG00000258102,116576597,116548105,28492
ENSG00000273014,32759353,32758882,471
ENSG00000215817,219613145,219608010,5135
ENSG00000186283,179098023,179082070,15953
ENSG00000237004,32753744,32728569,25175
ENSG00000105778,32588726,32495426,93300
ENSG00000160551,29551904,29390464,161440
ENSG00000214313,99987535,99980762,6773
ENSG00000196660,219958647,219685427,273220
ENSG00000225063,205236867,205233821,3046
ENSG00000133069,205285632,205227946,57686
ENSG00000188282,218090581,218034960,55621
ENSG00000257121,95101045,95100531,514
ENSG00000257586,38996882,38994803,2079
ENSG00000272395,39248856,39246314,2542
ENSG00000239486,102382737,102380465,2272
ENSG00000239969,102380633,102364162,16471
ENSG00000245317,179861283,179859013,2270
ENSG00000158050,96145440,96143169,2271
ENSG00000271611,140935010,140934867,143
ENSG00000257758,104978027,104976749,1278
ENSG00000242703,140999800,140997952,1848
ENSG00000128563,102426676,102363872,62804
ENSG00000161013,179806952,179797597,9355
ENSG00000215838,165709968,165698750,11218
ENSG00000205955,184117898,184115352,2546
ENSG00000131323,102911500,102777476,134024
ENSG00000230175,165671725,165671256,469
ENSG00000073060,124882668,124776856,105812
ENSG00000105954,25228486,25224570,3916
ENSG00000143149,165698863,165662216,36647
ENSG00000244005,35699355,35668052,31303
ENSG00000257237,39059933,39058028,1905
ENSG00000090263,141015228,141002610,12618
ENSG00000273181,184133561,184132942,619
ENSG00000258144,39092874,39087713,5161
ENSG00000285716,25257129,25254965,2164
ENSG00000253495,119618474,119618162,312
ENSG00000270718,39170880,39170646,234
ENSG00000259590,99396593,99395179,1414
ENSG00000177685,831991,826144,5847
ENSG00000259760,99401315,99396613,4702
ENSG00000235713,99993050,99992397,653
ENSG00000229754,218065729,218059155,6574
ENSG00000274294,99417204,99416584,620
ENSG00000259341,99431028,99427009,4019
ENSG00000213926,39255269,39254916,353
ENSG00000275898,116583672,116580974,2698
ENSG00000279846,99498375,99497812,563
ENSG00000274942,54766523,54754928,11595
ENSG00000228873,96147012,96145602,1410
ENSG00000229358,32761787,32580949,180838
ENSG00000258249,116603585,116599270,4315
ENSG00000241562,99552117,99551382,735
ENSG00000272760,154952188,154951226,962
ENSG00000273183,154957107,154956429,678
ENSG00000257883,116698065,116661582,36483
ENSG00000272311,39265817,39264382,1435
ENSG00000278074,54814279,54803565,10714
ENSG00000264808,29390777,29369717,21060
ENSG00000214106,154952188,154928485,23703
ENSG00000266111,29404105,29352069,52036
ENSG00000257654,116703130,116698336,4794
ENSG00000281332,32762924,32760279,2645
ENSG00000234761,202988582,202986557,2025
ENSG00000286019,148679779,148607040,72739
ENSG00000183709,39270092,39268514,1578
ENSG00000231547,203000352,202999738,614
ENSG00000157212,155003084,154943687,59397
ENSG00000213390,97292673,97222173,70500
ENSG00000185963,92764833,92711363,53470
ENSG00000111412,116738070,116710171,27899
ENSG00000106261,100041689,100015572,26117
ENSG00000205085,128687872,128672288,15584
ENSG00000280278,86557299,86555320,1979
ENSG00000001626,117715971,117465784,250187
ENSG00000273365,165707284,165706556,728
ENSG00000176692,86569728,86566829,2899
ENSG00000135912,218755416,218710835,44581
ENSG00000086015,46036122,45786987,249135
ENSG00000225272,165676781,165676310,471
ENSG00000065978,42703805,42682418,21387
ENSG00000260944,86567761,86565145,2616
ENSG00000258673,110109719,110082688,27031
ENSG00000285683,136241532,136237386,4146
ENSG00000254101,137092183,135859369,1232814
ENSG00000231144,107032820,107032248,572
ENSG00000163444,203024848,203007374,17474
ENSG00000261449,42152763,42151772,991
ENSG00000250162,98833711,98833382,329
ENSG00000186150,110113945,110112468,1477
ENSG00000230957,29475603,29474557,1046
ENSG00000151131,105074197,104986316,87881
ENSG00000274163,54790260,54786260,4000
ENSG00000275276,54783960,54769704,14256
ENSG00000183060,99733561,99715697,17864
ENSG00000143376,151699091,151612006,87085
ENSG00000168952,25050297,24809656,240641
ENSG00000239480,102434780,102426818,7962
ENSG00000271344,128691717,128690451,1266
ENSG00000214773,47604677,47601715,2962
ENSG00000160991,102456825,102433106,23719
ENSG00000173473,47782106,47585269,196837
ENSG00000239722,128693924,128693450,474
ENSG00000084090,96208825,96184859,23966
ENSG00000140691,31467166,31458080,9086
ENSG00000136010,105107643,105019784,87859
ENSG00000224358,165775176,165768929,6247
ENSG00000180871,218137251,218125289,11962
ENSG00000143183,165827755,165724293,103462
ENSG00000273518,54830756,54816451,14305
ENSG00000068305,99716466,99565417,151049
ENSG00000269891,97292637,97153045,139592
ENSG00000187122,97185959,96998038,187921
ENSG00000250186,49405197,49404081,1116
ENSG00000101974,139945276,139726346,218930
ENSG00000249497,49461749,49457861,3888
ENSG00000186244,49400800,49400429,371
ENSG00000260267,31459736,31456711,3025
ENSG00000167085,49414905,49404049,10856
ENSG00000160993,102464863,102456238,8625
ENSG00000136051,105169134,105107324,61810
ENSG00000204685,96242621,96208416,34205
ENSG00000135953,102736888,102714630,22258
ENSG00000105518,11346518,11342776,3742
ENSG00000239374,116755874,116755395,479
ENSG00000275467,116801477,116801023,454
ENSG00000228729,227235355,227234269,1086
ENSG00000135119,116853631,116738178,115453
ENSG00000186451,57075432,57060664,14768
ENSG00000138398,169641406,169584344,57062
ENSG00000235695,47663934,47663626,308
ENSG00000236172,6650535,6615389,35146
ENSG00000230659,165819787,165819353,434
ENSG00000236364,165900683,165890795,9888
ENSG00000181649,2929420,2928273,1147
ENSG00000143179,165911618,165827614,84004
ENSG00000272897,35674544,35632340,42204
ENSG00000198160,66988619,66924895,63724
ENSG00000254560,27220113,27047186,172927
ENSG00000286059,233980018,233977872,2146
ENSG00000237581,233955435,233946146,9289
ENSG00000069345,46973674,46955362,18312
ENSG00000197226,179907859,179862066,45793
ENSG00000244462,35664956,35648925,16031
ENSG00000144481,234019522,233917373,102149
ENSG00000129151,27127809,27040725,87084
ENSG00000237974,117487929,117487737,192
ENSG00000083622,117647415,117604791,42624
ENSG00000232661,117564676,117560733,3943
ENSG00000163545,205321791,205302059,19732
ENSG00000227091,110172489,110166186,6303
ENSG00000235526,110178719,110177643,1076
ENSG00000232467,45847594,45846994,600
ENSG00000197106,110202202,110150494,51708
ENSG00000070718,42171673,42152946,18727
ENSG00000130167,11326996,11296139,30857
ENSG00000163464,218166995,218162845,4150
ENSG00000139921,51257655,51240162,17493
ENSG00000163900,185499057,185476496,22561
ENSG00000235363,205351471,205351247,224
ENSG00000135116,116881441,116856144,25297
ENSG00000164949,94262350,94249253,13097
ENSG00000162873,205357090,205336065,21025
ENSG00000119682,74713108,74653437,59671
ENSG00000166529,100065038,100049774,15264
ENSG00000173559,191696659,191678068,18591
ENSG00000224159,218201388,218200434,954
ENSG00000274406,54848284,54832654,15630
ENSG00000224330,13859025,13854355,4670
ENSG00000231233,104353575,104351591,1984
ENSG00000240100,116908627,116908312,315
ENSG00000213875,13872513,13871856,657
ENSG00000258955,51328386,51304416,23970
ENSG00000229638,185418778,185417495,1283
ENSG00000120051,104455102,104353833,101269
ENSG00000258479,51365557,51333393,32164
ENSG00000073803,185489094,185282941,206153
ENSG00000258942,51385603,51344914,40689
ENSG00000277840,117003152,117002463,689
ENSG00000257279,116987337,116977442,9895
ENSG00000167797,67508649,67506497,2152
ENSG00000258808,51397135,51392128,5007
ENSG00000274554,116951422,116948738,2684
ENSG00000258893,51436963,51436038,925
ENSG00000174989,117031148,116910950,120198
ENSG00000233407,50223127,50206084,17043
ENSG00000225018,55877024,55876738,286
ENSG00000267576,11324195,11322156,2039
ENSG00000275903,38565018,38553523,11495
ENSG00000183401,11354944,11344684,10260
ENSG00000075303,87876360,87833568,42792
ENSG00000172828,66975149,66961245,13904
ENSG00000112365,109483237,109462594,20643
ENSG00000166526,100082548,100064033,18515
ENSG00000135596,109465968,109444062,21906
ENSG00000273888,51651744,51649516,2228
ENSG00000234855,97103747,97102756,991
ENSG00000139926,51730727,51489100,241627
ENSG00000231398,97278097,97275012,3085
ENSG00000108479,75765711,75751594,14117
ENSG00000125814,23421519,23374519,47000
ENSG00000088992,117099479,117038923,60556
ENSG00000177504,8171267,8169944,1323
ENSG00000006634,87909553,87876216,33337
ENSG00000285679,8231386,8045186,186200
ENSG00000285573,36066679,36064715,1964
ENSG00000205745,36085736,36079084,6652
ENSG00000137713,111766427,111726908,39519
ENSG00000265408,66963256,66942712,20544
ENSG00000231564,179201926,179201705,221
ENSG00000261184,36100653,36095272,5381
ENSG00000172831,66945096,66934444,10652
ENSG00000143322,179229684,179099330,130354
ENSG00000242757,227430976,227430526,450
ENSG00000234277,227431035,227393591,37444
ENSG00000205642,8466510,8464830,1680
ENSG00000232864,227411319,227410617,702
ENSG00000250734,151613363,151612038,1325
ENSG00000224834,227434346,227434064,282
ENSG00000237193,227482454,227482253,201
ENSG00000225884,191820250,191793425,26825
ENSG00000176678,86582160,86576368,5792
ENSG00000281849,405579,386980,18599
ENSG00000267174,11324441,11300777,23664
ENSG00000280767,421980,419157,2823
ENSG00000278180,227492296,227490691,1605
ENSG00000135929,218815293,218781749,33544
ENSG00000234958,524102,523775,327
ENSG00000279142,86597639,86595189,2450
ENSG00000237469,227495142,227493029,2113
ENSG00000260387,86637145,86636328,817
ENSG00000105514,11346270,11322068,24202
ENSG00000261161,86668923,86646301,22622
ENSG00000226668,92899608,92882567,17041
ENSG00000250948,49380094,49375380,4714
ENSG00000135248,128731743,128709061,22682
ENSG00000262039,49476988,49370740,106248
ENSG00000274478,86698841,86698118,723
ENSG00000283202,230586715,230584815,1900
ENSG00000229944,49424922,49424269,653
ENSG00000226125,230700529,230690921,9608
ENSG00000079257,158672648,158645822,26826
ENSG00000275318,92841688,92840955,733
ENSG00000072080,234077134,234050679,26455
ENSG00000161011,179838078,179806398,31680
ENSG00000182393,39298673,39296407,2266
ENSG00000163466,218254356,218217141,37215
ENSG00000261115,141480380,141074064,406316
ENSG00000127081,92878038,92844182,33856
ENSG00000228377,29487434,29486298,1136
ENSG00000228815,36110872,36109024,1848
ENSG00000204990,141416390,141414383,2007
ENSG00000141698,41836263,41825181,11082
ENSG00000286154,218802554,218799729,2825
ENSG00000111077,53064372,53046969,17403
ENSG00000271117,36148024,36146842,1182
ENSG00000144339,192194933,191949043,245890
ENSG00000261778,141173216,141173043,173
ENSG00000168827,158692575,158644278,48297
ENSG00000261629,141431268,141429711,1557
ENSG00000285841,141396517,141392155,4362
ENSG00000261624,141352768,141351977,791
ENSG00000136628,220046530,219968600,77930
ENSG00000101443,45481532,45469753,11779
ENSG00000152229,46072272,45983536,88736
ENSG00000079150,178478600,178463664,14936
ENSG00000226721,92837668,92836826,842
ENSG00000260026,86722026,86720575,1451
ENSG00000038274,163519354,163503114,16240
ENSG00000187984,92888693,92809388,79305
ENSG00000261175,86742083,86710122,31961
ENSG00000258537,51599952,51454512,145440
ENSG00000277050,51637947,51637348,599
ENSG00000258439,74658590,74658049,541
ENSG00000237471,45980191,45969657,10534
ENSG00000261797,141513183,141512698,485
ENSG00000281406,205457091,205434885,22206
ENSG00000260795,86906472,86906175,297
ENSG00000233952,45998071,45997540,531
ENSG00000221971,46000778,45999621,1157
ENSG00000229628,46000898,45990905,9993
ENSG00000186007,205455954,205381378,74576
ENSG00000258098,25126998,25124487,2511
ENSG00000213525,74744707,74744386,321
ENSG00000177144,148750099,148748894,1205
ENSG00000257179,25267336,25267064,272
ENSG00000275140,148784594,148772640,11954
ENSG00000272748,74822130,74821610,520
ENSG00000258275,25358689,25357764,925
ENSG00000271546,148796325,148795797,528
ENSG00000182168,95549206,95162504,386702
ENSG00000254449,123599452,123597946,1506
ENSG00000260492,53757034,53750447,6587
ENSG00000260030,53762104,53754358,7746
ENSG00000060642,26798398,26787472,10926
ENSG00000233766,192044525,191846539,197986
ENSG00000232843,92894505,92893698,807
ENSG00000286069,53898044,53739676,158368
ENSG00000023171,123627774,123358428,269346
ENSG00000267293,46029829,46028306,1523
ENSG00000261528,23501630,23500905,725
ENSG00000228840,29489209,29488804,405
ENSG00000103365,23521995,23463542,58453
ENSG00000228370,29510088,29497042,13046
ENSG00000235827,227508292,227506182,2110
ENSG00000225426,29533106,29528958,4148
ENSG00000227711,227510618,227509028,1590
ENSG00000165105,83063177,82979590,83587
ENSG00000225934,227599094,227598424,670
ENSG00000213088,159206500,159203307,3193
ENSG00000213946,191882205,191881182,1023
ENSG00000181450,227677443,227563543,113900
ENSG00000257976,25432234,25431193,1041
ENSG00000168497,191847088,191834310,12778
ENSG00000072135,130375405,130356045,19360
ENSG00000279521,25822741,25820366,2375
ENSG00000257986,26143305,25647304,496001
ENSG00000226235,205387440,205373252,14188
ENSG00000285633,25998805,25916015,82790
ENSG00000161010,179862173,179835133,27040
ENSG00000122547,36301538,36153254,148284
ENSG00000224717,205469024,205455929,13095
ENSG00000162706,159203313,159171609,31704
ENSG00000279218,234084490,234082259,2231
ENSG00000153922,98928957,98853985,74972
ENSG00000271527,165941769,165941235,534
ENSG00000226442,234109481,234109081,400
ENSG00000226292,166023027,166022215,812
ENSG00000261298,234224514,234222838,1676
ENSG00000167791,67524517,67518912,5605
ENSG00000237811,29538325,29537242,1083
ENSG00000237784,234329838,234329483,355
ENSG00000223441,29553731,29552784,947
ENSG00000280416,66945096,66944660,436
ENSG00000276473,61240331,61239906,425
ENSG00000231682,234454595,234444590,10005
ENSG00000228162,234462127,234438328,23799
ENSG00000167272,120581398,120578764,2634
ENSG00000259616,61635449,61298791,336658
ENSG00000232690,234455783,234455157,626
ENSG00000203307,166087483,166081183,6300
ENSG00000259530,61605241,61598514,6727
ENSG00000230898,166165095,166147782,17313
ENSG00000215812,227706699,227696892,9807
ENSG00000273806,83202065,83201957,108
ENSG00000188859,166166969,166057426,109543
ENSG00000089682,107118823,107064420,54403
ENSG00000229679,36231107,36229280,1827
ENSG00000271195,61675212,61674767,445
ENSG00000135956,96265994,96248516,17478
ENSG00000188042,234497081,234493041,4040
ENSG00000259675,61715171,61639349,75822
ENSG00000228770,36228884,36228621,263
ENSG00000128011,39315336,39306568,8768
ENSG00000244701,141656810,141652381,4429
ENSG00000229109,83234242,83219331,14911
ENSG00000257503,26208424,26208036,388
ENSG00000270157,141663846,141662922,924
ENSG00000259284,61731389,61729850,1539
ENSG00000268262,39320858,39314651,6207
ENSG00000172399,119187789,119135784,52005
ENSG00000280744,234717764,234682668,35096
ENSG00000257093,141702166,141656728,45438
ENSG00000271474,95552457,95549129,3328
ENSG00000125823,23444930,23439685,5245
ENSG00000234799,30341472,30341338,134
ENSG00000278593,234745606,234743542,2064
ENSG00000215835,166277597,166275629,1968
ENSG00000170145,111730855,111602449,128406
ENSG00000235877,30349833,30349200,633
ENSG00000235726,234913384,234817283,96101
ENSG00000229588,166335762,166334884,878
ENSG00000230441,30354190,30353022,1168
ENSG00000225325,166452632,166387727,64905
ENSG00000231785,30409231,30404626,4605
ENSG00000230231,166481565,166474745,6820
ENSG00000283257,67540584,67538899,1685
ENSG00000274572,137425021,137424904,117
ENSG00000261570,141551304,141529203,22101
ENSG00000285817,137645564,137524755,120809
ENSG00000165644,75236030,75233969,2061
ENSG00000234142,166490039,166475772,14267
ENSG00000254076,137698467,137696724,1743
ENSG00000125831,23452876,23450403,2473
ENSG00000235286,111672404,111670956,1448
ENSG00000238087,166580705,166566178,14527
ENSG00000254361,137929044,137852327,76717
ENSG00000272555,218819144,218818690,454
ENSG00000253988,138073240,138063268,9972
ENSG00000242137,120594548,120594015,533
ENSG00000006530,141655244,141551189,104055
ENSG00000253288,138083570,137809444,274126
ENSG00000267698,36045972,36014508,31464
ENSG00000230422,30457894,30456357,1537
ENSG00000161277,36054762,36034985,19777
ENSG00000230005,227747191,227743831,3360
ENSG00000237865,30460073,30458704,1369
ENSG00000215834,166631400,166603916,27484
ENSG00000011201,8732137,8528874,203263
ENSG00000124164,58451101,58389122,61979
ENSG00000143740,227781231,227728539,52692
ENSG00000137321,30478827,30478177,650
ENSG00000285590,163612516,163597352,15164
ENSG00000224012,163709514,163709210,304
ENSG00000231310,177047923,177037405,10518
ENSG00000204160,26857604,26826688,30916
ENSG00000273569,163856642,163855140,1502
ENSG00000224965,110209987,110208834,1153
ENSG00000234984,166682196,166665885,16311
ENSG00000177565,177228000,177019340,208660
ENSG00000127318,68253604,68248242,5362
ENSG00000225670,159207973,159194325,13648
ENSG00000105270,36033343,36014660,18683
ENSG00000282852,110256930,110256754,176
ENSG00000232341,166748660,166747379,1281
ENSG00000157782,120667324,120640552,26772
ENSG00000116396,110283100,110211343,71757
ENSG00000232227,192645387,192644102,1285
ENSG00000116095,178516463,178480457,36006
ENSG00000229395,192645706,192629919,15787
ENSG00000232148,166792767,166763334,29433
ENSG00000130755,39342372,39328353,14019
ENSG00000226242,192774416,192774082,334
ENSG00000215846,159277111,159276503,608
ENSG00000227418,192776899,192749845,27054
ENSG00000248642,159280001,159279041,960
ENSG00000232223,166797183,166796266,917
ENSG00000232658,193257757,193256483,1274
ENSG00000227499,55878164,55877912,252
ENSG00000273838,23459459,23458529,930
ENSG00000250969,143329858,143286293,43565
ENSG00000284645,50258994,50252569,6425
ENSG00000284696,50321170,50229662,91508
ENSG00000224547,46145688,46144937,751
ENSG00000143847,203078740,203026498,52242
ENSG00000143157,166856344,166839447,16897
ENSG00000114850,156555184,156540140,15044
ENSG00000081692,227735411,227730425,4986
ENSG00000233594,55435622,55435156,466
ENSG00000213569,107132269,107131659,610
ENSG00000225768,104480274,104474939,5335
ENSG00000198088,107206433,107123427,83006
ENSG00000154479,169694405,169645425,48980
ENSG00000229692,38993857,38992279,1578
ENSG00000285614,97975056,97973012,2044
ENSG00000260438,57714957,57713782,1175
ENSG00000225900,39098445,39098149,296
ENSG00000243175,143426013,143424753,1260
ENSG00000226072,169661357,169658132,3225
ENSG00000260467,57701730,57681124,20606
ENSG00000235218,193277614,193276668,946
ENSG00000115904,39124345,38981396,142949
ENSG00000256008,120641591,120629611,11980
ENSG00000109458,143474568,143336762,137806
ENSG00000224219,193730689,193730555,134
ENSG00000182885,57689378,57668277,21101
ENSG00000260142,193899394,193898367,1027
ENSG00000142539,50428409,50415799,12610
ENSG00000224670,194028164,194027919,245
ENSG00000064313,119832841,119730774,102067
ENSG00000215043,194130266,194129354,912
ENSG00000130147,235055714,234952017,103697
ENSG00000062822,50418016,50384204,33812
ENSG00000249641,53939643,53935328,4315
ENSG00000123364,53946544,53938831,7713
ENSG00000222019,90047773,90039761,8012
ENSG00000239789,55956500,55951877,4623
ENSG00000115592,218832086,218822383,9703
ENSG00000161594,41848384,41835685,12699
ENSG00000123407,53958956,53954903,4053
ENSG00000135932,230821075,230712842,108233
ENSG00000144362,169701708,169694454,7254
ENSG00000178665,55942530,55887456,55074
ENSG00000227680,102988565,102987323,1242
ENSG00000141013,90044975,90019629,25346
ENSG00000224095,102984429,102967408,17021
ENSG00000226344,23479798,23475700,4098
ENSG00000170417,103019900,102736905,282995
ENSG00000276638,23489973,23489416,557
ENSG00000125815,23496018,23491101,4917
ENSG00000109881,27363234,27330827,32407
ENSG00000146729,56000181,55951793,48388
ENSG00000231550,169768799,169767185,1614
ENSG00000159625,57731805,57694793,37012
ENSG00000260202,23519054,23481645,37409
ENSG00000213160,169776989,169694488,82501
ENSG00000244217,94353653,94352923,730
ENSG00000175793,26864456,26863149,1307
ENSG00000128595,128773400,128739292,34108
ENSG00000113070,140346603,140332843,13760
ENSG00000237758,230725403,230725143,260
ENSG00000228981,143350117,143349275,842
ENSG00000028203,95302799,95217746,85053
ENSG00000229459,46294469,46261064,33405
ENSG00000262119,26594517,26592747,1770
ENSG00000237760,46343621,46302120,41501
ENSG00000139910,26598033,26443090,154943
ENSG00000230680,46481578,46477822,3756
ENSG00000183185,98035304,97986673,48631
ENSG00000129003,62060473,61852389,208084
ENSG00000240355,46477940,46476457,1483
ENSG00000224519,46634946,46634614,332
ENSG00000233539,46759851,46673785,86066
ENSG00000277920,16351653,16351545,108
ENSG00000196172,23758891,23739195,19696
ENSG00000254582,87330052,87329407,645
ENSG00000277527,102895722,102873339,22383
ENSG00000150991,124917368,124911604,5764
ENSG00000256263,13501,12310,1191
ENSG00000242948,46783443,46781373,2070
ENSG00000255391,87481297,87480736,561
ENSG00000267446,45372057,45371402,655
ENSG00000003249,90020128,90004865,15263
ENSG00000111554,68332381,68272443,59938
ENSG00000227827,16377507,16356224,21283
ENSG00000275638,65656085,65655620,465
ENSG00000223829,47027481,46969702,57779
ENSG00000103769,65891989,65726054,165935
ENSG00000162775,110346681,110338506,8175
ENSG00000277292,38600913,38566476,34437
ENSG00000109758,3449495,3441887,7608
ENSG00000232190,87063991,87057784,6207
ENSG00000279701,87491110,87490144,966
ENSG00000242552,47026570,47026128,442
ENSG00000278929,87566421,87565994,427
ENSG00000261363,87069752,87066705,3047
ENSG00000229192,47079128,47000620,78508
ENSG00000185888,227846470,227815693,30777
ENSG00000249773,55955239,55887277,67962
ENSG00000214754,47053674,47052793,881
ENSG00000232072,47049678,46890625,159053
ENSG00000237761,104624795,104566972,57823
ENSG00000256364,120699541,120697124,2417
ENSG00000226542,235088586,235084822,3764
ENSG00000249467,36720221,36719918,303
ENSG00000231032,235147500,235147016,484
ENSG00000110917,120701859,120687149,14710
ENSG00000275314,36795460,36794500,960
ENSG00000235293,235178905,235177896,1009
ENSG00000277554,54752993,54738470,14523
ENSG00000135525,136550819,136342281,208538
ENSG00000253965,140357794,140348484,9310
ENSG00000227963,110339171,110286375,52796
ENSG00000145390,119295517,119212587,82930
ENSG00000143816,227947932,227918656,29276
ENSG00000270891,230837385,230836909,476
ENSG00000241129,124935895,124935455,440
ENSG00000166197,102163871,102152176,11695
ENSG00000257475,53013921,53012104,1817
ENSG00000221819,90029901,90028908,993
ENSG00000233003,227978193,227975390,2803
ENSG00000232625,218842065,218841599,466
ENSG00000274886,227980227,227980051,176
ENSG00000063046,53042209,53006158,36051
ENSG00000277423,120704282,120703867,415
ENSG00000254862,27482433,27471729,10704
ENSG00000174485,65792293,65658046,134247
ENSG00000154342,228061271,228006998,54273
ENSG00000221949,62603690,62601751,1939
ENSG00000250750,98053739,98053374,365
ENSG00000205213,27472790,27365961,106829
ENSG00000257354,62622213,62602752,19461
ENSG00000115596,218874233,218859805,14428
ENSG00000275180,62604399,62603909,490
ENSG00000276255,228076550,228073909,2641
ENSG00000135916,230879248,230864639,14609
ENSG00000269246,39341945,39341773,172
ENSG00000257885,48169659,48168847,812
ENSG00000274124,48153128,48152817,311
ENSG00000276188,120709523,120709112,411
ENSG00000257848,48173353,48171590,1763
ENSG00000243705,87268337,87268185,152
ENSG00000241941,62659225,62658823,402
ENSG00000261592,87400295,87396704,3591
ENSG00000111110,62935150,62643994,291156
ENSG00000269901,87367476,87362536,4940
ENSG00000143761,228099212,228082660,16552
ENSG00000103264,87392142,87326987,65155
ENSG00000177981,48181213,48147789,33424
ENSG00000230254,30486439,30481701,4738
ENSG00000256569,120723639,120721507,2132
ENSG00000175970,120723640,120710458,13182
ENSG00000178636,119212644,119192773,19871
ENSG00000233342,160927162,160926369,793
ENSG00000279341,87721233,87718667,2566
ENSG00000255183,87719411,87718354,1057
ENSG00000156234,77611834,77511753,100081
ENSG00000135925,218899581,218880852,18729
ENSG00000226210,32015,14522,17493
ENSG00000213352,62756233,62755227,1006
ENSG00000231863,160969771,160931080,38691
ENSG00000237464,45490248,45487613,2635
ENSG00000183432,150721478,150720981,497
ENSG00000220537,82264974,82263996,978
ENSG00000254650,87816157,87815035,1122
ENSG00000181541,150584693,150581922,2771
ENSG00000228135,218930636,218900811,29825
ENSG00000237068,45491671,45490818,853
ENSG00000249690,150581545,150579089,2456
ENSG00000084207,67586656,67583595,3061
ENSG00000214967,16393954,16379055,14899
ENSG00000270006,87318043,87317509,534
ENSG00000224928,218954050,218953401,649
ENSG00000235024,218961903,218944629,17274
ENSG00000261697,87292438,87262759,29679
ENSG00000171450,218962162,218959655,2507
ENSG00000198589,151015727,150264435,751292
ENSG00000140941,87404779,87383953,20826
ENSG00000255022,87816524,87816224,300
ENSG00000228181,15171278,15171036,242
ENSG00000197275,94475115,94371960,103155
ENSG00000271679,163887827,163887506,321
ENSG00000101446,45515624,45512461,3163
ENSG00000128617,128775790,128772491,3299
ENSG00000253331,164234097,164119098,114999
ENSG00000253538,164211892,164209631,2261
ENSG00000279793,87817567,87816999,568
ENSG00000214369,169790885,169790093,792
ENSG00000285835,88045608,87847259,198349
ENSG00000280307,87880095,87879473,622
ENSG00000122971,120740008,120725774,14234
ENSG00000254794,87917999,87917948,51
ENSG00000234457,36305904,36305631,273
ENSG00000246851,131194205,131189910,4295
ENSG00000251301,68451663,68332888,118775
ENSG00000256273,68349959,68344664,5295
ENSG00000126883,131234663,131125586,109077
ENSG00000273824,68427737,68426331,1406
ENSG00000147724,138497261,138130023,367238
ENSG00000139116,39443390,39293228,150162
ENSG00000123388,53977643,53973126,4517
ENSG00000273344,155005703,155003448,2255
ENSG00000269404,50431314,50418938,12376
ENSG00000261095,87226430,87212122,14308
ENSG00000285527,87133107,87129857,3250
ENSG00000228630,53974956,53962308,12648
ENSG00000280419,87297633,87296949,684
ENSG00000260456,87317420,87083562,233858
ENSG00000157219,155087392,155070324,17068
ENSG00000229900,45540227,45539983,244
ENSG00000243543,45539495,45534196,5299
ENSG00000020256,52204308,52051663,152645
ENSG00000163497,218985657,218981087,4570
ENSG00000220575,155071557,155067067,4490
ENSG00000259924,65772139,65771176,963
ENSG00000232135,45537014,45536796,218
ENSG00000283339,155074748,155074599,149
ENSG00000249139,45547662,45534196,13466
ENSG00000261651,87216452,87215915,537
ENSG00000074621,65660995,65611366,49629
ENSG00000236445,218989940,218975393,14547
ENSG00000131152,87334273,87302876,31397
ENSG00000203933,139965520,139955725,9795
ENSG00000270082,87327584,87326987,597
ENSG00000272841,160992342,160990318,2024
ENSG00000257337,53054438,53014596,39842
ENSG00000233145,140018037,140017268,769
ENSG00000101448,45547752,45540626,7126
ENSG00000085511,161117385,160991727,125658
ENSG00000255946,120761592,120740470,21122
ENSG00000110955,56645984,56638175,7809
ENSG00000265817,94436952,94372170,64782
ENSG00000167778,53079404,53064316,15088
ENSG00000170191,25624014,25612935,11079
ENSG00000222007,235783387,235773855,9532
ENSG00000235529,235507566,235505751,1815
ENSG00000135108,117190531,117141988,48543
ENSG00000249054,38133,36602,1531
ENSG00000157985,236131800,235494043,637757
ENSG00000269971,27774041,27773858,183
ENSG00000146242,82370828,82363206,7622
ENSG00000117758,27824443,27773219,51224
ENSG00000261181,16398594,16394912,3682
ENSG00000260070,36320479,36319775,704
ENSG00000258051,48160878,48160245,633
ENSG00000255516,88062110,88050106,12004
ENSG00000255102,88098147,88061774,36373
ENSG00000261362,16541847,16541217,630
ENSG00000237955,54379960,54379489,471
ENSG00000260126,16664135,16658227,5908
ENSG00000080572,107244243,107206632,37611
ENSG00000225574,8784461,8783514,947
ENSG00000279729,16762465,16760905,1560
ENSG00000235730,131619951,131619013,938
ENSG00000138385,169812064,169791933,20131
ENSG00000117266,205532793,205504595,28198
ENSG00000227183,131646890,131646639,251
ENSG00000250133,53996785,53993810,2975
ENSG00000182173,75524735,75516060,8675
ENSG00000173557,26579532,26562585,16947
ENSG00000267924,23874701,23817599,57102
ENSG00000172789,54035358,54032853,2505
ENSG00000225178,23828049,23827162,887
ENSG00000233836,23833314,23762944,70370
ENSG00000213468,131830643,131688779,141864
ENSG00000180806,54003337,53994895,8442
ENSG00000148468,15371289,15211643,159646
ENSG00000255241,88115835,88098591,17244
ENSG00000279733,88167691,88165575,2116
ENSG00000270031,27820341,27819983,358
ENSG00000123892,88175443,88113251,62192
ENSG00000260597,54022589,54019910,2679
ENSG00000228089,131803741,131803312,429
ENSG00000180818,53990279,53985065,5214
ENSG00000241418,131796167,131795657,510
ENSG00000164885,151057897,151053815,4082
ENSG00000157884,26641366,26581205,60161
ENSG00000235190,131937853,131937670,183
ENSG00000261145,70202459,70202354,105
ENSG00000278383,25681246,25680781,465
ENSG00000130684,25696853,25673195,23658
ENSG00000261748,16953468,16952502,966
ENSG00000197757,54030823,53990624,40199
ENSG00000279490,17085049,17082295,2754
ENSG00000269662,23799477,23798924,553
ENSG00000277493,23843230,23842549,681
ENSG00000232739,15241767,15237492,4275
ENSG00000138382,169824931,169810081,14850
ENSG00000183304,8801383,8790795,10588
ENSG00000236542,25670386,25669857,529
ENSG00000213742,25678074,25624045,54029
ENSG00000198353,54056030,54016931,39099
ENSG00000138614,65611289,65578753,32536
ENSG00000159409,151716814,151702404,14410
ENSG00000134602,132075943,132023302,52641
ENSG00000233940,35059271,35053468,5803
ENSG00000227271,75269545,75269392,153
ENSG00000206208,33484728,33470037,14691
ENSG00000260675,17094927,17094351,576
ENSG00000273049,54034888,53985845,49043
ENSG00000197056,35115859,35032172,83687
ENSG00000260405,17096421,17096202,219
ENSG00000273046,54035361,54017110,18251
ENSG00000250451,54000010,53999022,988
ENSG00000272159,38408742,38408048,694
ENSG00000161036,102473168,102464956,8212
ENSG00000239218,38435664,38434347,1317
ENSG00000251151,53985519,53981509,4010
ENSG00000255201,38426096,38421889,4207
ENSG00000037965,54012769,54008985,3784
ENSG00000165046,38409527,38386207,23320
ENSG00000256948,111850,106524,5326
ENSG00000226051,75373500,75269819,103681
ENSG00000214653,140033480,140032344,1136
ENSG00000256540,182399,166856,15543
ENSG00000163659,156706770,156673235,33535
ENSG00000256694,166321,164664,1657
ENSG00000230707,140092561,140091743,818
ENSG00000244151,151076530,151074742,1788
ENSG00000120645,178460,66765,111695
ENSG00000231110,140216804,140216035,769
ENSG00000224942,140398311,140397062,1249
ENSG00000164889,151076526,151057210,19316
ENSG00000225758,140471274,140470866,408
ENSG00000237149,75408982,75401519,7463
ENSG00000134595,140505116,140502985,2131
ENSG00000230668,140687705,140681106,6599
ENSG00000273248,75409326,75408973,353
ENSG00000165655,75401764,75397830,3934
ENSG00000258285,117142091,117099481,42610
ENSG00000239402,130441413,130429827,11586
ENSG00000261338,218257366,218255319,2047
ENSG00000249695,149169,137411,11758
ENSG00000223428,75288682,75288333,349
ENSG00000005075,102478907,102473118,5789
ENSG00000178162,130431363,130416755,14608
ENSG00000270087,75401246,75279726,121520
ENSG00000179921,218263861,218259496,4365
ENSG00000150990,124989131,124946825,42306
ENSG00000236797,75382844,75382393,451
ENSG00000206530,113441610,113286930,154680
ENSG00000272692,75411842,75409157,2685
ENSG00000233313,75276646,75276376,270
ENSG00000274154,83369523,83369416,107
ENSG00000243926,156674378,156671862,2516
ENSG00000251647,83378076,83377363,713
ENSG00000261003,170419325,170414139,5186
ENSG00000122180,203086012,203083129,2883
ENSG00000256075,68474902,68473741,1161
ENSG00000256917,68487863,68487687,176
ENSG00000204053,107273656,107272582,1074
ENSG00000230772,25735093,25734264,829
ENSG00000205837,6770311,6728177,42134
ENSG00000226465,25752761,25697003,55758
ENSG00000229209,103176260,103109759,66501
ENSG00000240087,68553882,68552995,887
ENSG00000227623,103276138,103275904,234
ENSG00000215007,107352843,107351650,1193
ENSG00000261544,65767398,65766460,938
ENSG00000249271,65817481,65816302,1179
ENSG00000226698,26878245,26876133,2112
ENSG00000142751,26890283,26876132,14151
ENSG00000117751,27851676,27830782,20894
ENSG00000230646,130429225,130427731,1494
ENSG00000110395,119313926,119206276,107650
ENSG00000263311,72004803,72004239,564
ENSG00000227045,151708386,151701026,7360
ENSG00000178796,151729805,151710433,19372
ENSG00000233347,52111049,52110344,705
ENSG00000204663,23542018,23519146,22872
ENSG00000091482,21758116,21705972,52144
ENSG00000285943,113515151,113361901,153250
ENSG00000232520,230897091,230886500,10591
ENSG00000184258,140784366,140783578,788
ENSG00000228499,235882493,235882362,131
ENSG00000203930,140793215,140709562,83653
ENSG00000163611,113515187,113442718,72469
ENSG00000143793,228105411,228100726,4685
ENSG00000230385,230910102,230908852,1250
ENSG00000257465,117246164,117245551,613
ENSG00000011426,36453791,36389821,63970
ENSG00000135898,230961066,230907318,53748
ENSG00000089250,117452170,117208142,244028
ENSG00000235013,230957950,230957593,357
ENSG00000273373,110373003,110370154,2849
ENSG00000283164,230929919,230924567,5352
ENSG00000224699,110443817,110347116,96701
ENSG00000160200,43076943,43053191,23752
ENSG00000255221,105101431,105092469,8962
ENSG00000251356,91477018,91476382,636
ENSG00000213711,85899716,85898903,813
ENSG00000286121,91799234,91642643,156591
ENSG00000204397,105101431,105041326,60105
ENSG00000240751,113361319,113360267,1052
ENSG00000263232,72006543,72005037,1506
ENSG00000162813,220090462,220057482,32980
ENSG00000144857,113287459,113211003,76456
ENSG00000076706,119321521,119308529,12992
ENSG00000220660,136365079,136364129,950
ENSG00000168505,236168386,236165236,3150
ENSG00000218424,136476150,136475862,288
ENSG00000254750,105071541,105063345,8196
ENSG00000128596,128822132,128790757,31375
ENSG00000272189,136552554,136550661,1893
ENSG00000216613,136420425,136419847,578
ENSG00000119915,102229589,102226299,3290
ENSG00000008018,170553307,170535120,18187
ENSG00000182177,236264409,236194872,69537
ENSG00000285930,58060739,58050789,9950
ENSG00000266290,58083204,58076891,6313
ENSG00000107859,102241512,102230186,11326
ENSG00000021300,73662819,73646178,16641
ENSG00000116663,11674354,11664200,10154
ENSG00000225855,155324176,155316863,7313
ENSG00000233611,236294927,236167447,127480
ENSG00000255430,105123339,105122661,678
ENSG00000163312,83455855,83407343,48512
ENSG00000250540,143498126,143497412,714
ENSG00000160753,155331114,155320894,10220
ENSG00000227123,44938482,44937673,809
ENSG00000163815,45036071,45001548,34523
ENSG00000225785,52455619,52451464,4155
ENSG00000168679,110391082,110362851,28231
ENSG00000234948,52650431,52210645,439786
ENSG00000232465,52500591,52487922,12669
ENSG00000234821,52511568,52511252,316
ENSG00000163812,44976185,44915257,60928
ENSG00000264364,58095542,58083419,12123
ENSG00000279207,58101479,58095672,5807
ENSG00000231546,236409077,236407846,1231
ENSG00000231471,72636765,72636497,268
ENSG00000141194,58159555,58148449,11106
ENSG00000243849,113433992,113403991,30001
ENSG00000229590,58157800,58157028,772
ENSG00000164542,36390125,36324221,65904
ENSG00000132321,236507535,236324147,183388
ENSG00000105053,50025946,49976468,49478
ENSG00000255713,58171411,58166982,4429
ENSG00000176761,44473227,44467641,5586
ENSG00000282770,77929824,77927372,2452
ENSG00000253600,164601452,164601002,450
ENSG00000253236,164467402,164448422,18980
ENSG00000241956,165171643,164296696,874947
ENSG00000278627,58203003,58202352,651
ENSG00000121053,58205174,58192726,12448
ENSG00000274973,25845862,25845497,365
ENSG00000175170,25868225,25763466,104759
ENSG00000278139,46176488,46043661,132827
ENSG00000281427,7784407,7783697,710
ENSG00000117472,46185962,46175073,10889
ENSG00000250090,25836832,25835985,847
ENSG00000276025,7796973,7795905,1068
ENSG00000233200,35230598,35219894,10704
ENSG00000275048,25783919,25783553,366
ENSG00000272087,158693768,158693120,648
ENSG00000278253,7825972,7825037,935
ENSG00000272440,158695581,158695367,214
ENSG00000280497,7860277,7859351,926
ENSG00000279943,186191490,186189032,2458
ENSG00000281367,7916588,7861399,55189
ENSG00000075914,45036066,44975241,60825
ENSG00000285549,165153014,165129307,23707
ENSG00000232523,30511442,30508488,2954
ENSG00000167384,44500524,44474428,26096
ENSG00000226409,125445183,125370034,75149
ENSG00000231619,8857059,8856665,394
ENSG00000271711,150611877,150611262,615
ENSG00000229012,8867601,8863861,3740
ENSG00000198843,150630445,150602875,27570
ENSG00000226957,46048368,46046818,1550
ENSG00000117461,46133036,46040140,92896
ENSG00000157837,120904358,120762510,141848
ENSG00000145476,186213463,186191567,21896
ENSG00000135547,125761269,125747664,13605
ENSG00000102967,72027664,72008588,19076
ENSG00000275927,17446380,17445825,555
ENSG00000279415,17228000,17227023,977
ENSG00000261448,17138736,17134504,4232
ENSG00000280634,125027410,125025434,1976
ENSG00000279620,17251395,17249674,1721
ENSG00000279410,17194232,17192863,1369
ENSG00000184992,125031231,124993645,37586
ENSG00000285850,17456236,17453470,2766
ENSG00000270540,236369102,236367560,1542
ENSG00000232893,236392388,236391074,1314
ENSG00000103489,17470881,17101769,369112
ENSG00000144476,236582354,236567787,14567
ENSG00000231741,85936599,85934588,2011
ENSG00000257666,95286838,95286318,520
ENSG00000236695,194188309,194187379,930
ENSG00000164344,186258471,186208979,49492
ENSG00000248826,91844529,91843687,842
ENSG00000232328,236754363,236733289,21074
ENSG00000271778,158783124,158782547,577
ENSG00000124835,237056167,237048599,7568
ENSG00000285896,8927153,8897642,29511
ENSG00000225171,166869209,166868748,461
ENSG00000118855,158829719,158732198,97521
ENSG00000152382,166876264,166856510,19754
ENSG00000225271,8982505,8980425,2080
ENSG00000259564,61935738,61834682,101056
ENSG00000224506,125720218,125674353,45865
ENSG00000231724,186818121,186807692,10429
ENSG00000285863,61894164,61861109,33055
ENSG00000232233,186825521,186810880,14641
ENSG00000213137,120845647,120845110,537
ENSG00000237742,125749190,125578558,170632
ENSG00000075240,46679790,46576012,103778
ENSG00000173699,231025055,230990324,34731
ENSG00000164096,119304445,119296419,8026
ENSG00000225539,194573428,194344269,229159
ENSG00000163499,218993422,218990189,3233
ENSG00000255301,57477534,57476493,1041
ENSG00000186907,57477534,57460528,17006
ENSG00000196834,130509707,130459455,50252
ENSG00000250719,46176478,46175486,992
ENSG00000224671,203152579,203144694,7885
ENSG00000227252,237085817,237059434,26383
ENSG00000233114,46105175,46104950,225
ENSG00000225394,194455142,194454581,561
ENSG00000163485,203167405,203090654,76751
ENSG00000237529,83279499,83272280,7219
ENSG00000227857,46139081,46134531,4550
ENSG00000198612,237100474,237085882,14592
ENSG00000230173,194761435,194730595,30840
ENSG00000172159,83538546,83242990,295556
ENSG00000219870,9179606,9179385,221
ENSG00000228543,9275206,9249920,25286
ENSG00000235056,195026370,195003711,22659
ENSG00000177138,9295682,9024232,271450
ENSG00000271893,195515699,195451778,63921
ENSG00000224099,195478925,195448532,30393
ENSG00000120742,150603228,150541998,61230
ENSG00000276451,7939295,7938266,1029
ENSG00000223466,195538681,195533035,5646
ENSG00000275681,21841961,21841794,167
ENSG00000234919,195572970,195569628,3342
ENSG00000230797,21858727,21855987,2740
ENSG00000273953,7950227,7949167,1060
ENSG00000236986,131167505,131132852,34653
ENSG00000012174,21885423,21839617,45806
ENSG00000276780,7976059,7970057,6002
ENSG00000234775,203127954,203127259,695
ENSG00000143195,166975540,166895711,79829
ENSG00000139239,62965969,62965325,644
ENSG00000250049,92479426,92082597,396829
ENSG00000257779,63002795,63002469,326
ENSG00000238062,230996032,230984368,11664
ENSG00000257235,63006541,63004338,2203
ENSG00000249984,92688254,92675956,12298
ENSG00000213439,98065396,98064472,924
ENSG00000250517,63006902,63003553,3349
ENSG00000249776,92660863,92410256,250607
ENSG00000256071,117891008,117889454,1554
ENSG00000196578,98088102,98087173,929
ENSG00000234016,125960406,125960208,198
ENSG00000255686,117456986,117453012,3974
ENSG00000257664,63055765,63055275,490
ENSG00000144895,150586016,150546678,39338
ENSG00000249169,92679141,92654848,24293
ENSG00000171435,117968983,117453012,515971
ENSG00000203780,126009592,125896539,113053
ENSG00000279444,63154006,63151065,2941
ENSG00000134248,110407942,110401249,6693
ENSG00000166148,63150942,63142759,8183
ENSG00000251090,98105672,98100793,4879
ENSG00000231982,186827337,186826549,788
ENSG00000249225,98148134,98099908,48226
ENSG00000248365,98119731,98119191,540
ENSG00000229269,140997448,140931738,65710
ENSG00000256093,125056581,125056359,222
ENSG00000257332,63272336,63271404,932
ENSG00000235025,30206062,30197074,8988
ENSG00000236032,98156614,98147479,9135
ENSG00000258117,63360037,63292625,67412
ENSG00000181092,186858463,186842704,15759
ENSG00000254767,105194946,105194440,506
ENSG00000204128,231049719,231037523,12196
ENSG00000231192,98138548,98130721,7827
ENSG00000108100,35572669,35247025,325644
ENSG00000255501,105531697,105137721,393976
ENSG00000152093,130528604,130521197,7407
ENSG00000126856,90092072,90056566,35506
ENSG00000160752,155320666,155308748,11918
ENSG00000255336,105247060,105246880,180
ENSG00000226482,186856123,186851886,4237
ENSG00000110492,46383837,46380756,3081
ENSG00000127837,218270257,218264123,6134
ENSG00000225819,130526691,130515997,10694
ENSG00000232134,220144351,220143964,387
ENSG00000067704,220148041,220094132,53909
ENSG00000181378,219041527,219002846,38681
ENSG00000261556,70246610,70219574,27036
ENSG00000227234,141003706,141002594,1112
ENSG00000214925,141139174,141138478,696
ENSG00000265713,29776701,29775747,954
ENSG00000260751,23569696,23568673,1023
ENSG00000240531,29716685,29716279,406
ENSG00000260247,23537556,23537061,495
ENSG00000103353,23574389,23557721,16668
ENSG00000233409,125973126,125972188,938
ENSG00000236596,103495842,103494241,1601
ENSG00000214720,107429461,107428630,831
ENSG00000108262,29594054,29573469,20585
ENSG00000221849,103529261,103527620,1641
ENSG00000278983,48568342,48564795,3547
ENSG00000267764,48834770,48826051,8719
ENSG00000255882,9869808,9867027,2781
ENSG00000110852,9870136,9852984,17152
ENSG00000134030,48863217,48539031,324186
ENSG00000178662,165689407,165469647,219760
ENSG00000227610,107545821,107512983,32838
ENSG00000147234,107605251,107522450,82801
ENSG00000213107,195584031,195582794,1237
ENSG00000261829,231052637,231052040,597
ENSG00000196950,195737702,195575977,161725
ENSG00000231723,103623830,103623630,200
ENSG00000146197,35253079,35213956,39123
ENSG00000103356,23557731,23522014,35717
ENSG00000162910,228109312,228106679,2633
ENSG00000236141,103869688,103865746,3942
ENSG00000256637,104077778,103874310,203468
ENSG00000250742,54147485,54126098,21387
ENSG00000232597,103880209,103856659,23550
ENSG00000249388,54102699,54082118,20581
ENSG00000177875,48185926,48183584,2342
ENSG00000272374,35224630,35220370,4260
ENSG00000279233,125141711,125138245,3466
ENSG00000123415,54189008,54121277,67731
ENSG00000081760,125143333,125065434,77899
ENSG00000228968,104147229,104125268,21961
ENSG00000118849,158732489,158696892,35597
ENSG00000279875,48191207,48189349,1858
ENSG00000172640,48203387,48202083,1304
ENSG00000269514,48230275,48198357,31918
ENSG00000233955,104396280,104395002,1278
ENSG00000240207,158784070,158732263,51807
ENSG00000147224,107651026,107628424,22602
ENSG00000224090,219015721,219002215,13506
ENSG00000243675,158763753,158763431,322
ENSG00000231313,120915123,120914400,723
ENSG00000272247,158801935,158801257,678
ENSG00000140682,31477960,31471585,6375
ENSG00000244585,120917236,120916745,491
ENSG00000162825,145405778,145289900,115878
ENSG00000255583,63724935,63682523,42412
ENSG00000279629,48662635,48661840,795
ENSG00000279250,48756318,48755693,625
ENSG00000267762,48688419,48673575,14844
ENSG00000269091,50051062,50043196,7866
ENSG00000118600,63809558,63779803,29755
ENSG00000238215,72644650,72643011,1639
ENSG00000119616,74738620,74713144,25476
ENSG00000152240,46128333,46104378,23955
ENSG00000279347,119840385,119838736,1649
ENSG00000136982,119855894,119833976,21918
ENSG00000142528,50053414,50025714,27700
ENSG00000138767,77819615,77713387,106228
ENSG00000057468,75913242,75796882,116360
ENSG00000274637,155106400,155106062,338
ENSG00000228806,155106651,155106400,251
ENSG00000217825,155198455,155196563,1892
ENSG00000175920,3501473,3463306,38167
ENSG00000228521,155205189,155204147,1042
ENSG00000278998,155223851,155222903,948
ENSG00000225612,155268052,155267299,753
ENSG00000273117,155297541,155295918,1623
ENSG00000225765,104414008,104412227,1781
ENSG00000227157,104415612,104411201,4411
ENSG00000186480,155310235,155297776,12459
ENSG00000258234,48284210,48231098,53112
ENSG00000275228,48328472,48327942,530
ENSG00000269540,50060232,50058882,1350
ENSG00000177990,63668939,63558913,110026
ENSG00000238098,2426699,2339150,87549
ENSG00000271335,35336401,35314552,21849
ENSG00000204666,50066793,50050589,16204
ENSG00000143194,167022214,166975582,46632
ENSG00000187166,48330279,48328980,1299
ENSG00000225964,6840464,6828514,11950
ENSG00000204662,23550652,23547764,2888
ENSG00000096070,36232790,36196744,36046
ENSG00000234781,104510509,104488458,22051
ENSG00000235597,104520832,104433267,87565
ENSG00000101435,23568484,23564732,3752
ENSG00000233412,98169774,98166696,3078
ENSG00000278489,1604004,1602887,1117
ENSG00000273793,1577630,1559754,17876
ENSG00000167972,2340746,2275881,64865
ENSG00000258273,48333901,48333755,146
ENSG00000231626,104581890,104580821,1069
ENSG00000236109,104585354,104583152,2202
ENSG00000249321,98198138,98197211,927
ENSG00000230690,104664837,104659337,5500
ENSG00000204960,155367934,155356985,10949
ENSG00000152234,46104334,46080248,24086
ENSG00000218672,155396356,155382076,14280
ENSG00000133055,203175826,203167811,8015
ENSG00000278210,1590993,1590052,941
ENSG00000260426,155401782,155399922,1860
ENSG00000232294,52690929,52671917,19012
ENSG00000281801,1604894,1577063,27831
ENSG00000236544,155457099,155421206,35893
ENSG00000250654,54081903,54076838,5065
ENSG00000198752,103057549,102932380,125169
ENSG00000164778,155464831,155458129,6702
ENSG00000286250,52843775,52840936,2839
ENSG00000248265,54122235,54058254,63981
ENSG00000232286,52862855,52858338,4517
ENSG00000230301,98265356,98263252,2104
ENSG00000260470,54147225,54145069,2156
ENSG00000230636,52890386,52890162,224
ENSG00000248576,54168595,54163139,5456
ENSG00000251088,98457898,98233651,224247
ENSG00000250432,54125992,54085132,40860
ENSG00000248507,98222966,98222044,922
ENSG00000244653,98434847,98434034,813
ENSG00000273765,48361377,48360920,457
ENSG00000197938,98283832,98282888,944
ENSG00000257763,48356614,48355792,822
ENSG00000257735,48442411,48350945,91466
ENSG00000187900,98239281,98238352,929
ENSG00000257534,54164452,54162065,2387
ENSG00000257792,48395392,48394510,882
ENSG00000196098,98354819,98353854,965
ENSG00000240027,63760612,63760358,254
ENSG00000261212,141173588,141173235,353
ENSG00000255850,63822156,63804739,17417
ENSG00000273434,48417337,48417150,187
ENSG00000206536,98391631,98390666,965
ENSG00000258024,48386265,48385417,848
ENSG00000224530,53421656,53421199,457
ENSG00000249753,63795718,63623788,171930
ENSG00000182195,141177125,141175745,1380
ENSG00000249975,98208341,98207423,918
ENSG00000231703,53412910,53397661,15249
ENSG00000255642,63823895,63822021,1874
ENSG00000223492,53179550,53168643,10907
ENSG00000257005,63651930,63651627,303
ENSG00000232535,98312843,98306752,6091
ENSG00000167528,48351414,48337180,14234
ENSG00000182463,53495330,52972358,522972
ENSG00000261812,90096354,90093154,3200
ENSG00000133048,203186704,203178931,7773
ENSG00000198573,141242496,141241463,1033
ENSG00000167792,67612554,67605653,6901
ENSG00000156026,72887694,72692131,195563
ENSG00000225341,130537182,130530275,6907
ENSG00000227705,53208705,53196229,12476
ENSG00000184863,155781485,155644451,137034
ENSG00000213423,141264213,141261119,3094
ENSG00000271774,53487274,53255979,231295
ENSG00000245330,119874488,119867419,7069
ENSG00000259723,53504314,53453058,51256
ENSG00000155792,120050918,119873717,177201
ENSG00000271286,21940160,21939461,699
ENSG00000264031,29707090,29560547,146543
ENSG00000170619,144853736,144841042,12694
ENSG00000260507,90106316,90105095,1221
ENSG00000260923,90222678,90173217,49461
ENSG00000126653,30186475,30115521,70954
ENSG00000277349,90175865,90174062,1803
ENSG00000260528,90178344,90102271,76073
ENSG00000226413,48442947,48442030,917
ENSG00000225669,104678673,104678223,450
ENSG00000261172,90168225,90110574,57651
ENSG00000228528,104705509,104703758,1751
ENSG00000256814,125151394,125150058,1336
ENSG00000136205,47582558,47275154,307404
ENSG00000135100,121002512,120978543,23969
ENSG00000147789,144847509,144827464,20045
ENSG00000280117,125164918,125160525,4393
ENSG00000213176,103042094,103041469,625
ENSG00000166126,102933596,102922656,10940
ENSG00000115339,165794682,165747591,47091
ENSG00000279462,125301917,125300936,981
ENSG00000139364,125662377,125186836,475541
ENSG00000283128,155644406,155474256,170150
ENSG00000172824,67009758,66988589,21169
ENSG00000216895,155645205,155611231,33974
ENSG00000272627,72767052,72766560,492
ENSG00000280166,72731175,72730557,618
ENSG00000279502,72757016,72756398,618
ENSG00000246982,36197205,36146698,50507
ENSG00000227365,155518623,155510283,8340
ENSG00000259515,102937177,102933574,3603
ENSG00000280125,125809808,125808668,1140
ENSG00000146910,155555450,155474206,81244
ENSG00000280415,125861119,125858862,2257
ENSG00000286209,125880724,125858132,22592
ENSG00000271184,125901483,125900421,1062
ENSG00000249267,125983374,125958688,24686
ENSG00000197043,151157785,151100706,57079
ENSG00000243445,2332732,2332313,419
ENSG00000280132,31472108,31470204,1904
ENSG00000135040,86022298,85941146,81152
ENSG00000228593,25919681,25919499,182
ENSG00000234223,80312456,80246409,66047
ENSG00000226203,25969288,25955812,13476
ENSG00000231081,26010531,26008791,1740
ENSG00000256797,9895833,9881489,14344
ENSG00000214772,14757963,14665655,92308
ENSG00000256751,14619755,14567750,52005
ENSG00000276292,118038081,118037869,212
ENSG00000070019,14696599,14612632,83967
ENSG00000176871,118062430,118032694,29736
ENSG00000112592,170572870,170554302,18568
ENSG00000148057,83644130,83623049,21081
ENSG00000144357,170084131,169827458,256673
ENSG00000213068,167162837,167162423,414
ENSG00000227907,167058542,167052551,5991
ENSG00000118873,220272453,220148293,124160
ENSG00000198842,167129165,167094045,35120
ENSG00000231905,179184547,179183734,813
ENSG00000225711,179222125,179220938,1187
ENSG00000264435,29973027,29972514,513
ENSG00000229195,165846091,165794857,51234
ENSG00000125871,17991122,17969018,22104
ENSG00000232411,165839098,165833048,6050
ENSG00000234041,179137934,179137764,170
ENSG00000263657,29787836,29761103,26733
ENSG00000235192,165810010,165794851,15159
ENSG00000265394,30117497,30090366,27131
ENSG00000143167,167166479,167052836,113643
ENSG00000265289,30065677,30059339,6338
ENSG00000264647,29592241,29591703,538
ENSG00000240074,29856332,29855759,573
ENSG00000173207,154979251,154974653,4598
ENSG00000141298,29930276,29625938,304338
ENSG00000255649,14533229,14530151,3078
ENSG00000125850,18059188,17956979,102209
ENSG00000121316,14567883,14503661,64222
ENSG00000255119,67606642,67605521,1121
ENSG00000237630,127170231,127170011,220
ENSG00000184224,67606706,67602880,3826
ENSG00000248521,150423642,150422645,997
ENSG00000223496,70251940,70246778,5162
ENSG00000056487,45010005,44881162,128843
ENSG00000234080,50327007,50326131,876
ENSG00000204658,23586510,23583645,2865
ENSG00000224136,117883675,117882859,816
ENSG00000235510,36958139,36957913,226
ENSG00000230799,201763573,201762737,836
ENSG00000234826,118004045,117998858,5187
ENSG00000223723,36963425,36962196,1229
ENSG00000089006,17968980,17941597,27383
ENSG00000003393,201780956,201700267,80689
ENSG00000229316,50399773,50398825,948
ENSG00000257943,95442482,95311312,131170
ENSG00000186684,127220078,127184120,35958
ENSG00000261173,46978983,46973989,4994
ENSG00000259983,47014365,47013957,408
ENSG00000259821,47035385,47004513,30872
ENSG00000258313,95388558,95387890,668
ENSG00000134321,6898239,6865806,32433
ENSG00000231605,167195792,167175917,19875
ENSG00000154007,75932431,75918873,13558
ENSG00000111445,118033130,118013588,19542
ENSG00000272205,167220512,167219831,681
ENSG00000134326,6866635,6840570,26065
ENSG00000241556,95467861,95467397,464
ENSG00000261736,27644663,27643199,1464
ENSG00000218283,220254536,220253570,966
ENSG00000171208,47143997,47077703,66294
ENSG00000261329,27718806,27678940,39866
ENSG00000270585,220208282,220207618,664
ENSG00000128534,118204035,118184144,19891
ENSG00000270708,220220593,220220291,302
ENSG00000123607,165953816,165857475,96341
ENSG00000213033,220267917,220266706,1211
ENSG00000227176,170078294,170077224,1070
ENSG00000273553,27687522,27687182,340
ENSG00000047578,27780369,27550133,230236
ENSG00000162231,62806302,62792123,14179
ENSG00000204556,26020684,26018832,1852
ENSG00000242615,12143322,12141806,1516
ENSG00000164690,155812463,155799980,12483
ENSG00000280334,67009481,67006672,2809
ENSG00000237273,12096915,12096424,491
ENSG00000232186,75327999,75326772,1227
ENSG00000118557,72176878,72112157,64721
ENSG00000226789,127250082,127247258,2824
ENSG00000286098,12078106,11987641,90465
ENSG00000257446,12052939,12043805,9134
ENSG00000213297,12156731,12132117,24614
ENSG00000214189,12137235,12092263,44972
ENSG00000203435,195995680,195994259,1421
ENSG00000106013,118496171,118214669,281502
ENSG00000204876,155966343,155962632,3711
ENSG00000270584,156263802,156263547,255
ENSG00000271401,178645179,178644717,462
ENSG00000118997,196068837,195737703,331134
ENSG00000135218,80679277,80369575,309702
ENSG00000231541,179002760,179001756,1004
ENSG00000286132,12113325,12075327,37998
ENSG00000270956,178541799,178541125,674
ENSG00000102383,75523502,75368427,155075
ENSG00000237298,178779963,178521183,258780
ENSG00000197647,12035741,12014732,21009
ENSG00000131910,26913975,26911489,2486
ENSG00000176927,30108452,29929200,179252
ENSG00000090273,26946871,26900238,46633
ENSG00000233254,75384828,75384346,482
ENSG00000135914,231125042,231108230,16812
ENSG00000090861,70289543,70252295,37248
ENSG00000225605,76019356,75932479,86877
ENSG00000277873,118025518,118024817,701
ENSG00000245112,143514635,143513472,1163
ENSG00000224490,165949891,165933857,16034
ENSG00000233685,133576031,133575122,909
ENSG00000276328,54736091,54724453,11638
ENSG00000173692,231172827,231056864,115963
ENSG00000230027,76066228,76041691,24537
ENSG00000153147,143557486,143513702,43784
ENSG00000242936,95645293,95644952,341
ENSG00000144021,96273349,96266132,7217
ENSG00000225899,133626795,133623895,2900
ENSG00000219665,12046275,11987617,58658
ENSG00000184005,76634603,76074746,559857
ENSG00000218902,18012284,18011955,329
ENSG00000198746,26900467,26890488,9979
ENSG00000231069,36986093,36985523,570
ENSG00000223905,76354246,76353583,663
ENSG00000257591,12156729,12142090,14639
ENSG00000134330,9496543,9473658,22885
ENSG00000223730,44902471,44901547,924
ENSG00000256399,63888598,63887379,1219
ENSG00000196935,64162217,63844700,317517
ENSG00000230922,45003619,45000565,3054
ENSG00000179528,74503316,74497517,5799
ENSG00000237089,75538702,75537547,1155
ENSG00000257355,12052967,12017888,35079
ENSG00000173335,23605876,23602410,3466
ENSG00000132010,12140355,12092843,47512
ENSG00000156395,105265242,104641290,623952
ENSG00000224775,75585506,75582676,2830
ENSG00000235994,167979776,167975924,3852
ENSG00000257702,74504678,74502595,2083
ENSG00000092330,24242674,24239643,3031
ENSG00000215105,75746911,75740831,6080
ENSG00000272183,74502365,74501717,648
ENSG00000182397,99806927,99790156,16771
ENSG00000257845,26822107,26775495,46612
ENSG00000213543,133637892,133637408,484
ENSG00000233435,133642894,133640789,2105
ENSG00000165694,132128020,132076993,51027
ENSG00000257185,26836458,26809417,27041
ENSG00000186675,75785236,75782988,2248
ENSG00000257017,72061055,72054592,6463
ENSG00000230468,133660635,133657235,3400
ENSG00000006468,13991425,13891229,100196
ENSG00000257842,26806467,26598412,208055
ENSG00000227878,196063963,196063312,651
ENSG00000233063,75885136,75884546,590
ENSG00000259655,99792847,99791127,1720
ENSG00000226753,75888888,75888700,188
ENSG00000223547,12081565,12064731,16834
ENSG00000248924,143555583,143555082,501
ENSG00000223794,179256081,179255733,348
ENSG00000226854,75904858,75903105,1753
ENSG00000228191,179271266,179271116,150
ENSG00000180720,46386608,46385098,1510
ENSG00000263477,29866092,29863402,2690
ENSG00000224903,156657693,156654185,3508
ENSG00000232332,76030330,76029895,435
ENSG00000198720,29614761,29589769,24992
ENSG00000105982,156677130,156640281,36849
ENSG00000125337,168045089,167996241,48848
ENSG00000226387,104666200,104664608,1592
ENSG00000271141,178617123,178616581,542
ENSG00000248588,92844992,92823935,21057
ENSG00000271011,178577622,178577103,519
ENSG00000225671,50406024,50405430,594
ENSG00000248950,92841628,92840807,821
ENSG00000111142,95515839,95473520,42319
ENSG00000163492,179050086,178829757,220329
ENSG00000229982,118881288,118880103,1185
ENSG00000249958,92890840,92889387,1453
ENSG00000102390,76178204,76172936,5268
ENSG00000198173,37011666,37008397,3269
ENSG00000248528,92939591,92907180,32411
ENSG00000057252,179358680,179293714,64966
ENSG00000228819,132131352,132130091,1261
ENSG00000251361,93068669,93019663,49006
ENSG00000230520,118951259,118950386,873
ENSG00000213730,93268425,93267429,996
ENSG00000107862,102382899,102245532,137367
ENSG00000267344,45397477,45396932,545
ENSG00000159314,45434421,45393902,40519
ENSG00000242087,63872044,63871739,305
ENSG00000237252,76223097,76222637,460
ENSG00000255780,64032665,64032412,253
ENSG00000256571,63879474,63878787,687
ENSG00000274398,76251796,76250183,1613
ENSG00000100422,46738252,46684410,53842
ENSG00000255886,64097618,64038562,59056
ENSG00000255817,64120489,64108763,11726
ENSG00000255629,64147857,64146388,1469
ENSG00000270277,178550681,178548884,1797
ENSG00000279598,178558966,178554561,4405
ENSG00000270574,178580906,178578790,2116
ENSG00000110799,6124770,5948874,175896
ENSG00000158428,218368099,218356857,11242
ENSG00000267784,178727046,178723457,3589
ENSG00000170667,102517781,102482445,35336
ENSG00000229921,167997077,167992822,4255
ENSG00000167419,58268518,58218548,49970
ENSG00000174912,156714928,156713884,1044
ENSG00000265739,30126118,30122429,3689
ENSG00000263370,29640825,29639627,1198
ENSG00000160688,154993111,154983338,9773
ENSG00000266876,30069631,30068632,999
ENSG00000264290,29570519,29569580,939
ENSG00000240875,156817062,156747346,69716
ENSG00000168792,29567037,29560547,6490
ENSG00000151694,9556732,9488486,68246
ENSG00000230580,218354572,218354075,497
ENSG00000225062,218367835,218366665,1170
ENSG00000230457,156810732,156809551,1181
ENSG00000237281,218357966,218326889,31077
ENSG00000266987,30144790,30144062,728
ENSG00000167549,29622907,29614756,8151
ENSG00000101439,23638473,23626706,11767
ENSG00000135926,218292586,218274197,18389
ENSG00000122435,100150498,100133150,17348
ENSG00000157895,121016502,121000486,16016
ENSG00000155657,178830802,178525989,304813
ENSG00000276761,38626268,38601221,25047
ENSG00000076770,132489968,132369317,120651
ENSG00000233599,30217805,30208315,9490
ENSG00000259866,47562480,47561307,1173
ENSG00000260281,47162747,47144323,18424
ENSG00000270001,23632316,23631826,490
ENSG00000102893,47701523,47461123,240400
ENSG00000122477,100178273,100148449,29824
ENSG00000258081,27160420,26836728,323692
ENSG00000257612,26914743,26873133,41610
ENSG00000279168,102679295,102579104,100191
ENSG00000138395,201895550,201790461,105089
ENSG00000173678,102661398,102650325,11073
ENSG00000169288,77952785,77862830,89955
ENSG00000267368,102642791,102637025,5766
ENSG00000274842,54713453,54707916,5537
ENSG00000234450,156633787,156633355,432
ENSG00000213684,76335845,76334841,1004
ENSG00000182648,156640654,156388922,251732
ENSG00000228049,102671629,102665368,6261
ENSG00000011143,58219605,58205437,14168
ENSG00000142700,50423443,50417550,5893
ENSG00000198934,76431353,76427724,3629
ENSG00000235447,76656559,76655498,1061
ENSG00000105808,102616757,102573807,42950
ENSG00000243048,37043571,37043023,548
ENSG00000236902,31794200,31783184,11016
ENSG00000273035,39323804,39323328,476
ENSG00000282687,106265486,106265459,27
ENSG00000285244,36678559,36677609,950
ENSG00000205578,73301161,73293497,7664
ENSG00000228890,9721296,9717653,3643
ENSG00000275564,54821411,54804243,17168
ENSG00000282127,106264397,106264133,264
ENSG00000285540,114118700,114109856,8844
ENSG00000250120,141012347,140855883,156464
ENSG00000170956,41811554,41796587,14967
ENSG00000226582,114117551,114117147,404
ENSG00000260853,28966883,28952816,14067
ENSG00000204969,141012347,140794852,217495
ENSG00000273755,54713341,54707916,5425
ENSG00000126545,69946574,69931068,15506
ENSG00000282609,106258994,106258533,461
ENSG00000278946,140867959,140867513,446
ENSG00000272772,134226071,134167170,58901
ENSG00000138796,108035175,107989714,45461
ENSG00000270706,177266588,177265580,1008
ENSG00000240729,177265241,177264766,475
ENSG00000273345,134371044,134205614,165430
ENSG00000167098,33004433,32983773,20660
ENSG00000185909,49176486,49171598,4888
ENSG00000182054,90102504,90083045,19459
ENSG00000152154,39717963,39664982,52981
ENSG00000169662,21294586,21290760,3826
ENSG00000084093,56966678,56907876,58802
ENSG00000229266,21284161,21282881,1280
ENSG00000174844,57544344,57293699,250645
ENSG00000226885,21268903,21268161,742
ENSG00000237186,57530967,57530345,622
ENSG00000264148,31008319,31008154,165
ENSG00000239831,57520010,57519669,341
ENSG00000283145,21229138,21228760,378
ENSG00000269534,48127706,48118432,9274
ENSG00000129167,18042426,18017564,24862
ENSG00000267169,14171267,14137179,34088
ENSG00000226041,16204226,16202430,1796
ENSG00000091010,146341728,146338839,2889
ENSG00000271315,16149394,16149251,143
ENSG00000124762,36687339,36676460,10879
ENSG00000250025,146376963,146307098,69865
ENSG00000274247,142793793,142790185,3608
ENSG00000104756,25458476,25427847,30629
ENSG00000106031,27200106,27193503,6603
ENSG00000176953,28967097,28950807,16290
ENSG00000276651,63503083,63500737,2346
ENSG00000140465,74725536,74719542,5994
ENSG00000282281,106236365,106235833,532
ENSG00000131002,19606274,19567313,38961
ENSG00000259268,63469351,63456294,13057
ENSG00000243766,27207259,27198575,8684
ENSG00000267793,19598757,19598188,569
ENSG00000130751,47045775,47019820,25955
ENSG00000132932,26025851,25371974,653877
ENSG00000281450,36675126,36673621,1505
ENSG00000213500,36675270,36673817,1453
ENSG00000251664,141012347,140875302,137045
ENSG00000258884,90828128,90822365,5763
ENSG00000072310,17837002,17810399,26603
ENSG00000113575,134226073,134194332,31741
ENSG00000259459,63438320,63390136,48184
ENSG00000043591,114046908,114044056,2852
ENSG00000236648,17749978,17717687,32291
ENSG00000101079,36746090,36651766,94324
ENSG00000147761,9715262,9706824,8438
ENSG00000249407,136982196,136959125,23071
ENSG00000129159,17856804,17734774,122030
ENSG00000248968,10249915,10248325,1590
ENSG00000204314,32153083,32148359,4724
ENSG00000255448,18022931,18000542,22389
ENSG00000091009,146289223,146203605,85618
ENSG00000185246,45116282,45084099,32183
ENSG00000120699,37009614,36998816,10798
ENSG00000271724,146376219,146375591,628
ENSG00000214544,73280119,73242751,37368
ENSG00000275740,146339251,146203550,135701
ENSG00000228956,18920401,18445024,475377
ENSG00000272477,18409635,18408680,955
ENSG00000233133,17706233,17706058,175
ENSG00000228581,30635627,30619830,15797
ENSG00000277781,143572971,143566187,6784
ENSG00000171206,102660680,102642310,18370
ENSG00000253385,102856075,102854455,1620
ENSG00000150756,10249897,10225507,24390
ENSG00000274724,54736134,54724448,11686
ENSG00000244588,1296421,1226056,70365
ENSG00000174564,137011085,136946230,64855
ENSG00000229439,29489550,29489145,405
ENSG00000214283,136900076,136899076,1000
ENSG00000112081,36605600,36594353,11247
ENSG00000174332,53738106,53506237,231869
ENSG00000213799,53356906,53333746,23160
ENSG00000269560,12532973,12529768,3205
ENSG00000100296,29555216,29505879,49337
ENSG00000174010,24027186,23983720,43466
ENSG00000181781,474983,463346,11637
ENSG00000258951,70595770,70594552,1218
ENSG00000253320,103001684,102864280,137404
ENSG00000234848,12460705,12450935,9770
ENSG00000253263,102893608,102891876,1732
ENSG00000268870,12441082,12391949,49133
ENSG00000244052,102924255,102923371,884
ENSG00000272417,10204040,10203600,440
ENSG00000230310,12553644,12552597,1047
ENSG00000271998,10197622,10195187,2435
ENSG00000072071,14206187,14147743,58444
ENSG00000182487,73235945,73220624,15321
ENSG00000124151,47656877,47501887,154990
ENSG00000235686,12508263,12508129,134
ENSG00000260515,10197628,10195121,2507
ENSG00000274516,60936746,60929774,6972
ENSG00000162139,75018893,74988279,30614
ENSG00000280368,10171214,10171030,184
ENSG00000229853,47631438,47630266,1172
ENSG00000233564,30642176,30635339,6837
ENSG00000255438,47686297,47677901,8396
ENSG00000170561,2751677,2745845,5832
ENSG00000226659,80535942,80529597,6345
ENSG00000006837,134371047,134286350,84697
ENSG00000233532,106384315,106374477,9838
ENSG00000282476,106212224,106211707,517
ENSG00000262896,41239283,41238317,966
ENSG00000239615,134267856,134267421,435
ENSG00000281928,106209342,106207374,1968
ENSG00000283047,10961338,10939388,21950
ENSG00000137275,3115187,3063991,51196
ENSG00000265554,10144406,10125340,19066
ENSG00000231268,32251333,32247977,3356
ENSG00000205765,41921636,41904188,17448
ENSG00000225453,30623740,30623474,266
ENSG00000220920,17953930,17953572,358
ENSG00000280356,34651862,34641179,10683
ENSG00000236277,79094119,79090783,3336
ENSG00000279973,11068174,11066418,1756
ENSG00000250020,58915,58198,717
ENSG00000223752,30636664,30616685,19979
ENSG00000234891,34704885,34703126,1759
ENSG00000226444,11125705,11124337,1368
ENSG00000226670,79166885,79166119,766
ENSG00000137177,17987635,17759183,228452
ENSG00000272277,3068894,3068045,849
ENSG00000283023,12626642,12602466,24176
ENSG00000237316,34724919,34711908,13011
ENSG00000264876,10372380,10323132,49248
ENSG00000279612,67458554,67457499,1055
ENSG00000282471,105865407,105865358,49
ENSG00000263322,67554415,67551243,3172
ENSG00000261814,29799645,29797637,2008
ENSG00000280341,15288670,15282557,6113
ENSG00000236235,15297196,15290718,6478
ENSG00000224496,30141238,30128631,12607
ENSG00000185340,29312785,29306582,6203
ENSG00000262102,67586429,67576031,10398
ENSG00000214978,9822071,9802386,19685
ENSG00000282112,67586198,67585995,203
ENSG00000282882,9805073,9764188,40885
ENSG00000282220,67583479,67576038,7441
ENSG00000278944,9808855,9791227,17628
ENSG00000282236,142394614,142394342,272
ENSG00000279442,15304556,15298378,6178
ENSG00000184544,9791297,9771434,19863
ENSG00000275310,9326047,9325799,248
ENSG00000273976,23136822,23128268,8554
ENSG00000153404,189972,92151,97821
ENSG00000283025,9811047,9805443,5604
ENSG00000167193,1463162,1420689,42473
ENSG00000184624,15343065,15326037,17028
ENSG00000236097,15350043,15349467,576
ENSG00000262777,1426484,1424473,2011
ENSG00000281567,65789287,65788417,870
ENSG00000236831,15492564,15489990,2574
ENSG00000204539,31120446,31115087,5359
ENSG00000277364,65838039,65836930,1109
ENSG00000112851,66082549,65926475,156074
ENSG00000204538,31139066,31137534,1532
ENSG00000262280,78979074,78976555,2519
ENSG00000280814,127655278,127654860,418
ENSG00000204540,31140092,31114750,25342
ENSG00000137806,41402519,41387353,15166
ENSG00000130538,15529139,15528159,980
ENSG00000281054,127660579,127659690,889
ENSG00000280658,127660338,127659425,913
ENSG00000278345,54820584,54814919,5665
ENSG00000237299,15578006,15541436,36570
ENSG00000275659,54878560,54814901,63659
ENSG00000235759,15553838,15550904,2934
ENSG00000213727,15573265,15572089,1176
ENSG00000228810,17591318,17589161,2157
ENSG00000215268,15564276,15562017,2259
ENSG00000233408,15560694,15557577,3117
ENSG00000107295,17797124,17579066,218058
ENSG00000266941,5901511,5899895,1616
ENSG00000267740,5903787,5866171,37616
ENSG00000276044,54844782,54833799,10983
ENSG00000263310,79002678,78980275,22403
ENSG00000174886,5904006,5891276,12730
ENSG00000215567,19887814,19878555,9259
ENSG00000281270,127681555,127664554,17001
ENSG00000261434,196341,195778,563
ENSG00000185028,196334,191495,4839
ENSG00000176595,2006936,1973677,33259
ENSG00000258463,19899559,19899334,225
ENSG00000253764,1974637,1971181,3456
ENSG00000130383,5870540,5865826,4714
ENSG00000274273,79074964,79074837,127
ENSG00000270988,1975314,1974818,496
ENSG00000253696,1976478,1971397,5081
ENSG00000274347,19955602,19955300,302
ENSG00000238211,31140913,31140727,186
ENSG00000235552,6463015,6462144,871
ENSG00000266065,6495668,6493420,2248
ENSG00000139684,46797161,46771256,25905
ENSG00000275122,127918597,127708072,210525
ENSG00000265174,6558654,6557822,832
ENSG00000265944,6590653,6511416,79237
ENSG00000277078,54878657,54863003,15654
ENSG00000282778,105865623,105865564,59
ENSG00000281841,127910052,127909833,219
ENSG00000232808,9334832,9329880,4952
ENSG00000188403,19965101,19964666,435
ENSG00000282240,142402958,142402503,455
ENSG00000282342,105866022,105865970,52
ENSG00000164366,218215,196871,21344
ENSG00000282409,105866229,105866178,51
ENSG00000260774,217279,213898,3381
ENSG00000230643,15588478,15588361,117
ENSG00000282203,142406551,142406045,506
ENSG00000258706,19968352,19967414,938
ENSG00000282455,105866332,105866322,10
ENSG00000281942,79589010,79576460,12550
ENSG00000253805,2035587,2033508,2079
ENSG00000259337,19973218,19972782,436
ENSG00000230471,15604882,15600908,3974
ENSG00000281995,79612198,79610642,1556
ENSG00000224055,44064313,44063511,802
ENSG00000262510,22116528,22109451,7077
ENSG00000273216,29317220,29316744,476
ENSG00000100276,29319679,29312933,6746
ENSG00000233803,9340284,9337464,2820
ENSG00000282606,79685499,79644682,40817
ENSG00000282330,79685112,79683041,2071
ENSG00000171877,44195271,43870761,324510
ENSG00000231565,15613096,15611759,1337
ENSG00000262752,22136083,22134698,1385
ENSG00000259490,19988117,19987656,461
ENSG00000137815,41483563,41408408,75155
ENSG00000282672,105866449,105866395,54
ENSG00000277505,23144422,23140563,3859
ENSG00000282529,142408357,142408088,269
ENSG00000282323,105881824,105881805,19
ENSG00000282148,142411379,142410913,466
ENSG00000276856,23039654,22983146,56508
ENSG00000237703,30153436,30144448,8988
ENSG00000161082,3297076,3224661,72415
ENSG00000282724,105882327,105882310,17
ENSG00000282204,142414123,142413602,521
ENSG00000282674,105884693,105884674,19
ENSG00000282640,105885659,105885641,18
ENSG00000139505,25288009,25246201,41808
ENSG00000227973,43876244,43875849,395
ENSG00000282618,142422090,142421573,517
ENSG00000185607,43990184,43989061,1123
ENSG00000261627,6642478,6641971,507
ENSG00000275080,54812886,54798381,14505
ENSG00000267448,3303003,3296765,6238
ENSG00000286169,438291,271670,166621
ENSG00000249418,130598779,130598348,431
ENSG00000279076,44553281,44551577,1704
ENSG00000244192,130990428,130989897,531
ENSG00000151876,41941743,41925254,16489
ENSG00000175676,23170711,23157366,13345
ENSG00000266441,6729862,6728821,1041
ENSG00000265217,65652053,65606090,45963
ENSG00000263797,6875024,6873399,1625
ENSG00000256073,32393960,32393130,830
ENSG00000119318,107332192,107283137,49055
ENSG00000088756,6915716,6729718,185998
ENSG00000270015,30928407,30926514,1893
ENSG00000148229,113410675,113407235,3440
ENSG00000166912,30991628,30938941,52687
ENSG00000073578,257082,218241,38841
ENSG00000254330,64734459,64703774,30685
ENSG00000172817,64798737,64587763,210974
ENSG00000211660,22698407,22697789,618
ENSG00000184979,18177397,18149899,27498
ENSG00000253546,22700970,22700760,210
ENSG00000211661,22704822,22704265,557
ENSG00000267275,16324514,16283359,41155
ENSG00000211662,22713203,22711689,1514
ENSG00000157653,113429684,113410054,19630
ENSG00000226068,48150005,48149203,802
ENSG00000254240,22715419,22715290,129
ENSG00000167196,75942511,75903876,38635
ENSG00000127528,16327874,16324817,3057
ENSG00000211663,22721145,22720623,522
ENSG00000157087,10708007,10324023,383984
ENSG00000224517,46856299,46852143,4156
ENSG00000278667,22731090,22730725,365
ENSG00000102468,46897076,46831550,65526
ENSG00000081138,65890337,65750252,140085
ENSG00000282396,105886832,105886802,30
ENSG00000278607,75071091,75070197,894
ENSG00000282711,142429843,142429379,464
ENSG00000280802,93072152,93067452,4700
ENSG00000137825,41503551,41493393,10158
ENSG00000281984,105889349,105889322,27
ENSG00000274958,93116320,92936914,179406
ENSG00000251532,1551710,1544107,7603
ENSG00000230845,52879940,52873014,6926
ENSG00000250405,130996164,130994253,1911
ENSG00000225560,9356814,9347511,9303
ENSG00000234590,47307301,47307082,219
ENSG00000273669,75074205,75073543,662
ENSG00000248955,131008742,131008583,159
ENSG00000239694,41952193,41951313,880
ENSG00000278911,75106260,75103587,2673
ENSG00000198690,30943108,30903852,39256
ENSG00000285915,75125565,75112137,13428
ENSG00000275059,54795926,54783578,12348
ENSG00000180011,75209139,75195113,14026
ENSG00000063438,435110,321759,113351
ENSG00000282487,105892490,105892470,20
ENSG00000282592,105891978,105891962,16
ENSG00000282274,105895294,105895279,15
ENSG00000261972,55952925,55843031,109894
ENSG00000270900,44899295,44898711,584
ENSG00000282135,105897348,105890855,6493
ENSG00000263720,65866397,65865262,1135
ENSG00000282346,105894332,105894313,19
ENSG00000282232,105896441,105896405,36
ENSG00000124813,45664349,45328157,336192
ENSG00000227531,111284836,111139246,145590
ENSG00000282760,142437373,142436931,442
ENSG00000216835,48214794,48213604,1190
ENSG00000274563,54781397,54766539,14858
ENSG00000214278,404546,403731,815
ENSG00000169752,76059795,75935969,123826
ENSG00000250848,290321,288833,1488
ENSG00000250645,419109,418703,406
ENSG00000171133,111330183,111327483,2700
ENSG00000282007,142447152,142446652,500
ENSG00000286001,314955,218298,96657
ENSG00000186687,131205428,131170944,34484
ENSG00000248925,271516,269858,1658
ENSG00000279479,6728981,6727053,1928
ENSG00000254006,64817573,64801236,16337
ENSG00000185986,1594620,1567495,27125
ENSG00000249915,314974,271621,43353
ENSG00000260509,25301438,25300124,1314
ENSG00000278736,48701872,48701491,381
ENSG00000271162,48952781,48952070,711
ENSG00000227629,26591601,26586642,4959
ENSG00000282436,142456093,142455594,499
ENSG00000169567,131171735,131159027,12708
ENSG00000236399,30227224,30214604,12620
ENSG00000205318,10634695,10633762,933
ENSG00000265593,9853306,9852748,558
ENSG00000065325,9892099,9822206,69893
ENSG00000253493,64973848,64973488,360
ENSG00000137434,10694797,10671418,23379
ENSG00000218337,49078051,49077712,339
ENSG00000239261,65155778,65155407,371
ENSG00000274867,49116115,49115537,578
ENSG00000285763,10692860,10659498,33362
ENSG00000229007,32497311,32496812,499
ENSG00000166979,32515397,32412006,103391
ENSG00000273991,54258210,54251026,7184
ENSG00000277769,45099260,45098021,1239
ENSG00000276156,45097976,45097496,480
ENSG00000261080,45576770,45573346,3424
ENSG00000271857,45422005,45421079,926
ENSG00000196284,45377953,44809317,568636
ENSG00000261847,22154299,22153950,349
ENSG00000226474,15615578,15615402,176
ENSG00000211664,22735089,22734607,482
ENSG00000262476,22212813,22209939,2874
ENSG00000253152,22739187,22738944,243
ENSG00000270961,20003862,20003840,22
ENSG00000211665,22747921,22747383,538
ENSG00000273326,10802627,10801532,1095
ENSG00000271317,20004815,20004797,18
ENSG00000253786,22755797,22755554,243
ENSG00000282520,20005935,20005905,30
ENSG00000211666,22759218,22758700,518
ENSG00000164078,49903873,49887002,16871
ENSG00000253590,22762516,22762294,222
ENSG00000272712,10807293,10806051,1242
ENSG00000211667,22772582,22771824,758
ENSG00000282599,20008432,20008402,30
ENSG00000224435,15632051,15622601,9450
ENSG00000273086,10810168,10809137,1031
ENSG00000235731,25578806,25473583,105223
ENSG00000277924,54683019,54668491,14528
ENSG00000279951,20094144,20092632,1512
ENSG00000219384,45159511,45158870,641
ENSG00000236076,20103230,20102701,529
ENSG00000263141,32771858,32769814,2044
ENSG00000224649,29187795,29182027,5768
ENSG00000223628,25581122,25580969,153
ENSG00000250587,30248893,30248350,543
ENSG00000277825,16353182,16352462,720
ENSG00000236710,3085443,3084393,1050
ENSG00000226825,107430802,107420284,10518
ENSG00000228783,1011799,1011085,714
ENSG00000226792,51200252,51082119,118133
ENSG00000250118,30365684,30365405,279
ENSG00000121743,20161052,20138255,22797
ENSG00000271336,20011169,20011153,16
ENSG00000241668,31054153,31053565,588
ENSG00000277988,20014208,20012741,1467
ENSG00000113407,33469539,33440696,28843
ENSG00000281769,1048641,1045625,3016
ENSG00000274652,51180967,51180178,789
ENSG00000259769,20047994,20046296,1698
ENSG00000271242,51196081,51195881,200
ENSG00000276701,23895227,23894004,1223
ENSG00000214878,51162357,51161723,634
ENSG00000258397,20074334,20073699,635
ENSG00000253940,31066132,31065970,162
ENSG00000260685,75951144,75950464,680
ENSG00000271530,95454,95124,330
ENSG00000253669,102809971,102805517,4454
ENSG00000269086,34855304,34837889,17415
ENSG00000100298,39104067,39097224,6843
ENSG00000258410,20147953,20128745,19208
ENSG00000254645,15758898,15701963,56935
ENSG00000278935,20146430,20141794,4636
ENSG00000276175,54306461,54294163,12298
ENSG00000271109,34860576,34849278,11298
ENSG00000220212,106856,105919,937
ENSG00000234602,55227315,55219614,7701
ENSG00000254695,15705368,15643885,61483
ENSG00000234381,15644330,15635180,9150
ENSG00000281335,23898930,23894426,4504
ENSG00000254661,15927443,15910957,16486
ENSG00000249266,41968366,41967139,1227
ENSG00000281287,23895223,23862188,33035
ENSG00000160284,46184476,46161148,23328
ENSG00000217631,49273794,49273600,194
ENSG00000217929,145083,131910,13173
ENSG00000281354,23857039,23856427,612
ENSG00000113361,31329146,31193686,135460
ENSG00000280725,65184210,65161145,23065
ENSG00000281180,23873277,23865248,8029
ENSG00000228849,31560476,31557707,2769
ENSG00000258780,20160826,20153776,7050
ENSG00000263622,65920942,65917782,3160
ENSG00000264685,66069647,66068750,897
ENSG00000251013,100551713,100550724,989
ENSG00000275744,23886309,23856703,29606
ENSG00000261150,143878464,143857324,21140
ENSG00000186106,100559784,100509752,50032
ENSG00000100299,50628173,50622754,5419
ENSG00000073417,85139145,84980440,158705
ENSG00000280072,32791504,32790673,831
ENSG00000272542,102889834,102888858,976
ENSG00000031823,5978142,5916139,62003
ENSG00000250878,102896033,102880099,15934
ENSG00000249782,8528679,8525179,3500
ENSG00000262938,32813728,32793564,20164
ENSG00000279097,8572206,8572047,159
ENSG00000279264,8614696,8614356,340
ENSG00000227353,42493570,42492663,907
ENSG00000226633,20179462,20178978,484
ENSG00000136574,11760002,11676959,83043
ENSG00000157500,57278105,57227726,50379
ENSG00000263140,32798969,32772100,26869
ENSG00000227924,42499134,42497704,1430
ENSG00000235479,18650279,18649671,608
ENSG00000251666,177052963,177051714,1249
ENSG00000278445,102904000,102903339,661
ENSG00000250389,8619104,8618581,523
ENSG00000260131,20181942,20181531,411
ENSG00000250482,31250987,31249879,1108
ENSG00000113761,177081189,177022696,58493
ENSG00000237917,26634652,26594851,39801
ENSG00000254138,31267610,31093977,173633
ENSG00000103855,73714514,73683966,30548
ENSG00000237357,42569353,42566679,2674
ENSG00000231514,26627159,26626520,639
ENSG00000218265,13522045,13521266,779
ENSG00000182208,1501247,1469457,31790
ENSG00000212952,42569315,42568865,450
ENSG00000281650,70556133,70448301,107832
ENSG00000281949,79709405,79708475,930
ENSG00000278068,66030169,66029264,905
ENSG00000278562,70549533,70543654,5879
ENSG00000280518,70449761,70425738,24023
ENSG00000282752,79723770,79685555,38215
ENSG00000215533,29288205,29193480,94725
ENSG00000125255,103066846,103043998,22848
ENSG00000281425,70529103,70518623,10480
ENSG00000249606,18656190,18655520,670
ENSG00000248765,8620310,8619178,1132
ENSG00000228817,29373709,29370497,3212
ENSG00000279002,8660059,8659764,295
ENSG00000248476,29361894,29351634,10260
ENSG00000280373,8669250,8669018,232
ENSG00000272157,24957110,24956621,489
ENSG00000273464,29657831,29657406,425
ENSG00000277586,24957110,24950955,6155
ENSG00000273017,29359453,29359002,451
ENSG00000234293,29500386,29496047,4339
ENSG00000165474,20192938,20187463,5475
ENSG00000100280,29423179,29327680,95499
ENSG00000232118,29376339,29370019,6320
ENSG00000268650,18220480,18204730,15750
ENSG00000171189,29940033,29536933,403100
ENSG00000236925,31564662,31562695,1967
ENSG00000279125,8685816,8685581,235
ENSG00000105650,18248200,18208652,39548
ENSG00000280438,8717883,8717684,199
ENSG00000164077,49930173,49907160,23013
ENSG00000133706,146182650,146113034,69616
ENSG00000218577,170631,167607,3024
ENSG00000270624,34866919,34866352,567
ENSG00000258628,20277503,20228620,48883
ENSG00000278720,66043342,66042646,696
ENSG00000229311,42586534,42579414,7120
ENSG00000160256,44976989,44940012,36977
ENSG00000280279,76866,64099,12767
ENSG00000274628,66055006,66047084,7922
ENSG00000204816,42626813,42625436,1377
ENSG00000230245,42637139,42636788,351
ENSG00000285789,103396450,103343660,52790
ENSG00000205653,206392,203313,3079
ENSG00000216829,42668887,42667506,1381
ENSG00000285578,186899,184339,2560
ENSG00000275185,30899651,30899110,541
ENSG00000234551,103427685,103425200,2485
ENSG00000263667,205519,181466,24053
ENSG00000229146,66083187,66082350,837
ENSG00000172171,30906238,30897336,8902
ENSG00000276257,66085031,66084804,227
ENSG00000230474,103444968,103444620,348
ENSG00000253832,25009777,24992002,17775
ENSG00000276634,54778593,54762712,15881
ENSG00000152669,55233608,55231152,2456
ENSG00000262304,3636249,3585149,51100
ENSG00000273880,54720285,54716322,3963
ENSG00000197417,3636322,3608262,28060
ENSG00000274926,54714233,54699775,14458
ENSG00000176728,19077416,18772706,304710
ENSG00000279833,39136760,39133090,3670
ENSG00000269391,16531802,16530771,1031
ENSG00000226024,39120566,39120293,273
ENSG00000241838,15722608,15721486,1122
ENSG00000236666,15703403,15699361,4042
ENSG00000100307,39152680,39120167,32513
ENSG00000198062,15721631,15690026,31605
ENSG00000261916,3602272,3601761,511
ENSG00000205634,47631569,47621043,10526
ENSG00000196689,3609411,3565444,43967
ENSG00000271649,34898943,34892029,6914
ENSG00000231392,22774691,22774529,162
ENSG00000228008,49916937,49903845,13092
ENSG00000279712,47926264,47916728,9536
ENSG00000271171,34905118,34900877,4241
ENSG00000232897,47663603,47662559,1044
ENSG00000275772,22787268,22785643,1625
ENSG00000230698,49903757,49899302,4455
ENSG00000228883,31723494,31716138,7356
ENSG00000211668,22793007,22792491,516
ENSG00000224271,48023004,47630827,392177
ENSG00000274381,22803360,22803076,284
ENSG00000174156,52909698,52896639,13059
ENSG00000251307,55295201,55233934,61267
ENSG00000211669,22812281,22811747,534
ENSG00000264666,17610485,17591428,19057
ENSG00000242153,18739197,18674033,65164
ENSG00000265511,17508308,17507351,957
ENSG00000067248,55307694,55256055,51639
ENSG00000253670,25141968,25141394,574
ENSG00000239388,57292682,57268347,24335
ENSG00000277767,110917827,110916004,1823
ENSG00000277043,49360420,49358185,2235
ENSG00000133027,17591708,17505563,86145
ENSG00000217179,18872272,18872102,170
ENSG00000228193,18788080,18787750,330
ENSG00000213873,65378111,65377592,519
ENSG00000169953,18773735,18731440,42295
ENSG00000254081,65562780,65527008,35772
ENSG00000278169,54697367,54684990,12377
ENSG00000227171,30065777,30060156,5621
ENSG00000276203,66153135,66106815,46320
ENSG00000279864,9559268,9529934,29334
ENSG00000275545,54760779,54746462,14317
ENSG00000261143,77993057,77976042,17015
ENSG00000279211,9580415,9580024,391
ENSG00000286103,9679906,9634244,45662
ENSG00000230904,18811829,18811338,491
ENSG00000259792,77995289,77993405,1884
ENSG00000217896,18986398,18985175,1223
ENSG00000179981,75289950,75210755,79195
ENSG00000224151,18839313,18833002,6311
ENSG00000229381,30239418,30230427,8991
ENSG00000167202,78077724,77984036,93688
ENSG00000234058,30060223,30056599,3624
ENSG00000171136,14031042,14028148,2894
ENSG00000247151,33191598,33161657,29941
ENSG00000249501,18779427,18776279,3148
ENSG00000248573,18791051,18790709,342
ENSG00000238135,18829487,18826107,3380
ENSG00000280798,33079454,33076149,3305
ENSG00000267670,14031557,14030855,702
ENSG00000185275,18992709,18992467,242
ENSG00000276993,75387596,75387056,540
ENSG00000176102,33162371,33077188,85183
ENSG00000236429,18741986,18741843,143
ENSG00000238088,18867280,18848264,19016
ENSG00000280081,9838011,9781910,56101
ENSG00000274630,41867736,41867581,155
ENSG00000264116,75426607,75407012,19595
ENSG00000278877,8755159,8754869,290
ENSG00000282393,251571,248551,3020
ENSG00000160145,124726325,124080023,646302
ENSG00000260981,8785468,8785042,426
ENSG00000131473,41930542,41866917,63625
ENSG00000206026,75427703,75409476,18227
ENSG00000279783,9810848,9810501,347
ENSG00000281321,70771675,70677171,94504
ENSG00000227105,110939784,110936759,3025
ENSG00000280840,70711308,70701100,10208
ENSG00000243236,52957521,52939726,17795
ENSG00000281210,70700212,70697990,2222
ENSG00000198258,9830115,9827892,2223
ENSG00000280619,70771902,70770949,953
ENSG00000272751,10895882,10894943,939
ENSG00000261984,11203521,10937406,266115
ENSG00000280185,8794197,8793875,322
ENSG00000226477,22814926,22814671,255
ENSG00000262293,11097291,11097196,95
ENSG00000242156,29423193,29419155,4038
ENSG00000272718,10832016,10831074,942
ENSG00000285697,29417757,29387909,29848
ENSG00000262829,11116274,11115354,920
ENSG00000263028,11022620,11021619,1001
ENSG00000274914,54327636,54314131,13505
ENSG00000272805,10826358,10825317,1041
ENSG00000261853,11191642,11190733,909
ENSG00000262525,11062294,11061365,929
ENSG00000273431,10986912,10985913,999
ENSG00000263247,11203561,10824960,378601
ENSG00000213713,33076460,33075566,894
ENSG00000174680,29764002,29748175,15827
ENSG00000176148,33105943,33039417,66526
ENSG00000071991,66604138,66501083,103055
ENSG00000281654,195657927,195655565,2362
ENSG00000254680,12263173,12261426,1747
ENSG00000285736,149345333,149324220,21113
ENSG00000254983,12308216,12303533,4683
ENSG00000281583,195651472,195650146,1326
ENSG00000277287,3245382,3239705,5677
ENSG00000114854,52454070,52451102,2968
ENSG00000173210,149260542,149141483,119059
ENSG00000133816,12359144,12094008,265136
ENSG00000236056,29223257,29222321,936
ENSG00000173261,146105577,146084313,21264
ENSG00000156273,29630751,29194071,436680
ENSG00000150510,51284241,51222334,61907
ENSG00000225760,110990579,110965704,24875
ENSG00000275989,110971603,110945478,26125
ENSG00000239602,146138381,146137755,626
ENSG00000173597,69787961,69721167,66794
ENSG00000114270,48595267,48564073,31194
ENSG00000239317,146139008,146138771,237
ENSG00000251556,146120412,146099406,21006
ENSG00000227565,31598283,31586326,11957
ENSG00000281026,32509395,32504506,4889
ENSG00000244754,32538885,32432417,106468
ENSG00000228242,14165978,14144637,21341
ENSG00000216621,149936782,149934527,2255
ENSG00000233570,16541373,16536320,5053
ENSG00000172936,38143022,38138478,4544
ENSG00000234032,31005022,30986796,18226
ENSG00000279065,20196005,20194412,1593
ENSG00000211837,22483069,22483004,65
ENSG00000233424,42714539,42707800,6739
ENSG00000154767,14178783,14145147,33636
ENSG00000273457,10909562,10907926,1636
ENSG00000211838,22486296,22486228,68
ENSG00000263083,11079171,11076769,2402
ENSG00000225823,104815069,104814327,742
ENSG00000273144,10965352,10964425,927
ENSG00000272803,10932341,10929236,3105
ENSG00000274609,54744515,54733566,10949
ENSG00000274307,25710869,25708470,2399
ENSG00000206190,25865172,25677273,187899
ENSG00000131015,149949235,149942014,7221
ENSG00000284797,18255419,18249950,5469
ENSG00000241950,33190503,33190062,441
ENSG00000269037,34908188,34905315,2873
ENSG00000285188,18255419,18207961,47458
ENSG00000285816,65326543,65261928,64615
ENSG00000160285,46228824,46188141,40683
ENSG00000198792,38273010,38219291,53719
ENSG00000014138,65305589,65261920,43669
ENSG00000263097,11031407,11030387,1020
ENSG00000167113,128334072,128322544,11528
ENSG00000262612,11092334,11091308,1026
ENSG00000111981,149973715,149963943,9772
ENSG00000262111,11166592,11164906,1686
ENSG00000263482,46273557,46233885,39672
ENSG00000262986,11203513,11203312,201
ENSG00000204564,30653210,30647039,6171
ENSG00000263158,11049256,11048332,924
ENSG00000262531,11203301,11198038,5263
ENSG00000261936,11129718,11128789,929
ENSG00000273092,10997875,10996495,1380
ENSG00000223587,24501,23757,744
ENSG00000184908,16057308,16043736,13572
ENSG00000262435,32015,14522,17493
ENSG00000215094,149952239,149951833,406
ENSG00000248366,22487245,22487183,62
ENSG00000280136,118578,88641,29937
ENSG00000166387,7657127,7513298,143829
ENSG00000104231,81732903,81701334,31569
ENSG00000259156,20291586,20282744,8842
ENSG00000142623,17246007,17205128,40879
ENSG00000266899,33361448,33360497,951
ENSG00000164047,48225491,48223347,2144
ENSG00000253661,76683278,76491200,192078
ENSG00000187650,5910853,5904858,5995
ENSG00000251572,102462152,102461250,902
ENSG00000270141,169765060,169764520,540
ENSG00000224918,54346,53348,998
ENSG00000162493,13617957,13583465,34492
ENSG00000272010,65592472,65591850,622
ENSG00000260651,102501319,102500841,478
ENSG00000270008,32432954,32425358,7596
ENSG00000250198,8898052,8839732,58320
ENSG00000272603,28783996,28783625,371
ENSG00000267571,5913899,5911578,2321
ENSG00000139597,32428311,32400723,27588
ENSG00000271167,76407138,76404058,3080
ENSG00000105519,5915877,5911375,4502
ENSG00000268267,51564910,51563797,1113
ENSG00000148677,90921276,90912096,9180
ENSG00000270577,40115943,40115685,258
ENSG00000274330,70232426,70230224,2202
ENSG00000091656,76867285,76681219,186066
ENSG00000279269,93207583,93206990,593
ENSG00000270610,70235095,70234495,600
ENSG00000184378,169769561,169766921,2640
ENSG00000167711,1755268,1742836,12432
ENSG00000146085,49463253,49430360,32893
ENSG00000268279,14148252,14135217,13035
ENSG00000269889,169772043,169769649,2394
ENSG00000141959,44327376,44300051,27325
ENSG00000170860,14201122,14178817,22305
ENSG00000211839,22488652,22488593,59
ENSG00000274707,54764695,54755098,9597
ENSG00000284702,31987034,31972189,14845
ENSG00000211840,22489543,22489488,55
ENSG00000259149,42268586,42259731,8855
ENSG00000224771,10626807,10626021,786
ENSG00000236999,10570375,10566255,4120
ENSG00000138613,63309126,63276018,33108
ENSG00000270876,34926812,34923299,3513
ENSG00000275736,54102746,54094679,8067
ENSG00000223946,42031382,42030053,1329
ENSG00000173960,24004909,23927285,77624
ENSG00000278908,30679895,30677762,2133
ENSG00000112576,42050357,41934933,115424
ENSG00000168303,40134652,40126023,8629
ENSG00000267314,5914707,5904841,9866
ENSG00000244756,60572311,60572024,287
ENSG00000170876,14143679,14124940,18739
ENSG00000204560,30673006,30653119,19887
ENSG00000149798,65322417,65314866,7551
ENSG00000241354,60602533,60602146,387
ENSG00000079785,15631111,15591178,39933
ENSG00000258952,60642589,60639216,3373
ENSG00000140983,674174,668105,6069
ENSG00000235246,38232248,38231320,928
ENSG00000276286,39683242,39588691,94551
ENSG00000204818,42800672,42795392,5280
ENSG00000184009,81523847,81509971,13876
ENSG00000234370,30992660,30986738,5922
ENSG00000101017,46129863,46118272,11591
ENSG00000225870,111103097,111095838,7259
ENSG00000205795,10080944,10056780,24164
ENSG00000137261,24646191,24544104,102087
ENSG00000137274,3153578,3118374,35204
ENSG00000162949,30820542,30722771,97771
ENSG00000275654,28455356,28451644,3712
ENSG00000270118,28454511,28454141,370
ENSG00000104442,65634217,65602458,31759
ENSG00000277976,20971556,20967473,4083
ENSG00000134121,409417,196763,212654
ENSG00000279974,20989626,20978678,10948
ENSG00000234946,23944351,23943846,505
ENSG00000233502,10086101,10083781,2320
ENSG00000136487,63881944,63880215,1729
ENSG00000258622,42657918,42657763,155
ENSG00000228541,62464070,62463127,943
ENSG00000258850,42528888,42412573,116315
ENSG00000258505,42609577,42608868,709
ENSG00000182346,105491034,105465867,25167
ENSG00000258394,42703655,42362983,340672
ENSG00000119684,75051532,75013764,37768
ENSG00000225246,34123290,34122470,820
ENSG00000240622,124153063,124151960,1103
ENSG00000068028,50340980,50329782,11198
ENSG00000260391,124726325,124723788,2537
ENSG00000258934,42808112,42807378,734
ENSG00000278780,21043218,21027036,16182
ENSG00000233702,62507823,62507545,278
ENSG00000283709,26944418,26931206,13212
ENSG00000186889,62511894,62500218,11676
ENSG00000229800,32478841,32477274,1567
ENSG00000270866,76405091,76403998,1093
ENSG00000078674,18029944,17922840,107104
ENSG00000254300,76524356,76406654,117702
ENSG00000211670,22819756,22819010,746
ENSG00000279635,8980659,8980404,255
ENSG00000254305,76603852,76603240,612
ENSG00000118492,146815462,146598967,216495
ENSG00000253681,76579345,76576551,2794
ENSG00000278196,22823289,22822658,631
ENSG00000216753,134115736,134115235,501
ENSG00000250917,34281173,34234840,46333
ENSG00000272945,34286466,34281632,4834
ENSG00000237127,22835117,22834865,252
ENSG00000254077,22838872,22838602,270
ENSG00000270279,58756838,58754351,2487
ENSG00000214185,34215892,34213495,2397
ENSG00000265460,39250818,39238466,12352
ENSG00000253448,22850624,22850375,249
ENSG00000101444,34311802,34280268,31534
ENSG00000253234,22857038,22856762,276
ENSG00000237121,58783821,58740532,43289
ENSG00000226420,22858268,22858025,243
ENSG00000130700,62475995,62463497,12498
ENSG00000280422,51953902,51951849,2053
ENSG00000250001,9523178,9519853,3325
ENSG00000279698,9498775,9498401,374
ENSG00000248537,9422481,9363275,59206
ENSG00000232307,105505681,105459055,46626
ENSG00000112902,9546075,9035033,511042
ENSG00000169260,29005301,28994770,10531
ENSG00000224537,42823213,42817105,6108
ENSG00000035928,39366375,39287456,78919
ENSG00000267342,75900148,75897060,3088
ENSG00000204316,75905413,75898643,6770
ENSG00000236816,42894751,42852675,42076
ENSG00000230118,30746701,30746444,257
ENSG00000170165,42920095,42901238,18857
ENSG00000242571,90367179,90366697,482
ENSG00000275198,90387973,90383365,4608
ENSG00000229503,62533059,62532583,476
ENSG00000126778,60658259,60643414,14845
ENSG00000253406,149276805,149216523,60282
ENSG00000232144,62553434,62552463,971
ENSG00000228170,3153062,3138394,14668
ENSG00000157510,149343637,149271859,71778
ENSG00000230595,62561423,62561058,365
ENSG00000272050,62478594,62477870,724
ENSG00000260542,62516096,62513909,2187
ENSG00000233644,111144264,111122652,21612
ENSG00000263338,3578853,3577955,898
ENSG00000256281,115532953,115532322,631
ENSG00000227352,111144733,111144305,428
ENSG00000262248,3619913,3619256,657
ENSG00000099622,1274880,1259384,15496
ENSG00000226622,62662654,62590255,72399
ENSG00000235857,56855488,56855244,244
ENSG00000260786,42191523,42188266,3257
ENSG00000102606,111305737,111114559,191178
ENSG00000257087,115539384,115538869,515
ENSG00000225987,32257192,32251742,5450
ENSG00000236456,34246537,34245953,584
ENSG00000101440,34269344,34194569,74775
ENSG00000229549,9360599,9357797,2802
ENSG00000169750,82034204,82031678,2526
ENSG00000235905,30251176,30241686,9490
ENSG00000109861,88337761,88293592,44169
ENSG00000174403,62551526,62544343,7183
ENSG00000233737,93221630,93221486,144
ENSG00000235812,70247801,70245491,2310
ENSG00000255233,93241168,93240133,1035
ENSG00000233930,1599184,1571353,27831
ENSG00000279684,93288903,93286629,2274
ENSG00000259047,42989483,42989201,282
ENSG00000174407,62570764,62550453,20311
ENSG00000259033,70291859,70275296,16563
ENSG00000104998,14053218,14031762,21456
ENSG00000173253,1057552,1049858,7694
ENSG00000205869,1585283,1584342,941
ENSG00000180611,192917856,192796815,121041
ENSG00000262927,38073,36667,1406
ENSG00000205867,1598294,1597177,1117
ENSG00000036448,2165552,2045046,120506
ENSG00000223901,46225364,46220269,5095
ENSG00000255903,115578243,115578049,194
ENSG00000228404,46188941,46185079,3862
ENSG00000184545,1572271,1554051,18220
ENSG00000251429,158278676,158270378,8298
ENSG00000224744,31170357,31166192,4165
ENSG00000237738,5680461,5662432,18029
ENSG00000169609,83011641,82988441,23200
ENSG00000011275,5781739,5620047,161692
ENSG00000223868,31194361,31192602,1759
ENSG00000220890,31196403,31190191,6212
ENSG00000255689,115600339,115582297,18042
ENSG00000255599,115629743,115628065,1678
ENSG00000274209,46330207,46286345,43862
ENSG00000188656,9380871,9378122,2749
ENSG00000213183,96649069,96648489,580
ENSG00000286120,9377121,9375129,1992
ENSG00000260254,115646962,115638563,8399
ENSG00000266495,23260354,23257164,3190
ENSG00000228383,9375681,9367803,7878
ENSG00000219139,96654142,96653274,868
ENSG00000246100,115760627,115754248,6379
ENSG00000217331,96672969,96672129,840
ENSG00000077458,95790409,95768953,21456
ENSG00000282326,142463025,142462583,442
ENSG00000134490,23437961,23197144,240817
ENSG00000216518,96751728,96750824,904
ENSG00000248647,149276776,149163955,112821
ENSG00000264971,49470223,49469803,420
ENSG00000065268,998438,984271,14167
ENSG00000224384,96795821,96785137,10684
ENSG00000112218,96837477,96794125,43352
ENSG00000235259,30165183,30155693,9490
ENSG00000279321,9914846,9913117,1729
ENSG00000256717,115843146,115659658,183488
ENSG00000188878,75941140,75909574,31566
ENSG00000088854,3407625,3249305,158320
ENSG00000279818,115734742,115731942,2800
ENSG00000273719,146639261,146638844,417
ENSG00000228283,146803824,146802359,1465
ENSG00000225519,91006390,90994620,11770
ENSG00000280372,10029855,10028361,1494
ENSG00000273124,90997713,90997480,233
ENSG00000279602,43361361,43360041,1320
ENSG00000270533,10119309,9975017,144292
ENSG00000279771,115661417,115659168,2249
ENSG00000224851,91062164,91033157,29007
ENSG00000123545,96897891,96889315,8576
ENSG00000220585,91055047,91053051,1996
ENSG00000218186,24599790,24598012,1778
ENSG00000251370,9518086,9511333,6753
ENSG00000187867,14059159,14053365,5794
ENSG00000101278,839977,839447,530
ENSG00000250619,9045940,9001774,44166
ENSG00000203808,105169945,105136308,33637
ENSG00000125898,857463,833715,23748
ENSG00000100625,60724351,60709539,14812
ENSG00000138688,122362758,122152333,210425
ENSG00000136813,111484745,111360692,124053
ENSG00000258424,90405235,90402523,2712
ENSG00000279851,10129029,10122273,6756
ENSG00000188825,43389199,43369845,19354
ENSG00000198668,90408268,90396502,11766
ENSG00000228887,14071237,14070342,895
ENSG00000113492,35048135,34998101,50034
ENSG00000103942,82986153,82836946,149207
ENSG00000216360,5818366,5817421,945
ENSG00000132429,105180014,105157900,22114
ENSG00000220446,5291388,5291030,358
ENSG00000253309,51364735,51335773,28962
ENSG00000270174,5695272,5664985,30287
ENSG00000217239,5788699,5788346,353
ENSG00000158122,96655317,96639577,15740
ENSG00000145982,5829192,5261044,568148
ENSG00000232022,46482493,46432129,50364
ENSG00000274099,23182049,23179869,2180
ENSG00000278206,143507327,143484979,22348
ENSG00000235115,28107877,28107431,446
ENSG00000268460,46214837,46203426,11411
ENSG00000261485,28138193,28136843,1350
ENSG00000034693,143490616,143450805,39811
ENSG00000234043,91153349,91152605,744
ENSG00000130312,17306843,17292609,14234
ENSG00000259273,89937005,89936492,513
ENSG00000278369,54753070,54738530,14540
ENSG00000261798,39790171,39788976,1195
ENSG00000112276,105137157,105096822,40335
ENSG00000224863,46451281,46446673,4608
ENSG00000180628,91284337,91163012,121325
ENSG00000153879,33382686,33373685,9001
ENSG00000270969,107586903,107585901,1002
ENSG00000145384,119322390,119317250,5140
ENSG00000224892,51461315,51454164,7151
ENSG00000127220,17310236,17292131,18105
ENSG00000229906,51496251,51496020,231
ENSG00000226632,3362324,3361880,444
ENSG00000102786,51454264,51354077,100187
ENSG00000259533,63886411,63885810,601
ENSG00000268034,41506898,41506152,746
ENSG00000279062,10137004,10136419,585
ENSG00000092200,21351301,21287939,63362
ENSG00000277693,10342737,10328411,14326
ENSG00000269800,41521989,41521043,946
ENSG00000275945,10331537,10330732,805
ENSG00000268355,41532174,41531206,968
ENSG00000265496,49491878,49487339,4539
ENSG00000260945,17540985,17540331,654
ENSG00000215472,49492479,49481681,10798
ENSG00000284695,69847786,69810780,37006
ENSG00000270164,41536904,41535183,1721
ENSG00000261555,17826906,17825252,1654
ENSG00000141854,14075062,14072536,2526
ENSG00000277110,142473148,142472647,501
ENSG00000236959,69813888,69791872,22016
ENSG00000223803,186900557,186900198,359
ENSG00000258406,43275697,43274824,873
ENSG00000278541,23193696,23193491,205
ENSG00000250412,119378233,119334329,43904
ENSG00000272182,58428815,58428255,560
ENSG00000282818,105898758,105898728,30
ENSG00000109193,69860145,69841212,18933
ENSG00000168291,58433857,58427630,6227
ENSG00000187979,18205915,18178038,27877
ENSG00000263219,4223828,4222091,1737
ENSG00000260933,18170959,18170356,603
ENSG00000263165,4164713,4163910,803
ENSG00000260242,18173063,18002806,170257
ENSG00000275592,10358620,10357400,1220
ENSG00000228071,17933275,17932720,555
ENSG00000259929,18151595,17933189,218406
ENSG00000229036,143506406,143490424,15982
ENSG00000278552,23226391,23225876,515
ENSG00000185722,4263995,4163821,100174
ENSG00000229213,39795996,39795843,153
ENSG00000282756,142477334,142476873,461
ENSG00000130311,17323298,17309518,13780
ENSG00000085274,169789716,169772831,16885
ENSG00000280283,17962370,17961597,773
ENSG00000277596,54736462,54727609,8853
ENSG00000233565,186922753,186922286,467
ENSG00000145016,197749727,197668867,80860
ENSG00000230860,45568807,45567990,817
ENSG00000166037,95832693,95789965,42728
ENSG00000158901,45579326,45551153,28173
ENSG00000001036,143511690,143494811,16879
ENSG00000138801,107720234,107590276,129958
ENSG00000248126,1598247,1598127,120
ENSG00000271119,1611467,1594626,16841
ENSG00000188779,67834555,67819704,14851
ENSG00000188002,1634005,1598920,35085
ENSG00000107890,27100498,26991914,108584
ENSG00000263916,49486149,49484536,1613
ENSG00000259767,83024336,83022236,2100
ENSG00000218574,5610195,5609227,968
ENSG00000064726,83067354,83016422,50932
ENSG00000269985,5458075,5451683,6392
ENSG00000265681,49492523,49488453,4070
ENSG00000269815,17296695,17296196,499
ENSG00000275438,849065,848525,540
ENSG00000074855,17334855,17323223,11632
ENSG00000164048,48299253,48241100,58153
ENSG00000249244,119395335,119391831,3504
ENSG00000090402,165078496,164978898,99598
ENSG00000259011,25877211,25865295,11916
ENSG00000281358,50338300,50337511,789
ENSG00000120533,109345954,109334324,11630
ENSG00000136488,63896661,63894909,1752
ENSG00000205111,39229588,39175646,53942
ENSG00000258965,25928575,25928146,429
ENSG00000258931,26052276,26050538,1738
ENSG00000206187,26053120,25902360,150760
ENSG00000232615,1616334,1614836,1498
ENSG00000282736,105901425,105901409,16
ENSG00000181856,7288257,7281667,6590
ENSG00000259414,23293667,23289303,4364
ENSG00000141934,291403,281040,10363
ENSG00000282466,142485283,142484618,665
ENSG00000259410,67873866,67832725,41141
ENSG00000277688,37613841,37609739,4102
ENSG00000282042,105901933,105901913,20
ENSG00000245719,67838879,67834310,4569
ENSG00000274471,23314566,23309607,4959
ENSG00000278053,37643446,37609739,33707
ENSG00000276160,18345899,18340145,5754
ENSG00000272762,51974031,51961212,12819
ENSG00000275289,54713453,54707916,5537
ENSG00000229759,48256938,48256350,588
ENSG00000228638,48291375,48290793,582
ENSG00000090097,51974016,51957454,16562
ENSG00000172113,48301685,48290722,10963
ENSG00000267426,75930129,75898645,31484
ENSG00000282102,105903442,105903420,22
ENSG00000213889,45502510,45488777,13733
ENSG00000282459,142491732,142491254,478
ENSG00000229202,30555943,30549106,6837
ENSG00000184060,30959322,30906344,52978
ENSG00000279370,131261607,131261321,286
ENSG00000281940,105904402,105904387,15
ENSG00000158985,131398447,131245493,152954
ENSG00000269984,169780334,169777192,3142
ENSG00000282709,142496285,142495814,471
ENSG00000282373,105905298,105905268,30
ENSG00000259051,43300595,43300263,332
ENSG00000226094,62573384,62572671,713
ENSG00000133101,36442870,36431520,11350
ENSG00000259333,63900879,63900643,236
ENSG00000285886,72957106,72954797,2309
ENSG00000277940,54704235,54703952,283
ENSG00000225116,3465444,3465177,267
ENSG00000264490,62577507,62575590,1917
ENSG00000232111,9404802,9402751,2051
ENSG00000242244,138889957,138889255,702
ENSG00000244578,138944020,138935189,8831
ENSG00000273756,23334127,23326256,7871
ENSG00000273812,62603355,62596732,6623
ENSG00000284719,39809450,39799422,10028
ENSG00000284678,39817460,39801414,16046
ENSG00000229398,41383107,41382383,724
ENSG00000283050,119454638,119405523,49115
ENSG00000285984,30897387,30887626,9761
ENSG00000228904,31268544,31265372,3172
ENSG00000229848,81527776,81514047,13729
ENSG00000225571,31298654,31297920,734
ENSG00000224318,197341,195758,1583
ENSG00000122068,197787596,197737179,50417
ENSG00000223927,31271306,31270107,1199
ENSG00000282577,142504735,142504264,471
ENSG00000155428,72969466,72959485,9981
ENSG00000225954,31279034,31277583,1451
ENSG00000273881,54700905,54700593,312
ENSG00000206450,31347305,31259328,87977
ENSG00000281939,105905482,105905452,30
ENSG00000260351,83090782,83022571,68211
ENSG00000184100,160102793,160100850,1943
ENSG00000242107,160031423,160016024,15399
ENSG00000169612,82991057,82986210,4847
ENSG00000282132,105908012,105907982,30
ENSG00000282470,142510011,142509537,474
ENSG00000168811,159996019,159988835,7184
ENSG00000260091,119410233,119409333,900
ENSG00000165338,91514829,91409280,105549
ENSG00000278994,18201956,18201501,455
ENSG00000164695,81759515,81732448,27067
ENSG00000231660,309322,308714,608
ENSG00000234661,385795,363370,22425
ENSG00000276484,18316984,18313294,3690
ENSG00000282306,9405731,9404954,777
ENSG00000260670,72324027,72321051,2976
ENSG00000259308,83044771,83044368,403
ENSG00000226882,30549394,30533598,15796
ENSG00000268320,139067,137526,1541
ENSG00000259805,83103443,82925884,177559
ENSG00000180205,45631268,45607939,23329
ENSG00000260608,83061845,83012661,49184
ENSG00000121775,32102866,32072031,30835
ENSG00000273747,83020802,83020115,687
ENSG00000266774,75436957,75432703,4254
ENSG00000267799,28792871,28790812,2059
ENSG00000264054,67137751,67137611,140
ENSG00000278850,54866326,54849551,16775
ENSG00000261194,75712385,75696079,16306
ENSG00000265936,67375305,67375133,172
ENSG00000237043,29027592,29026665,927
ENSG00000266460,75868252,75844925,23327
ENSG00000260578,67484966,67481791,3175
ENSG00000180305,45631196,45629739,1457
ENSG00000272793,28838998,28837861,1137
ENSG00000232121,62635504,62633681,1823
ENSG00000272613,28862038,28861407,631
ENSG00000285947,63931385,63917203,14182
ENSG00000229882,62635862,62633772,2090
ENSG00000272857,28863341,28859616,3725
ENSG00000282501,9406778,9406025,753
ENSG00000204414,63918838,63909597,9241
ENSG00000167130,129090438,129081111,9327
ENSG00000258654,20359166,20344736,14430
ENSG00000282358,9407708,9406952,756
ENSG00000170899,52995304,52977948,17356
ENSG00000263424,67514030,67506589,7441
ENSG00000264104,67791035,67788268,2767
ENSG00000225255,15778297,15746630,31667
ENSG00000265472,67708246,67707929,317
ENSG00000007129,41586844,41549518,37326
ENSG00000171451,67516720,67506587,10133
ENSG00000278718,143563062,143553207,9855
ENSG00000235992,15750825,15749156,1669
ENSG00000228227,30178125,30176301,1824
ENSG00000236614,28889897,28888823,1074
ENSG00000005007,18868236,18831938,36298
ENSG00000137313,30202936,30173958,28978
ENSG00000282658,78506410,78505165,1245
ENSG00000006047,7294639,7288263,6376
ENSG00000214940,18336736,18317942,18794
ENSG00000264040,67603022,67602692,330
ENSG00000121742,20232365,20221962,10403
ENSG00000265555,67814822,67808505,6317
ENSG00000211841,22490553,22490491,62
ENSG00000263594,67676078,67672221,3857
ENSG00000148735,113783429,113751262,32167
ENSG00000272636,181650,142789,38861
ENSG00000265240,67831967,67830671,1296
ENSG00000211842,22492907,22492851,56
ENSG00000265533,67899619,67516546,383073
ENSG00000211843,22493465,22493403,62
ENSG00000211844,22493990,22493925,65
ENSG00000274244,37650894,37649133,1761
ENSG00000205746,18352476,18334400,18076
ENSG00000277501,37684252,37642947,41305
ENSG00000211845,22494883,22494821,62
ENSG00000125744,45497055,45485294,11761
ENSG00000244040,160225299,159909382,315917
ENSG00000260152,75114868,75114261,607
ENSG00000234411,28897313,28896521,792
ENSG00000167740,4187310,4143168,44142
ENSG00000138621,75117462,75023586,93876
ENSG00000285628,18344283,18318008,26275
ENSG00000282668,9408638,9407861,777
ENSG00000282765,78979074,78976555,2519
ENSG00000282299,9409571,9408818,753
ENSG00000282697,9410501,9409748,753
ENSG00000271385,91464708,91464578,130
ENSG00000134508,23260467,23134564,125903
ENSG00000282222,9411545,9410789,756
ENSG00000130772,28335965,28329002,6963
ENSG00000236229,193157208,193155456,1752
ENSG00000269637,46219920,46219423,497
ENSG00000232130,193176864,193144464,32400
ENSG00000232775,15820884,15805263,15621
ENSG00000259384,63918839,63917200,1639
ENSG00000269745,46230388,46228964,1424
ENSG00000271672,15827187,15826566,621
ENSG00000268027,41555462,41545192,10270
ENSG00000188293,46231243,46229742,1501
ENSG00000272872,15823890,15823197,693
ENSG00000101361,2658393,2652593,5800
ENSG00000263342,7284071,7282947,1124
ENSG00000159079,32612603,32592079,20524
ENSG00000206195,15829984,15784959,45025
ENSG00000254066,165241752,165220577,21175
ENSG00000274811,1345099,1318299,26800
ENSG00000258619,32243093,32241524,1569
ENSG00000280014,41552274,41551568,706
ENSG00000259086,32272301,32271857,444
ENSG00000197587,46514226,46506996,7230
ENSG00000271127,15798346,15796959,1387
ENSG00000273172,191587,183824,7763
ENSG00000134962,39451533,39406930,44603
ENSG00000235132,29460899,29453753,7146
ENSG00000077943,15719922,15513954,205968
ENSG00000087995,62450822,62423867,26955
ENSG00000105472,50725718,50723364,2354
ENSG00000258644,70417074,70326064,91010
ENSG00000254017,5114804,5113549,1255
ENSG00000275827,75928004,75927836,168
ENSG00000182347,5086112,5084999,1113
ENSG00000264108,76015861,76008118,7743
ENSG00000228166,5095014,5094139,875
ENSG00000228097,5100229,5099560,669
ENSG00000263547,76145255,76122998,22257
ENSG00000277015,79002677,78980275,22402
ENSG00000227730,5091604,5091093,511
ENSG00000236254,5109290,5107937,1353
ENSG00000237802,9396027,9388122,7905
ENSG00000096968,5128183,4984390,143793
ENSG00000286173,9397467,9395475,1992
ENSG00000142949,43623666,43525187,98479
ENSG00000282495,105910694,105910678,16
ENSG00000260399,23341848,23337985,3863
ENSG00000112964,42721878,42423439,298439
ENSG00000239736,41605984,41599735,6249
ENSG00000282704,142514385,142513848,537
ENSG00000269266,41605671,41605341,330
ENSG00000166483,9593457,9573670,19787
ENSG00000203325,32073474,32052291,21183
ENSG00000187905,21064168,21045960,18208
ENSG00000121774,32060850,32013868,46982
ENSG00000277748,46250163,46249394,769
ENSG00000274044,18391105,18361823,29282
ENSG00000126777,55701526,55559072,142454
ENSG00000101280,916334,869900,46434
ENSG00000285519,54801540,54768492,33048
ENSG00000231334,54748404,54747103,1301
ENSG00000250508,68874542,68870664,3878
ENSG00000214595,54972025,54723499,248526
ENSG00000269565,50759192,50758382,810
ENSG00000236778,51552364,51452367,99997
ENSG00000224836,1152140,1151807,333
ENSG00000258485,60920155,60919240,915
ENSG00000230113,30956961,30956280,681
ENSG00000258656,60972466,60972272,194
ENSG00000258445,60780595,60779978,617
ENSG00000278106,10397778,10397644,134
ENSG00000224848,96721121,96687056,34065
ENSG00000020426,60969965,60734742,235223
ENSG00000213463,70417090,70366499,50591
ENSG00000233820,96727469,96725890,1579
ENSG00000007312,63932354,63928740,3614
ENSG00000276529,44979274,44978832,442
ENSG00000234880,44994086,44989864,4222
ENSG00000160867,177098144,177086905,11239
ENSG00000262362,3005101,3003431,1670
ENSG00000188032,14085875,14081619,4256
ENSG00000253693,165778689,165349030,429659
ENSG00000272079,3007388,3006120,1268
ENSG00000268238,46260858,46260420,438
ENSG00000276874,18375689,18374106,1583
ENSG00000253512,165783134,165782805,329
ENSG00000234703,35139222,35136638,2584
ENSG00000124523,13615158,13574529,40629
ENSG00000253946,165905608,165905126,482
ENSG00000133983,70359700,70325081,34619
ENSG00000282010,105911198,105911181,17
ENSG00000229761,35725100,35724747,353
ENSG00000213937,3014505,3012923,1582
ENSG00000223671,35472432,35472095,337
ENSG00000185519,16073651,16057769,15882
ENSG00000262795,33488905,33410836,78069
ENSG00000234008,35887807,35887195,612
ENSG00000230794,35732942,35713139,19803
ENSG00000109047,9905621,9896320,9301
ENSG00000286153,34884882,34836286,48596
ENSG00000159216,36004667,34787801,1216866
ENSG00000140545,88913381,88898683,14698
ENSG00000105497,51592510,51571283,21227
ENSG00000189001,35528351,35523367,4984
ENSG00000253352,30979395,30969245,10150
ENSG00000197724,93679587,93576584,103003
ENSG00000273900,42921670,42921443,227
ENSG00000241130,50798951,50798670,281
ENSG00000275144,42924144,42923277,867
ENSG00000261026,22684009,22679013,4996
ENSG00000107147,135795508,135702185,93323
ENSG00000273674,50908599,50839875,68724
ENSG00000267185,42534009,42533532,477
ENSG00000258828,43541826,43540883,943
ENSG00000172724,34691276,34689570,1706
ENSG00000230914,2388652,2383698,4954
ENSG00000203446,40546928,40538127,8801
ENSG00000248711,40154151,40151613,2538
ENSG00000259150,26133037,26115813,17224
ENSG00000266743,76177738,76173304,4434
ENSG00000227658,40785217,40775558,9659
ENSG00000264260,76215702,76209510,6192
ENSG00000175600,40860763,40134977,725786
ENSG00000264595,76233387,76227990,5397
ENSG00000266014,76251388,76247725,3663
ENSG00000184697,3020071,3014712,5359
ENSG00000120708,136063818,136028988,34830
ENSG00000265717,76255214,76254292,922
ENSG00000278051,54790252,54786397,3855
ENSG00000264212,76258337,76256891,1446
ENSG00000274912,54767305,54754924,12381
ENSG00000266614,76260114,76259166,948
ENSG00000205639,24063321,24010081,53240
ENSG00000235160,26446774,26395072,51702
ENSG00000276395,54847510,54832694,14816
ENSG00000110675,107666779,107591091,75688
ENSG00000242612,412487,401858,10629
ENSG00000266962,42554748,42552436,2312
ENSG00000242220,32587373,32573721,13652
ENSG00000273775,54830745,54816442,14303
ENSG00000137077,34710136,34709005,1131
ENSG00000108786,42555213,42549214,5999
ENSG00000263982,76378275,76372717,5558
ENSG00000261832,28492098,28456371,35727
ENSG00000265778,76493918,76491652,2266
ENSG00000006327,3022383,3018445,3938
ENSG00000132386,1777565,1762029,15536
ENSG00000101493,76495242,76357682,137560
ENSG00000126814,60981358,60971451,9907
ENSG00000183770,138947137,138944224,2913
ENSG00000269987,30978848,30976515,2333
ENSG00000269972,30977858,30977516,342
ENSG00000206262,138953990,138947217,6773
ENSG00000184084,73803599,73803296,303
ENSG00000255394,11763223,11761256,1967
ENSG00000205108,34729467,34723055,6412
ENSG00000234534,5041940,5040945,995
ENSG00000163602,72446621,72371825,74796
ENSG00000273840,10605716,10482738,122978
ENSG00000214944,73941993,73626158,315835
ENSG00000224083,5098193,5096666,1527
ENSG00000277496,62650767,62648961,1806
ENSG00000235917,5099325,5098341,984
ENSG00000139974,61083733,60981114,102619
ENSG00000119782,24063681,24049701,13980
ENSG00000261071,13615155,13614111,1044
ENSG00000092345,16670306,16586792,83514
ENSG00000167046,62643304,62640719,2585
ENSG00000236567,5112849,5110913,1936
ENSG00000236594,1164867,1164414,453
ENSG00000156959,9553822,9498361,55461
ENSG00000237711,5101009,5100236,773
ENSG00000276317,62652186,62651272,914
ENSG00000257198,34838586,34832295,6291
ENSG00000232803,62666724,62663019,3705
ENSG00000280205,76389406,76385642,3764
ENSG00000120210,5185647,5123880,61767
ENSG00000283293,52995948,52995621,327
ENSG00000278678,10576587,10576292,295
ENSG00000266929,42562062,42536510,25552
ENSG00000274391,10606140,10521553,84587
ENSG00000152520,28295335,28138506,156829
ENSG00000068120,42566277,42561467,4810
ENSG00000267617,28879170,28869796,9374
ENSG00000203623,31650997,31648523,2474
ENSG00000101187,62685785,62642503,43282
ENSG00000265590,32612281,32578822,33459
ENSG00000230225,5110762,5109496,1266
ENSG00000111845,10709782,10694972,14810
ENSG00000206525,29045225,29044198,1027
ENSG00000263160,33489568,33432485,57083
ENSG00000224835,31650946,31648554,2392
ENSG00000186842,32575881,32572238,3643
ENSG00000223383,36490441,36490078,363
ENSG00000260773,66331703,66314914,16789
ENSG00000271163,2394131,2393847,284
ENSG00000261318,66293357,66278498,14859
ENSG00000180440,36697839,36674020,23819
ENSG00000164074,128039927,127965306,74621
ENSG00000166938,66333898,66293217,40681
ENSG00000136213,2448484,2403588,44896
ENSG00000072954,16690023,16661139,28884
ENSG00000259595,44427144,44402685,24459
ENSG00000111802,24666930,24649979,16951
ENSG00000233232,28471175,28456372,14803
ENSG00000231300,35600022,35599732,290
ENSG00000235338,9602728,9600748,1980
ENSG00000250130,44355692,44354691,1001
ENSG00000254277,71702786,71675300,27486
ENSG00000267808,51600470,51599289,1181
ENSG00000254758,107643871,107642887,984
ENSG00000278137,54269662,54268619,1043
ENSG00000259499,44390451,44387320,3131
ENSG00000269388,51606150,51594561,11589
ENSG00000255483,107600868,107600379,489
ENSG00000253287,71792875,71779605,13270
ENSG00000112146,53100873,53051991,48882
ENSG00000166734,44415758,44288719,127039
ENSG00000275572,2476894,2474844,2050
ENSG00000184730,28498970,28494643,4327
ENSG00000013306,44324870,44319625,5245
ENSG00000163026,24049575,24029347,20228
ENSG00000262040,41419100,41413837,5263
ENSG00000267084,76595772,76595584,188
ENSG00000262603,41432374,41409741,22633
ENSG00000139496,25349800,25301556,48244
ENSG00000263022,41431848,41428078,3770
ENSG00000228657,102573225,102572757,468
ENSG00000107882,102633535,102503987,129548
ENSG00000232587,28215897,28214513,1384
ENSG00000276807,73731711,73730048,1663
ENSG00000249680,21070097,21065462,4635
ENSG00000227228,29466379,29461167,5212
ENSG00000254864,7572046,7568866,3180
ENSG00000105501,51645545,51611927,33618
ENSG00000233575,1328987,1328664,323
ENSG00000213558,107458306,107458038,268
ENSG00000260469,73770613,73752317,18296
ENSG00000284665,21081018,21071082,9936
ENSG00000224444,29472642,29471596,1046
ENSG00000224092,1978547,1977784,763
ENSG00000258387,43592262,43592142,120
ENSG00000205363,73752747,73735431,17316
ENSG00000254415,51646801,51642553,4248
ENSG00000233141,29484473,29483337,1136
ENSG00000267318,59973101,59940908,32193
ENSG00000258894,43596683,43595136,1547
ENSG00000108443,59950574,59893046,57528
ENSG00000169668,21122285,21103016,19269
ENSG00000104388,60623644,60516936,106708
ENSG00000259137,44120761,44120210,551
ENSG00000259148,44291718,44290997,721
ENSG00000260799,42802405,42800968,1437
ENSG00000258969,44384545,43995781,388764
ENSG00000188603,28495575,28474111,21464
ENSG00000259019,44077884,44077534,350
ENSG00000128881,42920809,42738730,182079
ENSG00000197210,21124451,21114607,9844
ENSG00000268500,51646889,51612091,34798
ENSG00000164073,127966034,127917732,48302
ENSG00000114786,51989183,51974706,14477
ENSG00000232302,29486247,29485842,405
ENSG00000267665,77536592,77526998,9594
ENSG00000231641,30291774,30262891,28883
ENSG00000257067,115942995,115932774,10221
ENSG00000233064,5870220,5851506,18714
ENSG00000244259,115950801,115950196,605
ENSG00000241818,32673065,32656084,16981
ENSG00000259126,44393716,44392531,1185
ENSG00000258487,44480618,44444747,35871
ENSG00000177576,49487252,49477250,10002
ENSG00000166922,32697098,32641676,55422
ENSG00000105556,344815,301444,43371
ENSG00000108785,42548706,42546764,1942
ENSG00000099991,24178628,24011192,167436
ENSG00000108784,42544449,42536241,8208
ENSG00000267466,77568695,77563368,5327
ENSG00000236297,193593090,193578812,14278
ENSG00000267506,77563243,77546940,16303
ENSG00000127249,193593111,193398967,194144
ENSG00000254996,140549569,140401908,147661
ENSG00000244071,51621701,51621136,565
ENSG00000273520,73029766,73020338,9428
ENSG00000273837,51639931,51639478,453
ENSG00000225211,31669285,31665195,4090
ENSG00000205584,72971727,72969814,1913
ENSG00000234495,28923981,28902993,20988
ENSG00000174353,73005922,72969696,36226
ENSG00000189139,44507279,44504342,2937
ENSG00000258747,44538513,44507407,31106
ENSG00000227895,35002862,34997719,5143
ENSG00000196224,1608463,1607565,898
ENSG00000258998,44782829,44763157,19672
ENSG00000211846,22495966,22495913,53
ENSG00000103202,410367,396725,13642
ENSG00000279572,77572516,77571418,1098
ENSG00000248873,42468868,42465400,3468
ENSG00000241598,1622138,1620958,1180
ENSG00000211847,22496952,22496887,65
ENSG00000250860,42468300,42466893,1407
ENSG00000259000,44866247,44860316,5931
ENSG00000285535,77680687,77590532,90155
ENSG00000270513,42729519,42729138,381
ENSG00000070526,76643786,76624761,19025
ENSG00000224618,30626797,30626423,374
ENSG00000258509,44887741,44887434,307
ENSG00000258633,44897077,44876874,20203
ENSG00000163513,30694142,30606502,87640
ENSG00000259046,44889041,44888556,485
ENSG00000276310,54784069,54769748,14321
ENSG00000267790,77728559,77722872,5687
ENSG00000185940,1630707,1629775,932
ENSG00000204283,77884087,77879027,5060
ENSG00000267124,306467,305573,894
ENSG00000232682,60060743,60050668,10075
ENSG00000068971,64934475,64917553,16922
ENSG00000231487,1663343,1662584,759
ENSG00000282121,60140877,60139912,965
ENSG00000062524,41513887,41503637,10250
ENSG00000135334,87702233,87674860,27373
ENSG00000122872,60685209,60684505,704
ENSG00000205866,1667856,1665597,2259
ENSG00000179476,44907257,44897275,9982
ENSG00000151150,60733490,60026298,707192
ENSG00000112144,53061802,53001279,60523
ENSG00000235875,111115678,111113812,1866
ENSG00000187791,34895764,34889066,6698
ENSG00000285856,111153171,111148196,4975
ENSG00000274614,111182692,111182111,581
ENSG00000246283,42743202,42739118,4084
ENSG00000258949,44911863,44898908,12955
ENSG00000234087,34347785,34347671,114
ENSG00000275246,1710438,1702790,7648
ENSG00000255321,60553036,60551957,1079
ENSG00000156482,98046469,98024851,21618
ENSG00000178723,34918296,34917175,1121
ENSG00000215199,34922921,34922184,737
ENSG00000284858,25277476,25276945,531
ENSG00000168661,34945170,34926903,18267
ENSG00000270096,169796213,169794962,1251
ENSG00000147459,25418082,25184689,233393
ENSG00000270135,169793966,169793495,471
ENSG00000234574,30267045,30265236,1809
ENSG00000224039,16694202,16692745,1457
ENSG00000136826,107490482,107484852,5630
ENSG00000229271,16697479,16687986,9493
ENSG00000171757,169812986,169793428,19558
ENSG00000277362,54814482,54803533,10949
ENSG00000254793,42940358,42939310,1048
ENSG00000031691,49493107,49463370,29737
ENSG00000229018,73021103,73005541,15562
ENSG00000235915,31655895,31653110,2785
ENSG00000112493,33235989,33221298,14691
ENSG00000239600,115951491,115951105,386
ENSG00000236437,116500630,116496899,3731
ENSG00000278945,116610094,116609995,99
ENSG00000237937,116658252,116639422,18830
ENSG00000149735,64935893,64934471,1422
ENSG00000243056,140549576,140547662,1914
ENSG00000231408,31613772,31611502,2270
ENSG00000258678,90455117,90452063,3054
ENSG00000264634,67956426,67940949,15477
ENSG00000264869,68114377,68102116,12261
ENSG00000266102,10378114,10375103,3011
ENSG00000234514,31665209,31662426,2783
ENSG00000262845,40987262,40977843,9419
ENSG00000264699,68264827,68258339,6488
ENSG00000269419,16712434,16712317,117
ENSG00000232652,29507127,29494080,13047
ENSG00000260624,73873366,73870950,2416
ENSG00000131503,140539856,140401814,138042
ENSG00000282266,79091276,79072883,18393
ENSG00000230674,29530150,29526002,4148
ENSG00000260747,68278243,68277802,441
ENSG00000265425,68436918,68427030,9888
ENSG00000263355,68456877,68455951,926
ENSG00000142619,17284233,17249098,35135
ENSG00000264697,68528123,68527970,153
ENSG00000239511,21128063,21125660,2403
ENSG00000224688,21142371,21141624,747
ENSG00000203972,49528078,49499923,28155
ENSG00000282460,79090033,79088732,1301
ENSG00000237698,29535369,29534286,1083
ENSG00000218839,37269,34394,2875
ENSG00000229467,29550766,29549819,947
ENSG00000223875,15893942,15852990,40952
ENSG00000279276,23963351,23962951,400
ENSG00000279202,24099971,24098239,1732
ENSG00000279554,24208478,24208105,373
ENSG00000215270,15855243,15854195,1048
ENSG00000243964,9606609,9606142,467
ENSG00000255463,9631359,9631008,351
ENSG00000166501,24220611,23835946,384665
ENSG00000132561,98036724,97868840,167884
ENSG00000275763,76498088,76495521,2567
ENSG00000227406,39377066,39373763,3303
ENSG00000243806,94826694,94825961,733
ENSG00000239470,9660920,9660438,482
ENSG00000283402,18849707,18849258,449
ENSG00000171509,158653372,158315311,338061
ENSG00000133302,94739436,94618669,120767
ENSG00000244018,18774918,18774547,371
ENSG00000270255,19001950,19001627,323
ENSG00000167139,73889214,73873564,15650
ENSG00000263101,40994260,40993557,703
ENSG00000231990,93858333,93857083,1250
ENSG00000227518,30891,27657,3234
ENSG00000266256,76638913,76528655,110258
ENSG00000156011,19084730,18527303,557427
ENSG00000263296,41000021,40999320,701
ENSG00000261706,44995185,44994362,823
ENSG00000258892,60982585,60879714,102871
ENSG00000183963,31104757,31064105,40652
ENSG00000112679,351355,291630,59725
ENSG00000268654,56848556,56840866,7690
ENSG00000181404,73865,14475,59390
ENSG00000206485,30677416,30665910,11506
ENSG00000211848,22497718,22497657,61
ENSG00000251322,50733298,50674415,58883
ENSG00000219298,149979105,149977471,1634
ENSG00000231120,149978416,149977922,494
ENSG00000225473,193555088,193553213,1875
ENSG00000266312,76639011,76623006,16005
ENSG00000211849,22499749,22499689,60
ENSG00000211850,22501663,22501601,62
ENSG00000286090,76617645,76615160,2485
ENSG00000282098,142522251,142521745,506
ENSG00000127252,193277738,193241125,36613
ENSG00000211851,22502292,22502231,61
ENSG00000282769,105913047,105913028,19
ENSG00000266992,60002384,59976009,26375
ENSG00000188162,17647150,17547373,99777
ENSG00000282227,105914008,105913993,15
ENSG00000218358,150005157,149998019,7138
ENSG00000282134,142529526,142529032,494
ENSG00000236875,13783,12134,1649
ENSG00000282754,105915160,105915130,30
ENSG00000277631,88826,72674,16152
ENSG00000278661,22503814,22503750,64
ENSG00000189050,59964761,59952240,12521
ENSG00000124177,41618384,41402083,216301
ENSG00000276699,22505167,22505110,57
ENSG00000106003,2529177,2512529,16648
ENSG00000137267,3157544,3153666,3878
ENSG00000227009,39155945,39155525,420
ENSG00000211854,22506702,22506644,58
ENSG00000223853,29574636,29573709,927
ENSG00000236508,193314362,193307244,7118
ENSG00000231190,29582827,29582310,517
ENSG00000211855,22507723,22507666,57
ENSG00000187527,193378843,193274790,104053
ENSG00000224293,29577549,29577260,289
ENSG00000206468,29559736,29555423,4313
ENSG00000155918,150025532,150018334,7198
ENSG00000226404,31666220,31658863,7357
ENSG00000206467,29588840,29587257,1583
ENSG00000275874,45004727,44999208,5519
ENSG00000284986,73374,52452,20922
ENSG00000248487,51981199,51971426,9773
ENSG00000206466,29632960,29555423,77537
ENSG00000282179,142533843,142533342,501
ENSG00000111843,10731129,10722915,8214
ENSG00000282578,105917627,105917597,30
ENSG00000228927,9401223,9398421,2802
ENSG00000211856,22508658,22508602,56
ENSG00000211857,22509406,22509341,65
ENSG00000267289,9835013,9834079,934
ENSG00000235944,5854365,5823160,31205
ENSG00000249545,94980893,94979151,1742
ENSG00000249175,94793599,94788789,4810
ENSG00000278849,66179430,66159954,19476
ENSG00000159339,17364004,17308195,55809
ENSG00000232632,29629760,29552212,77548
ENSG00000238283,60017498,60008437,9061
ENSG00000175471,95284575,94703741,580834
ENSG00000267104,60018975,59962363,56612
ENSG00000237073,113590019,113570190,19829
ENSG00000241913,59912366,59912197,169
ENSG00000138835,113597743,113444731,153012
ENSG00000267302,59996972,59964832,32140
ENSG00000284633,39279897,39242188,37709
ENSG00000235374,45074165,45070952,3213
ENSG00000100311,39244751,39223359,21392
ENSG00000114779,51983409,51968510,14899
ENSG00000267857,45101094,45100487,607
ENSG00000197381,45226560,45073853,152707
ENSG00000262616,41004887,41004608,279
ENSG00000165325,93438487,93329971,108516
ENSG00000262068,41019451,41008648,10803
ENSG00000282748,142542270,142541804,466
ENSG00000122733,34982544,34957608,24936
ENSG00000260066,1728172,1725149,3023
ENSG00000261862,41027329,41026153,1176
ENSG00000275060,18404206,18400407,3799
ENSG00000282610,142549542,142549110,432
ENSG00000198718,45074431,44962190,112241
ENSG00000187172,10516431,10413477,102954
ENSG00000277059,105933413,105918750,14663
ENSG00000211858,22511024,22510968,56
ENSG00000249293,73786491,73778039,8452
ENSG00000211859,22512908,22512852,56
ENSG00000211860,22513998,22513939,59
ENSG00000230635,42951630,42950566,1064
ENSG00000216444,150033566,150032769,797
ENSG00000211861,22515688,22515623,65
ENSG00000211862,22516331,22516273,58
ENSG00000010322,52493068,52455118,37950
ENSG00000282714,105920289,105920273,16
ENSG00000235972,150042033,150040547,1486
ENSG00000232545,24103354,24101689,1665
ENSG00000211863,22518505,22518446,59
ENSG00000235306,36740863,36740041,822
ENSG00000213091,150043353,150042546,807
ENSG00000277017,18491247,18486999,4248
ENSG00000223543,36742465,36741878,587
ENSG00000217416,62777263,62776877,386
ENSG00000277870,18500594,18422244,78350
ENSG00000215486,36795050,36789332,5718
ENSG00000249579,63023489,63022919,570
ENSG00000259104,36176468,36136108,40360
ENSG00000205268,65842322,65717510,124812
ENSG00000244345,72550552,72504806,45746
ENSG00000248185,63302056,63301523,533
ENSG00000257585,36165288,36070427,94861
ENSG00000250261,20592218,20587496,4722
ENSG00000271337,36805302,36804198,1104
ENSG00000235088,41461944,41459354,2590
ENSG00000168070,64972108,64937517,34591
ENSG00000236003,20523870,20522070,1800
ENSG00000081386,96778129,96755865,22264
ENSG00000232493,41547922,41547422,500
ENSG00000273951,41486225,41485571,654
ENSG00000216819,3179764,3177044,2720
ENSG00000178394,63962507,63960356,2151
ENSG00000101367,32850405,32819954,30451
ENSG00000282040,142554208,142553725,483
ENSG00000099917,20587632,20495913,91719
ENSG00000248285,63981043,63957893,23150
ENSG00000281491,34989379,34985410,3969
ENSG00000047056,1132384,1049538,82846
ENSG00000261739,23367231,23354748,12483
ENSG00000229253,33239546,33236020,3526
ENSG00000278292,29435005,29432944,2061
ENSG00000206452,31261959,31258588,3371
ENSG00000284611,66188451,66182326,6125
ENSG00000101282,1002311,958452,43859
ENSG00000225465,29478175,29436534,41641
ENSG00000260536,32854257,32843128,11129
ENSG00000265933,6929966,6919496,10470
ENSG00000284658,66208833,66204896,3937
ENSG00000224194,15680484,15668684,11800
ENSG00000233765,66254464,66253424,1040
ENSG00000231031,15744339,15690782,53557
ENSG00000274181,66637197,66635754,1443
ENSG00000128250,29442455,29438583,3872
ENSG00000149743,64226254,64223799,2455
ENSG00000243989,51989197,51983340,5857
ENSG00000211864,22518871,22518812,59
ENSG00000258844,36235608,36214607,21001
ENSG00000127445,9849682,9835257,14425
ENSG00000211865,22520031,22519969,62
ENSG00000043514,39883511,39838110,45401
ENSG00000282816,29481113,29480220,893
ENSG00000260582,36627775,36626674,1101
ENSG00000131019,150069121,150061053,8068
ENSG00000100285,29491390,29480230,11160
ENSG00000141837,13633025,13206442,426583
ENSG00000224552,31742871,31726403,16468
ENSG00000171421,1801366,1798385,2981
ENSG00000186073,36810248,36579626,230622
ENSG00000253616,23074488,23071377,3111
ENSG00000246130,23083619,23068229,15390
ENSG00000261335,76673658,76671942,1716
ENSG00000253142,22897813,22895434,2379
ENSG00000182534,76711016,76672551,38465
ENSG00000008853,23020199,22987417,32782
ENSG00000264127,6928210,6926944,1266
ENSG00000245970,98044121,98041726,2395
ENSG00000142627,16156069,16124337,31732
ENSG00000230269,3195756,3182744,13012
ENSG00000179454,45042322,44924319,118003
ENSG00000272360,58491291,58490830,461
ENSG00000211866,22520478,22520416,62
ENSG00000282054,142562408,142561449,959
ENSG00000276747,17401699,17372196,29503
ENSG00000225516,9466003,9458613,7390
ENSG00000007237,10198551,9910609,287942
ENSG00000236315,31659971,31655881,4090
ENSG00000276894,66642277,66641314,963
ENSG00000224794,39295589,39292988,2601
ENSG00000277297,66722760,66721158,1602
ENSG00000236798,30181079,30179256,1823
ENSG00000273849,66725064,66724584,480
ENSG00000276457,66745929,66744561,1368
ENSG00000228881,30205889,30176913,28976
ENSG00000229286,15901911,15901791,120
ENSG00000211867,22522102,22522040,62
ENSG00000233866,15915800,15914721,1079
ENSG00000236857,18718526,18717974,552
ENSG00000211868,22523654,22523600,54
ENSG00000227167,18362220,18360597,1623
ENSG00000236680,19028129,19026892,1237
ENSG00000213657,52389488,52389112,376
ENSG00000211869,22524381,22524325,56
ENSG00000155875,19049358,18858906,190452
ENSG00000276806,54736522,54724507,12015
ENSG00000227972,52413492,52411135,2357
ENSG00000211870,22525322,22525263,59
ENSG00000168062,64997018,64987945,9073
ENSG00000206495,30333218,30315961,17257
ENSG00000227959,16157329,16155211,2118
ENSG00000155229,97498794,97458324,40470
ENSG00000277382,76710045,76709760,285
ENSG00000237326,15810877,15801747,9130
ENSG00000178031,18910950,17906563,1004387
ENSG00000214657,15870243,15869939,304
ENSG00000281955,9412478,9411701,777
ENSG00000235508,45641370,45640486,884
ENSG00000280285,56665694,56662469,3225
ENSG00000179051,17439677,17406760,32917
ENSG00000171476,56681899,56647988,33911
ENSG00000263242,41030231,41029824,407
ENSG00000235531,72118393,71828167,290226
ENSG00000239568,72583535,72583370,165
ENSG00000264968,39939601,39927742,11859
ENSG00000225293,16390887,16387694,3193
ENSG00000255671,194130,193036,1094
ENSG00000256577,205094,203642,1452
ENSG00000262347,41034982,41034011,971
ENSG00000111181,214570,190077,24493
ENSG00000262808,41041586,41040684,902
ENSG00000180229,20506180,20379495,126685
ENSG00000204913,39944734,39941474,3260
ENSG00000215057,5974012,5972412,1600
ENSG00000261852,41047441,41046666,775
ENSG00000185049,2041903,1982714,59189
ENSG00000262731,41055489,41054623,866
ENSG00000131899,18244875,18225635,19240
ENSG00000179388,22693480,22687659,5821
ENSG00000241942,71896330,71895991,339
ENSG00000104321,72075584,72019917,55667
ENSG00000267463,78066761,78066258,503
ENSG00000149781,64223886,64206678,17208
ENSG00000167895,78142968,78130770,12198
ENSG00000167914,39977766,39953263,24503
ENSG00000274803,70893131,70780935,112196
ENSG00000187229,18734405,18720905,13500
ENSG00000278886,18865247,18864681,566
ENSG00000253335,19000952,18989279,11673
ENSG00000260913,10414515,10405133,9382
ENSG00000248738,22888022,22877972,10050
ENSG00000282881,46543969,46532166,11803
ENSG00000175329,35087387,35066136,21251
ENSG00000162456,46551527,46545644,5883
ENSG00000227751,17407382,17406760,622
ENSG00000120889,23069031,23020133,48898
ENSG00000211871,22525715,22525650,65
ENSG00000231131,52755409,52450874,304535
ENSG00000103145,3024286,3022620,1666
ENSG00000236668,124009396,124006277,3119
ENSG00000211872,22526906,22526844,62
ENSG00000106689,124033301,124001670,31631
ENSG00000227030,29801213,29800417,796
ENSG00000198729,150250392,150143044,107348
ENSG00000142961,46616891,46607715,9176
ENSG00000066855,65771261,65644734,126527
ENSG00000104833,6502848,6494319,8529
ENSG00000269956,46570255,46538696,31559
ENSG00000273387,31083565,31082156,1409
ENSG00000278920,31068327,31051630,16697
ENSG00000211873,22528586,22528527,59
ENSG00000211875,22530378,22530327,51
ENSG00000079277,46616843,46557408,59435
ENSG00000234921,124032524,124031624,900
ENSG00000211876,22531138,22531076,62
ENSG00000278044,18512187,18501794,10393
ENSG00000231227,124011114,124010530,584
ENSG00000269576,46810183,46809585,598
ENSG00000281943,142571615,142571143,472
ENSG00000275862,46810182,46809583,599
ENSG00000262862,41060344,41059470,874
ENSG00000282745,105941024,105940525,499
ENSG00000165471,52771700,52765380,6320
ENSG00000178860,71844468,71841549,2919
ENSG00000263091,41066109,41065346,763
ENSG00000258992,9469748,9466955,2793
ENSG00000262376,41072573,41072178,395
ENSG00000262993,41404892,41401024,3868
ENSG00000211877,22531998,22531939,59
ENSG00000204282,78111799,78107398,4401
ENSG00000276218,54752990,54738484,14506
ENSG00000261635,36614198,36613474,724
ENSG00000261191,36669097,36641186,27911
ENSG00000228267,31983859,31969570,14289
ENSG00000141524,78132407,78110458,21949
ENSG00000223518,36818459,36798596,19863
ENSG00000282407,142578143,142577660,483
ENSG00000177731,18258738,18244815,13923
ENSG00000274252,18518161,18516344,1817
ENSG00000240366,75186968,75186651,317
ENSG00000261315,36619265,36617089,2176
ENSG00000231548,4151104,4146112,4992
ENSG00000242726,30336373,30318794,17579
ENSG00000254480,4202655,4187140,15515
ENSG00000282197,105946160,105945981,179
ENSG00000262748,41389707,41384972,4735
ENSG00000133111,36829104,36819224,9880
ENSG00000274196,9486313,9479053,7260
ENSG00000250728,111156152,111155244,908
ENSG00000261702,67974625,67974391,234
ENSG00000255387,4212091,4210354,1737
ENSG00000256116,64234352,64229214,5138
ENSG00000110025,65040572,65027439,13133
ENSG00000141858,14091036,14087840,3196
ENSG00000149761,64230686,64225941,4745
ENSG00000226160,16405417,16405330,87
ENSG00000105352,41627074,41618971,8103
ENSG00000229658,16426031,16423943,2088
ENSG00000112304,24705065,24667035,38030
ENSG00000278327,54753027,54738499,14528
ENSG00000227367,16476870,16428947,47923
ENSG00000235969,16509475,16503304,6171
ENSG00000235058,50345697,50341106,4591
ENSG00000004838,50345732,50341110,4622
ENSG00000205890,3039133,3032481,6652
ENSG00000112308,24719998,24704861,15137
ENSG00000268997,41638899,41638569,330
ENSG00000269354,41640602,41639659,943
ENSG00000124785,6007605,5997999,9606
ENSG00000260109,67986288,67985059,1229
ENSG00000268582,41652963,41652676,287
ENSG00000008516,3060726,3046561,14165
ENSG00000284018,4233872,4233288,584
ENSG00000214784,111193042,111192226,816
ENSG00000007306,41706976,41673303,33673
ENSG00000196634,147180992,147158925,22067
ENSG00000196597,96875623,96816472,59151
ENSG00000272397,146951159,146948528,2631
ENSG00000253740,100619993,100618581,1412
ENSG00000164506,147390476,147204425,186051
ENSG00000272320,3313650,3311662,1988
ENSG00000174226,100663415,100572889,90526
ENSG00000103740,78245688,78167468,78220
ENSG00000249901,158509908,158490766,19142
ENSG00000180822,3303373,3231403,71970
ENSG00000248387,158470702,158469586,1116
ENSG00000233208,90458905,90455230,3675
ENSG00000241537,72773471,72772539,932
ENSG00000213523,140558252,140537340,20912
ENSG00000144736,72861914,72749277,112637
ENSG00000268191,6495025,6494320,705
ENSG00000259789,90491637,90489010,2627
ENSG00000268203,6494805,6494320,485
ENSG00000225763,29809920,29809789,131
ENSG00000284306,4242640,4242056,584
ENSG00000110011,64234286,64230278,4008
ENSG00000236175,4279192,4278705,487
ENSG00000273068,35127419,35122661,4758
ENSG00000233080,35231056,35119824,111232
ENSG00000278409,54366855,54362810,4045
ENSG00000272402,24707151,24706747,404
ENSG00000238153,35165347,35164304,1043
ENSG00000283873,4288083,4287499,584
ENSG00000276537,54369057,54347370,21687
ENSG00000272345,24701793,24700907,886
ENSG00000261971,3059370,3037403,21967
ENSG00000253125,22798616,22690150,108466
ENSG00000277850,54814521,54803411,11110
ENSG00000280500,23124800,23086215,38585
ENSG00000281941,9413522,9412772,750
ENSG00000284546,4330449,4329865,584
ENSG00000282300,9414569,9413816,753
ENSG00000284438,4339244,4338660,584
ENSG00000154856,10489949,10454635,35314
ENSG00000180083,45670270,45648563,21707
ENSG00000245025,23019335,22984596,34739
ENSG00000221996,4368386,4367263,1123
ENSG00000134020,23000000,22713251,286749
ENSG00000236711,36850046,36849366,680
ENSG00000120693,36920765,36844831,75934
ENSG00000235195,29072586,29071811,775
ENSG00000175800,4379209,4378282,927
ENSG00000235923,30231780,30227804,3976
ENSG00000244721,30256416,30249099,7317
ENSG00000137285,3231730,3224277,7453
ENSG00000111644,6647433,6638075,9358
ENSG00000221869,47739086,47736909,2177
ENSG00000267240,28964943,28960506,4437
ENSG00000267027,28950200,28949437,763
ENSG00000270775,65026515,65025390,1125
ENSG00000267339,28970874,28883430,87444
ENSG00000272155,65714778,65714334,444
ENSG00000205865,1685629,1683269,2360
ENSG00000213465,65022184,65014160,8024
ENSG00000244695,30315616,30223542,92074
ENSG00000271114,87891869,87891424,445
ENSG00000197261,49561907,49550646,11261
ENSG00000188868,12333720,12317477,16243
ENSG00000234893,30316632,30280294,36338
ENSG00000131480,42850707,42844580,6127
ENSG00000073849,187078553,186930502,148051
ENSG00000267683,28895949,28892931,3018
ENSG00000250722,42887392,42799880,87512
ENSG00000132109,4393702,4384897,8805
ENSG00000226795,29077155,29076560,595
ENSG00000137266,3457022,3268962,188060
ENSG00000131652,3027755,3024027,3728
ENSG00000280106,34951205,34949038,2167
ENSG00000118434,88066838,88047841,18997
ENSG00000235619,35507873,35507564,309
ENSG00000248103,181283652,181281375,2277
ENSG00000215187,35563899,35561831,2068
ENSG00000227306,1689056,1688297,759
ENSG00000274525,181295572,181291673,3899
ENSG00000205864,1697755,1697195,560
ENSG00000238035,181324685,181306502,18183
ENSG00000173402,49535618,49468703,66915
ENSG00000104413,94707466,94641074,66392
ENSG00000167173,75212169,75195643,16526
ENSG00000105677,35547526,35545600,1926
ENSG00000183476,78104909,78077808,27101
ENSG00000275009,23140290,23131736,8554
ENSG00000273003,65040570,65014182,26388
ENSG00000180884,34964229,34956354,7875
ENSG00000269014,46828440,46826895,1545
ENSG00000235696,31938328,31912644,25684
ENSG00000285958,52955585,52946431,9154
ENSG00000232455,45509545,45483974,25571
ENSG00000263137,153184,141426,11758
ENSG00000211878,22532561,22532502,59
ENSG00000260988,78143173,78141243,1930
ENSG00000280377,89951345,89950760,585
ENSG00000227121,52975815,52973488,2327
ENSG00000011376,45554726,45388506,166220
ENSG00000175906,43401137,43398993,2144
ENSG00000211879,22533560,22533497,63
ENSG00000237103,31575129,31571039,4090
ENSG00000166411,78171945,78131498,40447
ENSG00000231399,53038544,53038285,259
ENSG00000238196,32271406,32261849,9557
ENSG00000211880,22535614,22535554,60
ENSG00000115257,1490752,1481428,9324
ENSG00000262226,115865,110539,5326
ENSG00000226296,53311065,53291072,19993
ENSG00000262607,175481,70780,104701
ENSG00000131471,42858130,42851184,6946
ENSG00000211881,22536204,22536145,59
ENSG00000261779,75212167,75211301,866
ENSG00000233805,53766614,53766400,214
ENSG00000211882,22537680,22537622,58
ENSG00000211883,22539134,22539073,61
ENSG00000262045,41382400,41377665,4735
ENSG00000168301,58502360,58492096,10264
ENSG00000211884,22540306,22540247,59
ENSG00000237052,32262529,32257772,4757
ENSG00000263012,41369800,41363494,6306
ENSG00000186231,97140754,96924620,216134
ENSG00000198853,35561898,35490111,71787
ENSG00000042753,46850992,46838136,12856
ENSG00000282680,39705484,39705172,312
ENSG00000282382,39712765,39712389,376
ENSG00000263127,7493132,7491857,1275
ENSG00000262193,171722,170871,851
ENSG00000280745,69419862,69418516,1346
ENSG00000259350,88953460,88952683,777
ENSG00000261986,41350812,41346092,4720
ENSG00000262016,170336,168679,1657
ENSG00000259489,88961046,88960070,976
ENSG00000279058,46358714,46337224,21490
ENSG00000118432,88166359,88139864,26495
ENSG00000128973,68257211,68206992,50219
ENSG00000274553,181331839,181329049,2790
ENSG00000250765,181342213,181329241,12972
ENSG00000275717,54830785,54816473,14312
ENSG00000260660,75234834,75226401,8433
ENSG00000274081,143816310,143803351,12959
ENSG00000188039,16817963,16719976,97987
ENSG00000279600,78008855,78008421,434
ENSG00000277751,54278995,54274438,4557
ENSG00000262282,41335733,41334632,1101
ENSG00000231106,36007838,36005338,2500
ENSG00000233452,147204614,146841901,362713
ENSG00000078687,78108835,77959240,149595
ENSG00000262591,41329544,41325648,3896
ENSG00000223551,128342770,128342153,617
ENSG00000214914,36016546,36016079,467
ENSG00000167114,128361470,128340527,20943
ENSG00000263341,41315695,41314917,778
ENSG00000260104,75249407,75249232,175
ENSG00000263186,41309253,41307700,1553
ENSG00000269786,56922213,56922018,195
ENSG00000261205,75252934,75251743,1191
ENSG00000223465,31571053,31568266,2787
ENSG00000281837,45372057,45371402,655
ENSG00000184574,6635960,6618835,17125
ENSG00000211885,22542261,22542199,62
ENSG00000272097,10747663,10743324,4339
ENSG00000167195,75270199,75258599,11600
ENSG00000204174,46465881,46461099,4782
ENSG00000259038,68628445,68627166,1279
ENSG00000274666,68114144,68113706,438
ENSG00000186615,55580110,55499278,80832
ENSG00000258477,68422196,68421698,498
ENSG00000211886,22543240,22543179,61
ENSG00000211887,22544136,22544071,65
ENSG00000254675,78023721,78022933,788
ENSG00000182185,68730218,67819779,910439
ENSG00000151366,78079862,78068297,11565
ENSG00000253317,72202269,72196334,5935
ENSG00000213641,55544169,55543401,768
ENSG00000280476,23147890,23144031,3859
ENSG00000271484,55548123,55546674,1449
ENSG00000184831,23907934,23833353,74581
ENSG00000227748,146863081,146859181,3900
ENSG00000236587,31984699,31981170,3529
ENSG00000228825,36922908,36922539,369
ENSG00000232378,36927219,36926438,781
ENSG00000264230,46391784,46375627,16157
ENSG00000204482,31588909,31586124,2785
ENSG00000140478,75295807,75282835,12972
ENSG00000009765,150405969,150368892,37077
ENSG00000236144,35546029,35540738,5291
ENSG00000278070,23171217,23160896,10321
ENSG00000122378,80437115,80407829,29286
ENSG00000154328,11787345,11769639,17706
ENSG00000226161,36939494,36938400,1094
ENSG00000105679,35545319,35533455,11864
ENSG00000099994,24189106,24181487,7619
ENSG00000145555,16936288,16661907,274381
ENSG00000259112,78079865,78016971,62894
ENSG00000197702,12530801,12377563,153238
ENSG00000274269,1207036,1186092,20944
ENSG00000163629,86815171,86594315,220856
ENSG00000125818,1189415,1113240,76175
ENSG00000261549,88990245,88989519,726
ENSG00000162069,3036926,3027682,9244
ENSG00000260105,42874369,42865922,8447
ENSG00000164197,64372869,64165843,207026
ENSG00000274282,19260875,19253960,6915
ENSG00000254829,78016495,78015715,780
ENSG00000140548,90082206,90001324,80882
ENSG00000151365,78068351,78063861,4490
ENSG00000260275,89038286,89037977,309
ENSG00000105549,376670,361747,14923
ENSG00000115504,63046487,62673851,372636
ENSG00000151364,78046191,78015715,30476
ENSG00000230181,29579624,29579107,517
ENSG00000226796,29571435,29570508,927
ENSG00000249516,42917984,42917414,570
ENSG00000228913,29556525,29552212,4313
ENSG00000249092,42892817,42892319,498
ENSG00000198865,42802439,42756818,45621
ENSG00000282340,142586516,142586067,449
ENSG00000259291,90082207,90074512,7695
ENSG00000282626,105973040,105970500,2540
ENSG00000225248,29574347,29574058,289
ENSG00000268483,57066139,57065334,805
ENSG00000229185,29585637,29584054,1583
ENSG00000273691,90026003,90024955,1048
ENSG00000270182,27158976,27158344,632
ENSG00000165182,23939509,23907801,31708
ENSG00000164620,141641064,141636950,4114
ENSG00000277690,18527626,18527157,469
ENSG00000267151,43451200,43444707,6493
ENSG00000237888,43476665,43476198,467
ENSG00000255521,35138032,35132655,5377
ENSG00000250886,35081992,35081223,769
ENSG00000273502,54736594,54724478,12116
ENSG00000113494,35230487,35048756,181731
ENSG00000225921,13632739,13615335,17404
ENSG00000260357,75302965,75299953,3012
ENSG00000227046,33250873,33240162,10711
ENSG00000122543,5886362,5879827,6535
ENSG00000282390,1293002,1290018,2984
ENSG00000250979,72251565,72202751,48814
ENSG00000233052,1361637,1361001,636
ENSG00000229205,1180923,1159768,21155
ENSG00000249604,107941255,107936031,5224
ENSG00000134323,15947007,15940550,6457
ENSG00000164023,107915047,107824563,90484
ENSG00000259790,75322693,75321397,1296
ENSG00000238103,23837321,23836742,579
ENSG00000251163,42897832,42897262,570
ENSG00000251656,42908667,42908208,459
ENSG00000185736,1737525,1177313,560212
ENSG00000272234,42806997,42806394,603
ENSG00000286271,42924535,42813828,110707
ENSG00000234529,19328573,19327569,1004
ENSG00000212989,72430112,72429620,492
ENSG00000250786,9550609,9546200,4409
ENSG00000233718,15942249,15921037,21212
ENSG00000260873,69187739,69187122,617
ENSG00000269799,16801714,16801426,288
ENSG00000115128,24076373,24067586,8787
ENSG00000230887,30497764,30493160,4604
ENSG00000187098,69968337,69739435,228902
ENSG00000273225,46373563,46369113,4450
ENSG00000282686,2499428,2495522,3906
ENSG00000253444,2512580,2493876,18704
ENSG00000216998,49580166,49565924,14242
ENSG00000223850,15936017,15920399,15618
ENSG00000197948,141651418,141639302,12116
ENSG00000282142,2529710,2517898,11812
ENSG00000213412,46416413,46415853,560
ENSG00000010017,13711835,13621498,90337
ENSG00000285294,46453306,46398362,54944
ENSG00000253855,2522182,2518998,3184
ENSG00000215388,1161697,1160584,1113
ENSG00000243469,51649610,51648862,748
ENSG00000279458,46382626,46370759,11867
ENSG00000215595,1208274,1203454,4820
ENSG00000136425,78131544,78104606,26938
ENSG00000277526,2623382,2589985,33397
ENSG00000260257,32858751,32856621,2130
ENSG00000275410,37745105,37686431,58674
ENSG00000285402,46537864,46375752,162112
ENSG00000125895,1185415,1180561,4854
ENSG00000276625,54784109,54769794,14315
ENSG00000145494,1816605,1801400,15205
ENSG00000205696,1556984,1526637,30347
ENSG00000154822,17090604,16802651,287953
ENSG00000108958,1858446,1858039,407
ENSG00000276026,1118450,1117847,603
ENSG00000132383,1900082,1829702,70380
ENSG00000129038,73952137,73925989,26148
ENSG00000230178,181368262,181367268,994
ENSG00000170348,75176612,75131469,45143
ENSG00000240210,68339528,68338728,800
ENSG00000251035,181379038,181378695,343
ENSG00000182310,51712387,51689128,23259
ENSG00000258623,68685565,68683411,2154
ENSG00000213285,181472430,181471963,467
ENSG00000258837,68130196,68125004,5192
ENSG00000280629,195657927,195655565,2362
ENSG00000242941,68693583,68693090,493
ENSG00000155016,107953461,107931549,21912
ENSG00000249489,88409223,88408179,1044
ENSG00000281798,195651472,195650146,1326
ENSG00000281246,125704277,125703375,902
ENSG00000282039,105979917,105979291,626
ENSG00000280982,125713051,125712140,911
ENSG00000237445,13659910,13657311,2599
ENSG00000182931,45705019,45684653,20366
ENSG00000281785,125725463,125724567,896
ENSG00000092201,21384019,21351476,32543
ENSG00000238074,9489893,9487313,2580
ENSG00000280597,125735208,125734326,882
ENSG00000220598,150385120,150384307,813
ENSG00000211888,22545098,22545037,61
ENSG00000261801,73928248,73908071,20177
ENSG00000277734,22552156,22547506,4650
ENSG00000233614,14090,11555,2535
ENSG00000225773,31934377,31927103,7274
ENSG00000245293,107978799,107863479,115320
ENSG00000259138,75136930,75127153,9777
ENSG00000242335,31944738,31938304,6434
ENSG00000259003,22559037,22556640,2397
ENSG00000282242,142597147,142596665,482
ENSG00000259054,22557062,22556311,751
ENSG00000119638,75127344,75079353,47991
ENSG00000122674,5926550,5898725,27825
ENSG00000282550,105987854,105987353,501
ENSG00000280996,125748058,125747135,923
ENSG00000168634,45708817,45702038,6779
ENSG00000215498,21192156,21167758,24398
ENSG00000129007,68206110,68190705,15405
ENSG00000281363,125756441,125756086,355
ENSG00000280813,125801709,125800930,779
ENSG00000282208,142602743,142602235,508
ENSG00000278833,54798259,54786437,11822
ENSG00000226441,17044192,17042742,1450
ENSG00000262201,58097709,58097051,658
ENSG00000230066,9506596,9497287,9309
ENSG00000275815,54767346,54754998,12348
ENSG00000136143,48037968,47745736,292232
ENSG00000253187,27171915,27168619,3296
ENSG00000275353,54848599,54832684,15915
ENSG00000204175,46555530,46549044,6486
ENSG00000274861,54713453,54707916,5537
ENSG00000253293,27180261,27170592,9669
ENSG00000103269,678268,675666,2602
ENSG00000273362,16527237,16521059,6178
ENSG00000262082,57984761,57983795,966
ENSG00000233995,16574637,16572027,2610
ENSG00000166479,68715108,68673688,41420
ENSG00000107201,32526208,32455302,70906
ENSG00000241408,28988567,28986792,1775
ENSG00000224642,28987476,28986195,1281
ENSG00000168959,89065945,88504576,561369
ENSG00000239435,16582707,16575363,7344
ENSG00000278558,18530573,18527802,2771
ENSG00000269959,51693456,51685363,8093
ENSG00000239205,165158062,165150006,8056
ENSG00000257184,27180013,27163535,16478
ENSG00000116731,13825079,13700198,124881
ENSG00000215529,32961609,32858923,102686
ENSG00000078399,27175180,27162438,12742
ENSG00000186532,1830634,1779485,51149
ENSG00000260007,68229718,68184032,45686
ENSG00000282108,106002595,106002305,290
ENSG00000105877,21901839,21543039,358800
ENSG00000260123,89082819,89041223,41596
ENSG00000282354,142606054,142605549,505
ENSG00000266286,41085542,41084386,1156
ENSG00000249966,1851497,1850950,547
ENSG00000261968,41098544,41097371,1173
ENSG00000261418,23435212,23430839,4373
ENSG00000033800,68198603,68054179,144424
ENSG00000234503,21179875,21177892,1983
ENSG00000274219,57112027,57111120,907
ENSG00000181031,386254,212389,173865
ENSG00000262520,41102628,41101921,707
ENSG00000270073,9510175,9507596,2579
ENSG00000206484,30680941,30677568,3373
ENSG00000223876,91545098,91544852,246
ENSG00000121871,165197109,165186720,10389
ENSG00000262121,41106907,41105751,1156
ENSG00000282213,106006345,106005866,479
ENSG00000180929,51957499,51955381,2118
ENSG00000119938,91633071,91628442,4629
ENSG00000276808,54704235,54703952,283
ENSG00000250417,1856568,1855970,598
ENSG00000213449,91667782,91666780,1002
ENSG00000254252,166029311,166028567,744
ENSG00000224621,16161883,16159266,2617
ENSG00000204475,31593006,31588895,4111
ENSG00000254171,166155439,166128498,26941
ENSG00000282605,142623265,142622755,510
ENSG00000155026,5970683,5925550,45133
ENSG00000131864,57131926,57119138,12788
ENSG00000274339,54700905,54700593,312
ENSG00000234736,49151547,49121839,29708
ENSG00000234803,9526926,9517599,9327
ENSG00000106009,2555694,2537810,17884
ENSG00000137094,34998900,34989641,9259
ENSG00000279222,1859890,1858409,1481
ENSG00000172538,49134008,49131154,2854
ENSG00000228759,91767196,91765899,1297
ENSG00000274349,66932141,66856426,75715
ENSG00000119640,75069483,75053237,16246
ENSG00000282252,142630195,142629704,491
ENSG00000228701,91798291,91782839,15452
ENSG00000227355,121463237,121369906,93331
ENSG00000282223,106013191,106012693,498
ENSG00000255082,88524054,88504576,19478
ENSG00000204136,121500027,121444991,55036
ENSG00000229079,42960066,42959280,786
ENSG00000213816,42973289,42972386,903
ENSG00000248525,9658458,9621377,37081
ENSG00000280455,105702689,105690429,12260
ENSG00000276424,54911932,54895138,16794
ENSG00000249781,9903826,9641305,262521
ENSG00000276591,42978320,42974855,3465
ENSG00000142632,16212652,16197854,14798
ENSG00000226620,105764440,105704280,60160
ENSG00000169738,82037732,82035136,2596
ENSG00000119703,75079988,75064170,15818
ENSG00000250814,9899970,9854377,45593
ENSG00000179134,39385710,39342396,43314
ENSG00000169777,9712378,9628997,83381
ENSG00000277697,42979918,42978851,1067
ENSG00000276128,42988167,42981772,6395
ENSG00000275885,54131896,54115536,16360
ENSG00000119383,129148946,129110950,37996
ENSG00000277490,66879940,66879454,486
ENSG00000277737,43125905,43109866,16039
ENSG00000147437,25424654,25419258,5396
ENSG00000277598,60547154,60546920,234
ENSG00000279200,17617745,17616043,1702
ENSG00000258978,75116600,75116426,174
ENSG00000129562,22589224,22564907,24317
ENSG00000282497,142635309,142634764,545
ENSG00000245958,119552025,119454791,97234
ENSG00000282678,106026401,106025916,485
ENSG00000276581,60920650,60914374,6276
ENSG00000282415,142640305,142639852,453
ENSG00000093009,19520612,19479459,41153
ENSG00000148175,121370304,121338988,31316
ENSG00000174450,23447234,23439498,7736
ENSG00000172890,71524107,71453109,70998
ENSG00000225201,30572668,30567930,4738
ENSG00000170290,107719693,107707378,12315
ENSG00000253476,25426580,25425521,1059
ENSG00000275628,60927822,60918581,9241
ENSG00000261758,136755780,136752630,3150
ENSG00000234166,16198357,16197854,503
ENSG00000242968,136809623,136808551,1072
ENSG00000262819,57968399,57967058,1341
ENSG00000254847,12540967,12538083,2884
ENSG00000223979,17677688,17674026,3662
ENSG00000241250,56710614,56710060,554
ENSG00000254347,72470972,72462311,8661
ENSG00000141655,62391288,62325287,66001
ENSG00000227040,56761485,56760919,566
ENSG00000105088,9936552,9853718,82834
ENSG00000231609,63048640,62957326,91314
ENSG00000157578,39445805,39405844,39961
ENSG00000226942,38321,29336,8985
ENSG00000279883,55485086,55484403,683
ENSG00000039123,55425579,55307989,117590
ENSG00000231439,25123,22910,2213
ENSG00000279948,46949156,46946535,2621
ENSG00000259270,85178806,85178628,178
ENSG00000160007,47005077,46918676,86401
ENSG00000227354,79424328,79406309,18019
ENSG00000260803,35195,17514,17681
ENSG00000277318,106039136,106038673,463
ENSG00000234769,18068,14381,3687
ENSG00000226605,62858438,62826064,32374
ENSG00000237162,62940282,62939916,366
ENSG00000204161,49188585,49154725,33860
ENSG00000139746,79406477,79311824,94653
ENSG00000259948,89201768,89201091,677
ENSG00000178734,75883811,75871038,12773
ENSG00000140526,89202355,89087459,114896
ENSG00000232969,44340470,44339376,1094
ENSG00000138735,119628804,119494397,134407
ENSG00000137656,116772987,116748170,24817
ENSG00000184441,44335851,44331234,4617
ENSG00000223458,75881127,75876886,4241
ENSG00000262145,57957269,57941541,15728
ENSG00000241728,44330221,44328944,1277
ENSG00000229957,46171237,46168404,2833
ENSG00000236068,64486615,64404512,82103
ENSG00000261206,75935132,75932395,2737
ENSG00000160226,44339402,44328944,10458
ENSG00000182674,72938349,72537225,401124
ENSG00000087586,56392337,56369389,22948
ENSG00000149654,46308498,46173733,134765
ENSG00000253636,73063061,73052178,10883
ENSG00000253726,72751843,72732045,19798
ENSG00000260838,72950445,72947150,3295
ENSG00000260602,68254939,68254549,390
ENSG00000105388,41729798,41708585,21213
ENSG00000237061,73085879,73083787,2092
ENSG00000262349,57936175,57935074,1101
ENSG00000147601,73048123,73008864,39259
ENSG00000275946,54780725,54771241,9484
ENSG00000078747,34511393,34363235,148158
ENSG00000168917,136855888,136818647,37241
ENSG00000072062,14118084,14091688,26396
ENSG00000277345,54892982,54877376,15606
ENSG00000137770,44529038,44427622,101416
ENSG00000226913,49554366,49549306,5060
ENSG00000276329,54875478,54861173,14305
ENSG00000234057,30597667,30594716,2951
ENSG00000273486,136839021,136837338,1683
ENSG00000006712,39391154,39385629,5525
ENSG00000239213,136862054,136841726,20328
ENSG00000100316,39320389,39312882,7507
ENSG00000272430,46635472,46632387,3085
ENSG00000204176,46594173,46578217,15956
ENSG00000139985,70459899,70452157,7742
ENSG00000250644,1763954,1734821,29133
ENSG00000112077,49636884,49605158,31726
ENSG00000110696,16758340,16613132,145208
ENSG00000257759,70547464,70425812,121652
ENSG00000134007,70535015,70522358,12657
ENSG00000164649,21945903,21900899,45004
ENSG00000259158,70483775,70453541,30234
ENSG00000285702,73069506,73039696,29810
ENSG00000286228,73057911,73048481,9430
ENSG00000074964,17697874,17539698,158176
ENSG00000277125,73077353,73065529,11824
ENSG00000275976,73053981,73048055,5926
ENSG00000232458,40979939,40964667,15272
ENSG00000262461,73086038,73076165,9873
ENSG00000224017,41133507,41101604,31903
ENSG00000133789,9752993,9664077,88916
ENSG00000086548,41772211,41750977,21234
ENSG00000235027,1762486,1760348,2138
ENSG00000273897,73049246,73037371,11875
ENSG00000244242,1750595,1732406,18189
ENSG00000166002,93543391,93478472,64919
ENSG00000198924,113854383,113834725,19658
ENSG00000271410,55357523,55356308,1215
ENSG00000254878,16031515,16023190,8325
ENSG00000067113,55534969,55424854,110115
ENSG00000213785,16484671,16484084,587
ENSG00000268833,41786893,41757898,28995
ENSG00000259295,85213905,85191438,22467
ENSG00000267881,41761282,41708612,52670
ENSG00000278193,72661470,72660584,886
ENSG00000234106,93535816,93535468,348
ENSG00000110693,16739591,15966449,773142
ENSG00000227848,48002552,48001389,1163
ENSG00000253226,72619383,72618722,661
ENSG00000243538,16902641,16902294,347
ENSG00000260388,47932622,47930153,2469
ENSG00000280559,177871194,177870853,341
ENSG00000259449,85182083,85181210,873
ENSG00000164764,73124088,73064543,59545
ENSG00000234145,47764606,47763460,1146
ENSG00000229212,85234795,85180200,54595
ENSG00000117984,1764573,1752755,11818
ENSG00000136159,48047221,48037726,9495
ENSG00000234152,25366155,25365799,356
ENSG00000272656,139349371,139349024,347
ENSG00000265743,30965500,30964935,565
ENSG00000267341,62378130,62372894,5236
ENSG00000206260,139006268,139005468,800
ENSG00000239246,62516767,62516321,446
ENSG00000234216,32393175,32392216,959
ENSG00000244731,32002681,31982057,20624
ENSG00000236672,32438560,32383385,55175
ENSG00000236005,107535162,107534390,772
ENSG00000184814,139020926,139019031,1895
ENSG00000260934,19502286,19501689,597
ENSG00000264546,62552121,62549726,2395
ENSG00000279747,19504625,19503861,764
ENSG00000229423,47767085,47766640,445
ENSG00000227350,107543616,107543151,465
ENSG00000006007,19522123,19501693,20430
ENSG00000229227,46612154,46597918,14236
ENSG00000228573,47835956,47825330,10626
ENSG00000272254,73043346,73042910,436
ENSG00000231293,107834829,107834509,320
ENSG00000146872,62615481,62458658,156823
ENSG00000175110,139357223,139005806,351417
ENSG00000259699,89136495,89135547,948
ENSG00000253784,72881740,72874859,6881
ENSG00000276968,48042184,48041751,433
ENSG00000114491,124749273,124730433,18840
ENSG00000228862,60653561,60629662,23899
ENSG00000261407,89088267,89087078,1189
ENSG00000165874,46652025,46610474,41551
ENSG00000249318,111270089,111265809,4280
ENSG00000231325,31671449,31664094,7355
ENSG00000248268,111302567,111277517,25050
ENSG00000233727,107854258,107853783,475
ENSG00000229927,46635466,46634911,555
ENSG00000276497,69484339,69435727,48612
ENSG00000241088,62416227,62415678,549
ENSG00000152495,111494886,111223653,271233
ENSG00000231187,46598145,46582782,15363
ENSG00000278805,54828769,54814475,14294
ENSG00000236783,107964045,107963703,342
ENSG00000267487,62418576,62418318,258
ENSG00000277376,54812030,54799680,12350
ENSG00000255289,60664530,60660820,3710
ENSG00000266920,62443126,62442028,1098
ENSG00000277176,54842954,54831023,11931
ENSG00000213557,108040592,108040213,379
ENSG00000250515,140732863,140732290,573
ENSG00000250853,55530701,55530156,545
ENSG00000248106,140764821,140764110,711
ENSG00000237360,108097851,108097432,419
ENSG00000230030,108254820,108252154,2666
ENSG00000277558,34476787,34476205,582
ENSG00000236388,34442025,34441592,433
ENSG00000169253,108627150,108626833,317
ENSG00000276676,54797195,54782658,14537
ENSG00000231678,108703092,108701370,1722
ENSG00000231795,34454552,34450930,3622
ENSG00000274177,1010907,1010221,686
ENSG00000181741,34476474,34475924,550
ENSG00000266990,1002757,999796,2961
ENSG00000161980,53628,46407,7221
ENSG00000234933,34402696,34402149,547
ENSG00000274189,54859216,54848193,11023
ENSG00000182087,1021179,1009648,11531
ENSG00000229119,166382599,166382305,294
ENSG00000274039,69482549,69480662,1887
ENSG00000279565,88175762,88172261,3501
ENSG00000234426,88421033,88177804,243229
ENSG00000220267,88276989,88275882,1107
ENSG00000220131,88265511,88265158,353
ENSG00000257075,72131907,72131282,625
ENSG00000161981,57669,53010,4659
ENSG00000110203,72139892,72114869,25023
ENSG00000172037,49133118,49121114,12004
ENSG00000254319,2728451,2666079,62372
ENSG00000249906,49574064,49505657,68407
ENSG00000213373,42898704,42874670,24034
ENSG00000124299,33521895,33386950,134945
ENSG00000250310,49577962,49544788,33174
ENSG00000064300,49515008,49495293,19715
ENSG00000282800,1717174,1711493,5681
ENSG00000253853,2822482,2727318,95164
ENSG00000276504,54115801,54107066,8735
ENSG00000179523,44536923,44527257,9666
ENSG00000131482,42913369,42900797,12572
ENSG00000259563,44517483,44516650,833
ENSG00000279036,49497800,49494223,3577
ENSG00000259335,44449344,44447577,1767
ENSG00000182575,49583827,49575858,7969
ENSG00000276397,76693636,76690029,3607
ENSG00000224933,76014501,76013023,1478
ENSG00000265934,76704254,76703444,810
ENSG00000169933,12724523,12138466,586057
ENSG00000254924,71506380,71506061,319
ENSG00000258716,90699374,90697333,2041
ENSG00000141905,3469217,3314403,154814
ENSG00000265836,76751841,76751305,536
ENSG00000259163,90648894,90642638,6256
ENSG00000186479,64612312,64506257,106055
ENSG00000254130,166926370,166905222,21148
ENSG00000265626,76759866,76759685,181
ENSG00000253713,167119585,167116318,3267
ENSG00000282483,142644194,142643462,732
ENSG00000213315,90766989,90766531,458
ENSG00000264278,76822295,76794732,27563
ENSG00000258935,90569976,90567495,2481
ENSG00000282066,106040535,106040437,98
ENSG00000278107,76805736,76805151,585
ENSG00000262920,322453,321392,1061
ENSG00000282771,142658198,142657499,699
ENSG00000165914,90816479,90524564,291915
ENSG00000282139,106046631,106046371,260
ENSG00000262294,357581,352638,4943
ENSG00000151332,36320637,36298564,22073
ENSG00000262061,333488,331205,2283
ENSG00000178591,97094,87250,9844
ENSG00000268842,53163563,53162428,1135
ENSG00000149150,57515780,57484534,31246
ENSG00000274756,36575325,36574462,863
ENSG00000197497,53193386,53159213,34173
ENSG00000285572,76846524,76552807,293717
ENSG00000284809,76846594,76833839,12755
ENSG00000236424,9530682,9527880,2802
ENSG00000278311,36589848,36544912,44936
ENSG00000273800,12583526,12583415,111
ENSG00000262558,356882,354737,2145
ENSG00000231211,12396167,12395757,410
ENSG00000275860,60022436,60021072,1364
ENSG00000274378,60030746,60025859,4887
ENSG00000223487,12375133,12373167,1966
ENSG00000198445,16592810,16590751,2059
ENSG00000125788,145751,142590,3161
ENSG00000281473,139233522,139232992,530
ENSG00000233701,139044892,139042102,2790
ENSG00000136861,120580170,120388869,191301
ENSG00000232416,139125171,139104185,20986
ENSG00000225351,29005348,28994816,10532
ENSG00000224116,41779388,41693916,85472
ENSG00000241158,64592757,64561322,31435
ENSG00000188306,169837775,169821922,15853
ENSG00000215580,19567092,19455431,111661
ENSG00000122641,41705834,41667168,38666
ENSG00000184432,139389680,139355600,34080
ENSG00000118363,74979033,74949247,29786
ENSG00000250950,119457277,119456350,927
ENSG00000277647,18357136,18357026,110
ENSG00000240122,16595485,16595089,396
ENSG00000236070,29027639,29026712,927
ENSG00000267443,399173,397589,1584
ENSG00000149651,45725830,45722351,3479
ENSG00000204536,31158238,31142439,15799
ENSG00000275552,22598946,22595808,3138
ENSG00000100439,22613215,22598237,14978
ENSG00000163638,64688000,64515654,172346
ENSG00000276021,1738610,1716523,22087
ENSG00000235808,39488760,39488327,433
ENSG00000226188,45746287,45745737,550
ENSG00000274041,54125468,54119637,5831
ENSG00000281944,106056769,106056320,449
ENSG00000285815,39515506,39380332,135174
ENSG00000282621,142661315,142660632,683
ENSG00000228349,39491898,39491544,354
ENSG00000124491,6321013,6144085,176928
ENSG00000276061,54108779,54102782,5997
ENSG00000259271,16679493,16671090,8403
ENSG00000282064,142669181,142668431,750
ENSG00000249263,16659628,16653892,5736
ENSG00000185437,39515506,39445855,69651
ENSG00000116032,1009732,1000419,9313
ENSG00000267338,16617114,16616170,944
ENSG00000279454,93588559,93587703,856
ENSG00000283633,16615111,16601911,13200
ENSG00000278953,93592669,93592187,482
ENSG00000236745,96955461,96954820,641
ENSG00000227257,96919318,96918928,390
ENSG00000255515,93610333,93609760,573
ENSG00000273244,16694648,16676016,18632
ENSG00000188152,96940253,96928310,11943
ENSG00000274397,70557478,70556206,1272
ENSG00000186453,24200849,24175053,25796
ENSG00000254681,18401940,18374521,27419
ENSG00000231810,108822004,108821697,307
ENSG00000249288,16646581,16645695,886
ENSG00000213556,108836597,108836333,264
ENSG00000189295,16675540,16654066,21474
ENSG00000148156,108856967,108854589,2378
ENSG00000175147,15153237,15111815,41422
ENSG00000100181,16698742,16601887,96855
ENSG00000267493,1270241,1267814,2427
ENSG00000235120,49641769,49640483,1286
ENSG00000279372,82035800,82035403,397
ENSG00000164061,49671549,49554477,117072
ENSG00000211672,22872035,22871507,528
ENSG00000277350,66952344,66942703,9641
ENSG00000152527,43767987,43637260,130727
ENSG00000215720,15192845,15191828,1017
ENSG00000115129,24085861,24077433,8428
ENSG00000281141,93138465,93138066,399
ENSG00000254432,60809606,60808735,871
ENSG00000253963,22873440,22873212,228
ENSG00000276039,66962348,66962271,77
ENSG00000189337,15118043,13892792,1225251
ENSG00000274355,66976991,66976520,471
ENSG00000171316,60868028,60678740,189288
ENSG00000233024,18379331,18358086,21245
ENSG00000276348,66988373,66979132,9241
ENSG00000241344,62248770,62248294,476
ENSG00000275969,66992583,66986304,6279
ENSG00000260394,679777,678504,1273
ENSG00000279441,679061,678645,416
ENSG00000219622,150510300,150504811,5489
ENSG00000280971,177967457,177967004,453
ENSG00000196312,97013708,96887373,126335
ENSG00000281351,177972279,177971313,966
ENSG00000250249,62292337,62291562,775
ENSG00000262020,11071102,11066496,4606
ENSG00000278666,177950732,177875522,75210
ENSG00000248847,62490218,62489495,723
ENSG00000274038,11057034,11056556,478
ENSG00000229917,11027763,11027024,739
ENSG00000248336,62510771,62510469,302
ENSG00000272948,37268497,37267784,713
ENSG00000180673,62818794,62816826,1968
ENSG00000038532,11182186,10944564,237622
ENSG00000157538,37267919,37223420,44499
ENSG00000251055,63143881,63128311,15570
ENSG00000120697,37000261,36949738,50523
ENSG00000241717,16704477,16690103,14374
ENSG00000274820,66979862,66979460,402
ENSG00000249434,30234733,30230757,3976
ENSG00000196182,36385896,36339624,46272
ENSG00000204315,32130288,32128707,1581
ENSG00000235727,30391047,30354705,36342
ENSG00000226463,29045272,29044245,1027
ENSG00000262159,59027943,59027218,725
ENSG00000233054,29087343,29086337,1006
ENSG00000108523,4945222,4940008,5214
ENSG00000262036,59061233,59060029,1204
ENSG00000236989,16105841,16085222,20619
ENSG00000258437,90676294,90675118,1176
ENSG00000262592,59063157,59063055,102
ENSG00000236289,16086307,16013928,72379
ENSG00000234305,29101918,29100980,938
ENSG00000274327,10802627,10801532,1095
ENSG00000226764,16062885,15997049,65836
ENSG00000182093,39428528,39377698,50830
ENSG00000277316,10807293,10806051,1242
ENSG00000226271,29112853,29111918,935
ENSG00000260830,21384920,21384292,628
ENSG00000165475,20525873,20403666,122207
ENSG00000244128,165846519,165206960,639559
ENSG00000187003,108863759,108862266,1493
ENSG00000233239,29924090,29923905,185
ENSG00000227025,29997058,29996063,995
ENSG00000253469,167168401,167164934,3467
ENSG00000226517,29879877,29878909,968
ENSG00000234074,29999898,29996525,3373
ENSG00000174640,134052184,133928145,124039
ENSG00000114200,165837462,165772904,64558
ENSG00000269907,96910405,96910076,329
ENSG00000223754,24201698,24199839,1859
ENSG00000232642,24175005,24165884,9121
ENSG00000286194,30970307,30968785,1522
ENSG00000275164,195811179,195747176,64003
ENSG00000281644,177963960,177950335,13625
ENSG00000176732,24123477,24115371,8106
ENSG00000231606,14223118,14221891,1227
ENSG00000235829,14692613,14692129,484
ENSG00000106853,111599893,111549722,50171
ENSG00000278017,62526325,62525919,406
ENSG00000102710,37059713,37009312,50401
ENSG00000141664,62587709,62523007,64702
ENSG00000234593,14391575,14348955,42620
ENSG00000171999,4432277,4431323,954
ENSG00000225101,4476361,4393783,82578
ENSG00000280647,177983334,177939622,43712
ENSG00000109917,116788039,116773799,14240
ENSG00000181963,4450361,4449295,1066
ENSG00000235135,32460324,32457148,3176
ENSG00000171729,15220478,15152532,67946
ENSG00000242199,124733754,124733418,336
ENSG00000237272,4419011,4418060,951
ENSG00000251137,139082377,139081654,723
ENSG00000251489,69889406,69888877,529
ENSG00000101850,9786297,9725346,60951
ENSG00000276087,24190436,24124366,66070
ENSG00000242358,16256555,16256308,247
ENSG00000231719,29985259,29984382,877
ENSG00000249234,16183120,16178939,4181
ENSG00000236729,30390031,30226495,163536
ENSG00000234313,29968344,29965045,3299
ENSG00000273217,131796983,131425891,371092
ENSG00000263327,16320140,16226685,93455
ENSG00000228891,29898510,29898144,366
ENSG00000219626,24169640,24076526,93114
ENSG00000166923,32745107,32718004,27103
ENSG00000236949,30055232,30049228,6004
ENSG00000231442,63351472,63350114,1358
ENSG00000169762,16227410,16160505,66905
ENSG00000223658,43676429,43675151,1278
ENSG00000241779,30410787,30393209,17578
ENSG00000250775,63494278,63468701,25577
ENSG00000217128,131797063,131641714,155349
ENSG00000181481,30999911,30970984,28927
ENSG00000229695,43681622,43680465,1157
ENSG00000229512,1763749,1763009,740
ENSG00000101911,12824222,12791355,32867
ENSG00000198342,12365905,12345944,19961
ENSG00000242553,37237744,37221419,16325
ENSG00000230366,37221736,37208503,13233
ENSG00000204348,31972290,31969810,2480
ENSG00000260807,981596,975761,5835
ENSG00000273993,128524810,127968779,556031
ENSG00000259721,32719007,32717270,1737
ENSG00000114248,169869930,169839179,30751
ENSG00000204464,15171317,15164344,6973
ENSG00000109339,86594625,85990007,604618
ENSG00000258388,32171978,32153845,18133
ENSG00000260022,885090,883780,1310
ENSG00000276931,969012,968375,637
ENSG00000088782,159163,157470,1693
ENSG00000083223,86354454,86287733,66721
ENSG00000103227,981318,853634,127684
ENSG00000185982,189681,187853,1828
ENSG00000101849,9741037,9463295,277742
ENSG00000128040,56821742,56809860,11882
ENSG00000083454,3696240,3672199,24041
ENSG00000064932,1174268,1107637,66631
ENSG00000232768,31051034,31050872,162
ENSG00000237329,31037240,31036734,506
ENSG00000285662,46751733,46740571,11162
ENSG00000125903,229886,227258,2628
ENSG00000168060,65058553,65044818,13735
ENSG00000134644,31065991,30931506,134485
ENSG00000224097,39481905,39480255,1650
ENSG00000234579,30991426,30986939,4487
ENSG00000241684,65053439,64684909,368530
ENSG00000158089,31155202,30910467,244735
ENSG00000183186,409147,405445,3702
ENSG00000279236,62552505,62551203,1302
ENSG00000280913,46759740,46753605,6135
ENSG00000121897,39485109,39458587,26522
ENSG00000238255,30687055,30686326,729
ENSG00000271377,60906452,60906059,393
ENSG00000241255,33237409,33237008,401
ENSG00000215097,46776180,46774421,1759
ENSG00000204177,46811989,46786674,25315
ENSG00000251538,122730685,122628952,101733
ENSG00000236208,49299018,49296112,2906
ENSG00000230180,16803353,16803233,120
ENSG00000240058,122676755,122675795,960
ENSG00000086712,16844519,16786432,58087
ENSG00000269001,53214522,53197111,17411
ENSG00000254777,60966557,60910053,56504
ENSG00000285085,32154373,32150495,3878
ENSG00000241003,94688610,94688228,382
ENSG00000266340,30980250,30978610,1640
ENSG00000256518,72159734,72158822,912
ENSG00000264743,30975954,30975387,567
ENSG00000264456,30973312,30971652,1660
ENSG00000206524,29087300,29086195,1105
ENSG00000267809,53224879,53223973,906
ENSG00000221988,32163678,32153441,10237
ENSG00000265366,46786770,46759019,27751
ENSG00000255397,60939871,60937705,2166
ENSG00000232777,43115709,43115334,375
ENSG00000254802,60967775,60965802,1973
ENSG00000080189,46364458,46345980,18478
ENSG00000196778,4493497,4482646,10851
ENSG00000236663,43141092,43140523,569
ENSG00000111880,88963618,88609897,353721
ENSG00000206523,29101875,29100937,938
ENSG00000230308,30407632,30390376,17256
ENSG00000226616,4515924,4514966,958
ENSG00000228120,43162277,43159066,3211
ENSG00000197790,4546144,4545191,953
ENSG00000206522,29112818,29111883,935
ENSG00000110195,72196323,72189558,6765
ENSG00000171987,4577820,4571423,6397
ENSG00000225184,29128899,29124201,4698
ENSG00000269124,46340004,46320197,19807
ENSG00000248851,16308167,16307456,711
ENSG00000233506,29138804,29137868,936
ENSG00000234746,29174571,29173300,1271
ENSG00000124440,46343433,46297046,46387
ENSG00000227669,29882089,29879367,2722
ENSG00000125753,45526983,45506579,20404
ENSG00000108528,4940053,4937130,2923
ENSG00000231430,29825584,29824605,979
ENSG00000102054,16870414,16839283,31131
ENSG00000235346,29828345,29824187,4158
ENSG00000267014,29013955,29002555,11400
ENSG00000105011,14136613,14119512,17101
ENSG00000115204,27325680,27309492,16188
ENSG00000270177,134227827,134226410,1417
ENSG00000182568,18445588,18345377,100211
ENSG00000070061,108934124,108867517,66607
ENSG00000081059,134151865,134114681,37184
ENSG00000186297,26949208,26866911,82297
ENSG00000160202,43172805,43169008,3797
ENSG00000169436,138914041,138588235,325806
ENSG00000158987,131635236,131423921,211315
ENSG00000267783,14119537,14119106,431
ENSG00000226288,4593340,4581743,11597
ENSG00000232268,4596574,4593614,2960
ENSG00000263229,41118842,41117663,1179
ENSG00000233627,32003521,31999976,3545
ENSG00000260439,934495,921033,13462
ENSG00000218297,29182450,29181515,935
ENSG00000204344,31982821,31971091,11730
ENSG00000260316,905224,898967,6257
ENSG00000223802,18896727,18868545,28182
ENSG00000186458,261096,257724,3372
ENSG00000133884,65354262,65333852,20410
ENSG00000225032,127822520,127816066,6454
ENSG00000106991,127854756,127815012,39744
ENSG00000211673,22881396,22880706,690
ENSG00000253729,47960183,47773108,187075
ENSG00000278608,70176862,70043581,133281
ENSG00000278268,93184928,93182196,2732
ENSG00000173258,111577844,111525159,52685
ENSG00000211675,22895834,22895375,459
ENSG00000211674,22893818,22893692,126
ENSG00000225618,30051969,29990956,61013
ENSG00000255860,72177954,72172455,5499
ENSG00000254709,22896107,22887780,8327
ENSG00000204971,72209241,72163322,45919
ENSG00000277517,70181968,70153120,28848
ENSG00000277409,70113866,70087297,26569
ENSG00000226645,116774205,116773389,816
ENSG00000269288,53241913,53240675,1238
ENSG00000197928,53254898,53235381,19517
ENSG00000167118,128392016,128371319,20697
ENSG00000225675,53336509,53328233,8276
ENSG00000124116,45791932,45747944,43988
ENSG00000235740,143562031,143554325,7706
ENSG00000274570,73111140,73104201,6939
ENSG00000118491,143938356,143864436,73920
ENSG00000174384,73105389,73093657,11732
ENSG00000285954,53365473,53344031,21442
ENSG00000226938,53349233,53348488,745
ENSG00000237687,62700480,62695024,5456
ENSG00000275947,93187089,93184951,2138
ENSG00000240128,169904260,169902980,1280
ENSG00000230138,53368245,53366668,1577
ENSG00000269694,18883376,18881680,1696
ENSG00000130283,18896158,18868545,27613
ENSG00000224644,111575427,111574192,1235
ENSG00000228433,32622083,32621084,999
ENSG00000275566,54797223,54780466,16757
ENSG00000281847,93218586,93184973,33613
ENSG00000238220,32625096,32624416,680
ENSG00000168061,65044828,65040901,3927
ENSG00000101188,62762771,62708836,53935
ENSG00000282211,106063454,106062920,534
ENSG00000275619,93207094,93202894,4200
ENSG00000025800,32176563,32108056,68507
ENSG00000280562,93224139,93223598,541
ENSG00000263236,41124635,41123559,1076
ENSG00000223669,62735347,62732566,2781
ENSG00000278787,93229215,93207056,22159
ENSG00000272593,128392016,128391461,555
ENSG00000236253,53440020,53413149,26871
ENSG00000207955,128393510,128392007,1503
ENSG00000262218,41292529,41291504,1025
ENSG00000249116,1884649,1883966,683
ENSG00000263103,41270488,41270282,206
ENSG00000228458,29983550,29983154,396
ENSG00000267635,41265882,41265358,524
ENSG00000229293,29889304,29888173,1131
ENSG00000113430,1887236,1877413,9823
ENSG00000264444,68867028,68866517,511
ENSG00000235764,30023296,30022006,1290
ENSG00000166206,26939539,26543546,395993
ENSG00000276092,68721560,68721082,478
ENSG00000230357,29900245,29899383,862
ENSG00000280148,143938471,143857318,81153
ENSG00000226713,29962411,29960749,1662
ENSG00000233369,73207283,73154938,52345
ENSG00000150636,69055189,68715209,339980
ENSG00000235657,29999797,29879362,120435
ENSG00000135521,143863812,143843338,20474
ENSG00000074410,63381846,63321378,60468
ENSG00000108344,39997959,39980807,17152
ENSG00000120278,150843665,150599883,243782
ENSG00000271032,35025335,35014961,10374
ENSG00000088812,3651118,3471018,180100
ENSG00000269303,35000170,34998233,1937
ENSG00000089351,35026471,34994784,31687
ENSG00000233523,73188736,73187969,767
ENSG00000196865,113917194,113854661,62533
ENSG00000257065,143844617,143807092,37525
ENSG00000279599,3371602,3371395,207
ENSG00000254702,107738718,107736009,2709
ENSG00000280103,3355955,3355554,401
ENSG00000112419,143831185,143536845,294340
ENSG00000234055,129100266,129097854,2412
ENSG00000095321,129111189,129094794,16395
ENSG00000103932,41544269,41517176,27093
ENSG00000232891,150605850,150600834,5016
ENSG00000224029,150626086,150624677,1409
ENSG00000273584,68908599,68908048,551
ENSG00000263637,68754583,68753179,1404
ENSG00000226599,150652025,150650772,1253
ENSG00000211676,22899655,22899481,174
ENSG00000264472,68902255,68899781,2474
ENSG00000270441,49160851,49140086,20765
ENSG00000213089,150828384,150827663,721
ENSG00000211677,22901437,22900976,461
ENSG00000264236,68993375,68992718,657
ENSG00000211678,22905025,22904850,175
ENSG00000177352,49166331,49162535,3796
ENSG00000211679,22906803,22906342,461
ENSG00000283972,21203755,21193360,10395
ENSG00000228705,62775412,62774128,1284
ENSG00000284954,32154365,32152802,1563
ENSG00000248333,1659012,1635227,23785
ENSG00000133475,21227637,21207973,19664
ENSG00000236570,18539899,18538673,1226
ENSG00000274840,18041603,18013226,28377
ENSG00000143006,53467488,53459399,8089
ENSG00000214286,17878169,17877455,714
ENSG00000285731,17205165,17141015,64150
ENSG00000196562,47786616,47656348,130268
ENSG00000226402,30103024,30092809,10215
ENSG00000213383,17872598,17871729,869
ENSG00000226238,17995544,17990023,5521
ENSG00000101365,2664219,2658395,5824
ENSG00000227309,17465510,17465150,360
ENSG00000168630,45750074,45749920,154
ENSG00000067221,73994622,73978926,15696
ENSG00000081913,62980433,62715541,264892
ENSG00000241404,32168281,32164595,3686
ENSG00000131374,18444817,17157162,1287655
ENSG00000179869,48647497,48171458,476039
ENSG00000155096,102893864,102826308,67556
ENSG00000267728,41256311,41255319,992
ENSG00000250135,32176568,32170733,5835
ENSG00000267208,41238465,41238001,464
ENSG00000262512,41250585,41249619,966
ENSG00000141946,57145202,57134096,11106
ENSG00000278147,45080189,45079849,340
ENSG00000254586,17697471,17695022,2449
ENSG00000249163,45083977,45083045,932
ENSG00000255335,17696940,17695267,1673
ENSG00000270123,136080597,136080470,127
ENSG00000270293,57150978,57150513,465
ENSG00000262749,41233453,41232462,991
ENSG00000244039,169933229,169931998,1231
ENSG00000187033,169939175,169911572,27603
ENSG00000260978,23569657,23567264,2393
ENSG00000258873,57167443,57154021,13422
ENSG00000129152,17722136,17719571,2565
ENSG00000213721,42113620,42113365,255
ENSG00000186765,81537130,81528396,8734
ENSG00000179455,23630075,23565674,64401
ENSG00000106571,42237870,41960949,276921
ENSG00000060491,62814000,62804835,9165
ENSG00000102755,28495145,28300346,194799
ENSG00000163682,39458949,39452521,6428
ENSG00000040531,3661542,3636468,25074
ENSG00000270790,57151860,57151587,273
ENSG00000243007,72379710,72379215,495
ENSG00000282462,142679152,142678692,460
ENSG00000282644,106089344,106088893,451
ENSG00000282036,142683964,142683514,450
ENSG00000282401,106109178,106108743,435
ENSG00000282449,142688229,142687733,496
ENSG00000180581,91807439,91807179,260
ENSG00000238027,30104642,30095152,9490
ENSG00000107854,91865475,91798426,67049
ENSG00000224336,9547147,9544917,2230
ENSG00000211680,22910606,22910574,32
ENSG00000231312,39665343,39436637,228706
ENSG00000254029,22911075,22910828,247
ENSG00000282322,106117975,106117406,569
ENSG00000249360,33503135,33502072,1063
ENSG00000211681,22914308,22914237,71
ENSG00000236786,9550681,9548108,2573
ENSG00000250583,33522230,33519616,2614
ENSG00000282730,142697550,142697038,512
ENSG00000230568,3491005,3489529,1476
ENSG00000081014,51005895,50908672,97223
ENSG00000164621,136134890,136129507,5383
ENSG00000254030,22915927,22915635,292
ENSG00000281964,106121244,106120978,266
ENSG00000261187,72466262,72465128,1134
ENSG00000211682,22918201,22918132,69
ENSG00000282366,106123480,106123191,289
ENSG00000222037,22919851,22919535,316
ENSG00000261423,72475168,72407778,67390
ENSG00000282017,142708391,142706945,1446
ENSG00000113658,136188747,136132845,55902
ENSG00000211684,22921435,22921390,45
ENSG00000231436,9621276,9610571,10705
ENSG00000187806,72408029,72398273,9756
ENSG00000211685,22923034,22922594,440
ENSG00000237472,22988581,22988263,318
ENSG00000282286,106130843,106130311,532
ENSG00000223679,23008356,22990690,17666
ENSG00000281963,142711917,142711413,504
ENSG00000282569,106143348,106143058,290
ENSG00000204310,32178096,32168212,9884
ENSG00000234110,9626352,9624183,2169
ENSG00000177354,49327492,49299170,28322
ENSG00000166233,72602987,72474330,128657
ENSG00000108219,80533124,80454166,78958
ENSG00000151388,33892019,33523535,368484
ENSG00000112079,36547479,36493892,53587
ENSG00000262788,69169025,69142116,26909
ENSG00000274602,18577968,18533646,44322
ENSG00000196131,53261837,53258292,3545
ENSG00000269321,48147413,48145908,1505
ENSG00000228567,53267723,53266676,1047
ENSG00000235401,29216210,29215267,943
ENSG00000105486,48170603,48115445,55158
ENSG00000269758,53270932,53267870,3062
ENSG00000169021,29213151,29205320,7831
ENSG00000011566,39437301,39249266,188035
ENSG00000113558,134177038,134148935,28103
ENSG00000189348,53284944,53281559,3385
ENSG00000068976,64759974,64746389,13585
ENSG00000224392,29230188,29229258,930
ENSG00000163098,53291622,53289601,2021
ENSG00000231361,12373731,12373609,122
ENSG00000267498,29215815,29213235,2580
ENSG00000280277,88966587,88964527,2060
ENSG00000229873,62805587,62800627,4960
ENSG00000220130,89001814,89001548,266
ENSG00000251547,29418105,29417159,946
ENSG00000269118,53308644,53299051,9593
ENSG00000220960,89060109,89059628,481
ENSG00000101189,62801729,62796473,5256
ENSG00000174677,53316043,53315137,906
ENSG00000240130,29431843,29422486,9357
ENSG00000206517,29456943,29425381,31562
ENSG00000268379,57177921,57175233,2688
ENSG00000227899,30702703,30692588,10115
ENSG00000220550,29440853,29439182,1671
ENSG00000206481,30707408,30689327,18081
ENSG00000276251,29221666,29220864,802
ENSG00000276631,29223137,29222542,595
ENSG00000237864,43332039,43322417,9622
ENSG00000239219,169966734,169939353,27381
ENSG00000259115,70641204,70593314,47890
ENSG00000253508,27193448,27186573,6875
ENSG00000245466,70641298,70608798,32500
ENSG00000240990,27189298,27184507,4791
ENSG00000240373,169985715,169978536,7179
ENSG00000187135,29564479,29526499,37980
ENSG00000133997,70600690,70581257,19433
ENSG00000244193,169946754,169945987,767
ENSG00000008952,169998373,169966635,31738
ENSG00000178695,76886390,76880166,6224
ENSG00000264515,29525752,29287011,238741
ENSG00000240898,3665702,3665220,482
ENSG00000224296,64675387,64674853,534
ENSG00000127774,3669668,3668812,856
ENSG00000266248,29526948,29489775,37173
ENSG00000278727,76891135,76887551,3584
ENSG00000263090,41227652,41226648,1004
ENSG00000279387,29509041,29506966,2075
ENSG00000118903,76928836,76928066,770
ENSG00000267574,29448380,29448038,342
ENSG00000262542,41291481,41290456,1025
ENSG00000237989,43362349,43358147,4202
ENSG00000005073,27185223,27181510,3713
ENSG00000226575,33261101,33260584,517
ENSG00000263115,41269440,41269234,206
ENSG00000257950,3696194,3663063,33131
ENSG00000225637,43366566,43363332,3234
ENSG00000242793,26851610,26851132,478
ENSG00000171497,158723396,158709127,14269
ENSG00000100218,23145021,23059415,85606
ENSG00000235518,26658763,26657030,1733
ENSG00000271072,72451474,72450657,817
ENSG00000260534,72591845,72589691,2154
ENSG00000278840,26557937,26557598,339
ENSG00000213977,3668679,3662895,5784
ENSG00000206516,29464201,29457053,7148
ENSG00000269755,12484816,12433103,51713
ENSG00000236483,12504106,12502675,1431
ENSG00000145642,64718190,64690442,27748
ENSG00000196466,12401271,12390016,11255
ENSG00000262903,3658092,3655621,2471
ENSG00000083844,57222846,57191500,31346
ENSG00000129946,460996,416583,44413
ENSG00000227917,102941,100804,2137
ENSG00000235238,29636343,29636060,283
ENSG00000282796,106146902,106146662,240
ENSG00000249326,1900493,1887332,13161
ENSG00000112782,46080348,45880827,199521
ENSG00000205208,158672255,158666675,5580
ENSG00000254689,81923199,81842618,80581
ENSG00000226127,32473766,32460601,13165
ENSG00000254585,23647867,23643549,4318
ENSG00000236722,58511676,58511310,366
ENSG00000231942,81808726,81807772,954
ENSG00000168306,58537283,58505136,32147
ENSG00000253334,81815714,81791823,23891
ENSG00000196826,12551474,12461559,89915
ENSG00000142178,43427189,43414483,12706
ENSG00000104497,81842866,81799581,43285
ENSG00000230321,12505976,12504905,1071
ENSG00000153006,64768691,64718148,50543
ENSG00000171503,158709623,158672125,37498
ENSG00000268744,12401274,12379189,22085
ENSG00000281972,142722530,142722076,454
ENSG00000180855,12441021,12429706,11315
ENSG00000226223,9640716,9640249,467
ENSG00000281968,142736853,142736369,484
ENSG00000128266,23125032,23070519,54513
ENSG00000231808,113754,112713,1041
ENSG00000271931,89080667,89080164,503
ENSG00000282290,106154934,106154393,541
ENSG00000270890,143858689,143858062,627
ENSG00000170122,118204,116231,1973
ENSG00000206406,31663777,31655467,8310
ENSG00000272874,268857,267186,1671
ENSG00000225458,42063969,41991140,72829
ENSG00000227384,32540151,32526470,13681
ENSG00000248994,1959176,1933863,25313
ENSG00000242852,12513854,12461184,52670
ENSG00000228959,42015478,42014034,1444
ENSG00000282047,142752625,142752085,540
ENSG00000279011,10057807,10057502,305
ENSG00000223651,41999397,41997131,2266
ENSG00000196476,290778,270863,19915
ENSG00000232617,9669010,9665229,3781
ENSG00000279755,10064476,10064243,233
ENSG00000278874,10070841,10070531,310
ENSG00000102794,76958642,76948497,10145
ENSG00000248597,1967154,1963609,3545
ENSG00000228001,30138662,30126032,12630
ENSG00000280016,10082772,10082571,201
ENSG00000282631,106164573,106164354,219
ENSG00000224044,29469679,29464469,5210
ENSG00000249807,10138365,10137138,1227
ENSG00000230463,32572041,32558296,13745
ENSG00000282234,142756563,142756048,515
ENSG00000227859,29475944,29474898,1046
ENSG00000232639,33287847,33287152,695
ENSG00000280449,10169006,10168783,223
ENSG00000282653,106166501,106165976,525
ENSG00000230511,28784004,28783633,371
ENSG00000206515,29487775,29486639,1136
ENSG00000249731,1969013,1968094,919
ENSG00000279489,35003663,35001913,1750
ENSG00000116990,39902256,39895426,6830
ENSG00000248406,12383687,12379746,3941
ENSG00000273597,35002994,35001342,1652
ENSG00000182636,23687330,23685400,1930
ENSG00000269693,12580975,12525720,55255
ENSG00000235460,28839015,28837878,1137
ENSG00000281742,70929779,70912599,17180
ENSG00000070756,100722809,100685816,36993
ENSG00000233873,76981916,76981175,741
ENSG00000232579,12504890,12504665,225
ENSG00000167333,4608231,4598672,9559
ENSG00000213290,12561105,12559571,1534
ENSG00000275733,2262023,2261859,164
ENSG00000233148,35011285,35010703,582
ENSG00000282561,106175531,106175113,418
ENSG00000105171,29617237,29606283,10954
ENSG00000249709,12551542,12525373,26169
ENSG00000224158,28862056,28861425,631
ENSG00000225604,28863359,28859634,3725
ENSG00000183385,9693957,9691100,2857
ENSG00000255804,22644352,22630929,13423
ENSG00000236546,39899098,39897745,1353
ENSG00000165606,49396016,49364181,31835
ENSG00000281560,2715237,2712591,2646
ENSG00000165671,177300215,177133025,167190
ENSG00000282812,142761862,142761362,500
ENSG00000188033,12640098,12576100,63998
ENSG00000275407,54769049,54754722,14327
ENSG00000234208,29535390,29513889,21501
ENSG00000105146,57235548,57230802,4746
ENSG00000282659,106181290,106180325,965
ENSG00000184117,29581337,29554808,26529
ENSG00000259757,2737759,2736662,1097
ENSG00000282270,142763466,142763060,406
ENSG00000282716,106186165,106185670,495
ENSG00000158092,136951606,136862208,89398
ENSG00000260232,24090821,23912411,178410
ENSG00000262221,41265327,41264289,1038
ENSG00000267526,60064782,60063004,1778
ENSG00000125971,34540958,34516409,24549
ENSG00000234003,12508030,12506249,1781
ENSG00000265069,6957419,6954677,2742
ENSG00000147852,2660056,2621787,38269
ENSG00000282628,142781607,142780919,688
ENSG00000101680,7117797,6941742,176055
ENSG00000068097,60078931,60043194,35737
ENSG00000173875,12633840,12610918,22922
ENSG00000276258,54752475,54738568,13907
ENSG00000262594,41244994,41244014,980
ENSG00000262946,41260465,41259941,524
ENSG00000101298,1309328,1266280,43048
ENSG00000263263,41255271,41253969,1302
ENSG00000281996,106197761,106197471,290
ENSG00000259378,50945996,50944663,1333
ENSG00000101888,109544690,109535781,8909
ENSG00000168509,146036746,146017468,19278
ENSG00000227597,108277942,108276812,1130
ENSG00000226680,123103589,123069249,34340
ENSG00000127824,219278170,219249710,28460
ENSG00000196228,108265351,108247195,18156
ENSG00000128519,122995700,122994704,996
ENSG00000236877,108226331,108226015,316
ENSG00000225328,108217841,108167748,50093
ENSG00000277011,132284606,132282814,1792
ENSG00000229890,108099492,108099110,382
ENSG00000256542,132280900,132277349,3551
ENSG00000231221,108052755,108049200,3555
ENSG00000256943,132278329,132275391,2938
ENSG00000279480,132201287,132200436,851
ENSG00000119630,74955626,74941834,13792
ENSG00000166669,10483638,10326434,157204
ENSG00000116906,231277973,231241207,36766
ENSG00000163071,52097299,52051304,45995
ENSG00000230843,56299160,56295967,3193
ENSG00000235594,56269231,56267872,1359
ENSG00000265972,145996600,145992435,4165
ENSG00000230324,39224748,39213777,10971
ENSG00000173660,46316776,46303698,13078
ENSG00000268635,77477030,77473371,3659
ENSG00000115665,108013994,107986523,27471
ENSG00000124089,56249815,56248732,1083
ENSG00000225421,198772356,198493242,279114
ENSG00000236653,198375116,198299363,75753
ENSG00000115661,219250337,219245455,4882
ENSG00000286020,197836326,197817423,18903
ENSG00000165359,135582510,135520643,61867
ENSG00000225235,135520674,135520083,591
ENSG00000143633,231241187,231223763,17424
ENSG00000243910,219272188,219253243,18945
ENSG00000182870,132329589,132196372,133217
ENSG00000278872,132280900,132279256,1644
ENSG00000121101,58692055,58556678,135377
ENSG00000271158,135465484,135464329,1155
ENSG00000264672,58556977,58519837,37140
ENSG00000273988,135447368,135445897,1471
ENSG00000205250,67198918,67192155,6763
ENSG00000155966,149000663,148500619,500044
ENSG00000115896,198572581,197804593,767988
ENSG00000237035,198191521,198187802,3719
ENSG00000215000,109342697,109341813,884
ENSG00000227744,238926269,238919302,6967
ENSG00000135679,68850686,68808177,42509
ENSG00000237745,107915286,107914948,338
ENSG00000233608,238910534,238848032,62502
ENSG00000227270,107904241,107903964,277
ENSG00000233494,107903134,107902997,137
ENSG00000230626,129130793,129126518,4275
ENSG00000133124,108736409,108732482,3927
ENSG00000256312,132190997,132190213,784
ENSG00000226992,238789716,238788648,1068
ENSG00000240416,129117827,129117513,314
ENSG00000260548,108732687,108722070,10617
ENSG00000224252,238735547,238735263,284
ENSG00000241573,129096735,129096027,708
ENSG00000256576,132189695,132186735,2960
ENSG00000256664,68842384,68841946,438
ENSG00000234279,238740780,238720324,20456
ENSG00000257289,68914022,68913804,218
ENSG00000261409,108724944,108719949,4995
ENSG00000225493,238555054,238510690,44364
ENSG00000242162,129066462,129066021,441
ENSG00000235710,231187627,231184098,3529
ENSG00000166130,98645113,98613405,31708
ENSG00000237741,148500615,148498113,2502
ENSG00000176970,148465428,148464708,720
ENSG00000233467,148198878,148198014,864
ENSG00000135476,53293643,53268299,25344
ENSG00000139572,54364487,54362445,2042
ENSG00000196862,107890841,107826937,63904
ENSG00000114982,96642787,96593170,49617
ENSG00000184967,132152473,132144457,8016
ENSG00000161267,197573323,197509783,63540
ENSG00000119283,231221556,231162112,59444
ENSG00000163521,219245478,219236598,8880
ENSG00000225769,135438634,135432960,5674
ENSG00000178947,135428075,135421944,6131
ENSG00000229015,135397764,135396429,1335
ENSG00000274346,238457520,238454908,2612
ENSG00000229915,238427729,238427077,652
ENSG00000173275,135363152,135344796,18356
ENSG00000149269,77474635,77321707,152928
ENSG00000065802,238452250,238426742,25508
ENSG00000229595,231118325,231117831,494
ENSG00000227934,231022183,231021611,572
ENSG00000182118,231040254,231018958,21296
ENSG00000119004,203305611,203238940,66671
ENSG00000173599,66958439,66848417,110022
ENSG00000162923,224437033,224385143,51890
ENSG00000233384,224616220,224611404,4816
ENSG00000229400,224730662,224717504,13158
ENSG00000229991,224575389,224574434,955
ENSG00000173621,66860475,66856647,3828
ENSG00000234247,224661886,224661173,713
ENSG00000122218,160343400,160288686,54714
ENSG00000254440,138218491,138215986,2505
ENSG00000235082,160317706,160317403,303
ENSG00000152430,197786762,197726879,59883
ENSG00000173409,231000733,230978981,21752
ENSG00000222017,197774823,197693106,81717
ENSG00000203729,182414815,182407621,7194
ENSG00000247626,197708387,197705369,3018
ENSG00000143786,224740554,224434660,305894
ENSG00000161642,54391298,54369133,22165
ENSG00000170632,103099759,103074881,24878
ENSG00000224415,103141939,103141349,590
ENSG00000214612,18505066,18504633,433
ENSG00000257477,54429403,54428303,1100
ENSG00000270419,163413960,163413065,895
ENSG00000163516,219236669,219229757,6912
ENSG00000258137,54497688,54353661,144027
ENSG00000103051,70523558,70480568,42990
ENSG00000285726,163353220,163348019,5201
ENSG00000217514,163363463,163363210,253
ENSG00000131951,60063559,59919713,143846
ENSG00000112379,138344663,138161939,182724
ENSG00000261120,59920339,59919423,916
ENSG00000258553,60091783,59969116,122667
ENSG00000089050,18497225,18486540,10685
ENSG00000170627,54473602,54455950,17652
ENSG00000249715,96704887,96642737,62150
ENSG00000285564,163346744,163338394,8350
ENSG00000229786,25887610,25887360,250
ENSG00000223624,25889109,25888970,139
ENSG00000161048,103149560,103099776,49784
ENSG00000233025,103089610,103088664,946
ENSG00000186376,135344109,135248920,95189
ENSG00000274024,135298585,135297046,1539
ENSG00000284994,135330743,135327758,2985
ENSG00000071967,171558129,171522247,35882
ENSG00000238210,135253583,135252061,1522
ENSG00000166770,56500666,56477250,23416
ENSG00000283644,135309659,135309480,179
ENSG00000204104,238400897,238320441,80456
ENSG00000279405,56483977,56480397,3580
ENSG00000162944,197676045,197568224,107821
ENSG00000276578,56494280,56485923,8357
ENSG00000233762,171517716,171517270,446
ENSG00000234061,171493095,171492905,190
ENSG00000123130,23766475,23701055,65420
ENSG00000185163,132144319,132136594,7725
ENSG00000182544,53254405,53251251,3154
ENSG00000161638,54419266,54395261,24005
ENSG00000269833,135237408,135236895,513
ENSG00000228922,135215232,135201731,13501
ENSG00000121446,182560599,182409192,151407
ENSG00000232991,107822129,107754112,68017
ENSG00000198046,56478065,56439325,38740
ENSG00000236491,135194679,135180255,14424
ENSG00000238018,54680045,54661011,19034
ENSG00000108389,58517905,58489529,28376
ENSG00000283536,53242723,53241889,834
ENSG00000237887,54529801,54529343,458
ENSG00000234943,54546677,54545368,1309
ENSG00000270443,182434461,182433893,568
ENSG00000233537,182442362,182441577,785
ENSG00000232582,135135770,135135149,621
ENSG00000112378,138107419,138088505,18914
ENSG00000227573,122850352,122849746,606
ENSG00000112414,142446266,142301854,144412
ENSG00000235459,122681662,122681315,347
ENSG00000249962,89645223,89644603,620
ENSG00000117632,25906991,25884181,22810
ENSG00000225836,89650822,89646289,4533
ENSG00000179044,67190185,67184379,5806
ENSG00000143771,224379459,224356858,22601
ENSG00000225588,107407329,107362282,45047
ENSG00000219507,148052746,148052233,513
ENSG00000224568,107556326,107529487,26839
ENSG00000229457,107365873,107254691,111182
ENSG00000237880,107542649,107385632,157017
ENSG00000203730,182400616,182398117,2499
ENSG00000000460,169854080,169662007,192073
ENSG00000176988,148026665,147981337,45328
ENSG00000143643,230978875,230906243,72632
ENSG00000286218,106996422,106974224,22198
ENSG00000226905,106963674,106963193,481
ENSG00000256804,132126764,132126461,303
ENSG00000198855,108525837,108515277,10560
ENSG00000232306,238300620,238295392,5228
ENSG00000152782,89645572,89579497,66075
ENSG00000232936,89650667,89645282,5385
ENSG00000188404,169711702,169690665,21037
ENSG00000157379,24299780,24290598,9182
ENSG00000062716,59842255,59707192,135063
ENSG00000267637,59785035,59784813,222
ENSG00000264735,81966589,81965632,957
ENSG00000274670,132083779,132083540,239
ENSG00000229224,29097525,29096843,682
ENSG00000144485,238240662,238238267,2395
ENSG00000134285,48926474,48921518,4956
ENSG00000257000,132080460,132077803,2657
ENSG00000285543,10227581,10214784,12797
ENSG00000283635,238300185,238289127,11058
ENSG00000141378,59707626,59674636,32990
ENSG00000273702,59619714,59618553,1161
ENSG00000162894,206923247,206903317,19930
ENSG00000234452,89468140,89456064,12076
ENSG00000152779,89556641,89430299,126342
ENSG00000226945,206908229,206907619,610
ENSG00000007908,169764705,169722640,42065
ENSG00000132326,238290102,238244044,46058
ENSG00000230704,169764648,169762929,1719
ENSG00000171806,169794963,169792529,2434
ENSG00000225057,238255633,238231684,23949
ENSG00000134287,48957487,48935723,21764
ENSG00000163291,78939438,78887127,52311
ENSG00000162992,181680876,181673088,7788
ENSG00000183495,132081102,131949920,131182
ENSG00000115306,54671446,54456317,215129
ENSG00000185269,81961840,81952507,9333
ENSG00000228108,54540697,54516048,24649
ENSG00000139537,48931840,48904110,27730
ENSG00000223393,230879015,230874846,4169
ENSG00000183682,39529869,39491636,38233
ENSG00000271680,206906393,206905928,465
ENSG00000000457,169894267,169849631,44636
ENSG00000186235,238231677,238224552,7125
ENSG00000138756,78916372,78776342,140030
ENSG00000075856,108561400,108522214,39186
ENSG00000141367,59696956,59619689,77267
ENSG00000247213,108492585,108434130,58455
ENSG00000119280,230869589,230837119,32470
ENSG00000243970,39559671,39522280,37391
ENSG00000237624,39516490,39514956,1534
ENSG00000064419,129055173,128954180,100993
ENSG00000225656,230824707,230823641,1066
ENSG00000225419,18486052,18485265,787
ENSG00000255717,62855914,62851988,3926
ENSG00000054803,56005472,55997440,8032
ENSG00000177192,131945896,131929200,16696
ENSG00000273568,131934928,131934642,286
ENSG00000126467,49763306,49739753,23553
ENSG00000275106,128953316,128952527,789
ENSG00000255992,131929351,131924736,4615
ENSG00000162891,206869223,206865354,3869
ENSG00000249253,130293760,130293337,423
ENSG00000236528,25863420,25859613,3807
ENSG00000146918,158704829,158631311,73518
ENSG00000219463,137996147,137995270,877
ENSG00000182749,25871253,25861210,10043
ENSG00000157890,66253747,65895079,358668
ENSG00000081803,122886759,122318411,568348
ENSG00000248725,85246912,85246157,755
ENSG00000279520,2517999,2516658,1341
ENSG00000162777,111204535,111185969,18566
ENSG00000235061,78554751,78554412,339
ENSG00000224755,78520186,78519593,593
ENSG00000075407,38150293,38094334,55959
ENSG00000251040,52046954,52044805,2149
ENSG00000234941,38250603,38250442,161
ENSG00000185883,2520218,2513952,6266
ENSG00000240499,122440388,122328469,111919
ENSG00000142224,206842981,206798870,44111
ENSG00000188050,122699156,122697712,1444
ENSG00000173198,78327691,78271468,56223
ENSG00000231884,48181726,48181547,179
ENSG00000225795,122676811,122676580,231
ENSG00000273262,102483559,102483039,520
ENSG00000138111,102477045,102461395,15650
ENSG00000247049,181230685,181224646,6039
ENSG00000132323,238203708,238170402,33306
ENSG00000163069,52038482,52020706,17776
ENSG00000226113,38333155,38247922,85233
ENSG00000138107,102502712,102461881,40831
ENSG00000225965,38161749,38161570,179
ENSG00000272983,38144399,38137337,7062
ENSG00000283930,38360098,38094368,265730
ENSG00000224761,38212417,38164648,47769
ENSG00000223592,78172422,78165696,6726
ENSG00000099251,38378505,38356380,22125
ENSG00000203761,155750137,155745829,4308
ENSG00000167771,63917164,63911230,5934
ENSG00000234937,155846624,155845367,1257
ENSG00000235631,122702922,122701668,1254
ENSG00000173726,235128837,235109341,19496
ENSG00000273416,235104609,235104180,429
ENSG00000233018,235097412,235097187,225
ENSG00000280587,235074220,235065479,8741
ENSG00000258082,234980804,234979647,1157
ENSG00000103274,10769351,10743786,25565
ENSG00000274977,240701685,240701204,481
ENSG00000158769,161021343,160995211,26132
ENSG00000232879,161035006,161034834,172
ENSG00000184945,240698483,240691845,6638
ENSG00000238005,234970062,234957342,12720
ENSG00000237520,234959989,234957231,2758
ENSG00000286263,234932653,234811052,121601
ENSG00000270149,161038962,160997957,41005
ENSG00000123992,219400022,219373527,26495
ENSG00000227630,234736720,234724042,12678
ENSG00000144893,151437072,151085697,351375
ENSG00000219159,240690414,240686334,4080
ENSG00000282097,234720220,234709383,10837
ENSG00000251105,54076848,54076625,223
ENSG00000174944,151278542,151212117,66425
ENSG00000250147,54087783,54086926,857
ENSG00000181631,151329549,151326312,3237
ENSG00000185176,240682906,240676418,6488
ENSG00000138271,151316952,151294086,22866
ENSG00000198358,160949922,160932465,17457
ENSG00000231203,183072486,183071040,1446
ENSG00000276949,240672812,240672530,282
ENSG00000152580,151458709,151425384,33325
ENSG00000272362,234647571,234644666,2905
ENSG00000241475,234667104,234660271,6833
ENSG00000174946,151203201,151197832,5369
ENSG00000158764,160954809,160945025,9784
ENSG00000224939,234634780,234629311,5469
ENSG00000228830,234609483,234607008,2475
ENSG00000233691,160936126,160935537,589
ENSG00000168264,234609525,234604269,5256
ENSG00000213080,160896076,160894980,1096
ENSG00000286210,234539054,234535963,3091
ENSG00000230404,234570088,234565298,4790
ENSG00000005020,26995239,26667068,328171
ENSG00000226059,26983367,26982768,599
ENSG00000256546,122068616,122063306,5310
ENSG00000255856,122020063,122007434,12629
ENSG00000110987,122062044,122019422,42622
ENSG00000169756,108687246,108534355,152891
ENSG00000178623,240631259,240605430,25829
ENSG00000228763,108678601,108676795,1806
ENSG00000244703,207657410,207645234,12176
ENSG00000226289,207659142,207658454,688
ENSG00000197721,207738416,207645113,93303
ENSG00000285239,207711508,207709024,2484
ENSG00000257346,49093312,49090208,3104
ENSG00000239883,45972154,45854093,118061
ENSG00000264217,45940851,45940522,329
ENSG00000139549,49094801,49086656,8145
ENSG00000250894,13248652,13245863,2789
ENSG00000256950,121921470,121888809,32661
ENSG00000279804,13226106,13222705,3401
ENSG00000277672,49075802,49075039,763
ENSG00000118257,205798133,205681990,116143
ENSG00000279169,13201409,13196330,5079
ENSG00000241324,124349860,124337380,12480
ENSG00000242593,124489572,124032205,457367
ENSG00000230268,124476955,124476371,584
ENSG00000204505,13179464,13172455,7009
ENSG00000234224,124033023,124030916,2107
ENSG00000243574,124287544,124274679,12865
ENSG00000158006,25998117,25959767,38350
ENSG00000213296,124481395,124480524,871
ENSG00000225216,205764006,205756469,7537
ENSG00000243960,111441364,111438638,2726
ENSG00000116459,111462773,111448864,13909
ENSG00000231513,136098348,136097835,513
ENSG00000061676,183038858,182909115,129743
ENSG00000219930,136078631,136077844,787
ENSG00000262890,70802840,70802083,757
ENSG00000110801,121918297,121888731,29566
ENSG00000227192,143042324,143039425,2899
ENSG00000119801,30160533,30146941,13592
ENSG00000283053,90623611,90622143,1468
ENSG00000262381,10725296,10724620,676
ENSG00000263196,10723766,10723424,342
ENSG00000262259,10723355,10723065,290
ENSG00000260948,111433068,111431046,2022
ENSG00000158023,122003927,121918592,85335
ENSG00000238291,90467952,90462717,5235
ENSG00000236373,90540805,90402521,138284
ENSG00000142330,240617705,240586734,30971
ENSG00000224750,90502968,90454170,48798
ENSG00000167550,49070025,49064676,5349
ENSG00000188234,45853875,45825594,28281
ENSG00000229017,143038077,142966421,71656
ENSG00000278084,121874337,121874193,144
ENSG00000232789,219358983,219358870,113
ENSG00000227179,111391819,111382860,8959
ENSG00000280267,13155961,13148905,7056
ENSG00000262691,67263784,67261108,2676
ENSG00000231122,45817324,45815428,1896
ENSG00000269699,56840729,56774547,66182
ENSG00000233336,13147460,13146981,479
ENSG00000273367,234372811,234372186,625
ENSG00000166226,69601570,69585426,16144
ENSG00000270434,45812944,45812648,296
ENSG00000182698,219333177,219327409,5768
ENSG00000231663,234373593,234372807,786
ENSG00000229978,13131615,13128818,2797
ENSG00000268182,56657247,56643159,14088
ENSG00000275774,13116854,13115496,1358
ENSG00000256811,121857059,121856259,800
ENSG00000236179,13105689,13104403,1286
ENSG00000197951,56626481,56595264,31217
ENSG00000277862,13097971,13095179,2792
ENSG00000269793,56799602,56595313,204289
ENSG00000085978,233295674,233210051,85623
ENSG00000127903,56671783,56661980,9803
ENSG00000268067,56761215,56760933,282
ENSG00000235605,234357141,234356704,437
ENSG00000236358,234365828,234357006,8822
ENSG00000229571,13077884,13068677,9207
ENSG00000010361,49817376,49806869,10507
ENSG00000232166,234285541,234284972,569
ENSG00000236101,234027227,234026851,376
ENSG00000269194,49809738,49808933,805
ENSG00000277058,13062229,13060869,1360
ENSG00000183780,234324511,233904676,419835
ENSG00000233332,234215088,234212606,2482
ENSG00000236244,234272500,234268583,3917
ENSG00000231272,234274465,234261706,12759
ENSG00000183718,181261139,181254417,6722
ENSG00000122223,160862887,160830160,32727
ENSG00000172878,172082430,171999943,82487
ENSG00000226003,160848502,160848010,492
ENSG00000286125,56823395,56669941,153454
ENSG00000135723,67247481,67229387,18094
ENSG00000268407,56793249,56793048,201
ENSG00000157423,71230722,70802084,428638
ENSG00000225486,233836432,233836080,352
ENSG00000286109,233730746,233724454,6292
ENSG00000076555,109268226,109116595,151631
ENSG00000060718,103108872,102876467,232405
ENSG00000143751,225999343,225982702,16641
ENSG00000128708,171983686,171922448,61238
ENSG00000143674,233385148,233327724,57424
ENSG00000248322,225937557,225936411,1146
ENSG00000143768,225941383,225936598,4785
ENSG00000234257,103100704,103100143,561
ENSG00000260942,240586699,240582700,3999
ENSG00000135740,67272191,67237683,34508
ENSG00000255835,225924278,225886696,37582
ENSG00000172782,74893781,74877299,16482
ENSG00000188542,240564014,240560054,3960
ENSG00000260447,2120248,2119207,1041
ENSG00000115840,171999859,171783405,216454
ENSG00000236012,111380571,111380291,280
ENSG00000143811,225924340,225919877,4463
ENSG00000243709,225911382,225886282,25100
ENSG00000122224,160828261,160796074,32187
ENSG00000254726,156082465,156072013,10452
ENSG00000162998,182866637,182833275,33362
ENSG00000198300,56840728,56810077,30651
ENSG00000132698,156070504,156061160,9344
ENSG00000274562,160780140,160776975,3165
ENSG00000275801,160776608,160775954,654
ENSG00000076248,109110992,109097574,13418
ENSG00000247077,132722734,132710819,11915
ENSG00000116586,156058510,156054752,3758
ENSG00000136709,127811187,127701027,110160
ENSG00000160803,156053798,156035299,18499
ENSG00000173349,127705242,127701508,3734
ENSG00000176894,132704985,132687587,17398
ENSG00000256632,132714912,132688049,26863
ENSG00000101938,110795819,110673856,121963
ENSG00000189046,109093631,109088188,5443
ENSG00000204628,181248096,181236909,11187
ENSG00000232860,183472265,183460874,11391
ENSG00000225583,123932459,123932132,327
ENSG00000234020,111367409,111353275,14134
ENSG00000248275,181272307,181261212,11095
ENSG00000228042,110637672,110636841,831
ENSG00000233937,181272167,181246523,25644
ENSG00000225366,110523021,110520312,2709
ENSG00000176915,132761832,132725503,36329
ENSG00000256108,132745729,132745156,573
ENSG00000106304,123971414,123925237,46177
ENSG00000203710,207641765,207496147,145618
ENSG00000116701,183590876,183555563,35313
ENSG00000236911,207606555,207551925,54630
ENSG00000135968,108509415,108448561,60854
ENSG00000214184,108534196,108507515,26681
ENSG00000228938,89979070,89978717,353
ENSG00000106302,123877478,123828983,48495
ENSG00000261904,10721464,10720015,1449
ENSG00000262107,10720015,10719833,182
ENSG00000228211,123829252,123814139,15113
ENSG00000233862,30143804,30051066,92738
ENSG00000225943,30078272,30077093,1179
ENSG00000222004,26647305,26637871,9434
ENSG00000272686,123751166,123749068,2098
ENSG00000226159,89957373,89915489,41884
ENSG00000263241,10719762,10718633,1129
ENSG00000268847,56590281,56589495,786
ENSG00000280560,89914948,89853906,61042
ENSG00000248115,52958087,52945649,12438
ENSG00000233760,26557200,26551822,5378
ENSG00000106299,123749003,123681943,67060
ENSG00000232229,89840861,89829510,11351
ENSG00000026751,160754821,160739057,15764
ENSG00000270670,89839334,89837612,1722
ENSG00000184178,53366066,52872982,493084
ENSG00000280255,26541048,26538378,2670
ENSG00000122548,26538788,26533121,5667
ENSG00000173947,111353013,111346600,6413
ENSG00000283578,89787107,89786610,497
ENSG00000274764,13056491,13049476,7015
ENSG00000139718,121832584,121804180,28404
ENSG00000230432,219304130,219299002,5128
ENSG00000274178,13032130,13029339,2791
ENSG00000103043,70801160,70687439,113721
ENSG00000168701,67229278,67227103,2175
ENSG00000214353,70773251,70755098,18153
ENSG00000279123,70779145,70778433,712
ENSG00000279815,70768785,70768356,429
ENSG00000279122,70770221,70768967,1254
ENSG00000260156,70747926,70747057,869
ENSG00000279412,70716890,70713987,2903
ENSG00000271284,108423885,108423612,273
ENSG00000231875,81364170,81363268,902
ENSG00000273265,96813657,96812239,1418
ENSG00000281385,1019087,940735,78352
ENSG00000101935,110440233,110194186,246047
ENSG00000224142,110307221,110305420,1801
ENSG00000133136,110346909,110346703,206
ENSG00000102996,58046901,58025754,21147
ENSG00000170807,123664290,123655866,8424
ENSG00000144504,240569209,240479422,89787
ENSG00000243978,110456334,110358816,97518
ENSG00000232423,12947580,12938472,9108
ENSG00000168918,233207903,233059967,147936
ENSG00000187545,12898270,12892896,5374
ENSG00000243073,12886201,12879224,6977
ENSG00000234064,12928253,12926162,2091
ENSG00000166225,69579789,69470349,109440
ENSG00000276975,146914294,146472566,441728
ENSG00000204510,12920482,12916610,3872
ENSG00000158158,96811874,96760902,50972
ENSG00000142327,240581372,240565804,15568
ENSG00000198075,108388989,108377911,11078
ENSG00000277655,146461859,146459449,2410
ENSG00000257507,69460724,69449470,11254
ENSG00000242861,225846522,225840883,5639
ENSG00000230442,123624957,123584859,40098
ENSG00000241765,69422995,69422656,339
ENSG00000120952,12861909,12857086,4823
ENSG00000179172,12848725,12847408,1317
ENSG00000233138,142753759,142748443,5316
ENSG00000237851,142794086,142788123,5963
ENSG00000232618,142956646,142950211,6435
ENSG00000125122,67227048,67207139,19909
ENSG00000146809,123639481,123567010,72471
ENSG00000127337,69390870,69359710,31160
ENSG00000271070,108367938,108367116,822
ENSG00000196187,225882380,225845536,36844
ENSG00000270339,146344790,146344131,659
ENSG00000271121,146298715,146298170,545
ENSG00000279569,70665836,70661667,4169
ENSG00000077232,182794464,182716041,78423
ENSG00000161057,103369395,103344254,25141
ENSG00000235354,103348771,103348601,170
ENSG00000164022,106349226,106315544,33682
ENSG00000232430,182788435,182788098,337
ENSG00000132613,70686053,70661204,24849
ENSG00000231103,12841357,12838125,3232
ENSG00000236366,142637889,142526455,111434
ENSG00000143819,225845563,225810092,35471
ENSG00000226950,52720351,52712404,7947
ENSG00000239810,12831410,12824605,6805
ENSG00000157368,70660682,70579895,80787
ENSG00000226887,52751586,52722618,28968
ENSG00000286161,52722377,52712713,9664
ENSG00000128045,52866835,52862317,4518
ENSG00000256262,109053952,109052350,1602
ENSG00000250302,52866821,52712394,154427
ENSG00000248375,52720831,52720081,750
ENSG00000131171,81298547,81202102,96445
ENSG00000234112,225803448,225803148,300
ENSG00000228338,12823159,12822686,473
ENSG00000260120,52692649,52680609,12040
ENSG00000248866,52661668,52659406,2262
ENSG00000116721,12796628,12791397,5231
ENSG00000117091,160711831,160678746,33085
ENSG00000116726,12777906,12774841,3065
ENSG00000228863,160699761,160670778,28983
ENSG00000235101,160670979,160670148,831
ENSG00000281618,1732648,1729629,3019
ENSG00000277389,1694974,1694414,560
ENSG00000153060,10694945,10627501,67444
ENSG00000263279,10692973,10691273,1700
ENSG00000178301,77610355,77589391,20964
ENSG00000157330,12763699,12746200,17499
ENSG00000135093,109088023,109023089,64934
ENSG00000281633,1686307,1685548,759
ENSG00000281829,1682598,1680530,2068
ENSG00000189056,103989658,103471784,517874
ENSG00000281261,1665432,1663142,2290
ENSG00000128609,123557904,123536997,20907
ENSG00000198157,81201942,81113701,88241
ENSG00000188984,12728760,12716110,12650
ENSG00000223890,205253503,205253304,199
ENSG00000281111,1660576,1659817,759
ENSG00000117090,160647295,160608106,39189
ENSG00000135749,233295725,232983435,312290
ENSG00000258026,81125845,81094375,31470
ENSG00000231940,233289447,233288868,579
ENSG00000135778,232983882,232950605,33277
ENSG00000251508,233295727,233295325,402
ENSG00000054356,219309648,219289623,20025
ENSG00000105819,103329511,103297435,32076
ENSG00000196141,200482264,200305881,176383
ENSG00000109189,52659301,52590960,68341
ENSG00000074201,77637805,77514936,122869
ENSG00000226166,12693020,12692909,111
ENSG00000177084,132687365,132623753,63612
ENSG00000278620,1622346,1620988,1358
ENSG00000204518,12667086,12644547,22539
ENSG00000212916,232808407,232804892,3515
ENSG00000281191,1608489,1607591,898
ENSG00000236497,232742715,232727254,15461
ENSG00000272482,12619244,12618900,344
ENSG00000116117,205620162,204545475,1074687
ENSG00000225919,232722250,232718071,4179
ENSG00000176340,63976543,63974620,1923
ENSG00000197016,56588911,56567468,21443
ENSG00000126500,64119173,64103188,15985
ENSG00000271425,146229000,146064699,164301
ENSG00000256100,63988346,63974620,13726
ENSG00000214870,26494256,26398593,95663
ENSG00000114988,96740064,96705929,34135
ENSG00000197644,29907199,29899597,7602
ENSG00000116991,232561558,232397965,163593
ENSG00000233562,183267285,183266602,683
ENSG00000143742,225790468,225777813,12655
ENSG00000224436,232222174,232221938,236
ENSG00000235152,232185643,232160091,25552
ENSG00000236372,232180113,232174932,5181
ENSG00000167770,64001811,63985853,15958
ENSG00000218416,240456714,240449315,7399
ENSG00000115488,233035057,233032672,2385
ENSG00000256824,64103653,64035970,67683
ENSG00000256481,64087175,64081690,5485
ENSG00000117322,207489895,207454230,35665
ENSG00000256341,64119210,64118272,938
ENSG00000226349,225736274,225710968,25306
ENSG00000227496,225752243,225700604,51639
ENSG00000133315,64166113,63998558,167555
ENSG00000274292,121803403,121800797,2606
ENSG00000234333,171444963,171444699,264
ENSG00000268062,171345307,171345105,202
ENSG00000285665,171339959,171339299,660
ENSG00000063660,240468076,240435663,32413
ENSG00000188186,100155944,100148907,7037
ENSG00000279630,109021240,109020833,407
ENSG00000139725,121803403,121777754,25649
ENSG00000076258,171342084,171314183,27901
ENSG00000166111,109021240,108907741,113499
ENSG00000178602,240144562,240139026,5536
ENSG00000162496,12618210,12567910,50300
ENSG00000231278,240080362,240079433,929
ENSG00000154380,225653142,225486835,166307
ENSG00000224679,131536988,131535187,1801
ENSG00000278165,1571920,1554044,17876
ENSG00000182083,240030456,240028965,1491
ENSG00000280585,1585293,1584352,941
ENSG00000281176,1599200,1571353,27847
ENSG00000281533,1598310,1597193,1117
ENSG00000010932,171285978,171248471,37507
ENSG00000135447,54588659,54575387,13272
ENSG00000146826,100158723,100154420,4303
ENSG00000251286,52441535,52440494,1041
ENSG00000282418,225473837,225465021,8816
ENSG00000231424,171251794,171247580,4214
ENSG00000230547,171271590,171270954,636
ENSG00000212694,121803906,121795267,8639
ENSG00000272849,121801972,121797511,4461
ENSG00000143815,225428925,225401502,27423
ENSG00000225243,171227788,171199244,28544
ENSG00000237843,204507672,204475356,32316
ENSG00000171094,29921586,29192774,728812
ENSG00000236634,204473837,204470076,3761
ENSG00000225304,204379792,204379095,697
ENSG00000230737,29892354,29890371,1983
ENSG00000236681,204307364,204306842,522
ENSG00000234714,204109849,204090457,19392
ENSG00000237271,204234985,204228137,6848
ENSG00000235951,204067363,204065706,1657
ENSG00000094963,171212686,171185249,27437
ENSG00000163600,203961577,203936748,24829
ENSG00000123360,54579239,54549601,29638
ENSG00000235077,100140439,100130964,9475
ENSG00000260310,10578183,10576499,1684
ENSG00000213853,10580632,10528422,52210
ENSG00000256013,10532082,10529440,2642
ENSG00000007933,171117819,171090901,26918
ENSG00000151233,42144874,42081845,63029
ENSG00000198689,136047269,135973841,73428
ENSG00000268738,149595314,149592512,2802
ENSG00000242078,129785185,129783370,1815
ENSG00000226552,171085205,171083565,1640
ENSG00000284618,81004217,81000150,4067
ENSG00000117501,171064765,170935471,129294
ENSG00000284095,130869357,130868004,1353
ENSG00000130414,240025345,239892450,132895
ENSG00000246082,131365122,131361898,3224
ENSG00000250592,130929976,130899414,30562
ENSG00000230162,135947139,135942478,4661
ENSG00000170615,103446177,103352730,93447
ENSG00000126773,60169133,60091911,77222
ENSG00000162971,199955736,199928913,26823
ENSG00000135862,183145592,183023420,122172
ENSG00000224468,183141282,183138402,2880
ENSG00000103005,58021618,57999546,22072
ENSG00000034533,131027649,131013875,13774
ENSG00000271811,170669425,170667381,2044
ENSG00000166188,58000453,57994668,5785
ENSG00000163040,131533666,131527675,5991
ENSG00000135924,219286900,219279267,7633
ENSG00000116132,170739421,170662728,76693
ENSG00000196867,56556810,56538948,17862
ENSG00000270106,231819244,231528653,290591
ENSG00000269696,56567411,56545566,21845
ENSG00000229228,231612090,231591292,20798
ENSG00000163599,203873965,203867771,6194
ENSG00000276045,121642677,121626550,16127
ENSG00000235303,170647339,170598854,48485
ENSG00000225545,170588236,170587249,987
ENSG00000105821,103344830,103312289,32541
ENSG00000227004,199872378,199872172,206
ENSG00000176855,182960405,182959074,1331
ENSG00000226570,182956148,182955390,758
ENSG00000234715,103514007,103445207,68800
ENSG00000213925,203773502,203772631,871
ENSG00000224791,203765593,203764295,1298
ENSG00000073905,80930347,80929500,847
ENSG00000178562,203738912,203706475,32437
ENSG00000106459,129757082,129611720,145362
ENSG00000230864,102853842,102763322,90520
ENSG00000233031,203672423,203672175,248
ENSG00000271379,42070625,42069935,690
ENSG00000257467,81312422,81270675,41747
ENSG00000233459,203636016,203634577,1439
ENSG00000258375,81546450,81545326,1124
ENSG00000233359,102389630,102199739,189891
ENSG00000257128,41912212,41911256,956
ENSG00000257239,41932592,41829898,102694
ENSG00000286185,149556361,149390623,165738
ENSG00000086300,26374329,26291895,82434
ENSG00000257784,41765581,41764189,1392
ENSG00000232732,199911159,199867396,43763
ENSG00000225792,26376701,26372144,4557
ENSG00000257858,41700251,41699391,860
ENSG00000111052,80937925,80792520,145405
ENSG00000258215,80861508,80860955,553
ENSG00000157060,182953525,182899865,53660
ENSG00000224040,182942404,182942115,289
ENSG00000231407,170532647,170460453,72194
ENSG00000228060,39573203,39565067,8136
ENSG00000274598,108834384,108833721,663
ENSG00000120370,170553446,170532129,21317
ENSG00000159648,57988116,57976435,11681
ENSG00000111058,81261210,80936414,324796
ENSG00000226967,170370367,170369223,1144
ENSG00000258162,81524770,81378042,146728
ENSG00000224286,170284208,170271603,12605
ENSG00000238051,170211457,170211010,447
ENSG00000187848,132622386,132618776,3610
ENSG00000271383,149556361,149475338,81023
ENSG00000233985,170241287,170174403,66884
ENSG00000280311,132622973,132621999,974
ENSG00000258239,41699182,41698495,687
ENSG00000286219,149468030,149390614,77416
ENSG00000226124,199851173,199760544,90629
ENSG00000203740,170167790,170146001,21789
ENSG00000213938,199660729,199659551,1178
ENSG00000224896,170116576,170115636,940
ENSG00000238217,199659132,199608068,51064
ENSG00000232959,170024683,170024077,606
ENSG00000280110,108779166,108778912,254
ENSG00000084112,108857590,108778191,79399
ENSG00000103197,2089491,2047967,41524
ENSG00000274423,149357612,149345661,11951
ENSG00000118733,101997030,101802574,194456
ENSG00000215861,149321732,149197992,123740
ENSG00000162699,101894047,101893105,942
ENSG00000272755,149264816,149264252,564
ENSG00000271277,101882894,101882516,378
ENSG00000261240,2113342,2112335,1007
ENSG00000273329,129611630,129604548,7082
ENSG00000274019,149121866,149111304,10562
ENSG00000077380,171748420,171687409,61011
ENSG00000235378,169990196,169990067,129
ENSG00000123338,54548243,54497752,50491
ENSG00000257824,54544105,54543111,994
ENSG00000240204,129512918,129502531,10387
ENSG00000257764,69354225,69353493,732
ENSG00000152117,131521573,131492813,28760
ENSG00000239919,129478101,129477875,226
ENSG00000119042,199471266,199269500,201766
ENSG00000196352,207386804,207321376,65428
ENSG00000257045,199329362,199325310,4052
ENSG00000165966,41574724,41188448,386276
ENSG00000225953,199476935,199457700,19235
ENSG00000128578,129488399,129434432,53967
ENSG00000257228,41473510,41409467,64043
ENSG00000111605,69274358,69239569,34789
ENSG00000237074,207309292,207240122,69170
ENSG00000232621,207229202,207225798,3404
ENSG00000243636,207184062,207179296,4766
ENSG00000285677,156032907,156001953,30954
ENSG00000224462,207183910,207165496,18414
ENSG00000204583,132610582,132603150,7432
ENSG00000183298,101787219,101786340,879
ENSG00000226565,207150281,207150205,76
ENSG00000226715,101787572,101639548,148024
ENSG00000277186,132593698,132593031,667
ENSG00000258204,98794964,98794485,479
ENSG00000231671,101390303,101323337,66966
ENSG00000110880,108731596,108645109,86487
ENSG00000173810,101271363,101270875,488
ENSG00000228399,101256616,101256274,342
ENSG00000123838,207144972,207104233,40739
ENSG00000275392,207127486,207127010,476
ENSG00000228612,80574607,80571871,2736
ENSG00000112787,132585188,132489551,95637
ENSG00000280287,132554947,132550729,4218
ENSG00000228051,80562054,80560146,1908
ENSG00000279700,132566425,132565071,1354
ENSG00000230247,80530027,80529037,990
ENSG00000174016,80445311,80335504,109807
ENSG00000256875,132462856,132462242,614
ENSG00000256783,132460024,132457160,2864
ENSG00000274373,132425208,132424504,704
ENSG00000280150,132363348,132362810,538
ENSG00000279023,132361198,132360734,464
ENSG00000279113,132332432,132332005,427
ENSG00000255916,132331575,132329850,1725
ENSG00000170989,101243713,101236865,6848
ENSG00000225334,224773341,224766352,6989
ENSG00000213055,232730198,232729523,675
ENSG00000090621,39576790,39560816,15974
ENSG00000008710,2135898,2088710,47188
ENSG00000157600,110182734,110002631,180103
ENSG00000261123,2097026,2094830,2196
ENSG00000259933,2095433,2091436,3997
ENSG00000115252,182523192,182140036,383156
ENSG00000123843,207099993,207088860,11133
ENSG00000116584,156007070,155946851,60219
ENSG00000066248,233013256,232878701,134555
ENSG00000237223,108353799,108322238,31561
ENSG00000232240,111324075,111323833,242
ENSG00000273002,155982986,155978799,4187
ENSG00000224276,156001787,155991390,10397
ENSG00000135838,182830384,182789293,41091
ENSG00000232383,26276606,26276195,411
ENSG00000285860,26254709,26226413,28296
ENSG00000269713,149103561,149054027,49534
ENSG00000267421,56538575,56536156,2419
ENSG00000267224,56535763,56535299,464
ENSG00000271269,182734779,182733792,987
ENSG00000227181,182714544,182712862,1682
ENSG00000110876,108633959,108622277,11682
ENSG00000257221,108641318,108628687,12631
ENSG00000261227,73233970,73232055,1915
ENSG00000183160,108598320,108589851,8469
ENSG00000279120,73294296,73293866,430
ENSG00000279591,73016016,73015047,969
ENSG00000272330,73014476,73014319,157
ENSG00000261764,72729894,72728616,1278
ENSG00000066294,160579516,160541095,38421
ENSG00000260848,73558522,73543941,14581
ENSG00000259817,73816053,73812621,3432
ENSG00000234425,160571458,160537073,34385
ENSG00000259209,72809872,72805998,3874
ENSG00000163479,156020951,156009048,11903
ENSG00000257741,80770717,80763154,7563
ENSG00000111049,80719671,80716912,2759
ENSG00000140836,73891871,72782885,1108986
ENSG00000138182,89774939,89701610,73329
ENSG00000284675,73137580,73123296,14284
ENSG00000280092,73006141,73005601,540
ENSG00000070729,57971116,57882340,88776
ENSG00000260880,73099337,73092349,6988
ENSG00000259768,72791624,72665170,126454
ENSG00000279206,72773272,72772673,599
ENSG00000279757,72973832,72973374,458
ENSG00000258779,73504954,73386805,118149
ENSG00000135824,182684576,182641816,42760
ENSG00000134216,111320566,111290851,29715
ENSG00000271009,73062316,73060245,2071
ENSG00000283457,73809733,73794079,15654
ENSG00000229283,111323981,111317600,6381
ENSG00000261504,182616629,182615254,1375
ENSG00000162739,160523262,160485030,38232
ENSG00000111046,80709474,80707634,1840
ENSG00000261209,108318611,108317725,886
ENSG00000225938,101236528,101235683,845
ENSG00000225381,109853919,109853312,607
ENSG00000280163,67206849,67205175,1674
ENSG00000271578,101190994,101190520,474
ENSG00000162738,160428670,160400564,28106
ENSG00000203878,111286116,111280059,6057
ENSG00000278530,80335364,80228489,106875
ENSG00000213958,181962478,181961212,1266
ENSG00000236040,111256715,111250254,6461
ENSG00000089094,121581023,121429096,151927
ENSG00000181418,48999375,48995149,4226
ENSG00000075886,131482934,131476119,6815
ENSG00000256742,121593504,121580792,12712
ENSG00000122145,80031774,80014753,17021
ENSG00000185046,99984654,98726457,1258197
ENSG00000231419,159030195,159006522,23673
ENSG00000173272,131492743,131464900,27843
ENSG00000150722,182131398,181954241,177157
ENSG00000258039,99105011,99093359,11652
ENSG00000180219,99650114,99647753,2361
ENSG00000170633,121430623,121400041,30582
ENSG00000257458,98976656,98931682,44974
ENSG00000167548,49059774,49018975,40799
ENSG00000258283,48996334,48995150,1184
ENSG00000270268,79370165,79369364,801
ENSG00000136003,108569384,108562582,6802
ENSG00000261008,72665009,72283301,381708
ENSG00000257913,49019235,48998367,20868
ENSG00000171786,160372846,160367071,5775
ENSG00000260664,72533892,72425948,107944
ENSG00000257429,80593701,80583683,10018
ENSG00000072163,127681786,127638381,43405
ENSG00000273073,131463615,131461821,1794
ENSG00000257786,80561560,80561017,543
ENSG00000261774,72278568,72278268,300
ENSG00000106018,159144867,159028175,116692
ENSG00000143333,182604389,182598623,5766
ENSG00000144230,127652639,127645864,6775
ENSG00000258140,69224242,69212108,12134
ENSG00000236833,197665757,197660565,5192
ENSG00000135828,182589256,182573634,15622
ENSG00000126870,158956747,158856558,100189
ENSG00000256458,203329226,203328459,767
ENSG00000139304,80680271,80402178,278093
ENSG00000181433,135913061,135889205,23856
ENSG00000173080,155942949,155941710,1239
ENSG00000169696,82017406,81976807,40599
ENSG00000162946,232041272,231626815,414457
ENSG00000226758,231945233,231925834,19399
ENSG00000286071,231847706,231767464,80242
ENSG00000181929,49018825,49002274,16551
ENSG00000116918,231566524,231528655,37869
ENSG00000180667,207052980,207043849,9131
ENSG00000132680,155934413,155913045,21368
ENSG00000018236,41072415,40692439,379976
ENSG00000017260,131016712,130850595,166117
ENSG00000257680,40729897,40728811,1086
ENSG00000274682,40979244,40978744,500
ENSG00000249098,130919120,130918226,894
ENSG00000174306,41317672,41178448,139224
ENSG00000250608,131381475,131325092,56383
ENSG00000198900,41124487,41028822,95665
ENSG00000250129,131072339,131053317,19022
ENSG00000164675,123535077,123452193,82884
ENSG00000232524,123459856,123456629,3227
ENSG00000183696,48108736,48088628,20108
ENSG00000117868,158830253,158730995,99258
ENSG00000158467,129430211,129225023,205188
ENSG00000182307,145066685,145052465,14220
ENSG00000238072,129410370,129410113,257
ENSG00000138443,203447728,203328239,119489
ENSG00000269586,135889086,135881063,8023
ENSG00000078596,79367667,79360384,7283
ENSG00000270946,135871812,135863776,8036
ENSG00000232742,131461577,131460999,578
ENSG00000261673,72225144,72224565,579
ENSG00000225025,79325217,79323446,1771
ENSG00000271005,79177668,79177200,468
ENSG00000254539,149051273,149048576,2697
ENSG00000217950,131444587,131442644,1943
ENSG00000214077,131424867,131423801,1066
ENSG00000147138,79175315,79144663,30652
ENSG00000284659,131419784,131419665,119
ENSG00000223631,131409049,131402901,6148
ENSG00000276460,131401250,131398439,2811
ENSG00000226831,131395542,131395217,325
ENSG00000232168,79085848,79084936,912
ENSG00000234576,131386314,131385700,614
ENSG00000235795,100996260,100995473,787
ENSG00000234939,131385490,131384461,1029
ENSG00000130066,23786226,23783173,3053
ENSG00000124181,41196801,41136960,59841
ENSG00000241489,149540926,149477104,63822
ENSG00000272407,41196938,41196647,291
ENSG00000226648,41138003,41098329,39674
ENSG00000233184,101087268,101025878,61390
ENSG00000242748,41197157,41196691,466
ENSG00000172752,130484844,130345516,139328
ENSG00000143622,155911404,155897808,13596
ENSG00000273308,197646017,197645669,348
ENSG00000249626,197635811,197634315,1496
ENSG00000132718,155885199,155859567,25632
ENSG00000123349,53299450,53295291,4159
ENSG00000228030,158720161,158719730,431
ENSG00000233934,171587259,171587093,166
ENSG00000213906,24312053,24305734,6319
ENSG00000123836,207081024,207034366,46658
ENSG00000204120,232860575,232697299,163276
ENSG00000010404,149521096,149476988,44108
ENSG00000241409,232767949,232760146,7803
ENSG00000139637,53307177,53299695,7482
ENSG00000136305,24311430,24305096,6334
ENSG00000130203,44909393,44905791,3602
ENSG00000257605,53300314,53298655,1659
ENSG00000222001,233015885,233012614,3271
ENSG00000198203,108309915,108288639,21276
ENSG00000258435,121399859,121391962,7897
ENSG00000213903,24318036,24311450,6586
ENSG00000137760,107565746,107502726,63020
ENSG00000115474,232776568,232766464,10104
ENSG00000130208,44919349,44914247,5102
ENSG00000241769,149540959,149527591,13368
ENSG00000280087,44914968,44909375,5593
ENSG00000176289,149526043,149525001,1042
ENSG00000182600,232878708,232857270,21438
ENSG00000135678,68971570,68842197,129373
ENSG00000196943,24309124,24299850,9274
ENSG00000196263,56530221,56507850,22371
ENSG00000256325,68828553,68828118,435
ENSG00000257181,68843237,68841288,1949
ENSG00000233461,231528556,231522388,6168
ENSG00000257336,68957677,68957377,300
ENSG00000138434,181930738,181891730,39008
ENSG00000266826,58692018,58660424,31594
ENSG00000223982,231476288,231475956,332
ENSG00000278085,135854538,135846499,8039
ENSG00000229771,40698616,40696499,2117
ENSG00000204103,40689236,40685848,3388
ENSG00000181013,58544368,58541587,2781
ENSG00000266561,58675462,58675286,176
ENSG00000223410,40126357,40121041,5316
ENSG00000117480,46413848,46394317,19531
ENSG00000117543,101026088,100989623,36465
ENSG00000235100,89699671,89667181,32490
ENSG00000240996,89697928,89694295,3633
ENSG00000135766,231425044,231363751,61293
ENSG00000273696,135837268,135829247,8021
ENSG00000233415,40043889,40031585,12304
ENSG00000237767,40008529,40004477,4052
ENSG00000120868,98735433,98645141,90292
ENSG00000234878,39933239,39932922,317
ENSG00000220256,239824764,239762860,61904
ENSG00000271449,135820012,135811668,8344
ENSG00000259889,239735538,239734956,582
ENSG00000227459,239630839,239625698,5141
ENSG00000196758,239586094,239578301,7793
ENSG00000102890,67204029,67199111,4918
ENSG00000286188,239544876,239538379,6497
ENSG00000230291,80103333,80102899,434
ENSG00000125084,48981676,48978453,3223
ENSG00000197620,149550510,149540355,10155
ENSG00000010072,231355023,231337104,17919
ENSG00000214135,197627906,197578213,49693
ENSG00000213519,197580629,197580344,285
ENSG00000238039,149526264,149511509,14755
ENSG00000116903,231337852,231332753,5099
ENSG00000237632,103262311,103262000,311
ENSG00000283697,149549932,149548210,1722
ENSG00000173166,203535335,203394345,140990
ENSG00000233785,23782956,23772992,9964
ENSG00000225779,46370955,46370586,369
ENSG00000279756,23755939,23753689,2250
ENSG00000166869,23758935,23755026,3909
ENSG00000258646,75008481,75004719,3762
ENSG00000279594,75012851,75011269,1582
ENSG00000189091,70577670,70523791,53879
ENSG00000165899,80380879,80099537,281342
ENSG00000170629,103280410,103175133,105277
ENSG00000119718,75012366,75002921,9445
ENSG00000089053,121399896,121308245,91651
ENSG00000078589,78963727,78945332,18395
ENSG00000169884,48971735,48965340,6395
ENSG00000278289,135802656,135794706,7950
ENSG00000227645,78763899,78763226,673
ENSG00000237910,131384061,131382643,1418
ENSG00000234480,131382497,131381840,657
ENSG00000176076,109625172,109623700,1472
ENSG00000228836,135785298,135777130,8168
ENSG00000236590,131381590,131380916,674
ENSG00000227661,131380913,131380153,760
ENSG00000239473,80029631,80028893,738
ENSG00000283865,131380083,131379743,340
ENSG00000271496,79989218,79989014,204
ENSG00000284003,131379675,131373647,6028
ENSG00000269096,135768191,135759846,8345
ENSG00000223873,181694900,181694442,458
ENSG00000234595,181685707,181683113,2594
ENSG00000225570,181693415,181690380,3035
ENSG00000235080,131372075,131370306,1769
ENSG00000238200,135752583,135751119,1464
ENSG00000233861,135732197,135730733,1464
ENSG00000182795,207032756,207018522,14234
ENSG00000164746,48061304,48035511,25793
ENSG00000179300,78659328,78656069,3259
ENSG00000268940,135723539,135713453,10086
ENSG00000128602,129213545,129188633,24912
ENSG00000243230,129213545,129209775,3770
ENSG00000115295,29189643,29097705,91938
ENSG00000274601,135710377,135710095,282
ENSG00000068024,239401654,239048168,353486
ENSG00000222020,239402364,239401436,928
ENSG00000068366,109733403,109624244,109159
ENSG00000233285,131369711,131369062,649
ENSG00000117481,46365152,46340177,24975
ENSG00000233087,131364142,131361111,3031
ENSG00000283303,131364881,131363364,1517
ENSG00000260756,10352752,10351440,1312
ENSG00000224357,39329924,39329014,910
ENSG00000279662,10449747,10445309,4438
ENSG00000124098,56368663,56358974,9689
ENSG00000158457,129169699,129144707,24992
ENSG00000223516,148547397,148546878,519
ENSG00000236848,103152325,103152007,318
ENSG00000162896,206946466,206928522,17944
ENSG00000277518,1043528,1012821,30707
ENSG00000101890,109482072,109372906,109166
ENSG00000230407,199110088,199108584,1504
ENSG00000231557,199071791,198882573,189218
ENSG00000235325,107921248,107920763,485
ENSG00000237863,108738903,108736011,2892
ENSG00000286160,238722543,238711243,11300
ENSG00000276693,132170043,132169823,220
ENSG00000280322,108726948,108725886,1062
ENSG00000241102,129095811,129095301,510
ENSG00000230359,129057239,129055223,2016
ENSG00000286174,224712849,224703272,9577
ENSG00000258086,54466985,54353792,113193
ENSG00000279640,132100820,132100013,807
ENSG00000229360,106941482,106940880,602
ENSG00000272822,48957365,48903503,53862
ENSG00000255863,48939663,48921963,17700
ENSG00000239617,48903813,48903418,395
ENSG00000162892,206904139,206897443,6696
ENSG00000226004,137945802,137943079,2723
ENSG00000162065,2509560,2475051,34509
ENSG00000139970,59870776,59595976,274800
ENSG00000228372,135123952,135059685,64267
ENSG00000205609,28403879,28379579,24300
ENSG00000135773,230802003,230747384,54619
ENSG00000223809,135123604,135123239,365
ENSG00000228252,130273806,130212823,60983
ENSG00000196972,135098712,135094985,3727
ENSG00000244137,230795492,230710698,84794
ENSG00000146063,181235808,181222499,13309
ENSG00000224107,135120526,135118955,1571
ENSG00000235964,38092051,38091764,287
ENSG00000064886,111243440,111200771,42669
ENSG00000226086,38080877,38080056,821
ENSG00000234228,135076597,135075136,1461
ENSG00000267282,44890876,44882027,8849
ENSG00000162695,100981757,100896076,85681
ENSG00000135744,230714122,230702523,11599
ENSG00000230946,100941995,100941017,978
ENSG00000203950,135052196,135050932,1264
ENSG00000228702,45726038,45725694,344
ENSG00000152778,89420997,89414568,6429
ENSG00000224829,77314032,77313606,426
ENSG00000134590,135033546,135032366,1180
ENSG00000130202,44889223,44846175,43048
ENSG00000198440,56436035,56397966,38069
ENSG00000267454,56399172,56393656,5516
ENSG00000187325,78139650,78129748,9902
ENSG00000135821,182392206,182381704,10502
ENSG00000205923,2531417,2530035,1382
ENSG00000075415,98606379,98593591,12788
ENSG00000164744,48029119,47987148,41971
ENSG00000164045,48188402,48157146,31256
ENSG00000162694,100895179,100872372,22807
ENSG00000235627,48161417,48161176,241
ENSG00000174600,108339317,108288044,51273
ENSG00000273204,100895356,100894928,428
ENSG00000257281,108282235,108281103,1132
ENSG00000231684,182336334,182336001,333
ENSG00000228664,182329007,182328497,510
ENSG00000275675,38068694,38068449,245
ENSG00000266648,58476950,58476138,812
ENSG00000228918,182314061,182129310,184751
ENSG00000232096,182183096,182182730,366
ENSG00000225982,182090112,182086551,3561
ENSG00000250580,130199918,130199708,210
ENSG00000248618,130168030,130167790,240
ENSG00000237499,137868233,137823673,44560
ENSG00000178752,238168900,238158970,9930
ENSG00000172661,45792961,45727200,65761
ENSG00000112578,41933046,41921499,11547
ENSG00000232964,230595583,230592660,2923
ENSG00000138035,55693863,55634061,59802
ENSG00000143748,224330189,224227334,102855
ENSG00000223864,38978422,38977711,711
ENSG00000168427,238152947,238138668,14279
ENSG00000237101,224228043,224219613,8430
ENSG00000229742,224298600,224297646,954
ENSG00000174175,169630193,169588849,41344
ENSG00000188938,93453581,93431441,22140
ENSG00000205592,40570832,40393395,177437
ENSG00000225185,98591214,98590723,491
ENSG00000272576,51919381,51918772,609
ENSG00000225124,203075142,203074685,457
ENSG00000232994,203040899,203040108,791
ENSG00000230869,45700532,45678692,21840
ENSG00000213062,169486986,169486076,910
ENSG00000224407,230281893,230280312,1581
ENSG00000227294,106841207,106834464,6743
ENSG00000152404,107457844,107326345,131499
ENSG00000279318,20935130,20933201,1929
ENSG00000048828,93566112,93451685,114427
ENSG00000143641,230282122,230057990,224132
ENSG00000274106,20853768,20844829,8939
ENSG00000274449,20822244,20815244,7000
ENSG00000275050,20807420,20776304,31116
ENSG00000286006,55781178,55775176,6002
ENSG00000141569,75896951,75880335,16616
ENSG00000188452,181680665,181536672,143993
ENSG00000213028,229689904,229688999,905
ENSG00000234604,169474159,169474060,99
ENSG00000271398,28247568,28247144,424
ENSG00000143753,224193441,224175756,17685
ENSG00000269609,102461106,102449817,11289
ENSG00000279283,131898239,131896500,1739
ENSG00000224008,55427197,55420336,6861
ENSG00000271623,28365333,28364700,633
ENSG00000172059,10054836,10042849,11987
ENSG00000135801,229626047,229593111,32936
ENSG00000162692,100739045,100719742,19303
ENSG00000177169,131923150,131894622,28528
ENSG00000229367,229570796,229570532,264
ENSG00000258072,107903948,107903270,678
ENSG00000257426,107899815,107899638,177
ENSG00000101452,39039723,38962299,77424
ENSG00000236773,224175706,224175476,230
ENSG00000257392,107889886,107887730,2156
ENSG00000144057,106887108,106801600,85508
ENSG00000115232,181538940,181457202,81738
ENSG00000257951,107883386,107880581,2805
ENSG00000238250,106825031,106822923,2108
ENSG00000277581,38962993,38962472,521
ENSG00000257398,107864562,107831008,33554
ENSG00000116580,155859400,155749662,109738
ENSG00000187855,107776644,107774385,2259
ENSG00000135776,229558707,229516582,42125
ENSG00000258136,107759968,107736555,23413
ENSG00000172819,53232980,53210567,22413
ENSG00000172602,48865870,48857145,8725
ENSG00000198208,74923396,74903954,19442
ENSG00000223635,229514272,229508501,5771
ENSG00000143756,224162047,224114111,47936
ENSG00000226920,229441020,229440284,736
ENSG00000214199,106698676,106697331,1345
ENSG00000161681,50719450,50661827,57623
ENSG00000231505,106538079,106521903,16176
ENSG00000185834,55075140,55074644,496
ENSG00000163811,28948219,28894667,53552
ENSG00000254126,106544297,106487364,56933
ENSG00000232001,106544297,106521563,22734
ENSG00000270605,28241453,28239509,1944
ENSG00000185495,224010612,223992743,17869
ENSG00000278467,223995196,223994262,934
ENSG00000212747,135022529,135020504,2025
ENSG00000237666,106477669,106470799,6870
ENSG00000120802,98550379,98515512,34867
ENSG00000184785,134992473,134990991,1482
ENSG00000261810,10037297,10033684,3613
ENSG00000261647,10112885,10111382,1503
ENSG00000257167,98516422,98512973,3449
ENSG00000236091,134953382,134949549,3833
ENSG00000069248,229508341,229440259,68082
ENSG00000128610,122310691,122301303,9388
ENSG00000008323,6328506,6310436,18070
ENSG00000132481,75878581,75874164,4417
ENSG00000260362,9676843,9666885,9958
ENSG00000283662,28292173,28258686,33487
ENSG00000246465,28292064,28284885,7179
ENSG00000275002,31965095,31964550,545
ENSG00000283003,9614894,9542045,72849
ENSG00000258474,31950382,31944853,5529
ENSG00000257472,31930146,31925801,4345
ENSG00000250982,28240668,28239693,975
ENSG00000260071,9517564,9466655,50909
ENSG00000273578,54768961,54754600,14361
ENSG00000261075,9455505,9446010,9495
ENSG00000265241,145927678,145917714,9964
ENSG00000261397,9444985,9441294,3691
ENSG00000162068,2474145,2471499,2646
ENSG00000115468,232682780,232606057,76723
ENSG00000261617,9408093,9355588,52505
ENSG00000220793,9156881,9156402,479
ENSG00000234222,145959179,145926590,32589
ENSG00000125740,45475179,45467995,7184
ENSG00000278431,145964422,145961388,3034
ENSG00000237126,232611971,232580948,31023
ENSG00000050344,26187137,26152198,34939
ENSG00000136273,47979615,47963288,16327
ENSG00000126698,28233029,28199456,33573
ENSG00000115827,171485052,171434217,50835
ENSG00000237181,608482,603185,5297
ENSG00000229380,565619,561958,3661
ENSG00000224553,171375278,171374931,347
ENSG00000117877,45410766,45406209,4557
ENSG00000197734,77769742,77760830,8912
ENSG00000119705,77761104,77708071,53033
ENSG00000196811,232548115,232539692,8423
ENSG00000236337,147947583,147946941,642
ENSG00000102081,147951125,147911951,39174
ENSG00000164818,786475,726699,59776
ENSG00000122565,26213607,26201162,12445
ENSG00000224324,158623449,158623188,261
ENSG00000232715,158591120,158590629,491
ENSG00000256678,68805479,68805011,468
ENSG00000175782,68793964,68746176,47788
ENSG00000115540,197553699,197515571,38128
ENSG00000134398,23713226,23690310,22916
ENSG00000261266,23687689,23687049,640
ENSG00000101928,134915257,134887632,27625
ENSG00000213302,122234903,122234531,372
ENSG00000075539,48780322,48497361,282961
ENSG00000234418,122218437,122216347,2090
ENSG00000100603,77761207,77717599,43608
ENSG00000272789,127626848,127625997,851
ENSG00000198216,181808084,181317690,490394
ENSG00000188191,727650,549197,178453
ENSG00000166851,23690367,23677656,12711
ENSG00000278912,23697314,23696665,649
ENSG00000261583,23712793,23711990,803
ENSG00000256103,6270425,6270168,257
ENSG00000122566,26201529,26173057,28472
ENSG00000189099,151291453,151277171,14282
ENSG00000270681,151141103,151139991,1112
ENSG00000249012,151262849,151259503,3346
ENSG00000250350,151279192,151279030,162
ENSG00000144381,197516737,197486584,30153
ENSG00000161040,103074843,102813230,261613
ENSG00000188219,131265278,131218067,47211
ENSG00000236226,103031354,103030104,1250
ENSG00000270757,197550726,197500413,50313
ENSG00000231699,197533965,197533803,162
ENSG00000108406,59608345,59565558,42787
ENSG00000169994,127637729,127535802,101927
ENSG00000236956,131198007,131189834,8173
ENSG00000284604,131355683,131303037,52646
ENSG00000225448,131181369,131181153,216
ENSG00000128606,102945111,102913000,32111
ENSG00000189180,38065088,38010650,54438
ENSG00000135930,232583644,232550674,32970
ENSG00000221944,232550592,232547970,2622
ENSG00000249846,130120579,130112550,8029
ENSG00000226636,122162243,122159300,2943
ENSG00000261431,38962111,38961925,186
ENSG00000270933,25949403,25948657,746
ENSG00000274825,38956547,38955910,637
ENSG00000251287,130113227,130081831,31396
ENSG00000182831,9121635,9091644,29991
ENSG00000263244,9113181,9104848,8333
ENSG00000260349,9107174,9105834,1340
ENSG00000253540,130111472,130099092,12380
ENSG00000248243,130094304,130089433,4871
ENSG00000240441,107720133,107719599,534
ENSG00000282438,2990227,2988746,1481
ENSG00000177994,54383742,54330034,53708
ENSG00000101447,38953106,38926312,26794
ENSG00000286229,54269542,54232758,36784
ENSG00000280759,1012239,940735,71504
ENSG00000261392,9072412,9068554,3858
ENSG00000058272,79935460,79773563,161897
ENSG00000223561,25750994,25593351,157643
ENSG00000239622,25689959,25689580,379
ENSG00000134317,10002277,9951693,50584
ENSG00000257557,79942712,79934901,7811
ENSG00000227386,25551062,25547762,3300
ENSG00000258044,79825496,79823778,1718
ENSG00000285960,25500443,25431980,68463
ENSG00000286056,98423721,98420448,3273
ENSG00000248514,181206120,181205361,759
ENSG00000204010,89385205,89378056,7149
ENSG00000257580,98318349,98317741,608
ENSG00000143127,145910111,145891208,18903
ENSG00000258312,98292445,98113014,179431
ENSG00000244619,145893483,145892847,636
ENSG00000119917,89340971,89327997,12974
ENSG00000140859,57863053,57758217,104836
ENSG00000257501,97761859,97713412,48447
ENSG00000184182,238042782,237966827,75955
ENSG00000140939,67175735,67170154,5581
ENSG00000257157,97680047,97679879,168
ENSG00000279798,97563971,97563257,714
ENSG00000185745,89406487,89392546,13941
ENSG00000169403,28193936,28147166,46770
ENSG00000161513,74873031,74862497,10534
ENSG00000177425,79690964,79574979,115985
ENSG00000136045,107713162,107685799,27363
ENSG00000277130,79819465,79818784,681
ENSG00000276166,57760024,57759358,666
ENSG00000258048,79778451,79690144,88307
ENSG00000109686,151325632,151102751,222881
ENSG00000123131,23686397,23664262,22135
ENSG00000187185,57816946,57798186,18760
ENSG00000198586,171231314,170990823,240491
ENSG00000179452,181238604,181236388,2216
ENSG00000225359,181191149,181190471,678
ENSG00000255794,97598415,97430884,167531
ENSG00000225507,47957318,47956793,525
ENSG00000162783,181092899,181088712,4187
ENSG00000237292,181182208,181174484,7724
ENSG00000257579,107617721,107610034,7687
ENSG00000196123,67184040,67175599,8441
ENSG00000132749,68751520,68707440,44080
ENSG00000243829,49720081,49719498,583
ENSG00000260278,78775973,78773654,2319
ENSG00000115762,131353709,131104847,248862
ENSG00000239793,78768750,78768499,251
ENSG00000251246,155086807,155063748,23059
ENSG00000222012,157618765,157614023,4742
ENSG00000235034,50659310,50649445,9865
ENSG00000233038,157863011,157854529,8482
ENSG00000225365,158539879,158537495,2384
ENSG00000248796,131202941,131201142,1799
ENSG00000214812,28121321,28120449,872
ENSG00000231515,157740456,157739010,1446
ENSG00000284706,131355769,131335502,20267
ENSG00000285821,157989456,157987169,2287
ENSG00000230450,131178946,131177618,1328
ENSG00000285819,131209211,131191641,17570
ENSG00000143590,155087538,155078837,8701
ENSG00000236516,131300444,131299220,1224
ENSG00000243364,155069553,155063737,5816
ENSG00000172671,45672780,45615501,57279
ENSG00000231431,131309068,131279290,29778
ENSG00000224425,131353239,131352214,1025
ENSG00000227817,131330857,131328176,2681
ENSG00000115520,197475308,197453423,21885
ENSG00000265313,59526946,59430670,96276
ENSG00000104365,42332653,42271302,61351
ENSG00000257920,97276209,97272692,3517
ENSG00000135902,232536667,232525993,10674
ENSG00000257470,97051129,97024021,27108
ENSG00000258131,97185609,96985656,199953
ENSG00000238259,168232220,168231921,299
ENSG00000151413,31861224,31489956,371268
ENSG00000153165,106468376,106391290,77086
ENSG00000279190,97154627,97150081,4546
ENSG00000257155,31561334,31558507,2827
ENSG00000258196,31558498,31553358,5140
ENSG00000145425,151104642,151099624,5018
ENSG00000132664,18484646,18467389,17257
ENSG00000240935,106393031,106382171,10860
ENSG00000152402,107018524,106674012,344512
ENSG00000175155,59401729,59331655,70074
ENSG00000155093,158587823,157539056,1048767
ENSG00000274584,106824954,106824025,929
ENSG00000107798,89414557,89213569,200988
ENSG00000213252,106827890,106826392,1498
ENSG00000266002,59403303,59400488,2815
ENSG00000272839,157869154,157868538,616
ENSG00000278863,59363278,59362665,613
ENSG00000251019,78649242,78648954,288
ENSG00000231980,158031128,158027373,3755
ENSG00000228943,28110298,28109739,559
ENSG00000228589,28096422,28095742,680
ENSG00000223855,525232,520391,4841
ENSG00000132330,238099413,238060889,38524
ENSG00000119922,89309271,89283694,25577
ENSG00000250473,51865535,51865050,485
ENSG00000224289,89363487,89362294,1193
ENSG00000251442,78682699,78645903,36796
ENSG00000232110,89292125,89283765,8360
ENSG00000198648,168247595,167954020,293575
ENSG00000243273,151038818,150890636,148182
ENSG00000235486,106378247,106369724,8523
ENSG00000229682,106368876,106368209,667
ENSG00000280266,157527325,157525783,1542
ENSG00000239265,151080726,150852484,228242
ENSG00000233191,157518658,157513294,5364
ENSG00000227513,106345433,106344566,867
ENSG00000233939,106305197,106304755,442
ENSG00000223872,157503577,157501322,2255
ENSG00000224685,100652267,100651947,320
ENSG00000234210,157499716,157466231,33485
ENSG00000230353,106289053,106288803,250
ENSG00000285525,100641723,100628230,13493
ENSG00000260234,150941743,150882997,58746
ENSG00000101132,54228052,54208087,19965
ENSG00000230402,100640613,100627049,13564
ENSG00000224061,106253717,106253231,486
ENSG00000215208,65420027,65418731,1296
ENSG00000213295,106247741,106247369,372
ENSG00000256268,65612997,65602869,10128
ENSG00000250280,65286728,65281657,5071
ENSG00000213421,100587431,100586649,782
ENSG00000255866,65560889,65559591,1298
ENSG00000273595,106208115,106207394,721
ENSG00000181656,100542021,100538139,3882
ENSG00000257956,79559166,79558782,384
ENSG00000250748,65642372,65466820,175552
ENSG00000236768,48121215,48120669,546
ENSG00000257474,79550535,79540203,10332
ENSG00000237385,93431299,93430342,957
ENSG00000157353,70480274,70454595,25679
ENSG00000151136,107659642,107318421,341221
ENSG00000115806,170967130,170928464,38666
ENSG00000163646,150972999,150926163,46836
ENSG00000124641,41921139,41905354,15785
ENSG00000132128,46303608,46261196,42412
ENSG00000214237,150905439,150871045,34394
ENSG00000247473,3041260,3029009,12251
ENSG00000285644,3064707,3057538,7169
ENSG00000224907,109808129,109807651,478
ENSG00000198483,145885866,145866560,19306
ENSG00000181788,150763477,150741125,22352
ENSG00000273562,2991260,2943292,47968
ENSG00000244265,150762538,150761937,601
ENSG00000217557,162957548,162957258,290
ENSG00000225437,163054161,163042557,11604
ENSG00000165240,78050395,77910656,139739
ENSG00000226447,37992467,37976825,15642
ENSG00000153029,181061938,181033425,28513
ENSG00000143514,223845954,223779893,66061
ENSG00000175206,11848345,11845709,2636
ENSG00000115524,197435091,197388515,46576
ENSG00000257444,107271846,107271394,452
ENSG00000085999,46278473,46247688,30785
ENSG00000132471,75856507,75845699,10808
ENSG00000251520,180965909,180964511,1398
ENSG00000135835,180951614,180912897,38717
ENSG00000174099,65491430,65278643,212787
ENSG00000243155,180976482,180944042,32440
ENSG00000269973,9939590,9936360,3230
ENSG00000232586,180954887,180949699,5188
ENSG00000185345,162727771,161347417,1380354
ENSG00000154429,229343294,229321011,22283
ENSG00000237481,229323087,229319403,3684
ENSG00000214943,31488142,31482875,5267
ENSG00000239323,31463371,31462795,576
ENSG00000285553,163137775,163115691,22084
ENSG00000281692,163324530,163309985,14545
ENSG00000227913,162569728,162568379,1349
ENSG00000170035,181076585,180967248,109337
ENSG00000102144,78129295,77910739,218556
ENSG00000146731,56063989,56051685,12304
ENSG00000112290,110180004,110099819,80185
ENSG00000135823,181023121,180972712,50409
ENSG00000248503,77964890,77910741,54149
ENSG00000270711,180971247,180970837,410
ENSG00000165186,23404374,23334849,69525
ENSG00000226774,23351450,23351013,437
ENSG00000226784,77969638,77968874,764
ENSG00000234663,181409321,181086076,323245
ENSG00000172318,167874041,167868948,5093
ENSG00000255065,106311791,106310045,1746
ENSG00000235335,167941144,167814774,126370
ENSG00000236153,180980090,180979427,663
ENSG00000213023,50639881,50621307,18574
ENSG00000238171,181105968,181076051,29917
ENSG00000112530,163315492,162727132,588360
ENSG00000270294,109681041,109680442,599
ENSG00000270333,109662050,109661814,236
ENSG00000214211,167716065,167713663,2402
ENSG00000168118,229305894,229271062,34832
ENSG00000237242,109534990,109534655,335
ENSG00000008311,122144255,122073549,70706
ENSG00000213029,229305504,229304857,647
ENSG00000233354,31487574,31485778,1796
ENSG00000232728,109529008,109528119,889
ENSG00000225683,163192002,163165414,26588
ENSG00000285610,162975007,162969050,5957
ENSG00000177788,229271028,229258281,12747
ENSG00000069482,68691175,68683779,7396
ENSG00000177800,229251810,229249636,2174
ENSG00000233920,229242902,229223457,19445
ENSG00000236975,229094905,229092815,2090
ENSG00000145220,4290154,4267701,22453
ENSG00000229840,229042591,229042171,420
ENSG00000282111,229038274,229022773,15501
ENSG00000271399,228858556,228858010,546
ENSG00000271475,228776865,228776312,553
ENSG00000116574,228746664,228735479,11185
ENSG00000138442,203014798,202874782,140016
ENSG00000234975,228687826,228687415,411
ENSG00000106615,151520120,151466012,54108
ENSG00000240132,151503463,151501878,1585
ENSG00000183929,228651379,228650241,1138
ENSG00000132406,4248223,4235542,12681
ENSG00000215811,228512305,228510425,1880
ENSG00000264589,45895680,45799390,96290
ENSG00000197461,520296,497258,23038
ENSG00000265547,45732977,45731703,1274
ENSG00000228222,167558333,167293171,265162
ENSG00000256762,45999694,45999250,444
ENSG00000241456,151439124,151427683,11441
ENSG00000265964,45734669,45733353,1316
ENSG00000168159,228496188,228487382,8806
ENSG00000185294,45847072,45844835,2237
ENSG00000234471,496118,484107,12011
ENSG00000249574,382712,379359,3353
ENSG00000061936,131799737,131711081,88656
ENSG00000110619,3057613,3000922,56691
ENSG00000255933,131758047,131756966,1081
ENSG00000279306,228487120,228486188,932
ENSG00000181201,228464626,228464103,523
ENSG00000127377,151440813,151428835,11978
ENSG00000277355,54800882,54789806,11076
ENSG00000177000,11806920,11785723,21197
ENSG00000196890,228460470,228458107,2363
ENSG00000177553,11779619,11777077,2542
ENSG00000156500,134854835,134796395,58440
ENSG00000181218,228457873,228456979,894
ENSG00000230841,228449621,228449163,458
ENSG00000168148,228425325,228424845,480
ENSG00000215910,11789585,11761787,27798
ENSG00000237412,232525716,232520463,5253
ENSG00000243499,131668246,131667492,754
ENSG00000256424,131648121,131647113,1008
ENSG00000249926,131664704,131662596,2108
ENSG00000162931,228416861,228407935,8926
ENSG00000279153,131646444,131645918,526
ENSG00000231563,228409694,228407381,2313
ENSG00000119689,74903743,74881891,21852
ENSG00000279455,131620765,131620178,587
ENSG00000256258,131623203,131621891,1312
ENSG00000250958,102617589,102581368,36221
ENSG00000255704,131597115,131596857,258
ENSG00000276498,54817417,54802804,14613
ENSG00000067715,79452008,78863993,588015
ENSG00000279388,131483034,131478844,4190
ENSG00000256209,131492951,131469311,23640
ENSG00000276392,54829001,54819505,9496
ENSG00000250682,102671559,102609156,62403
ENSG00000247402,102606197,102605635,562
ENSG00000276212,54784641,54771219,13422
ENSG00000257191,79045644,78960258,85386
ENSG00000275421,54861692,54847678,14014
ENSG00000257894,79503396,79341205,162191
ENSG00000249017,102505670,102500541,5129
ENSG00000270094,228396967,228394290,2677
ENSG00000277193,54845301,54830865,14436
ENSG00000257604,79500687,79500119,568
ENSG00000254811,106264905,106250019,14886
ENSG00000107872,102423136,102419189,3947
ENSG00000183010,81942412,81932384,10028
ENSG00000105993,157417439,157335381,82058
ENSG00000235296,81947601,81941869,5732
ENSG00000154370,228406835,228393673,13162
ENSG00000196843,96552634,96536743,15891
ENSG00000185105,81947233,81939645,7588
ENSG00000263585,81933058,81932398,660
ENSG00000011021,11848079,11806096,41983
ENSG00000270104,228385016,228384114,902
ENSG00000156504,134797232,134769566,27666
ENSG00000236667,180939298,180938830,468
ENSG00000279559,180801533,180801227,306
ENSG00000226564,180873414,180872867,547
ENSG00000225258,180692454,180571712,120742
ENSG00000286115,170914873,170890393,24480
ENSG00000281131,180916939,180692104,224835
ENSG00000241825,68686308,68684595,1713
ENSG00000270289,180473419,180473137,282
ENSG00000132329,237912106,237858893,53213
ENSG00000138772,78610451,78551747,58704
ENSG00000283154,159897366,158962235,935131
ENSG00000247363,68687755,68674371,13384
ENSG00000243116,159722401,159721524,877
ENSG00000257948,78808499,78804348,4151
ENSG00000244249,159387440,159386756,684
ENSG00000171551,232487834,232479827,8007
ENSG00000257564,78794114,78793526,588
ENSG00000257165,78540675,78448995,91680
ENSG00000228539,24502345,24491472,10873
ENSG00000257879,78442952,78426826,16126
ENSG00000258084,78483019,78352519,130500
ENSG00000059915,102421539,102402617,18922
ENSG00000109184,51916837,51843000,73837
ENSG00000131174,77907376,77899438,7938
ENSG00000236474,18421454,18420160,1294
ENSG00000101463,24666616,24469629,196987
ENSG00000275232,131455436,131447337,8099
ENSG00000258220,78359746,78326680,33066
ENSG00000280319,131436960,131436447,513
ENSG00000226506,7899655,7886770,12885
ENSG00000230294,131367555,131347470,20085
ENSG00000256484,131371059,131366660,4399
ENSG00000279746,131298218,131295522,2696
ENSG00000235480,96532306,96527940,4366
ENSG00000177483,237842808,237798389,44419
ENSG00000248703,131297972,131296110,1862
ENSG00000226356,131293176,131292068,1108
ENSG00000254580,106132116,106112459,19657
ENSG00000280217,131237523,131235511,2012
ENSG00000204603,131212931,131165011,47920
ENSG00000214216,159266307,158962928,303379
ENSG00000163121,96508109,96497646,10463
ENSG00000142784,27308636,27234632,74004
ENSG00000240043,70444912,70444674,238
ENSG00000163092,167259753,166888487,371266
ENSG00000165238,93320572,93184916,135656
ENSG00000234069,24446314,24445391,923
ENSG00000254552,167140955,167123904,17051
ENSG00000229405,7737095,7736438,657
ENSG00000225182,166889884,166889502,382
ENSG00000186364,145848954,145845630,3324
ENSG00000163510,180007297,179944876,62421
ENSG00000232200,24318086,24297585,20501
ENSG00000260951,25359908,25358240,1668
ENSG00000233824,25326815,25321302,5513
ENSG00000232979,7735783,7735645,138
ENSG00000204352,93346414,93318199,28215
ENSG00000234922,25266290,25265924,366
ENSG00000165406,45594906,45454585,140321
ENSG00000235576,7730705,7725801,4904
ENSG00000236151,24144386,24142590,1796
ENSG00000225990,27211484,27211265,219
ENSG00000269271,54590287,54589441,846
ENSG00000230515,7672246,7671604,642
ENSG00000167390,23990454,23989292,1162
ENSG00000163888,184261553,184259213,2340
ENSG00000225159,27207796,27206930,866
ENSG00000214973,27201473,27200834,639
ENSG00000151967,159897360,159839861,57499
ENSG00000196922,145002895,144973589,29306
ENSG00000276853,65171917,65171262,655
ENSG00000102158,77895593,77826364,69229
ENSG00000241211,159768612,159765387,3225
ENSG00000255559,145006046,145002811,3235
ENSG00000111581,68745809,68686951,58858
ENSG00000233067,23293146,22259797,1033349
ENSG00000254618,144995540,144994886,654
ENSG00000231011,22617143,22616744,399
ENSG00000255164,144994837,144992914,1923
ENSG00000224396,22436818,22435598,1220
ENSG00000255530,145005906,145005561,345
ENSG00000233560,68707066,68705634,1432
ENSG00000174028,23076767,23075758,1009
ENSG00000237019,22768966,22698457,70509
ENSG00000086848,111871581,111782195,89386
ENSG00000131788,145859836,145848522,11314
ENSG00000255700,65135273,65134688,585
ENSG00000231846,22494713,22428132,66581
ENSG00000162735,160286348,160276812,9536
ENSG00000184735,23003589,22999961,3628
ENSG00000089091,18467281,18383367,83914
ENSG00000198671,65054124,65017468,36656
ENSG00000170965,134764322,134565838,198484
ENSG00000258529,111879425,111786286,93139
ENSG00000163295,232460753,232456125,4628
ENSG00000254949,111864460,111864254,206
ENSG00000248767,294422,290170,4252
ENSG00000139350,96953777,96907223,46554
ENSG00000239998,54590287,54572920,17367
ENSG00000120088,45835828,45784280,51548
ENSG00000227060,134559923,134549973,9950
ENSG00000243836,151413354,151409161,4193
ENSG00000237087,232421461,232420661,800
ENSG00000223788,232447418,232442034,5384
ENSG00000180383,31476757,31465506,11251
ENSG00000260641,98664550,98658904,5646
ENSG00000136275,47819847,47795291,24556
ENSG00000237070,15681980,15667947,14033
ENSG00000260111,70399502,70379457,20045
ENSG00000187260,151410727,151375909,34818
ENSG00000163286,232410714,232406844,3870
ENSG00000106511,15686683,15611212,75471
ENSG00000223749,134546632,134543337,3295
ENSG00000256204,130978768,130977562,1206
ENSG00000279128,131024741,131022769,1972
ENSG00000226107,134522990,134522702,288
ENSG00000279581,130981367,130980667,700
ENSG00000180769,85011277,84965534,45743
ENSG00000251260,84810403,84796614,13789
ENSG00000143153,169132722,169105697,27025
ENSG00000286189,84970730,84970180,550
ENSG00000235575,169322479,169310665,11814
ENSG00000227107,237626525,237612977,13548
ENSG00000087301,52552522,52430596,121926
ENSG00000269890,228274397,228270443,3954
ENSG00000187244,44821421,44809059,12362
ENSG00000278758,54880809,54864015,16794
ENSG00000286040,29500460,29415856,84604
ENSG00000229985,27177277,27176751,526
ENSG00000258065,28858701,28857384,1317
ENSG00000117477,169460669,169394870,65799
ENSG00000197565,108439497,108155607,283890
ENSG00000251178,130035539,130034553,986
ENSG00000258028,29372406,28936889,435517
ENSG00000203434,108561815,108547975,13840
ENSG00000234544,108296532,108296099,433
ENSG00000177468,137494250,137492202,2048
ENSG00000276001,54700905,54700593,312
ENSG00000274082,54704235,54703952,283
ENSG00000235606,151027617,151027090,527
ENSG00000258917,77697377,77696591,786
ENSG00000258038,28968400,28830244,138156
ENSG00000239272,77683989,77683202,787
ENSG00000114859,184361650,184346185,15465
ENSG00000224163,128914063,128912732,1331
ENSG00000254913,149009527,149006309,3218
ENSG00000257522,29392048,29210986,181062
ENSG00000255148,149026269,149018671,7598
ENSG00000258107,29436412,29390074,46338
ENSG00000100601,77708023,77672404,35619
ENSG00000284731,130003007,130002789,218
ENSG00000248459,129998936,129998531,405
ENSG00000276243,54713453,54707916,5537
ENSG00000163625,84966391,84669610,296781
ENSG00000170893,129977935,129974688,3247
ENSG00000047849,48089272,47850690,238582
ENSG00000235197,37896666,37894637,2029
ENSG00000224895,47961081,47960327,754
ENSG00000270285,48039490,48039267,223
ENSG00000019186,54173986,54153446,20540
ENSG00000151963,37884109,37883594,515
ENSG00000250643,129969294,129954105,15189
ENSG00000271270,129918575,129893811,24764
ENSG00000285128,44804010,44803701,309
ENSG00000274786,54736098,54724451,11647
ENSG00000143156,169367948,169132531,235417
ENSG00000243020,64868699,64867956,743
ENSG00000258668,77653055,77652827,228
ENSG00000221845,47661648,47655244,6404
ENSG00000149435,23988779,23985050,3729
ENSG00000236078,47629893,47621939,7954
ENSG00000283657,166414729,166414489,240
ENSG00000144331,179861612,179441982,419630
ENSG00000215440,58719238,58689131,30107
ENSG00000213126,179814675,179814251,424
ENSG00000237707,169104907,169104124,783
ENSG00000175581,73865133,73787316,77817
ENSG00000213104,197380892,197379701,1191
ENSG00000229727,7450254,7421261,28993
ENSG00000225979,197312740,197311393,1347
ENSG00000229612,168898439,168898136,303
ENSG00000284917,184293031,184249695,43336
ENSG00000236168,23980734,23980585,149
ENSG00000235736,168774490,168763365,11125
ENSG00000237964,179400875,179399728,1147
ENSG00000128683,170861151,170813213,47938
ENSG00000203601,169087005,168903905,183100
ENSG00000258225,78091737,78052181,39556
ENSG00000228476,23922169,23918771,3398
ENSG00000111452,131141469,130953907,187562
ENSG00000235934,170818037,170816293,1744
ENSG00000258066,77783576,77775783,7793
ENSG00000272002,7261504,7260871,633
ENSG00000279940,130958031,130956384,1647
ENSG00000257220,78131004,78130337,667
ENSG00000256810,131035487,131030570,4917
ENSG00000280200,130978812,130976786,2026
ENSG00000279976,130963028,130962175,853
ENSG00000186868,46028334,45894382,133952
ENSG00000102174,22251310,22032325,218985
ENSG00000100949,24271739,24265538,6201
ENSG00000224204,22172983,22162733,10250
ENSG00000136546,166611482,166403573,207909
ENSG00000187546,15562015,15200317,361698
ENSG00000263715,45835826,45620344,215482
ENSG00000205359,102499016,102371782,127234
ENSG00000227489,15068651,15066207,2444
ENSG00000125384,52328598,52314305,14293
ENSG00000227516,41869731,41868622,1109
ENSG00000204650,45655156,45620328,34828
ENSG00000240137,150720146,150703564,16582
ENSG00000162062,2464963,2460086,4877
ENSG00000215833,168451211,168449672,1539
ENSG00000283255,168407274,168401483,5791
ENSG00000228697,168495685,168400829,94856
ENSG00000268745,41791477,41791410,67
ENSG00000261723,23624107,23605841,18266
ENSG00000224442,197030143,197028711,1432
ENSG00000224516,232381674,232379635,2039
ENSG00000236018,157198511,157197600,911
ENSG00000244668,150720836,150719997,839
ENSG00000269446,157111072,157109980,1092
ENSG00000257056,28785787,28783491,2296
ENSG00000243479,157016426,157010805,5621
ENSG00000236102,157058514,157057709,805
ENSG00000186960,28820640,28772526,48114
ENSG00000137218,41786542,41770176,16366
ENSG00000203697,223665734,223538007,127727
ENSG00000234350,170770768,170723086,47682
ENSG00000239467,170778148,170771113,7035
ENSG00000230122,232351309,232349754,1555
ENSG00000065413,197311173,196967017,344156
ENSG00000203364,93148556,93147040,1516
ENSG00000204547,31429180,31421436,7744
ENSG00000138380,202988263,202912214,76049
ENSG00000283403,28727680,28435388,292292
ENSG00000146463,35422058,35268967,153091
ENSG00000110931,121298308,121237675,60633
ENSG00000222033,170714567,170712451,2116
ENSG00000267243,28535277,28437060,98217
ENSG00000230033,156945645,156944721,924
ENSG00000218357,47487111,47461299,25812
ENSG00000260725,28429490,28418483,11007
ENSG00000267238,28396428,28394851,1577
ENSG00000270133,94618122,94611906,6216
ENSG00000254132,94569470,94568929,541
ENSG00000232578,94594791,94592771,2020
ENSG00000135677,64759431,64713445,45986
ENSG00000213293,12260537,12260126,411
ENSG00000258440,52156179,52155740,439
ENSG00000234750,12285185,12284337,848
ENSG00000163982,4226889,4188803,38086
ENSG00000249495,101976798,101976296,502
ENSG00000143502,223364178,223220819,143359
ENSG00000146360,109980718,109978256,2462
ENSG00000251261,101816780,101816475,305
ENSG00000153179,64697564,64507001,190563
ENSG00000008405,107093549,106991364,102185
ENSG00000136634,206772494,206767602,4892
ENSG00000251485,232343903,232343116,787
ENSG00000227033,232015720,231978488,37232
ENSG00000113532,100903282,100806933,96349
ENSG00000188596,96875555,96489571,385984
ENSG00000138286,73244504,73168166,76338
ENSG00000225857,180909166,180906651,2515
ENSG00000197857,12294887,12224686,70201
ENSG00000172167,120542133,120445400,96733
ENSG00000156171,111140216,111117333,22883
ENSG00000248318,120776832,120761253,15579
ENSG00000227540,73254349,73252791,1558
ENSG00000273221,111185061,111184415,646
ENSG00000272502,120813359,120812219,1140
ENSG00000250290,120638204,120635558,2646
ENSG00000181873,228182257,228165804,16453
ENSG00000236434,51266074,51264916,1158
ENSG00000077150,102402524,102394110,8414
ENSG00000213551,73248862,73183362,65500
ENSG00000163166,127526886,127436207,90679
ENSG00000227382,73201225,73199826,1399
ENSG00000203684,228165512,228164086,1426
ENSG00000165233,93113283,93096217,17066
ENSG00000033100,151238827,151232489,6338
ENSG00000198835,228159826,228149930,9896
ENSG00000123091,51273447,51236273,37174
ENSG00000243018,151254390,151249325,5065
ENSG00000272661,151240972,151240399,573
ENSG00000233406,51251472,51250603,869
ENSG00000067798,78213010,77324641,888369
ENSG00000104970,54545771,54532692,13079
ENSG00000172172,120445402,120380761,64641
ENSG00000234949,237595981,237591020,4961
ENSG00000213064,168253021,168225938,27083
ENSG00000253408,42271197,42233675,37522
ENSG00000250806,100657970,100654112,3858
ENSG00000214262,168247343,168245565,1778
ENSG00000223446,93095529,93094939,590
ENSG00000172164,120813273,120535745,277528
ENSG00000162889,206734283,206684944,49339
ENSG00000237131,168215652,168215405,247
ENSG00000224114,206696269,206695837,432
ENSG00000231731,127514623,127455394,59229
ENSG00000237049,168210969,168210616,353
ENSG00000226850,31586304,31583922,2382
ENSG00000142273,44800652,44777869,22783
ENSG00000238238,31569712,31568197,1515
ENSG00000231647,31582598,31581764,834
ENSG00000213385,102755939,102755146,793
ENSG00000079335,100520277,100345001,175276
ENSG00000237605,206635622,206634649,973
ENSG00000143155,168202109,168178962,23147
ENSG00000237477,179285707,179273831,11876
ENSG00000227741,160208869,160202199,6670
ENSG00000234332,100394026,100393033,993
ENSG00000258272,96485442,96422326,63116
ENSG00000223906,100345242,100344477,765
ENSG00000172667,179072215,178960121,112094
ENSG00000204652,45608918,45608571,347
ENSG00000143479,206684419,206635536,48883
ENSG00000232311,109828785,109826522,2263
ENSG00000082014,151277896,151238764,39132
ENSG00000124839,237601614,237574322,27292
ENSG00000263503,45602340,45600869,1471
ENSG00000265491,145824095,145738868,85227
ENSG00000258694,52129625,52111122,18503
ENSG00000280022,45593369,45592621,748
ENSG00000258981,52117995,52117602,393
ENSG00000251523,98509935,98496364,13571
ENSG00000162734,160215376,160205337,10039
ENSG00000160201,43107587,43092956,14631
ENSG00000222011,102809225,102748971,60254
ENSG00000285480,151210378,151207837,2541
ENSG00000144535,232344350,231961245,383105
ENSG00000158161,28088637,27970344,118293
ENSG00000143147,168137667,168079543,58124
ENSG00000186141,145844402,145824088,20314
ENSG00000187231,179264832,179101678,163154
ENSG00000168785,98658611,98470367,188244
ENSG00000140471,100603230,100559369,43861
ENSG00000122882,73169055,73130155,38900
ENSG00000259540,100559798,100558677,1121
ENSG00000224666,36393462,36386831,6631
ENSG00000259381,100646655,100645434,1221
ENSG00000259205,100558954,100553529,5425
ENSG00000033050,151227205,151211484,15721
ENSG00000179165,36442854,36390551,52303
ENSG00000225342,40224915,40186009,38906
ENSG00000223914,40211419,40156113,55306
ENSG00000285813,105999213,105995185,4028
ENSG00000266094,206589448,206507530,81918
ENSG00000170903,106022403,105995623,26780
ENSG00000177674,11754802,11736084,18718
ENSG00000169180,28211920,28097979,113941
ENSG00000285292,151227166,151207837,19329
ENSG00000260452,28111647,28111173,474
ENSG00000264070,45586929,45585871,1058
ENSG00000167618,54510687,54497879,12808
ENSG00000285668,45588379,45586452,1927
ENSG00000204653,50514690,50511600,3090
ENSG00000112078,36491143,36442767,48376
ENSG00000278685,151205496,151190873,14623
ENSG00000162888,206497728,206491116,6612
ENSG00000276590,54752881,54738496,14385
ENSG00000203356,51235096,51195095,40001
ENSG00000280248,80342058,80339898,2160
ENSG00000213478,51158471,51157788,683
ENSG00000260329,106955497,106954029,1468
ENSG00000257119,106901984,106901283,701
ENSG00000236719,180566520,180552749,13771
ENSG00000132681,160186977,160151570,35407
ENSG00000177706,260772,192571,68201
ENSG00000249852,229557,227554,2003
ENSG00000250381,4150421,4143458,6963
ENSG00000203644,129847957,129847048,909
ENSG00000131068,31373923,31368618,5305
ENSG00000232374,158841960,158841093,867
ENSG00000198787,4127569,4126659,910
ENSG00000212717,31360930,31360790,140
ENSG00000232325,95683,70972,24711
ENSG00000165891,77065569,77021248,44321
ENSG00000173821,80398786,80260866,137920
ENSG00000135127,120094494,119989869,104625
ENSG00000064787,54070594,53936777,133817
ENSG00000276863,80334366,80333841,525
ENSG00000274538,2929383,2928201,1182
ENSG00000236352,53942508,53940160,2348
ENSG00000257199,76984669,76984079,590
ENSG00000230908,23805663,23798141,7522
ENSG00000188906,40369285,40196744,172541
ENSG00000277975,23776169,23772785,3384
ENSG00000262979,80316633,80315651,982
ENSG00000229899,40286662,40286289,373
ENSG00000253368,27000886,26993692,7194
ENSG00000249741,143912053,143911514,539
ENSG00000257126,28765277,28729083,36194
ENSG00000174132,100586741,100535374,51367
ENSG00000135070,86283102,86264546,18556
ENSG00000176165,28770277,28760330,9947
ENSG00000236273,31568173,31567594,579
ENSG00000109171,48426201,48341529,84672
ENSG00000161677,50511353,50505998,5355
ENSG00000166321,73131828,73110375,21453
ENSG00000243629,157123004,157081667,41337
ENSG00000258282,28673727,28673241,486
ENSG00000248669,4118284,4117925,359
ENSG00000197121,196927796,196833004,94792
ENSG00000284727,4107583,4048211,59372
ENSG00000250940,4086814,4086638,176
ENSG00000243894,4077491,4076711,780
ENSG00000127831,218453295,218419092,34203
ENSG00000241135,157101135,157089881,11254
ENSG00000270904,151319776,151319422,354
ENSG00000163624,84651334,84583127,68207
ENSG00000069399,44760044,44747705,12339
ENSG00000182180,73252693,73248843,3850
ENSG00000224064,26984024,26983628,396
ENSG00000286270,23745524,23722617,22907
ENSG00000172746,26980975,26980165,810
ENSG00000236756,73276984,73247360,29624
ENSG00000272599,73125532,73124573,959
ENSG00000258175,28613623,28592223,21400
ENSG00000237929,31311962,31311303,659
ENSG00000257662,28593919,28593779,140
ENSG00000248659,129632492,129632019,473
ENSG00000232595,23711406,23711320,86
ENSG00000215545,31308585,31303212,5373
ENSG00000166128,63267776,63189560,78216
ENSG00000224628,31286835,31285317,1518
ENSG00000240179,28490362,28489910,452
ENSG00000197358,28265974,28264390,1584
ENSG00000282572,35489,19018,16471
ENSG00000215546,31274867,31274170,697
ENSG00000258013,84544519,84544304,215
ENSG00000284820,219222738,219209772,12966
ENSG00000111145,96269824,96194375,75449
ENSG00000258177,96223973,96222797,1176
ENSG00000139631,53180909,53157663,23246
ENSG00000215871,100332617,100331804,813
ENSG00000101441,23689040,23685640,3400
ENSG00000116260,180204030,180154869,49161
ENSG00000260943,40142876,40140926,1950
ENSG00000283422,96172126,96160692,11434
ENSG00000258251,96060375,96060024,351
ENSG00000280176,196832190,196831975,215
ENSG00000167535,48828941,48813794,15147
ENSG00000233579,202841781,202840331,1450
ENSG00000240761,202774360,202773720,640
ENSG00000214015,6071918,6071514,404
ENSG00000151692,7068286,6917412,150874
ENSG00000267198,45563230,45545804,17426
ENSG00000267246,45558738,45549781,8957
ENSG00000131484,45534710,45533963,747
ENSG00000228203,6918709,6912277,6432
ENSG00000134308,9630997,9583967,47030
ENSG00000223884,7077901,7062346,15555
ENSG00000214425,45550335,45506741,43594
ENSG00000266504,45559070,45553710,5360
ENSG00000245573,27698231,27506830,191401
ENSG00000233297,102690469,102681836,8633
ENSG00000277112,30723932,30656033,67899
ENSG00000225672,111015530,111007700,7830
ENSG00000164162,145098541,144831908,266633
ENSG00000163623,84498450,84491987,6463
ENSG00000285713,145098174,144210701,887473
ENSG00000241879,156977825,156977558,267
ENSG00000238151,30403384,30403123,261
ENSG00000249193,144847344,144845625,1719
ENSG00000248890,144661357,144642922,18435
ENSG00000256362,127340072,127324155,15917
ENSG00000198914,104858574,104855511,3063
ENSG00000256502,127344402,127344258,144
ENSG00000122176,203351758,203340628,11130
ENSG00000269707,104926052,104853285,72767
ENSG00000280024,127372669,127372243,426
ENSG00000163914,129535169,129528640,6529
ENSG00000277215,141649927,141502849,147078
ENSG00000229743,104872595,104865407,7188
ENSG00000198768,58515131,58459101,56030
ENSG00000232408,130590463,130583549,6914
ENSG00000234404,77381319,77374212,7107
ENSG00000117791,220784815,220748225,36590
ENSG00000183292,130584161,130570829,13332
ENSG00000278992,76270800,76270206,594
ENSG00000269256,76560994,76558350,2644
ENSG00000227313,35898963,35896874,2089
ENSG00000268659,75643106,75642476,630
ENSG00000227475,36089389,36089086,303
ENSG00000230575,76438775,76437408,1367
ENSG00000233810,37292227,37291168,1059
ENSG00000148655,76560168,75431624,1128544
ENSG00000284700,50425316,50423609,1707
ENSG00000196468,77457278,77447405,9873
ENSG00000240443,48488408,48487946,462
ENSG00000233477,105685865,105685383,482
ENSG00000282343,2861539,2840112,21427
ENSG00000189308,83012926,82909973,102953
ENSG00000258121,48500961,48483287,17674
ENSG00000196406,141698739,141697411,1328
ENSG00000177627,48496386,48482498,13888
ENSG00000282076,2849088,2768844,80244
ENSG00000255991,39467345,39466442,903
ENSG00000279952,127463197,127462507,690
ENSG00000117280,205775482,205767986,7496
ENSG00000255945,127599715,127598168,1547
ENSG00000176834,118136026,118063593,72433
ENSG00000257035,127626267,127624153,2114
ENSG00000270273,39539851,39539581,270
ENSG00000256022,127636467,127631248,5219
ENSG00000282441,2771577,2771356,221
ENSG00000236626,36434484,36432882,1602
ENSG00000136698,130599575,130592168,7407
ENSG00000256922,127821183,127793527,27656
ENSG00000279475,127826286,127825938,348
ENSG00000267614,44536613,44536263,350
ENSG00000255757,127877516,127876999,517
ENSG00000228694,36435174,36434710,464
ENSG00000173208,39619803,39550033,69770
ENSG00000279814,75451725,75450081,1644
ENSG00000228280,75743755,75742740,1015
ENSG00000257642,105327017,105304867,22150
ENSG00000178804,129551467,129543214,8253
ENSG00000135972,105099960,105038069,61891
ENSG00000136044,105236203,105173297,62906
ENSG00000274859,118066725,118066398,327
ENSG00000285732,39614648,39611819,2829
ENSG00000229652,203353651,203353365,286
ENSG00000271588,203400581,203400266,315
ENSG00000136630,220885059,220879431,5628
ENSG00000256660,10018796,10010627,8169
ENSG00000275610,133681637,133680369,1268
ENSG00000188783,203491352,203475806,15546
ENSG00000117069,77067546,76867480,200066
ENSG00000224509,105038496,104936241,102255
ENSG00000238078,220832429,220829255,3174
ENSG00000231851,105102944,105097052,5892
ENSG00000221571,220826063,220825620,443
ENSG00000132475,75785893,75776434,9459
ENSG00000257551,220880140,220832763,47377
ENSG00000268496,54434665,54434183,482
ENSG00000272823,220829211,220828676,535
ENSG00000225378,26674464,26671254,3210
ENSG00000286231,220884503,220786990,97513
ENSG00000089220,118145584,118136124,9460
ENSG00000197376,48529897,48507354,22543
ENSG00000250655,96213100,96212279,821
ENSG00000165509,141897832,141838316,59516
ENSG00000284723,48528103,48525632,2471
ENSG00000186205,220819659,220786913,32746
ENSG00000225024,26678510,26678219,291
ENSG00000276164,133684936,133683668,1268
ENSG00000198678,48562956,48559882,3074
ENSG00000237635,133741284,133740606,678
ENSG00000248510,96818864,96310701,508163
ENSG00000256803,10030606,10015240,15366
ENSG00000231560,9953336,9948137,5199
ENSG00000167531,48570066,48567684,2382
ENSG00000171303,26733420,26692690,40730
ENSG00000071243,120977216,120950763,26453
ENSG00000165682,10013424,9985642,27782
ENSG00000115289,74507695,74505043,2652
ENSG00000285521,205783623,205775559,8064
ENSG00000155495,141909374,141903894,5480
ENSG00000236764,96903050,96902801,249
ENSG00000256597,127898639,127881617,17022
ENSG00000188770,203508864,203494143,14721
ENSG00000253170,97135059,97120701,14358
ENSG00000236205,142148866,142147862,1004
ENSG00000073008,44666162,44643798,22364
ENSG00000256971,127950160,127940595,9565
ENSG00000256193,127951552,127915372,36180
ENSG00000135114,121039242,121019111,20131
ENSG00000222038,130658091,130611481,46610
ENSG00000227215,82938677,82932601,6076
ENSG00000224616,100266179,100251528,14651
ENSG00000067955,67101058,67028984,72074
ENSG00000220091,82925122,82924829,293
ENSG00000230287,100249311,100249090,221
ENSG00000266980,75820055,75818815,1240
ENSG00000118420,83065841,82892390,173451
ENSG00000251620,97490164,97366681,123483
ENSG00000137992,100249834,100186919,62915
ENSG00000242697,98026240,98025390,850
ENSG00000132478,75825799,75784806,40993
ENSG00000225469,142173989,142172866,1123
ENSG00000169432,166376001,166195185,180816
ENSG00000250625,142195490,142194352,1138
ENSG00000116704,67054148,66999350,54798
ENSG00000254044,97633823,97334635,299188
ENSG00000250293,97917401,97916353,1048
ENSG00000163116,98143476,97184093,959383
ENSG00000240253,130718831,130690133,28698
ENSG00000278664,133744598,133743332,1266
ENSG00000278761,133747907,133746641,1266
ENSG00000261324,14767931,14762504,5427
ENSG00000135931,231374837,231198546,176291
ENSG00000236035,203657760,203656969,791
ENSG00000214081,130685863,130680050,5813
ENSG00000278790,133751216,133749950,1266
ENSG00000276046,133754516,133753250,1266
ENSG00000058668,203744081,203626561,117520
ENSG00000214904,98049043,98048555,488
ENSG00000282944,130691691,130681228,10463
ENSG00000279095,44666158,44664131,2027
ENSG00000224366,44570564,44570304,260
ENSG00000223349,130693770,130692243,1527
ENSG00000266903,44718759,44632199,86560
ENSG00000197837,14771131,14767999,3132
ENSG00000168152,82919969,82900684,19285
ENSG00000230666,44620821,44537058,83763
ENSG00000224709,48628836,48627879,957
ENSG00000086967,50466321,50432892,33429
ENSG00000046774,142205290,142202342,2948
ENSG00000213892,44710718,44699151,11567
ENSG00000276904,133757825,133756559,1266
ENSG00000275508,142373990,142372276,1714
ENSG00000230498,77078482,77067920,10562
ENSG00000216588,44636781,44613563,23218
ENSG00000278641,133761125,133759859,1266
ENSG00000255403,105707937,105706299,1638
ENSG00000080561,107927193,107825755,101438
ENSG00000133065,205813748,205789094,24654
ENSG00000282875,133778498,133778258,240
ENSG00000213147,133778699,133778246,453
ENSG00000115163,26801067,26764289,36778
ENSG00000137996,100292769,100266207,26562
ENSG00000242527,27484128,27483850,278
ENSG00000168412,186555567,186533655,21912
ENSG00000246705,14778002,14774383,3619
ENSG00000213332,186329601,186328716,885
ENSG00000235162,105396097,105235290,160807
ENSG00000186567,44684359,44662278,22081
ENSG00000251165,186500997,186286094,214903
ENSG00000148943,27506769,27494418,12351
ENSG00000102172,21994837,21940709,54128
ENSG00000231898,170408564,170332085,76479
ENSG00000138674,82901166,82818509,82657
ENSG00000272297,186555328,186426546,128782
ENSG00000226084,77129668,77129114,554
ENSG00000088926,186288806,186265945,22861
ENSG00000228187,77195395,77194825,570
ENSG00000142892,77219430,77088989,130441
ENSG00000213699,26781231,26764284,16947
ENSG00000249444,99499367,99489559,9808
ENSG00000283542,121059670,121053732,5938
ENSG00000236064,107935980,107894597,41383
ENSG00000256963,121080124,121079842,282
ENSG00000206356,99525462,99522311,3151
ENSG00000117748,27914746,27891524,23222
ENSG00000279001,121096429,121096027,402
ENSG00000226508,105145424,105144113,1311
ENSG00000227762,99534611,99532628,1983
ENSG00000223538,121107490,121107220,270
ENSG00000231836,31489410,31484113,5297
ENSG00000249515,99577957,99549432,28525
ENSG00000135973,105243049,105241743,1306
ENSG00000248236,99594740,99594329,411
ENSG00000273209,202033537,202032770,767
ENSG00000285530,100253414,100220488,32926
ENSG00000230913,41667649,41666906,743
ENSG00000237002,36442392,36438616,3776
ENSG00000225169,100213670,100213293,377
ENSG00000155760,202038445,202034587,3858
ENSG00000272861,105249794,105249404,390
ENSG00000138315,72933036,72893584,39452
ENSG00000271415,100197051,100196816,235
ENSG00000248928,99595297,99594880,417
ENSG00000250391,99949583,99948295,1288
ENSG00000229644,36524234,36521721,2513
ENSG00000238176,36943932,36940109,3823
ENSG00000259111,51763114,51750560,12554
ENSG00000258423,51757988,51756996,992
ENSG00000258550,51764076,51763056,1020
ENSG00000135966,105329735,105264391,65344
ENSG00000228348,35122484,35122022,462
ENSG00000223825,202201886,202201384,502
ENSG00000215086,72918534,72917641,893
ENSG00000249637,140401367,140370891,30476
ENSG00000222035,202117058,202113626,3432
ENSG00000258849,51772086,51771789,297
ENSG00000227890,202179971,202179297,674
ENSG00000258535,51825422,51765276,60146
ENSG00000113073,140375141,140360194,14947
ENSG00000259157,51787743,51787461,282
ENSG00000233007,38534174,38531923,2251
ENSG00000182329,202205203,202073289,131914
ENSG00000284640,35146435,35141515,4920
ENSG00000219186,37492548,37492021,527
ENSG00000128591,128859274,128830377,28897
ENSG00000241607,37442068,37441523,545
ENSG00000204178,25500209,25430858,69351
ENSG00000234355,37505860,37505310,550
ENSG00000116670,11691650,11674480,17170
ENSG00000144567,219185475,219176225,9250
ENSG00000235319,105330529,105324210,6319
ENSG00000104368,42207724,42175233,32491
ENSG00000272033,167381000,167379108,1892
ENSG00000156313,38327564,38269163,58401
ENSG00000225728,107939642,107939263,379
ENSG00000231903,202179391,202178660,731
ENSG00000277883,107985008,107974078,10930
ENSG00000068394,49123735,49113407,10328
ENSG00000170925,107982370,107980864,1506
ENSG00000227141,179589175,179586705,2470
ENSG00000229014,40068590,40068243,347
ENSG00000261060,179591305,179590372,933
ENSG00000180116,39908300,39626167,282133
ENSG00000248926,77958780,77958000,780
ENSG00000166257,123655244,123629187,26057
ENSG00000248956,77964511,77963940,571
ENSG00000213981,170695374,170640374,55000
ENSG00000162782,179691272,179591613,99659
ENSG00000138308,72954778,72935170,19608
ENSG00000271267,155566306,155566050,256
ENSG00000257150,95673999,95551582,122417
ENSG00000225082,155602197,155586644,15553
ENSG00000223503,155591262,155590601,661
ENSG00000074527,95791152,95657807,133345
ENSG00000139620,48682238,48653401,28837
ENSG00000203635,1625419,1620510,4909
ENSG00000115649,219178106,219171897,6209
ENSG00000151229,40106089,39755025,351064
ENSG00000135090,118372907,118149801,223106
ENSG00000154165,98534681,98531978,2703
ENSG00000237039,231256306,231256097,209
ENSG00000256643,128027166,128023788,3378
ENSG00000259363,99877148,99807023,70125
ENSG00000256551,128118132,128086985,31147
ENSG00000256659,128121952,128118217,3735
ENSG00000276487,128191389,128187934,3455
ENSG00000138698,98443861,98261384,182477
ENSG00000213170,126273411,126272818,593
ENSG00000283071,103090027,103084210,5817
ENSG00000071994,170584692,170575295,9397
ENSG00000173898,66729226,66685248,43978
ENSG00000148848,126388455,126012381,376074
ENSG00000257025,128404814,128399978,4836
ENSG00000260537,70372582,70299194,73388
ENSG00000279180,128289056,128288159,897
ENSG00000115297,74517148,74513463,3685
ENSG00000181234,128707915,128267403,440512
ENSG00000259356,100129743,100126106,3637
ENSG00000285710,70372166,70349085,23081
ENSG00000140470,100342005,99971437,370568
ENSG00000256630,128439206,128437778,1428
ENSG00000157349,70335283,70289663,45620
ENSG00000259444,103098885,103094723,4162
ENSG00000226211,221134221,221133865,356
ENSG00000234754,221336296,221330080,6216
ENSG00000232436,221510979,221508559,2420
ENSG00000236107,166390771,165957399,433372
ENSG00000227585,221550643,221549786,857
ENSG00000084463,14803486,14784582,18904
ENSG00000243062,179742697,179730217,12480
ENSG00000143507,221742089,221701424,40665
ENSG00000257859,105744062,105704203,39859
ENSG00000140854,57757244,57735739,21505
ENSG00000143340,179816198,179743163,73035
ENSG00000143125,110457358,110451149,6209
ENSG00000162877,205850132,205828025,22107
ENSG00000229407,179818191,179816184,2007
ENSG00000254744,99974010,99970215,3795
ENSG00000163352,154994315,154993586,729
ENSG00000270380,110457354,110456505,849
ENSG00000259219,99980774,99976481,4293
ENSG00000257773,106017006,106015897,1109
ENSG00000272899,128872047,128866330,5717
ENSG00000257890,106058254,106050961,7293
ENSG00000272994,105337475,105334027,3448
ENSG00000135974,105349211,105337532,11679
ENSG00000135253,128910719,128862451,48268
ENSG00000163956,3532446,3503612,28834
ENSG00000185306,64391192,64264762,126430
ENSG00000229056,196264204,196260024,4180
ENSG00000116030,202238608,202206180,32428
ENSG00000279500,128814750,128813186,1564
ENSG00000139370,128823958,128793194,30764
ENSG00000138411,196593684,196189099,404585
ENSG00000237056,33488283,33484759,3524
ENSG00000240194,110491277,110480752,10525
ENSG00000205436,103110559,103100144,10415
ENSG00000227687,205935768,205935128,640
ENSG00000174502,205943460,205913048,30412
ENSG00000075711,197299300,197042560,256740
ENSG00000248640,77988813,77987860,953
ENSG00000282887,110474980,110472543,2437
ENSG00000248128,78003439,78003143,296
ENSG00000283999,110488663,110473756,14907
ENSG00000249072,78008688,78008512,176
ENSG00000213700,73006595,73005833,762
ENSG00000269289,23957930,23919081,38849
ENSG00000235407,110490258,110487680,2578
ENSG00000213967,23945159,23914876,30283
ENSG00000227925,221840666,221827666,13000
ENSG00000238042,221978523,221880981,97542
ENSG00000157978,25568886,25543580,25306
ENSG00000228437,221984964,221966341,18623
ENSG00000101842,108079184,108044970,34214
ENSG00000232679,222064763,222041705,23058
ENSG00000144045,74526281,74518131,8150
ENSG00000224376,231394991,231388976,6015
ENSG00000274695,128827579,128826836,743
ENSG00000179636,21036276,21024109,12167
ENSG00000269397,23929287,23927788,1499
ENSG00000236230,222389103,222088806,300297
ENSG00000269421,23936173,23935220,953
ENSG00000227613,222262796,222261833,963
ENSG00000225643,25590356,25581478,8878
ENSG00000156966,231401164,231395710,5454
ENSG00000256293,64338797,64338178,619
ENSG00000243024,64397065,64222337,174728
ENSG00000226643,222454705,222452738,1967
ENSG00000172799,231434426,231433923,503
ENSG00000231617,33499609,33488900,10709
ENSG00000234419,222470882,222468094,2788
ENSG00000256192,64266766,64266413,353
ENSG00000128524,128865847,128862856,2991
ENSG00000230047,231437421,231437101,320
ENSG00000233538,231453153,231452195,958
ENSG00000242902,128862626,128850162,12464
ENSG00000163882,184368596,184361718,6878
ENSG00000276997,222504622,222477252,27370
ENSG00000254467,123671637,123668499,3138
ENSG00000232370,38479913,38479215,698
ENSG00000259717,103123007,103120847,2160
ENSG00000109065,74776367,74770547,5820
ENSG00000224339,37946775,37945884,891
ENSG00000189326,143034702,143025918,8784
ENSG00000226299,53323822,53322990,832
ENSG00000267305,222519732,222510169,9563
ENSG00000206150,21034807,21032818,1989
ENSG00000036473,38421446,38352586,68860
ENSG00000165799,21044234,21042316,1918
ENSG00000163354,155033781,155018520,15261
ENSG00000237172,67150998,67148104,2894
ENSG00000258604,21029271,21024172,5099
ENSG00000229735,38485264,38484752,512
ENSG00000240342,118246962,118246084,878
ENSG00000189252,143517475,143508735,8740
ENSG00000125149,67148539,67109958,38581
ENSG00000250349,38687674,37349330,1338344
ENSG00000233099,77349585,77346046,3539
ENSG00000255838,128945203,128944274,929
ENSG00000230130,143435280,143434517,763
ENSG00000227303,143516803,143284977,231826
ENSG00000174678,37545262,37541077,4185
ENSG00000154027,77559966,77282019,277947
ENSG00000226064,143344585,143343976,609
ENSG00000151948,128984968,128853427,131541
ENSG00000187516,37991317,37990817,500
ENSG00000122188,203776233,203765176,11057
ENSG00000235539,143433958,143433042,916
ENSG00000173302,130730336,130729070,1266
ENSG00000224402,45263252,45255640,7612
ENSG00000165168,37813461,37780011,33450
ENSG00000256574,45315608,45302298,13310
ENSG00000179542,143636101,143622790,13311
ENSG00000276600,206003461,205976740,26721
ENSG00000160685,155018522,155002630,15892
ENSG00000237494,142259632,142251847,7785
ENSG00000224948,76836861,76836568,293
ENSG00000270482,118376275,118375350,925
ENSG00000282826,28602843,28563850,38993
ENSG00000178171,130768134,130755435,12699
ENSG00000111707,118418033,118376555,41478
ENSG00000165810,181061521,181040225,21296
ENSG00000246203,155660245,155614726,45519
ENSG00000229797,130755879,130743538,12341
ENSG00000047597,37732130,37685791,46339
ENSG00000125459,155614967,155610205,4762
ENSG00000224463,202231849,202231696,153
ENSG00000213924,143678362,143677153,1209
ENSG00000231966,179836124,179829609,6515
ENSG00000164897,151083493,151081085,2408
ENSG00000285944,37700277,37700005,272
ENSG00000268988,143721423,143711955,9468
ENSG00000226679,38223667,38221391,2276
ENSG00000259977,37949405,37906147,43258
ENSG00000236571,53337973,53337783,190
ENSG00000165169,37847571,37836757,10814
ENSG00000234413,53341505,53340986,519
ENSG00000257438,106106165,106103163,3002
ENSG00000225970,143828133,143757737,70396
ENSG00000275759,118428870,118428281,589
ENSG00000235729,143806733,143806391,342
ENSG00000074590,106140033,106063340,76693
ENSG00000242318,98409763,98409290,473
ENSG00000275409,118430699,118430147,552
ENSG00000214559,98261630,98251688,9942
ENSG00000255714,118648724,118645315,3409
ENSG00000276380,143885255,143884071,1184
ENSG00000233533,36944738,36944111,627
ENSG00000285658,46587808,46572948,14860
ENSG00000241590,118738511,118737964,547
ENSG00000232503,130776957,130776646,311
ENSG00000225355,36995585,36995023,562
ENSG00000224630,144309080,144308834,246
ENSG00000256750,118761679,118758754,2925
ENSG00000110497,46594125,46396414,197711
ENSG00000235598,144309693,144309132,561
ENSG00000255618,118775137,118773032,2105
ENSG00000278855,2872091,2870047,2044
ENSG00000255814,118833536,118818804,14732
ENSG00000276913,38642242,38635875,6367
ENSG00000111339,14843526,14825569,17957
ENSG00000161204,184194012,184186023,7989
ENSG00000273707,2885904,2883205,2699
ENSG00000258928,51918571,51916145,2426
ENSG00000186469,51979342,51826195,153147
ENSG00000169905,179877803,179839967,37836
ENSG00000179256,14814182,14804650,9532
ENSG00000101955,38220924,38149336,71588
ENSG00000111341,14885926,14881181,4745
ENSG00000143512,222548104,222522258,25846
ENSG00000153982,59275970,59220467,55503
ENSG00000279425,24080669,24078481,2188
ENSG00000255566,64443330,64442510,820
ENSG00000268362,24066909,24033445,33464
ENSG00000184575,64451125,64404392,46733
ENSG00000268058,24098980,24098425,555
ENSG00000213096,24129961,24033405,96556
ENSG00000143105,110519175,110517217,1958
ENSG00000135052,86100173,86026146,74027
ENSG00000074966,48134250,48066393,67857
ENSG00000089041,121188032,121132819,55213
ENSG00000256581,129016663,129013336,3327
ENSG00000227417,203806263,203805621,642
ENSG00000129315,48716998,48688458,28540
ENSG00000257315,203854999,203795714,59285
ENSG00000284479,131035262,131035092,170
ENSG00000233221,130836994,130830978,6016
ENSG00000257611,106172437,106170004,2433
ENSG00000251536,129854944,129852208,2736
ENSG00000249196,129113294,129109629,3665
ENSG00000136002,131047263,130836916,210347
ENSG00000256339,14844708,14841092,3616
ENSG00000286107,14808177,14805108,3069
ENSG00000147036,37684463,37571569,112894
ENSG00000182993,14906586,14803572,103014
ENSG00000256699,129212662,129208601,4061
ENSG00000280051,129262824,129262345,479
ENSG00000151952,129904025,129071725,832300
ENSG00000282257,71597279,71596338,941
ENSG00000280116,49157351,49155242,2109
ENSG00000156298,38688920,38561370,127550
ENSG00000280196,129840522,129839928,594
ENSG00000058673,203854999,203795654,59345
ENSG00000256085,129522763,129521303,1460
ENSG00000286246,129625366,129622929,2437
ENSG00000258292,95823307,95803097,20210
ENSG00000166261,123741675,123723914,17761
ENSG00000179639,159308224,159289714,18510
ENSG00000259007,51969800,51967003,2797
ENSG00000258343,95858839,95795345,63494
ENSG00000256137,129698227,129681427,16800
ENSG00000258355,106246956,106245613,1343
ENSG00000145835,26827520,26827169,351
ENSG00000166046,106347003,106301929,45074
ENSG00000269873,54438346,54438010,336
ENSG00000274473,627401,626689,712
ENSG00000101843,108091549,108084207,7342
ENSG00000144730,57170306,57089982,80324
ENSG00000222022,237425276,237421420,3856
ENSG00000222032,237434822,237428920,5902
ENSG00000274454,2903769,2887804,15965
ENSG00000163374,155689000,155659443,29557
ENSG00000196266,159314659,159313670,989
ENSG00000139343,95903828,95858928,44900
ENSG00000275678,67123956,67121605,2351
ENSG00000115053,231483641,231453531,30110
ENSG00000116560,35193145,35176378,16767
ENSG00000276130,2925175,2899745,25430
ENSG00000203963,67231853,67092165,139688
ENSG00000249730,159433138,159432204,934
ENSG00000248442,159352026,159351093,933
ENSG00000231964,45453121,45444570,8551
ENSG00000249197,159406409,159405423,986
ENSG00000012779,45446119,45374176,71943
ENSG00000130962,37457295,37349275,108020
ENSG00000251686,159367089,159366161,928
ENSG00000165972,95942635,95867048,75587
ENSG00000224943,159483376,159466321,17055
ENSG00000092295,24264432,24249114,15318
ENSG00000196184,159443078,159437845,5233
ENSG00000228560,159469068,159346166,122902
ENSG00000244313,46429150,46428653,497
ENSG00000110075,68615334,68460731,154603
ENSG00000184155,159536007,159535078,929
ENSG00000185215,103137439,103123442,13997
ENSG00000226175,30233684,30231863,1821
ENSG00000231100,159558200,159557368,832
ENSG00000143774,228148984,228139962,9022
ENSG00000162594,67259979,67138907,121072
ENSG00000271890,159582648,159581620,1028
ENSG00000231002,30258487,30229518,28969
ENSG00000136026,106304279,106237881,66398
ENSG00000132703,159588865,159587826,1039
ENSG00000283625,184500370,184499484,886
ENSG00000145194,184293031,184276011,17020
ENSG00000227988,38395895,38395369,526
ENSG00000280023,36071070,36070239,831
ENSG00000285030,95885797,95885169,628
ENSG00000158731,159599227,159598298,929
ENSG00000075702,36105108,36054881,50227
ENSG00000147041,38128819,38006553,122266
ENSG00000277715,106252786,106250759,2027
ENSG00000276632,159649620,159649151,469
ENSG00000177301,110631474,110519837,111637
ENSG00000223603,159705607,159704983,624
ENSG00000233411,167458661,167457383,1278
ENSG00000273160,167459891,167457742,2149
ENSG00000132693,159714589,159712289,2300
ENSG00000198821,167518610,167430640,87970
ENSG00000215054,144841660,144840777,883
ENSG00000233548,145176894,145176582,312
ENSG00000229262,18071008,18059493,11515
ENSG00000234712,145233619,145232929,690
ENSG00000261777,70346747,70315640,31107
ENSG00000203923,145256112,145246828,9284
ENSG00000168872,70373383,70346861,26522
ENSG00000231093,145632375,145630218,2157
ENSG00000258304,76116100,76115711,389
ENSG00000257872,76138610,76137425,1185
ENSG00000130508,1744852,1631887,112965
ENSG00000213109,136901529,136900233,1296
ENSG00000257219,76305131,76259839,45292
ENSG00000272906,179882595,179881607,988
ENSG00000270709,145768342,145768095,247
ENSG00000112357,136913934,136822564,91370
ENSG00000286085,145820632,145699056,121576
ENSG00000229674,37994918,37994252,666
ENSG00000143337,179925000,179882042,42958
ENSG00000279585,145798439,145797375,1064
ENSG00000185985,145829856,145817832,12024
ENSG00000235226,159759589,159759170,419
ENSG00000213260,105687051,105686322,729
ENSG00000282836,196639497,196638422,1075
ENSG00000257987,48765786,48727435,38351
ENSG00000229466,105819197,105808775,10422
ENSG00000227776,167520586,167519536,1050
ENSG00000179941,76348442,76344474,3968
ENSG00000229775,106188722,106140264,48458
ENSG00000234748,146538048,146537535,513
ENSG00000226388,146555765,146553728,2037
ENSG00000139344,95968720,95943331,25389
ENSG00000158423,53431120,53422690,8430
ENSG00000254620,58603973,58594417,9556
ENSG00000231290,58619888,58515379,104509
ENSG00000158716,159782543,159780932,1611
ENSG00000144040,73075619,72942036,133583
ENSG00000143162,167553805,167529117,24688
ENSG00000072501,53422728,53374149,48579
ENSG00000115641,105438513,105357712,80801
ENSG00000274029,121191518,121190868,650
ENSG00000286248,121191477,121177919,13558
ENSG00000101665,48952052,48919853,32199
ENSG00000181036,159816257,159800511,15746
ENSG00000231029,167591846,167591392,454
ENSG00000254298,151158462,151158106,356
ENSG00000285420,151180617,151173981,6636
ENSG00000196188,206023895,206009264,14631
ENSG00000166997,100125508,100119634,5874
ENSG00000267838,54439544,54438665,879
ENSG00000276825,640936,637525,3411
ENSG00000143498,222589933,222557902,32031
ENSG00000198771,167708696,167630093,78603
ENSG00000241870,181065677,181065086,591
ENSG00000214295,181100666,181099140,1526
ENSG00000249963,99997932,99996547,1385
ENSG00000248560,181115674,181114106,1568
ENSG00000237130,50846837,50846468,369
ENSG00000270232,100046374,100045928,446
ENSG00000225767,50471150,50461469,9681
ENSG00000270230,100046970,100046450,520
ENSG00000185104,50960267,50437028,523239
ENSG00000185372,181131169,181123122,8047
ENSG00000234918,37242049,37240887,1162
ENSG00000227343,18090715,18090116,599
ENSG00000237970,37338871,37337415,1456
ENSG00000235687,37347031,37248118,98913
ENSG00000214309,100128495,100126785,1710
ENSG00000282712,677067,646472,30595
ENSG00000167615,54462037,54448887,13150
ENSG00000236313,37349572,37348616,956
ENSG00000241666,167630674,167627385,3289
ENSG00000233478,25659111,25644544,14567
ENSG00000117643,25786207,25617468,168739
ENSG00000182580,184582408,184561785,20623
ENSG00000185088,63158021,63125872,32149
ENSG00000221838,100110345,100101549,8796
ENSG00000148513,37384111,37125788,258323
ENSG00000127084,93036236,92947523,88713
ENSG00000282598,680202,668204,11998
ENSG00000187955,120373573,120059780,313793
ENSG00000225265,222593032,222589825,3207
ENSG00000169967,127388465,127298730,89735
ENSG00000182613,181159285,181147586,11699
ENSG00000263961,206102449,206053173,49276
ENSG00000248473,181191852,181191046,806
ENSG00000271063,59281343,59281130,213
ENSG00000261650,130044956,130024493,20463
ENSG00000214039,130045057,130033454,11603
ENSG00000224153,184457891,184399790,58101
ENSG00000256298,130048376,130047132,1244
ENSG00000256906,130072685,130070325,2360
ENSG00000285417,206062257,206035253,27004
ENSG00000284753,184259585,184249650,9935
ENSG00000279193,130122974,130121925,1049
ENSG00000276122,130140768,130138693,2075
ENSG00000103642,63142061,63121833,20228
ENSG00000250208,130162256,130144315,17941
ENSG00000250222,181194429,181191924,2505
ENSG00000250900,181203103,181195496,7607
ENSG00000280405,130145691,130144954,737
ENSG00000229863,57134723,57134142,581
ENSG00000145191,184146127,184135038,11089
ENSG00000198049,206117699,206106936,10763
ENSG00000283312,231495299,231493708,1591
ENSG00000055044,202303661,202265736,37925
ENSG00000275193,71621436,71620978,458
ENSG00000146054,181205293,181193924,11369
ENSG00000283491,231507256,231497090,10166
ENSG00000226780,206126805,206117783,9022
ENSG00000225483,206161276,206160887,389
ENSG00000135486,54287088,54280193,6895
ENSG00000282385,72839718,72839039,679
ENSG00000232093,155046118,155045191,927
ENSG00000236889,206177246,206175060,2186
ENSG00000278905,93603598,93600357,3241
ENSG00000282291,72849806,72837800,12006
ENSG00000111432,130165740,130162459,3281
ENSG00000266905,48963941,48962951,990
ENSG00000163357,155050930,155033824,17106
ENSG00000280335,49013819,49013106,713
ENSG00000181798,231514339,231508426,5913
ENSG00000242963,130217157,130216807,350
ENSG00000286145,127375075,127294227,80848
ENSG00000171596,231530445,231523187,7258
ENSG00000234367,145408173,145407772,401
ENSG00000188004,159855237,159834495,20742
ENSG00000278182,145508607,145507444,1163
ENSG00000226696,54449045,54444807,4238
ENSG00000275064,145520594,145509047,11547
ENSG00000259862,130266725,130249679,17046
ENSG00000275183,54463711,54461796,1915
ENSG00000144395,196763490,196639554,123936
ENSG00000231494,231560364,231559903,461
ENSG00000213085,159900165,159872364,27801
ENSG00000235681,54447047,54446830,217
ENSG00000228884,231586327,231585864,463
ENSG00000236893,177298386,177297161,1225
ENSG00000203645,177323418,177294442,28976
ENSG00000177673,231594283,231592901,1382
ENSG00000162236,62832088,62806897,25191
ENSG00000258854,51987219,51982520,4699
ENSG00000158552,219209651,219195237,14414
ENSG00000226782,177349166,177337628,11538
ENSG00000254315,94534391,94533628,763
ENSG00000164944,94553529,94487689,65840
ENSG00000230585,50781150,50780340,810
ENSG00000223505,203835912,203835585,327
ENSG00000215002,106551121,106550106,1015
ENSG00000234927,121051203,121050927,276
ENSG00000268941,58635738,58634772,966
ENSG00000256149,118908930,118849354,59576
ENSG00000255775,6160719,6155035,5684
ENSG00000106034,121297442,120988697,308745
ENSG00000265128,49126479,49116301,10178
ENSG00000263895,49447420,49431744,15676
ENSG00000264269,49048474,49023703,24771
ENSG00000122884,73096974,73007217,89757
ENSG00000266696,49208781,49205912,2869
ENSG00000272702,73115907,73113018,2889
ENSG00000135631,73156721,73073382,83339
ENSG00000139767,119163051,118981541,181510
ENSG00000141627,49461347,49041474,419873
ENSG00000187514,231713541,231706895,6646
ENSG00000115307,74529760,74526645,3115
ENSG00000272668,159867685,159854870,12815
ENSG00000256029,159873053,159834474,38579
ENSG00000257095,119116961,119031039,85922
ENSG00000108018,107164534,106573663,590871
ENSG00000286233,118989594,118988010,1584
ENSG00000256884,119176484,119174065,2419
ENSG00000271687,100048785,100046977,1808
ENSG00000143537,155062775,155050566,12209
ENSG00000270906,100050362,100048988,1374
ENSG00000270350,100050650,100050359,291
ENSG00000271480,100051063,100050719,344
ENSG00000205500,27014612,26984776,29836
ENSG00000270388,100051916,100051133,783
ENSG00000270307,100052597,100051920,677
ENSG00000286223,202303614,202302122,1492
ENSG00000227375,197303747,197298252,5495
ENSG00000213144,119195394,119194850,544
ENSG00000270225,100053539,100052859,680
ENSG00000230286,27009807,26950308,59499
ENSG00000256609,119183259,119182048,1211
ENSG00000243284,159862657,159854316,8341
ENSG00000226261,202336727,202336024,703
ENSG00000152137,119221131,119178642,42489
ENSG00000225563,53801318,53799823,1495
ENSG00000272966,202337200,202336739,461
ENSG00000084764,27027196,26970612,56584
ENSG00000273456,202375604,202374932,672
ENSG00000241721,53875557,53875252,305
ENSG00000279422,49165972,49165576,396
ENSG00000269313,49168483,49162564,5919
ENSG00000158714,159837492,159826811,10681
ENSG00000256311,119259017,119225834,33183
ENSG00000281196,119303380,119283825,19555
ENSG00000048707,12512047,12230030,282017
ENSG00000115317,74533348,74529377,3971
ENSG00000178502,41865423,41848518,16905
ENSG00000132153,47850195,47802909,47286
ENSG00000259623,41851447,41848518,2929
ENSG00000119041,196799725,196763035,36690
ENSG00000276030,24147081,24146701,380
ENSG00000282443,50313595,50302190,11405
ENSG00000119608,74871940,74852871,19069
ENSG00000248636,119668079,119387987,280092
ENSG00000111725,119681624,119667864,13760
ENSG00000119596,74859435,74763316,96119
ENSG00000094916,54280133,54230942,49191
ENSG00000091039,76559809,76351797,208012
ENSG00000173456,119337313,119334527,2786
ENSG00000245385,119337309,119336249,1060
ENSG00000157851,26950351,26847747,102604
ENSG00000270090,3548796,3544555,4241
ENSG00000269463,62808063,62807682,381
ENSG00000115325,74557554,74549026,8528
ENSG00000005381,58280935,58269856,11079
ENSG00000237768,73074008,73071295,2713
ENSG00000235718,119346705,119338942,7763
ENSG00000232646,73065467,73065126,341
ENSG00000258344,54345083,54276631,68452
ENSG00000224982,119643075,119593774,49301
ENSG00000196743,151270440,151212150,58290
ENSG00000111481,54351846,54301202,50644
ENSG00000183273,119541040,119334712,206328
ENSG00000278881,47117217,47115838,1379
ENSG00000272150,145607858,145572345,35513
ENSG00000198624,151224093,151181052,43041
ENSG00000054611,47175699,46762617,413082
ENSG00000149474,18188387,18138118,50269
ENSG00000223953,119340940,119338942,1998
ENSG00000182004,203871152,203861599,9553
ENSG00000145198,184242329,184230429,11900
ENSG00000167779,53102345,53097436,4909
ENSG00000257545,106774926,106495958,278968
ENSG00000216560,3590711,3576869,13842
ENSG00000115318,74555690,74532258,23432
ENSG00000004399,129606818,129555175,51643
ENSG00000242798,100127139,100115214,11925
ENSG00000111783,106762803,106582907,179896
ENSG00000256626,10045711,10040848,4863
ENSG00000197992,10066031,10030678,35353
ENSG00000166508,100101940,100092728,9212
ENSG00000232838,18143169,18137863,5306
ENSG00000236430,203874187,203872574,1613
ENSG00000232917,203904013,203903723,290
ENSG00000237379,203955780,203954640,1140
ENSG00000228523,67278779,67278052,727
ENSG00000176754,204041265,204032447,8818
ENSG00000225190,45490749,45435900,54849
ENSG00000272750,222661512,222658867,2645
ENSG00000229399,222641858,222641414,444
ENSG00000272721,184135238,184134019,1219
ENSG00000154305,222668007,222618097,49910
ENSG00000084110,95996365,95972662,23703
ENSG00000090539,184390736,184380073,10663
ENSG00000004779,23596316,23581014,15302
ENSG00000171004,132961395,132626016,335379
ENSG00000249565,78182046,78180866,1180
ENSG00000248117,78379514,78379197,317
ENSG00000012211,49186528,49174802,11726
ENSG00000138759,78544269,78057323,486946
ENSG00000266028,206464443,206203345,261098
ENSG00000013375,83193936,83161150,32786
ENSG00000018280,218396894,218382029,14865
ENSG00000235849,132669888,132667642,2246
ENSG00000227064,132907575,132907279,296
ENSG00000228221,177752305,177441921,310384
ENSG00000134588,133097109,133024631,72478
ENSG00000132676,155739010,155687960,51050
ENSG00000228561,177691250,177683627,7623
ENSG00000236385,177628287,177621382,6905
ENSG00000277241,177701072,177700346,726
ENSG00000225949,133143940,133141300,2640
ENSG00000271207,100055045,100053686,1359
ENSG00000183434,133218348,133216669,1679
ENSG00000236234,45464065,45452844,11221
ENSG00000236682,127400580,127389130,11450
ENSG00000231372,31550607,31545102,5505
ENSG00000250681,3633975,3633029,946
ENSG00000250632,3677855,3673593,4262
ENSG00000250986,3763390,3758748,4642
ENSG00000189419,100349822,100344047,5775
ENSG00000102007,49175235,49171898,3337
ENSG00000274518,54752638,54738519,14119
ENSG00000167780,53124535,53103486,21049
ENSG00000184160,3768526,3766348,2178
ENSG00000226987,131241724,131240687,1037
ENSG00000251166,3890249,3889356,893
ENSG00000234386,3902594,3901566,1028
ENSG00000169181,28063714,27787528,276186
ENSG00000254856,68488840,68488609,231
ENSG00000260808,68616711,68612899,3812
ENSG00000123405,54301015,54292111,8904
ENSG00000182747,136925660,136922301,3359
ENSG00000230350,136974217,136973930,287
ENSG00000087303,52069228,52004803,64425
ENSG00000225391,136993234,136982165,11069
ENSG00000235399,136999504,136995170,4334
ENSG00000259430,100437914,100372939,64975
ENSG00000111785,106889316,106774621,114695
ENSG00000154227,100544995,100400395,144600
ENSG00000257596,54279063,54262615,16448
ENSG00000135605,48269838,48135783,134055
ENSG00000083857,186726722,186587794,138928
ENSG00000231686,146620584,146619597,987
ENSG00000235699,146810409,146809784,625
ENSG00000186063,222713210,222668013,45197
ENSG00000224440,146814726,146814106,620
ENSG00000225660,146955209,146955075,134
ENSG00000271660,146964485,146964176,309
ENSG00000196550,206204414,206186179,18235
ENSG00000277620,54736092,54724450,11642
ENSG00000284377,147271894,147181064,90830
ENSG00000274579,147476446,147476324,122
ENSG00000228855,147591909,147591612,297
ENSG00000227505,147801302,147801005,297
ENSG00000271175,147812974,147812733,241
ENSG00000227083,147901459,147900178,1281
ENSG00000268066,147911817,147909431,2386
ENSG00000162819,222735196,222712553,22643
ENSG00000087302,52010694,51989514,21180
ENSG00000272630,73101297,73098044,3253
ENSG00000229509,206333438,206333327,111
ENSG00000232943,18220512,18220113,399
ENSG00000152102,131093460,131047876,45584
ENSG00000100593,77498816,77474394,24422
ENSG00000258640,31112239,31111569,670
ENSG00000016402,137045180,136999971,45209
ENSG00000230215,184556918,184546714,10204
ENSG00000150048,10111627,10069554,42073
ENSG00000002745,121341104,121325367,15737
ENSG00000092148,31207804,31100112,107692
ENSG00000143842,204127743,204073115,54628
ENSG00000161202,184173614,184155311,18303
ENSG00000254413,50582965,50568869,14096
ENSG00000106290,100119841,100107070,12771
ENSG00000238273,105378839,105363038,15801
ENSG00000257918,106733066,106714924,18142
ENSG00000135124,121234106,121209857,24249
ENSG00000076716,133415489,133300103,115386
ENSG00000013503,106510198,106357748,152450
ENSG00000100288,50601455,50578949,22506
ENSG00000231574,177899224,177816865,82359
ENSG00000276247,54713453,54707916,5537
ENSG00000223445,14071380,14070535,845
ENSG00000274130,54704235,54703952,283
ENSG00000126882,131276510,131258076,18434
ENSG00000225790,177937662,177934823,2839
ENSG00000275112,54700905,54700593,312
ENSG00000270321,177959798,177954066,5732
ENSG00000257653,48767323,48766194,1129
ENSG00000249522,3910604,3910283,321
ENSG00000174233,48789037,48766194,22843
ENSG00000278442,54867200,54850442,16758
ENSG00000251271,3942519,3935447,7072
ENSG00000261065,204131966,204131062,904
ENSG00000232519,155610380,155609776,604
ENSG00000230550,204143009,204141408,1601
ENSG00000253917,3955419,3915183,40236
ENSG00000227673,155710563,155710098,465
ENSG00000143845,204152044,204131062,20982
ENSG00000251669,3955419,3941760,13659
ENSG00000117640,25832942,25818640,14302
ENSG00000117262,145670650,145607988,62662
ENSG00000197584,178844429,178272932,571497
ENSG00000279343,130351707,130350996,711
ENSG00000125207,130372637,130337887,34750
ENSG00000140688,31509309,31489471,19838
ENSG00000271977,3924274,3915187,9087
ENSG00000134460,6062370,6010689,51681
ENSG00000283268,62832803,62832319,484
ENSG00000256690,62834043,62832234,1809
ENSG00000234040,68627187,68626870,317
ENSG00000133316,62841809,62832342,9467
ENSG00000259834,110657040,110653560,3480
ENSG00000234925,68642993,68642519,474
ENSG00000090534,184381968,184371935,10033
ENSG00000177272,110674940,110672465,2475
ENSG00000237415,110848941,110848077,864
ENSG00000271131,178493810,178493327,483
ENSG00000127314,68671901,68610855,61046
ENSG00000197965,167791919,167721192,70727
ENSG00000275163,178843300,178419123,424177
ENSG00000102871,67159909,67154185,5724
ENSG00000237978,178860405,178526505,333900
ENSG00000272940,50597599,50597152,447
ENSG00000257711,106684700,106680758,3942
ENSG00000205559,50587640,50583026,4614
ENSG00000223930,178385417,178164015,221402
ENSG00000261831,179941796,179926641,15155
ENSG00000251022,82900960,82893009,7951
ENSG00000260360,179954440,179953184,1256
ENSG00000205560,50578465,50568861,9604
ENSG00000223941,178457309,178419201,38108
ENSG00000232791,110854892,110853939,953
ENSG00000286003,178172449,178028130,144319
ENSG00000083097,83171350,83067666,103684
ENSG00000250504,144572983,144572238,745
ENSG00000251452,144921164,144920713,451
ENSG00000251600,144343750,143559457,784293
ENSG00000260625,31509560,31508464,1096
ENSG00000236047,202520989,202520401,588
ENSG00000234162,105962384,105874509,87875
ENSG00000270915,202505343,202505012,331
ENSG00000140675,31490860,31483002,7858
ENSG00000204217,202567751,202376936,190815
ENSG00000277272,54830756,54816451,14305
ENSG00000071051,105894274,105744912,149362
ENSG00000255692,119701011,119699768,1243
ENSG00000178104,149048286,148808181,240105
ENSG00000229664,6036427,6025978,10449
ENSG00000122966,119877320,119685791,191529
ENSG00000233167,14192157,14190795,1362
ENSG00000227509,184508399,184505113,3286
ENSG00000226323,14816565,14814131,2434
ENSG00000164163,145129524,145098288,31236
ENSG00000175166,184309050,184299198,9852
ENSG00000136267,14974777,14145049,829728
ENSG00000235522,105857177,105846534,10643
ENSG00000260740,31488492,31487370,1122
ENSG00000228172,25820797,25816749,4048
ENSG00000272478,25832134,25831913,221
ENSG00000162430,25818221,25800176,18045
ENSG00000268518,50487638,50486810,828
ENSG00000268854,50483351,50480119,3232
ENSG00000161671,50490870,50476400,14470
ENSG00000081985,67397090,67307364,89726
ENSG00000255054,25823744,25811470,12274
ENSG00000127423,25859458,25831913,27545
ENSG00000135722,67164570,67159932,4638
ENSG00000175224,46674818,46617527,57291
ENSG00000109066,74839779,74776483,63296
ENSG00000280080,46916042,46914092,1950
ENSG00000235145,179969506,179968686,820
ENSG00000013392,83198935,83193357,5578
ENSG00000135837,180114875,179954773,160102
ENSG00000285897,58417595,58345206,72389
ENSG00000257715,96027971,96025323,2648
ENSG00000265690,67165815,67163385,2430
ENSG00000268442,24163425,24162370,1055
ENSG00000257878,96011489,95996521,14968
ENSG00000265206,58332508,58330884,1624
ENSG00000276035,54790261,54786406,3855
ENSG00000282085,50319024,50318420,604
ENSG00000108375,58417595,58352500,65095
ENSG00000275750,54783961,54769705,14256
ENSG00000111144,96043520,96000753,42767
ENSG00000267696,27646483,27638483,8000
ENSG00000198885,96330517,96325331,5186
ENSG00000279882,27639665,27639300,365
ENSG00000142530,50476753,50466785,9968
ENSG00000183090,143700675,143577302,123373
ENSG00000102878,67169945,67164681,5264
ENSG00000197465,143905563,143870864,34699
ENSG00000255928,73722694,73722349,345
ENSG00000237641,231789887,231789481,406
ENSG00000008735,50613981,50600793,13188
ENSG00000175582,73761137,73675638,85499
ENSG00000144524,231809254,231781671,27583
ENSG00000274947,54848283,54832654,15629
ENSG00000276970,54767314,54754966,12348
ENSG00000267323,27806205,27805423,782
ENSG00000272635,27984984,27793488,191496
ENSG00000277964,54814487,54803571,10916
ENSG00000281468,27803472,27802838,634
ENSG00000266977,27889222,27849730,39492
ENSG00000196937,121396364,121348878,47486
ENSG00000261770,27760849,27757184,3665
ENSG00000236296,143561460,143559472,1988
ENSG00000282870,29102761,29080390,22371
ENSG00000266906,27983332,27983032,300
ENSG00000267768,27908554,27908356,198
ENSG00000267575,27918863,27793463,125400
ENSG00000170180,144140751,144109303,31448
ENSG00000167965,2209453,2204248,5205
ENSG00000072518,63911019,63838928,72091
ENSG00000267630,27929370,27918943,10427
ENSG00000274455,100067954,100062275,5679
ENSG00000267623,27984743,27902595,82148
ENSG00000162063,2458854,2429394,29460
ENSG00000005379,58328795,58301228,27567
ENSG00000125846,18316996,18288283,28713
ENSG00000258074,53131985,53131350,635
ENSG00000275374,100381398,100375700,5698
ENSG00000267264,27804060,27803538,522
ENSG00000258016,53142327,53142053,274
ENSG00000261824,27793940,27684580,109360
ENSG00000257790,53154484,53153272,1212
ENSG00000273957,100389938,100388853,1085
ENSG00000213310,121398767,121398452,315
ENSG00000249787,100408899,100401441,7458
ENSG00000239618,30311591,30304241,7350
ENSG00000247877,100535262,100449754,85508
ENSG00000267389,27898927,27892495,6432
ENSG00000230660,30371782,30335445,36337
ENSG00000229216,31559780,31558969,811
ENSG00000224874,33509840,33509323,517
ENSG00000123080,50974634,50960745,13889
ENSG00000223450,180000808,180000438,370
ENSG00000223619,202614704,202614214,490
ENSG00000115718,127429246,127418427,10819
ENSG00000233888,202615529,202614853,676
ENSG00000262634,50394173,50374995,19178
ENSG00000235433,202616440,202615769,671
ENSG00000157303,93085133,93058688,26445
ENSG00000237542,202617212,202616700,512
ENSG00000260095,2452977,2452581,396
ENSG00000254990,111778350,111768668,9682
ENSG00000279430,159910554,159910094,460
ENSG00000285970,2437103,2430702,6401
ENSG00000233134,202617627,202617284,343
ENSG00000260874,2459979,2456252,3727
ENSG00000241221,202617987,202617695,292
ENSG00000283069,29319579,29318824,755
ENSG00000227454,202618881,202617983,898
ENSG00000282949,29321666,29321310,356
ENSG00000158710,159925732,159918107,7625
ENSG00000282894,29325049,29324092,957
ENSG00000261817,180123890,180117140,6750
ENSG00000237106,77728080,77727867,213
ENSG00000282935,29411600,29410348,1252
ENSG00000233311,202619896,202619185,711
ENSG00000175182,184348421,184335926,12495
ENSG00000282842,29416911,29415264,1647
ENSG00000146733,56051604,56011051,40553
ENSG00000283123,29427883,29427400,483
ENSG00000282968,29432913,29430723,2190
ENSG00000138439,202769757,202634969,134788
ENSG00000231928,30286914,30283353,3561
ENSG00000085224,77786233,77504878,281355
ENSG00000235180,126421879,126413869,8010
ENSG00000138678,83605875,83535914,69961
ENSG00000255734,10112471,10111738,733
ENSG00000239865,30391525,30373944,17581
ENSG00000205677,33536588,33535893,695
ENSG00000228141,82714029,82710471,3558
ENSG00000231602,33559831,33559730,101
ENSG00000056678,33562220,33561891,329
ENSG00000154493,126670446,126424997,245449
ENSG00000279758,82739122,82738386,736
ENSG00000259315,82738904,82725873,13031
ENSG00000273361,218399219,218398743,476
ENSG00000273323,28784002,28783631,371
ENSG00000144579,218405941,218398256,7685
ENSG00000259442,82750289,82744223,6066
ENSG00000272907,28838994,28837857,1137
ENSG00000272629,28863339,28859613,3726
ENSG00000273122,28862035,28861404,631
ENSG00000227371,121419845,121419072,773
ENSG00000250762,167820248,167819898,350
ENSG00000262892,50466010,50465102,908
ENSG00000234985,121441261,121440834,427
ENSG00000143119,110899922,110871188,28734
ENSG00000143199,167914215,167809388,104827
ENSG00000282911,29449306,29448517,789
ENSG00000085552,159945613,159927039,18574
ENSG00000163596,202871985,202773150,98835
ENSG00000231102,41734032,41720396,13636
ENSG00000100596,77616773,77505997,110776
ENSG00000286096,133897934,133897443,491
ENSG00000147257,133985895,133535745,450150
ENSG00000112561,41736259,41683978,52281
ENSG00000252690,82757208,82752884,4324
ENSG00000226437,30388367,30371111,17256
ENSG00000186628,82806070,82755362,50708
ENSG00000227050,27960193,27938875,21318
ENSG00000158156,27968096,27959462,8634
ENSG00000265148,58415766,58325450,90316
ENSG00000130768,27959157,27935000,24157
ENSG00000254740,119381613,119372706,8907
ENSG00000156973,231786272,231732433,53839
ENSG00000161203,184184091,184174689,9402
ENSG00000036672,119381711,119355215,26496
ENSG00000213246,58353093,58345175,7918
ENSG00000275052,55618880,55547292,71588
ENSG00000279478,130383890,130383364,526
ENSG00000101844,108154671,108091668,63003
ENSG00000162490,11725857,11691710,34147
ENSG00000183735,64502114,64452092,50022
ENSG00000162723,159954237,159951492,2745
ENSG00000282995,29497179,29480147,17032
ENSG00000256064,130421019,130419535,1484
ENSG00000256343,130669233,130651371,17862
ENSG00000224920,37544701,37523011,21690
ENSG00000250988,82757206,82750564,6642
ENSG00000217874,170640536,170639606,930
ENSG00000279146,130466315,130465008,1307
ENSG00000273640,170651338,170651012,326
ENSG00000282921,29641976,29641778,198
ENSG00000060709,130716281,130396137,320144
ENSG00000234986,170696950,170695313,1637
ENSG00000283005,29748090,29746181,1909
ENSG00000115657,219218994,219209772,9222
ENSG00000283020,29879363,29878636,727
ENSG00000240924,30370766,30279091,91675
ENSG00000213863,170728488,170725197,3291
ENSG00000196150,144902168,144876497,25671
ENSG00000230423,170736545,170735751,794
ENSG00000282110,50567991,50567310,681
ENSG00000225532,170737777,170736173,1604
ENSG00000204555,30214976,30214765,211
ENSG00000249171,83731755,83668510,63245
ENSG00000229714,28889895,28888821,1074
ENSG00000219814,170745977,170745518,459
ENSG00000213272,76600470,76599671,799
ENSG00000227559,28897311,28896519,792
ENSG00000257526,76615567,76562294,53273
ENSG00000205611,30288479,30278906,9573
ENSG00000163814,45146422,45082277,64145
ENSG00000282433,78506451,78505165,1286
ENSG00000271142,76620043,76619386,657
ENSG00000273933,159974064,159972548,1516
ENSG00000214980,84245488,84244003,1485
ENSG00000224259,159984750,159961218,23532
ENSG00000250546,84293412,83796436,496976
ENSG00000232194,167821224,167820406,818
ENSG00000163666,57227606,57197838,29768
ENSG00000225522,204183537,204183006,531
ENSG00000231934,30361730,30323812,37918
ENSG00000143839,204190324,204154819,35505
ENSG00000243071,76660884,76660405,479
ENSG00000241045,76722286,76721534,752
ENSG00000258090,76757914,76757191,723
ENSG00000233713,86132851,86132622,229
ENSG00000180423,46617909,46602861,15048
ENSG00000282429,51688210,51687527,683
ENSG00000237259,18315111,18313765,1346
ENSG00000253704,94569745,94553722,16023
ENSG00000237409,160020727,160020300,427
ENSG00000279905,130430661,130425004,5657
ENSG00000092929,75844717,75827225,17492
ENSG00000253175,94565715,94565036,679
ENSG00000143315,160031991,160024953,7038
ENSG00000180316,36312229,36243203,69026
ENSG00000279650,130776546,130775694,852
ENSG00000254190,94590259,94590115,144
ENSG00000227008,133671386,133670971,415
ENSG00000233260,133763683,133762796,887
ENSG00000254283,94594601,94594411,190
ENSG00000177807,160070483,159998651,71832
ENSG00000261437,94639467,94637285,2182
ENSG00000227743,121686363,121643334,43029
ENSG00000186334,151303766,151276762,27004
ENSG00000233272,121845131,121842368,2763
ENSG00000232068,133990086,133989443,643
ENSG00000256250,130812438,130810606,1832
ENSG00000170498,204196491,204190341,6150
ENSG00000164164,145180161,145110838,69323
ENSG00000224908,134166932,134166682,250
ENSG00000111450,130839266,130789600,49666
ENSG00000215641,28923978,28902991,20987
ENSG00000283638,134174089,134168911,5178
ENSG00000174567,204213988,204198163,15825
ENSG00000225279,160079821,160062488,17333
ENSG00000232664,134205916,134204353,1563
ENSG00000203952,134246207,134237047,9160
ENSG00000162728,160090563,160081538,9025
ENSG00000226729,119959754,119959424,330
ENSG00000214961,134273658,134272287,1371
ENSG00000115648,237555322,237485428,69894
ENSG00000174827,145708148,145670852,37296
ENSG00000280924,204369719,204368431,1288
ENSG00000219133,204347258,204346776,482
ENSG00000224837,168056422,168055901,521
ENSG00000231691,204277948,204277005,943
ENSG00000143158,167937072,167916675,20397
ENSG00000143850,204377665,204218853,158812
ENSG00000228205,184150435,184149704,731
ENSG00000186908,76853696,76763588,90108
ENSG00000254984,66771667,66771246,421
ENSG00000173653,66846546,66842835,3711
ENSG00000160539,131359022,131289459,69563
ENSG00000114867,184335358,184314495,20863
ENSG00000198925,219229717,219219380,10337
ENSG00000143164,168075843,167935783,140060
ENSG00000256299,130812622,130810821,1801
ENSG00000282684,143541453,143536257,5196
ENSG00000197520,222750805,222737207,13598
ENSG00000277895,64452901,64451591,1310
ENSG00000173715,66843328,66744451,98877
ENSG00000250829,186892366,186890969,1397
ENSG00000105261,36113711,36111151,2560
ENSG00000272218,186892983,186892552,431
ENSG00000249539,186900838,186900540,298
ENSG00000105258,36115213,36113709,1504
ENSG00000250971,187060930,187005944,54986
ENSG00000249742,187021973,186979490,42483
ENSG00000256034,73761070,73760563,507
ENSG00000250406,144874787,144851572,23215
ENSG00000228106,222837384,222815022,22362
ENSG00000133612,151144436,151085831,58605
ENSG00000250361,144019345,143996104,23241
ENSG00000279504,36115146,36114362,784
ENSG00000105254,36125947,36114289,11658
ENSG00000149531,30399257,30377372,21885
ENSG00000225276,37601368,37600796,572
ENSG00000248749,84380189,84371393,8796
ENSG00000256892,37602974,37601440,1534
ENSG00000270688,86228983,86228815,168
ENSG00000187753,86259657,86220265,39392
ENSG00000278610,222994906,222815064,179842
ENSG00000154309,223005995,222872271,133724
ENSG00000260137,37791937,37791580,357
ENSG00000234523,222945900,222945725,175
ENSG00000228828,37820982,37818606,2376
ENSG00000162729,160098943,160091340,7603
ENSG00000236514,37859110,37857740,1370
ENSG00000261096,231812352,231809846,2506
ENSG00000260622,231810844,231810348,496
ENSG00000198105,37858106,37776526,81580
ENSG00000135913,218568351,218450251,118100
ENSG00000283016,31320634,31320224,410
ENSG00000250365,31452883,31420286,32597
ENSG00000163273,231926396,231921809,4587
ENSG00000203546,31457441,31334312,123129
ENSG00000184207,2214807,2211997,2810
ENSG00000139626,53207282,53191323,15959
ENSG00000182685,2211950,2209253,2697
ENSG00000285287,131372514,131370933,1581
ENSG00000251023,93863825,93860669,3156
ENSG00000129493,31420550,31291788,128762
ENSG00000272606,55618373,55617909,464
ENSG00000272406,93743500,93741640,1860
ENSG00000187554,223143248,223109404,33844
ENSG00000248483,93741637,93733220,8417
ENSG00000249353,93683667,93682838,829
ENSG00000204006,51148086,51102221,45865
ENSG00000113391,94111699,93617725,493974
ENSG00000164161,144745271,144646156,99115
ENSG00000112367,109825428,109691312,134116
ENSG00000257660,48790535,48789147,1388
ENSG00000261532,2212863,2211997,866
ENSG00000213409,66762399,66761575,824
ENSG00000229981,108197849,107694973,502876
ENSG00000271547,48801086,48800576,510
ENSG00000258548,27639636,27612588,27048
ENSG00000261654,110942353,110936369,5984
ENSG00000258932,27845286,27258717,586569
ENSG00000236846,223144954,223144049,905
ENSG00000226601,223188154,223181144,7010
ENSG00000232811,110952848,110943467,9381
ENSG00000240036,27582055,27581680,375
ENSG00000273010,110964649,110963302,1347
ENSG00000121931,110963965,110947190,16775
ENSG00000257910,76880352,76878193,2159
ENSG00000176697,27722058,27654893,67165
ENSG00000175183,76879023,76858709,20314
ENSG00000197980,157046129,156825481,220648
ENSG00000225192,37796109,37794276,1833
ENSG00000226578,37784131,37775371,8760
ENSG00000250345,143762093,143760399,1694
ENSG00000286055,144012598,144010237,2361
ENSG00000164485,137173648,137143820,29828
ENSG00000285783,144870953,144111039,759914
ENSG00000257831,31302739,31248628,54111
ENSG00000132341,130877678,130872037,5641
ENSG00000119147,106078155,106063246,14909
ENSG00000283984,133351541,133350829,712
ENSG00000283909,133391838,133391462,376
ENSG00000281316,26520250,26519354,896
ENSG00000281877,26575030,26529761,45269
ENSG00000280948,26554593,26554542,51
ENSG00000281092,26593546,26593243,303
ENSG00000280876,26594041,26593940,101
ENSG00000281679,26602432,26602369,63
ENSG00000280806,26640614,26640377,237
ENSG00000280926,26645774,26645671,103
ENSG00000281805,26647681,26647447,234
ENSG00000283034,44477670,44431705,45965
ENSG00000281626,44510636,44494847,15789
ENSG00000280781,44525805,44524744,1061
ENSG00000281707,44529391,44528955,436
ENSG00000281894,44594173,44555193,38980
ENSG00000281456,44685653,44557357,128296
ENSG00000280661,44599694,44578223,21471
ENSG00000280795,44581026,44579938,1088
ENSG00000281709,44648471,44584888,63583
ENSG00000280907,44624797,44617128,7669
ENSG00000281306,44660791,44648732,12059
ENSG00000281102,44669364,44667412,1952
ENSG00000280872,44710882,44709307,1575
ENSG00000281448,44723827,44712639,11188
ENSG00000281661,44737079,44729592,7487
ENSG00000281665,44761615,44737657,23958
ENSG00000280610,44873372,44761717,111655
ENSG00000284275,44861977,44861884,93
ENSG00000280516,44865666,44861900,3766
ENSG00000281886,44914986,44874604,40382
ENSG00000280701,44900921,44899174,1747
ENSG00000280674,44976181,44915253,60928
ENSG00000281226,17197617,17189783,7834
ENSG00000283081,17201733,17193232,8501
ENSG00000281459,17246007,17205128,40879
ENSG00000280549,17284233,17249098,35135
ENSG00000281810,17277975,17277889,86
ENSG00000280908,17366713,17310905,55808
ENSG00000280949,17404408,17374905,29503
ENSG00000281391,17410091,17409469,622
ENSG00000281540,17442386,17409469,32917
ENSG00000281917,112957013,112911847,45166
ENSG00000280751,112924337,112923423,914
ENSG00000281557,113074942,113013524,61418
ENSG00000284271,112956752,112956601,151
ENSG00000252303,67546754,67546651,103
ENSG00000281771,67631127,67631019,108
ENSG00000281614,233207903,233059967,147936
ENSG00000280669,233205479,233205199,280
ENSG00000281089,233295674,233210051,85623
ENSG00000280652,233276002,233275727,275
ENSG00000281388,233288940,233288676,264
ENSG00000281857,233347055,233307816,39239
ENSG00000280928,233353416,233351132,2284
ENSG00000280873,233472104,233354507,117597
ENSG00000281623,233379955,233379843,112
ENSG00000280792,239735538,239734956,582
ENSG00000281384,239824764,239762860,61904
ENSG00000281434,240025351,239892456,132895
ENSG00000282878,41284861,41242373,42488
ENSG00000281764,41264862,41264550,312
ENSG00000281876,41375701,41375060,641
ENSG00000281518,41383814,41361660,22154
ENSG00000282162,12823159,12822686,473
ENSG00000281934,12831410,12824605,6805
ENSG00000282116,12841357,12838125,3232
ENSG00000282175,12848725,12847408,1317
ENSG00000282817,12861909,12857086,4823
ENSG00000282584,12886201,12879224,6977
ENSG00000282663,12898270,12892896,5374
ENSG00000279195,12920482,12916610,3872
ENSG00000282338,12922660,12922554,106
ENSG00000282549,12928253,12926162,2091
ENSG00000282119,12947580,12938472,9108
ENSG00000282791,13004957,13002166,2791
ENSG00000282437,13029318,13022303,7015
ENSG00000282559,13035056,13033696,1360
ENSG00000282566,13050711,13041504,9207
ENSG00000282258,13070798,13068006,2792
ENSG00000282562,13078516,13077230,1286
ENSG00000282530,13089681,13088323,1358
ENSG00000282468,13104442,13101645,2797
ENSG00000282341,13120287,13119808,479
ENSG00000281987,13128788,13121732,7056
ENSG00000282095,13138294,13137413,881
ENSG00000283993,12903479,12903108,371
ENSG00000284215,12988699,12987593,1106
ENSG00000281449,12211084,12049844,161240
ENSG00000281442,12111489,12111163,326
ENSG00000283344,12112036,12111952,84
ENSG00000281324,12267044,12116025,151019
ENSG00000280475,12155772,12155262,510
ENSG00000206783,12226777,12226674,103
ENSG00000281874,12249427,12248991,436
ENSG00000207477,12289329,12289227,102
ENSG00000281818,12350242,12326056,24186
ENSG00000281051,12339254,12338776,478
ENSG00000281234,12357067,12355406,1661
ENSG00000280689,12471238,12357078,114160
ENSG00000281168,12452486,12452108,378
ENSG00000280962,12562388,12474215,88173
ENSG00000281671,12491586,12485358,6228
ENSG00000281525,12568781,12568206,575
ENSG00000284335,12200837,12199641,1196
ENSG00000283760,12566733,12566362,371
ENSG00000280774,39786167,39776595,9572
ENSG00000281677,39813555,39812972,583
ENSG00000281320,39834201,39825350,8851
ENSG00000281403,39829802,39829716,86
ENSG00000280548,39846379,39834458,11921
ENSG00000280932,39958947,39958506,441
ENSG00000281221,39996708,39986272,10436
ENSG00000281526,40036305,39999401,36904
ENSG00000281233,40040769,40038651,2118
ENSG00000281601,40071498,40043527,27971
ENSG00000281009,40106192,40064024,42168
ENSG00000280568,40106205,40084419,21786
ENSG00000280797,40109673,40106021,3652
ENSG00000281123,39949893,39863324,86569
ENSG00000281165,133479275,133471242,8033
ENSG00000281211,56890245,56890001,244
ENSG00000281256,74824187,74823667,520
ENSG00000281813,75034681,74826984,207697
ENSG00000281770,75027231,75005112,22119
ENSG00000281086,75026308,75025532,776
ENSG00000281660,75060571,75039893,20678
ENSG00000285951,75057811,75043933,13878
ENSG00000281277,118981291,118971707,9584
ENSG00000281029,118994630,118994334,296
ENSG00000283318,118994655,118994560,95
ENSG00000281705,118998004,118994824,3180
ENSG00000280975,119015793,118998138,17655
ENSG00000281913,119003446,119003012,434
ENSG00000280582,119004893,119003742,1151
ENSG00000281697,119005934,119005727,207
ENSG00000280831,119018691,119015712,2979
ENSG00000280495,119025454,119018432,7022
ENSG00000284577,119019012,119018944,68
ENSG00000281860,119045492,119044187,1305
ENSG00000280682,119057226,119044187,13039
ENSG00000281163,119065676,119065262,414
ENSG00000280967,119067697,119067373,324
ENSG00000280616,119081977,119067691,14286
ENSG00000281702,119093548,119084865,8683
ENSG00000281500,119030905,119024353,6552
ENSG00000282873,122062044,122019422,42622
ENSG00000280651,122068616,122063306,5310
ENSG00000281178,122146035,122078756,67279
ENSG00000283035,101059169,100708325,350844
ENSG00000281865,100944364,100940862,3502
ENSG00000283302,113974080,113953705,20375
ENSG00000280477,114128689,113977784,150905
ENSG00000280531,114104886,114103635,1251
ENSG00000281509,18348373,18343918,4455
ENSG00000281252,18401932,18365205,36727
ENSG00000281175,18377374,18376478,896
ENSG00000284712,18418943,18418821,122
ENSG00000281616,18440730,18423434,17296
ENSG00000281084,18479842,18449228,30614
ENSG00000280895,18468641,18467462,1179
ENSG00000281878,18518504,18501841,16663
ENSG00000284573,18312664,18249130,63534
ENSG00000283864,18407072,18405408,1664
ENSG00000282298,13152291,13145282,7009
ENSG00000282741,13174236,13169157,5079
ENSG00000282212,13198933,13195532,3401
ENSG00000282289,13221479,13218690,2789
ENSG00000282424,13236141,13227039,9102
ENSG00000282216,13248454,13246366,2088
ENSG00000282288,13252058,13251952,106
ENSG00000282583,13258001,13253862,4139
ENSG00000282125,13281734,13276366,5368
ENSG00000283976,13187021,13185912,1109
ENSG00000284080,13271510,13271139,371
ENSG00000282467,61241311,61240898,413
ENSG00000283756,61339340,61338976,364
ENSG00000283068,82247754,82169986,77768
ENSG00000282867,82210440,82210338,102
ENSG00000282877,82275177,82274199,978
ENSG00000283085,82381031,82373409,7622
ENSG00000283114,92340572,92340108,464
ENSG00000282908,92900546,92356172,544374
ENSG00000283062,92371326,92370572,754
ENSG00000282929,92412252,92404267,7985
ENSG00000282825,48867468,48539031,328437
ENSG00000283080,48568342,48564795,3547
ENSG00000282900,48670700,48670632,68
ENSG00000282959,48692670,48677826,14844
ENSG00000283002,48760569,48759944,625
ENSG00000282923,48839021,48830302,8719
ENSG00000282956,66038834,65353525,685309
ENSG00000282739,66388212,66133610,254602
ENSG00000282510,66293316,66293210,106
ENSG00000282585,66324248,66323951,297
ENSG00000282243,66501359,66378893,122466
ENSG00000282974,154893631,153887097,1006534
ENSG00000282172,88897784,88897232,552
ENSG00000282050,88915378,88915081,297
ENSG00000282699,88922753,88922328,425
ENSG00000282448,88932380,88931666,714
ENSG00000282801,88947957,88947301,656
ENSG00000282163,88966767,88966262,505
ENSG00000282310,88979081,88978468,613
ENSG00000283113,88992931,88992409,522
ENSG00000282758,89010515,89009982,533
ENSG00000282248,89020686,89019992,694
ENSG00000282823,89027731,89027171,560
ENSG00000282694,89040745,89040224,521
ENSG00000282603,89046466,89045995,471
ENSG00000282251,89078784,89078010,774
ENSG00000282447,89085787,89085177,610
ENSG00000282282,89100361,89099859,502
ENSG00000281978,89117844,89117342,502
ENSG00000282200,89129483,89128724,759
ENSG00000282244,89135257,89134975,282
ENSG00000282402,89143160,89142574,586
ENSG00000282210,89160366,89159751,615
ENSG00000282762,89171212,89170775,437
ENSG00000282093,89172553,89172022,531
ENSG00000282671,89177160,89176328,832
ENSG00000282062,89192752,89192500,252
ENSG00000282622,89196829,89196096,733
ENSG00000282000,89203906,89203509,397
ENSG00000282666,89213928,89213423,505
ENSG00000282025,89222461,89221698,763
ENSG00000282635,89234912,89234174,738
ENSG00000281933,89245596,89244781,815
ENSG00000282743,89252736,89252211,525
ENSG00000282571,89254015,89253571,444
ENSG00000282811,89268506,89266494,2012
ENSG00000282149,89275787,89275298,489
ENSG00000282157,89286973,89286689,284
ENSG00000282646,89295455,89295233,222
ENSG00000282394,89297785,89297264,521
ENSG00000282387,89310144,89309898,246
ENSG00000282120,89320146,89319625,521
ENSG00000282182,89330429,89330110,319
ENSG00000283024,87841343,87751512,89831
ENSG00000282866,87845612,87817928,27684
ENSG00000283092,87833098,87832818,280
ENSG00000283055,87880428,87878694,1734
ENSG00000283120,87945991,87945469,522
ENSG00000282931,87994662,87994585,77
ENSG00000283067,88049790,88048102,1688
ENSG00000283059,87862489,87861956,533
ENSG00000284792,87966341,87863440,102901
ENSG00000282928,38618882,38587641,31241
ENSG00000282982,38601694,38596346,5348
ENSG00000282986,38636955,38619082,17873
ENSG00000282844,38731589,38647649,83940
ENSG00000282976,38693606,38683873,9733
ENSG00000282869,38739830,38738251,1579
ENSG00000282902,38773512,38770974,2538
ENSG00000283082,38791794,38789280,2514
ENSG00000283011,38797155,38797048,107
ENSG00000282992,38812981,38801718,11263
ENSG00000282853,38831877,38815458,16419
ENSG00000282832,38840214,38817507,22707
ENSG00000283077,38823259,38820202,3057
ENSG00000282947,38852383,38836424,15959
ENSG00000285078,38744442,38730192,14250
ENSG00000283807,38797740,38797363,377
ENSG00000283890,38807811,38807623,188
ENSG00000283350,1036718,1012823,23895
ENSG00000283640,1055745,1049876,5869
ENSG00000283158,1203106,1159911,43195
ENSG00000284971,1112365,1075018,37347
ENSG00000283595,50669901,50669804,97
ENSG00000283264,50691180,50691077,103
ENSG00000283539,50745351,50738219,7132
ENSG00000283287,50743537,50740616,2921
ENSG00000283252,50755452,50754693,759
ENSG00000283658,50801327,50756966,44361
ENSG00000283243,50733232,50674637,58595
ENSG00000283668,189940271,189780336,159935
ENSG00000283153,189963202,189940870,22332
ENSG00000283508,189973847,189973599,248
ENSG00000283127,189982379,189979902,2477
ENSG00000283593,189984871,189982523,2348
ENSG00000283700,190014917,190014800,117
ENSG00000283581,190017478,190017360,118
ENSG00000283181,190022336,190021078,1258
ENSG00000283449,190038226,190037743,483
ENSG00000283363,190068894,190067620,1274
ENSG00000283660,190129139,190128676,463
ENSG00000283223,190128927,190128687,240
ENSG00000285063,190026913,190024025,2888
ENSG00000284383,190072197,190070926,1271
ENSG00000284496,190075503,190074232,1271
ENSG00000284262,190078809,190077538,1271
ENSG00000283767,190082115,190080844,1271
ENSG00000284210,190085421,190084150,1271
ENSG00000283884,190088727,190087456,1271
ENSG00000283955,190092033,190090762,1271
ENSG00000284025,190095339,190094068,1271
ENSG00000283878,190098645,190097374,1271
ENSG00000284181,190101951,190100680,1271
ENSG00000283820,190105257,190103986,1271
ENSG00000283949,190108563,190107292,1271
ENSG00000283530,86838884,85955666,883218
ENSG00000283651,86838978,86599578,239400
ENSG00000283163,87042254,87041747,507
ENSG00000285333,86941105,86938988,2117
ENSG00000284398,57071356,57070985,371
ENSG00000284126,99144100,99027438,116662
ENSG00000284068,99207506,99173574,33932
ENSG00000284345,16697479,16687986,9493
ENSG00000284109,16694202,16692745,1457
ENSG00000284017,17090582,16802651,287931
ENSG00000283960,16933238,16933174,64
ENSG00000284477,17044170,17042720,1450
ENSG00000284599,16979882,16979511,371
ENSG00000284096,107161811,107044705,117106
ENSG00000283847,107202522,107168961,33561
ENSG00000284406,107193300,107192559,741
ENSG00000284369,107564647,107201555,363092
ENSG00000284045,107450479,107450200,279
ENSG00000283812,107475810,107470143,5667
ENSG00000284103,107578656,107563617,15039
ENSG00000284582,107580190,107579690,500
ENSG00000283852,107629303,107580110,49193
ENSG00000284201,107603640,107603496,144
ENSG00000282846,38845535,38844765,770
ENSG00000282895,38878311,38867866,10445
ENSG00000283121,38873799,38870195,3604
ENSG00000283100,38899898,38878591,21307
ENSG00000282905,38908929,38899736,9193
ENSG00000283099,38912194,38909016,3178
ENSG00000283104,38930932,38915302,15630
ENSG00000282835,38949891,38915440,34451
ENSG00000283018,38933198,38930584,2614
ENSG00000282930,38938668,38935333,3335
ENSG00000282954,38975778,38941437,34341
ENSG00000283021,39032821,38990750,42071
ENSG00000283802,179345461,179110853,234608
ENSG00000284315,179378865,179377505,1360
ENSG00000284358,179378761,179377531,1230
ENSG00000284579,179385992,179385819,173
ENSG00000284494,179455974,179455294,680
ENSG00000283939,179492096,179492015,81
ENSG00000283896,179515530,179503254,12276
ENSG00000284549,179524868,179522252,2616
ENSG00000284124,179527309,179527020,289
ENSG00000284260,179611566,179550489,61077
ENSG00000284556,179572677,179572092,585
ENSG00000283808,179605295,179597471,7824
ENSG00000284069,179630991,179630732,259
ENSG00000284506,179642783,179641610,1173
ENSG00000283718,179682019,179679544,2475
ENSG00000283777,179732514,179679612,52902
ENSG00000284207,179695621,179680016,15605
ENSG00000283780,179778170,179733695,44475
ENSG00000283887,179797517,179794850,2667
ENSG00000284501,179807814,179798463,9351
ENSG00000283912,179799212,179799144,68
ENSG00000283918,179863026,179835986,27040
ENSG00000284026,179847005,179846685,320
ENSG00000284437,179847983,179847888,95
ENSG00000284274,179862136,179859866,2270
ENSG00000284400,179908712,179862919,45793
ENSG00000284254,179624701,179616411,8290
ENSG00000284445,179651563,179649036,2527
ENSG00000284099,179837507,179821790,15717
ENSG00000284255,49982535,49981473,1062
ENSG00000284278,50019695,50018798,897
ENSG00000284123,50054307,50053408,899
ENSG00000285512,228409694,228407381,2313
ENSG00000285344,228416861,228407935,8926
ENSG00000285435,228425325,228424845,480
ENSG00000284795,228449621,228449163,458
ENSG00000284841,228457873,228456979,894
ENSG00000285449,228460470,228458107,2363
ENSG00000284998,228462152,228462074,78
ENSG00000285234,228464626,228464103,523
ENSG00000285050,228487120,228486188,932
ENSG00000285426,228496188,228487382,8806
ENSG00000285153,228512305,228510425,1880
ENSG00000285166,228558404,228558286,118
ENSG00000285285,228560643,228560525,118
ENSG00000285168,228621084,228620966,118
ENSG00000283781,7389774,7380534,9240
ENSG00000284009,7394842,7389727,5115
ENSG00000284483,7404097,7389734,14363
ENSG00000283771,7404097,7402975,1122
ENSG00000283859,7419860,7404874,14986
ENSG00000283843,7444081,7420103,23978
ENSG00000284598,7421632,7420324,1308
ENSG00000283714,7427568,7425616,1952
ENSG00000284090,7432822,7428857,3965
ENSG00000286184,7436278,7428861,7417
ENSG00000284228,7437679,7435443,2236
ENSG00000283895,7437523,7436557,966
ENSG00000283903,7444937,7438273,6664
ENSG00000284222,7443327,7439159,4168
ENSG00000284115,7445966,7439506,6460
ENSG00000283946,7457710,7445061,12649
ENSG00000283868,7484263,7459366,24897
ENSG00000284515,7483496,7481332,2164
ENSG00000284832,7514174,7484765,29409
ENSG00000284058,57132560,57132453,107
ENSG00000284367,57246096,57148487,97609
ENSG00000284189,414023,404468,9555
ENSG00000283985,431062,410325,20737
ENSG00000283979,445939,439978,5961
ENSG00000284165,473461,465285,8176
ENSG00000283883,683831,470782,213049
ENSG00000284075,502690,485254,17436
ENSG00000284323,515531,514680,851
ENSG00000284390,578709,578116,593
ENSG00000284153,619661,618908,753
ENSG00000285073,561686,561315,371
ENSG00000284056,599317,599092,225
ENSG00000283997,21180616,21158377,22239
ENSG00000284382,21205977,21194847,11130
ENSG00000284588,21214510,21197450,17060
ENSG00000284290,21253850,21233699,20151
ENSG00000283922,21303084,21238874,64210
ENSG00000284404,21300506,21299903,603
ENSG00000283817,21352128,21347129,4999
ENSG00000284359,21401176,21401067,109
ENSG00000284578,21844340,21445752,398588
ENSG00000284226,21537583,21537276,307
ENSG00000283557,21668791,21667851,940
ENSG00000283854,21670803,21669138,1665
ENSG00000284529,21743868,21743762,106
ENSG00000283987,21862676,21843633,19043
ENSG00000283814,21898912,21873920,24992
ENSG00000284019,21906489,21903168,3321
ENSG00000283831,21916221,21912295,3926
ENSG00000284282,21983964,21946238,37726
ENSG00000284521,21994650,21992621,2029
ENSG00000284349,22115764,22089594,26170
ENSG00000283835,22188809,22124383,64426
ENSG00000284366,22198091,22189116,8975
ENSG00000284487,22273709,22193813,79896
ENSG00000283816,22273867,22273285,582
ENSG00000284316,22297482,22280238,17244
ENSG00000284243,22283038,22281692,1346
ENSG00000284493,22328688,22297687,31001
ENSG00000284270,22331130,22329640,1490
ENSG00000283943,22342484,22336362,6122
ENSG00000283826,22402009,22362191,39818
ENSG00000283908,22447568,22447463,105
ENSG00000284170,22486994,22485330,1664
ENSG00000284548,22683908,22623664,60244
ENSG00000283934,22641587,22628529,13058
ENSG00000284403,22638843,22638737,106
ENSG00000283754,22639083,22638977,106
ENSG00000284429,22654394,22653567,827
ENSG00000284083,22693499,22693262,237
ENSG00000284023,22761296,22760761,535
ENSG00000284352,22775073,22774987,86
ENSG00000283738,21424167,21404361,19806
ENSG00000283786,21459206,21454850,4356
ENSG00000283892,21478634,21472115,6519
ENSG00000284218,21767544,21744964,22580
ENSG00000284077,21933866,21931486,2380
ENSG00000284161,22075077,21992614,82463
ENSG00000283855,22446363,22423969,22394
ENSG00000284559,22559704,22520552,39152
ENSG00000284330,22808047,22801555,6492
ENSG00000283711,22825311,22820947,4364
ENSG00000284454,22878913,22855983,22930
ENSG00000284853,228630046,228629928,118
ENSG00000285158,228632288,228632170,118
ENSG00000284877,228634160,228634040,120
ENSG00000285311,228637507,228636369,1138
ENSG00000285183,228638688,228638564,124
ENSG00000285319,228673629,228673218,411
ENSG00000284984,228732469,228721284,11185
ENSG00000284794,228663892,228663708,184
ENSG00000285222,10629368,10492223,137145
ENSG00000284750,10514546,10511036,3510
ENSG00000285415,10514973,10514282,691
ENSG00000285209,10575227,10574749,478
ENSG00000284885,10634695,10633762,933
ENSG00000285893,10692860,10659498,33362
ENSG00000285312,10694797,10671418,23379
ENSG00000284941,10674768,10674658,110
ENSG00000285226,10709782,10694972,14810
ENSG00000284936,10731129,10722915,8214
ENSG00000285443,143391111,143381295,9816
ENSG00000285487,143382800,143382686,114
ENSG00000284816,143408856,143390289,18567
ENSG00000285468,143523449,143407813,115636
ENSG00000285054,143437973,143437034,939
ENSG00000285341,143444409,143443453,956
ENSG00000284982,143478796,143477873,923
ENSG00000285299,143489402,143488462,940
ENSG00000285252,143519469,143509256,10213
ENSG00000285052,143533164,143532749,415
ENSG00000285495,143546735,143545186,1549
ENSG00000285172,143574387,143571801,2586
ENSG00000284766,143679687,143679585,102
ENSG00000285123,143682653,143680046,2607
ENSG00000285277,143761873,143686747,75126
ENSG00000285393,143721653,143721228,425
ENSG00000285351,143742911,143725664,17247
ENSG00000284965,143861144,143860031,1113
ENSG00000284866,143922178,143879710,42468
ENSG00000285391,143905091,143903987,1104
ENSG00000284945,143906686,143905771,915
ENSG00000285242,143911517,143910008,1509
ENSG00000284939,143933659,143925186,8473
ENSG00000285334,143542612,143541945,667
ENSG00000285017,143649682,143644640,5042
ENSG00000284787,143712471,143711804,667
ENSG00000284821,143801468,143800968,500
ENSG00000285262,6648508,6406596,241912
ENSG00000285267,6617198,6615604,1594
ENSG00000285400,6708209,6618475,89734
ENSG00000284905,6622220,6622124,96
ENSG00000284980,6761503,6708642,52861
ENSG00000284880,6745244,6745164,80
ENSG00000285083,6745240,6745168,72
ENSG00000285156,6885235,6835548,49687
ENSG00000284881,6877898,6870569,7329
ENSG00000285136,6925929,6924551,1378
ENSG00000285227,6930326,6928461,1865
ENSG00000285318,6938191,6935675,2516
ENSG00000284863,6951441,6950568,873
ENSG00000284789,6960001,6959129,872
ENSG00000285475,6968952,6967980,972
ENSG00000284983,6979922,6977491,2431
ENSG00000284835,7018151,7015719,2432
ENSG00000285439,7029343,7028495,848
ENSG00000285113,7039294,7038426,868
ENSG00000285251,7056595,7055160,1435
ENSG00000284960,7083182,7082825,357
ENSG00000285014,7113603,7112189,1414
ENSG00000285129,7123581,7122734,847
ENSG00000284771,7143729,7143520,209
ENSG00000285418,7170624,7170420,204
ENSG00000285381,7191434,7190772,662
ENSG00000285466,7200716,7200615,101
ENSG00000284760,7221769,7221552,217
ENSG00000285211,7227902,7227682,220
ENSG00000284777,7238359,7238096,263
ENSG00000285474,7247372,7246441,931
ENSG00000285832,7267379,7264368,3011
ENSG00000285767,7279406,7278782,624
ENSG00000284870,7284454,7281632,2822
ENSG00000285678,7298943,7296789,2154
ENSG00000284979,7328237,7314775,13462
ENSG00000285015,7336413,7334489,1924
ENSG00000285504,7405105,7403550,1555
ENSG00000285433,7409249,7407233,2016
ENSG00000285494,7482284,7481168,1116
ENSG00000284781,7486996,7485404,1592
ENSG00000284806,7491722,7490130,1592
ENSG00000284851,7511247,7504143,7104
ENSG00000284799,7529077,7526067,3010
ENSG00000285327,6835487,6811203,24284
ENSG00000284913,6988100,6987258,842
ENSG00000285176,6997594,6996733,861
ENSG00000284924,7007219,7006376,843
ENSG00000284950,7325201,7323188,2013
ENSG00000285617,7341475,7337700,3775
ENSG00000285034,7353720,7349012,4708
ENSG00000285507,7376076,7360575,15501
ENSG00000285376,7395109,7393965,1144
ENSG00000284958,7450965,7446613,4352
ENSG00000285120,7466132,7462876,3256
ENSG00000285074,7536699,7533689,3010
ENSG00000285795,7548469,7545459,3010
ENSG00000285452,7744268,7743638,630
ENSG00000284926,7799990,7792863,7127
ENSG00000284975,7814527,7812941,1586
ENSG00000284991,7818836,7817656,1180
ENSG00000284778,7851803,7847445,4358
ENSG00000284894,7859586,7859537,49
ENSG00000285249,7882269,7874916,7353
ENSG00000284782,7903166,7903002,164
ENSG00000285490,7913024,7912058,966
ENSG00000285349,7937941,7937724,217
ENSG00000285431,7949366,7948684,682
ENSG00000284893,7953661,7953280,381
ENSG00000284754,7959574,7956435,3139
ENSG00000285365,7970427,7968158,2269
ENSG00000285087,7978814,7978152,662
ENSG00000285469,8024165,8019559,4606
ENSG00000285225,8056933,8055913,1020
ENSG00000284973,8106670,8106433,237
ENSG00000285261,8154895,8150253,4642
ENSG00000285173,8162821,8162440,381
ENSG00000285109,8275840,8192811,83029
ENSG00000285457,8400340,8388152,12188
ENSG00000285157,8473621,8471756,1865
ENSG00000285275,8583179,8514640,68539
ENSG00000285464,8560822,8560716,106
ENSG00000285295,8572187,8571907,280
ENSG00000284856,8611938,8583129,28809
ENSG00000285084,8620687,8619367,1320
ENSG00000285340,8635719,8626149,9570
ENSG00000285067,8668100,8666513,1587
ENSG00000285118,8670217,8669080,1137
ENSG00000285284,8703973,8683726,20247
ENSG00000285195,8695567,8694985,582
ENSG00000284784,8748696,8747990,706
ENSG00000285026,8776580,8776061,519
ENSG00000285276,8814736,8813027,1709
ENSG00000284974,8828264,8825581,2683
ENSG00000285459,8843866,8841928,1938
ENSG00000284801,8846978,8844965,2013
ENSG00000285247,8889109,8884661,4448
ENSG00000285056,8916532,8916436,96
ENSG00000285403,9095901,9092550,3351
ENSG00000284970,9111417,9105494,5923
ENSG00000284764,9226509,9112146,114363
ENSG00000284875,9126489,9126419,70
ENSG00000285187,9222594,9180423,42171
ENSG00000285438,9228140,9221397,6743
ENSG00000285147,9279211,9251333,27878
ENSG00000285126,9265359,9265241,118
ENSG00000285364,9284853,9284761,92
ENSG00000285141,9426245,9397615,28630
ENSG00000285392,9464947,9462088,2859
ENSG00000285229,9477174,9469780,7394
ENSG00000284756,9475142,9472334,2808
ENSG00000284813,9475516,9475410,106
ENSG00000284793,9476950,9476694,256
ENSG00000285250,9898846,9522867,375979
ENSG00000285320,9614990,9614095,895
ENSG00000285787,9676292,9672054,4238
ENSG00000285995,9835135,9805716,29419
ENSG00000284859,10053390,10048084,5306
ENSG00000285161,10050066,10049982,84
ENSG00000285033,10214632,10214536,96
ENSG00000284854,10297992,10297849,143
ENSG00000284878,10502522,10498801,3721
ENSG00000285359,10584291,10519986,64305
ENSG00000285236,10804664,10530661,274003
ENSG00000285484,10585171,10585066,105
ENSG00000285061,10605016,10597817,7199
ENSG00000284864,10668821,10668715,106
ENSG00000285423,10700966,10696074,4892
ENSG00000285185,10723291,10722855,436
ENSG00000285127,10776052,10773783,2269
ENSG00000284919,10798247,10797689,558
ENSG00000285343,10820105,10804785,15320
ENSG00000285002,10814936,10810924,4012
ENSG00000285004,7697824,7695895,1929
ENSG00000284947,7715600,7715430,170
ENSG00000285352,7729975,7729197,778
ENSG00000285316,7758243,7755882,2361
ENSG00000285124,7837080,7833826,3254
ENSG00000285259,8101940,8099349,2591
ENSG00000285132,8107696,8107031,665
ENSG00000284967,8149988,8114196,35792
ENSG00000284811,8166788,8166558,230
ENSG00000285197,8181382,8169584,11798
ENSG00000285217,8191399,8190710,689
ENSG00000285369,8404758,8388741,16017
ENSG00000285072,8509159,8508887,272
ENSG00000284798,8528930,8528676,254
ENSG00000285032,8634701,8628793,5908
ENSG00000284961,8666692,8653667,13025
ENSG00000284927,8756526,8750316,6210
ENSG00000285021,9054014,9027133,26881
ENSG00000285131,9344871,9328591,16280
ENSG00000285214,9380263,9378028,2235
ENSG00000285372,10400259,10177060,223199
ENSG00000285313,10802759,10802388,371
ENSG00000284767,1660380,1660315,65
ENSG00000285070,1788674,1688574,100100
ENSG00000285310,1698044,1695830,2214
ENSG00000285682,1747099,1741197,5902
ENSG00000284817,1758011,1757231,780
ENSG00000284953,1918666,1791963,126703
ENSG00000285383,1836753,1820267,16486
ENSG00000285149,1922867,1917951,4916
ENSG00000285233,1936574,1929202,7372
ENSG00000284850,2004535,1946053,58482
ENSG00000285479,2703922,1970786,733136
ENSG00000285355,2011392,2004666,6726
ENSG00000285291,2020532,2018213,2319
ENSG00000285266,2049463,2048352,1111
ENSG00000285324,2217920,2217462,458
ENSG00000285107,2223479,2220537,2942
ENSG00000284775,2294909,2275748,19161
ENSG00000285924,2341674,2338833,2841
ENSG00000285983,2463364,2446161,17203
ENSG00000284942,2613412,2609322,4090
ENSG00000284759,2666941,2665909,1032
ENSG00000285101,2678192,2674472,3720
ENSG00000285301,144291438,144262045,29393
ENSG00000284774,144314720,144291591,23129
ENSG00000285482,144326910,144314584,12326
ENSG00000284758,144315138,144314590,548
ENSG00000285428,144317315,144317246,69
ENSG00000284923,144336482,144330565,5917
ENSG00000285272,144354914,144352219,2695
ENSG00000285047,144355609,144353228,2381
ENSG00000285112,144361286,144354135,7151
ENSG00000285442,144359376,144355431,3945
ENSG00000285451,144393242,144373101,20141
ENSG00000285049,144409335,144393229,16106
ENSG00000284918,144394230,144394149,81
ENSG00000285207,144400165,144400086,79
ENSG00000285088,144400345,144400277,68
ENSG00000284888,144409976,144409492,484
ENSG00000285243,144416895,144409742,7153
ENSG00000285339,144428562,144423600,4962
ENSG00000285453,144444439,144428774,15665
ENSG00000284887,10865139,10864871,268
ENSG00000285167,10883932,10883871,61
ENSG00000285514,10908263,10908190,73
ENSG00000285368,10995482,10977657,17825
ENSG00000285264,10995107,10994974,133
ENSG00000284860,11022963,11022678,285
ENSG00000285414,11060888,11060783,105
ENSG00000284943,11233162,11174247,58915
ENSG00000285290,11242800,11237319,5481
ENSG00000285098,11254919,11252751,2168
ENSG00000284857,11374499,11374196,303
ENSG00000285260,11396963,11394731,2232
ENSG00000285345,11401112,11395890,5222
ENSG00000285450,11499939,11495510,4429
ENSG00000285119,11724000,11707730,16270
ENSG00000285027,11716592,11707928,8664
ENSG00000284929,11764063,11763403,660
ENSG00000284972,11899143,11898795,348
ENSG00000285962,11928051,11925041,3010
ENSG00000285432,12017701,12013695,4006
ENSG00000284978,12084682,12083221,1461
ENSG00000285066,12094573,12093021,1552
ENSG00000285181,12098724,12096646,2078
ENSG00000285097,12171713,12170522,1191
ENSG00000285497,12176855,12174834,2021
ENSG00000284990,12181474,12179565,1909
ENSG00000285038,12193534,12193295,239
ENSG00000284920,12371262,12370482,780
ENSG00000284909,12381186,12380410,776
ENSG00000284992,12401519,12401301,218
ENSG00000285037,12407653,12407435,218
ENSG00000284751,12429396,12428616,780
ENSG00000284865,12438743,12438569,174
ENSG00000284995,12459786,12459568,218
ENSG00000284822,12485242,12484243,999
ENSG00000285419,12497362,12496396,966
ENSG00000285315,12504134,12503144,990
ENSG00000284785,12519274,12519216,58
ENSG00000285360,12556166,12521983,34183
ENSG00000285270,12527382,12527310,72
ENSG00000284855,12527377,12527315,62
ENSG00000285506,12611581,12565917,45664
ENSG00000285297,12618397,12594340,24057
ENSG00000284812,12762363,12758554,3809
ENSG00000284861,12844633,12844527,106
ENSG00000285265,13404963,12883682,521281
ENSG00000284761,12960632,12960531,101
ENSG00000285223,10953611,10948540,5071
ENSG00000285022,11170702,11063643,107059
ENSG00000284940,11783498,11781571,1927
ENSG00000285411,12025822,12023995,1827
ENSG00000284937,12030974,12027161,3813
ENSG00000285356,12043215,12038508,4707
ENSG00000284907,12140452,12136093,4359
ENSG00000285286,12155567,12152311,3256
ENSG00000285397,12236336,12225889,10447
ENSG00000284757,12263350,12262819,531
ENSG00000285186,12277108,12276938,170
ENSG00000284872,12822192,12806341,15851
ENSG00000285380,9039988,9030594,9394
ENSG00000285001,21605081,21565092,39989
ENSG00000285019,21632015,21631683,332
ENSG00000285196,21639041,21637475,1566
ENSG00000285308,21674008,21661926,12082
ENSG00000285028,21681118,21677246,3872
ENSG00000285455,21698220,21696570,1650
ENSG00000285477,21778222,21777583,639
ENSG00000286200,21806725,21785445,21280
ENSG00000285335,2697172,2681973,15199
ENSG00000285134,2818874,2701737,117137
ENSG00000285111,23729741,23729038,703
ENSG00000284831,23751150,23749236,1914
ENSG00000285274,23768998,23767662,1336
ENSG00000284911,23792236,23791930,306
ENSG00000284904,23827396,23817281,10115
ENSG00000285965,23882428,23875938,6490
ENSG00000285289,23934568,23922247,12321
ENSG00000285282,23994194,23938731,55463
ENSG00000284807,24011760,23953734,58026
ENSG00000284898,24051376,24012412,38964
ENSG00000285036,24051027,24036452,14575
ENSG00000284765,24069728,24052008,17720
ENSG00000285221,24078099,24070836,7263
ENSG00000285493,24115013,24080106,34907
ENSG00000285241,24110597,24094052,16545
ENSG00000284796,24125241,24114194,11047
ENSG00000284818,24131828,24120955,10873
ENSG00000285321,24132848,24131274,1574
ENSG00000284916,24138966,24136162,2804
ENSG00000285377,24141590,24138958,2632
ENSG00000285298,24140443,24139444,999
ENSG00000284889,24147569,24143361,4208
ENSG00000285146,24143564,24143488,76
ENSG00000285152,24160659,24146682,13977
ENSG00000284845,24166451,24147547,18904
ENSG00000285306,24158721,24158602,119
ENSG00000285048,24166564,24161052,5512
ENSG00000285007,24180256,24171852,8404
ENSG00000285248,24188868,24180218,8650
ENSG00000285125,24190415,24180394,10021
ENSG00000285465,24195686,24189148,6538
ENSG00000285502,24213472,24189156,24316
ENSG00000284802,24199089,24198432,657
ENSG00000285309,24202810,24201611,1199
ENSG00000285140,24208361,24205696,2665
ENSG00000285302,24213868,24209582,4286
ENSG00000285296,24215986,24209645,6341
ENSG00000285200,24216069,24213942,2127
ENSG00000285425,24232351,24213954,18397
ENSG00000285246,24232366,24216856,15510
ENSG00000284752,24239241,24232421,6820
ENSG00000284915,24242673,24239642,3031
ENSG00000285348,24264431,24249113,15318
ENSG00000285193,24271738,24265537,6201
ENSG00000284868,24299779,24290597,9182
ENSG00000285326,24309123,24299849,9274
ENSG00000285199,24311429,24305095,6334
ENSG00000285203,24312052,24305733,6319
ENSG00000285456,24318035,24311449,6586
ENSG00000284814,24335092,24318348,16744
ENSG00000285511,24337381,24332309,5072
ENSG00000285379,24340021,24336024,3997
ENSG00000285386,24352156,24352056,100
ENSG00000285485,24379603,24365672,13931
ENSG00000285481,121605012,121604902,110
ENSG00000285371,121672626,121648737,23889
ENSG00000285150,121641635,121626932,14703
ENSG00000285164,49810390,49558546,251844
ENSG00000285500,49825524,49817749,7775
ENSG00000285429,49826695,49824810,1885
ENSG00000285143,49839291,49833111,6180
ENSG00000285387,47584562,47565336,19226
ENSG00000285206,47573461,47565430,8031
ENSG00000284900,47578976,47572197,6779
ENSG00000285092,47576588,47576471,117
ENSG00000285139,47578277,47577725,552
ENSG00000284938,47589194,47586693,2501
ENSG00000284838,47594411,47589667,4744
ENSG00000285121,47647147,47617315,29832
ENSG00000285501,47719930,47664132,55798
ENSG00000285182,47771984,47721058,50926
ENSG00000285489,47731533,47731435,98
ENSG00000285358,47853096,47782628,70468
ENSG00000285503,47800920,47800710,210
ENSG00000285046,47808943,47808837,106
ENSG00000285031,47824830,47824741,89
ENSG00000284852,47846223,47845865,358
ENSG00000284833,94940172,94939812,360
ENSG00000285086,94942076,94941138,938
ENSG00000285436,95156561,94942224,214337
ENSG00000285194,17085049,17082295,2754
ENSG00000285145,17094927,17094351,576
ENSG00000285099,17096421,17096202,219
ENSG00000285395,17470881,17101769,369112
ENSG00000284910,17138736,17134504,4232
ENSG00000284843,17194232,17192863,1369
ENSG00000285003,17228000,17227023,977
ENSG00000285060,70431125,70430231,894
ENSG00000285389,70497102,70495527,1575
ENSG00000285009,17251395,17249674,1721
ENSG00000285170,17446380,17445825,555
ENSG00000285903,17456236,17453470,2766
ENSG00000285096,45683685,45212995,470690
ENSG00000285384,45483218,45423764,59454
ENSG00000284955,45529854,45483345,46509
ENSG00000285874,45503824,45491581,12243
ENSG00000285232,45550182,45507220,42962
ENSG00000283007,7893073,7704628,188445
ENSG00000282971,7916081,7754393,161688
ENSG00000281118,7784407,7783697,710
ENSG00000280931,7796973,7795905,1068
ENSG00000280808,7840960,7834940,6020
ENSG00000281056,7859752,7858826,926
ENSG00000281563,7899405,7899308,97
ENSG00000280899,7941394,7934718,6676
ENSG00000281680,7951834,7947297,4537
ENSG00000281166,7975552,7967663,7889
ENSG00000280606,8011988,7980377,31611
ENSG00000284476,7784434,7784186,248
ENSG00000284597,7931985,7931256,729
ENSG00000283102,30045854,30005443,40411
ENSG00000282193,30045302,30044461,841
ENSG00000282362,30073074,30052948,20126
ENSG00000282654,30091893,30091657,236
ENSG00000282324,30102086,30098819,3267
ENSG00000282509,30131750,30103719,28031
ENSG00000282767,30112322,30112190,132
ENSG00000282328,30143973,30143737,236
ENSG00000282400,30153410,30150880,2530
ENSG00000282316,30154111,30153934,177
ENSG00000282249,30226846,30224299,2547
ENSG00000282009,30255810,30255704,106
ENSG00000282722,30357863,30353939,3924
ENSG00000282729,30365167,30365063,104
ENSG00000282554,31923892,31915115,8777
ENSG00000282670,31923932,31923141,791
ENSG00000282275,31928167,31927931,236
ENSG00000282207,31930690,31930192,498
ENSG00000282689,31965690,31937745,27945
ENSG00000282177,31957243,31957111,132
ENSG00000282701,31970605,31967338,3267
ENSG00000282773,31986353,31975928,10425
ENSG00000282547,31977786,31977496,290
ENSG00000281960,31998340,31992464,5876
ENSG00000282109,32031065,32024724,6341
ENSG00000282068,32118087,32117941,146
ENSG00000282629,32133086,32132796,290
ENSG00000285828,32172305,32154795,17510
ENSG00000281931,32227841,32172366,55475
ENSG00000282081,32203791,32186776,17015
ENSG00000282555,32249747,32248010,1737
ENSG00000282046,32275847,32248744,27103
ENSG00000282513,32725473,32296285,429188
ENSG00000282410,32368066,32367723,343
ENSG00000283465,30093489,30083058,10431
ENSG00000284076,30148832,30135046,13786
ENSG00000282088,30510022,30371954,138068
ENSG00000286139,31914740,31891116,23624
ENSG00000283589,32137984,32124112,13872
ENSG00000282168,32166626,32146897,19729
ENSG00000283119,103927802,103926563,1239
ENSG00000282934,23245224,23244765,459
ENSG00000283124,23294216,23288772,5444
ENSG00000284647,23310330,23305261,5069
ENSG00000282958,23351800,23311235,40565
ENSG00000283009,23377300,23366912,10388
ENSG00000283106,23379303,23376461,2842
ENSG00000282829,23377810,23377718,92
ENSG00000283012,23386493,23385844,649
ENSG00000282941,23432204,23388525,43679
ENSG00000283105,23419610,23418296,1314
ENSG00000282854,23492032,23436027,56005
ENSG00000282899,23538697,23513902,24795
ENSG00000282990,23558379,23556603,1776
ENSG00000283060,23566965,23565390,1575
ENSG00000285916,23601085,23583900,17185
ENSG00000284267,23512255,23511884,371
ENSG00000282984,235452743,235328570,124173
ENSG00000282856,235362540,235361153,1387
ENSG00000285104,235367366,235366353,1013
ENSG00000282862,235437022,235436776,246
ENSG00000282880,235508243,235450981,57262
ENSG00000282918,235524476,235523762,714
ENSG00000281013,42090965,42085525,5440
ENSG00000281750,42090038,42089640,398
ENSG00000280714,42108964,42107776,1188
ENSG00000280705,42127786,42124292,3494
ENSG00000281908,42127585,42125919,1666
ENSG00000281004,42142854,42137724,5130
ENSG00000280467,42331469,42147866,183603
ENSG00000281757,42131432,42129456,1976
ENSG00000280905,42130863,42126481,4382
ENSG00000281387,42146692,42146237,455
ENSG00000284131,42153625,42150129,3496
ENSG00000284297,42153424,42151756,1668
ENSG00000281436,42168706,42163591,5115
ENSG00000281897,42357301,42173715,183586
ENSG00000283804,42157270,42155294,1976
ENSG00000281198,21196860,21196720,140
ENSG00000283079,65772652,65574155,198497
ENSG00000283017,1502861,990509,512352
ENSG00000282848,109212673,108596152,616521
ENSG00000283022,71230718,70802084,428634
ENSG00000283015,71307614,71306328,1286
ENSG00000282830,71395224,71363481,31743
ENSG00000282945,71285892,71283583,2309
ENSG00000284106,71294528,71293954,574
ENSG00000282838,2826304,2817180,9124
ENSG00000282845,2822993,2822659,334
ENSG00000283056,2839582,2830169,9413
ENSG00000283070,2842741,2839565,3176
ENSG00000283112,2859719,2857891,1828
ENSG00000283049,2873548,2872278,1270
ENSG00000282937,2858163,2852693,5470
ENSG00000282841,22417915,22413601,4314
ENSG00000283107,22419294,22418829,465
ENSG00000282839,22592907,22592145,762
ENSG00000283066,235541832,235541311,521
ENSG00000283014,235543636,235541843,1793
ENSG00000282824,235545206,235543844,1362
ENSG00000282857,235545497,235545203,294
ENSG00000283116,235545888,235545550,338
ENSG00000282999,235546181,235545950,231
ENSG00000282972,235654545,235551476,103069
ENSG00000283019,235570728,235569552,1176
ENSG00000283185,13032130,13029339,2791
ENSG00000283425,13056491,13049476,7015
ENSG00000283292,13062229,13060869,1360
ENSG00000283348,13077884,13068677,9207
ENSG00000283661,13097971,13095179,2792
ENSG00000283410,13105689,13104403,1286
ENSG00000283370,13116854,13115496,1358
ENSG00000283543,13131615,13128818,2797
ENSG00000283624,13147460,13146981,479
ENSG00000283216,13155961,13148905,7056
ENSG00000283231,13165467,13164586,881
ENSG00000283139,13179464,13172455,7009
ENSG00000283565,13218892,13216103,2789
ENSG00000283150,13233554,13224452,9102
ENSG00000283650,13245867,13243779,2088
ENSG00000202250,13249471,13249365,106
ENSG00000283387,13255414,13251275,4139
ENSG00000283488,13279147,13273779,5368
ENSG00000284281,13015872,13014766,1106
ENSG00000284531,13268923,13268552,371
ENSG00000283032,42108951,42107763,1188
ENSG00000283089,42127773,42124279,3494
ENSG00000282969,42127572,42125906,1666
ENSG00000282884,42152466,42147351,5115
ENSG00000283026,42341067,42157475,183592
ENSG00000282837,42141049,42128051,12998
ENSG00000282919,42108953,42107765,1188
ENSG00000282966,42130863,42126481,4382
ENSG00000283006,42146692,42146237,455
ENSG00000282979,42167328,42163834,3494
ENSG00000282874,42167127,42165461,1666
ENSG00000283008,42176857,42167604,9253
ENSG00000282926,42182405,42177288,5117
ENSG00000282892,42371000,42187414,183586
ENSG00000283135,205900958,205900630,328
ENSG00000283134,205950145,205949091,1054
ENSG00000283315,206000858,205989585,11273
ENSG00000283510,206086303,205993721,92582
ENSG00000283129,206007974,206007880,94
ENSG00000283687,206025697,206025593,104
ENSG00000283641,206040845,206040432,413
ENSG00000283192,206086564,206084605,1959
ENSG00000283447,206159509,206114817,44692
ENSG00000283260,206122323,206115547,6776
ENSG00000283168,206116500,206116110,390
ENSG00000283391,206162928,206159585,3343
ENSG00000283254,206161024,206160843,181
ENSG00000283323,206161929,206161841,88
ENSG00000283671,206161957,206161878,79
ENSG00000283482,206162359,206162228,131
ENSG00000283448,206218047,206175316,42731
ENSG00000283643,206269946,206203376,66570
ENSG00000283395,206221635,206221316,319
ENSG00000283357,206264538,206264248,290
ENSG00000281402,206264834,206264686,148
ENSG00000283649,206319047,206279283,39764
ENSG00000283169,206415529,206414707,822
ENSG00000283995,206171530,206171153,377
ENSG00000284455,206360736,206360359,377
ENSG00000284220,206405196,206404825,371
ENSG00000282962,15005388,14909961,95427
ENSG00000283087,15073496,15006017,67479
ENSG00000282903,15431257,15008285,422972
ENSG00000283109,66153937,66002771,151166
ENSG00000282938,66020717,66007206,13511
ENSG00000283030,69961007,69955256,5751
ENSG00000282891,70002570,69995930,6640
ENSG00000282967,70036538,70028413,8125
ENSG00000283046,70058845,70050402,8443
ENSG00000283090,70085270,70067389,17881
ENSG00000282868,70181249,70138066,43183
ENSG00000282833,13295335,12716805,578530
ENSG00000282932,10617538,8314246,2303292
ENSG00000282942,9096060,9095713,347
ENSG00000283825,52535701,52390515,145186
ENSG00000285235,52665832,52665003,829
ENSG00000284137,18244875,18225635,19240
ENSG00000284571,18258738,18244815,13923
ENSG00000284495,18266552,18260597,5955
ENSG00000284449,18268828,18268080,748
ENSG00000284238,18315007,18271428,43579
ENSG00000284212,18312651,18311904,747
ENSG00000283753,18313533,18312760,773
ENSG00000283741,18328056,18315293,12763
ENSG00000284492,18340886,18340814,72
ENSG00000284166,18399252,18387383,11869
ENSG00000284566,18398589,18389460,9129
ENSG00000284422,18399064,18398476,588
ENSG00000284444,18399928,18399758,170
ENSG00000284576,18410566,18403085,7481
ENSG00000284456,18423985,18420764,3221
ENSG00000284350,18434702,18425333,9369
ENSG00000283850,18427911,18427800,111
ENSG00000284257,18441453,18436466,4987
ENSG00000284527,18452500,18441656,10844
ENSG00000284285,18485525,18459849,25676
ENSG00000284205,18462667,18462560,107
ENSG00000284014,18463344,18463179,165
ENSG00000283924,18472660,18469996,2664
ENSG00000284021,18504550,18486342,18208
ENSG00000284312,18515918,18506700,9218
ENSG00000284320,18355998,18347515,8483
ENSG00000284001,18348672,18348247,425
ENSG00000283715,54700905,54696604,4301
ENSG00000283872,54704235,54703952,283
ENSG00000283942,54713453,54707916,5537
ENSG00000284104,54736542,54724479,12063
ENSG00000283962,54798294,54724496,73798
ENSG00000284504,54753046,54738520,14526
ENSG00000283723,54784331,54769802,14529
ENSG00000284105,54790327,54786364,3963
ENSG00000283961,54814528,54803543,10985
ENSG00000283954,54830810,54816479,14331
ENSG00000284307,54848388,54832708,15680
ENSG00000284384,54867032,54850262,16770
ENSG00000283722,54767377,54756107,11270
ENSG00000283747,54700905,54696604,4301
ENSG00000284539,107994607,107964443,30164
ENSG00000284338,108076020,108040263,35757
ENSG00000284468,108200843,108134010,66833
ENSG00000284319,108201485,108199920,1565
ENSG00000283911,108202737,108200407,2330
ENSG00000284432,108500545,108494877,5668
ENSG00000284110,108502877,108501780,1097
ENSG00000284199,108508663,108507994,669
ENSG00000283707,108473674,108472947,727
ENSG00000284396,108488296,108487922,374
ENSG00000283284,42130880,42126498,4382
ENSG00000283173,42132999,42132544,455
ENSG00000281053,42139932,42136436,3496
ENSG00000281266,42139731,42138063,1668
ENSG00000283628,42168680,42163563,5117
ENSG00000283681,42357278,42173689,183589
ENSG00000283140,42143577,42141601,1976
ENSG00000283373,42157236,42155260,1976
ENSG00000283305,206424858,206423912,946
ENSG00000283244,189940271,189780336,159935
ENSG00000283630,189963202,189940870,22332
ENSG00000283397,189973847,189973599,248
ENSG00000283437,189982379,189979902,2477
ENSG00000283655,189984871,189982523,2348
ENSG00000283308,190014917,190014800,117
ENSG00000283282,190017478,190017360,118
ENSG00000283184,190022336,190021078,1258
ENSG00000283250,190038226,190037743,483
ENSG00000283570,190068894,190067620,1274
ENSG00000285202,190026913,190024025,2888
ENSG00000284475,190072197,190070926,1271
ENSG00000284002,190075503,190074232,1271
ENSG00000283830,190078809,190077538,1271
ENSG00000283898,190082115,190080844,1271
ENSG00000284502,190085421,190084150,1271
ENSG00000283893,190088727,190087456,1271
ENSG00000284156,190092033,190090762,1271
ENSG00000284507,190095339,190094068,1271
ENSG00000284066,190098645,190097374,1271
ENSG00000284174,190101951,190100680,1271
ENSG00000283834,190105257,190103986,1271
ENSG00000284298,190108563,190107292,1271
ENSG00000283917,154305912,154142124,163788
ENSG00000284227,154502663,154238835,263828
ENSG00000284467,154244691,154243073,1618
ENSG00000283841,154269286,154268828,458
ENSG00000283957,154381440,154380979,461
ENSG00000284420,21545630,21544470,1160
ENSG00000284072,21700603,21700313,290
ENSG00000283730,21910080,21746820,163260
ENSG00000283963,21527875,21522076,5799
ENSG00000284036,21548155,21542357,5798
ENSG00000283989,21567636,21561834,5802
ENSG00000284287,21587921,21582121,5800
ENSG00000284434,21594398,21592308,2090
ENSG00000284230,21607404,21601596,5808
ENSG00000284151,21627692,21621899,5793
ENSG00000283837,54700905,54696604,4301
ENSG00000284355,54704235,54703952,283
ENSG00000283800,54713453,54707916,5537
ENSG00000284086,54736499,54724485,12014
ENSG00000283702,54753016,54738478,14538
ENSG00000283832,54767335,54754987,12348
ENSG00000284590,54700905,54696604,4301
ENSG00000284472,54704235,54703952,283
ENSG00000284405,54713453,54707916,5537
ENSG00000283915,54736500,54724485,12015
ENSG00000283778,54798229,54724502,73727
ENSG00000283708,54752995,54738477,14518
ENSG00000284248,54767314,54754966,12348
ENSG00000284145,54784266,54769736,14530
ENSG00000284102,54790262,54786299,3963
ENSG00000283869,54814492,54803469,11023
ENSG00000283731,54830754,54816443,14311
ENSG00000283779,54848544,54832652,15892
ENSG00000283975,54867200,54850414,16786
ENSG00000284581,54700905,54696604,4301
ENSG00000284348,54704235,54703952,283
ENSG00000284097,54713453,54707916,5537
ENSG00000284136,54798077,54724496,73581
ENSG00000284249,54767156,54754806,12350
ENSG00000284100,54784118,54769582,14536
ENSG00000284119,54790110,54786151,3959
ENSG00000283729,54830607,54816294,14313
ENSG00000284213,54866185,54849415,16770
ENSG00000284545,54868023,54867917,106
ENSG00000284245,54890394,54873209,17185
ENSG00000283986,54813933,54803434,10499
ENSG00000283870,54846912,54832594,14318
ENSG00000283916,54704235,54703952,283
ENSG00000284051,54713453,54707916,5537
ENSG00000283875,54736533,54724479,12054
ENSG00000283910,54798302,54724496,73806
ENSG00000284132,54753069,54738512,14557
ENSG00000284497,54767385,54755039,12346
ENSG00000284514,54784338,54769810,14528
ENSG00000283919,54790334,54786371,3963
ENSG00000284365,54814536,54803554,10982
ENSG00000284426,54830797,54816487,14310
ENSG00000283727,54848588,54832695,15893
ENSG00000284295,54867223,54850462,16761
ENSG00000284211,54700905,54696604,4301
ENSG00000284326,54704235,54703952,283
ENSG00000284141,54713453,54707916,5537
ENSG00000283823,54736506,54724488,12018
ENSG00000284322,54798268,54724505,73763
ENSG00000283996,54753037,54738485,14552
ENSG00000284088,54767354,54755008,12346
ENSG00000284530,54784306,54769779,14527
ENSG00000283974,54790301,54786338,3963
ENSG00000284509,54814530,54803507,11023
ENSG00000284177,54830792,54816481,14311
ENSG00000284408,54848582,54832690,15892
ENSG00000284063,54867238,54850452,16786
ENSG00000284409,54700905,54696604,4301
ENSG00000284183,54704235,54703952,283
ENSG00000284030,54713453,54707916,5537
ENSG00000284304,54798270,54724496,73774
ENSG00000284510,54753036,54738512,14524
ENSG00000284401,54784308,54769779,14529
ENSG00000283713,54790304,54786341,3963
ENSG00000284466,54894659,54877873,16786
ENSG00000284524,54896497,54896391,106
ENSG00000283750,54918869,54901684,17185
ENSG00000283739,54918869,54918122,747
ENSG00000284113,54943589,54933599,9990
ENSG00000284562,54814110,54803645,10465
ENSG00000284111,54858873,54816504,42369
ENSG00000283937,54875374,54861549,13825
ENSG00000283806,54700905,54696604,4301
ENSG00000284164,54704235,54703952,283
ENSG00000284374,54713453,54707916,5537
ENSG00000283966,54736502,54724479,12023
ENSG00000283790,54753006,54738479,14527
ENSG00000284533,54767325,54754977,12348
ENSG00000283968,54896615,54892652,3963
ENSG00000284101,55000011,54983223,16788
ENSG00000284169,54797950,54786328,11622
ENSG00000283902,54814091,54803626,10465
ENSG00000284301,54858674,54816484,42190
ENSG00000284016,54890107,54876141,13966
ENSG00000283784,54919502,54909037,10465
ENSG00000283889,54964264,54921895,42369
ENSG00000284120,54980724,54966899,13825
ENSG00000284462,54700905,54696604,4301
ENSG00000283748,54704235,54703952,283
ENSG00000284314,54713453,54707916,5537
ENSG00000284480,54736499,54724485,12014
ENSG00000283901,54798256,54724502,73754
ENSG00000284236,54753024,54738479,14545
ENSG00000284232,54767341,54754995,12346
ENSG00000284551,54784293,54769766,14527
ENSG00000284006,54790289,54786326,3963
ENSG00000284589,54830783,54816470,14313
ENSG00000284046,54867221,54850469,16752
ENSG00000284206,54814110,54803611,10499
ENSG00000284264,54847967,54832770,15197
ENSG00000284451,54789811,54789705,106
ENSG00000283953,54812181,54794996,17185
ENSG00000283746,54700905,54696604,4301
ENSG00000284563,54704235,54703952,283
ENSG00000283794,54713453,54707916,5537
ENSG00000283860,54797726,54785376,12350
ENSG00000284417,54820679,54816720,3959
ENSG00000284053,54924805,54908019,16786
ENSG00000284511,54738318,54724500,13818
ENSG00000283716,54754627,54740683,13944
ENSG00000284089,54766181,54757172,9009
ENSG00000284039,54782742,54768588,14154
ENSG00000284580,54814175,54800209,13966
ENSG00000284457,54844477,54834012,10465
ENSG00000283719,54889060,54846871,42189
ENSG00000284150,54905520,54891695,13825
ENSG00000284389,54700905,54696604,4301
ENSG00000284296,54704235,54703952,283
ENSG00000284593,54713453,54707916,5537
ENSG00000284371,54736535,54724479,12056
ENSG00000284423,54798268,54724496,73772
ENSG00000284333,54753035,54738513,14522
ENSG00000283725,54767354,54755006,12348
ENSG00000284347,54784305,54769776,14529
ENSG00000284397,54790301,54786338,3963
ENSG00000284460,54814530,54803507,11023
ENSG00000283827,54830792,54816481,14311
ENSG00000283846,54848582,54832690,15892
ENSG00000283951,54867240,54850452,16788
ENSG00000283964,54700905,54696604,4301
ENSG00000283810,54704235,54703952,283
ENSG00000284339,54713453,54707916,5537
ENSG00000284127,54736532,54724479,12053
ENSG00000284441,54798231,54724496,73735
ENSG00000284241,54753057,54738511,14546
ENSG00000284313,54767374,54755028,12346
ENSG00000284007,54790264,54786301,3963
ENSG00000284093,54830759,54816446,14313
ENSG00000284192,54867195,54850445,16750
ENSG00000284279,54869033,54868927,106
ENSG00000284340,54814085,54803586,10499
ENSG00000283882,54847943,54832746,15197
ENSG00000284470,54700905,54696604,4301
ENSG00000284133,54704235,54703952,283
ENSG00000283732,54713453,54707916,5537
ENSG00000284044,54753018,54738496,14522
ENSG00000284478,54767345,54754989,12356
ENSG00000284022,54788545,54788439,106
ENSG00000284004,54810918,54793733,17185
ENSG00000283763,54775435,54773309,2126
ENSG00000284528,54832763,54815973,16790
ENSG00000284303,54834601,54834495,106
ENSG00000284061,54856976,54839791,17185
ENSG00000283925,54856976,54856229,747
ENSG00000284208,54881696,54871706,9990
ENSG00000284033,54752350,54724503,27847
ENSG00000284225,54768701,54754713,13988
ENSG00000283742,54780267,54771254,9013
ENSG00000284217,54797006,54782674,14332
ENSG00000284560,54813466,54799641,13825
ENSG00000284302,54700905,54696604,4301
ENSG00000283833,54704235,54703952,283
ENSG00000283983,54713453,54707916,5537
ENSG00000284318,54784651,54724502,60149
ENSG00000284013,54800883,54789901,10982
ENSG00000284342,54817144,54802834,14310
ENSG00000284244,54834935,54819042,15893
ENSG00000284381,54853573,54836809,16764
ENSG00000284555,54768703,54754709,13994
ENSG00000285317,28233029,28199456,33573
ENSG00000285390,28246906,28236109,10797
ENSG00000285279,28241453,28239509,1944
ENSG00000284786,28247568,28247144,424
ENSG00000285069,28282491,28259518,22973
ENSG00000284944,28335965,28329002,6963
ENSG00000284996,72301829,72301472,357
ENSG00000284886,126352994,126308510,44484
ENSG00000284963,126311930,126311469,461
ENSG00000285005,208025527,207821288,204239
ENSG00000284897,208019741,208019638,103
ENSG00000285055,208031953,208031383,570
ENSG00000285342,208054258,208054161,97
ENSG00000285271,208057745,208057248,497
ENSG00000285058,208118652,208114374,4278
ENSG00000285434,208130665,208127748,2917
ENSG00000285011,208135969,208134278,1691
ENSG00000285353,208143838,208141535,2303
ENSG00000284871,84881679,84638406,243273
ENSG00000284804,84893375,84884936,8439
ENSG00000284780,86089619,84974171,1115448
ENSG00000284896,144058845,144048948,9897
ENSG00000285093,144077832,144077728,104
ENSG00000284768,144098945,144086266,12679
ENSG00000285071,144110550,144109500,1050
ENSG00000285378,144119336,144118437,899
ENSG00000284949,144142920,144141991,929
ENSG00000285322,144186044,144183457,2587
ENSG00000284790,144195642,144186074,9568
ENSG00000285496,144075152,144074223,929
ENSG00000284891,144130023,144129097,926
ENSG00000285029,59957480,59938432,19048
ENSG00000285510,59970146,59942879,27267
ENSG00000285375,59970146,59964033,6113
ENSG00000285463,60031077,59978020,53057
ENSG00000285422,60048047,60040409,7638
ENSG00000284935,60082623,60081584,1039
ENSG00000284903,60074456,60065380,9076
ENSG00000284890,90098817,90098421,396
ENSG00000285180,90118461,90118391,70
ENSG00000285421,90126061,90125658,403
ENSG00000285516,90192894,90131515,61379
ENSG00000285305,90198120,90193614,4506
ENSG00000285023,90223077,90200429,22648
ENSG00000285065,90226538,90223153,3385
ENSG00000284884,90945863,90251204,694659
ENSG00000284997,90314983,90313371,1612
ENSG00000285137,86846200,85955666,890534
ENSG00000285478,127060401,126915203,145198
ENSG00000286166,127222074,127130005,92069
ENSG00000285357,127146552,127145072,1480
ENSG00000285148,127096204,127095454,750
ENSG00000285281,63728065,63684216,43849
ENSG00000284819,63735923,63734697,1226
ENSG00000284769,63736505,63736444,61
ENSG00000285008,63762149,63762013,136
ENSG00000285273,63815433,63815247,186
ENSG00000285178,75172236,75148494,23742
ENSG00000285350,75228223,75226100,2123
ENSG00000285460,75268085,75228207,39878
ENSG00000285307,75250109,75246026,4083
ENSG00000285337,75193241,75192487,754
ENSG00000284810,75209949,75204177,5772
ENSG00000285346,75224885,75221828,3057
ENSG00000285189,73107052,72645949,461103
ENSG00000285039,72839718,72839039,679
ENSG00000284899,1779955,1655177,124778
ENSG00000285208,1782064,1780329,1735
ENSG00000285430,2511956,1906054,605902
ENSG00000285394,112131004,112086335,44669
ENSG00000284925,112133270,112120839,12431
ENSG00000285293,112135359,112133423,1936
ENSG00000285044,112303675,112140898,162777
ENSG00000285255,112195446,112194928,518
ENSG00000285174,112162367,112161535,832
ENSG00000284908,175817269,174438573,1378696
ENSG00000285406,175369626,175369545,81
ENSG00000285461,175404069,175403968,101
ENSG00000284901,128160821,128064778,96043
ENSG00000284805,128149019,128148917,102
ENSG00000284869,128415576,128160388,255188
ENSG00000285949,128201362,128188319,13043
ENSG00000284921,9196410,9089110,107300
ENSG00000285440,9090728,9090575,153
ENSG00000285110,9177826,9177501,325
ENSG00000285059,144256264,144250065,6199
ENSG00000284749,144264812,144257683,7129
ENSG00000285175,144269308,144266721,2587
ENSG00000285362,144300964,144294493,6471
ENSG00000285328,144505111,144492133,12978
ENSG00000285288,144530196,144529708,488
ENSG00000285488,144546700,144546564,136
ENSG00000285075,144931552,144546824,384728
ENSG00000284836,144232863,144231943,920
ENSG00000285105,144319082,144318162,920
ENSG00000285408,144373656,144360650,13006
ENSG00000284912,144380695,144378365,2330
ENSG00000284827,144388921,144387992,929
ENSG00000285013,144396316,144396023,293
ENSG00000285154,144415702,144414782,920
ENSG00000284933,144474951,144457568,17383
ENSG00000285363,129730445,129728744,1701
ENSG00000285114,129795674,129757225,38449
