Gene_stable_ID,Gene start (bp),Gene end (bp),Gene_length
ENSG00000261657,66119285,66465398,346113
ENSG00000223116,23551994,23552136,142
ENSG00000233440,23708313,23708703,390
ENSG00000207157,23726725,23726825,100
ENSG00000229483,23743974,23744736,762
ENSG00000252952,23791571,23791673,102
ENSG00000235205,23817659,23821323,3664
ENSG00000232849,93708910,93710179,1269
ENSG00000236803,23841645,23843289,1644
ENSG00000232163,23947562,23948200,638
ENSG00000252365,94021100,94021213,113
ENSG00000229558,23993110,24002818,9708
ENSG00000235784,94047230,94048108,878
ENSG00000224394,94470677,94488397,17720
ENSG00000212559,94677724,94677852,128
ENSG00000232977,24040710,24061603,20893
ENSG00000236520,94806447,94840245,33798
ENSG00000227893,24072935,24077013,4078
ENSG00000212057,95117554,95117644,90
ENSG00000222129,95303651,95303783,132
ENSG00000232102,24340073,24340243,170
ENSG00000242037,95351479,95351756,277
ENSG00000238230,95351948,95355116,3168
ENSG00000227640,95364970,95368500,3530
ENSG00000205861,24463028,24471402,8374
ENSG00000235768,95409705,95411526,1821
ENSG00000237924,95412807,95413269,462
ENSG00000260962,95612295,95613573,1278
ENSG00000252335,95671489,95671590,101
ENSG00000238463,95862598,95862702,104
ENSG00000223298,95963084,95963209,125
ENSG00000196593,24513696,24520921,7225
ENSG00000200211,95988360,95988455,95
ENSG00000271492,96046303,96046708,405
ENSG00000223392,96131698,96186164,54466
ENSG00000228741,24553949,24609166,55217
ENSG00000247400,96300987,96329179,28192
ENSG00000225674,24696204,24697953,1749
ENSG00000229622,96344792,96346226,1434
ENSG00000252695,24736555,24736643,88
ENSG00000227213,24826887,24828577,1690
ENSG00000227714,96346237,96346749,512
ENSG00000240868,24889863,24895736,5873
ENSG00000232373,96346823,96347959,1136
ENSG00000234627,24902349,24903210,861
ENSG00000251901,96366931,96367032,101
ENSG00000261498,24905588,24911259,5671
ENSG00000226977,96461564,96461861,297
ENSG00000233545,24974841,24975167,326
ENSG00000242614,96821799,96822099,300
ENSG00000233273,97225913,97226753,840
ENSG00000205822,24982295,25171814,189519
ENSG00000235137,97536096,97542067,5971
ENSG00000243300,97593535,97636426,42891
ENSG00000266216,25129366,25129451,85
ENSG00000244615,25140981,25144866,3885
ENSG00000234267,97599891,97601181,1290
ENSG00000243008,25141011,25171814,30803
ENSG00000272329,97600272,97601838,1566
ENSG00000211508,25183217,25183313,96
ENSG00000222472,97601503,97601787,284
ENSG00000207474,25277694,25277803,109
ENSG00000252154,97618195,97618268,73
ENSG00000225404,25278476,25278926,450
ENSG00000238522,97709633,97709734,101
ENSG00000233124,97824723,97831876,7153
ENSG00000231417,25316815,25320322,3507
ENSG00000202290,98015226,98015355,129
ENSG00000271625,98127996,98128713,717
ENSG00000226695,25324795,25326309,1514
ENSG00000226134,98327265,98330217,2952
ENSG00000238407,98538063,98538166,103
ENSG00000233291,98553907,98554542,635
ENSG00000270725,98591610,98605793,14183
ENSG00000253771,25498815,25542625,43810
ENSG00000232217,98639204,98639470,266
ENSG00000222969,98856089,98856446,357
ENSG00000263399,98860778,98860854,76
ENSG00000269189,98885904,98886954,1050
ENSG00000269599,98981909,98985490,3581
ENSG00000251299,25517713,25518636,923
ENSG00000231194,99087659,99088094,435
ENSG00000271437,99205497,99206034,537
ENSG00000232858,25562715,25563063,348
ENSG00000224418,99229498,99231084,1586
ENSG00000256305,25715794,25716046,252
ENSG00000217686,99262546,99263130,584
ENSG00000234056,25746966,25754217,7251
ENSG00000233549,99281940,99282243,303
ENSG00000238169,25755579,25763898,8319
ENSG00000233662,99293068,99293493,425
ENSG00000225105,25767245,25784433,17188
ENSG00000243366,99324234,99324529,295
ENSG00000235315,25780187,25780644,457
ENSG00000229918,99484338,99486883,2545
ENSG00000261530,75610476,75660403,49927
ENSG00000221324,25820669,25820753,84
ENSG00000260509,25874262,25875576,1314
ENSG00000231981,99601973,99602701,728
ENSG00000234152,25939937,25940293,356
ENSG00000265546,26027137,26027428,291
ENSG00000260666,75418301,75455198,36897
ENSG00000207298,99677488,99677599,111
ENSG00000199767,26091257,26091363,106
ENSG00000260992,99740073,99740879,806
ENSG00000180803,26437388,26437805,417
ENSG00000230871,99825847,99826744,897
ENSG00000242381,26518632,26518891,259
ENSG00000260334,39868578,39872221,3643
ENSG00000223158,26524842,26524959,117
ENSG00000231983,26626414,26627523,1109
ENSG00000234005,99842833,99843245,412
ENSG00000228889,99848631,99852964,4333
ENSG00000233963,26688547,26728313,39766
ENSG00000201793,99857962,99858260,298
ENSG00000218502,99867626,99868012,386
ENSG00000207719,100008385,100008482,97
ENSG00000234706,26691686,26693102,1416
ENSG00000228808,100024427,100024940,513
ENSG00000271559,26803469,26803781,312
ENSG00000238241,100060035,100061316,1281
ENSG00000227882,26808350,26811266,2916
ENSG00000266207,100105650,100105723,73
ENSG00000203441,100151981,100153306,1325
ENSG00000234031,27151023,27151812,789
ENSG00000212197,100188573,100188650,77
ENSG00000234168,100229366,100232622,3256
ENSG00000237001,27180681,27215501,34820
ENSG00000234239,100234960,100235434,474
ENSG00000230256,27479499,27479998,499
ENSG00000223782,27551680,27551926,246
ENSG00000263615,100295313,100295403,90
ENSG00000218198,27591688,27592046,358
ENSG00000227659,100342335,100343225,890
ENSG00000232162,27736992,27743272,6280
ENSG00000234303,100378501,100379745,1244
ENSG00000230641,27746396,27757135,10739
ENSG00000234772,27810419,27810948,529
ENSG00000201245,100436111,100436237,126
ENSG00000238305,100436308,100436411,103
ENSG00000207500,27829201,27829272,71
ENSG00000260738,100647153,100650163,3010
ENSG00000207051,27829538,27829663,125
ENSG00000221756,27894150,27894296,146
ENSG00000225999,100680023,100680428,405
ENSG00000252247,27917785,27917883,98
ENSG00000229609,27947485,27948503,1018
ENSG00000236554,100714550,100715855,1305
ENSG00000201242,27976613,27976724,111
ENSG00000203602,28008286,28008752,466
ENSG00000252499,28062275,28062369,94
ENSG00000228501,100802735,100803346,611
ENSG00000226703,28270530,28271341,811
ENSG00000261125,39873994,39890896,16902
ENSG00000270632,100850441,100850723,282
ENSG00000207330,28402900,28403006,106
ENSG00000234650,101116694,101133411,16717
ENSG00000247381,28407581,28495541,87960
ENSG00000260704,28527663,28529507,1844
ENSG00000242360,28563435,28563721,286
ENSG00000224356,101187995,101232371,44376
ENSG00000271026,28641724,28642471,747
ENSG00000235115,28681568,28682014,446
ENSG00000234354,101192089,101192528,439
ENSG00000261485,28710980,28712330,1350
ENSG00000237082,101276129,101276683,554
ENSG00000232587,28788650,28790034,1384
ENSG00000200840,28806638,28806744,106
ENSG00000233009,101360579,101711638,351059
ENSG00000235472,29172970,29174189,1219
ENSG00000202237,29277839,29277944,105
ENSG00000214051,101408805,101409313,508
ENSG00000233588,29296523,29298158,1635
ENSG00000229599,101593116,101596618,3502
ENSG00000236339,29352695,29353074,379
ENSG00000272349,102369198,102369728,530
ENSG00000221670,29796699,29796778,79
ENSG00000201155,102431234,102431398,164
ENSG00000236758,29813516,29824691,11175
ENSG00000215399,102454228,102454838,610
ENSG00000265164,102619992,102620096,104
ENSG00000223460,29880915,29881922,1007
ENSG00000229975,102654475,102655660,1185
ENSG00000270680,29913703,29914006,303
ENSG00000201690,102669303,102669419,116
ENSG00000179141,30050652,30064242,13590
ENSG00000264482,102698284,102698354,70
ENSG00000236860,102915396,102915552,156
ENSG00000236258,30440096,30440306,210
ENSG00000224329,30446750,30462542,15792
ENSG00000243319,102944677,103046869,102192
ENSG00000224405,30492784,30500788,8004
ENSG00000234445,103019889,103026016,6127
ENSG00000122043,30510042,30524625,14583
ENSG00000272143,103046980,103048053,1073
ENSG00000266505,30596158,30597937,1779
ENSG00000270581,103053821,103054807,986
ENSG00000261057,103241722,103242163,441
ENSG00000224511,30677315,30683012,5697
ENSG00000269942,103331776,103332308,532
ENSG00000232117,30726023,30733758,7735
ENSG00000238869,103374152,103374255,103
ENSG00000231633,103395340,103397574,2234
ENSG00000232643,30728203,30728723,520
ENSG00000222301,103472343,103472419,76
ENSG00000266816,30780753,30780836,83
ENSG00000252928,30855902,30856006,104
ENSG00000250878,103532449,103548383,15934
ENSG00000215049,30870284,30870872,588
ENSG00000272542,103541208,103542184,976
ENSG00000236463,30890497,30894040,3543
ENSG00000234551,104077550,104080035,2485
ENSG00000230474,104096970,104097318,348
ENSG00000225823,105466678,105467420,742
ENSG00000232307,106111404,106158030,46626
ENSG00000238121,30914407,30951282,36875
ENSG00000226620,106356629,106416789,60160
ENSG00000225039,30993656,30996374,2718
ENSG00000261577,39910856,39943183,32327
ENSG00000252550,106549872,106549992,120
ENSG00000236444,31002084,31002656,572
ENSG00000222643,106780720,106780837,117
ENSG00000222682,106807721,106807839,118
ENSG00000213411,31113734,31117598,3864
ENSG00000233532,107028911,107030565,1654
ENSG00000232489,31115780,31117034,1254
ENSG00000174418,107078121,107078470,349
ENSG00000224117,31127807,31128830,1023
ENSG00000272274,107270158,107283707,13549
ENSG00000230156,107306264,107324511,18247
ENSG00000237879,31377343,31384782,7439
ENSG00000227590,107315785,107316195,410
ENSG00000174408,107516164,107516634,470
ENSG00000224743,31456070,31507983,51913
ENSG00000196777,107594562,107594907,345
ENSG00000239050,107627286,107627374,88
ENSG00000221316,107773381,107773471,90
ENSG00000201847,107973243,107973311,68
ENSG00000221650,108183519,108183596,77
ENSG00000221473,108288379,108288464,85
ENSG00000227248,108440690,108487799,47109
ENSG00000223177,108953560,108953679,119
ENSG00000232087,109132574,109134165,1591
ENSG00000229938,109753609,109754267,658
ENSG00000236094,31456688,31457532,844
ENSG00000236242,109816250,109853831,37581
ENSG00000238185,31547426,31551760,4334
ENSG00000223617,109934321,109940081,5760
ENSG00000230233,19986749,20022678,35929
ENSG00000230403,31569299,31570275,976
ENSG00000236053,109962483,109964121,1638
ENSG00000261163,39958199,39968855,10656
ENSG00000265841,20058408,20058482,74
ENSG00000231894,31651391,31689836,38445
ENSG00000229792,110053043,110053988,945
ENSG00000221041,20076689,20076772,83
ENSG00000234854,110380629,110382354,1725
ENSG00000198618,20230097,20230594,497
ENSG00000229427,31885426,31887058,1632
ENSG00000255813,110407168,110407615,447
ENSG00000201161,110567443,110567767,324
ENSG00000231428,110705632,110707299,1667
ENSG00000232193,20290252,20308177,17925
ENSG00000229715,32420978,32527609,106631
ENSG00000226204,20325582,20339376,13794
ENSG00000265885,110750200,110750498,298
ENSG00000238629,111066552,111066653,101
ENSG00000235965,20418629,20420003,1374
ENSG00000224821,111108743,111115634,6891
ENSG00000235822,32559822,32565134,5312
ENSG00000229289,20502841,20506741,3900
ENSG00000237637,32599451,32605776,6325
ENSG00000232814,111154922,111160526,5604
ENSG00000226818,20616860,20618709,1849
ENSG00000230633,32872291,32872849,558
ENSG00000255831,111291555,111292340,785
ENSG00000231620,20673930,20676056,2126
ENSG00000215515,32958797,32960245,1448
ENSG00000225239,111415021,111415480,459
ENSG00000212609,20717465,20717629,164
ENSG00000259831,111462023,111465431,3408
ENSG00000212293,32994527,32994653,126
ENSG00000230198,20966155,20966422,267
ENSG00000270008,32999495,33007091,7596
ENSG00000229152,111547406,111551519,4113
ENSG00000271486,20993009,20993859,850
ENSG00000229336,21112023,21112464,441
ENSG00000229800,33051411,33052978,1567
ENSG00000227105,111589106,111592131,3025
ENSG00000215353,21131673,21132442,769
ENSG00000233480,21265593,21272069,6476
ENSG00000225760,111635654,111642911,7257
ENSG00000233236,21629065,21631133,2068
ENSG00000225870,111748185,111755444,7259
ENSG00000251851,21728060,21728164,104
ENSG00000252963,21728965,21729208,243
ENSG00000235875,111766159,111768025,1866
ENSG00000207325,33337576,33337690,114
ENSG00000233676,21760646,21761157,511
ENSG00000226968,33451569,33485788,34219
ENSG00000233644,111774999,111796611,21612
ENSG00000234439,21797261,21798518,1257
ENSG00000227352,111796652,111797080,428
ENSG00000227604,33528195,33528539,344
ENSG00000233206,21802755,21803074,319
ENSG00000221677,33615489,33615580,91
ENSG00000215881,112248356,112294426,46070
ENSG00000230300,33732724,33738546,5822
ENSG00000261258,39968962,39979465,10503
ENSG00000226903,112554299,112555490,1191
ENSG00000224924,22114908,22175534,60626
ENSG00000264989,112563079,112563148,69
ENSG00000200072,112706392,112706452,60
ENSG00000260385,112737863,112739785,1922
ENSG00000229520,112760409,112761196,787
ENSG00000215351,22200445,22200940,495
ENSG00000224243,112761433,112762329,896
ENSG00000226771,22595616,22599150,3534
ENSG00000260102,112851664,112855314,3650
ENSG00000221210,22770068,22770146,78
ENSG00000234730,22939084,22987758,48674
ENSG00000260343,112967781,112976072,8291
ENSG00000198434,23006773,23007049,276
ENSG00000223626,112976881,112985539,8658
ENSG00000237527,23027359,23058649,31290
ENSG00000264726,113372159,113372228,69
ENSG00000232684,113399763,113409007,9244
ENSG00000238265,23095613,23109639,14026
ENSG00000234603,113539551,113539994,443
ENSG00000236581,33845516,33855471,9955
ENSG00000267868,113619149,113620445,1296
ENSG00000188403,20169919,20170354,435
ENSG00000235280,113621798,113623138,1340
ENSG00000269356,113663092,113663738,646
ENSG00000233997,23119293,23169735,50442
ENSG00000269376,113663985,113664633,648
ENSG00000231882,113782469,113783194,725
ENSG00000230371,113784730,113786368,1638
ENSG00000259490,20192909,20193370,461
ENSG00000269125,113819316,113819497,181
ENSG00000227075,23305635,23348000,42365
ENSG00000232662,113930931,113932049,1118
ENSG00000270961,20209093,20209115,22
ENSG00000225083,114005988,114016183,10195
ENSG00000233215,23381263,23470778,89515
ENSG00000233613,114123216,114130450,7234
ENSG00000271317,20210050,20210068,18
ENSG00000202347,114133230,114133393,163
ENSG00000227208,114451484,114454062,2578
ENSG00000270783,20211158,20211188,30
ENSG00000233695,114518603,114542321,23718
ENSG00000271197,20213655,20213685,30
ENSG00000272695,114567141,114569806,2665
ENSG00000184856,23470936,23488847,17911
ENSG00000227911,33907816,33909414,1598
ENSG00000237699,114580581,114582349,1768
ENSG00000271336,20216406,20216422,16
ENSG00000264288,33911020,33911109,89
ENSG00000265259,21852889,21853170,281
ENSG00000260753,39981433,39992515,11082
ENSG00000234340,23507018,23508403,1385
ENSG00000230490,33929343,34250905,321562
ENSG00000212051,21901650,21901699,49
ENSG00000226921,114581673,114586624,4951
ENSG00000264365,21944751,21947948,3197
ENSG00000273321,21982117,21982678,561
ENSG00000234535,34185104,34185659,555
ENSG00000232986,34231573,34234065,2492
ENSG00000199636,22009469,22009573,104
ENSG00000265094,22015328,22019602,4274
ENSG00000252397,34403676,34403786,110
ENSG00000263663,34486129,34486218,89
ENSG00000227254,34656566,34657447,881
ENSG00000229373,114586640,114626485,39845
ENSG00000199196,34674848,34674975,127
ENSG00000215405,20737094,20747114,10020
ENSG00000271850,34922180,35188307,266127
ENSG00000225179,35009587,35214822,205235
ENSG00000231136,23526270,23526619,349
ENSG00000260910,114629487,114631817,2330
ENSG00000271901,35120066,35245319,125253
ENSG00000202339,23577511,23577651,140
ENSG00000232487,114873044,114874295,1251
ENSG00000226043,23582258,23793139,210881
ENSG00000231910,35148341,35148803,462
ENSG00000264539,115009980,115010036,56
ENSG00000261728,35499971,35502213,2242
ENSG00000223488,23808610,23810669,2059
ENSG00000265450,115039303,115039383,80
ENSG00000232795,35759431,35760816,1385
ENSG00000226158,115072121,115072541,420
ENSG00000234835,35825207,35825966,759
ENSG00000229723,115095034,115099423,4389
ENSG00000268343,21004687,21005367,680
ENSG00000221519,36068551,36068674,123
ENSG00000236036,36271661,36273393,1732
ENSG00000207203,36841305,36841411,106
ENSG00000169861,10862622,10863067,445
ENSG00000266047,36929928,36930015,87
ENSG00000223383,37064215,37064578,363
ENSG00000222602,37302739,37302829,90
ENSG00000235306,37314178,37315000,822
ENSG00000223543,37316015,37316602,587
ENSG00000215486,37363469,37369187,5718
ENSG00000261631,39991937,40004636,12699
ENSG00000230031,21040701,21071643,30942
ENSG00000271337,37378335,37379439,1104
ENSG00000236711,37423503,37424183,680
ENSG00000228825,37496676,37497045,369
ENSG00000232378,37500575,37501356,781
ENSG00000226161,37512537,37513631,1094
ENSG00000221100,37608814,37608929,115
ENSG00000202395,37740489,37740795,306
ENSG00000230283,37794997,37795383,386
ENSG00000234034,23872924,23892377,19453
ENSG00000230390,38055604,38058906,3302
ENSG00000263796,24052992,24053286,294
ENSG00000199276,38428989,38429107,118
ENSG00000225906,24254903,24256321,1418
ENSG00000228036,38567222,38568857,1635
ENSG00000230972,24437813,24503528,65715
ENSG00000259896,40009797,40021683,11886
ENSG00000223685,38624954,38717369,92415
ENSG00000219368,24462350,24464153,1803
ENSG00000236354,39107480,39119436,11956
ENSG00000231058,24473545,24475396,1851
ENSG00000229437,39150777,39153131,2354
ENSG00000223078,24654058,24654231,173
ENSG00000234701,39191556,39192077,521
ENSG00000228592,24733426,24757182,23756
ENSG00000252795,39353561,39353653,92
ENSG00000212049,39364781,39364891,110
ENSG00000270824,21215823,21215845,22
ENSG00000225350,39395935,39401707,5772
ENSG00000225221,39476524,39476787,263
ENSG00000270451,21216780,21216798,18
ENSG00000235550,39496864,39510336,13472
ENSG00000223822,24762579,24763317,738
ENSG00000271255,21217888,21217918,30
ENSG00000214823,39743773,39744088,315
ENSG00000271305,21220377,21220407,30
ENSG00000238408,40021252,40021353,101
ENSG00000216014,40226715,40226806,91
ENSG00000264171,40238171,40238272,101
ENSG00000237569,24779978,24781448,1470
ENSG00000200526,40359552,40359647,95
ENSG00000224351,40391878,40392186,308
ENSG00000138593,49280673,49338760,58087
ENSG00000270444,40430847,40431231,384
ENSG00000212553,40431272,40431364,92
ENSG00000270185,21223129,21223145,16
ENSG00000230710,40755946,40763165,7219
ENSG00000271429,40798762,40798999,237
ENSG00000207458,40800964,40801069,105
ENSG00000268531,22011370,22012050,680
ENSG00000230058,40918094,40924440,6346
ENSG00000252812,40981259,40981577,318
ENSG00000215483,41025131,41055143,30012
ENSG00000229456,41192875,41195485,2610
ENSG00000211491,41301964,41302011,47
ENSG00000207652,41384902,41384997,95
ENSG00000168852,41396432,41495890,99458
ENSG00000233917,22051853,22083227,31374
ENSG00000166157,10906201,11029719,123518
ENSG00000260245,40023160,40075239,52079
ENSG00000176268,41437735,41438038,303
ENSG00000239827,41482295,41495910,13615
ENSG00000229473,41566915,41567467,552
ENSG00000264226,41675155,41675236,81
ENSG00000199698,24804501,24804602,101
ENSG00000244264,41696012,41696305,293
ENSG00000227716,24849960,24863043,13083
ENSG00000215482,41744836,41745284,448
ENSG00000231986,25261114,25262857,1743
ENSG00000238651,41754117,41754223,106
ENSG00000225133,41773968,41774943,975
ENSG00000235564,25333220,25339588,6368
ENSG00000231404,41861877,41862456,579
ENSG00000226996,25415572,25422601,7029
ENSG00000264695,22069339,22071044,1705
ENSG00000223280,41928693,41928795,102
ENSG00000224018,25527484,25560655,33171
ENSG00000266489,22096847,22097970,1123
ENSG00000214222,41958909,41959319,410
ENSG00000224832,25676863,25693690,16827
ENSG00000266181,22102237,22102883,646
ENSG00000205240,42005425,42006446,1021
ENSG00000237484,25801054,25920256,119202
ENSG00000265485,22208146,22242162,34016
ENSG00000234655,42013952,42015035,1083
ENSG00000263553,22253127,22254312,1185
ENSG00000266520,22265736,22266315,579
ENSG00000215480,42016906,42017786,880
ENSG00000266809,22269878,22270125,247
ENSG00000263907,42019427,42019503,76
ENSG00000266573,22305745,22509040,203295
ENSG00000263928,42020193,42020261,68
ENSG00000264042,42024148,42024235,87
ENSG00000264190,42142422,42142531,109
ENSG00000241406,42381813,42382108,295
ENSG00000206962,42479254,42479360,106
ENSG00000264345,22513451,22567646,54195
ENSG00000229696,42499734,42501485,1751
ENSG00000229248,22596398,22597168,770
ENSG00000226093,42577566,42577773,207
ENSG00000231530,42617863,42618383,520
ENSG00000265552,22635564,22636724,1160
ENSG00000237263,42643068,42645229,2161
ENSG00000264434,22882090,22882920,830
ENSG00000265679,42747126,42747223,97
ENSG00000242216,23398200,23398496,296
ENSG00000270809,42755601,42756057,456
ENSG00000264193,23533180,23533432,252
ENSG00000234213,42830009,42830711,702
ENSG00000243925,23678803,23679190,387
ENSG00000260703,40086887,40121903,35016
ENSG00000233259,42943374,42943793,419
ENSG00000188985,23749724,23751313,1589
ENSG00000271216,43384502,43386698,2196
ENSG00000229546,43416550,43417023,473
ENSG00000266227,23784833,23785868,1035
ENSG00000238025,43507994,43509028,1034
ENSG00000256715,14741931,14745386,3455
ENSG00000263829,23835662,23836319,657
ENSG00000229928,43732767,43733602,835
ENSG00000232540,43968661,43968961,300
ENSG00000266237,23845973,23847373,1400
ENSG00000238189,44032601,44033259,658
ENSG00000252921,23879079,23879219,140
ENSG00000233821,44118054,44122192,4138
ENSG00000264911,23928311,23928968,657
ENSG00000270522,44361727,44361988,261
ENSG00000207160,23946265,23946370,105
ENSG00000263862,24002959,24006065,3106
ENSG00000166351,14982498,15013906,31408
ENSG00000252846,24166678,24166762,84
ENSG00000233725,44482850,44604597,121747
ENSG00000263846,24179372,24180302,930
ENSG00000260283,40122993,40131428,8435
ENSG00000269011,15051621,15053459,1838
ENSG00000260372,24235706,24770662,534956
ENSG00000179611,44542560,44545335,2775
ENSG00000168675,13217497,13652754,435257
ENSG00000226519,44680514,44711372,30858
ENSG00000227258,44716682,44813010,96328
ENSG00000265369,24267585,24283602,16017
ENSG00000235285,44720606,44732358,11752
ENSG00000263677,24268075,24269632,1557
ENSG00000230731,44808254,44817328,9074
ENSG00000263382,24402777,24403943,1166
ENSG00000237361,44974386,44980120,5734
ENSG00000266184,24411484,24412396,912
ENSG00000266549,24532165,24532522,357
ENSG00000225727,45011343,45026963,15620
ENSG00000265374,24805706,24827152,21446
ENSG00000262684,40132691,40173905,41214
ENSG00000230793,45168994,45170218,1224
ENSG00000188992,15481134,15583166,102032
ENSG00000238932,45202705,45202809,104
ENSG00000237585,45225948,45275152,49204
ENSG00000235097,45373639,45383766,10127
ENSG00000223732,45556212,45657260,101048
ENSG00000265802,45576285,45576580,295
ENSG00000223341,45634864,45635221,357
ENSG00000271818,45697228,45697549,321
ENSG00000252055,45711997,45712100,103
ENSG00000270381,45837825,45838050,225
ENSG00000221163,45874149,45874235,86
ENSG00000253051,45910449,45910582,133
ENSG00000199477,45911615,45911744,129
ENSG00000273149,45914174,45915318,1144
ENSG00000185272,15588451,15600693,12242
ENSG00000182974,22368478,22369561,1083
ENSG00000226983,26212864,26430059,217195
ENSG00000260770,40173272,40181893,8621
ENSG00000183706,22382382,22383507,1125
ENSG00000170919,45915480,45965872,50392
ENSG00000227090,26258990,26275070,16080
ENSG00000230379,26310745,26365129,54384
ENSG00000270505,22448382,22448819,437
ENSG00000269182,22456895,22460351,3456
ENSG00000259261,22472918,22473353,435
ENSG00000237444,26403318,26403842,524
ENSG00000244278,26427848,26442219,14371
ENSG00000155304,15743436,15755805,12369
ENSG00000260320,40181828,40219330,37502
ENSG00000228886,45924458,45925485,1027
ENSG00000214455,45964486,45965402,916
ENSG00000251015,45992297,45994506,2209
ENSG00000229303,46010256,46010795,539
ENSG00000200709,46125620,46125738,118
ENSG00000197414,22736246,22746002,9756
ENSG00000232786,46126998,46127271,273
ENSG00000228869,46245980,46246526,546
ENSG00000235366,46255225,46256554,1329
ENSG00000232512,26467335,26475983,8648
ENSG00000237876,46261683,46262604,921
ENSG00000260178,40257656,40268985,11329
ENSG00000223870,26499782,26507561,7779
ENSG00000235903,46626941,46687467,60526
ENSG00000222042,26541745,26706139,164394
ENSG00000238627,26574521,26574629,108
ENSG00000240767,46743594,46743883,289
ENSG00000238483,46809805,46809908,103
ENSG00000252854,46824077,46824348,271
ENSG00000251106,46844212,46844752,540
ENSG00000261097,46870580,46871979,1399
ENSG00000223336,46948536,46948725,189
ENSG00000252385,46984589,46984692,103
ENSG00000166200,49398268,49447858,49590
ENSG00000155307,15857549,15955723,98174
ENSG00000241353,46917102,47012325,95223
ENSG00000259958,40269360,40277610,8250
ENSG00000243440,15964251,16031142,66891
ENSG00000231817,47029270,47060641,31371
ENSG00000227019,47034744,47035256,512
ENSG00000205105,47064997,47065397,400
ENSG00000260325,40277683,40279604,1921
ENSG00000230243,47079253,47079571,318
ENSG00000224517,47426278,47430434,4156
ENSG00000234590,47881217,47881436,219
ENSG00000244521,48033078,48033369,291
ENSG00000234145,48337595,48338741,1146
ENSG00000229423,48340775,48341220,445
ENSG00000261378,40281228,40311269,30041
ENSG00000228573,48399465,48410091,10626
ENSG00000153575,22833395,22873892,40497
ENSG00000234689,48479464,48481492,2028
ENSG00000260388,48504290,48506757,2467
ENSG00000227848,48575525,48576688,1163
ENSG00000263172,39874406,39874512,106
ENSG00000229111,48651273,48654127,2854
ENSG00000262688,39886381,39886657,276
ENSG00000266571,39993316,39993580,264
ENSG00000224510,48708494,48708670,176
ENSG00000260752,40004770,40007699,2929
ENSG00000231473,48870649,48877797,7148
ENSG00000264151,24916343,25175128,258785
ENSG00000238086,48890999,48894611,3612
ENSG00000177197,48902220,48902700,480
ENSG00000233456,49144775,49147453,2678
ENSG00000180530,16333556,16437321,103765
ENSG00000233610,49151110,49152224,1114
ENSG00000264790,24923216,24926074,2858
ENSG00000222391,49326225,49326292,67
ENSG00000225131,49345264,49345965,701
ENSG00000244329,24935370,24935728,358
ENSG00000265585,49504256,49504348,92
ENSG00000201662,49562051,49562153,102
ENSG00000263611,24977916,24981868,3952
ENSG00000223724,49618215,49620930,2715
ENSG00000265097,24998848,25000399,1551
ENSG00000199788,49669527,49669628,101
ENSG00000235957,49761615,49761806,191
ENSG00000263405,25032478,25033621,1143
ENSG00000231665,49784558,49786430,1872
ENSG00000227279,25534483,25543651,9168
ENSG00000236577,50063106,50063500,394
ENSG00000137824,41028082,41048049,19967
ENSG00000266296,26231696,26233172,1476
ENSG00000176882,50194450,50194784,334
ENSG00000261371,62399863,62491136,91273
ENSG00000265994,26365032,26369224,4192
ENSG00000203547,50243040,50243254,214
ENSG00000271238,26404616,26404790,174
ENSG00000222148,50463770,50463864,94
ENSG00000181358,50464727,50467134,2407
ENSG00000251719,26628584,26628683,99
ENSG00000265730,26675539,26675643,104
ENSG00000200064,50482770,50482866,96
ENSG00000212085,26776406,26776492,86
ENSG00000264526,50526670,50526750,80
ENSG00000264864,50570551,50570637,86
ENSG00000266479,26836782,26837025,243
ENSG00000259458,62929371,62937490,8119
ENSG00000265980,26858474,26941928,83454
ENSG00000221731,27063293,27063388,95
ENSG00000264587,27098224,27128206,29982
ENSG00000266196,28293241,28294252,1011
ENSG00000265670,28534786,28560883,26097
ENSG00000251702,28564072,28564181,109
ENSG00000261521,28638806,28639359,553
ENSG00000231607,50601269,50699856,98587
ENSG00000238376,28652470,28652573,103
ENSG00000238660,26711319,26711413,94
ENSG00000265888,28681551,28742752,61201
ENSG00000213885,26734135,26734745,610
ENSG00000263698,28711419,28712457,1038
ENSG00000185433,26758133,26804013,45880
ENSG00000266729,28923331,29006951,83620
ENSG00000238314,26842421,26842513,92
ENSG00000229962,26887785,26890650,2865
ENSG00000208006,50623109,50623197,88
ENSG00000207019,28925325,28925430,105
ENSG00000214359,50673467,50674004,537
ENSG00000234883,26934221,26947480,13259
ENSG00000207240,28962280,28962393,113
ENSG00000266521,29076608,29077158,550
ENSG00000232150,50746225,50747317,1092
ENSG00000260583,26955082,26955638,556
ENSG00000264859,29122109,29136874,14765
ENSG00000237731,27015801,27016528,727
ENSG00000223676,50935546,50935899,353
ENSG00000227054,27064492,27064866,374
ENSG00000263304,62526397,62546003,19606
ENSG00000252379,29249252,29249341,89
ENSG00000221198,50937284,50937373,89
ENSG00000235514,27135249,27135644,395
ENSG00000229323,51095069,51101585,6516
ENSG00000259985,29265618,29266786,1168
ENSG00000200472,29298856,29299171,315
ENSG00000137880,41056218,41059906,3688
ENSG00000265158,29304161,29306919,2758
ENSG00000233783,27306373,27315001,8628
ENSG00000263772,29306006,29306360,354
ENSG00000237152,51381992,51423190,41198
ENSG00000251972,27315359,27315460,101
ENSG00000263924,29424351,29425141,790
ENSG00000200711,51387124,51387242,118
ENSG00000224541,27530409,27548142,17733
ENSG00000270518,29462583,29462865,282
ENSG00000270879,29464821,29465106,285
ENSG00000273492,27543189,27589700,46511
ENSG00000222320,29517496,29517602,106
ENSG00000233672,51450822,51484848,34026
ENSG00000263823,29522538,29524119,1581
ENSG00000206802,27563026,27563132,106
ENSG00000265273,29542141,29543581,1440
ENSG00000229025,27722099,27722953,854
ENSG00000266105,29546923,29547508,585
ENSG00000232692,27750871,27844017,93146
ENSG00000263917,29598792,29691742,92950
ENSG00000265063,29640868,29640952,84
ENSG00000214917,29655848,29656235,387
ENSG00000265008,29671258,29672082,824
ENSG00000238982,29674467,29674569,102
ENSG00000262917,62555145,62574426,19281
ENSG00000263393,29702363,29704441,2078
ENSG00000199373,29756013,29756131,118
ENSG00000265279,29775989,29776929,940
ENSG00000263904,29825909,29828995,3086
ENSG00000222395,29843098,29843201,103
ENSG00000264982,29867400,29870303,2903
ENSG00000215492,29991471,29993167,1696
ENSG00000260389,30091626,30094597,2971
ENSG00000104129,41060067,41099675,39608
ENSG00000221621,30106105,30106185,80
ENSG00000177150,13663346,13726662,63316
ENSG00000263688,30161491,30162791,1300
ENSG00000123201,51568647,51654998,86351
ENSG00000155313,17102344,17252377,150033
ENSG00000197934,27765954,27941571,175617
ENSG00000273115,27832222,27832533,311
ENSG00000223563,28261695,28312061,50366
ENSG00000266133,28326280,28326362,82
ENSG00000215326,28515663,28516268,605
ENSG00000231236,28731204,28820898,89694
ENSG00000236332,28733483,28768106,34623
ENSG00000222920,51601883,51601988,105
ENSG00000226792,51656984,51746524,89540
ENSG00000214878,51735859,51736493,634
ENSG00000271242,51770017,51770217,200
ENSG00000263077,62576980,62585072,8092
ENSG00000266072,51922703,51922775,72
ENSG00000269965,51935701,51936371,670
ENSG00000270101,51936795,51937579,784
ENSG00000101638,44259081,44339220,80139
ENSG00000236778,52026503,52126500,99997
ENSG00000232560,18811208,18821503,10295
ENSG00000265146,54785613,54785684,71
ENSG00000262931,55043099,55043205,106
ENSG00000224892,52028300,52035451,7151
ENSG00000243900,52043886,52044181,295
ENSG00000229906,52070156,52070387,231
ENSG00000266611,52126725,52126803,78
ENSG00000263046,62584096,62615309,31213
ENSG00000252141,52139548,52139645,97
ENSG00000206920,52160560,52160668,108
ENSG00000242893,52168057,52168351,294
ENSG00000224451,52172552,52173596,1044
ENSG00000231856,52378433,52387356,8923
ENSG00000232872,52482354,52484757,2403
ENSG00000236044,52540878,52541285,407
ENSG00000261138,62385676,62386050,374
ENSG00000217576,52741844,52865692,123848
ENSG00000239823,62467518,62467623,105
ENSG00000265031,62502429,62502530,101
ENSG00000266804,62539910,62540007,97
ENSG00000261387,62568883,62569149,266
ENSG00000265387,62578133,62578199,66
ENSG00000154639,18884700,18965897,81197
ENSG00000265492,62578574,62578673,99
ENSG00000263516,62608135,62608217,82
ENSG00000243406,52741844,52768600,26756
ENSG00000101654,13726659,13764557,37898
ENSG00000261074,139098179,139137687,39508
ENSG00000078043,44388353,44500123,111770
ENSG00000272281,52793479,52908412,114933
ENSG00000156958,49447853,49660066,212213
ENSG00000260220,139173226,139198747,25521
ENSG00000266342,139141817,139143051,1234
ENSG00000154640,18965971,18985265,19294
ENSG00000233300,28739333,28740266,933
ENSG00000271236,41052795,41053072,277
ENSG00000217026,28792699,28793342,643
ENSG00000219592,28864437,28864580,143
ENSG00000234052,29011012,29025810,14798
ENSG00000261183,41128006,41136585,8579
ENSG00000188277,41062159,41064643,2484
ENSG00000249139,44165625,44176065,10440
ENSG00000225298,29094698,29123552,28854
ENSG00000264256,41167511,41167608,97
ENSG00000260587,50712672,51421329,708657
ENSG00000251161,41199009,41201540,2531
ENSG00000234083,29327240,29357614,30374
ENSG00000259405,41240934,41241067,133
ENSG00000178457,29385682,29395552,9870
ENSG00000259617,41291472,41297063,5591
ENSG00000259463,41303795,41305498,1703
ENSG00000232079,29420733,29509930,89197
ENSG00000259521,41309005,41320091,11086
ENSG00000259880,51422478,51426828,4350
ENSG00000259547,41401076,41401376,300
ENSG00000158901,44179792,44207965,28173
ENSG00000140416,63334831,63364114,29283
ENSG00000157021,41455360,41456572,1212
ENSG00000240847,41484165,41484463,298
ENSG00000259956,51428699,51435339,6640
ENSG00000180205,44236578,44259907,23329
ENSG00000154642,19161284,19191703,30419
ENSG00000247556,41576188,41601901,25713
ENSG00000260383,145202919,145316830,113911
ENSG00000243355,30359002,30359249,247
ENSG00000263765,30413417,30518280,104863
ENSG00000263450,30534039,30537962,3923
ENSG00000267642,31132087,31158151,26064
ENSG00000199204,31581662,31581763,101
ENSG00000267746,31802929,31804725,1796
ENSG00000267585,32153951,32154487,536
ENSG00000268873,32317759,32347627,29868
ENSG00000221409,32399910,32399995,85
ENSG00000268573,32860831,32870165,9334
ENSG00000257267,32870246,32890730,20484
ENSG00000239683,32963318,32963989,671
ENSG00000267583,33023833,33047052,23219
ENSG00000266965,33175865,33177563,1698
ENSG00000267397,33296334,33297942,1608
ENSG00000140577,91073157,91188577,115420
ENSG00000267797,33421723,33422581,858
ENSG00000207797,33484781,33484889,108
ENSG00000261236,145317005,145346273,29268
ENSG00000265641,33514051,33514105,54
ENSG00000166140,41099284,41106767,7483
ENSG00000267627,33531766,33546081,14315
ENSG00000260552,33759959,33767411,7452
ENSG00000267404,33853537,33854562,1025
ENSG00000267456,33858698,33859082,384
ENSG00000101138,54967427,54979518,12091
ENSG00000252078,34222576,34222647,71
ENSG00000267039,34481909,34503777,21868
ENSG00000267651,34814082,34816205,2123
ENSG00000154645,19273580,19639690,366110
ENSG00000260623,51433298,51537425,104127
ENSG00000267707,34823739,34827179,3440
ENSG00000267202,34853669,34856535,2866
ENSG00000266530,35237098,35237178,80
ENSG00000243516,35252652,35253139,487
ENSG00000268566,36235173,36267962,32789
ENSG00000222704,36596011,36596308,297
ENSG00000253038,36613971,36614074,103
ENSG00000271564,52908430,52916031,7601
ENSG00000260428,145321463,145323384,1921
ENSG00000267374,36786888,37380282,593394
ENSG00000199605,52974139,52974234,95
ENSG00000235660,53058296,53058815,519
ENSG00000180305,44258165,44259835,1670
ENSG00000175886,36914836,36915639,803
ENSG00000244471,53063128,53073440,10312
ENSG00000259396,41635278,41636423,1145
ENSG00000266148,37256685,37256743,58
ENSG00000200407,41740940,41741042,102
ENSG00000068793,22892005,23006016,114011
ENSG00000259838,41849225,41849633,408
ENSG00000212354,37258484,37258586,102
ENSG00000267413,37421138,37504804,83666
ENSG00000180083,44277202,44298909,21707
ENSG00000198384,53063128,53161222,98094
ENSG00000260926,41901664,41904925,3261
ENSG00000261715,37646250,37679197,32947
ENSG00000207766,41983783,41983876,93
ENSG00000267664,37723890,37724468,578
ENSG00000270702,42010568,42010870,302
ENSG00000238333,38052785,38052846,61
ENSG00000260814,42062954,42064930,1976
ENSG00000250379,42117297,42120134,2837
ENSG00000182931,44313292,44333658,20366
ENSG00000265557,21878,21950,72
ENSG00000267313,39047395,39212149,164754
ENSG00000154646,19641433,19858197,216764
ENSG00000200293,42144111,42144227,116
ENSG00000264850,42158693,42158749,56
ENSG00000259792,78285747,78287631,1884
ENSG00000174171,42184991,42190773,5782
ENSG00000168634,44330655,44337456,6801
ENSG00000221476,78330873,78330937,64
ENSG00000199633,78383514,78383639,125
ENSG00000267652,39369127,39369360,233
ENSG00000272003,42188137,42189031,894
ENSG00000225253,39399018,39399386,368
ENSG00000260988,78433585,78435515,1930
ENSG00000259883,42213615,42221081,7466
ENSG00000149651,44350990,44354469,3479
ENSG00000267088,39669276,39669716,440
ENSG00000246740,42264961,42291292,26331
ENSG00000259708,78542844,78556498,13654
ENSG00000257797,42298330,42302315,3985
ENSG00000272418,78573292,78574532,1240
ENSG00000259562,78582869,78583563,694
ENSG00000261132,145346494,145369625,23131
ENSG00000259322,78585628,78588391,2763
ENSG00000259413,78674915,78675497,582
ENSG00000259474,78772399,78774162,1763
ENSG00000261762,78881465,78883618,2153
ENSG00000267586,39739247,40271387,532140
ENSG00000259555,78918237,78920535,2298
ENSG00000261443,51579011,51701025,122014
ENSG00000101365,2639041,2644865,5824
ENSG00000250299,53191693,53211581,19888
ENSG00000261303,78952986,79027837,74851
ENSG00000167216,44497455,44627658,130203
ENSG00000124116,44376583,44420571,43988
ENSG00000211579,53384179,53384274,95
ENSG00000150276,53394632,53395153,521
ENSG00000237092,53720674,53725943,5269
ENSG00000225510,53774116,53776547,2431
ENSG00000087589,54987168,55034396,47228
ENSG00000241613,53832212,53832505,293
ENSG00000220990,53941980,53942091,111
ENSG00000213307,78953389,78953918,529
ENSG00000261517,54389554,54450254,60700
ENSG00000238166,79044449,79045715,1266
ENSG00000234787,54689924,54707001,17077
ENSG00000243711,79155589,79156071,482
ENSG00000236532,29488413,29600986,112573
ENSG00000271652,54690611,54690986,375
ENSG00000252061,79191182,79191278,96
ENSG00000207712,42491768,42491864,96
ENSG00000177699,79271231,79278268,7037
ENSG00000136149,55014839,55015450,611
ENSG00000261002,42500611,42519188,18577
ENSG00000154654,22370633,22915650,545017
ENSG00000239022,79406635,79406701,66
ENSG00000266699,55380002,55380092,90
ENSG00000232855,29811667,30047170,235503
ENSG00000260571,42605885,42606584,699
ENSG00000264387,55748589,55748683,94
ENSG00000228611,56573334,56574582,1248
ENSG00000228319,56788507,56791076,2569
ENSG00000226935,29911640,29912677,1037
ENSG00000238455,57133758,57133859,101
ENSG00000259234,79484049,79576287,92238
ENSG00000201665,57459418,57459736,318
ENSG00000271140,57747587,57747766,179
ENSG00000251894,30115530,30115613,83
ENSG00000230009,57778513,57778933,420
ENSG00000215005,30259602,30261594,1992
ENSG00000166143,41107650,41120907,13257
ENSG00000234421,57888873,57890043,1170
ENSG00000215317,30274101,30276019,1918
ENSG00000176054,30369934,30370354,420
ENSG00000207695,79502130,79502213,83
ENSG00000258461,42640301,42704515,64214
ENSG00000273254,30396576,30397211,635
ENSG00000259419,79528674,79529548,874
ENSG00000225352,57965305,57965652,347
ENSG00000231125,30430394,30432416,2022
ENSG00000202422,58565484,58565598,114
ENSG00000266543,79631072,79631156,84
ENSG00000232954,58785831,58807251,21420
ENSG00000232687,30500022,30500509,487
ENSG00000261712,79705700,79706228,528
ENSG00000201984,30511604,30511705,101
ENSG00000222733,59101789,59101885,96
ENSG00000212479,30552747,30552960,213
ENSG00000214335,59102749,59105160,2411
ENSG00000259493,79851598,79852646,1048
ENSG00000224649,30554348,30560116,5768
ENSG00000261698,145371194,145381813,10619
ENSG00000223717,59325181,59326367,1186
ENSG00000259208,79960684,79961158,474
ENSG00000214281,59584466,59584738,272
ENSG00000166262,49619159,49913128,293969
ENSG00000232647,59645596,59645937,341
ENSG00000215533,30565801,30660526,94725
ENSG00000260674,80035653,80035810,157
ENSG00000271190,59836814,59837525,711
ENSG00000239003,60054204,60054266,62
ENSG00000213527,80044031,80044391,360
ENSG00000227528,60586885,60618491,31606
ENSG00000265745,60608601,60608896,295
ENSG00000223815,60718832,60727639,8807
ENSG00000176136,13824154,13826861,2707
ENSG00000226332,60880488,60881381,893
ENSG00000202151,60761872,60761964,92
ENSG00000227336,60788486,60789080,594
ENSG00000265329,60907543,60907613,70
ENSG00000238213,60848910,60850140,1230
ENSG00000212054,61026838,61026919,81
ENSG00000228812,60928051,60931536,3485
ENSG00000223076,61187742,61187868,126
ENSG00000236608,61211022,61212231,1209
ENSG00000229207,34318405,34319653,1248
ENSG00000225249,61259333,61268662,9329
ENSG00000185231,13882043,13915706,33663
ENSG00000207032,34389941,34390049,108
ENSG00000233017,61004604,61006568,1964
ENSG00000251697,34478620,34478903,283
ENSG00000206854,61363694,61363795,101
ENSG00000272050,61052926,61053650,724
ENSG00000230729,34521525,34524239,2714
ENSG00000103642,63413999,63434260,20261
ENSG00000253018,61390831,61390923,92
ENSG00000260542,61088965,61091152,2187
ENSG00000227510,61491176,61494141,2965
ENSG00000232983,34546522,34546994,472
ENSG00000266663,61773932,61774014,82
ENSG00000236056,30594642,30595578,936
ENSG00000212007,62334417,62334509,92
ENSG00000234033,62379283,62379809,526
ENSG00000174403,61141550,61148733,7183
ENSG00000237159,34568013,34582827,14814
ENSG00000248476,30723955,30734215,10260
ENSG00000270856,62501223,62501405,182
ENSG00000229578,62578226,62603681,25455
ENSG00000197299,91260558,91358859,98301
ENSG00000273017,30731323,30731774,451
ENSG00000199017,61151510,61151586,76
ENSG00000230142,62798230,62824080,25850
ENSG00000261215,34661900,34666026,4126
ENSG00000207764,61162119,61162220,101
ENSG00000230074,34665662,34681295,15633
ENSG00000226094,61169878,61170591,713
ENSG00000227611,62895438,62896531,1093
ENSG00000253040,39850554,39850680,126
ENSG00000202250,41412124,41412230,106
ENSG00000229307,62897790,62902966,5176
ENSG00000264490,61172797,61174714,1917
ENSG00000267716,41619436,41620105,669
ENSG00000154719,26957968,26979829,21861
ENSG00000257198,34832292,34838583,6291
ENSG00000232105,62902121,62902517,396
ENSG00000202060,41651548,41651666,118
ENSG00000232121,61265033,61266856,1823
ENSG00000267573,41900765,41902222,1457
ENSG00000229882,61265124,61267214,2090
ENSG00000261678,145387965,145391184,3219
ENSG00000271465,62980191,62981049,858
ENSG00000267337,41903401,42111662,208261
ENSG00000228669,63246418,63306492,60074
ENSG00000232803,61294371,61298076,3705
ENSG00000267414,42256892,42259682,2790
ENSG00000227564,63757234,63801189,43955
ENSG00000187791,34889061,34895775,6714
ENSG00000265957,42550047,42550131,84
ENSG00000175322,14057456,14132489,75033
ENSG00000231061,64241814,64312151,70337
ENSG00000267101,42710530,42761312,50782
ENSG00000237687,61326376,61331832,5456
ENSG00000215430,64316498,64316945,447
ENSG00000223669,61363918,61366699,2781
ENSG00000237378,64322132,64325213,3081
ENSG00000101160,57570240,57582302,12062
ENSG00000228705,61405480,61406764,1284
ENSG00000267097,43003729,43063183,59454
ENSG00000178723,34917172,34918293,1121
ENSG00000202478,64357934,64358037,103
ENSG00000229873,61431979,61436939,4960
ENSG00000261587,145407122,145410512,3390
ENSG00000022277,55043647,55093943,50296
ENSG00000213232,64385147,64385741,594
ENSG00000215199,34922181,34922918,737
ENSG00000233838,61476490,61477543,1053
ENSG00000233148,35010700,35011282,582
ENSG00000241568,35049268,35049558,290
ENSG00000219926,64402973,64418258,15285
ENSG00000266988,43063310,43109820,46510
ENSG00000236527,61503602,61504428,826
ENSG00000234181,35096375,35098138,1763
ENSG00000232118,30742340,30743547,1207
ENSG00000215198,35147407,35149181,1774
ENSG00000215432,64411166,64411589,423
ENSG00000228817,30742944,30746029,3085
ENSG00000267354,43087167,43130148,42981
ENSG00000272259,61640735,61716423,75688
ENSG00000272299,64411428,64412164,736
ENSG00000259229,80050891,80051104,213
ENSG00000266968,43226118,43227895,1777
ENSG00000239171,30761707,30761810,103
ENSG00000237849,64549584,64550555,971
ENSG00000234293,30868367,30872706,4339
ENSG00000252995,80109691,80109792,101
ENSG00000267193,43249332,43327180,77848
ENSG00000166145,41136216,41150405,14189
ENSG00000227674,64560504,64650144,89640
ENSG00000273464,31029726,31030151,425
ENSG00000259548,80124808,80125896,1088
ENSG00000125514,61665569,61668380,2811
ENSG00000261229,80135889,80136646,757
ENSG00000267558,43368495,43368632,137
ENSG00000214269,65532229,65533528,1299
ENSG00000222179,43569619,43569911,292
ENSG00000174680,31120494,31136321,15827
ENSG00000259770,80236840,80237920,1080
ENSG00000237119,61669363,61685215,15852
ENSG00000267293,43608272,43609795,1523
ENSG00000252034,43656970,43657065,95
ENSG00000271364,80276493,80278066,1573
ENSG00000214266,65883987,65885085,1098
ENSG00000251939,43701581,43701687,106
ENSG00000231133,61726845,61733671,6826
ENSG00000240983,44302938,44303186,248
ENSG00000180725,80282247,80282948,701
ENSG00000179766,35406752,35483026,76274
ENSG00000259981,31462035,31470154,8119
ENSG00000251881,80434400,80434469,69
ENSG00000270112,44336450,44340307,3857
ENSG00000227342,31581469,31584101,2632
ENSG00000236565,66362064,66362896,832
ENSG00000225978,61733483,61735738,2255
ENSG00000259967,80458265,80459322,1057
ENSG00000221685,66438305,66438398,93
ENSG00000225267,31635698,31636199,501
ENSG00000267167,44383187,44383857,670
ENSG00000259417,80487826,80544555,56729
ENSG00000234767,66440306,66452351,12045
ENSG00000260416,61758847,61760811,1964
ENSG00000267587,44432595,44433845,1250
ENSG00000263581,66540462,66540561,99
ENSG00000231977,61798149,61812255,14106
ENSG00000263561,66792382,66792456,74
ENSG00000266957,44603732,44617651,13919
ENSG00000207598,61809852,61809938,86
ENSG00000235737,66843129,66844590,1461
ENSG00000267724,44632317,44634433,2116
ENSG00000088881,2673524,2740753,67229
ENSG00000266463,61870131,61870194,63
ENSG00000259361,80555410,80634147,78737
ENSG00000234527,66878003,66897693,19690
ENSG00000266104,61918160,61918218,58
ENSG00000238500,67204847,67204908,61
ENSG00000222439,61968691,61968801,110
ENSG00000228842,67399301,67489163,89862
ENSG00000203900,61991340,62002529,11189
ENSG00000244213,35449745,35450349,604
ENSG00000225263,67551564,67559908,8344
ENSG00000235619,35507561,35507870,309
ENSG00000233840,67565018,67576139,11121
ENSG00000227852,35592783,35592948,165
ENSG00000226390,62079404,62080682,1278
ENSG00000214263,67840977,67841838,861
ENSG00000263892,35608091,35608156,65
ENSG00000201077,42719789,42719895,106
ENSG00000230226,62133640,62136464,2824
ENSG00000231393,35642511,35643514,1003
ENSG00000230040,67946519,67954108,7589
ENSG00000261684,42824065,42825038,973
ENSG00000101162,57594309,57601709,7400
ENSG00000227933,35646267,35647096,829
ENSG00000271287,68364539,68364926,387
ENSG00000232442,62258580,62260177,1597
ENSG00000261822,42859229,42862192,2963
ENSG00000269900,35657748,35658015,267
ENSG00000227969,68406008,68406959,951
ENSG00000140285,49715293,49780972,65679
ENSG00000231667,68476487,68477374,887
ENSG00000260490,42864125,42864631,506
ENSG00000243136,35671773,35672039,266
ENSG00000229299,62376042,62377311,1269
ENSG00000228843,35756709,35757937,1228
ENSG00000226537,68485219,68486080,861
ENSG00000260282,42873354,42873686,332
ENSG00000183206,14507338,14543584,36246
ENSG00000258010,80726136,80737493,11357
ENSG00000231208,62439429,62447874,8445
ENSG00000227388,35772160,35790429,18269
ENSG00000234765,68863811,68865412,1601
ENSG00000199805,62540308,62540472,164
ENSG00000239025,43000890,43000990,100
ENSG00000216141,62550834,62550950,116
ENSG00000263448,35811473,35811547,74
ENSG00000246283,43031316,43035400,4084
ENSG00000259175,80846950,80855285,8335
ENSG00000229910,68875737,68877434,1697
ENSG00000216195,62551085,62551201,116
ENSG00000236083,35859059,35859980,921
ENSG00000101457,44420576,44440066,19490
ENSG00000215946,62551365,62551481,116
ENSG00000260799,43093166,43094603,1437
ENSG00000233659,35874807,35875191,384
ENSG00000266996,44542731,44544607,1876
ENSG00000236433,68905470,68905745,275
ENSG00000272045,62572818,62572897,79
ENSG00000254793,43231508,43232556,1048
ENSG00000154721,27011584,27089874,78290
ENSG00000235387,35909480,35911683,2203
ENSG00000207554,62573984,62574079,95
ENSG00000230405,69208322,69208618,296
ENSG00000205871,43407897,43408691,794
ENSG00000211588,10342736,10342878,142
ENSG00000231518,35930009,35937148,7139
ENSG00000230750,10366427,10368454,2027
ENSG00000229824,69228704,69229182,478
ENSG00000260928,43423206,43423884,678
ENSG00000261042,145409038,145416175,7137
ENSG00000196421,62665697,62671315,5618
ENSG00000225639,35943207,35943931,724
ENSG00000267800,44663389,44663661,272
ENSG00000124172,57600522,57607437,6915
ENSG00000234298,44548658,44550534,1876
ENSG00000243671,69267938,69268213,275
ENSG00000235036,10593509,10594877,1368
ENSG00000261687,43476277,43477339,1062
ENSG00000201825,44760813,44760919,106
ENSG00000232380,69559190,69560196,1006
ENSG00000270408,10625847,10627014,1167
ENSG00000202211,43539878,43539979,101
ENSG00000213866,35971341,35972315,974
ENSG00000267761,44812096,45120914,308818
ENSG00000225501,69675964,69676188,224
ENSG00000261679,43560102,43560586,484
ENSG00000185088,63418071,63450220,32149
ENSG00000237371,62688156,62688437,281
ENSG00000237534,69796478,69866286,69808
ENSG00000270792,10653576,10975572,321996
ENSG00000260406,43594294,43594970,676
ENSG00000179443,35991333,35992282,949
ENSG00000232852,62921540,62924351,2811
ENSG00000235221,69885465,69896233,10768
ENSG00000243871,43683633,43683925,292
ENSG00000266582,44906867,44906936,69
ENSG00000183791,44554573,44556449,1876
ENSG00000222398,43894741,43894846,105
ENSG00000224640,69982348,69982867,519
ENSG00000238535,43905880,43905983,103
ENSG00000261307,45027543,45084754,57211
ENSG00000273463,36002993,36003660,667
ENSG00000224961,10733738,10734614,876
ENSG00000206991,43929830,43929936,106
ENSG00000149656,62921738,62944485,22747
ENSG00000228307,36013181,36014130,949
ENSG00000224677,43941321,43941478,157
ENSG00000207495,70377072,70377173,101
ENSG00000267156,45156483,45157219,736
ENSG00000234900,10733926,10745934,12008
ENSG00000270919,80872370,80872907,537
ENSG00000232314,70468233,70469217,984
ENSG00000267187,45229546,45230116,570
ENSG00000236110,36021689,36022110,421
ENSG00000232900,10855981,10889920,33939
ENSG00000266542,80873444,80873580,136
ENSG00000222139,80956113,80956219,106
ENSG00000267541,45379604,45379828,224
ENSG00000222760,36267780,36267919,139
ENSG00000271983,80985557,80986048,491
ENSG00000230223,70681345,70713561,32216
ENSG00000217809,10869230,10869736,506
ENSG00000269365,45404666,45408815,4149
ENSG00000215283,36303496,36304921,1425
ENSG00000208003,81134319,81134414,95
ENSG00000206181,44558943,44561988,3045
ENSG00000270777,10981952,10982411,459
ENSG00000206944,45696155,45696261,106
ENSG00000202433,71033596,71033702,106
ENSG00000250973,31728833,31729203,370
ENSG00000266255,36823536,36823596,60
ENSG00000253033,45918962,45919021,59
ENSG00000226554,71497796,71498587,791
ENSG00000259546,81188531,81241208,52677
ENSG00000265007,31747612,31747696,84
ENSG00000170122,116237,118417,2180
ENSG00000258885,36856552,36861372,4820
ENSG00000200872,46001858,46001971,113
ENSG00000230990,11214818,11282173,67355
ENSG00000226846,71589273,71742549,153276
ENSG00000266984,46004932,46005599,667
ENSG00000233640,31808784,31809282,498
ENSG00000264922,36864251,36864305,54
ENSG00000260619,81283145,81285599,2454
ENSG00000266276,46196971,46197039,68
ENSG00000265368,36893459,36893528,69
ENSG00000225801,71870342,71871367,1025
ENSG00000237841,31882625,31882815,190
ENSG00000249839,43955852,43976537,20685
ENSG00000265855,81289758,81289814,56
ENSG00000235544,11326031,11326503,472
ENSG00000250850,37002694,37008037,5343
ENSG00000267762,46199946,46214790,14844
ENSG00000236534,72249199,72249601,402
ENSG00000235312,31886931,31887117,186
ENSG00000259461,81409976,81410681,705
ENSG00000125385,37046832,37047234,402
ENSG00000271397,11589084,11589696,612
ENSG00000218125,31898864,31899019,155
ENSG00000237816,72278313,72278787,474
ENSG00000271725,81595556,81601732,6176
ENSG00000236612,31909597,31909700,103
ENSG00000237256,11601699,11602125,426
ENSG00000232920,37073528,37075789,2261
ENSG00000256818,31964786,31965076,290
ENSG00000260100,37078810,37079773,963
ENSG00000233460,72420113,72420449,336
ENSG00000261411,11665792,11667971,2179
ENSG00000259343,81616718,81654378,37660
ENSG00000228422,11781111,11851363,70252
ENSG00000236400,32114098,32114913,815
ENSG00000232881,72487842,72488316,474
ENSG00000238257,32135000,32135200,200
ENSG00000256874,11790813,11791095,282
ENSG00000233036,32174560,32174745,185
ENSG00000200037,72552226,72552344,118
ENSG00000222281,11799469,11799739,270
ENSG00000233137,37079893,37090398,10505
ENSG00000227840,32179250,32179437,187
ENSG00000212377,73028040,73028105,65
ENSG00000271298,11819003,11819222,219
ENSG00000166128,63481668,63559981,78313
ENSG00000227952,73034270,73034467,197
ENSG00000184586,32201357,32202078,721
ENSG00000236526,11890052,11899325,9273
ENSG00000251715,73034657,73034739,82
ENSG00000256386,32201362,32202051,689
ENSG00000235292,12224543,12224944,401
ENSG00000199282,73160818,73160948,130
ENSG00000230437,12286261,12297133,10872
ENSG00000226617,73277831,73278276,445
ENSG00000228941,32432919,32435487,2568
ENSG00000237306,94789780,94790106,326
ENSG00000235698,12360704,12361903,1199
ENSG00000206922,73280155,73280261,106
ENSG00000175063,44441215,44445596,4381
ENSG00000232179,94871140,94871271,131
ENSG00000233048,12845850,12933167,87317
ENSG00000233242,37112545,37115487,2942
ENSG00000220981,73425226,73425307,81
ENSG00000237325,32824779,32825536,757
ENSG00000228069,94871295,94872377,1082
ENSG00000199381,73455246,73455352,106
ENSG00000200502,37160134,37160234,100
ENSG00000237594,32931558,32932800,1242
ENSG00000232041,73610539,73610986,447
ENSG00000269931,12915525,12916431,906
ENSG00000228292,37205109,37205365,256
ENSG00000230870,32999440,33000913,1473
ENSG00000216070,37296020,37296101,81
ENSG00000124091,55066548,55100981,34433
ENSG00000234265,12930986,12932275,1289
ENSG00000236972,73674713,73675123,410
ENSG00000101166,57608200,57617964,9764
ENSG00000206784,37322256,37322368,112
ENSG00000238288,94872450,94872796,346
ENSG00000261539,145410334,145414279,3945
ENSG00000224648,37383175,37384431,1256
ENSG00000271426,13054315,13054960,645
ENSG00000200267,73687052,73687155,103
ENSG00000236156,37434174,37434583,409
ENSG00000265959,73698849,73698947,98
ENSG00000226263,13218448,13220321,1873
ENSG00000264255,37459392,37459706,314
ENSG00000201253,73765665,73765804,139
ENSG00000166763,43991686,44010382,18696
ENSG00000167220,44633774,44676891,43117
ENSG00000206697,73801284,73801397,113
ENSG00000225956,13224711,13226016,1305
ENSG00000187988,37477146,37478314,1168
ENSG00000229708,73981905,73982489,584
ENSG00000236811,13373324,13374321,997
ENSG00000221328,13936410,13936503,93
ENSG00000224853,73987610,74222390,234780
ENSG00000230188,37490418,37490890,472
ENSG00000212247,13953962,13954070,108
ENSG00000154723,27088815,27107984,19169
ENSG00000230935,13984154,13984345,191
ENSG00000228295,74138381,74162207,23826
ENSG00000234160,37509147,37510296,1149
ENSG00000234187,14108046,14108982,936
ENSG00000235532,74805594,74834113,28519
ENSG00000239923,14203687,14203976,289
ENSG00000233111,37636685,37637290,605
ENSG00000206617,74863237,74863351,114
ENSG00000199570,14332966,14333071,105
ENSG00000171448,125677845,125693779,15934
ENSG00000227563,14527830,14528269,439
ENSG00000232701,74951300,74952088,788
ENSG00000201287,37661744,37662046,302
ENSG00000259372,81702858,81711358,8500
ENSG00000124103,55092243,55101198,8955
ENSG00000227927,14535030,14617170,82140
ENSG00000232454,37836041,37836391,350
ENSG00000226240,74993310,75009296,15986
ENSG00000104047,49913177,49937333,24156
ENSG00000259543,81719789,82047558,327769
ENSG00000240791,94872857,94873150,293
ENSG00000226055,37878113,37879490,1377
ENSG00000213950,14738209,14738702,493
ENSG00000259594,81846344,81989121,142777
ENSG00000088882,2774715,2781283,6568
ENSG00000213839,37885680,37886387,707
ENSG00000235914,14864899,14910161,45262
ENSG00000259610,81926228,81934531,8303
ENSG00000236678,75117975,75139582,21607
ENSG00000251745,37936704,37936765,61
ENSG00000213714,55108302,55111576,3274
ENSG00000237832,14914489,14916009,1520
ENSG00000200026,38147425,38147558,133
ENSG00000227321,94873147,94874179,1032
ENSG00000259692,81952823,82163466,210643
ENSG00000238313,38190404,38190504,100
ENSG00000199803,15002199,15002305,106
ENSG00000223716,38360424,38376427,16003
ENSG00000201180,15003498,15003604,106
ENSG00000201136,43994561,43994668,107
ENSG00000259445,82245644,82288007,42363
ENSG00000222500,15261410,15261519,109
ENSG00000225254,38452779,38454067,1288
ENSG00000238494,44005342,44005445,103
ENSG00000225181,15532802,15533530,728
ENSG00000259622,82302553,82302948,395
ENSG00000212111,15539025,15539113,88
ENSG00000215165,38478468,38479347,879
ENSG00000222521,82336635,82336717,82
ENSG00000225944,75402690,75404217,1527
ENSG00000224274,15600139,15600464,325
ENSG00000212170,82466565,82466726,161
ENSG00000206812,75683724,75683830,106
ENSG00000229511,38486856,38488335,1479
ENSG00000225622,16204395,16205180,785
ENSG00000226665,75710291,75711077,786
ENSG00000205771,44019116,44039292,20176
ENSG00000237487,38504444,38505479,1035
ENSG00000221448,16390942,16391036,94
ENSG00000266534,75783114,75783173,59
ENSG00000104140,41164412,41166487,2075
ENSG00000243085,38526828,38527029,201
ENSG00000226229,16566978,16567338,360
ENSG00000214249,75812080,75814432,2352
ENSG00000200494,16651286,16651387,101
ENSG00000176007,38527094,38527909,815
ENSG00000223880,75824616,75826148,1532
ENSG00000235208,16664753,16665049,296
ENSG00000259785,82590891,82626963,36072
ENSG00000140564,91411822,91426688,14866
ENSG00000225203,75949647,75951430,1783
ENSG00000273036,38540564,38542762,2198
ENSG00000228809,16695489,16711593,16104
ENSG00000140157,23004684,23034427,29743
ENSG00000259898,38542311,38542566,255
ENSG00000236985,16838607,16844793,6186
ENSG00000261553,76123909,76381256,257347
ENSG00000272934,38542386,38543212,826
ENSG00000212165,16963477,16963678,201
ENSG00000272904,38542476,38568419,25943
ENSG00000251955,17168155,17168261,106
ENSG00000267228,44661027,44702652,41625
ENSG00000220540,17168779,17168989,210
ENSG00000250989,38543101,38543443,342
ENSG00000267764,46352422,46361141,8719
ENSG00000238833,17189705,17189865,160
ENSG00000225345,38566257,38568208,1951
ENSG00000266905,46489321,46490311,990
ENSG00000261105,76178836,76210130,31294
ENSG00000232241,17459730,17460076,346
ENSG00000261694,145428004,145448145,20141
ENSG00000264269,46550073,46574844,24771
ENSG00000228444,76205407,76206271,864
ENSG00000232333,17497488,17497952,464
ENSG00000204860,38620471,38624987,4516
ENSG00000230902,76262692,76263333,641
ENSG00000263849,46576057,46576138,81
ENSG00000234537,94894680,94900911,6231
ENSG00000202260,17556851,17557155,304
ENSG00000223458,76452849,76455263,2414
ENSG00000265128,46642671,46652849,10178
ENSG00000230495,17579900,17580452,552
ENSG00000261206,76506531,76509268,2737
ENSG00000221220,17823227,17823372,145
ENSG00000266696,46732282,46735151,2869
ENSG00000154727,27106881,27144771,37890
ENSG00000233625,17868007,17868804,797
ENSG00000237557,38643039,38643765,726
ENSG00000224933,76587159,76588637,1478
ENSG00000263895,46958114,46973790,15676
ENSG00000212555,17884406,17884505,99
ENSG00000252725,38680003,38680101,98
ENSG00000243274,76709067,76709360,293
ENSG00000087510,55204358,55214339,9981
ENSG00000212232,17943353,17943589,236
ENSG00000264908,77460456,77460535,79
ENSG00000264971,46996173,46996593,420
ENSG00000228467,38804004,38851913,47909
ENSG00000118903,77502200,77502970,770
ENSG00000218902,17992599,17992928,329
ENSG00000263916,47010906,47012519,1613
ENSG00000234680,39016966,39039591,22625
ENSG00000229262,18040137,18051652,11515
ENSG00000233873,77555310,77556051,741
ENSG00000265496,47013709,47018248,4539
ENSG00000226625,39154072,39155476,1404
ENSG00000202093,47015615,47015678,63
ENSG00000227343,18070760,18071359,599
ENSG00000124203,57766075,57834168,68093
ENSG00000228002,77559003,77562078,3075
ENSG00000206602,47017653,47017717,64
ENSG00000271454,39159068,39160316,1248
ENSG00000101470,44451853,44462384,10531
ENSG00000234509,33025906,33031813,5907
ENSG00000104142,41186628,41196173,9545
ENSG00000271982,47018034,47018099,65
ENSG00000243695,39173791,39174510,719
ENSG00000238390,33036619,33036795,176
ENSG00000265182,47021517,47023266,1749
ENSG00000138613,63568217,63601325,33108
ENSG00000206589,44026377,44026483,106
ENSG00000273271,33039041,33039560,519
ENSG00000264912,39191097,39191355,258
ENSG00000236051,77649649,77672677,23028
ENSG00000221792,44085857,44085957,100
ENSG00000223758,39368376,39368790,414
ENSG00000252597,18076215,18076276,61
ENSG00000264464,47025760,47028230,2470
ENSG00000229046,33078868,33079177,309
ENSG00000207282,18094111,18094223,112
ENSG00000200391,44156091,44156203,112
ENSG00000251713,18150549,18150633,84
ENSG00000215112,39371062,39376913,5851
ENSG00000267444,47176720,47177530,810
ENSG00000273091,33108045,33108720,675
ENSG00000227973,44168047,44168442,395
ENSG00000232943,18200757,18201156,399
ENSG00000234107,33212653,33213170,517
ENSG00000224038,39384503,39405302,20799
ENSG00000267674,47266193,47268433,2240
ENSG00000185607,44281259,44282382,1123
ENSG00000229521,77654646,77655325,679
ENSG00000266720,18239200,18239495,295
ENSG00000011454,125703112,125867145,164033
ENSG00000267322,47340393,47377429,37036
ENSG00000231140,39395734,39397403,1669
ENSG00000252635,18246334,18246523,189
ENSG00000224347,78173890,78180686,6796
ENSG00000199719,18275787,18276095,308
ENSG00000224055,44355709,44356511,802
ENSG00000134049,44681413,44702745,21332
ENSG00000237259,18294409,18295755,1346
ENSG00000251992,47340503,47340646,143
ENSG00000203578,44564040,44564218,178
ENSG00000206800,78197507,78197607,100
ENSG00000198416,39443804,39464526,20722
ENSG00000252139,47340731,47340813,82
ENSG00000230010,18303196,18339944,36748
ENSG00000203411,44571085,44571275,190
ENSG00000227922,78233548,78233799,251
ENSG00000201668,47397925,47398036,111
ENSG00000203576,44575957,44576117,160
ENSG00000266325,78272147,78272251,104
ENSG00000200527,47472636,47472759,123
ENSG00000252403,18309650,18309746,96
ENSG00000267196,47496091,47497327,1236
ENSG00000225579,78402357,78408085,5728
ENSG00000237282,18359693,18362128,2435
ENSG00000267511,47590165,47590810,645
ENSG00000241536,39485380,39485866,486
ENSG00000236474,18400804,18402098,1294
ENSG00000267591,47625112,47625532,420
ENSG00000268819,39631025,39632395,1370
ENSG00000240663,47733370,47733648,278
ENSG00000252422,18414486,18414588,102
ENSG00000267695,47828560,47839965,11405
ENSG00000265137,18451259,18451335,76
ENSG00000251997,47845372,47845490,118
ENSG00000230281,39651897,39652392,495
ENSG00000221529,47927311,47927418,107
ENSG00000225511,94903580,94922396,18816
ENSG00000225995,39654198,39655518,1320
ENSG00000225419,18465909,18466696,787
ENSG00000239780,47984257,47985165,908
ENSG00000124205,57875482,57901047,25565
ENSG00000128917,41221538,41231237,9699
ENSG00000266087,39720399,39720657,258
ENSG00000267713,48195880,48196585,705
ENSG00000225529,39722430,39817308,94878
ENSG00000214612,18485277,18485710,433
ENSG00000234377,78493824,79191463,697639
ENSG00000264134,18526352,18526428,76
ENSG00000249336,39722432,39817308,94876
ENSG00000226368,39860052,39860359,307
ENSG00000232388,18548064,18550207,2143
ENSG00000236584,39897660,39897987,327
ENSG00000198326,2795614,2800930,5316
ENSG00000225597,39900346,39906219,5873
ENSG00000243702,18572974,18573261,287
ENSG00000228534,39925026,39926970,1944
ENSG00000221806,18591691,18591811,120
ENSG00000232136,18623426,18624278,852
ENSG00000233379,78513297,78519009,5712
ENSG00000234375,40063116,40085739,22623
ENSG00000243035,78521628,78521907,279
ENSG00000233993,18655039,18679353,24314
ENSG00000236133,78563507,78564781,1274
ENSG00000241690,2795614,2798712,3098
ENSG00000233324,18763068,18764334,1266
ENSG00000229249,78587018,78627730,40712
ENSG00000238996,94907365,94907468,103
ENSG00000180777,14728271,14852737,124466
ENSG00000225273,82647360,82712277,64917
ENSG00000101144,55743804,55841685,97881
ENSG00000235625,78849855,78851649,1794
ENSG00000185020,40293025,40339528,46503
ENSG00000271386,78859973,78860423,450
ENSG00000179935,18768295,18774979,6684
ENSG00000215474,44746293,44775554,29261
ENSG00000258713,2795633,2796479,846
ENSG00000200686,78929362,78929463,101
ENSG00000229865,78996958,78997327,369
ENSG00000261230,145448132,145464191,16059
ENSG00000273148,18775173,18776711,1538
ENSG00000224686,79062317,79062648,331
ENSG00000233628,40371838,40394460,22622
ENSG00000264669,19106429,19106551,122
ENSG00000236717,94912664,94919727,7063
ENSG00000237550,82664459,82748784,84325
ENSG00000235996,19193496,19194121,625
ENSG00000271776,79170264,79173754,3490
ENSG00000263868,79239973,79240065,92
ENSG00000179447,19222946,19265240,42294
ENSG00000236247,40479776,40481177,1401
ENSG00000188394,125796806,125797975,1169
ENSG00000259206,82710856,82726435,15579
ENSG00000237109,79335310,79335786,476
ENSG00000221748,19321940,19322016,76
ENSG00000215142,40491622,40633282,141660
ENSG00000216017,19570741,19570831,90
ENSG00000172785,121041,188979,67938
ENSG00000224809,94933523,94935776,2253
ENSG00000225427,79361454,79366442,4988
ENSG00000236115,94967638,94972440,4802
ENSG00000188384,82751614,82769399,17785
ENSG00000232675,19673853,19678220,4367
ENSG00000239183,95054743,95054875,132
ENSG00000265605,40516806,40517064,258
ENSG00000215357,79423366,79425343,1977
ENSG00000235283,40704468,40713709,9241
ENSG00000229530,95101940,95103945,2005
ENSG00000241341,40712985,40713384,399
ENSG00000204844,40715662,40722679,7017
ENSG00000203575,44589782,44590272,490
ENSG00000239120,19715460,19715553,93
ENSG00000230584,79483054,79484677,1623
ENSG00000196274,44595115,44595293,178
ENSG00000236361,40740776,40742447,1671
ENSG00000233895,19738352,19790319,51967
ENSG00000203574,44603029,44603177,148
ENSG00000237138,33393279,33394095,816
ENSG00000203573,44603873,44604051,178
ENSG00000236277,79664918,79668254,3336
ENSG00000236931,40812916,40813390,474
ENSG00000203572,44614380,44614557,177
ENSG00000230323,33452629,33570125,117496
ENSG00000243268,41028804,41030086,1282
ENSG00000236992,19804087,19804587,500
ENSG00000250130,44646889,44647890,1001
ENSG00000226670,79740254,79741020,766
ENSG00000236742,41031936,41032439,503
ENSG00000252496,79963669,79963766,97
ENSG00000264055,33524217,33524320,103
ENSG00000259499,44679518,44682649,3131
ENSG00000241054,20075045,20076328,1283
ENSG00000261610,33632115,33633896,1781
ENSG00000268342,41054827,41056158,1331
ENSG00000225417,20194943,20195906,963
ENSG00000227256,33650174,33653299,3125
ENSG00000259595,44694883,44719342,24459
ENSG00000227354,79980444,79998463,18019
ENSG00000229500,20233947,20234482,535
ENSG00000232623,33678775,33681048,2273
ENSG00000229471,41214067,41217717,3650
ENSG00000265191,44726452,44726705,253
ENSG00000243810,20239051,20248453,9402
ENSG00000259335,44739775,44741542,1767
ENSG00000242871,33714826,33715062,236
ENSG00000264879,20297428,20297684,256
ENSG00000200792,33749496,33749631,135
ENSG00000264158,95290266,95290340,74
ENSG00000213384,20640354,20640608,254
ENSG00000232132,80051499,80055366,3867
ENSG00000229007,33869122,33869621,499
ENSG00000259563,44808848,44809681,833
ENSG00000225551,95301335,95301466,131
ENSG00000223781,41277733,41298538,20805
ENSG00000270793,20701830,20702522,692
ENSG00000227676,80140881,80144983,4102
ENSG00000252045,33910609,33910744,135
ENSG00000213669,95439225,95439689,464
ENSG00000264361,20719078,20719374,296
ENSG00000252950,33935385,33935520,135
ENSG00000228858,41285357,41287306,1949
ENSG00000229011,80378553,80379820,1267
ENSG00000225803,20834764,20835285,521
ENSG00000186842,33944548,33948191,3643
ENSG00000229175,80446721,80492079,45358
ENSG00000234104,20951089,20953203,2114
ENSG00000231757,41306133,41311985,5852
ENSG00000132635,2815960,2821836,5876
ENSG00000179523,44819455,44829121,9666
ENSG00000228433,33993359,33994406,1047
ENSG00000202398,80943561,80943669,108
ENSG00000231391,41313945,41323179,9234
ENSG00000225127,21068245,21086999,18754
ENSG00000227862,81193233,81194202,969
ENSG00000238220,33996726,33997406,680
ENSG00000234138,41418937,41433320,14383
ENSG00000226683,81228890,81231162,2272
ENSG00000235065,21095364,21095838,474
ENSG00000238197,34100426,34115433,15007
ENSG00000237625,41475787,41476094,307
ENSG00000259659,44850027,44851386,1359
ENSG00000231222,81462483,81463002,519
ENSG00000243935,41504853,41514094,9241
ENSG00000206957,44989531,44989628,97
ENSG00000224427,34213806,34214121,315
ENSG00000234407,41516046,41523018,6972
ENSG00000229246,81617805,81618577,772
ENSG00000207098,34214171,34214305,134
ENSG00000232360,34216677,34222244,5567
ENSG00000270415,81689001,81689430,429
ENSG00000238980,81778398,81778491,93
ENSG00000259479,45118569,45176892,58323
ENSG00000227757,34285957,34443410,157453
ENSG00000227084,41529583,41550381,20798
ENSG00000260094,81800000,81801118,1118
ENSG00000229309,81824573,81876542,51969
ENSG00000228961,34331196,34332874,1678
ENSG00000198566,41588823,41609544,20721
ENSG00000222486,81839882,81839972,90
ENSG00000237148,81847026,81847305,279
ENSG00000214182,82264046,82265207,1161
ENSG00000229707,41630397,41630883,486
ENSG00000269692,41776064,41777434,1370
ENSG00000237099,83397266,83398271,1005
ENSG00000231511,41796924,41797395,471
ENSG00000270400,83719675,83720038,363
ENSG00000175387,45357922,45457515,99593
ENSG00000222791,83872206,83872302,96
ENSG00000234720,41799259,41800556,1297
ENSG00000215037,84481436,84481916,480
ENSG00000226108,41879688,41880646,958
ENSG00000224188,84594462,84594897,435
ENSG00000228597,85094238,85095703,1465
ENSG00000232239,41884765,41886211,1446
ENSG00000232447,85095860,85098050,2190
ENSG00000229273,41954580,41955037,457
ENSG00000233349,85136499,85137371,872
ENSG00000204837,41961615,42019580,57965
ENSG00000226370,85639222,85653055,13833
ENSG00000264356,42031881,42032162,281
ENSG00000226317,85937736,86118705,180969
ENSG00000104043,50150435,50475014,324579
ENSG00000252724,42037464,42037558,94
ENSG00000207012,86158883,86158988,105
ENSG00000232798,42037568,42037913,345
ENSG00000228241,86543134,86543668,534
ENSG00000232252,86634948,86745025,110077
ENSG00000184961,42128839,42129419,580
ENSG00000165209,125871779,126030855,159076
ENSG00000214181,86927755,86929524,1769
ENSG00000187984,95571670,95650975,79305
ENSG00000237846,42250840,42251545,705
ENSG00000261297,145464645,145471798,7153
ENSG00000182511,91426925,91439006,12081
ENSG00000231879,87377755,87378308,553
ENSG00000230804,42266980,42267558,578
ENSG00000170113,23043277,23100005,56728
ENSG00000228136,42275939,42298165,22226
ENSG00000233528,87564173,87589271,25098
ENSG00000236966,42276765,42277236,471
ENSG00000228074,87871259,87871524,265
ENSG00000054796,55904815,55919050,14235
ENSG00000228473,88031727,88032513,786
ENSG00000225679,42312410,42316345,3935
ENSG00000232636,88079455,88099490,20035
ENSG00000228871,42332815,42338938,6123
ENSG00000228824,88079469,88323514,244045
ENSG00000088970,21106624,21227260,120636
ENSG00000233207,42363048,42367092,4044
ENSG00000212441,42378941,42379047,106
ENSG00000074410,63613577,63674360,60783
ENSG00000234812,42436293,42436520,227
ENSG00000272515,88260162,88261489,1327
ENSG00000266052,88270920,88270995,75
ENSG00000231390,42438100,42438973,873
ENSG00000223404,88453291,88456063,2772
ENSG00000272046,88459889,88463487,3598
ENSG00000232204,88542427,88544727,2300
ENSG00000232539,34430135,34437289,7154
ENSG00000231019,88795122,88888337,93215
ENSG00000259187,45118738,45119292,554
ENSG00000223059,88840114,88840175,61
ENSG00000238845,45135810,45135922,112
ENSG00000223839,42466317,42474239,7922
ENSG00000225289,88888802,88889224,422
ENSG00000212424,45176814,45176978,164
ENSG00000259742,45207000,45222820,15820
ENSG00000229443,89193119,89197764,4645
ENSG00000261666,89279107,89282651,3544
ENSG00000259231,45211574,45213018,1444
ENSG00000233211,89630701,89631039,338
ENSG00000252117,45219798,45219901,103
ENSG00000252475,45255028,45255131,103
ENSG00000232225,89867101,89889144,22043
ENSG00000259304,45262233,45263376,1143
ENSG00000087495,58152564,58422766,270202
ENSG00000227247,89901072,89902354,1282
ENSG00000224681,42478013,42478478,465
ENSG00000234660,89925457,89932494,7037
ENSG00000252288,45265756,45265859,103
ENSG00000227069,42491162,42492070,908
ENSG00000212550,45295062,45295226,164
ENSG00000225530,90013414,90015478,2064
ENSG00000259418,45333914,45350905,16991
ENSG00000232433,42493617,42494809,1192
ENSG00000252171,45339301,45339413,112
ENSG00000226037,90129862,90152763,22901
ENSG00000266353,42579907,42579973,66
ENSG00000259352,45365690,45366246,556
ENSG00000259539,45444862,45459724,14862
ENSG00000225380,42751727,42752381,654
ENSG00000259519,45462542,45492156,29614
ENSG00000259932,45490715,45491337,622
ENSG00000224567,42779314,42779707,393
ENSG00000236176,90200945,90206058,5113
ENSG00000183784,213108,215893,2785
ENSG00000260035,45492523,45492830,307
ENSG00000225433,42779843,42779998,155
ENSG00000271395,90203487,90204643,1156
ENSG00000067900,18526867,18691812,164945
ENSG00000261709,45506646,45507242,596
ENSG00000234227,90485411,90486195,784
ENSG00000230455,42808660,42812274,3614
ENSG00000200733,90489424,90489491,67
ENSG00000259338,45507745,45508141,396
ENSG00000267233,48340762,48342100,1338
ENSG00000215418,90644085,90645132,1047
ENSG00000259520,45543884,45571449,27565
ENSG00000239689,48349947,48350490,543
ENSG00000261446,90712506,90771973,59467
ENSG00000252696,90787966,90788095,129
ENSG00000200752,48485637,48485749,112
ENSG00000184906,42845768,42859085,13317
ENSG00000240820,48633124,48633416,292
ENSG00000235879,90823120,90824053,933
ENSG00000128965,41245160,41248710,3550
ENSG00000267717,48684652,48685753,1101
ENSG00000224419,90882638,90883936,1298
ENSG00000207154,48810103,48810266,163
ENSG00000156750,42858072,42876505,18433
ENSG00000260313,145478520,145483451,4931
ENSG00000207858,90883436,90883531,95
ENSG00000234384,91145541,91187334,41793
ENSG00000227115,48872619,49088939,216320
ENSG00000269225,43007105,43008297,1192
ENSG00000251753,91434020,91434123,103
ENSG00000231674,91543208,91578851,35643
ENSG00000269788,43009842,43010747,905
ENSG00000227983,91675986,91676208,222
ENSG00000233244,43027748,43032877,5129
ENSG00000234625,91739508,91741847,2339
ENSG00000234416,43062929,43063757,828
ENSG00000229557,91779867,91783661,3794
ENSG00000266201,48947433,48948044,611
ENSG00000232863,43065382,43065609,227
ENSG00000266003,48959807,48961153,1346
ENSG00000237587,43102670,43113526,10856
ENSG00000214178,91924335,91924831,496
ENSG00000199509,21119597,21119715,118
ENSG00000238885,49072717,49072818,101
ENSG00000228604,21129382,21143531,14149
ENSG00000238415,43122799,43122905,106
ENSG00000226527,34484005,34496009,12004
ENSG00000265402,49139009,49139480,471
ENSG00000233074,43140537,43142739,2202
ENSG00000224303,43144980,43160008,15028
ENSG00000265712,49213895,49214579,684
ENSG00000226433,34528938,34531416,2478
ENSG00000215417,92000074,92006833,6759
ENSG00000215457,49371377,49371998,621
ENSG00000223799,34636178,34638565,2387
ENSG00000234344,43162901,43169024,6123
ENSG00000232712,21134664,21198927,64263
ENSG00000266335,49862731,49865395,2664
ENSG00000252772,95583259,95583361,102
ENSG00000221291,50463664,50463773,109
ENSG00000272659,34681796,34682486,690
ENSG00000226721,95599108,95599950,842
ENSG00000255769,82765134,82798350,33216
ENSG00000263872,50763471,50763560,89
ENSG00000236322,43184068,43189411,5343
ENSG00000226501,34706877,34707402,525
ENSG00000264263,51007205,51094653,87448
ENSG00000214535,21146846,21147236,390
ENSG00000266892,34836773,34836865,92
ENSG00000215088,34853887,34854502,615
ENSG00000252508,92712097,92712222,125
ENSG00000263438,51094817,51124221,29404
ENSG00000226875,21246492,21247103,611
ENSG00000229287,92832968,92833138,170
ENSG00000197805,43313699,43314502,803
ENSG00000124104,44462449,44471914,9465
ENSG00000231355,34854806,34856565,1759
ENSG00000232885,92992047,92992856,809
ENSG00000233956,34890917,34891415,498
ENSG00000224828,43318619,43319576,957
ENSG00000236240,93136859,93162347,25488
ENSG00000221095,82769264,82769347,83
ENSG00000225280,21378456,21381029,2573
ENSG00000240994,82770180,82770459,279
ENSG00000263741,93142416,93142473,57
ENSG00000260433,51105993,51107429,1436
ENSG00000229489,43399987,43401315,1328
ENSG00000235984,93353642,93373867,20225
ENSG00000223128,21405396,21405679,283
ENSG00000242945,51131624,51132095,471
ENSG00000226405,21468882,21469263,381
ENSG00000186322,82804003,82810874,6871
ENSG00000223512,43403148,43403646,498
ENSG00000227693,21482033,21482606,573
ENSG00000221058,51612956,51613026,70
ENSG00000269474,43425713,43427044,1331
ENSG00000264296,51668503,51668947,444
ENSG00000258197,21492085,21492947,862
ENSG00000237945,35287838,35349992,62154
ENSG00000207233,51748654,51748782,128
ENSG00000233492,21510840,21511382,542
ENSG00000239986,43617727,43618056,329
ENSG00000264350,51933259,51933484,225
ENSG00000259567,82816060,82818549,2489
ENSG00000233015,21722941,21723715,774
ENSG00000266425,43802781,43803039,258
ENSG00000270909,43830636,43835037,4401
ENSG00000264564,52051804,52051933,129
ENSG00000227063,21735866,21736171,305
ENSG00000259613,82829005,82829110,105
ENSG00000267428,52234228,52234534,306
ENSG00000237207,43838621,43840027,1406
ENSG00000238034,21928285,21951421,23136
ENSG00000267524,52411981,52412812,831
ENSG00000234435,22034831,22055238,20407
ENSG00000260716,145483685,145499347,15662
ENSG00000213816,43997830,43998733,903
ENSG00000148204,126118449,126142603,24154
ENSG00000234862,22201192,22203921,2729
ENSG00000267311,52546688,52548040,1352
ENSG00000229079,44011053,44011839,786
ENSG00000259387,82888224,82924290,36066
ENSG00000226668,95644849,95661890,17041
ENSG00000225170,22252690,22254092,1402
ENSG00000230635,44019596,44020591,995
ENSG00000267112,52553097,52565314,12217
ENSG00000101146,55926066,55954267,28201
ENSG00000225321,22260866,22263310,2444
ENSG00000261562,145369493,145370041,548
ENSG00000267647,52621634,52621963,329
ENSG00000229146,44046989,44047817,828
ENSG00000270838,22324331,22324568,237
ENSG00000264804,52668527,52668629,102
ENSG00000254849,145449052,145449133,81
ENSG00000170165,44051024,44069881,18857
ENSG00000204684,22380989,22401281,20292
ENSG00000267013,52773135,52791537,18402
ENSG00000266624,145454989,145455068,79
ENSG00000215305,2821349,2847378,26029
ENSG00000236816,44076368,44118444,42076
ENSG00000252437,52813777,52813876,99
ENSG00000259974,22528309,22559280,30971
ENSG00000267028,53119764,53150171,30407
ENSG00000153666,23255242,23268823,13581
ENSG00000238529,44107813,44107919,106
ENSG00000264571,53146452,53146529,77
ENSG00000267402,53159406,53163623,4217
ENSG00000224537,44147906,44154014,6108
ENSG00000237396,22568160,22588155,19995
ENSG00000242320,53303064,53303541,477
ENSG00000259328,82944773,82974312,29539
ENSG00000230400,22656710,22665982,9272
ENSG00000204818,44170447,44175727,5280
ENSG00000267284,53388294,53455992,67698
ENSG00000215553,22713440,22714727,1287
ENSG00000233424,44256580,44263319,6739
ENSG00000244294,35291350,35291642,292
ENSG00000265151,22713848,22713939,91
ENSG00000267325,53443958,53448952,4994
ENSG00000213882,22866308,22866706,398
ENSG00000241500,82969419,82969698,279
ENSG00000216829,44302232,44303807,1575
ENSG00000221177,82970531,82970614,83
ENSG00000267172,53484398,53486990,2592
ENSG00000228935,22941171,22946700,5529
ENSG00000259323,82975314,82975537,223
ENSG00000260930,53548919,53587430,38511
ENSG00000230492,22990846,23011422,20576
ENSG00000232843,95655980,95656787,807
ENSG00000230245,44333923,44334382,459
ENSG00000261772,116765,228460,111695
ENSG00000234646,23012179,23019873,7694
ENSG00000267327,53560269,53690753,130484
ENSG00000205275,82970479,82988374,17895
ENSG00000204816,44343366,44345689,2323
ENSG00000256492,23061083,23061278,195
ENSG00000188101,95675438,95683842,8404
ENSG00000233746,23105705,23113258,7553
ENSG00000229311,44384585,44391705,7120
ENSG00000201527,23141494,23141608,114
ENSG00000273127,62310,63501,1191
ENSG00000230387,23168765,23170944,2179
ENSG00000235390,45613275,45613890,615
ENSG00000234832,23327578,23332123,4545
ENSG00000237357,44401766,44404440,2674
ENSG00000261605,64522,82015,17493
ENSG00000142192,27252861,27543446,290585
ENSG00000259433,45622407,45624832,2425
ENSG00000259429,83023847,83088805,64958
ENSG00000232645,23337231,23338753,1522
ENSG00000238941,45646977,45647083,106
ENSG00000101473,44470360,44486045,15685
ENSG00000227924,44471985,44473415,1430
ENSG00000259342,45722850,45734006,11156
ENSG00000128908,41271078,41408552,137474
ENSG00000263087,82418,82555,137
ENSG00000201728,23361533,23361649,116
ENSG00000227353,44477549,44478456,907
ENSG00000200208,23438221,23438322,101
ENSG00000211519,45725248,45725327,79
ENSG00000226344,23456337,23460435,4098
ENSG00000261001,86602,88133,1531
ENSG00000252285,45738661,45738722,61
ENSG00000234861,44558938,44560285,1347
ENSG00000260202,23497521,23498706,1185
ENSG00000223664,44562093,44562588,495
ENSG00000261718,156524,161850,5326
ENSG00000259354,45740625,45805965,65340
ENSG00000204663,23499783,23522655,22872
ENSG00000268234,44584983,44586314,1331
ENSG00000261358,187411,199169,11758
ENSG00000223446,95857221,95857811,590
ENSG00000238583,45783782,45783885,103
ENSG00000228920,44672800,44676450,3650
ENSG00000204662,23528401,23531289,2888
ENSG00000261322,214664,216321,1657
ENSG00000231248,44823714,44835521,11807
ENSG00000204658,23564282,23567147,2865
ENSG00000260321,216856,232399,15543
ENSG00000270001,23612463,23612953,490
ENSG00000238933,44850221,44850332,111
ENSG00000225056,23635862,23637027,1165
ENSG00000262517,17795253,17795683,430
ENSG00000231454,44873417,44874226,809
ENSG00000179362,45803334,45878488,75154
ENSG00000263259,17823227,17823372,145
ENSG00000228846,29105657,29106593,936
ENSG00000232595,23691957,23692043,86
ENSG00000140284,50474393,50528592,54199
ENSG00000170152,44998000,44998719,719
ENSG00000262640,17853225,17858989,5764
ENSG00000230136,29149308,29150243,935
ENSG00000230908,23778778,23786300,7522
ENSG00000204805,44997777,44999352,1575
ENSG00000231919,29183059,29184002,943
ENSG00000262802,17874023,17874820,797
ENSG00000228476,23899408,23902806,3398
ENSG00000235659,45001907,45003117,1210
ENSG00000225188,29191796,29234882,43086
ENSG00000203364,95909322,95910838,1516
ENSG00000223379,45004879,45023236,18357
ENSG00000200570,96137838,96137949,111
ENSG00000236168,23961222,23961371,149
ENSG00000238749,45019792,45019903,111
ENSG00000231320,29197050,29197980,930
ENSG00000201074,96180137,96180248,111
ENSG00000167390,23969929,23971091,1162
ENSG00000207516,45829448,45829575,127
ENSG00000229697,45034957,45047145,12188
ENSG00000259681,45850796,45855075,4279
ENSG00000237385,96192624,96193581,957
ENSG00000236151,24123226,24125022,1796
ENSG00000236918,29230500,29231876,1376
ENSG00000259427,45858974,45859272,298
ENSG00000198033,19747910,19755992,8082
ENSG00000230133,24180403,24205224,24821
ENSG00000231527,45108392,45112532,4140
ENSG00000200419,45884182,45884283,101
ENSG00000200231,24217891,24218034,143
ENSG00000227603,96197614,96199403,1789
ENSG00000249415,29236259,29237218,959
ENSG00000232200,24278221,24298722,20501
ENSG00000259200,45997276,46223267,225991
ENSG00000227178,29258526,29259468,942
ENSG00000231838,45164578,45212501,47923
ENSG00000234069,24426027,24426950,923
ENSG00000257805,29267067,29267606,539
ENSG00000234299,45363481,45363852,371
ENSG00000259743,46391391,46392590,1199
ENSG00000228539,24472108,24482981,10873
ENSG00000225927,29297452,29298887,1435
ENSG00000235130,45375910,45377188,1278
ENSG00000259593,46633552,46633797,245
ENSG00000231015,24660183,24661627,1444
ENSG00000121388,19756173,19761496,5323
ENSG00000248182,29384641,29385587,946
ENSG00000235037,45393845,45415976,22131
ENSG00000207355,24954807,24954916,109
ENSG00000238819,46643860,46643944,84
ENSG00000236157,45424050,45424634,584
ENSG00000225069,25079741,25080564,823
ENSG00000226365,29431944,29437154,5210
ENSG00000238456,46952856,46952958,102
ENSG00000232116,45484572,45488153,3581
ENSG00000259255,46985486,47097042,111556
ENSG00000206129,53670844,53858493,187649
ENSG00000230957,29442373,29443419,1046
ENSG00000223308,47012391,47012710,319
ENSG00000263875,96327975,96328082,107
ENSG00000187060,45562979,45563576,597
ENSG00000230725,25121425,25129894,8469
ENSG00000259509,47119724,47120156,432
ENSG00000265347,96581639,96581703,64
ENSG00000228840,29456620,29457025,405
ENSG00000231990,96619365,96620615,1250
ENSG00000227569,45656241,45656586,345
ENSG00000252500,47249731,47249815,84
ENSG00000222311,47534401,47534476,75
ENSG00000235601,96717879,96721422,3543
ENSG00000228370,29464858,29477904,13046
ENSG00000264628,45661987,45662268,281
ENSG00000225344,25141803,25142697,894
ENSG00000222343,47564794,47565086,292
ENSG00000267057,53709366,53763550,54184
ENSG00000229523,45729709,45730417,708
ENSG00000202414,25195334,25195434,100
ENSG00000259554,47566380,47567361,981
ENSG00000227666,96800312,96800627,315
ENSG00000227379,25348911,25349402,491
ENSG00000184879,45733441,45734160,719
ENSG00000251883,25591789,25591859,70
ENSG00000259221,47651627,47688929,37302
ENSG00000231517,45737473,45738490,1017
ENSG00000267399,53728340,53730309,1969
ENSG00000238930,45755239,45755350,111
ENSG00000201816,53746625,53746825,200
ENSG00000228243,45949232,45949823,591
ENSG00000213742,25604681,25658710,54029
ENSG00000269946,96928571,96962909,34338
ENSG00000256222,55933496,55934878,1382
ENSG00000225812,46042425,46042722,297
ENSG00000252617,46042781,46042875,94
ENSG00000267712,53750587,53804767,54180
ENSG00000264967,46048172,46048453,281
ENSG00000235938,46113699,46114039,340
ENSG00000242236,25635232,25635517,285
ENSG00000228617,46117172,46117907,735
ENSG00000236542,25650493,25651022,529
ENSG00000226129,46117312,46117651,339
ENSG00000230772,25714900,25715729,829
ENSG00000234725,46121006,46121348,342
ENSG00000226465,25731854,25733397,1543
ENSG00000238413,46141564,46141675,111
ENSG00000199165,96938234,96938325,91
ENSG00000227490,46169973,46170336,363
ENSG00000267732,53805843,53810452,4609
ENSG00000250090,25816621,25817468,847
ENSG00000225353,46270841,46274928,4087
ENSG00000206865,54420457,54420557,100
ENSG00000199072,96938629,96938715,86
ENSG00000228593,25900135,25900317,182
ENSG00000267146,54539899,54541201,1302
ENSG00000269929,96938740,96940174,1434
ENSG00000224937,46334292,46334508,216
ENSG00000226203,25936448,25949924,13476
ENSG00000231481,46359242,46380257,21015
ENSG00000230262,96938884,96966850,27966
ENSG00000212539,54624501,54624699,198
ENSG00000231081,25989427,25991167,1740
ENSG00000239090,46362605,46362716,111
ENSG00000267225,54695063,54706076,11013
ENSG00000226546,46382965,46383307,342
ENSG00000258609,54721813,54739350,17537
ENSG00000204556,25999468,26001320,1852
ENSG00000132819,55966463,55984389,17926
ENSG00000204813,46387012,46387222,210
ENSG00000107099,214854,465259,250405
ENSG00000267789,54803553,54814229,10676
ENSG00000224615,46390070,46390277,207
ENSG00000119522,126141933,126692431,550498
ENSG00000267726,54836846,54838425,1579
ENSG00000231995,46577620,46578220,600
ENSG00000202240,54951833,54951939,106
ENSG00000199133,96941116,96941202,86
ENSG00000266636,55103053,55103112,59
ENSG00000125804,26035291,26073683,38392
ENSG00000231212,46661242,46662837,1595
ENSG00000267040,55297534,55405276,107742
ENSG00000236450,46669135,46669441,306
ENSG00000252133,46669492,46669586,94
ENSG00000238792,96995760,96995863,103
ENSG00000263901,46674882,46675163,281
ENSG00000252723,97007971,97008041,70
ENSG00000240108,26084052,26094664,10612
ENSG00000237679,97049981,97050832,851
ENSG00000141449,18822203,19105378,283175
ENSG00000204802,46685429,46688137,2708
ENSG00000232063,97094758,97123230,28472
ENSG00000230440,26113523,26114834,1311
ENSG00000259360,47689698,47691751,2053
ENSG00000259740,47817366,47819953,2587
ENSG00000224815,97100629,97101015,386
ENSG00000221202,47844672,47844768,96
ENSG00000259588,47896077,47898549,2472
ENSG00000224245,97258557,97275161,16604
ENSG00000213862,48022341,48023132,791
ENSG00000227449,46687462,46746500,59038
ENSG00000259572,48095581,48138433,42852
ENSG00000233651,46698472,46705305,6833
ENSG00000259754,48176507,48341309,164802
ENSG00000226429,46706671,46706979,308
ENSG00000259730,48236241,48241706,5465
ENSG00000224603,46755557,46755935,378
ENSG00000266143,48454002,48454100,98
ENSG00000204801,46786249,46787634,1385
ENSG00000259235,48481234,48483888,2654
ENSG00000227195,26167556,26232162,64606
ENSG00000232827,46826492,46833319,6827
ENSG00000259385,48484388,48493881,9493
ENSG00000166265,27838528,27945603,107075
ENSG00000226007,46843638,46846025,2387
ENSG00000196074,58438618,58508710,70092
ENSG00000202445,97270020,97270126,106
ENSG00000231806,97317351,97330409,13058
ENSG00000140287,50534144,50558223,24079
ENSG00000212951,46842616,46844326,1710
ENSG00000252153,97572244,97572339,95
ENSG00000230815,97586554,97587055,501
ENSG00000234217,46912527,46913973,1446
ENSG00000236095,97662711,97667036,4325
ENSG00000224764,97690833,97697228,6395
ENSG00000236825,46918098,46919049,951
ENSG00000234451,46921026,46922100,1074
ENSG00000241571,46998213,46999491,1278
ENSG00000234276,47001334,47001835,501
ENSG00000132958,19997017,20110903,113886
ENSG00000235256,47021337,47022699,1362
ENSG00000237132,47249606,47264801,15195
ENSG00000238129,26171625,26174582,2957
ENSG00000204555,29449474,29449652,178
ENSG00000205611,29513582,29521213,7631
ENSG00000203372,65467783,65469026,1243
ENSG00000225490,29521637,29522987,1350
ENSG00000140455,63796793,63886839,90046
ENSG00000229746,65487273,65494248,6975
ENSG00000200325,29543691,29543802,111
ENSG00000184828,45553044,45937123,384079
ENSG00000273102,35339403,35340874,1471
ENSG00000235496,65496525,65496924,399
ENSG00000231934,29558488,29596406,37918
ENSG00000272657,35445892,35732332,286440
ENSG00000221319,29637162,29637300,138
ENSG00000207563,97847490,97847586,96
ENSG00000224598,35507732,35508371,639
ENSG00000238151,29637799,29638060,261
ENSG00000207864,97847727,97847823,96
ENSG00000154734,28208066,28217728,9662
ENSG00000215546,29861973,29862670,697
ENSG00000207617,97848296,97848376,80
ENSG00000267787,55306687,55405276,98589
ENSG00000224628,29873120,29874638,1518
ENSG00000229065,97875990,97876743,753
ENSG00000237792,65585692,65661972,76280
ENSG00000202159,55422626,55422732,106
ENSG00000237929,29899106,29899765,659
ENSG00000227456,35552978,35562220,9242
ENSG00000231544,55505708,55506198,490
ENSG00000236121,29929174,29932274,3100
ENSG00000252649,29944673,29944781,108
ENSG00000212717,29948578,29948733,155
ENSG00000267209,55628463,55631666,3203
ENSG00000212134,29964122,29964249,127
ENSG00000204547,30009239,30016983,7744
ENSG00000265200,55684016,55684116,100
ENSG00000106689,126763949,126795580,31631
ENSG00000235028,55686021,55686293,272
ENSG00000267743,55857066,55862928,5862
ENSG00000233354,30073581,30075377,1796
ENSG00000231379,65696702,65725786,29084
ENSG00000259455,23405069,23414193,9124
ENSG00000267504,56038798,56039898,1100
ENSG00000223849,97885803,97886150,347
ENSG00000101898,30135307,30135852,545
ENSG00000267396,56065895,56067314,1419
ENSG00000251884,97904731,97904823,92
ENSG00000235313,30150969,30151879,910
ENSG00000238746,97934777,97934880,103
ENSG00000233022,65880533,65883885,3352
ENSG00000267675,56083997,56084860,863
ENSG00000230221,98054620,98057092,2472
ENSG00000230613,30155510,30161066,5556
ENSG00000201770,30168892,30168995,103
ENSG00000271384,98169272,98169944,672
ENSG00000267391,56113507,56116856,3349
ENSG00000237086,65973177,65974604,1427
ENSG00000264395,30194989,30195043,54
ENSG00000213761,98175549,98175731,182
ENSG00000207778,56118306,56118390,84
ENSG00000236559,30274019,30304628,30609
ENSG00000237191,65978720,65979683,963
ENSG00000237857,98177116,98189078,11962
ENSG00000230801,30396306,30396552,246
ENSG00000252330,56133495,56133559,64
ENSG00000267257,56202647,56205784,3137
ENSG00000199497,30489057,30489229,172
ENSG00000271314,98257206,98257661,455
ENSG00000243382,66058843,66060121,1278
ENSG00000252623,30596154,30596275,121
ENSG00000226239,30615556,30619378,3822
ENSG00000223449,66061968,66062463,495
ENSG00000267579,56224302,56233909,9607
ENSG00000212571,30638391,30638508,117
ENSG00000242301,66081972,66083332,1360
ENSG00000252284,56267863,56267930,67
ENSG00000265736,30706457,30706554,97
ENSG00000224452,30758193,30758593,400
ENSG00000239659,56298491,56299352,861
ENSG00000237869,66342521,66343121,600
ENSG00000154736,28290231,28338832,48601
ENSG00000261739,23599895,23612378,12483
ENSG00000233414,66345261,66346161,900
ENSG00000267226,56337712,56339109,1397
ENSG00000271155,98268517,98269918,1401
ENSG00000235217,30774280,30778330,4050
ENSG00000233171,66358548,66359282,734
ENSG00000267476,56339845,56419962,80117
ENSG00000266946,56357588,56359385,1797
ENSG00000221667,30825598,30825650,52
ENSG00000235327,66366966,66367990,1024
ENSG00000196199,20207788,20247599,39811
ENSG00000264308,30865503,30865591,88
ENSG00000267010,56419380,56421709,2329
ENSG00000236772,31037558,31041410,3852
ENSG00000234430,66394412,66395279,867
ENSG00000233293,31148895,31161690,12795
ENSG00000231825,31578395,31595492,17097
ENSG00000228156,31169765,31181702,11937
ENSG00000235003,66396886,66397113,227
ENSG00000271659,98276327,98276802,475
ENSG00000238113,66457285,66469310,12025
ENSG00000229345,98361827,98368568,6741
ENSG00000198547,31219428,31261743,42315
ENSG00000178997,41474923,41522941,48018
ENSG00000214955,35577356,35697334,119978
ENSG00000266007,35677430,35677493,63
ENSG00000202474,66458144,66458262,118
ENSG00000225555,35743101,35747647,4546
ENSG00000175730,31276723,31278816,2093
ENSG00000203438,66473375,66473673,298
ENSG00000273104,35784498,35784885,387
ENSG00000272958,35797806,35798315,509
ENSG00000229422,66493572,66494196,624
ENSG00000260536,31430934,31442063,11129
ENSG00000221398,35828408,35828535,127
ENSG00000184523,66499743,66499994,251
ENSG00000260257,31444848,31446557,1709
ENSG00000230978,36096105,36109478,13373
ENSG00000237451,66500642,66501008,366
ENSG00000214245,31635323,31635958,635
ENSG00000228142,98412436,98478000,65564
ENSG00000263856,31645394,31645476,82
ENSG00000238245,66513032,66514308,1276
ENSG00000234380,36118054,36157183,39129
ENSG00000237662,31775197,31776098,901
ENSG00000156239,30244513,30257693,13180
ENSG00000234703,36508935,36511519,2584
ENSG00000183566,31781391,31798268,16877
ENSG00000223671,36844393,36844730,337
ENSG00000234665,66513488,66553911,40423
ENSG00000230903,83041000,83125316,84316
ENSG00000231300,36972030,36972320,290
ENSG00000227358,98415194,98415548,354
ENSG00000230794,37085437,37105240,19803
ENSG00000259310,83087381,83102960,15579
ENSG00000211590,37093013,37093106,93
ENSG00000224876,31802726,31804873,2147
ENSG00000229761,37097045,37097398,353
ENSG00000233106,31860068,31860463,395
ENSG00000205271,83128128,83145983,17855
ENSG00000234008,37259365,37260724,1359
ENSG00000227582,66516697,66520781,4084
ENSG00000233146,31904675,31917775,13100
ENSG00000219693,66544359,66545745,1386
ENSG00000125997,31935526,31942250,6724
ENSG00000264923,32046605,32046854,249
ENSG00000272521,32244893,32245415,522
ENSG00000170161,66553273,66555928,2655
ENSG00000271803,32262323,32263186,863
ENSG00000229188,32316737,32319634,2897
ENSG00000230837,32339973,32340349,376
ENSG00000227318,66664325,66665950,1625
ENSG00000230753,32375179,32398903,23724
ENSG00000196547,91445448,91465814,20366
ENSG00000259472,83141718,83182928,41210
ENSG00000228991,66693277,66721073,27796
ENSG00000214200,32500129,32501142,1013
ENSG00000206946,66712628,66712734,106
ENSG00000230857,66720898,66759372,38474
ENSG00000107104,470291,746105,275814
ENSG00000228958,32552968,32553382,414
ENSG00000175611,98521513,98638259,116746
ENSG00000121390,20248896,20357142,108246
ENSG00000270092,66836662,66836791,129
ENSG00000221517,83145848,83145931,83
ENSG00000243464,83146764,83147043,279
ENSG00000238638,66858537,66858612,75
ENSG00000228265,32570858,32582163,11305
ENSG00000264898,66861461,66861543,82
ENSG00000244081,66930569,66930965,396
ENSG00000235355,66951142,66951845,703
ENSG00000254374,83188579,83195251,6672
ENSG00000234320,66954107,66954749,642
ENSG00000228386,32602775,32605555,2780
ENSG00000174450,23684645,23692381,7736
ENSG00000268960,45778672,45779208,536
ENSG00000198312,66960613,66964189,3576
ENSG00000264616,32636925,32636996,71
ENSG00000229472,32668955,32669754,799
ENSG00000225246,32710276,32711096,820
ENSG00000259637,83200404,83202890,2486
ENSG00000182021,67017400,67032072,14672
ENSG00000259462,83316521,83361572,45051
ENSG00000214185,32801301,32803698,2397
ENSG00000250917,32822646,32868979,46333
ENSG00000259707,83360475,83361110,635
ENSG00000236456,32833759,32834343,584
ENSG00000231106,37377636,37380136,2500
ENSG00000228141,83379223,83382778,3555
ENSG00000252847,98622186,98622298,112
ENSG00000272945,32869438,32874272,4834
ENSG00000176115,67032331,67048373,16042
ENSG00000199202,98667287,98667423,136
ENSG00000214914,37388377,37388844,467
ENSG00000234087,32935477,32935591,114
ENSG00000237631,98680418,98680986,568
ENSG00000201498,32971971,32972071,100
ENSG00000189089,37422512,37423675,1163
ENSG00000225194,98782014,98790247,8233
ENSG00000234933,32989955,32990502,547
ENSG00000259315,83394625,83407656,13031
ENSG00000265285,67094933,67094999,66
ENSG00000236677,37432730,37436706,3976
ENSG00000265601,67225386,67225452,66
ENSG00000236388,33029397,33029830,433
ENSG00000200213,37438843,37438950,107
ENSG00000269591,20268547,20269240,693
ENSG00000231795,33038735,33042357,3622
ENSG00000237212,98857493,98864194,6701
ENSG00000266697,83395302,83395385,83
ENSG00000230212,37441940,37498938,56998
ENSG00000259442,83412975,83419041,6066
ENSG00000207997,33054130,33054223,93
ENSG00000186466,67272038,67289492,17454
ENSG00000225426,29496774,29500922,4148
ENSG00000181741,33063729,33064279,550
ENSG00000236119,37455157,37462712,7555
ENSG00000119408,127019885,127115586,95701
ENSG00000233393,37477179,37481988,4809
ENSG00000206582,33114315,33114411,96
ENSG00000231034,33276492,33276782,290
ENSG00000250988,83419316,83425958,6642
ENSG00000226054,37502669,37504208,1539
ENSG00000237811,29505058,29506141,1083
ENSG00000201938,98865361,98865456,95
ENSG00000225336,33421378,33422265,887
ENSG00000233317,32765194,32766025,831
ENSG00000223441,29520600,29521547,947
ENSG00000228522,67285298,67298632,13334
ENSG00000207635,33578179,33578300,121
ENSG00000232343,32776588,32777418,830
ENSG00000225034,29541315,29542242,927
ENSG00000202150,33618120,33618223,103
ENSG00000201151,33704939,33705010,71
ENSG00000200301,33783109,33783226,117
ENSG00000237238,67327775,67334983,7208
ENSG00000224241,29544866,29545155,289
ENSG00000269202,33789550,33791091,1541
ENSG00000252690,83421636,83425960,4324
ENSG00000264888,33802392,33802492,100
ENSG00000234968,32789345,32790282,937
ENSG00000259805,83594636,83772195,177559
ENSG00000265663,29549656,29549739,83
ENSG00000137090,841690,969090,127400
ENSG00000260608,83681413,83730597,49184
ENSG00000264770,32808498,32808565,67
ENSG00000224146,29549915,29550432,517
ENSG00000223408,67579807,67583159,3352
ENSG00000104064,50569389,50647605,78216
ENSG00000179455,23810454,23873064,62610
ENSG00000249214,83684154,83684448,294
ENSG00000224546,98908289,98910138,1849
ENSG00000199432,67764522,67764633,111
ENSG00000259767,83690988,83693088,2100
ENSG00000228130,29603405,29603688,283
ENSG00000260351,83691323,83759534,68211
ENSG00000265367,98998105,98998204,99
ENSG00000170217,67785634,67786684,1050
ENSG00000134030,46065417,46389588,324171
ENSG00000232283,99008744,99012675,3931
ENSG00000233140,32901778,32904187,2409
ENSG00000259308,83713120,83713523,403
ENSG00000126005,33804265,33865934,61669
ENSG00000207276,99018498,99018601,103
ENSG00000226303,29675447,29675869,422
ENSG00000229198,67789326,67789530,204
ENSG00000238251,99169566,99170079,513
ENSG00000263643,83736087,83736167,80
ENSG00000229573,29687866,29688856,990
ENSG00000233172,67789674,67789866,192
ENSG00000260579,83782369,83783318,949
ENSG00000236233,67792167,67794649,2482
ENSG00000259986,83847934,84108197,260263
ENSG00000240165,67858947,67859228,281
ENSG00000236830,37504065,37528615,24550
ENSG00000252878,67864533,67864627,94
ENSG00000226378,29691488,29713937,22449
ENSG00000223180,84284938,84285010,72
ENSG00000223983,67864636,67864981,345
ENSG00000212374,84386179,84386274,95
ENSG00000064218,976964,991731,14767
ENSG00000261665,84408536,84408951,415
ENSG00000238397,67937393,67937499,106
ENSG00000229230,33805812,33805988,176
ENSG00000233555,68176988,68177568,580
ENSG00000200444,84493615,84493705,90
ENSG00000221484,84657985,84658097,112
ENSG00000261582,33855688,33867846,12158
ENSG00000234042,68298799,68299489,690
ENSG00000259609,84721865,84748849,26984
ENSG00000268951,68315598,68316175,577
ENSG00000132950,20397622,20437776,40154
ENSG00000242039,29691556,29692026,470
ENSG00000235214,33873054,33873559,505
ENSG00000128322,23915312,23922495,7183
ENSG00000224267,68324611,68340644,16033
ENSG00000221763,34041776,34041919,143
ENSG00000250154,29706617,29713857,7240
ENSG00000198862,30300466,30365270,64804
ENSG00000225360,68325436,68325907,471
ENSG00000230155,34064028,34078808,14780
ENSG00000259404,84748920,84795356,46436
ENSG00000228656,68357280,68358558,1278
ENSG00000224848,99449338,99483403,34065
ENSG00000226020,68370604,68370975,371
ENSG00000254585,23888691,23891175,2484
ENSG00000268340,34106682,34107108,426
ENSG00000233820,99488172,99489751,1579
ENSG00000239684,68371626,68371877,251
ENSG00000228900,29713177,29713401,224
ENSG00000269907,99672358,99672687,329
ENSG00000225411,68397878,68409893,12015
ENSG00000259694,84839930,84841946,2016
ENSG00000264495,29715258,29715359,101
ENSG00000227257,99681210,99681600,390
ENSG00000207277,68408924,68409041,117
ENSG00000182636,23930565,23932450,1885
ENSG00000233023,29715614,29716034,420
ENSG00000232815,68413482,68414196,714
ENSG00000259726,84855504,84866136,10632
ENSG00000242507,34108569,34117481,8912
ENSG00000266017,68415308,68415388,80
ENSG00000132801,44486256,44507761,21505
ENSG00000215548,68427861,68455375,27514
ENSG00000224736,29755659,29762533,6874
ENSG00000136930,127115745,127177723,61978
ENSG00000261328,95663313,95664408,1095
ENSG00000266622,70843567,70844228,661
ENSG00000263754,68512346,68512422,76
ENSG00000263614,68513105,68513187,82
ENSG00000260667,95664737,95665349,612
ENSG00000185823,24920541,24928593,8052
ENSG00000236745,99717102,99717743,641
ENSG00000229789,68726629,68745997,19368
ENSG00000224497,34132175,34132492,317
ENSG00000265586,70921453,70945369,23916
ENSG00000173253,1050354,1057552,7198
ENSG00000197214,99830031,99830910,879
ENSG00000226379,29755838,29757872,2034
ENSG00000168612,44509866,44513905,4039
ENSG00000204794,68741234,68809906,68672
ENSG00000228376,99837953,99844227,6274
ENSG00000124092,56071035,56100708,29673
ENSG00000260875,95676179,95676578,399
ENSG00000267705,56419411,56421130,1719
ENSG00000261134,29765137,29767145,2008
ENSG00000187446,41523037,41574043,51006
ENSG00000261921,50355222,50360338,5116
ENSG00000260384,31882412,31907525,25113
ENSG00000267501,56422091,56425074,2983
ENSG00000265923,70970105,70972768,2663
ENSG00000149634,44515128,44516274,1146
ENSG00000266021,68997409,68997484,75
ENSG00000265229,56470253,56470561,308
ENSG00000233465,29767917,29768713,796
ENSG00000238919,69001999,69002081,82
ENSG00000201598,56472500,56472606,106
ENSG00000239070,69002239,69002321,82
ENSG00000267593,56481112,56501596,20484
ENSG00000229461,29777286,29777417,131
ENSG00000233961,69065655,69084989,19334
ENSG00000261006,31960438,31961608,1170
ENSG00000265220,71010609,71021416,10807
ENSG00000224801,29792094,29793073,979
ENSG00000199713,56486115,56486248,133
ENSG00000263147,31970424,31970530,106
ENSG00000124257,44517264,44519926,2662
ENSG00000251870,56593429,56593528,99
ENSG00000235498,29816712,29816840,128
ENSG00000231197,29845969,29846931,962
ENSG00000225151,84867600,84898888,31288
ENSG00000223463,29846427,29849143,2716
ENSG00000260386,31972932,32013732,40800
ENSG00000227558,69080240,69147854,67614
ENSG00000224367,56663966,56736570,72604
ENSG00000223939,32936831,32937507,676
ENSG00000228038,99855976,99856920,944
ENSG00000237689,17350368,17352016,1648
ENSG00000226727,29855211,29856342,1131
ENSG00000213612,99883941,99884771,830
ENSG00000261887,102594406,102614364,19958
ENSG00000225926,29865100,29865466,366
ENSG00000159712,99918852,99983517,64665
ENSG00000226940,29866340,29867202,862
ENSG00000265961,31976478,31976591,113
ENSG00000262789,102581752,102589223,7471
ENSG00000260529,31991282,31997092,5810
ENSG00000226563,29884570,29885560,990
ENSG00000231242,69082536,69108793,26257
ENSG00000180264,127213423,127239379,25956
ENSG00000232816,29885046,29887819,2773
ENSG00000260636,32010891,32013616,2725
ENSG00000215781,43717,74342,30625
ENSG00000252721,99955205,99955307,102
ENSG00000104147,41601466,41624819,23353
ENSG00000189269,23950639,23974508,23869
ENSG00000206668,37434,37534,100
ENSG00000267215,56749156,56752213,3057
ENSG00000237543,69146939,69149621,2682
ENSG00000226354,29890931,29891116,185
ENSG00000226109,29898840,29899831,991
ENSG00000088340,34146507,34195484,48977
ENSG00000267677,57027932,57053981,26049
ENSG00000240907,69174213,69179458,5245
ENSG00000230915,29919578,29921543,1965
ENSG00000267000,57126304,57132914,6610
ENSG00000238551,69392612,69392718,106
ENSG00000267061,57230941,57235847,4906
ENSG00000230745,29933758,29935421,1663
ENSG00000224185,69451764,69452598,834
ENSG00000242375,99957633,99959969,2336
ENSG00000267269,57353052,57355632,2580
ENSG00000229156,69475237,69475614,377
ENSG00000227647,29938075,29941369,3294
ENSG00000267774,57363691,57364644,953
ENSG00000224106,69477881,69478916,1035
ENSG00000224362,29956158,29956554,396
ENSG00000228498,32954063,32954137,74
ENSG00000221471,57416909,57416989,80
ENSG00000188801,99959537,99961910,2373
ENSG00000231745,29957386,29958263,877
ENSG00000224161,57428790,57429137,347
ENSG00000264830,32994589,32994683,94
ENSG00000224762,69485458,69486244,786
ENSG00000225788,33027990,33028504,514
ENSG00000267486,57445804,57446221,417
ENSG00000235832,69498582,69499487,905
ENSG00000224098,33186874,33187283,409
ENSG00000267669,57488272,57492493,4221
ENSG00000156253,30376705,30391699,14994
ENSG00000235310,69501018,69502204,1186
ENSG00000262860,34663352,34720227,56875
ENSG00000236898,33199176,33204718,5542
ENSG00000136931,127243516,127269709,26193
ENSG00000267066,57596458,57597562,1104
ENSG00000264681,69587378,69587444,66
ENSG00000267497,57636670,57638628,1958
ENSG00000181997,69633978,69650004,16026
ENSG00000226513,33211191,33214727,3536
ENSG00000239398,57640146,57640437,291
ENSG00000256704,57677224,57678375,1151
ENSG00000235394,29963964,30024617,60653
ENSG00000225883,69718152,69721729,3577
ENSG00000101665,46446223,46477081,30858
ENSG00000196227,58508819,58523735,14916
ENSG00000267462,57677513,57681490,3977
ENSG00000168379,33219848,33236168,16320
ENSG00000267742,57684010,57684673,663
ENSG00000132670,2844830,3019722,174892
ENSG00000235932,69749821,69750173,352
ENSG00000252555,57685857,57685963,106
ENSG00000203279,99962757,100000982,38225
ENSG00000267686,57792265,57828428,36163
ENSG00000156755,69777099,69777953,854
ENSG00000242060,57816808,57817597,789
ENSG00000239028,69821760,69821841,81
ENSG00000202468,57830800,57830940,140
ENSG00000235494,99995483,99997296,1813
ENSG00000271225,69823283,69823847,564
ENSG00000267620,57863788,57865405,1617
ENSG00000267401,57961384,57968351,6967
ENSG00000267400,58163101,58163569,468
ENSG00000197550,69830288,69848759,18471
ENSG00000266915,58187074,58187398,324
ENSG00000225086,29969075,29970070,995
ENSG00000262485,50357459,50365683,8224
ENSG00000132825,58511894,58515352,3458
ENSG00000236227,32969905,32980956,11051
ENSG00000267687,58192849,58193389,540
ENSG00000227401,34176246,34176529,283
ENSG00000253011,58222376,58222457,81
ENSG00000222460,34231065,34231384,319
ENSG00000223602,69891208,69901481,10273
ENSG00000252549,34235250,34235352,102
ENSG00000267382,58279006,58321856,42850
ENSG00000238549,34304393,34304492,99
ENSG00000223439,29969537,29972910,3373
ENSG00000225357,34340736,34341641,905
ENSG00000206804,69892787,69892893,106
ENSG00000223447,33238300,33238426,126
ENSG00000222152,34357707,34357789,82
ENSG00000128739,25068794,25223870,155076
ENSG00000234274,34438596,34438837,241
ENSG00000224599,70083601,70087216,3615
ENSG00000199676,34441174,34441286,112
ENSG00000267098,58297400,58569959,272559
ENSG00000219608,34466398,34466655,257
ENSG00000254876,100000731,100059596,58865
ENSG00000259488,48604550,48624053,19503
ENSG00000267153,58330348,58331602,1254
ENSG00000201221,34475581,34475723,142
ENSG00000224108,29994686,29995976,1290
ENSG00000236252,70113593,70124467,10874
ENSG00000202542,48617755,48617868,113
ENSG00000267513,58461841,58462149,308
ENSG00000207053,34516492,34516597,105
ENSG00000259705,48938148,48944213,6065
ENSG00000267085,70116128,70116383,255
ENSG00000206769,59058828,59058936,108
ENSG00000243256,59072091,59072438,347
ENSG00000259216,49017535,49018024,489
ENSG00000204780,70143769,70144432,663
ENSG00000260032,34633544,34638882,5338
ENSG00000259469,49021277,49022041,764
ENSG00000267316,59238575,59246689,8114
ENSG00000204778,70181520,70216621,35101
ENSG00000260130,1993155,2113475,120320
ENSG00000259670,49075387,49076318,931
ENSG00000259700,49102898,49103785,887
ENSG00000267279,59252979,59274149,21170
ENSG00000148200,127279554,127533589,254035
ENSG00000235883,49170346,49170937,591
ENSG00000231701,70334349,70337925,3576
ENSG00000259602,49230433,49240228,9795
ENSG00000234139,34660363,34673182,12819
ENSG00000267175,59259608,59416065,156457
ENSG00000259500,49264000,49265558,1558
ENSG00000231470,34663940,34664523,583
ENSG00000235893,70348573,70349113,540
ENSG00000237904,70366921,70367319,398
ENSG00000237063,34674174,34676114,1940
ENSG00000207105,49288109,49288219,110
ENSG00000265942,49334540,49334840,300
ENSG00000239089,34708884,34708994,110
ENSG00000204776,70394238,70395090,852
ENSG00000259656,49393988,49395461,1473
ENSG00000232406,34736648,34743682,7034
ENSG00000228122,17357108,17357311,203
ENSG00000200120,49429959,49430060,101
ENSG00000233765,70662044,70663084,1040
ENSG00000237358,17357442,17357792,350
ENSG00000259467,49448526,49449044,518
ENSG00000264210,49461267,49461350,83
ENSG00000225480,17378335,17378436,101
ENSG00000223780,70727365,70734146,6781
ENSG00000259545,49469807,49470938,1131
ENSG00000232907,35136563,35201794,65231
ENSG00000230481,17385109,17385586,477
ENSG00000243338,49491099,49491391,292
ENSG00000253691,17395125,17395871,746
ENSG00000226904,70843567,70844228,661
ENSG00000259531,49657321,49658882,1561
ENSG00000262113,34794354,34794818,464
ENSG00000253460,17402333,17403063,730
ENSG00000234394,70921444,70945542,24098
ENSG00000259716,35177530,35232932,55402
ENSG00000261597,49944336,49948429,4093
ENSG00000254264,17406842,17407334,492
ENSG00000260002,1981650,1983729,2079
ENSG00000124215,58533471,58609066,75595
ENSG00000159496,24030323,24041363,11040
ENSG00000227688,35248806,35249826,1020
ENSG00000261085,2104674,2142690,38016
ENSG00000253481,17414411,17414893,482
ENSG00000259388,50086443,50088294,1851
ENSG00000225337,70922309,70923361,1052
ENSG00000260893,2426352,2445053,18701
ENSG00000202255,35296962,35297073,111
ENSG00000214889,37504748,37505330,582
ENSG00000270226,17493294,17493822,528
ENSG00000265441,35374459,35374533,74
ENSG00000224958,70970105,70972768,2663
ENSG00000260607,2451484,2454668,3184
ENSG00000242509,35498502,35498793,291
ENSG00000228149,37541268,37542478,1210
ENSG00000259188,50171801,50175722,3921
ENSG00000231241,35650146,35650387,241
ENSG00000064601,44518783,44527459,8676
ENSG00000273082,34318410,34318754,344
ENSG00000265882,37585858,37586136,278
ENSG00000260323,2522436,2555813,33377
ENSG00000226144,35677657,35678110,453
ENSG00000238851,37630724,37630829,105
ENSG00000233178,71010609,71021416,10807
ENSG00000236052,34413462,34584414,170952
ENSG00000236159,35794177,35794715,538
ENSG00000214867,37667471,37668000,529
ENSG00000237438,17517460,17541715,24255
ENSG00000201086,50274640,50274758,118
ENSG00000221597,1176,1259,83
ENSG00000213979,36073135,36073936,801
ENSG00000200605,50514085,50514193,108
ENSG00000239867,4722,4804,82
ENSG00000232441,32528786,32528881,95
ENSG00000273199,37692090,37692968,878
ENSG00000241175,50536828,50537128,300
ENSG00000229019,71041759,71044285,2526
ENSG00000262508,80064160,80064430,270
ENSG00000271819,50639620,50639726,106
ENSG00000235044,36158441,36158945,504
ENSG00000264893,32554352,32554499,147
ENSG00000228107,37732928,37734338,1410
ENSG00000226337,71155952,71259358,103406
ENSG00000224404,34604130,34605251,1121
ENSG00000262286,80094501,80095390,889
ENSG00000224421,37761176,37761410,234
ENSG00000273203,17548711,17551565,2854
ENSG00000244879,50647525,50659636,12111
ENSG00000235074,32559779,32559874,95
ENSG00000263060,80157846,80158854,1008
ENSG00000230479,37802658,37853368,50710
ENSG00000228234,36231254,36231587,333
ENSG00000273442,17561591,17562346,755
ENSG00000234506,71158457,71161505,3048
ENSG00000263118,80174457,80174716,259
ENSG00000235328,17574502,17574829,327
ENSG00000235485,34985077,34987270,2193
ENSG00000225759,36247700,36251521,3821
ENSG00000224025,71224041,71226900,2859
ENSG00000185837,17640274,17646335,6061
ENSG00000204117,36305312,36311636,6324
ENSG00000259715,50651647,50652391,744
ENSG00000199683,36603558,36603883,325
ENSG00000252791,36681049,36681148,99
ENSG00000263971,32576146,32576297,151
ENSG00000236325,17673826,17674198,372
ENSG00000236998,71403223,71404586,1363
ENSG00000264109,50652526,50652607,81
ENSG00000264767,36726798,36727102,304
ENSG00000232351,32658435,32659285,850
ENSG00000269774,17690773,17691374,601
ENSG00000206249,36916733,36954938,38205
ENSG00000185585,127539437,127577164,37727
ENSG00000259465,50709582,50710889,1307
ENSG00000242044,32658441,32661036,2595
ENSG00000224635,37034658,37045444,10786
ENSG00000203416,17694618,17695045,427
ENSG00000236733,71437319,71458191,20872
ENSG00000264867,33321904,33321964,60
ENSG00000228025,32707550,32708382,832
ENSG00000207000,71550789,71550895,106
ENSG00000241832,17737749,17747623,9874
ENSG00000252376,50755578,50755695,117
ENSG00000225696,33322791,33323414,623
ENSG00000270236,71722842,71723133,291
ENSG00000234891,35099117,35100876,1759
ENSG00000242737,50758935,50759293,358
ENSG00000257266,33344436,33344689,253
ENSG00000231004,17809924,17810122,198
ENSG00000221008,84873268,84873351,83
ENSG00000243888,72043164,72043637,473
ENSG00000240466,84874184,84874466,282
ENSG00000259618,50786215,50789277,3062
ENSG00000239547,17833773,17834067,294
ENSG00000226550,32718927,32719761,834
ENSG00000229312,72087382,72109429,22047
ENSG00000234251,33344878,33346777,1899
ENSG00000259633,84924665,84924766,101
ENSG00000229492,17897744,17898875,1131
ENSG00000259298,50789392,50790941,1549
ENSG00000261447,72287665,72288629,964
ENSG00000259683,84944427,84950601,6174
ENSG00000259684,50849798,50852697,2899
ENSG00000232305,17903436,17903823,387
ENSG00000237316,35107899,35120910,13011
ENSG00000243027,50981097,50981388,291
ENSG00000228045,17997708,17998061,353
ENSG00000244056,84948770,84949050,280
ENSG00000259773,51038906,51042026,3120
ENSG00000225626,72433899,72435655,1756
ENSG00000196756,37049235,37063996,14761
ENSG00000156256,30396950,30426809,29859
ENSG00000259570,84949210,84950212,1002
ENSG00000231573,33356678,33362130,5452
ENSG00000141446,19109242,19180845,71603
ENSG00000272675,18036250,18037847,1597
ENSG00000227895,35318599,35468259,149660
ENSG00000241130,51090867,51091148,281
ENSG00000267483,77085427,77512230,426803
ENSG00000221247,84949877,84949960,83
ENSG00000236754,18062923,18071958,9035
ENSG00000121741,20532810,20665968,133158
ENSG00000259378,51236860,51238193,1333
ENSG00000251737,18124172,18124285,113
ENSG00000234510,32732325,32733261,936
ENSG00000235370,84953014,84966399,13385
ENSG00000259240,51329685,51586109,256424
ENSG00000241174,72499279,72499566,287
ENSG00000137804,41624892,41673248,48356
ENSG00000264757,18246946,18247025,79
ENSG00000197361,63889552,63894627,5075
ENSG00000259204,51356806,51361783,4977
ENSG00000233080,35515817,35627049,111232
ENSG00000269220,18260088,18262247,2159
ENSG00000136918,127615755,127620160,4405
ENSG00000266593,51534387,51534461,74
ENSG00000273068,35518654,35523412,4758
ENSG00000093100,18270418,18294263,23845
ENSG00000272887,84956505,84962703,6198
ENSG00000259701,51571124,51572212,1088
ENSG00000266851,32751469,32751536,67
ENSG00000259306,51608038,51614193,6155
ENSG00000204706,72700732,72790804,90072
ENSG00000238153,35560297,35561340,1043
ENSG00000259538,84967471,84976535,9064
ENSG00000270378,51643297,51643389,92
ENSG00000259194,51659574,51661307,1733
ENSG00000259774,84977316,84980581,3265
ENSG00000235408,37053843,37053979,136
ENSG00000259678,51706294,51791030,84736
ENSG00000234365,32845343,32847752,2409
ENSG00000197627,85034711,85043830,9119
ENSG00000225091,37055952,37056085,133
ENSG00000222465,72803487,72803666,179
ENSG00000201512,37058313,37058446,133
ENSG00000261981,77727001,77738304,11303
ENSG00000259668,51749483,51752779,3296
ENSG00000268364,72808913,72873782,64869
ENSG00000259551,85043609,85045612,2003
ENSG00000200354,37062508,37062641,133
ENSG00000233818,37818029,37904706,86677
ENSG00000236801,72832111,72832584,473
ENSG00000201811,37070679,37070812,133
ENSG00000259302,85048694,85048726,32
ENSG00000080503,2015342,2193624,178282
ENSG00000239180,72926523,72926617,94
ENSG00000263437,51901894,51901963,69
ENSG00000272232,73194081,73194377,296
ENSG00000223741,37858281,37859709,1428
ENSG00000136942,127620159,127624260,4101
ENSG00000243453,35590692,35590935,243
ENSG00000259241,51985413,51987962,2549
ENSG00000232086,73322963,73327779,4816
ENSG00000230141,33005421,33010855,5434
ENSG00000238584,35645765,35645826,61
ENSG00000259296,52000192,52007417,7225
ENSG00000231324,38004979,38009331,4352
ENSG00000273176,35694831,35695534,703
ENSG00000223966,73340956,73345772,4816
ENSG00000263005,50367220,50378412,11192
ENSG00000259377,52044682,52048672,3990
ENSG00000266320,35731633,35731751,118
ENSG00000224269,38071073,38073864,2791
ENSG00000207935,73424891,73425000,109
ENSG00000230373,85051116,85060045,8929
ENSG00000233388,35897908,35899633,1725
ENSG00000259632,52151382,52153490,2108
ENSG00000237646,38176285,38178585,2300
ENSG00000224437,73531913,73532417,504
ENSG00000207484,52176753,52176850,97
ENSG00000273044,35922979,35923462,483
ENSG00000199806,38224211,38224328,117
ENSG00000259201,52179757,52193320,13563
ENSG00000229814,74204517,74204849,332
ENSG00000270652,38315567,38316425,858
ENSG00000262762,77774214,77784065,9851
ENSG00000233498,32880393,32881069,676
ENSG00000272337,52199397,52199502,105
ENSG00000224790,38338812,38344128,5316
ENSG00000271166,74419199,74419742,543
ENSG00000229396,33436114,33436396,282
ENSG00000259185,52201099,52201839,740
ENSG00000207416,38359039,38359151,112
ENSG00000200922,74517371,74517466,95
ENSG00000226538,33496510,33496611,101
ENSG00000228587,36081987,36085420,3433
ENSG00000198100,74576256,74576469,213
ENSG00000215734,38366943,38367375,432
ENSG00000259556,52211270,52222824,11554
ENSG00000226336,36099850,36100223,373
ENSG00000236060,74622797,74623052,255
ENSG00000136950,127624409,127640003,15594
ENSG00000232733,33507198,33507695,497
ENSG00000212136,38417830,38417936,106
ENSG00000226691,32897630,32897704,74
ENSG00000270116,38473114,38473643,529
ENSG00000224820,74722734,74723228,494
ENSG00000176659,58630980,58648008,17028
ENSG00000237406,36293318,36294452,1134
ENSG00000266856,33545496,33545602,106
ENSG00000228677,38559967,38566227,6260
ENSG00000259438,52303196,52311292,8096
ENSG00000235523,74872252,74872699,447
ENSG00000264789,32938147,32938241,94
ENSG00000259398,52325904,52327822,1918
ENSG00000207780,18463634,18463727,93
ENSG00000263323,50297735,50300790,3055
ENSG00000237348,32971548,32972062,514
ENSG00000233933,74890369,74890889,520
ENSG00000259712,52348872,52392720,43848
ENSG00000262572,77788214,77797765,9551
ENSG00000235445,18465971,18466385,414
ENSG00000233764,36568470,36568827,357
ENSG00000259178,52374499,52378771,4272
ENSG00000234913,18487036,18490074,3038
ENSG00000261891,50304073,50304803,730
ENSG00000231288,33080692,33081101,409
ENSG00000230366,38580804,38594037,13233
ENSG00000242327,52387492,52387944,452
ENSG00000237446,18501980,18502966,986
ENSG00000252428,74914636,74914754,118
ENSG00000263278,77594114,77600003,5889
ENSG00000230878,33092978,33098520,5542
ENSG00000259327,52408771,52414328,5557
ENSG00000265034,77703258,77703331,73
ENSG00000235295,18512151,18520734,8583
ENSG00000225434,74920346,74958126,37780
ENSG00000267719,77703348,77708399,5051
ENSG00000259709,52416758,52432443,15685
ENSG00000231576,36568982,36569996,1014
ENSG00000225335,18559293,18561650,2357
ENSG00000174365,37075221,37079564,4343
ENSG00000187792,24083769,24093279,9510
ENSG00000262240,77709813,77709908,95
ENSG00000255036,100000779,100139569,138790
ENSG00000262656,141433792,141433956,164
ENSG00000236890,18564232,18564441,209
ENSG00000230003,75060670,75060885,215
ENSG00000206995,52454948,52455049,101
ENSG00000262850,126848622,126849484,862
ENSG00000235617,18584378,18584654,276
ENSG00000259577,52472290,52498071,25781
ENSG00000225947,75085290,75085992,702
ENSG00000234249,33104992,33108528,3536
ENSG00000262653,126849890,126851653,1763
ENSG00000167088,19192228,19210417,18189
ENSG00000262385,126891380,126896116,4736
ENSG00000225225,18585223,18586415,1192
ENSG00000128218,24094930,24096655,1725
ENSG00000238402,75142152,75142255,103
ENSG00000237948,36570309,36570870,561
ENSG00000252596,113982,114087,105
ENSG00000221052,52569314,52569397,83
ENSG00000236862,75270748,75271108,360
ENSG00000263144,54767577,54767685,108
ENSG00000187979,18660805,18688682,27877
ENSG00000266879,54785735,54785806,71
ENSG00000231169,52797386,52798060,674
ENSG00000229753,75356068,75356533,465
ENSG00000223372,33113649,33118417,4768
ENSG00000263646,55064665,55064736,71
ENSG00000138592,50716577,50793280,76703
ENSG00000263969,38587906,38588202,296
ENSG00000265951,55141112,55141181,69
ENSG00000242553,38593720,38610045,16325
ENSG00000179242,59827482,60515673,688191
ENSG00000236849,75486644,75489025,2381
ENSG00000260618,52870039,52890906,20867
ENSG00000197421,18761178,18830912,69734
ENSG00000225557,36571215,36571902,687
ENSG00000260355,57517884,57541253,23369
ENSG00000259935,52940831,52942063,1232
ENSG00000136935,127640646,127710771,70125
ENSG00000237129,36571905,36572574,669
ENSG00000259203,53093811,53097139,3328
ENSG00000260653,57472478,57483910,11432
ENSG00000266464,33337742,33337836,94
ENSG00000228024,75657661,75671444,13783
ENSG00000169314,24105208,24108048,2840
ENSG00000214896,53177792,53178667,875
ENSG00000229088,36574602,36575433,831
ENSG00000173281,8993765,9009084,15319
ENSG00000259612,53229336,53230715,1379
ENSG00000265459,33345976,33346085,109
ENSG00000266345,36711989,36712246,257
ENSG00000221110,75906036,75906143,107
ENSG00000259237,53408562,53421895,13333
ENSG00000237723,33353846,33354469,623
ENSG00000221844,76089294,76090989,1695
ENSG00000223695,36784671,36792562,7891
ENSG00000252066,53944174,53944320,146
ENSG00000262505,156750881,156787425,36544
ENSG00000227750,33375921,33377819,1898
ENSG00000232590,76188531,76194414,5883
ENSG00000199266,37078013,37078146,133
ENSG00000103657,63900817,64126141,225324
ENSG00000265974,57472732,57472797,65
ENSG00000263473,37145206,37145275,69
ENSG00000236701,76263744,76264755,1011
ENSG00000237668,36817318,36817689,371
ENSG00000260315,57490537,57491432,895
ENSG00000231307,37166401,37167101,700
ENSG00000253426,9009252,9025646,16394
ENSG00000212454,76365888,76365993,105
ENSG00000252575,36834869,36834971,102
ENSG00000252225,36836925,36837015,90
ENSG00000223368,76485812,76488213,2401
ENSG00000228719,36841445,36850991,9546
ENSG00000213959,37243556,37244119,563
ENSG00000158201,19230858,19284766,53908
ENSG00000227809,76986447,76998446,11999
ENSG00000199691,37390171,37390485,314
ENSG00000240474,37501413,37501720,307
ENSG00000238064,33387704,33393155,5451
ENSG00000261431,37590568,37590754,186
ENSG00000224825,77100467,77114043,13576
ENSG00000259244,85056472,85070180,13708
ENSG00000223864,37606354,37607065,711
ENSG00000202217,77414811,77415138,327
ENSG00000270954,77419389,77419689,300
ENSG00000230324,37842420,37853391,10971
ENSG00000262635,156775890,156841558,65668
ENSG00000252159,77462422,77462517,95
ENSG00000168384,33065822,33082016,16194
ENSG00000188078,36932703,36933651,948
ENSG00000211534,37900183,37900258,75
ENSG00000250479,24108021,24110630,2609
ENSG00000252758,77472591,77472697,106
ENSG00000224357,37957657,37958567,910
ENSG00000224297,77550092,77550612,520
ENSG00000229971,36948212,36948747,535
ENSG00000263943,37977739,37978035,296
ENSG00000261675,36956917,36958962,2045
ENSG00000203321,77567884,77611209,43325
ENSG00000241840,37981402,37981674,272
ENSG00000234688,37099963,37117517,17554
ENSG00000229976,38414363,38441871,27508
ENSG00000229587,77624744,77630952,6208
ENSG00000189136,85070012,85114447,44435
ENSG00000234979,37212370,37215780,3410
ENSG00000234878,38561564,38561881,317
ENSG00000200041,77796436,77796537,101
ENSG00000260749,57492210,57493383,1173
ENSG00000124253,56136136,56141513,5377
ENSG00000212316,77812987,77813093,106
ENSG00000237767,38633119,38637171,4052
ENSG00000235707,78016805,78017908,1103
ENSG00000224874,33477104,33477621,517
ENSG00000272948,38640085,38640785,700
ENSG00000236376,78194585,78203464,8879
ENSG00000233415,38660227,38672531,12304
ENSG00000121743,20712394,20735188,22794
ENSG00000273210,38737779,38738234,455
ENSG00000238598,78291823,78291928,105
ENSG00000263518,38731860,38731998,138
ENSG00000263238,156845270,156875063,29793
ENSG00000233213,39089405,39091872,2467
ENSG00000264310,78338661,78338746,85
ENSG00000223410,38749682,38754998,5316
ENSG00000234644,78339138,78339491,353
ENSG00000264691,39334968,39335068,100
ENSG00000141627,46570039,46987717,417678
ENSG00000183822,37243415,37266483,23068
ENSG00000223608,39378846,39382920,4074
ENSG00000252434,39045515,39045586,71
ENSG00000238826,78527369,78527465,96
ENSG00000229771,39326535,39327256,721
ENSG00000238581,39559551,39559656,105
ENSG00000231137,78901410,78902997,1587
ENSG00000238908,39482759,39482869,110
ENSG00000270835,39576638,39577700,1062
ENSG00000239056,37344522,37344599,77
ENSG00000222612,39652845,39653034,189
ENSG00000165474,20761609,20767037,5428
ENSG00000239989,18781927,18782317,390
ENSG00000232254,37346571,37349764,3193
ENSG00000234618,79013615,79014502,887
ENSG00000233316,39578250,39580738,2488
ENSG00000226648,39726969,39766643,39674
ENSG00000234764,18821207,18821951,744
ENSG00000233814,79034850,79035547,697
ENSG00000226012,39609139,39610123,984
ENSG00000215544,18843134,18846153,3019
ENSG00000140553,91473410,91497323,23913
ENSG00000272029,39809096,39825427,16331
ENSG00000231123,39610149,39610586,437
ENSG00000102309,71401203,71522776,121573
ENSG00000219149,79164198,79164687,489
ENSG00000272407,39825287,39825578,291
ENSG00000205677,33503674,33504369,695
ENSG00000241781,79186731,79186787,56
ENSG00000231231,39695557,39705343,9786
ENSG00000259728,85113880,85123406,9526
ENSG00000265488,79281002,79281087,85
ENSG00000242748,39825331,39825797,466
ENSG00000215403,37361289,37364213,2924
ENSG00000225937,79379352,79402485,23133
ENSG00000263989,39918922,39919217,295
ENSG00000252412,37409266,37409360,94
ENSG00000235102,39959763,39960300,537
ENSG00000099953,24110413,24126503,16090
ENSG00000230335,79546177,79546982,805
ENSG00000231602,33527511,33527612,101
ENSG00000229398,40011023,40011747,724
ENSG00000237517,18958027,19018755,60728
ENSG00000201078,37451073,37451387,314
ENSG00000236604,79585238,79585944,706
ENSG00000235088,40087994,40090584,2590
ENSG00000231467,37476108,37478887,2779
ENSG00000229857,79607015,79608024,1009
ENSG00000179253,60292562,60294804,2242
ENSG00000206641,54056401,54056507,106
ENSG00000232493,40176061,40176561,500
ENSG00000267038,59348886,59349928,1042
ENSG00000056678,33529672,33530001,329
ENSG00000259301,54129468,54129757,289
ENSG00000232851,79655317,79655589,272
ENSG00000252386,40313625,40313730,105
ENSG00000260440,59415409,59421928,6519
ENSG00000252142,37534064,37534123,59
ENSG00000199287,40328260,40328355,95
ENSG00000261923,14665269,14892350,227081
ENSG00000212224,40341118,40341239,121
ENSG00000235237,37562797,37578890,16093
ENSG00000233526,79687016,79688211,1195
ENSG00000225458,40619780,40692609,72829
ENSG00000259669,54239821,54269105,29284
ENSG00000226233,37611778,37611931,153
ENSG00000267597,59624506,59625247,741
ENSG00000271275,18984651,18985108,457
ENSG00000273032,19005347,19007761,2414
ENSG00000232998,79791672,79792910,1238
ENSG00000255594,37621304,37622035,731
ENSG00000266900,59913043,59914645,1602
ENSG00000121742,20796110,20806534,10424
ENSG00000270393,19005556,19006429,873
ENSG00000243902,37735624,37823480,87856
ENSG00000267560,59967269,59968231,962
ENSG00000231373,80071211,80141613,70402
ENSG00000273164,19010569,19011063,494
ENSG00000223651,40625771,40628037,2266
ENSG00000259619,54340785,54343073,2288
ENSG00000199867,59998045,59998146,101
ENSG00000228248,80195161,80195544,383
ENSG00000267341,60040127,60045363,5236
ENSG00000237862,37748230,37750879,2649
ENSG00000241527,19019077,19022077,3000
ENSG00000259550,54612929,54613763,834
ENSG00000201711,80250119,80250225,106
ENSG00000272694,37767724,37768898,1174
ENSG00000241088,60082911,60083460,549
ENSG00000173611,127704887,127905785,200898
ENSG00000233457,80765448,80766109,661
ENSG00000225867,37946033,37947742,1709
ENSG00000260937,55348945,55384371,35426
ENSG00000267487,60085551,60085809,258
ENSG00000222452,80780381,80780694,313
ENSG00000233360,38037839,38054384,16545
ENSG00000156261,30428126,30446118,17992
ENSG00000228959,40642674,40644118,1444
ENSG00000266920,60109261,60110359,1098
ENSG00000233947,80793179,80794428,1249
ENSG00000254483,100000927,100008466,7539
ENSG00000267954,24124467,24126145,1678
ENSG00000243549,60317543,60317834,291
ENSG00000241333,38065473,38065746,273
ENSG00000273173,25200133,25223729,23596
ENSG00000229892,41235334,41236199,865
ENSG00000225973,55609382,55611359,1977
ENSG00000228781,80795130,80795609,479
ENSG00000238569,38181533,38181614,81
ENSG00000206746,60398459,60398565,106
ENSG00000254633,100038848,100058041,19193
ENSG00000207945,38240279,38240378,99
ENSG00000267766,60818347,60818553,206
ENSG00000229042,41314044,41317202,3158
ENSG00000234819,80834036,80834273,237
ENSG00000207696,38243685,38243781,96
ENSG00000238988,60861822,60861898,76
ENSG00000267701,60981035,60981315,280
ENSG00000207227,38287354,38287455,101
ENSG00000221269,100125836,100125963,127
ENSG00000173273,9413424,9639856,226432
ENSG00000270627,81204074,81204455,381
ENSG00000272582,38346972,38347785,813
ENSG00000227599,41597383,41600132,2749
ENSG00000267390,61034561,61048862,14301
ENSG00000264505,38384801,38384860,59
ENSG00000130699,60528525,60640866,112341
ENSG00000261771,55647446,55790558,143112
ENSG00000237257,81356636,81357660,1024
ENSG00000147852,2621834,2660053,38219
ENSG00000223190,41691966,41692249,283
ENSG00000222044,38428172,38430235,2063
ENSG00000267430,61082550,61083702,1152
ENSG00000233508,41818862,41830011,11149
ENSG00000186871,71424510,71458897,34387
ENSG00000273214,38439237,38439927,690
ENSG00000226234,81651329,81652484,1155
ENSG00000233739,38453187,38469947,16760
ENSG00000240639,41850846,41851147,301
ENSG00000272720,38486134,38487566,1432
ENSG00000269989,61152834,61153251,417
ENSG00000226038,41859400,41859900,500
ENSG00000207964,55665138,55665232,94
ENSG00000260995,81750337,81760589,10252
ENSG00000256873,38616385,38617120,735
ENSG00000214318,61164222,61164633,411
ENSG00000260036,55734833,55735555,722
ENSG00000266074,79369275,79440126,70851
ENSG00000259180,55972583,55973661,1078
ENSG00000235246,38627326,38628254,928
ENSG00000252193,41933195,41933319,124
ENSG00000186940,82006219,82006674,455
ENSG00000237314,61739392,61739887,495
ENSG00000237555,42017282,42017681,399
ENSG00000241693,38627726,38627999,273
ENSG00000259369,56038837,56038965,128
ENSG00000265311,38670345,38670430,85
ENSG00000201021,42034113,42034218,105
ENSG00000165475,20977806,21099996,122190
ENSG00000233086,82120719,82147257,26538
ENSG00000221218,56053215,56053300,85
ENSG00000233711,42051836,42052178,342
ENSG00000179676,61747243,61816264,69021
ENSG00000238513,56247899,56248002,103
ENSG00000228957,100148522,100158394,9872
ENSG00000206998,42079799,42079900,101
ENSG00000230183,56297911,56299374,1463
ENSG00000035664,64199235,64364232,164997
ENSG00000201372,42101653,42101759,106
ENSG00000240979,82340984,82341236,252
ENSG00000234271,42151901,42152212,311
ENSG00000137806,41679551,41694717,15166
ENSG00000239703,56321886,56322179,293
ENSG00000226143,42178029,42179589,1560
ENSG00000270691,82465786,82466413,627
ENSG00000267134,61771325,62090836,319511
ENSG00000261333,56363619,56363837,218
ENSG00000228174,100274988,100280118,5130
ENSG00000230763,33077161,33088426,11265
ENSG00000238002,82477934,82481790,3856
ENSG00000215467,42281163,42281931,768
ENSG00000232494,82489611,82501593,11982
ENSG00000206801,42425077,42425183,106
ENSG00000236392,61814443,61826533,12090
ENSG00000233277,42523360,42524108,748
ENSG00000260564,82503916,82506922,3006
ENSG00000230945,82645494,82649470,3976
ENSG00000241229,42635888,42636178,290
ENSG00000266952,61880317,61927290,46973
ENSG00000099956,24129150,24176703,47553
ENSG00000236521,82971944,82975253,3309
ENSG00000198034,71475529,71497150,21621
ENSG00000231480,39874369,39874545,176
ENSG00000252818,62216690,62216742,52
ENSG00000232981,83178486,83179545,1059
ENSG00000256278,85154920,85158200,3280
ENSG00000223891,42839600,42854667,15067
ENSG00000263863,62773109,62792946,19837
ENSG00000225901,83179947,83180877,930
ENSG00000221581,83349157,83349244,87
ENSG00000244627,38731767,38794934,63167
ENSG00000177576,47008028,47013622,5594
ENSG00000223806,40110945,40119384,8439
ENSG00000264131,62853395,62854254,859
ENSG00000234637,83397253,83397685,432
ENSG00000264232,63091249,63114748,23499
ENSG00000201363,42973479,42973569,90
ENSG00000226812,42976192,42983825,7633
ENSG00000265217,63273326,63319289,45963
ENSG00000226798,83484673,83486210,1537
ENSG00000263720,63532498,63533633,1135
ENSG00000231521,100396797,100398333,1536
ENSG00000228375,84025194,84025545,351
ENSG00000229005,43001386,43024346,22960
ENSG00000263622,63585018,63588178,3160
ENSG00000214417,100461204,100463016,1812
ENSG00000262968,14899553,14913798,14245
ENSG00000237072,84103223,84103752,529
ENSG00000176700,85174682,85185695,11013
ENSG00000264685,63735986,63736883,897
ENSG00000233926,84304628,84391815,87187
ENSG00000233376,43018264,43020177,1913
ENSG00000221536,64320646,64320738,92
ENSG00000266608,100462516,100462607,91
ENSG00000266151,43036760,43036843,83
ENSG00000238680,64613353,64613459,106
ENSG00000207206,84340158,84340264,106
ENSG00000265893,43053692,43053781,89
ENSG00000264409,64710604,64710681,77
ENSG00000263404,84420911,84420996,85
ENSG00000273283,43062837,43063236,399
ENSG00000263354,64748821,64748923,102
ENSG00000252167,84500411,84500513,102
ENSG00000237907,43077417,43078732,1315
ENSG00000260677,100505490,100507217,1727
ENSG00000200969,84503833,84503900,67
ENSG00000264054,64804848,64804988,140
ENSG00000226243,43095204,43095482,278
ENSG00000265580,64963519,64963619,100
ENSG00000265936,65042370,65042542,172
ENSG00000132832,43285092,43324737,39645
ENSG00000240632,84528352,84534841,6489
ENSG00000260578,65149028,65152203,3175
ENSG00000125787,3024268,3026393,2125
ENSG00000229955,38783923,38784862,939
ENSG00000263424,65173826,65181267,7441
ENSG00000119414,127908852,127952218,43366
ENSG00000228620,38820293,38823341,3048
ENSG00000244558,43323533,43374662,51129
ENSG00000265533,65183783,65566856,383073
ENSG00000224279,38970936,38971436,500
ENSG00000230846,84542936,84546283,3347
ENSG00000254414,85175129,85177218,2089
ENSG00000236130,100568217,100572290,4073
ENSG00000230912,39062513,39064755,2242
ENSG00000264040,65269929,65270259,330
ENSG00000263911,43509479,43509775,296
ENSG00000137815,41700606,41775761,75155
ENSG00000201830,100677972,100678078,106
ENSG00000254779,85177105,85177866,761
ENSG00000233348,31596744,31610423,13679
ENSG00000101752,19284918,19450918,166000
ENSG00000263594,65339458,65343315,3857
ENSG00000236896,100748833,100749938,1105
ENSG00000227477,43592435,43595043,2608
ENSG00000124256,56178902,56195632,16730
ENSG00000259654,85229115,85230177,1062
ENSG00000189357,84543398,84549913,6515
ENSG00000228274,39063590,39077825,14235
ENSG00000212521,100794512,100794617,105
ENSG00000206739,19032769,19032880,111
ENSG00000265472,65375166,65375483,317
ENSG00000259415,85296353,85297733,1380
ENSG00000273311,19033675,19035888,2213
ENSG00000252021,43632989,43633095,106
ENSG00000264104,65455505,65458272,2767
ENSG00000200991,85395729,85395846,117
ENSG00000233352,43858458,43858832,374
ENSG00000237347,19043314,19044025,711
ENSG00000207037,85481647,85481753,106
ENSG00000265555,65475742,65482059,6317
ENSG00000212388,85482848,85482954,106
ENSG00000243995,43859509,43861972,2463
ENSG00000223461,19109042,19112016,2974
ENSG00000271044,85483735,85484364,629
ENSG00000229598,39118748,39119510,762
ENSG00000265240,65497908,65499204,1296
ENSG00000272682,19111822,19115962,4140
ENSG00000259270,85721859,85722037,178
ENSG00000232880,44016987,44017345,358
ENSG00000264634,65608186,65623663,15477
ENSG00000267559,84545141,84592004,46863
ENSG00000234011,44076042,44076982,940
ENSG00000231086,19112392,19113159,767
ENSG00000257034,39127778,39128531,753
ENSG00000264869,65769353,65781614,12261
ENSG00000237464,44116253,44118888,2635
ENSG00000260924,19158908,19160352,1444
ENSG00000264699,65925576,65932064,6488
ENSG00000224001,100996991,100997849,858
ENSG00000203583,39128914,39129588,674
ENSG00000186788,84558474,84565009,6535
ENSG00000237068,44119458,44120311,853
ENSG00000230194,19225966,19226262,296
ENSG00000244491,39130730,39134770,4040
ENSG00000260747,65945039,65945480,441
ENSG00000251940,19237396,19237489,93
ENSG00000232135,44165435,44165653,218
ENSG00000166797,64364758,64386217,21459
ENSG00000230149,39130735,39134995,4260
ENSG00000233471,19245043,19246329,1286
ENSG00000229897,101369115,101370415,1300
ENSG00000265425,66094267,66104155,9888
ENSG00000229900,44168622,44168866,244
ENSG00000237770,84583753,84586985,3232
ENSG00000099958,24176690,24181315,4625
ENSG00000273096,39132615,39132797,182
ENSG00000244296,19353289,19353565,276
ENSG00000263355,66123188,66124114,926
ENSG00000201923,44188397,44188515,118
ENSG00000185065,19435416,19437628,2212
ENSG00000225450,39135008,39145046,10038
ENSG00000230860,44196629,44197446,817
ENSG00000231649,84672562,84678597,6035
ENSG00000264697,66195207,66195360,153
ENSG00000272669,39138630,39139120,490
ENSG00000235508,44269125,44270009,884
ENSG00000273300,19441702,19442128,426
ENSG00000230360,84701070,84703683,2613
ENSG00000263637,66420416,66421820,1404
ENSG00000273076,39139500,39139915,415
ENSG00000168263,2717502,2730037,12535
ENSG00000273212,19444026,19444485,459
ENSG00000266071,44333741,44333819,78
ENSG00000235377,84745667,84746547,880
ENSG00000207072,66526171,66526277,106
ENSG00000235209,39317232,39320713,3481
ENSG00000230485,19618273,19621097,2824
ENSG00000226188,44374376,44374926,550
ENSG00000264444,66533754,66534265,511
ENSG00000249310,39387564,39394214,6650
ENSG00000168630,44378559,44378713,154
ENSG00000225007,19654546,19655078,532
ENSG00000264236,66659955,66660612,657
ENSG00000259421,39466419,39466676,257
ENSG00000221046,44407337,44407462,125
ENSG00000235776,19779817,19780617,800
ENSG00000271984,44521333,44522058,725
ENSG00000264705,66879514,66881587,2073
ENSG00000232926,19874812,19875493,681
ENSG00000225720,39487591,39488860,1269
ENSG00000215472,47008051,47017956,9905
ENSG00000125901,3026591,3028900,2309
ENSG00000235525,44603888,44604714,826
ENSG00000264845,67136753,67138972,2219
ENSG00000265087,19951276,19951357,81
ENSG00000261072,56484551,56485460,909
ENSG00000208023,20020662,20020743,81
ENSG00000228430,84887671,85179347,291676
ENSG00000226024,39516298,39516571,273
ENSG00000199784,56566728,56566834,106
ENSG00000204044,44642141,44650712,8571
ENSG00000261174,56615391,56615917,526
ENSG00000227009,39551530,39551950,420
ENSG00000229986,40218171,40220568,2397
ENSG00000101405,3052266,3053163,897
ENSG00000259941,56686519,56688983,2464
ENSG00000203346,44644111,44644231,120
ENSG00000236540,20050503,20058066,7563
ENSG00000261823,56700681,56702384,1703
ENSG00000205622,40249215,40328392,79177
ENSG00000224794,39688993,39691568,2575
ENSG00000213820,44728157,44728815,658
ENSG00000209480,39709824,39709916,92
ENSG00000229925,40260696,40275829,15133
ENSG00000260392,56835150,56921790,86640
ENSG00000209482,39711218,39711312,94
ENSG00000149657,60697517,60710434,12917
ENSG00000272015,40266709,40266791,82
ENSG00000229957,44797043,44799876,2833
ENSG00000263764,39715055,39715118,63
ENSG00000227721,40266841,40267176,335
ENSG00000170236,50792759,50838905,46146
ENSG00000225085,85020103,85021154,1051
ENSG00000227188,39871812,39872827,1015
ENSG00000234035,40285093,40287072,1979
ENSG00000101200,3063202,3065370,2168
ENSG00000136933,127962821,127996437,33616
ENSG00000215452,45042867,45087915,45048
ENSG00000147535,38120648,38126761,6113
ENSG00000228046,85042265,85042940,675
ENSG00000235647,40146132,40147298,1166
ENSG00000225625,57138538,57138804,266
ENSG00000232837,40346355,40349700,3345
ENSG00000267807,79483771,79497647,13876
ENSG00000268292,20052075,20053228,1153
ENSG00000228123,85046804,85047820,1016
ENSG00000238875,40270259,40270519,260
ENSG00000235888,40360633,40378079,17446
ENSG00000266567,20073269,20073356,87
ENSG00000225849,45092541,45093763,1222
ENSG00000222586,57258523,57258595,72
ENSG00000232749,85068260,85070140,1880
ENSG00000102100,48760459,48769235,8776
ENSG00000226085,40271293,40272119,826
ENSG00000221366,20073581,20073665,84
ENSG00000260689,57539158,57540091,933
ENSG00000237721,40378574,40383255,4681
ENSG00000233309,85358982,85359707,725
ENSG00000225528,40356401,40360687,4286
ENSG00000243762,20098344,20099398,1054
ENSG00000251776,85815855,85816143,288
ENSG00000265643,67150863,67285930,135067
ENSG00000239035,57570768,57570871,103
ENSG00000237609,40400461,40401053,592
ENSG00000261202,40439072,40440534,1462
ENSG00000080608,2720469,2844241,123772
ENSG00000264346,20113925,20114049,124
ENSG00000229109,85834246,85849157,14911
ENSG00000184617,45113100,45121279,8179
ENSG00000247982,57592563,57599959,7396
ENSG00000266840,67372214,67392211,19997
ENSG00000249923,20186252,20192441,6189
ENSG00000228599,40502329,40503070,741
ENSG00000251752,85890856,85891029,173
ENSG00000266304,68003165,68004546,1381
ENSG00000228861,40499494,40499966,472
ENSG00000237529,85891291,85894414,3123
ENSG00000260172,57611336,57616106,4770
ENSG00000264059,68029359,68029459,100
ENSG00000229999,40768668,40784294,15626
ENSG00000236499,20193920,20196047,2127
ENSG00000238608,86067188,86067290,102
ENSG00000266278,68047376,68051827,4451
ENSG00000252256,86096182,86096252,70
ENSG00000221039,20236657,20236734,77
ENSG00000235701,40543056,40544032,976
ENSG00000260870,57617670,57618645,975
ENSG00000199483,86211359,86211499,140
ENSG00000032742,21140585,21265503,124918
ENSG00000265698,68079291,68079627,336
ENSG00000272834,40811007,40811449,442
ENSG00000254473,86322509,86328293,5784
ENSG00000161132,20287283,20300739,13456
ENSG00000272991,40556395,40556825,430
ENSG00000227413,40829140,40829645,505
ENSG00000271784,45318298,45318928,630
ENSG00000252984,57697272,57697373,101
ENSG00000214255,68096396,68098361,1965
ENSG00000232564,40917804,40922711,4907
ENSG00000232608,40588550,40589432,882
ENSG00000266136,45439477,45439561,84
ENSG00000261489,57769682,57770527,845
ENSG00000273343,20305642,20306272,630
ENSG00000222874,45487972,45488311,339
ENSG00000252124,40924061,40924137,76
ENSG00000261265,57819385,57821207,1822
ENSG00000237373,40589019,40591731,2712
ENSG00000235922,45492202,45492743,541
ENSG00000226877,86444571,86452776,8205
ENSG00000172912,40965290,40965899,609
ENSG00000267026,101609511,101634697,25186
ENSG00000257637,33078411,33080790,2379
ENSG00000240874,57848149,57848577,428
ENSG00000229623,40607312,40607946,634
ENSG00000273139,20308262,20308726,464
ENSG00000236028,45529782,45530365,583
ENSG00000261219,58012493,58013126,633
ENSG00000230071,40982704,40984007,1303
ENSG00000255568,40685887,40686886,999
ENSG00000259477,58271914,58272844,930
ENSG00000226769,45626235,45627127,892
ENSG00000188424,20326328,20350457,24129
ENSG00000231907,41069488,41070455,967
ENSG00000259285,58357423,58363241,5818
ENSG00000239783,45700504,45700875,371
ENSG00000238141,40687633,40695144,7511
ENSG00000230769,41184781,41185271,490
ENSG00000259651,58442474,58442762,288
ENSG00000259449,85724441,85725314,873
ENSG00000235578,20330726,20331888,1162
ENSG00000215450,45789477,45790339,862
ENSG00000252915,40716463,40716554,91
ENSG00000238556,40717300,40717383,83
ENSG00000233603,41194043,41194289,246
ENSG00000259626,58442834,58443161,327
ENSG00000230410,20336866,20341114,4248
ENSG00000264901,45795609,45795700,91
ENSG00000227406,40745689,40748992,3303
ENSG00000266594,41209887,41209962,75
ENSG00000265532,45936797,45937126,329
ENSG00000259600,58443232,58444712,1480
ENSG00000231616,86446501,86483335,36834
ENSG00000044574,127997132,128003609,6477
ENSG00000263770,45943269,45943336,67
ENSG00000238887,41310883,41310986,103
ENSG00000235704,20377669,20378803,1134
ENSG00000273451,45976881,45977886,1005
ENSG00000200683,41313747,41313850,103
ENSG00000259295,85734669,85757136,22467
ENSG00000259379,58444805,58446606,1801
ENSG00000222698,41441501,41441595,94
ENSG00000235808,40860253,40860686,433
ENSG00000231119,45981305,45983377,2072
ENSG00000266175,41456636,41456705,69
ENSG00000156265,30449792,30548210,98418
ENSG00000224565,46020673,46041071,20398
ENSG00000237214,41460056,41460640,584
ENSG00000259671,58447159,58448260,1101
ENSG00000234075,46106958,46107754,796
ENSG00000206176,20378814,20380440,1626
ENSG00000199515,41461558,41461650,92
ENSG00000213857,41470184,41471243,1059
ENSG00000202186,46113022,46113125,103
ENSG00000214265,25200181,25245423,45242
ENSG00000221160,41488517,41488570,53
ENSG00000201742,46121722,46121829,107
ENSG00000207603,86584663,86584772,109
ENSG00000221294,46199679,46199759,80
ENSG00000252859,41564221,41564320,99
ENSG00000235298,86587148,86590692,3544
ENSG00000232754,41565194,41579148,13954
ENSG00000229338,101652872,101654219,1347
ENSG00000202523,86607847,86607948,101
ENSG00000228349,40863470,40863824,354
ENSG00000231993,41570595,41593460,22865
ENSG00000227463,86678358,86709492,31134
ENSG00000229853,46259010,46260182,1172
ENSG00000215771,41585731,41586192,461
ENSG00000235012,40897510,40901782,4272
ENSG00000270166,86693499,86693772,273
ENSG00000233262,86893134,86905046,11912
ENSG00000235513,41605126,41613631,8505
ENSG00000228095,87219026,87219344,318
ENSG00000199865,41773181,41773287,106
ENSG00000273424,41826938,41827379,441
ENSG00000226590,87774597,87774865,268
ENSG00000255438,46306645,46315041,8396
ENSG00000200332,42044093,42044194,101
ENSG00000227412,88107494,88109009,1515
ENSG00000238950,46455713,46455788,75
ENSG00000207457,42075715,42075821,106
ENSG00000215448,46488532,46489416,884
ENSG00000229212,85747141,85778026,30885
ENSG00000255782,42090191,42092048,1857
ENSG00000234424,88368221,88401490,33269
ENSG00000251770,46501935,46502017,82
ENSG00000231261,42105229,42105493,264
ENSG00000270412,101705619,101706057,438
ENSG00000238785,46533092,46533167,75
ENSG00000252942,101908122,101908248,126
ENSG00000252603,42118047,42118135,88
ENSG00000234967,46579543,46580799,1256
ENSG00000229454,88370957,88380027,9070
ENSG00000206813,42143316,42143417,101
ENSG00000227269,101945655,101947173,1518
ENSG00000184068,42227219,42230669,3450
ENSG00000240235,101947868,101948148,280
ENSG00000228503,46586766,46587347,581
ENSG00000207932,42296948,42297016,68
ENSG00000237423,46609232,46617488,8256
ENSG00000222337,102046304,102046655,351
ENSG00000230303,88400637,88408395,7758
ENSG00000260655,42318027,42319104,1077
ENSG00000229522,46612148,46613057,909
ENSG00000263463,42319226,42319301,75
ENSG00000124225,56223448,56286592,63144
ENSG00000252227,46764686,46764766,80
ENSG00000175806,9911778,10286401,374623
ENSG00000205704,42348169,42354937,6768
ENSG00000235621,46988693,46999372,10679
ENSG00000165121,88430881,88464426,33545
ENSG00000224883,42377308,42378221,913
ENSG00000215347,42397073,42397970,897
ENSG00000213711,88513818,88514631,813
ENSG00000238498,42472062,42472165,103
ENSG00000255815,102067394,102068893,1499
ENSG00000270083,42485634,42486032,398
ENSG00000236874,47012066,47013638,1572
ENSG00000231741,88549503,88551514,2011
ENSG00000238452,47122480,47122555,75
ENSG00000251876,47355867,47355985,118
ENSG00000233713,88747537,88747766,229
ENSG00000230758,47654894,47655139,245
ENSG00000270688,88843730,88843898,168
ENSG00000266142,30051790,30051922,132
ENSG00000223012,88873273,88873561,288
ENSG00000237050,30068180,30077657,9477
ENSG00000227431,47657000,47662581,5581
ENSG00000214908,88989881,88990621,740
ENSG00000172458,21276266,21297237,20971
ENSG00000263589,30145745,30145906,161
ENSG00000028528,64386322,64438289,51967
ENSG00000226284,47751017,47751549,532
ENSG00000235819,89029197,89029485,288
ENSG00000226175,30199679,30201500,1821
ENSG00000237037,42486935,42535286,48351
ENSG00000240934,58492805,58493217,412
ENSG00000222293,89037853,89038043,190
ENSG00000232211,89247062,89311411,64349
ENSG00000259293,58727089,58790934,63845
ENSG00000240924,30246907,30338582,91675
ENSG00000226237,89563614,89616948,53334
ENSG00000271086,102117619,102139522,21903
ENSG00000259476,58813510,58815570,2060
ENSG00000133460,24198890,24228496,29606
ENSG00000259250,58879706,58883875,4169
ENSG00000269994,89623370,89657041,33671
ENSG00000231928,30251169,30254730,3561
ENSG00000239100,58892331,58892434,103
ENSG00000092439,50844670,50979012,134342
ENSG00000270986,58964495,58965132,637
ENSG00000231007,89626567,89628066,1499
ENSG00000169762,16162128,16229033,66905
ENSG00000182625,58978610,58978816,206
ENSG00000224887,89699076,89700066,990
ENSG00000239618,30272044,30305476,33432
ENSG00000150456,21302870,21348097,45227
ENSG00000199730,58996051,58996353,302
ENSG00000265681,47014851,47018906,4055
ENSG00000212421,89875365,89875500,135
ENSG00000234860,102293978,102299206,5228
ENSG00000259173,59047824,59048446,622
ENSG00000228373,90038549,90038808,259
ENSG00000102096,48770459,48776301,5842
ENSG00000200318,59052666,59052880,214
ENSG00000219928,90140217,90140390,173
ENSG00000213790,42503769,42504957,1188
ENSG00000245975,59060271,59063173,2902
ENSG00000236709,90168369,90169374,1005
ENSG00000259402,59107471,59109927,2456
ENSG00000227370,42528550,42529005,455
ENSG00000237747,90356148,90356868,720
ENSG00000177410,47894715,47905797,11082
ENSG00000259353,59149030,59157262,8232
ENSG00000232710,42532442,42535938,3496
ENSG00000222408,90359816,90359908,92
ENSG00000101182,60711791,60718496,6705
ENSG00000259738,59157205,59157502,297
ENSG00000242747,59161858,59162333,475
ENSG00000188029,90387368,90401799,14431
ENSG00000226450,42545877,42551007,5130
ENSG00000225798,59182166,59186281,4115
ENSG00000232743,90431380,90432885,1505
ENSG00000259393,59259245,59260007,762
ENSG00000237461,102348068,102582171,234103
ENSG00000241640,59341598,59342584,986
ENSG00000237743,90441402,90452140,10738
ENSG00000114062,25582381,25684128,101747
ENSG00000182057,42665759,42671202,5443
ENSG00000230660,30303261,30339598,36337
ENSG00000255145,102648608,102668883,20275
ENSG00000176731,86126311,86132650,6339
ENSG00000259732,59413233,59425449,12216
ENSG00000254571,102677359,102692178,14819
ENSG00000221096,59443177,59443267,90
ENSG00000234709,102760583,102761351,768
ENSG00000253030,59463382,59463461,79
ENSG00000233903,42672361,42673058,697
ENSG00000209042,47895477,47895565,88
ENSG00000222365,47896856,47896946,90
ENSG00000273366,42674194,42674852,658
ENSG00000234575,90459067,90462229,3162
ENSG00000156273,30566392,31003071,436679
ENSG00000212304,47897220,47897309,89
ENSG00000265225,48203218,48203311,93
ENSG00000124237,56725960,56736206,10246
ENSG00000264946,48338486,48338782,296
ENSG00000229891,42760406,42765242,4836
ENSG00000080298,3218297,3526004,307707
ENSG00000231878,48346128,48346379,251
ENSG00000207725,45606421,45606530,109
ENSG00000252540,48411348,48411451,103
ENSG00000269902,45624175,45624702,527
ENSG00000252123,48444529,48444590,61
ENSG00000233884,90463028,90468357,5329
ENSG00000230107,42834029,42842201,8172
ENSG00000234095,30363873,30364007,134
ENSG00000237788,48445662,48447622,1960
ENSG00000231566,45707328,45710920,3592
ENSG00000214888,90471930,90474314,2384
ENSG00000257168,30368691,30368778,87
ENSG00000239908,102864841,102865119,278
ENSG00000236422,30371736,30372369,633
ENSG00000199490,48537134,48537231,97
ENSG00000200070,59504847,59504987,140
ENSG00000234460,90479081,90481205,2124
ENSG00000238172,102879037,102879933,896
ENSG00000239157,48556833,48556937,104
ENSG00000215983,59508845,59508925,80
ENSG00000212347,45752347,45752414,67
ENSG00000231659,30375568,30376736,1168
ENSG00000259771,59558919,59563361,4442
ENSG00000270995,102882717,102883182,465
ENSG00000215286,45772553,45773306,753
ENSG00000229222,48573282,48574569,1287
ENSG00000199512,59633513,59633616,103
ENSG00000257295,30376935,30377058,123
ENSG00000231697,102937460,102938336,876
ENSG00000259735,59640847,59652088,11241
ENSG00000206710,48588643,48588749,106
ENSG00000234613,45772702,45776475,3773
ENSG00000230246,90529408,90538572,9164
ENSG00000258032,30380635,30380743,108
ENSG00000231265,48657253,48658041,788
ENSG00000238767,59682407,59682516,109
ENSG00000224701,45811197,45811768,571
ENSG00000257819,30394980,30395064,84
ENSG00000259750,59693420,59694203,783
ENSG00000258124,30404947,30405034,87
ENSG00000213100,45842800,45843799,999
ENSG00000172250,42896585,42908566,11981
ENSG00000237595,48780001,48782639,2638
ENSG00000100979,44527399,44540794,13395
ENSG00000257934,30405462,30405549,87
ENSG00000259674,59699162,59700353,1191
ENSG00000214009,45918186,45918963,777
ENSG00000234698,48782899,48788279,5380
ENSG00000229187,30427175,30431779,4604
ENSG00000200252,59701104,59701214,110
ENSG00000137825,41785591,41795747,10156
ENSG00000238110,90559191,90559938,747
ENSG00000231742,48789087,48793096,4009
ENSG00000271923,90613144,90613250,106
ENSG00000217716,90631215,90631708,493
ENSG00000258219,30469421,30469544,123
ENSG00000225385,90681830,90682952,1122
ENSG00000233700,30478910,30480452,1542
ENSG00000221266,85752346,85752429,83
ENSG00000242188,85753262,85753544,282
ENSG00000124227,56793551,56803709,10158
ENSG00000224397,48884023,48896332,12309
ENSG00000177910,90744220,90753361,9141
ENSG00000227754,30481340,30482709,1369
ENSG00000263475,103157934,103158007,73
ENSG00000132953,21351469,21477187,125718
ENSG00000200966,103343361,103343661,300
ENSG00000225330,41002198,41098012,95814
ENSG00000188388,85783703,85790410,6707
ENSG00000224554,30498398,30499048,650
ENSG00000237999,103493522,103494637,1115
ENSG00000243780,59817621,59818080,459
ENSG00000265106,42948194,42948279,85
ENSG00000231713,41099682,41102607,2925
ENSG00000257559,30500762,30500846,84
ENSG00000240238,59844814,59845292,478
ENSG00000257273,30501183,30501309,126
ENSG00000203999,48909257,48931459,22202
ENSG00000258353,30504298,30504382,84
ENSG00000201704,59866302,59866421,119
ENSG00000204429,90795588,90796362,774
ENSG00000263973,41584279,41584358,79
ENSG00000258054,30516378,30516499,121
ENSG00000257170,30522150,30522222,72
ENSG00000233077,48927248,48937879,10631
ENSG00000229288,90802650,90805117,2467
ENSG00000263588,19668021,19678741,10720
ENSG00000257911,30523872,30523956,84
ENSG00000226327,90939369,90940254,885
ENSG00000244376,49045729,49046020,291
ENSG00000235801,30528710,30531661,2951
ENSG00000231715,49096304,49096528,224
ENSG00000186416,118722300,118739858,17558
ENSG00000252299,90989184,90989274,90
ENSG00000239742,49174221,49174535,314
ENSG00000230161,103674602,103675023,421
ENSG00000258155,30529912,30529999,87
ENSG00000227638,91025444,91026378,934
ENSG00000182841,42951229,42978044,26815
ENSG00000239748,68179963,68180241,278
ENSG00000201501,49179546,49179647,101
ENSG00000257602,30542942,30544028,1086
ENSG00000229541,103737950,103738964,1014
ENSG00000185019,3088219,3140842,52623
ENSG00000265781,68667713,68678726,11013
ENSG00000232043,49187512,49194578,7066
ENSG00000235123,41755010,41757285,2275
ENSG00000231804,91099767,91100240,473
ENSG00000218052,85798600,85873565,74965
ENSG00000257182,30545347,30545471,124
ENSG00000238143,103887718,103888203,485
ENSG00000208018,49202323,49202416,93
ENSG00000265639,68696006,68700292,4286
ENSG00000203286,3452305,3469181,16876
ENSG00000228189,91242104,91267075,24971
ENSG00000253041,104084759,104084815,56
ENSG00000257362,30551130,30551350,220
ENSG00000221091,49231173,49231322,149
ENSG00000265484,68883940,68904338,20398
ENSG00000227411,104096366,104101629,5263
ENSG00000068308,48779305,48815648,36343
ENSG00000257984,30560530,30560602,72
ENSG00000265873,91360751,91360820,69
ENSG00000231302,49237300,49237614,314
ENSG00000257190,30561459,30561580,121
ENSG00000263733,68892940,68893957,1017
ENSG00000236763,104118748,104119126,378
ENSG00000266785,30596784,30596869,85
ENSG00000225856,91585802,91586256,454
ENSG00000234693,49262008,49278812,16804
ENSG00000265473,30628681,30628757,76
ENSG00000260676,69187198,69246192,58994
ENSG00000123908,141541264,141645718,104454
ENSG00000223851,30646084,30646350,266
ENSG00000228658,91586553,91591213,4660
ENSG00000251357,24204375,24237410,33035
ENSG00000226494,30709281,30710010,729
ENSG00000230043,49457152,49457286,134
ENSG00000264388,69255773,69256120,347
ENSG00000231632,91624949,91625393,444
ENSG00000265062,49477445,49477523,78
ENSG00000224508,30715542,30725658,10116
ENSG00000265946,69332384,69332761,377
ENSG00000228663,49530268,49530948,680
ENSG00000202058,42961054,42961336,282
ENSG00000224945,91703519,91724849,21330
ENSG00000259317,85815758,85816205,447
ENSG00000263671,30763502,30763749,247
ENSG00000251913,42965153,42965256,103
ENSG00000187954,145674965,145691060,16095
ENSG00000260457,69504275,69538024,33749
ENSG00000125931,71521488,71527037,5549
ENSG00000259456,49547521,49561671,14150
ENSG00000270022,43011250,43011913,663
ENSG00000228762,30779290,30804715,25425
ENSG00000265995,69557645,69611813,54168
ENSG00000251891,85933054,85933115,61
ENSG00000265112,91927140,91927221,81
ENSG00000240972,24236191,24237414,1223
ENSG00000265582,49555183,49555269,86
ENSG00000200448,43158866,43158965,99
ENSG00000259630,85958459,85958864,405
ENSG00000271313,69599729,69600032,303
ENSG00000231799,92064473,92065669,1196
ENSG00000232358,49615907,49626556,10649
ENSG00000234009,43172412,43173302,890
ENSG00000141448,19749404,19782491,33087
ENSG00000264315,70285502,70286457,955
ENSG00000225460,92087152,92087607,455
ENSG00000259375,86122277,86123409,1132
ENSG00000215251,3127165,3140543,13378
ENSG00000229170,30811119,30843127,32008
ENSG00000230328,104121214,104123524,2310
ENSG00000228820,49747325,49748204,879
ENSG00000229608,43180468,43183106,2638
ENSG00000265579,70410991,70413196,2205
ENSG00000264913,92112853,92112936,83
ENSG00000259367,86162854,86214179,51325
ENSG00000237372,92316566,92334585,18019
ENSG00000252598,70419187,70419286,99
ENSG00000259276,86164495,86170920,6425
ENSG00000234502,104137626,104138885,1259
ENSG00000226989,43249409,43249805,396
ENSG00000263750,70520556,70520617,61
ENSG00000263592,49794042,49794136,94
ENSG00000231854,30851993,30860627,8634
ENSG00000226206,92501142,92523200,22058
ENSG00000263645,49993772,49993858,86
ENSG00000202081,86194753,86194859,106
ENSG00000230319,43434591,43448372,13781
ENSG00000263958,70535623,70548634,13011
ENSG00000266761,50069442,50069514,72
ENSG00000259453,86244340,86246002,1662
ENSG00000266263,30876718,30877020,302
ENSG00000236507,92503174,92504508,1334
ENSG00000218537,24236613,24241117,4504
ENSG00000215444,50351072,50351606,534
ENSG00000231444,30879450,30888383,8933
ENSG00000234735,43488173,43488530,357
ENSG00000259544,86269346,86270458,1112
ENSG00000237626,92740564,92749768,9204
ENSG00000272188,30903348,30903437,89
ENSG00000236272,43608680,43609667,987
ENSG00000227964,50448336,50479451,31115
ENSG00000261780,70992176,71017113,24937
ENSG00000259407,86287340,86293512,6172
ENSG00000207147,41885071,41885206,135
ENSG00000270982,104212083,104212215,132
ENSG00000227555,92782936,92803781,20845
ENSG00000263402,30919337,30919595,258
ENSG00000252467,50518830,50518934,104
ENSG00000234892,43628147,43635016,6869
ENSG00000221396,41949429,41949538,109
ENSG00000265323,30945079,30945170,91
ENSG00000252654,50521508,50521569,61
ENSG00000259762,86293567,86296132,2565
ENSG00000124224,56806188,56884495,78307
ENSG00000263659,50557083,50557372,289
ENSG00000231474,31042650,31047446,4796
ENSG00000263967,92785723,92785817,94
ENSG00000203527,43671961,43679836,7875
ENSG00000265380,71378564,71382725,4161
ENSG00000233347,50726883,50727588,705
ENSG00000259416,86298172,86299468,1296
ENSG00000233756,41987304,42002693,15389
ENSG00000234910,92843579,92844851,1272
ENSG00000237894,31066942,31072606,5664
ENSG00000236117,43796337,43805687,9350
ENSG00000241866,71412170,71412464,294
ENSG00000234948,50827184,51266970,439786
ENSG00000221634,86313727,86313809,82
ENSG00000185074,92978321,92979206,885
ENSG00000263655,71581640,71701396,119756
ENSG00000263367,31095736,31095835,99
ENSG00000230859,42235920,42236399,479
ENSG00000259195,86314221,86314394,173
ENSG00000257709,31135350,31135519,169
ENSG00000225072,92994467,92995423,956
ENSG00000225785,51068003,51072158,4155
ENSG00000062524,41795836,41806085,10249
ENSG00000260569,71878626,71907790,29164
ENSG00000258298,31143168,31143430,262
ENSG00000225376,104230721,104243784,13063
ENSG00000232465,51104461,51117130,12669
ENSG00000231107,93063184,93195787,132603
ENSG00000225714,31153467,31153653,186
ENSG00000223843,43911997,43932747,20750
ENSG00000243856,71894741,71895036,295
ENSG00000133433,24299601,24303373,3772
ENSG00000234821,51127791,51128107,316
ENSG00000235297,72057119,72057532,413
ENSG00000233157,44155079,44155790,711
ENSG00000088899,3143263,3154192,10929
ENSG00000180150,44198424,44198652,228
ENSG00000229613,93225806,93345026,119220
ENSG00000232294,51288456,51307468,19012
ENSG00000212710,19993564,19997878,4314
ENSG00000259779,72076650,72080444,3794
ENSG00000261251,44208336,44213274,4938
ENSG00000226422,31186478,31190647,4169
ENSG00000264340,72228616,72229335,719
ENSG00000266837,44300476,44300561,85
ENSG00000236316,93504808,93505662,854
ENSG00000226496,42513427,42520060,6633
ENSG00000229145,46147451,46148563,1112
ENSG00000224856,44352907,44353228,321
ENSG00000238148,31210528,31210949,421
ENSG00000232286,51474877,51479394,4517
ENSG00000264247,72259010,72265744,6734
ENSG00000236079,44809365,44810694,1329
ENSG00000236751,46185359,46187080,1721
ENSG00000229823,31212937,31213410,473
ENSG00000270432,93513522,93514512,990
ENSG00000230636,51506701,51506925,224
ENSG00000232655,44839207,44840668,1461
ENSG00000107249,3824127,4348392,524265
ENSG00000257412,31274582,31274949,367
ENSG00000262933,14988217,14993851,5634
ENSG00000252629,51679156,51679240,84
ENSG00000228216,93719542,93727675,8133
ENSG00000228807,44879375,44879597,222
ENSG00000150457,21547171,21635686,88515
ENSG00000231235,46277885,46279514,1629
ENSG00000099974,24309089,24314721,5632
ENSG00000199218,51714191,51714523,332
ENSG00000266774,73144658,73148912,4254
ENSG00000229265,31286806,31289978,3172
ENSG00000260454,93759336,93764153,4817
ENSG00000223492,51785182,51796089,10907
ENSG00000215333,44962845,44964127,1282
ENSG00000235587,46299144,46300149,1005
ENSG00000261194,73408034,73424340,16306
ENSG00000233055,104263925,104264167,242
ENSG00000227705,51812768,51825244,12476
ENSG00000230537,93867239,93869586,2347
ENSG00000237448,31291541,31292743,1202
ENSG00000266460,73556880,73580207,23327
ENSG00000224072,46313532,46316634,3102
ENSG00000271774,51872518,52103813,231295
ENSG00000187012,44965219,44968221,3002
ENSG00000234980,31298730,31300181,1451
ENSG00000264108,73720073,73727816,7743
ENSG00000229694,93881344,93945044,63700
ENSG00000228954,31319022,31319755,733
ENSG00000231703,52014199,52029448,15249
ENSG00000199226,46377201,46377303,102
ENSG00000263547,73834953,73857210,22257
ENSG00000257967,31347552,31347678,126
ENSG00000224530,52037738,52038195,457
ENSG00000184647,10383056,10411676,28620
ENSG00000230844,46404928,46407843,2915
ENSG00000233604,31377183,31377729,546
ENSG00000234300,45002819,45021299,18480
ENSG00000237422,93881420,93925369,43949
ENSG00000266743,73885259,73889693,4434
ENSG00000259723,52069597,52120853,51256
ENSG00000263701,31380966,31381072,106
ENSG00000198171,3170996,3185331,14335
ENSG00000235825,7618852,7621862,3010
ENSG00000231801,45047715,45048259,544
ENSG00000264260,73921465,73927657,6192
ENSG00000262196,14929064,14929532,468
ENSG00000206959,52161154,52161264,110
ENSG00000265068,104311968,104312053,85
ENSG00000224131,31388244,31388845,601
ENSG00000235641,93921855,93927858,6003
ENSG00000197670,52169309,52191847,22538
ENSG00000270499,46420363,46422184,1821
ENSG00000264595,73939945,73945342,5397
ENSG00000266064,79336072,79348014,11942
ENSG00000223730,45297427,45298351,924
ENSG00000226732,31391241,31391669,428
ENSG00000266014,73959680,73963343,3663
ENSG00000213997,46506029,46506765,736
ENSG00000235415,52224893,52251129,26236
ENSG00000230922,45396446,45399500,3054
ENSG00000228179,31392904,31393118,214
ENSG00000265717,73966247,73967169,922
ENSG00000230147,93931867,93932327,460
ENSG00000200606,59867827,59867922,95
ENSG00000226048,46544200,46545142,942
ENSG00000264504,79349801,79359160,9359
ENSG00000266747,31412966,31413064,98
ENSG00000238468,52285236,52285297,61
ENSG00000227161,59936497,59964501,28004
ENSG00000264212,73968846,73970292,1446
ENSG00000221494,83480760,83480836,76
ENSG00000230302,104555736,104556038,302
ENSG00000099977,24313554,24322660,9106
ENSG00000226328,45528901,45559662,30761
ENSG00000225563,52416362,52417857,1495
ENSG00000273381,93968457,93972581,4124
ENSG00000215284,46584599,46585253,654
ENSG00000259657,59968956,59969520,564
ENSG00000263982,74084672,74090230,5558
ENSG00000233484,83658906,83659032,126
ENSG00000233081,94188520,94189426,906
ENSG00000206685,46946905,46947011,106
ENSG00000241721,52491791,52492096,305
ENSG00000265512,79361930,79364056,2126
ENSG00000259238,59980716,59981617,901
ENSG00000258113,31428753,31429053,300
ENSG00000265778,74203608,74205487,1879
ENSG00000273243,45551420,45551892,472
ENSG00000201659,46992070,46992225,155
ENSG00000231836,31451929,31457226,5297
ENSG00000228595,94373625,94374774,1149
ENSG00000259640,83755033,83757461,2428
ENSG00000265729,79434813,79435737,924
ENSG00000273353,45574871,45575191,320
ENSG00000237351,47016037,47017598,1561
ENSG00000266256,74327169,74337897,10728
ENSG00000234797,60060543,60061347,804
ENSG00000229216,31526785,31527596,811
ENSG00000221598,45596835,45596900,65
ENSG00000266855,94398533,94398643,110
ENSG00000224975,47064320,47065264,944
ENSG00000236352,52556699,52559047,2348
ENSG00000263865,79486863,79486984,121
ENSG00000237211,84010144,84011011,867
ENSG00000273287,45658166,45659466,1300
ENSG00000266312,74334963,74350968,16005
ENSG00000227399,94768344,94768826,482
ENSG00000184402,60718822,60757540,38718
ENSG00000236273,31535410,31535989,579
ENSG00000237623,47132765,47133789,1024
ENSG00000265595,52684947,52685024,77
ENSG00000264223,79487847,79501576,13729
ENSG00000259601,60163710,60165694,1984
ENSG00000150459,21714653,21723221,8568
ENSG00000213752,45671480,45671966,486
ENSG00000145321,72607410,72669758,62348
ENSG00000252089,53476227,53476351,124
ENSG00000254597,7626499,7629510,3011
ENSG00000232363,45831744,45844624,12880
ENSG00000265116,31543668,31543743,75
ENSG00000229055,74401986,74405592,3606
ENSG00000238643,17285,17399,114
ENSG00000259573,60257141,60258283,1142
ENSG00000265325,31548377,31548454,77
ENSG00000238120,46000312,46001501,1189
ENSG00000185834,53691155,53691685,530
ENSG00000259558,60345403,60346291,888
ENSG00000265934,74415400,74416210,810
ENSG00000215750,53590,56132,2542
ENSG00000231647,31549580,31550414,834
ENSG00000251985,46020411,46020512,101
ENSG00000183638,10463859,10569697,105838
ENSG00000264160,46156404,46156478,74
ENSG00000230418,104817534,104818023,489
ENSG00000259223,60365867,60410519,44652
ENSG00000266847,31630340,31630471,131
ENSG00000269725,68442,70280,1838
ENSG00000224008,54036874,54043735,6861
ENSG00000238882,105018886,105018992,106
ENSG00000235347,46188298,46189516,1218
ENSG00000240163,60682570,60682881,311
ENSG00000257516,31665567,31668003,2436
ENSG00000222117,105057659,105057746,87
ENSG00000221485,84477,84559,82
ENSG00000265836,74463261,74463797,536
ENSG00000229547,84189157,84189896,739
ENSG00000235901,105277486,105280590,3104
ENSG00000235091,46271879,46283628,11749
ENSG00000242667,60696662,60697159,497
ENSG00000233169,31665598,31667991,2393
ENSG00000265626,74471641,74471822,181
ENSG00000265610,46372758,46372834,76
ENSG00000264915,31670558,31670671,113
ENSG00000235166,54039549,54084752,45203
ENSG00000273145,46409486,46411378,1892
ENSG00000252097,74512620,74512730,110
ENSG00000266418,31708300,31708362,62
ENSG00000244229,74546385,74546844,459
ENSG00000230781,84228223,84232835,4612
ENSG00000203463,31870631,31870874,243
ENSG00000237375,108007,139339,31332
ENSG00000099984,24322339,24326106,3767
ENSG00000231711,46435787,46440733,4946
ENSG00000265261,74596891,74600680,3789
ENSG00000223747,31941638,31948914,7276
ENSG00000245534,60771377,60922836,151459
ENSG00000254776,7651238,7653392,2154
ENSG00000257975,32079929,32080179,250
ENSG00000223061,84813,84895,82
ENSG00000215977,7711019,7711113,94
ENSG00000222118,54780108,54780229,121
ENSG00000263418,32085737,32085857,120
ENSG00000265283,104742,104817,75
ENSG00000273289,46448973,46449440,467
ENSG00000171060,10530147,10558103,27956
ENSG00000254543,7748525,7750077,1552
ENSG00000235594,54842928,54844287,1359
ENSG00000238432,127840,127946,106
ENSG00000257697,32273522,32273689,167
ENSG00000266844,74686646,74696118,9472
ENSG00000257978,32322510,32322659,149
ENSG00000235461,84465712,84474704,8992
ENSG00000241990,46449585,46453090,3505
ENSG00000230843,54871023,54874216,3193
ENSG00000171189,30909254,31312351,403097
ENSG00000233160,32332438,32333397,959
ENSG00000259274,60822172,60837358,15186
ENSG00000228601,55034484,55034639,155
ENSG00000229907,7791934,7796292,4358
ENSG00000204250,105281918,105419796,137878
ENSG00000259513,60850279,60850600,321
ENSG00000266660,32360104,32360210,106
ENSG00000212084,55035322,55035413,91
ENSG00000232242,105373444,105374437,993
ENSG00000264517,84499101,84499177,76
ENSG00000238294,55050699,55050801,102
ENSG00000229903,32397725,32400902,3177
ENSG00000259482,60973768,60979087,5319
ENSG00000231010,46451620,46454040,2420
ENSG00000179467,55097413,55097855,442
ENSG00000225725,7812536,7866277,53741
ENSG00000125877,3189514,3204516,15002
ENSG00000212625,61028968,61029085,117
ENSG00000225657,55152619,55173677,21058
ENSG00000235159,46463236,46465771,2535
ENSG00000234164,32466296,32479952,13656
ENSG00000259591,61056105,61057824,1719
ENSG00000266533,46486924,46487006,82
ENSG00000223359,32492184,32492279,95
ENSG00000223707,85104415,85105144,729
ENSG00000198986,46508629,46508702,73
ENSG00000214541,55176757,55177169,412
ENSG00000265059,32517759,32517906,147
ENSG00000259481,61473448,61488137,14689
ENSG00000199051,85158641,85158712,71
ENSG00000224230,32523182,32523277,95
ENSG00000264147,46509446,46509537,91
ENSG00000252536,55182733,55182849,116
ENSG00000165219,128024073,128129486,105413
ENSG00000199567,85274612,85274719,107
ENSG00000259575,61504112,61506430,2318
ENSG00000266081,32539880,32540023,143
ENSG00000252091,55242486,55242587,101
ENSG00000101670,47087069,47119272,32203
ENSG00000207875,46509566,46509648,82
ENSG00000264640,32579307,32579454,147
ENSG00000241821,55263457,55263749,292
ENSG00000234039,85321231,85321472,241
ENSG00000259616,61592525,61927648,335123
ENSG00000233853,32589233,32591694,2461
ENSG00000230634,46877226,46877657,431
ENSG00000237000,55275893,55276570,677
ENSG00000165480,21727734,21750741,23007
ENSG00000259530,61890713,61897440,6727
ENSG00000171056,10581278,10697357,116079
ENSG00000255211,7824866,7826066,1200
ENSG00000221416,55293942,55294025,83
ENSG00000265074,32640268,32640431,163
ENSG00000234269,105684856,105685526,670
ENSG00000234869,46937392,46944093,6701
ENSG00000259675,61931548,62007370,75822
ENSG00000252931,86365086,86365188,102
ENSG00000231604,55305453,55306516,1063
ENSG00000106688,4490444,4587469,97025
ENSG00000264406,86368866,86368961,95
ENSG00000225536,85339720,85341343,1623
ENSG00000238248,32642476,32643415,939
ENSG00000260708,47157791,47158460,669
ENSG00000207158,55361037,55361143,106
ENSG00000271195,61966966,61967411,445
ENSG00000259608,86501948,86502202,254
ENSG00000251772,55575143,55575213,70
ENSG00000221672,47243803,47243875,72
ENSG00000259284,62022049,62023588,1539
ENSG00000238644,55629846,55629897,51
ENSG00000237120,32644922,32645329,407
ENSG00000224715,47741319,47769291,27972
ENSG00000266349,62036140,62036218,78
ENSG00000260758,86621974,86623023,1049
ENSG00000231078,55680797,55682184,1387
ENSG00000259564,62126951,62144351,17400
ENSG00000229099,32647649,32666810,19161
ENSG00000203266,55689971,55697148,7177
ENSG00000264376,62206624,62206875,251
ENSG00000172007,140374386,140397763,23377
ENSG00000235032,55789928,55790922,994
ENSG00000205634,48016792,48027318,10526
ENSG00000223844,32650484,32651614,1130
ENSG00000260477,86626576,86659948,33372
ENSG00000184674,24376133,24384680,8547
ENSG00000259251,62352702,62354633,1931
ENSG00000263871,32688633,32688781,148
ENSG00000229830,105827698,105827880,182
ENSG00000226308,55841853,55858054,16201
ENSG00000257314,32726470,32726656,186
ENSG00000257361,32750766,32751623,857
ENSG00000238729,47138526,47138629,103
ENSG00000252064,55886910,55887014,104
ENSG00000252964,86681500,86681610,110
ENSG00000266158,47140214,47140462,248
ENSG00000266666,55896558,55896647,89
ENSG00000203402,47157251,47158120,869
ENSG00000237038,7829183,7830775,1592
ENSG00000258724,10582909,10697357,114448
ENSG00000261077,86683069,86683471,402
ENSG00000231005,55903602,55903752,150
ENSG00000201450,47211242,47211348,106
ENSG00000101773,20378224,20606451,228227
ENSG00000221459,47248048,47248176,128
ENSG00000224271,48027423,48251349,223926
ENSG00000225327,7833915,7835507,1592
ENSG00000200206,86716429,86716501,72
ENSG00000228995,55932482,55933425,943
ENSG00000232009,47249360,47251699,2339
ENSG00000218018,55959216,55968118,8902
ENSG00000223574,85383897,85384574,677
ENSG00000260125,86838880,86860404,21524
ENSG00000138600,50999506,51058005,58499
ENSG00000184508,91474148,91475799,1651
ENSG00000124209,56884752,56942563,57811
ENSG00000124097,56063448,56064083,635
ENSG00000226556,47298135,47299173,1038
ENSG00000205989,7847937,7855043,7106
ENSG00000227297,56174751,56176256,1505
ENSG00000235636,47372001,47372882,881
ENSG00000259734,87173497,87174367,870
ENSG00000232897,48058308,48059352,1044
ENSG00000235754,31610134,31615927,5793
ENSG00000263858,47446828,47446904,76
ENSG00000259636,87476111,87489562,13451
ENSG00000263453,56470450,56470500,50
ENSG00000230345,48256420,48257811,1391
ENSG00000221007,56493940,56494091,151
ENSG00000259620,87482028,87531657,49629
ENSG00000225564,105902805,106087316,184511
ENSG00000203971,56532182,56534716,2534
ENSG00000235154,48440527,48444366,3839
ENSG00000259761,87585285,87590392,5107
ENSG00000147548,38127215,38239790,112575
ENSG00000238192,48535278,48536818,1540
ENSG00000221451,56551074,56551149,75
ENSG00000221385,56642512,56642663,151
ENSG00000259560,87975289,88247083,271794
ENSG00000229275,48537359,48539046,1687
ENSG00000225708,56644110,56647126,3016
ENSG00000254219,92054918,92056990,2072
ENSG00000207150,88017414,88017520,106
ENSG00000266508,48670176,48670227,51
ENSG00000215093,85415268,85416363,1095
ENSG00000157734,64443914,64449680,5766
ENSG00000183653,30968360,31003067,34707
ENSG00000259527,88120160,88122917,2757
ENSG00000233179,48844702,48847029,2327
ENSG00000270411,56672323,56672647,324
ENSG00000259183,88687166,88687396,230
ENSG00000266887,49176107,49176165,58
ENSG00000233115,7869304,7874533,5229
ENSG00000253738,92072137,92082417,10280
ENSG00000185015,86132816,86196302,63486
ENSG00000156282,31538241,31538971,730
ENSG00000173141,21750784,21753223,2439
ENSG00000251912,49210132,49210216,84
ENSG00000260305,88795961,88814297,18336
ENSG00000238226,32779553,32780404,851
ENSG00000205632,49288729,49294198,5469
ENSG00000223772,85559370,85560089,719
ENSG00000271958,38619886,38621058,1172
ENSG00000242138,32779559,32782154,2595
ENSG00000254093,10622473,10697394,74921
ENSG00000173867,89002948,89055760,52812
ENSG00000263888,92151489,92151751,262
ENSG00000259466,62374649,62375504,855
ENSG00000226142,49609837,49610173,336
ENSG00000222230,38760412,38760513,101
ENSG00000253525,92169513,92170976,1463
ENSG00000226566,106124234,106192174,67940
ENSG00000156284,31586324,31588391,2067
ENSG00000237145,32828155,32828985,830
ENSG00000207944,38869653,38869748,95
ENSG00000264139,49937041,49937114,73
ENSG00000231290,57090435,57194944,104509
ENSG00000215354,7876951,7888168,11217
ENSG00000259697,62488344,62495517,7173
ENSG00000271997,89045175,89049018,3843
ENSG00000266194,92217713,92217787,74
ENSG00000249207,39114297,39128438,14141
ENSG00000212939,49942329,49950121,7792
ENSG00000226139,32839531,32840361,830
ENSG00000239134,92476263,92476367,104
ENSG00000221391,89081810,89081913,103
ENSG00000253031,106451755,106451859,104
ENSG00000213279,49965912,49969074,3162
ENSG00000253901,92555152,92919847,364695
ENSG00000249685,39135533,39137228,1695
ENSG00000259569,89111518,89111793,275
ENSG00000188694,31653629,31655276,1647
ENSG00000206675,39299225,39299331,106
ENSG00000235111,50006305,50009364,3059
ENSG00000167702,145691426,145699585,8159
ENSG00000222592,39400769,39400868,99
ENSG00000200151,92607193,92607469,276
ENSG00000249487,89128802,89148341,19539
ENSG00000228684,32852287,32853223,936
ENSG00000232263,31661463,31661832,369
ENSG00000264621,39413530,39413594,64
ENSG00000271202,92921966,92922395,429
ENSG00000226954,50111701,50118154,6453
ENSG00000270332,106842305,106855354,13049
ENSG00000166104,62520095,62545434,25339
ENSG00000238797,39443285,39443384,99
ENSG00000229182,92929735,92930146,411
ENSG00000223142,50132325,50132651,326
ENSG00000265207,32871477,32871544,67
ENSG00000166965,91498100,91506349,8249
ENSG00000221630,89151338,89151428,90
ENSG00000214727,50151275,50152628,1353
ENSG00000253576,92988136,92989646,1510
ENSG00000224097,39481875,39483525,1650
ENSG00000197683,31691452,31692607,1155
ENSG00000207703,89155056,89155165,109
ENSG00000254620,57169473,57179029,9556
ENSG00000233778,93156316,93156663,347
ENSG00000236867,50210896,50211360,464
ENSG00000166794,64448011,64455404,7393
ENSG00000221174,57180140,57180283,143
ENSG00000259676,89340644,89341965,1321
ENSG00000231591,32965662,32968071,2409
ENSG00000260613,50226264,50231434,5170
ENSG00000249348,39529639,39596327,66688
ENSG00000254419,57285851,57286689,838
ENSG00000253118,93364140,93364376,236
ENSG00000206107,31709331,31710012,681
ENSG00000259350,89495914,89496691,777
ENSG00000253140,49428412,49429649,1237
ENSG00000229409,50239577,50239738,161
ENSG00000252796,39622632,39622693,61
ENSG00000242111,107032509,107049236,16727
ENSG00000237121,57315588,57358877,43289
ENSG00000253682,93415773,93425873,10100
ENSG00000273192,50295876,50298224,2348
ENSG00000259489,89503301,89504277,976
ENSG00000253608,49464127,49611069,146942
ENSG00000186980,31720717,31720924,207
ENSG00000273188,50630153,50630831,678
ENSG00000255458,39640760,39668264,27504
ENSG00000253749,93433078,93434026,948
ENSG00000222862,27537349,27537452,103
ENSG00000270279,57329407,57331894,2487
ENSG00000265866,89515632,89515683,51
ENSG00000226388,145635246,145637283,2037
ENSG00000253560,27554734,27555043,309
ENSG00000259878,62522583,62524094,1511
ENSG00000273253,50637519,50638976,1457
ENSG00000253371,93512811,93522044,9233
ENSG00000182816,31743709,31744557,848
ENSG00000261549,89532750,89533476,726
ENSG00000253688,49464575,49469001,4426
ENSG00000268649,57392187,57392780,593
ENSG00000221463,117520357,117520434,77
ENSG00000221141,62535565,62535647,82
ENSG00000231686,145701115,145702102,987
ENSG00000265075,27559190,27559284,94
ENSG00000272836,50644014,50644491,477
ENSG00000253634,93577671,93667722,90051
ENSG00000252975,39711705,39711796,91
ENSG00000203396,107090601,107091677,1076
ENSG00000145391,140417095,140527853,110758
ENSG00000216031,57393281,57393368,87
ENSG00000226103,31616015,31618489,2474
ENSG00000249019,39715462,39716071,609
ENSG00000273137,50646890,50647971,1081
ENSG00000206862,117703368,117703478,110
ENSG00000260062,62545929,62562879,16950
ENSG00000198390,31768392,31769136,744
ENSG00000233858,49502961,49507181,4220
ENSG00000221172,93647563,93647693,130
ENSG00000243260,39762620,39762919,299
ENSG00000230399,117766338,117768181,1843
ENSG00000227484,50753060,50754437,1377
ENSG00000235590,57393974,57425958,31984
ENSG00000235699,145891302,145891927,625
ENSG00000253177,93681064,93691822,10758
ENSG00000242463,50809639,50809923,284
ENSG00000180610,39771701,39773000,1299
ENSG00000253875,27590855,27613943,23088
ENSG00000238604,50837249,50837349,100
ENSG00000240432,31797583,31798286,703
ENSG00000272821,50962355,50963209,854
ENSG00000239182,117872018,117872145,127
ENSG00000253702,49510018,49533578,23560
ENSG00000268333,57408864,57411584,2720
ENSG00000171044,10753555,11058875,305320
ENSG00000271278,39934074,39935181,1107
ENSG00000250995,117903759,117904820,1061
ENSG00000272666,50980734,50981335,601
ENSG00000186971,31802572,31803216,644
ENSG00000263681,42539484,42539556,72
ENSG00000253455,49533025,49536455,3430
ENSG00000265844,74892062,74947386,55324
ENSG00000238624,27612549,27612639,90
ENSG00000252970,39938373,39938475,102
ENSG00000273272,50981079,50981440,361
ENSG00000237443,107352325,107353231,906
ENSG00000202242,27631162,27631265,103
ENSG00000225806,57438583,57463864,25281
ENSG00000226738,50984844,50986081,1237
ENSG00000250568,39974748,39975062,314
ENSG00000253892,49569820,49571454,1634
ENSG00000264015,75133575,75272719,139144
ENSG00000225745,42548249,42558715,10466
ENSG00000186970,31812597,31813070,473
ENSG00000170006,153539784,153601317,61533
ENSG00000205559,51021455,51022306,851
ENSG00000203650,117973519,118015978,42459
ENSG00000199392,75143519,75143645,126
ENSG00000273423,107392035,107393298,1263
ENSG00000224440,145895624,145896244,620
ENSG00000231707,39975064,39975958,894
ENSG00000180776,21950263,22033509,83246
ENSG00000264736,75147209,75149198,1989
ENSG00000270951,57451647,57452036,389
ENSG00000272940,51035581,51036028,447
ENSG00000235248,107419035,107419997,962
ENSG00000184351,31852018,31852663,645
ENSG00000249064,40021860,40023137,1277
ENSG00000233109,49826419,49826939,520
ENSG00000224388,42552024,42552553,529
ENSG00000232925,57688279,57688686,407
ENSG00000212569,51108232,51108329,97
ENSG00000264693,75334508,75336471,1963
ENSG00000253176,27695994,27697899,1905
ENSG00000206841,51129688,51129791,103
ENSG00000228318,42813321,42814669,1348
ENSG00000225660,146036593,146036727,134
ENSG00000263903,57921434,57921535,101
ENSG00000186965,31859362,31859755,393
ENSG00000103932,41809374,41836467,27093
ENSG00000271702,75344884,75345316,432
ENSG00000225929,51174253,51176567,2314
ENSG00000205794,40044537,40058819,14282
ENSG00000267064,47518232,47519776,1544
ENSG00000225129,57927250,57932829,5579
ENSG00000252260,75575420,75575523,103
ENSG00000207503,42911133,42911253,120
ENSG00000253474,50081098,50141484,60386
ENSG00000265847,27743556,27743633,77
ENSG00000232806,42931052,42934885,3833
ENSG00000124164,56964178,57026157,61979
ENSG00000244025,31863782,31864275,493
ENSG00000254499,51179021,51181948,2927
ENSG00000230352,57935982,57939828,3846
ENSG00000231478,85736535,85736816,281
ENSG00000271660,146045694,146046003,309
ENSG00000265843,75683250,75705678,22428
ENSG00000224341,118011849,118013148,1299
ENSG00000223400,42948062,42953246,5184
ENSG00000200455,40079504,40079602,98
ENSG00000233686,58035674,58035892,218
ENSG00000216171,146271222,146271305,83
ENSG00000213683,51193096,51193862,766
ENSG00000201863,40084603,40084726,123
ENSG00000252771,43024746,43024843,97
ENSG00000271290,86053601,86054229,628
ENSG00000187893,47566590,47612855,46265
ENSG00000248858,93711970,93889865,177895
ENSG00000199640,50242769,50243106,337
ENSG00000186967,31869142,31869451,309
ENSG00000188712,107484616,107485552,936
ENSG00000248977,40143818,40143985,167
ENSG00000227282,58090246,58091094,848
ENSG00000254268,50265189,50265403,214
ENSG00000253290,27760746,27761012,266
ENSG00000227702,43099341,43117496,18155
ENSG00000264334,75694976,75698566,3590
ENSG00000101181,60758085,60778624,20539
ENSG00000260296,40168295,40169451,1156
ENSG00000236190,86143589,86143819,230
ENSG00000226334,107689834,107691173,1339
ENSG00000207871,146280562,146280645,83
ENSG00000199728,75796739,75796845,106
ENSG00000186977,31873975,31874435,460
ENSG00000238194,58201519,58203344,1825
ENSG00000254020,93735252,93737339,2087
ENSG00000253615,27761083,27761232,149
ENSG00000266213,75897223,75900887,3664
ENSG00000102057,48818639,48827976,9337
ENSG00000253380,50409322,50424739,15417
ENSG00000250338,40267092,40268077,985
ENSG00000254229,7884599,7889827,5228
ENSG00000253577,93777930,93788679,10749
ENSG00000207873,146294981,146295109,128
ENSG00000231270,118072116,118073097,981
ENSG00000265644,76240549,76244867,4318
ENSG00000186925,31913854,31914183,329
ENSG00000236384,43131680,43135935,4255
ENSG00000249241,40318502,40332436,13934
ENSG00000253810,50652776,50653881,1105
ENSG00000227864,118320405,118320792,387
ENSG00000238777,58427722,58427783,61
ENSG00000184319,51195376,51239737,44361
ENSG00000253197,93895212,93977873,82661
ENSG00000265378,76265165,76266410,1245
ENSG00000271457,86398857,86399751,894
ENSG00000207984,146307344,146307470,126
ENSG00000253397,27761998,27767827,5829
ENSG00000244362,31933194,31933633,439
ENSG00000239010,40379469,40379530,61
ENSG00000201723,76304096,76304188,92
ENSG00000196922,146198975,146228281,29306
ENSG00000227013,7897500,7898475,975
ENSG00000253484,50730146,50733504,3358
ENSG00000266273,76555612,76556672,1060
ENSG00000250893,40428136,40429602,1466
ENSG00000250516,28083446,28085079,1633
ENSG00000230013,107753077,107754062,985
ENSG00000200422,86401736,86401807,71
ENSG00000207731,146312238,146312361,123
ENSG00000221122,40465733,40465820,87
ENSG00000266586,76668629,76678993,10364
ENSG00000206106,31962424,31962716,292
ENSG00000230478,86680586,86680693,107
ENSG00000271148,50819423,50820006,583
ENSG00000230170,118354745,118355705,960
ENSG00000242197,40493750,40494041,291
ENSG00000228605,31618946,31624007,5061
ENSG00000265101,76685064,76687441,2377
ENSG00000253881,7906441,7906789,348
ENSG00000207969,146312502,146312595,93
ENSG00000169989,153690506,153700916,10410
ENSG00000212938,31964759,31965394,635
ENSG00000201583,107859037,107859342,305
ENSG00000263642,40504057,40504136,79
ENSG00000253849,51293575,51294835,1260
ENSG00000238208,107944761,107949038,4277
ENSG00000255459,7943544,7944287,743
ENSG00000253907,28095947,28096422,475
ENSG00000106686,4553386,4666674,113288
ENSG00000215346,10983980,10987745,3765
ENSG00000207589,146318431,146318545,114
ENSG00000248780,40788127,40788727,600
ENSG00000263146,76736555,76739074,2519
ENSG00000186930,31970909,31971219,310
ENSG00000229419,108282409,108288640,6231
ENSG00000264366,86740882,86740963,81
ENSG00000251347,93984803,93986966,2163
ENSG00000228340,58662895,59102516,439621
ENSG00000270625,118356527,118357208,681
ENSG00000254392,51403355,51404025,670
ENSG00000250906,40814796,40828168,13372
ENSG00000237506,86958277,86959307,1030
ENSG00000145348,106962756,107242652,279896
ENSG00000253690,28107580,28196772,89192
ENSG00000186924,31973414,31973612,198
ENSG00000207195,40828672,40828782,110
ENSG00000221305,7946463,7946611,148
ENSG00000252583,146331669,146331748,79
ENSG00000246662,94225531,94712661,487130
ENSG00000267655,76877207,76877920,713
ENSG00000238351,40870886,40870987,101
ENSG00000244427,7953468,7954248,780
ENSG00000214992,118383309,118391633,8324
ENSG00000260375,62547885,62548620,735
ENSG00000201736,40992171,40992290,119
ENSG00000262145,58335324,58351052,15728
ENSG00000184724,31985750,31986249,499
ENSG00000212013,146340278,146340368,90
ENSG00000271205,86978089,86978238,149
ENSG00000267628,77013577,77014856,1279
ENSG00000199790,41086624,41086730,106
ENSG00000261296,62566362,62570564,4202
ENSG00000254311,7974267,7974471,204
ENSG00000239198,28157200,28158083,883
ENSG00000254358,51675020,51675358,338
ENSG00000207198,41115959,41116062,103
ENSG00000267015,77100258,77103972,3714
ENSG00000099991,24407642,24574596,166954
ENSG00000244624,31988750,31989003,253
ENSG00000270446,87061433,87061769,336
ENSG00000254370,28273041,28277572,4531
ENSG00000251173,41222091,41258744,36653
ENSG00000260957,62576389,62577205,816
ENSG00000212014,146341170,146341244,74
ENSG00000221027,7996350,7996453,103
ENSG00000267287,77336460,77349010,12550
ENSG00000230392,118425492,118469573,44081
ENSG00000206105,31992946,31993169,223
ENSG00000208000,146342050,146342143,93
ENSG00000259557,62654228,62654530,302
ENSG00000088836,3208063,3219836,11773
ENSG00000249188,8011830,8074438,62608
ENSG00000207361,28273965,28274068,103
ENSG00000207481,41305254,41305354,100
ENSG00000253340,51772090,51772622,532
ENSG00000267409,77370747,77372303,1556
ENSG00000259756,62975115,62982647,7532
ENSG00000239627,41391132,41391610,478
ENSG00000184032,32007555,32007938,383
ENSG00000253567,28304781,28313419,8638
ENSG00000271056,87062549,87064883,2334
ENSG00000265317,63079006,63079093,87
ENSG00000178412,77398928,77439745,40817
ENSG00000262349,58325311,58329958,4647
ENSG00000228317,108316316,108320310,3994
ENSG00000249216,41690875,41694814,3939
ENSG00000207641,146353853,146353926,73
ENSG00000207802,58883532,58883625,93
ENSG00000211137,63116156,63116240,84
ENSG00000206104,32015183,32015455,272
ENSG00000226661,118490264,118527558,37294
ENSG00000207868,146360765,146360862,97
ENSG00000230706,87316591,87317845,1254
ENSG00000229690,58989454,58989930,476
ENSG00000249081,41724555,41725529,974
ENSG00000227814,118513675,118514067,392
ENSG00000266901,77462721,77463651,930
ENSG00000260275,89581208,89581517,309
ENSG00000201316,51927581,51927725,144
ENSG00000266140,59053169,59053239,70
ENSG00000253664,52170248,52233678,63430
ENSG00000262819,58360841,58362182,1341
ENSG00000231068,32090843,32091095,252
ENSG00000253893,8025341,8084136,58795
ENSG00000266924,77547121,77551432,4311
ENSG00000265251,28362633,28362699,66
ENSG00000259370,63124323,63176233,51910
ENSG00000260123,89584454,89626050,41596
ENSG00000250467,41750310,41826136,75826
ENSG00000206190,25922420,26110317,187897
ENSG00000207866,146363461,146363548,87
ENSG00000265617,59139620,59139683,63
ENSG00000237903,118556880,118557510,630
ENSG00000104643,11141925,11185646,43721
ENSG00000267780,77552726,77576365,23639
ENSG00000262776,58371748,58372060,312
ENSG00000236488,33000747,33001424,677
ENSG00000261035,59387060,59389267,2207
ENSG00000254025,52348162,52349069,907
ENSG00000261407,89630309,89631498,1189
ENSG00000249122,41752362,41759358,6996
ENSG00000202411,28387928,28388036,108
ENSG00000230956,87351394,87352226,832
ENSG00000187026,32119112,32119551,439
ENSG00000262082,58377578,58378544,966
ENSG00000229755,59652280,59652872,592
ENSG00000200338,41773962,41774120,158
ENSG00000228366,108472571,108473062,491
ENSG00000207867,146366159,146366246,87
ENSG00000165487,22066836,22178353,111517
ENSG00000225459,33017988,33018062,74
ENSG00000239151,89664010,89664071,61
ENSG00000229606,59654196,59655235,1039
ENSG00000259727,63188011,63191742,3731
ENSG00000246339,28553718,28558981,5263
ENSG00000262201,58490834,58496304,5470
ENSG00000228855,146673130,146673427,297
ENSG00000187005,32127439,32127746,307
ENSG00000249745,41844171,41845967,1796
ENSG00000266600,33058507,33058601,94
ENSG00000232486,108520445,108523036,2591
ENSG00000259699,89678778,89679726,948
ENSG00000254225,52634230,52634724,494
ENSG00000261126,77806900,77853362,46462
ENSG00000225106,60313275,60330112,16837
ENSG00000236657,33091910,33092424,514
ENSG00000259394,63245372,63246323,951
ENSG00000183640,32185016,32185570,554
ENSG00000227505,146882523,146882820,297
ENSG00000207175,118557705,118557868,163
ENSG00000233972,33201377,33201786,409
ENSG00000221417,60528602,60528718,116
ENSG00000272076,52722670,52723241,571
ENSG00000164113,123300121,123350957,50836
ENSG00000264952,118558028,118558079,51
ENSG00000259498,63338233,63341586,3353
ENSG00000245870,41878498,41884628,6130
ENSG00000259948,89744322,89744999,677
ENSG00000266420,118568482,118568781,299
ENSG00000235018,60612485,60613012,527
ENSG00000271175,146894251,146894492,241
ENSG00000182591,32252966,32253874,908
ENSG00000252147,118590521,118590621,100
ENSG00000235528,33213679,33219221,5542
ENSG00000173295,8086117,8102387,16270
ENSG00000253475,52808517,52808934,417
ENSG00000265306,60639858,60639941,83
ENSG00000259627,63362224,63364110,1886
ENSG00000261441,89878284,89879392,1108
ENSG00000264105,160049954,160050046,92
ENSG00000224281,118599997,118603061,3064
ENSG00000202051,146908797,146908902,105
ENSG00000266909,77835609,77836161,552
ENSG00000206102,32410478,32410795,317
ENSG00000259672,63391069,63402602,11533
ENSG00000227083,146981696,146982977,1281
ENSG00000226591,33225722,33229258,3536
ENSG00000216089,160216866,160216935,69
ENSG00000267251,77941563,77960875,19312
ENSG00000249771,41885077,41896596,11519
ENSG00000248552,160296251,160296474,223
ENSG00000228801,52811885,52859733,47848
ENSG00000254034,28655659,28656986,1327
ENSG00000259459,63682335,63729347,47012
ENSG00000250180,160319685,160322398,2713
ENSG00000198901,91509270,91538859,29589
ENSG00000249887,41926197,41926397,200
ENSG00000242958,28667620,28667935,315
ENSG00000262515,62066976,62959961,892985
ENSG00000228948,108611991,108613706,1715
ENSG00000233584,33234379,33250727,16348
ENSG00000125354,118749687,118827333,77646
ENSG00000251979,160428047,160428180,133
ENSG00000211578,118780701,118780811,110
ENSG00000164144,153701089,153839615,138526
ENSG00000250488,160587655,160698936,111281
ENSG00000259268,63748493,63761550,13057
ENSG00000259196,28807193,28813472,6279
ENSG00000272862,41990758,41991254,496
ENSG00000225002,108823635,108827106,3471
ENSG00000250997,161442981,161443463,482
ENSG00000206622,118921316,118921447,131
ENSG00000249212,42031226,42032140,914
ENSG00000151615,147560045,147563626,3581
ENSG00000200719,28906011,28906121,110
ENSG00000249425,161460406,161507969,47563
ENSG00000232401,43136596,43137740,1144
ENSG00000227285,119055224,119056803,1579
ENSG00000234372,33252858,33264993,12135
ENSG00000242635,161739574,161740021,447
ENSG00000233043,33266458,33269442,2984
ENSG00000250781,42283847,42393285,109438
ENSG00000221362,161925029,161925110,81
ENSG00000236883,43159533,43161468,1935
ENSG00000252016,87403793,87403919,126
ENSG00000249568,162300105,162309569,9464
ENSG00000271693,87624344,87624460,116
ENSG00000255571,89904810,89939471,34661
ENSG00000265159,33321297,33321391,94
ENSG00000236545,43290742,43292163,1421
ENSG00000268066,146990949,146993335,2386
ENSG00000235708,33300827,33330643,29816
ENSG00000271157,88082555,88084859,2304
ENSG00000266574,33329535,33329644,109
ENSG00000249419,162943885,162968719,24834
ENSG00000227698,43294865,43297722,2857
ENSG00000266058,42448007,42448089,82
ENSG00000205808,4662298,4665256,2958
ENSG00000236910,33337405,33338028,623
ENSG00000240167,42473827,42474397,570
ENSG00000167315,47309869,47340330,30461
ENSG00000251778,43302314,43302409,95
ENSG00000251253,163243340,163245059,1719
ENSG00000272024,52862844,52863250,406
ENSG00000230012,33359507,33361398,1891
ENSG00000198768,57034157,57090187,56030
ENSG00000253844,52874018,52935534,61516
ENSG00000234323,109040673,109367076,326403
ENSG00000248396,163442834,163443193,359
ENSG00000237232,43429303,43445060,15757
ENSG00000248283,42563474,42564442,968
ENSG00000248431,163661820,163663200,1380
ENSG00000251123,163905947,163906568,621
ENSG00000231037,33371218,33376673,5455
ENSG00000250027,164029937,164041117,11180
ENSG00000183090,144498455,144621828,123373
ENSG00000102678,22245522,22278637,33115
ENSG00000223262,43641283,43641396,113
ENSG00000085871,140586922,140661899,74977
ENSG00000182378,192989,220023,27034
ENSG00000260519,42659513,42659945,432
ENSG00000216197,43720384,43720455,71
ENSG00000252619,43837606,43837702,96
ENSG00000251517,42708124,42709352,1228
ENSG00000250547,164186727,164187735,1008
ENSG00000229297,109346423,109354233,7810
ENSG00000239930,43916649,43917553,904
ENSG00000252595,42894413,42894635,222
ENSG00000227283,164303331,164303668,337
ENSG00000248939,43135884,43236973,101089
ENSG00000264535,164444444,164444538,94
ENSG00000207819,89911248,89911337,89
ENSG00000106993,4679559,4708398,28839
ENSG00000231867,43928734,43929771,1037
ENSG00000273449,164450923,164451849,926
ENSG00000224656,47577401,47578498,1097
ENSG00000250657,43342892,43347617,4725
ENSG00000259218,90048508,90067265,18757
ENSG00000253001,164749952,164750265,313
ENSG00000235772,43980484,43982044,1560
ENSG00000237062,109377359,109378087,728
ENSG00000259366,28913452,28914202,750
ENSG00000177803,164853678,164854334,656
ENSG00000229968,47636226,47638096,1870
ENSG00000213851,43412058,43412954,896
ENSG00000264392,119058424,119058513,89
ENSG00000225431,44019390,44035168,15778
ENSG00000232576,88163404,88163764,360
ENSG00000234493,119144675,119149501,4826
ENSG00000259248,63836446,63893788,57342
ENSG00000234229,109378339,109464943,86604
ENSG00000099994,24577227,24585078,7851
ENSG00000250746,165109463,165111519,2056
ENSG00000248143,43459544,43494560,35016
ENSG00000261478,90052192,90053647,1455
ENSG00000270745,88237216,88237354,138
ENSG00000235023,44068381,44071354,2973
ENSG00000259607,28924796,28925971,1175
ENSG00000263824,56063544,56063651,107
ENSG00000251501,43588345,43590114,1769
ENSG00000224065,88622434,88622599,165
ENSG00000248546,165118159,165118863,704
ENSG00000239464,43600559,43600854,295
ENSG00000188459,47657325,47664188,6863
ENSG00000254129,28968090,28998246,30156
ENSG00000253960,94228154,94247107,18953
ENSG00000262573,39382879,39383883,1004
ENSG00000239679,43865291,43865563,272
ENSG00000169744,16503164,16900432,397268
ENSG00000225012,88678737,88701982,23245
ENSG00000254089,94271895,94310204,38309
ENSG00000251162,165518871,165519128,257
ENSG00000224401,47700362,47701101,739
ENSG00000124399,43900474,43901368,894
ENSG00000266997,47322163,47363993,41830
ENSG00000262896,39394569,39395535,966
ENSG00000221005,89045334,89045450,116
ENSG00000222416,94453505,94453612,107
ENSG00000258545,119170201,119280760,110559
ENSG00000223037,165541884,165541989,105
ENSG00000238068,47915699,47925971,10272
ENSG00000169118,64457716,64648442,190726
ENSG00000227581,89294212,89294833,621
ENSG00000253781,94658294,94659320,1026
ENSG00000156299,32490734,32932290,441556
ENSG00000248162,165646462,165647858,1396
ENSG00000238473,47941136,47941239,103
ENSG00000262594,39400266,39401246,980
ENSG00000081014,51200869,51298097,97228
ENSG00000200131,109442258,109442610,352
ENSG00000271971,94727606,94728341,735
ENSG00000226081,89367649,89368705,1056
ENSG00000259589,63967345,64005957,38612
ENSG00000264328,29000210,29000484,274
ENSG00000250863,43982023,43983637,1614
ENSG00000102683,23755091,23899304,144213
ENSG00000228143,109484631,109485211,580
ENSG00000253854,94731802,94733395,1593
ENSG00000253770,29076422,29076989,567
ENSG00000251350,44018878,44024080,5202
ENSG00000227434,89464795,89465419,624
ENSG00000101180,60790026,60795323,5297
ENSG00000263263,39410221,39411523,1302
ENSG00000253722,94745444,94746250,806
ENSG00000268941,57209828,57210772,944
ENSG00000228139,119251552,119253610,2058
ENSG00000248771,165675216,165724947,49731
ENSG00000266496,44450022,44450127,105
ENSG00000199156,64163129,64163218,89
ENSG00000171483,47967367,47980068,12701
ENSG00000229667,89544535,89544902,367
ENSG00000253848,94753421,94756762,3341
ENSG00000212034,29127491,29127578,87
ENSG00000251159,44535632,44535897,265
ENSG00000262221,39420541,39421579,1038
ENSG00000254057,94846682,94858971,12289
ENSG00000201050,165708442,165708548,106
ENSG00000273369,44695963,44696403,440
ENSG00000119487,128199672,128469513,269841
ENSG00000254387,94861789,94862303,514
ENSG00000212276,109606030,109606147,117
ENSG00000272936,44706422,44706982,560
ENSG00000262542,39446708,39447733,1025
ENSG00000233382,119254863,119379122,124259
ENSG00000264448,94927962,94928910,948
ENSG00000137473,147627790,147867034,239244
ENSG00000262214,39368962,39369493,531
ENSG00000178605,220025,230886,10861
ENSG00000249729,44842397,44843419,1022
ENSG00000248329,165798156,165820117,21961
ENSG00000230782,109737114,109865269,128155
ENSG00000251234,94951592,94955105,3513
ENSG00000262946,39416193,39416717,524
ENSG00000120251,158125334,158287227,161893
ENSG00000147853,4711155,4742043,30888
ENSG00000248987,44946032,44946978,946
ENSG00000263115,39425486,39425692,206
ENSG00000230241,47995036,47995537,501
ENSG00000231562,109741057,109741835,778
ENSG00000250496,99943462,99944282,820
ENSG00000240509,94969566,94969919,353
ENSG00000233139,48013296,48015369,2073
ENSG00000272777,99988407,99989276,869
ENSG00000263855,94986082,94986151,69
ENSG00000201517,48013408,48013502,94
ENSG00000250227,165836717,165838135,1418
ENSG00000253585,95109992,95116550,6558
ENSG00000263392,29171273,29171365,92
ENSG00000225198,48015795,48025778,9983
ENSG00000266476,29180781,29180873,92
ENSG00000249510,95214141,95215280,1139
ENSG00000244146,165841770,165842215,445
ENSG00000196782,140637907,141075338,437431
ENSG00000263014,198503840,198521562,17722
ENSG00000260253,29209937,29210687,750
ENSG00000224774,31622960,31631270,8310
ENSG00000244217,95365151,95365881,730
ENSG00000221891,165850646,165851103,457
ENSG00000259713,90061754,90135187,73433
ENSG00000270960,165854238,165854658,420
ENSG00000259615,90122996,90125528,2532
ENSG00000246090,100010008,100222513,212505
ENSG00000254315,95545856,95546619,763
ENSG00000248645,165859474,165861142,1668
ENSG00000253704,95565950,95581973,16023
ENSG00000241362,90231168,90231474,306
ENSG00000223615,109878065,109878235,170
ENSG00000160973,145698795,145701718,2923
ENSG00000225531,109879110,109879838,728
ENSG00000253175,95577264,95577943,679
ENSG00000259561,90247896,90248646,750
ENSG00000197465,144792020,144826716,34696
ENSG00000121089,165864442,165865089,647
ENSG00000226047,109879740,109883986,4246
ENSG00000206590,90257463,90257569,106
ENSG00000254190,95602343,95602487,144
ENSG00000259441,90295527,90296724,1197
ENSG00000073067,1022835,1029276,6441
ENSG00000207515,89852234,89852339,105
ENSG00000254283,95606639,95606829,190
ENSG00000258256,86134675,86157946,23271
ENSG00000206062,90562780,90563877,1097
ENSG00000264966,90393869,90393953,84
ENSG00000238032,48037167,48037459,292
ENSG00000261437,95649513,95651695,2182
ENSG00000236941,165869231,165899980,30749
ENSG00000259677,90419772,90420517,745
ENSG00000241003,95700456,95700838,382
ENSG00000257962,86158524,86162077,3553
ENSG00000264796,90427163,90427262,99
ENSG00000234780,48056657,48058867,2210
ENSG00000249065,100081671,100082802,1131
ENSG00000253981,8093525,8102189,8664
ENSG00000167393,294698,347690,52992
ENSG00000212420,90429717,90429823,106
ENSG00000253429,95721180,95721472,292
ENSG00000259316,64472547,64665980,193433
ENSG00000166206,26788693,27184686,395993
ENSG00000252645,90440808,90440869,61
ENSG00000252856,48065693,48065809,116
ENSG00000226535,109931850,109933429,1579
ENSG00000199701,95725943,95726040,97
ENSG00000259273,90479724,90480237,513
ENSG00000253632,29384829,29387840,3011
ENSG00000204368,48072226,48077445,5219
ENSG00000254307,95803871,95805334,1463
ENSG00000250300,100390755,100419855,29100
ENSG00000253182,29405688,29421858,16170
ENSG00000265871,90549987,90550073,86
ENSG00000243844,29489607,29490160,553
ENSG00000236337,147028461,147029103,642
ENSG00000259291,90617747,90625439,7692
ENSG00000226825,110182565,110193083,10518
ENSG00000248676,100515956,100547070,31114
ENSG00000259685,90645881,90676674,30793
ENSG00000254136,52908770,52920915,12145
ENSG00000234161,90669877,90689998,20121
ENSG00000251191,29531438,29605625,74187
ENSG00000263714,90673649,90673945,296
ENSG00000183578,51348795,51397473,48678
ENSG00000201285,147089620,147089735,115
ENSG00000236413,90677308,90677537,229
ENSG00000240470,90709465,90709756,291
ENSG00000068400,48830134,48858675,28541
ENSG00000219507,147133753,147134266,513
ENSG00000230275,90815435,90816596,1161
ENSG00000167306,47349183,47721463,372280
ENSG00000245322,100871163,101116256,245093
ENSG00000099998,24615622,24641110,25488
ENSG00000254314,53063380,53067452,4072
ENSG00000222440,91053092,91053282,190
ENSG00000253490,29605825,29656008,50183
ENSG00000234702,91237654,91238504,850
ENSG00000253551,53106922,53112140,5218
ENSG00000253505,8272200,8282142,9942
ENSG00000233467,147279534,147280398,864
ENSG00000250403,100911894,100912634,740
ENSG00000263459,110195821,110195890,69
ENSG00000096150,33168626,33173129,4503
ENSG00000227541,119335910,119336597,687
ENSG00000213558,110220319,110220587,268
ENSG00000229132,91368245,91369460,1215
ENSG00000248820,100962998,100963261,263
ENSG00000253924,53207015,53214502,7487
ENSG00000176970,147546228,147546948,720
ENSG00000254153,8314419,8318847,4428
ENSG00000237757,119344309,119346528,2219
ENSG00000222196,101051102,101051192,90
ENSG00000137460,153857504,153900848,43344
ENSG00000240534,53225714,53226060,346
ENSG00000166803,64657193,64679886,22693
ENSG00000249710,101111190,101136662,25472
ENSG00000237741,147579633,147582135,2502
ENSG00000199905,110237317,110237420,103
ENSG00000142168,33031935,33041244,9309
ENSG00000250223,101581436,101596270,14834
ENSG00000271555,53635463,53635701,238
ENSG00000262418,198619288,198737899,118611
ENSG00000223516,147628399,147628918,519
ENSG00000251219,101699739,101712392,12653
ENSG00000146540,1036622,1177896,141274
ENSG00000248911,53887671,53888676,1005
ENSG00000251636,101733412,101735437,2025
ENSG00000221265,102251459,102251571,112
ENSG00000222313,147903688,147903972,284
ENSG00000236005,110296671,110297443,772
ENSG00000242186,148138246,148138696,450
ENSG00000120158,4792869,4885917,93048
ENSG00000199529,102645033,102645137,104
ENSG00000265835,53907922,53907993,71
ENSG00000251149,102893580,102893955,375
ENSG00000251871,53950189,53950309,120
ENSG00000264702,148393763,148393845,82
ENSG00000272509,95896837,95897298,461
ENSG00000250494,54074899,54075547,648
ENSG00000251309,102898051,102958060,60009
ENSG00000243979,95903467,95904335,868
ENSG00000251797,148412432,148412492,60
ENSG00000241144,103269551,103269848,297
ENSG00000184056,91541646,91565833,24187
ENSG00000238039,148593039,148607803,14764
ENSG00000239497,31626842,31631270,4428
ENSG00000238791,95918245,95918347,102
ENSG00000254687,54090131,54155243,65112
ENSG00000248161,103339759,103371167,31408
ENSG00000253878,95962265,95963624,1359
ENSG00000160972,145703352,145727504,24152
ENSG00000176289,148606540,148607582,1042
ENSG00000227350,110305432,110305897,465
ENSG00000253528,95986801,95987081,280
ENSG00000262375,198578341,198579485,1144
ENSG00000153130,141178440,141306880,128440
ENSG00000248632,165889739,165891154,1415
ENSG00000200525,96067442,96067548,106
ENSG00000202308,110425421,110425527,106
ENSG00000262237,198638169,198647677,9508
ENSG00000260484,54301261,54303432,2171
ENSG00000185960,585079,620146,35067
ENSG00000222558,110560025,110560128,103
ENSG00000251572,103382407,103383309,902
ENSG00000248229,165908417,165908939,522
ENSG00000245080,96079036,96085410,6374
ENSG00000225731,44153704,44161868,8164
ENSG00000262210,198659750,198660649,899
ENSG00000253369,54307771,54308506,735
ENSG00000130703,60813580,60871268,57688
ENSG00000260651,103421998,103422476,478
ENSG00000233754,44201184,44202343,1159
ENSG00000254204,54427730,54428465,735
ENSG00000250887,165928238,165929111,873
ENSG00000255164,146218300,146220223,1923
ENSG00000238553,103487032,103487124,92
ENSG00000225218,44251150,44256587,5437
ENSG00000250712,165931611,165933003,1392
ENSG00000241981,103583768,103584230,462
ENSG00000244104,110573900,110574195,295
ENSG00000254618,146220272,146220926,654
ENSG00000215700,29663,33264,3601
ENSG00000233056,44336913,44345756,8843
ENSG00000230069,103648431,103651878,3447
ENSG00000179934,39371197,39375171,3974
ENSG00000240674,165933518,165933997,479
ENSG00000151835,23902965,24007841,104876
ENSG00000255559,146228197,146231432,3235
ENSG00000140006,64063757,64108579,44822
ENSG00000250430,165947413,165948096,683
ENSG00000231293,110596790,110597110,320
ENSG00000248971,103649903,103651328,1425
ENSG00000164849,1084212,1098897,14685
ENSG00000255530,146230947,146231292,345
ENSG00000264580,44371038,44371124,86
ENSG00000249617,165967121,165967432,311
ENSG00000250361,144917257,145061844,144587
ENSG00000224100,44384749,44385473,724
ENSG00000111971,31634408,31641761,7353
ENSG00000224207,103655515,103655772,257
ENSG00000255000,146273246,146274275,1029
ENSG00000250374,165980300,165981706,1406
ENSG00000232777,44535444,44535819,375
ENSG00000124222,57226328,57254582,28254
ENSG00000273097,165991760,165992156,396
ENSG00000200974,166173732,166173813,81
ENSG00000241769,148609130,148622504,13374
ENSG00000251288,103672558,103673798,1240
ENSG00000126821,64150932,64194757,43825
ENSG00000229894,166198944,166201175,2231
ENSG00000205755,1314890,1331616,16726
ENSG00000233727,110616064,110616539,475
ENSG00000215699,36277,50281,14004
ENSG00000207559,166307394,166307489,95
ENSG00000222459,110681147,110681259,112
ENSG00000246560,103749212,103765232,16020
ENSG00000144659,39424839,39438842,14003
ENSG00000236783,110725984,110726326,342
ENSG00000251596,166325219,166327502,2283
ENSG00000215089,91714669,91715951,1282
ENSG00000252739,103758204,103758256,52
ENSG00000248287,166438407,166438653,246
ENSG00000238948,103780550,103780653,103
ENSG00000248327,166468684,166472212,3528
ENSG00000253343,8413248,8418475,5227
ENSG00000250651,103817882,103819394,1512
ENSG00000109654,154073494,154260472,186978
ENSG00000088854,3229951,3388272,158321
ENSG00000253774,8417404,8419634,2230
ENSG00000211526,91715451,91715544,93
ENSG00000213557,110802494,110802873,379
ENSG00000249283,103883113,103884484,1371
ENSG00000253130,8418901,8427198,8297
ENSG00000206285,33173759,33175444,1685
ENSG00000269305,4859120,4859260,140
ENSG00000230543,91770322,91770496,174
ENSG00000225912,91931518,91931953,435
ENSG00000132164,10857885,10982419,124534
ENSG00000248740,104177316,104374815,197499
ENSG00000237807,54427731,54436491,8760
ENSG00000250725,166585502,166586823,1321
ENSG00000237360,110859712,110860131,419
ENSG00000240919,54445468,54446264,796
ENSG00000263616,8439864,8440165,301
ENSG00000249500,166605791,166683930,78139
ENSG00000264445,8490974,8491058,84
ENSG00000237873,92297489,92297941,452
ENSG00000206144,54449620,54452860,3240
ENSG00000251577,104469902,104545691,75789
ENSG00000176305,8559666,8561616,1950
ENSG00000253668,54625257,54625456,199
ENSG00000164125,159045626,159094470,48844
ENSG00000272457,54788710,54789209,499
ENSG00000234130,92477219,92480014,2795
ENSG00000230030,111014434,111017100,2666
ENSG00000134508,20714528,20840431,125903
ENSG00000206372,31855958,31903846,47888
ENSG00000244159,54799568,54799804,236
ENSG00000222512,111121132,111121209,77
ENSG00000200528,54827279,54827384,105
ENSG00000250920,104472084,104480284,8200
ENSG00000169253,111389113,111389430,317
ENSG00000253667,54883791,54886770,2979
ENSG00000254367,8581203,8639989,58786
ENSG00000251571,104493246,104495239,1993
ENSG00000260955,54955549,54958189,2640
ENSG00000231568,48088268,48088394,126
ENSG00000248964,29672520,29712059,39539
ENSG00000168028,39448180,39454033,5853
ENSG00000234322,92542732,92543758,1026
ENSG00000254274,54985674,54986126,452
ENSG00000229662,48104329,48105180,851
ENSG00000252460,104845697,104845798,101
ENSG00000156304,33043346,33104388,61042
ENSG00000251835,55065367,55065442,75
ENSG00000177710,11188397,11189717,1320
ENSG00000249614,104882773,104958080,75307
ENSG00000200713,8753323,8753428,105
ENSG00000270980,55104142,55104595,453
ENSG00000254248,96083960,96100152,16192
ENSG00000232042,119406982,119407381,399
ENSG00000231678,111463650,111465372,1722
ENSG00000237381,92643074,92644496,1422
ENSG00000251170,105151537,105332192,180655
ENSG00000253840,55160193,55160466,273
ENSG00000272179,119678170,119678273,103
ENSG00000231810,111583977,111584284,307
ENSG00000259919,132680924,132910380,229456
ENSG00000181511,119866948,119867250,302
ENSG00000215513,20383524,20427835,44311
ENSG00000127863,24144509,24250232,105723
ENSG00000270966,8791231,8791516,285
ENSG00000253773,96216684,96822364,605680
ENSG00000213556,111598613,111598877,264
ENSG00000215999,105199264,105199348,84
ENSG00000254086,29722160,29729177,7017
ENSG00000272082,105412033,105412111,78
ENSG00000233609,8818710,8836535,17825
ENSG00000237828,120002465,120003661,1196
ENSG00000245384,105412122,105618749,206627
ENSG00000201227,111754689,111754849,160
ENSG00000253351,96219235,96228602,9367
ENSG00000109471,123372625,123377880,5255
ENSG00000184608,11225911,11296167,70256
ENSG00000253604,29763251,29766472,3221
ENSG00000225193,90749804,90750199,395
ENSG00000253945,96416030,96416122,92
ENSG00000228301,92828833,92829578,745
ENSG00000271346,120010406,120010659,253
ENSG00000147099,71549366,71792953,243587
ENSG00000259894,90788645,90789043,398
ENSG00000250670,105478117,105490034,11917
ENSG00000253872,96517634,96539752,22118
ENSG00000270826,93031910,93032383,473
ENSG00000253279,29779029,29811240,32211
ENSG00000248242,105575031,105887950,312919
ENSG00000100014,24666786,24813708,146922
ENSG00000212495,93258814,93258921,107
ENSG00000202112,96611342,96611447,105
ENSG00000207244,8819085,8819218,133
ENSG00000228998,90818266,90820841,2575
ENSG00000223297,96691066,96691143,77
ENSG00000244470,105807275,105808112,837
ENSG00000202410,93433004,93433105,101
ENSG00000199331,111804666,111804767,101
ENSG00000167081,128509624,128729656,220032
ENSG00000254079,96960009,96960461,452
ENSG00000263407,8905955,8906028,73
ENSG00000261091,132856422,132859360,2938
ENSG00000270678,120066755,120067006,251
ENSG00000206284,33175727,33186150,10423
ENSG00000270322,90825080,90825263,183
ENSG00000248762,96998336,97005331,6995
ENSG00000207698,111808509,111808578,69
ENSG00000227521,93574037,93575024,987
ENSG00000270493,120071616,120071869,253
ENSG00000248373,105828514,106041157,212643
ENSG00000271396,90827608,90828812,1204
ENSG00000205745,36118694,36125346,6652
ENSG00000221003,29786121,29786205,84
ENSG00000183663,97080957,97081909,952
ENSG00000252543,8916049,8916140,91
ENSG00000264788,29814788,29814864,76
ENSG00000214433,90835194,90838915,3721
ENSG00000259351,64220473,64228152,7679
ENSG00000239078,8929965,8930026,61
ENSG00000260901,132858380,132859892,1512
ENSG00000271154,120076477,120076729,252
ENSG00000251906,105895819,105895928,109
ENSG00000271349,97139195,97140029,834
ENSG00000264009,44547630,44547729,99
ENSG00000232293,93891662,93894569,2907
ENSG00000251473,106024048,106025161,1113
ENSG00000201071,64403657,64403768,111
ENSG00000254013,29885229,29886416,1187
ENSG00000270131,97152800,97153172,372
ENSG00000236663,44560633,44561202,569
ENSG00000252774,64634738,64634897,159
ENSG00000242620,90837183,90837455,272
ENSG00000100982,44563267,44576662,13395
ENSG00000271041,120081337,120081589,252
ENSG00000264600,64692409,64692671,262
ENSG00000252136,106027144,106027251,107
ENSG00000254224,97247655,97250262,2607
ENSG00000200106,111958481,111958589,108
ENSG00000254340,8998934,9002945,4011
ENSG00000265067,64713401,64713698,297
ENSG00000221309,90838273,90838355,82
ENSG00000239175,29901317,29901424,107
ENSG00000237864,44742297,44751919,9622
ENSG00000251259,106058437,106061776,3339
ENSG00000265647,112028557,112028655,98
ENSG00000232813,48134339,48134482,143
ENSG00000206781,64737329,64737442,113
ENSG00000199732,97321449,97321550,101
ENSG00000272256,29940274,29940983,709
ENSG00000237124,112062466,112063452,986
ENSG00000154319,11278972,11332224,53252
ENSG00000259262,90929046,90929295,249
ENSG00000137869,51500254,51630807,130553
ENSG00000133742,86239837,86291243,51406
ENSG00000259682,64762452,64763563,1111
ENSG00000237989,44778027,44782229,4202
ENSG00000231001,94031738,94032566,828
ENSG00000251586,106092511,106099220,6709
ENSG00000270397,120086198,120086449,251
ENSG00000253105,97384093,97399666,15573
ENSG00000207329,112086965,112087076,111
ENSG00000241207,48136139,48137013,874
ENSG00000164850,1121844,1133451,11607
ENSG00000248415,64820866,64821870,1004
ENSG00000263861,112273755,112273825,70
ENSG00000253252,9037761,9040029,2268
ENSG00000259177,90936722,90941113,4391
ENSG00000241511,29974900,29975295,395
ENSG00000151617,148402069,148466106,64037
ENSG00000225637,44783212,44786446,3234
ENSG00000271502,120091081,120091333,252
ENSG00000221665,94148500,94148592,92
ENSG00000243403,64885178,64885525,347
ENSG00000259212,91139072,91139679,607
ENSG00000202095,97443282,97443388,106
ENSG00000096968,4985033,5128183,143150
ENSG00000271869,30013346,30013748,402
ENSG00000239465,64923308,64924113,805
ENSG00000272249,98145063,98145607,544
ENSG00000259314,91147457,91157790,10333
ENSG00000237345,48138858,48141227,2369
ENSG00000188660,44866481,44873773,7292
ENSG00000122547,36192758,36341152,148394
ENSG00000248538,9046521,9060364,13843
ENSG00000271211,120095941,120096193,252
ENSG00000270077,98156398,98156951,553
ENSG00000207223,64945087,64945188,101
ENSG00000207162,64963462,64963568,106
ENSG00000253708,30034070,30038404,4334
ENSG00000259736,91163239,91260372,97133
ENSG00000260640,98253970,98254432,462
ENSG00000265967,64987240,64987793,553
ENSG00000221187,94318140,94318225,85
ENSG00000213539,112295110,112296612,1502
ENSG00000270736,120100802,120101053,251
ENSG00000207215,98370493,98370702,209
ENSG00000212098,94389278,94389371,93
ENSG00000264937,64988821,64989060,239
ENSG00000213750,98636431,98637307,876
ENSG00000259746,91177957,91178265,308
ENSG00000272375,30054920,30055564,644
ENSG00000271094,94708368,94708580,212
ENSG00000259635,64993447,65011801,18354
ENSG00000204648,48156251,48165614,9363
ENSG00000202399,98784541,98784653,112
ENSG00000270771,120105662,120105913,251
ENSG00000252910,98786206,98786261,55
ENSG00000254091,9090523,9090959,436
ENSG00000221033,65054586,65054714,128
ENSG00000245479,91203465,91208198,4733
ENSG00000185186,44881974,44899414,17440
ENSG00000270682,98800438,98800585,147
ENSG00000264929,65192180,65192438,258
ENSG00000248159,30094898,30098513,3615
ENSG00000223467,94754603,94755035,432
ENSG00000232939,112522640,112534323,11683
ENSG00000270218,65318426,65319014,588
ENSG00000230475,31644674,31661153,16479
ENSG00000271796,20434077,20434153,76
ENSG00000200677,91298473,91298542,69
ENSG00000252571,20455222,20455364,142
ENSG00000259258,65397872,65398138,266
ENSG00000252024,20455450,20455532,82
ENSG00000259704,91382954,91384608,1654
ENSG00000199876,20455669,20455969,300
ENSG00000201709,65522199,65522305,106
ENSG00000241869,91399167,91399437,270
ENSG00000206903,65577799,65577929,130
ENSG00000270646,120110522,120110773,251
ENSG00000236984,20473206,20475156,1950
ENSG00000254235,9106927,9271224,164297
ENSG00000199568,65588389,65588504,115
ENSG00000259661,91463448,91464416,968
ENSG00000234391,48166204,48168490,2286
ENSG00000270456,120115383,120115633,250
ENSG00000027001,24304328,24463558,159230
ENSG00000259346,65594260,65594649,389
ENSG00000262273,118349897,118368687,18790
ENSG00000234757,20486312,20488882,2570
ENSG00000254316,30107018,30107608,590
ENSG00000200156,65597015,65597130,115
ENSG00000224441,91475816,91478360,2544
ENSG00000270251,120120242,120120493,251
ENSG00000228053,112787161,112787638,477
ENSG00000225894,20499890,20503484,3594
ENSG00000270690,65750912,65751872,960
ENSG00000223975,44885189,44887178,1989
ENSG00000258555,24666866,24838324,171458
ENSG00000206658,113131872,113131978,106
ENSG00000253346,30189477,30189793,316
ENSG00000259232,65767656,65767952,296
ENSG00000216522,20610447,20616201,5754
ENSG00000201567,94837063,94837161,98
ENSG00000212254,113301970,113302078,108
ENSG00000214326,44971110,44971481,371
ENSG00000258384,91495469,91498455,2986
ENSG00000121211,154265801,154336270,70469
ENSG00000233433,120158818,120160417,1599
ENSG00000252217,65795079,65795174,95
ENSG00000215085,94839302,94839941,639
ENSG00000232896,113361755,113367499,5744
ENSG00000103671,64679947,64747502,67555
ENSG00000207449,65845419,65845525,106
ENSG00000254152,30207382,30207863,481
ENSG00000138684,123533783,123542224,8441
ENSG00000258725,91509575,91531854,22279
ENSG00000238715,65863311,65863411,100
ENSG00000234289,44985070,44985529,459
ENSG00000234176,120337036,120338868,1832
ENSG00000238311,65989171,65989274,103
ENSG00000264737,66011584,66011670,86
ENSG00000178381,1191707,1200395,8688
ENSG00000127589,30209389,30211034,1645
ENSG00000261544,66058798,66059736,938
ENSG00000234030,45203004,45203454,450
ENSG00000200142,91520438,91520535,97
ENSG00000223579,20632023,20661407,29384
ENSG00000212032,120466408,120466492,84
ENSG00000259924,66063514,66064477,963
ENSG00000265456,120504826,120504907,81
ENSG00000136573,11351510,11422113,70603
ENSG00000215458,45225639,45232448,6809
ENSG00000223918,113489736,113489959,223
ENSG00000214432,91565849,91579841,13992
ENSG00000199212,55243247,55243455,208
ENSG00000249271,66108640,66109819,1179
ENSG00000206315,32110133,32115584,5451
ENSG00000254109,30239635,30242917,3282
ENSG00000244107,55333028,55333338,310
ENSG00000270275,55392157,55392523,366
ENSG00000252715,66135822,66135896,74
ENSG00000226098,55435339,55435875,536
ENSG00000263512,66332571,66332670,99
ENSG00000261148,132910881,132912606,1725
ENSG00000261318,66570836,66585695,14859
ENSG00000213498,120997551,120998049,498
ENSG00000258542,91573118,91573226,108
ENSG00000260773,66607252,66624041,16789
ENSG00000221217,121002720,121002809,89
ENSG00000270861,98865249,98865481,232
ENSG00000227005,20644408,20645991,1583
ENSG00000206923,113665617,113665725,108
ENSG00000128271,24813847,24838328,24481
ENSG00000260585,121005722,121010718,4996
ENSG00000252712,66639545,66639680,135
ENSG00000227302,48181784,48186118,4334
ENSG00000258665,91574942,91575665,723
ENSG00000092445,41849873,41871536,21663
ENSG00000233938,20670709,20674508,3799
ENSG00000254142,55466921,55474487,7566
ENSG00000253639,98870277,98871175,898
ENSG00000223271,66640614,66640713,99
ENSG00000237891,121144829,121145465,636
ENSG00000207343,20771087,20771189,102
ENSG00000240821,66671675,66672253,578
ENSG00000215493,20804409,20806111,1702
ENSG00000258551,91951938,92148441,196503
ENSG00000252959,166974339,166974439,100
ENSG00000253112,30454431,30455049,618
ENSG00000261102,66707271,66707536,265
ENSG00000207401,113696686,113696787,101
ENSG00000255156,20829490,20829598,108
ENSG00000243504,98877282,98877713,431
ENSG00000266254,167148917,167148984,67
ENSG00000212409,113859605,113859693,88
ENSG00000254172,30501206,30501319,113
ENSG00000164124,159122756,159176563,53807
ENSG00000206711,167234087,167234186,99
ENSG00000201916,20835445,20835555,110
ENSG00000258954,92076121,92078325,2204
ENSG00000227531,113901526,114047116,145590
ENSG00000221317,121605578,121605671,93
ENSG00000243404,66738793,66739115,322
ENSG00000153132,141309609,141349122,39513
ENSG00000249675,167309853,167447271,137418
ENSG00000225261,148629755,148631380,1625
ENSG00000242876,20836224,20836497,273
ENSG00000245970,99053954,99056349,2395
ENSG00000266200,118380352,118404649,24297
ENSG00000223238,114173924,114174022,98
ENSG00000258765,92186247,92192344,6097
ENSG00000236670,20837102,20838392,1290
ENSG00000230100,48193110,48193874,764
ENSG00000212373,167839515,167839629,114
ENSG00000232496,121672106,121673313,1207
ENSG00000269999,66780996,66781427,431
ENSG00000224644,114336472,114337707,1235
ENSG00000207067,99054314,99054445,131
ENSG00000229322,148730843,148731793,950
ENSG00000265300,20837512,20837603,91
ENSG00000270747,48196334,48196604,270
ENSG00000258540,92220001,92220290,289
ENSG00000250150,168228061,168229940,1879
ENSG00000261351,66782086,66784447,2361
ENSG00000252755,99061084,99061190,106
ENSG00000236003,20876357,20878157,1800
ENSG00000228833,148839458,148839556,98
ENSG00000252558,99204433,99204541,108
ENSG00000259057,92286071,92287185,1114
ENSG00000240772,168321648,168321905,257
ENSG00000204173,114353872,114393569,39697
ENSG00000223377,148839682,148839956,274
ENSG00000266589,66789296,66789372,76
ENSG00000254267,99383583,99400475,16892
ENSG00000238981,92378609,92378706,97
ENSG00000248913,168569581,168569947,366
ENSG00000199574,66793588,66793656,68
ENSG00000250261,20941783,20946505,4722
ENSG00000254608,55561553,55782463,220910
ENSG00000260661,92691982,92874267,182285
ENSG00000253468,99425110,99426012,902
ENSG00000222721,168584137,168584453,316
ENSG00000142149,33245628,33416946,171318
ENSG00000202529,66794358,66794429,71
ENSG00000270336,168663030,168663438,408
ENSG00000268735,24322243,24323901,1658
ENSG00000272321,99448897,99451518,2621
ENSG00000258761,92706028,92715666,9638
ENSG00000231694,148842440,148842535,95
ENSG00000199673,66795150,66795248,98
ENSG00000248601,168867825,169034482,166657
ENSG00000200623,66795581,66795652,71
ENSG00000207378,99475172,99475278,106
ENSG00000258726,92824714,92825314,600
ENSG00000224067,114565260,114565715,455
ENSG00000235254,148850558,148853029,2471
ENSG00000238744,169231843,169231946,103
ENSG00000253911,99615481,99618568,3087
ENSG00000270490,67100742,67102898,2156
ENSG00000198026,44577292,44600833,23541
ENSG00000207171,169392560,169392690,130
ENSG00000206907,114602108,114602214,106
ENSG00000223553,20956882,21011201,54319
ENSG00000259437,67212149,67224093,11944
ENSG00000254112,99645775,99646093,318
ENSG00000229226,169519391,169519908,517
ENSG00000258925,92829071,92829908,837
ENSG00000266315,114694380,114694449,69
ENSG00000263662,38211,38291,80
ENSG00000239196,43376,43458,82
ENSG00000222356,114758915,114759019,104
ENSG00000240870,99794283,99794856,573
ENSG00000259289,67223885,67248856,24971
ENSG00000181004,123653857,123666098,12241
ENSG00000249623,169569047,169569738,691
ENSG00000263854,47211,47293,82
ENSG00000239197,92960777,92960919,142
ENSG00000253114,55608958,55609687,729
ENSG00000266603,126781,126862,81
ENSG00000253415,99916831,99917899,1068
ENSG00000258739,92964090,92965965,1875
ENSG00000259953,114794835,114800010,5175
ENSG00000238617,137252,137327,75
ENSG00000256122,67263384,67263457,73
ENSG00000206613,169607759,169607867,108
ENSG00000248522,56362069,56367699,5630
ENSG00000205863,24465238,24476794,11556
ENSG00000170004,7788124,7816078,27954
ENSG00000198223,1387693,1429274,41581
ENSG00000264787,165117,165199,82
ENSG00000214676,169676967,169677533,566
ENSG00000254312,99918488,99918745,257
ENSG00000239051,166714,166794,80
ENSG00000259170,93013463,93014776,1313
ENSG00000004660,3763609,3798185,34576
ENSG00000268155,5077163,5084580,7417
ENSG00000249609,169750070,169754088,4018
ENSG00000248744,45011557,45053669,42112
ENSG00000259347,67278699,67351591,72892
ENSG00000222327,114900077,114900180,103
ENSG00000224732,148889876,148890817,941
ENSG00000201176,169806506,169806612,106
ENSG00000157103,11034410,11080933,46523
ENSG00000200261,114931566,114931677,111
ENSG00000225055,48216560,48218930,2370
ENSG00000201818,169926400,169926495,95
ENSG00000238125,21007017,21009037,2020
ENSG00000225513,114935802,114936251,449
ENSG00000248320,45325270,45328045,2775
ENSG00000236185,94865577,94865956,379
ENSG00000251445,169931581,169932090,509
ENSG00000254357,56429799,56433536,3737
ENSG00000120210,5131979,5185668,53689
ENSG00000242256,115004832,115005119,287
ENSG00000214671,170087423,170088268,845
ENSG00000264718,21011322,21011403,81
ENSG00000226307,94893374,94893923,549
ENSG00000234448,48231338,48231528,190
ENSG00000199525,115014538,115014658,120
ENSG00000221589,56589792,56589883,91
ENSG00000224560,45416354,45416927,573
ENSG00000259246,67293115,67293519,404
ENSG00000251171,170122945,170141500,18555
ENSG00000243911,115034876,115035111,235
ENSG00000229829,148898832,148899306,474
ENSG00000180357,64752941,64978264,225323
ENSG00000235425,94934129,94934626,497
ENSG00000266292,129984656,130008571,23915
ENSG00000104691,30589764,30624522,34758
ENSG00000200720,45482047,45482153,106
ENSG00000229107,21022124,21025272,3148
ENSG00000231603,48239582,48242564,2982
ENSG00000230081,115043258,115043615,357
ENSG00000242634,67524784,67525175,391
ENSG00000222955,56657791,56657901,110
ENSG00000222257,45997136,45997440,304
ENSG00000253887,9112859,9117805,4946
ENSG00000264713,170706345,170706431,86
ENSG00000254325,56806154,56808298,2144
ENSG00000260878,46245565,46246232,667
ENSG00000270583,94975242,94976143,901
ENSG00000229204,170712371,170712853,482
ENSG00000213529,115124994,115125396,402
ENSG00000159055,33640530,33651380,10850
ENSG00000230899,149007636,149009870,2234
ENSG00000249330,46392272,46435205,42933
ENSG00000207415,9144982,9145088,106
ENSG00000100024,24863206,24924358,61152
ENSG00000259673,67695957,67814182,118225
ENSG00000232842,95228327,95229314,987
ENSG00000250068,115344059,115344870,811
ENSG00000199405,56815282,56815414,132
ENSG00000252243,46533254,46533359,105
ENSG00000120211,5231419,5235304,3885
ENSG00000248625,170753804,170754514,710
ENSG00000216204,56821520,56821611,91
ENSG00000273167,24553839,24895169,341330
ENSG00000217261,21044217,21053226,9009
ENSG00000253735,9208748,9215951,7203
ENSG00000224871,149097880,149098916,1036
ENSG00000249936,46725793,46726625,832
ENSG00000248319,170838912,170897053,58141
ENSG00000226609,115511182,115512736,1554
ENSG00000138685,123747863,123819391,71528
ENSG00000240905,56892801,56893096,295
ENSG00000242998,95278359,95278644,285
ENSG00000130706,60877149,60883918,6769
ENSG00000251200,170867132,170884485,17353
ENSG00000238301,47307951,47308054,103
ENSG00000271631,115647438,115648047,609
ENSG00000271722,56926046,56926727,681
ENSG00000201815,9228600,9228705,105
ENSG00000235062,21052250,21053222,972
ENSG00000243383,106214815,106215100,285
ENSG00000260918,47433977,47440976,6999
ENSG00000203262,95325668,95326777,1109
ENSG00000200917,106328154,106328249,95
ENSG00000249955,170902898,170914957,12059
ENSG00000237906,115721414,115724541,3127
ENSG00000270964,67833410,67834942,1532
ENSG00000249264,106405855,106407237,1382
ENSG00000242431,47492984,47493488,504
ENSG00000136574,11534468,11617511,83043
ENSG00000196814,129089128,129269320,180192
ENSG00000186417,51633826,51700210,66384
ENSG00000248822,171020969,171021255,286
ENSG00000248254,47558748,47562276,3528
ENSG00000254237,9229480,9293715,64235
ENSG00000259512,67920190,67921473,1283
ENSG00000172361,47753563,47792892,39329
ENSG00000216425,106447753,106448554,801
ENSG00000151552,17461884,17513857,51973
ENSG00000248739,171062443,171063683,1240
ENSG00000107014,5299868,5304969,5101
ENSG00000242262,47708389,47709004,615
ENSG00000235703,149106846,149392815,285969
ENSG00000250266,171195070,171204230,9160
ENSG00000251827,47813481,47813652,171
ENSG00000229620,48271748,48274761,3013
ENSG00000232069,95450476,95450616,140
ENSG00000250922,106453632,106453787,155
ENSG00000259959,47842139,47846356,4217
ENSG00000249050,9311208,9314928,3720
ENSG00000251061,171264240,171293462,29222
ENSG00000231489,48281727,48281853,126
ENSG00000228623,115759495,115774507,15012
ENSG00000250082,171402846,171403346,500
ENSG00000250522,106461347,106473512,12165
ENSG00000221764,47978233,47978344,111
ENSG00000271209,95592235,95592911,676
ENSG00000264509,130020180,130027955,7775
ENSG00000200269,48108098,48108205,107
ENSG00000235350,48291580,48299998,8418
ENSG00000181359,171502621,171526601,23980
ENSG00000249885,106482748,106491395,8647
ENSG00000254995,57226490,57290466,63976
ENSG00000223260,95665431,95665781,350
ENSG00000253050,48111370,48111427,57
ENSG00000226287,21055220,21058894,3674
ENSG00000229693,95875653,95876902,1249
ENSG00000202014,48155451,48155552,101
ENSG00000250968,171663620,171664869,1249
ENSG00000251722,48576470,48576537,67
ENSG00000249943,171735490,171735699,209
ENSG00000248778,106600207,106601251,1044
ENSG00000272267,9412656,9414030,1374
ENSG00000248256,48854025,48862220,8195
ENSG00000251961,171812618,171812748,130
ENSG00000170262,33664124,33687095,22971
ENSG00000107018,5334969,5339873,4904
ENSG00000207426,95956506,95956618,112
ENSG00000225684,115865618,115873780,8162
ENSG00000253697,9515805,9515948,143
ENSG00000252913,48934772,48934871,99
ENSG00000214628,96208629,96209194,565
ENSG00000248872,171961753,171980314,18561
ENSG00000251334,48938599,48938897,298
ENSG00000164853,1272543,1276954,4411
ENSG00000259410,68125063,68166204,41141
ENSG00000207701,9599182,9599278,96
ENSG00000241997,56934580,56934872,292
ENSG00000225455,49018699,49019171,472
ENSG00000265260,96596045,96596341,296
ENSG00000236814,56962597,56963766,1169
ENSG00000222437,49199220,49199301,81
ENSG00000239065,9724417,9724520,103
ENSG00000245719,68126648,68131217,4569
ENSG00000251175,106667402,106748329,80927
ENSG00000221747,49200032,49200114,82
ENSG00000134490,20777108,21017925,240817
ENSG00000221415,49200224,49200306,82
ENSG00000206625,68132277,68132383,106
ENSG00000238650,56986394,56986460,66
ENSG00000236256,96686285,96897588,211303
ENSG00000249828,49205188,49205743,555
ENSG00000198062,16256441,16287937,31496
ENSG00000253603,56987151,56987833,682
ENSG00000262858,65821640,65980494,158854
ENSG00000212321,121974279,121974497,218
ENSG00000261702,68266729,68266963,234
ENSG00000249525,172034940,172035732,792
ENSG00000266337,49211391,49211465,74
ENSG00000224236,122249960,122251634,1674
ENSG00000248755,172090360,172091093,733
ENSG00000272652,28730486,28730593,107
ENSG00000231528,115875353,115882208,6855
ENSG00000205693,27915671,27924209,8538
ENSG00000248578,57013758,57014826,1068
ENSG00000249079,49214268,49214641,373
ENSG00000248339,172210626,172219418,8792
ENSG00000265082,122598936,122599026,90
ENSG00000221093,57033801,57033911,110
ENSG00000250740,106848217,106853879,5662
ENSG00000250016,49235306,49235982,676
ENSG00000251176,172474151,172485418,11267
ENSG00000272343,57135247,57135732,485
ENSG00000107020,5357973,5437878,79905
ENSG00000179101,122648324,122648723,399
ENSG00000167701,145728356,145732557,4201
ENSG00000254216,57165519,57165931,412
ENSG00000249635,106924474,106943635,19161
ENSG00000249297,172523834,172559914,36080
ENSG00000234252,21077335,21080208,2873
ENSG00000229733,122692201,122692435,234
ENSG00000253230,9757574,9762876,5302
ENSG00000237961,49239116,49247436,8320
ENSG00000250298,107279555,107288359,8804
ENSG00000272600,21243494,21245502,2008
ENSG00000253542,57285623,57307924,22301
ENSG00000248637,173301179,173301638,459
ENSG00000237073,116332470,116352299,19829
ENSG00000266366,21309449,21309714,265
ENSG00000222333,107336863,107336942,79
ENSG00000237476,21311380,21318967,7587
ENSG00000268736,49248038,49248555,517
ENSG00000249613,107354781,107374605,19824
ENSG00000245213,174053079,174090803,37724
ENSG00000248946,49248618,49248932,314
ENSG00000265594,130036375,130082274,45899
ENSG00000272829,21335650,21336044,394
ENSG00000258647,93111048,93115272,4224
ENSG00000248583,49488943,49491571,2628
ENSG00000248915,107757655,107758758,1103
ENSG00000233817,116381508,116384914,3406
ENSG00000258676,93124059,93143775,19716
ENSG00000252566,108038489,108038561,72
ENSG00000227482,116413236,116445135,31899
ENSG00000230513,21356175,21364631,8456
ENSG00000260337,93138790,93139692,902
ENSG00000251056,49504162,49508039,3877
ENSG00000221393,18166843,18166932,89
ENSG00000213522,108124506,108125081,575
ENSG00000259028,88034525,88035743,1218
ENSG00000221114,50151262,50151383,121
ENSG00000271763,93146140,93163245,17105
ENSG00000223030,18336962,18337059,97
ENSG00000258770,88100723,88121638,20915
ENSG00000250769,49509781,49510823,1042
ENSG00000258400,50174385,50175510,1125
ENSG00000251081,108179857,108223027,43170
ENSG00000259064,93170303,93170644,341
ENSG00000225000,18468685,18470361,1676
ENSG00000242703,140697752,140699600,1848
ENSG00000138867,24936406,24951903,15497
ENSG00000252470,108356275,108356377,102
ENSG00000222164,18847616,18847902,286
ENSG00000252474,50306443,50306545,102
ENSG00000272298,93242270,93267507,25237
ENSG00000197037,99214569,99230030,15461
ENSG00000226522,18931719,18939056,7337
ENSG00000164168,148538534,148593195,54661
ENSG00000214669,116521274,116521699,425
ENSG00000266037,50320336,50320632,296
ENSG00000258807,88176763,88338635,161872
ENSG00000248532,49525665,49525874,209
ENSG00000215641,28870783,28891770,20987
ENSG00000245293,108784635,108899955,115320
ENSG00000161149,21357184,21368581,11397
ENSG00000215440,57264187,57294294,30107
ENSG00000265150,50329271,50329567,296
ENSG00000273081,140702410,140704649,2239
ENSG00000253954,93254977,93256105,1128
ENSG00000269848,49526047,49526202,155
ENSG00000211556,116554638,116554719,81
ENSG00000232492,18988521,18989385,864
ENSG00000251929,50368568,50368668,100
ENSG00000142207,33683329,33765335,82006
ENSG00000241822,31664595,31675540,10945
ENSG00000268967,49550581,49550872,291
ENSG00000121210,154387498,154557863,170365
ENSG00000259077,88277326,88304683,27357
ENSG00000223212,140752049,140752209,160
ENSG00000250923,57832889,57833087,198
ENSG00000268391,49550935,49551452,517
ENSG00000182957,24553944,24881212,327268
ENSG00000222691,108788963,108789066,103
ENSG00000226872,21385646,21398258,12612
ENSG00000261778,140872843,140873016,173
ENSG00000263138,66187417,66558222,370805
ENSG00000258946,50394289,50428678,34389
ENSG00000258741,93258989,93277425,18436
ENSG00000259096,88418871,88421547,2676
ENSG00000249604,108857187,108862411,5224
ENSG00000232471,49552049,49559417,7368
ENSG00000207575,21388465,21388561,96
ENSG00000205301,141363416,141419531,56115
ENSG00000211931,106382685,106382715,30
ENSG00000232905,116612967,116613912,945
ENSG00000232097,97567751,97568106,355
ENSG00000252783,88462689,88462792,103
ENSG00000261624,141051777,141052568,791
ENSG00000108700,32646055,32648421,2366
ENSG00000238228,97576299,97577310,1011
ENSG00000258407,88477131,88481955,4824
ENSG00000206145,21389532,21399306,9774
ENSG00000251630,49563302,49563487,185
ENSG00000204990,141114183,141116190,2007
ENSG00000120217,5450503,5470566,20063
ENSG00000266318,97592970,97593038,68
ENSG00000240484,93262623,93262970,347
ENSG00000206283,33185925,33195021,9096
ENSG00000251539,49563496,49564166,670
ENSG00000261629,141129511,141131068,1557
ENSG00000258826,88484949,88502663,17714
ENSG00000266668,97593717,97593793,76
ENSG00000088812,3451687,3631769,180082
ENSG00000232021,109088681,109177992,89311
ENSG00000261797,141212498,141212983,485
ENSG00000250753,49581850,49582206,356
ENSG00000258929,50474031,50507947,33916
ENSG00000258562,93305987,93306980,993
ENSG00000226777,106383838,106391825,7987
ENSG00000183444,97595402,97596386,984
ENSG00000249680,21419749,21424386,4637
ENSG00000265591,49585042,49585116,74
ENSG00000207726,116971714,116971809,95
ENSG00000261570,141229003,141251104,22101
ENSG00000164877,1468101,1499138,31037
ENSG00000243554,97598317,97601566,3249
ENSG00000249337,49590789,49591546,757
ENSG00000226971,48305273,48307251,1978
ENSG00000136944,129376722,129463311,86589
ENSG00000169668,21457305,21476574,19269
ENSG00000221075,49597627,49597709,82
ENSG00000260361,93322987,93324722,1735
ENSG00000244701,141352181,141356610,4429
ENSG00000263819,97627637,97627932,295
ENSG00000221334,49600440,49600522,82
ENSG00000258880,31664636,31675654,11018
ENSG00000258867,88490894,88563276,72382
ENSG00000221082,49600632,49600714,82
ENSG00000235119,117159004,117160783,1779
ENSG00000258527,93338877,93339669,792
ENSG00000223099,49601445,49601526,81
ENSG00000255394,11618896,11620309,1413
ENSG00000250473,52731216,52731701,485
ENSG00000236170,106385361,106385377,16
ENSG00000258922,93349000,93351797,2797
ENSG00000254254,57358366,57464626,106260
ENSG00000197210,21468896,21478740,9844
ENSG00000272576,52784938,52785547,609
ENSG00000264123,93399733,93400024,291
ENSG00000211933,106405611,106406108,497
ENSG00000271214,117253844,117254021,177
ENSG00000243929,52844245,52844538,293
ENSG00000233887,97102261,97104015,1754
ENSG00000251040,52910971,52913120,2149
ENSG00000183171,149282609,149284751,2142
ENSG00000224688,21495913,21496660,747
ENSG00000226187,31670072,31671548,1476
ENSG00000237752,97161642,97163088,1446
ENSG00000252454,149396239,149396318,79
ENSG00000251286,53306660,53307701,1041
ENSG00000238530,117327530,117327632,102
ENSG00000253541,57389385,57390546,1161
ENSG00000234889,97230876,97233639,2763
ENSG00000258975,88603077,88626189,23112
ENSG00000199924,53361015,53361118,103
ENSG00000235797,117335181,117335651,470
ENSG00000241652,174062794,174063087,293
ENSG00000272888,93425937,93441975,16038
ENSG00000259998,88624584,88626935,2351
ENSG00000239068,53376179,53376282,103
ENSG00000206314,32116164,32120921,4757
ENSG00000163793,27498289,27504367,6078
ENSG00000234825,149399291,149401116,1825
ENSG00000221296,174189311,174189384,73
ENSG00000248866,53525573,53527835,2262
ENSG00000258538,88641735,88646542,4807
ENSG00000163655,155588325,155661815,73490
ENSG00000170917,123809852,123844123,34271
ENSG00000238496,9789230,9789333,103
ENSG00000248774,174243357,174250845,7488
ENSG00000264872,130126046,130146133,20087
ENSG00000130538,16448824,16449805,981
ENSG00000260093,9907995,9911764,3769
ENSG00000110958,57057127,57082159,25032
ENSG00000260120,53546776,53558816,12040
ENSG00000221320,9945431,9945541,110
ENSG00000246430,57408805,57472382,63577
ENSG00000249848,10194292,10195187,895
ENSG00000201749,117377735,117377848,113
ENSG00000215498,21522047,21546445,24398
ENSG00000272870,174284931,174291597,6666
ENSG00000272241,117378827,117378895,68
ENSG00000226950,53578597,53586518,7921
ENSG00000165046,38243725,38267045,23320
ENSG00000198445,17071667,17073700,2033
ENSG00000260109,68277397,68278626,1229
ENSG00000236243,97506677,97507541,864
ENSG00000206526,28911657,28912317,660
ENSG00000006459,139784546,139876835,92289
ENSG00000230054,117418584,117424654,6070
ENSG00000264779,68522010,68522127,117
ENSG00000261451,10291182,10295822,4640
ENSG00000100028,24951471,25005947,54476
ENSG00000242882,174340396,174341288,892
ENSG00000260602,68546887,68547277,390
ENSG00000264585,53578849,53578914,65
ENSG00000197646,5510545,5571282,60737
ENSG00000263713,149657798,149657884,86
ENSG00000252898,174367754,174367855,101
ENSG00000172967,17264302,17302589,38287
ENSG00000260657,68560130,68570332,10202
ENSG00000228728,149987226,149987719,493
ENSG00000271322,97603449,97603746,297
ENSG00000212588,53579416,53579537,121
ENSG00000261646,174388984,174391192,2208
ENSG00000129055,134196548,134205558,9010
ENSG00000185291,1455509,1501578,46069
ENSG00000261425,68591128,68593343,2215
ENSG00000248375,53586248,53586998,750
ENSG00000253009,150070594,150070709,115
ENSG00000264173,93447629,93447705,76
ENSG00000239939,109328999,109329734,735
ENSG00000154328,11627148,11644855,17707
ENSG00000212490,53614304,53614426,122
ENSG00000169260,28962562,28973093,10531
ENSG00000213704,97644510,97645917,1407
ENSG00000271232,69041840,69043030,1190
ENSG00000230153,150084286,150089411,5125
ENSG00000185518,91643180,91844539,201359
ENSG00000266656,53617314,53617379,65
ENSG00000250485,109338861,109340919,2058
ENSG00000230601,117428716,117434029,5313
ENSG00000199901,53652704,53652805,101
ENSG00000119715,76776957,76968178,191221
ENSG00000265195,69094189,69094264,75
ENSG00000239610,97653041,97653288,247
ENSG00000250302,53656161,53681631,25470
ENSG00000272782,97937257,97939753,2496
ENSG00000259286,69126169,69127088,919
ENSG00000234492,109459346,109541616,82270
ENSG00000253139,57449317,57453056,3739
ENSG00000235302,31673092,31675540,2448
ENSG00000166225,69864129,69973562,109433
ENSG00000262564,118423208,118429776,6568
ENSG00000272950,97952165,97952742,577
ENSG00000234503,21532181,21534164,1983
ENSG00000252420,61724801,61724903,102
ENSG00000137808,69222843,69321229,98386
ENSG00000248115,53811816,53824254,12438
ENSG00000224292,48364911,48367226,2315
ENSG00000222796,150123967,150124060,93
ENSG00000226360,61728129,61728780,651
ENSG00000226885,21622450,21623192,742
ENSG00000259745,69314569,69316516,1947
ENSG00000230508,150161974,150162564,590
ENSG00000239017,48420090,48420189,99
ENSG00000256073,33765439,33766254,815
ENSG00000229266,21637170,21638450,1280
ENSG00000266046,109498228,109498296,68
ENSG00000228343,48438162,48439545,1383
ENSG00000230284,117458202,117458595,393
ENSG00000169155,129567285,129600489,33204
ENSG00000270916,150192080,150192195,115
ENSG00000259265,69329889,69335905,6016
ENSG00000206601,109573306,109573412,106
ENSG00000253641,10332075,10339484,7409
ENSG00000169662,21645049,21648875,3826
ENSG00000249257,109694769,109695176,407
ENSG00000207385,54131628,54131734,106
ENSG00000220125,48441481,48441727,246
ENSG00000241431,57500944,57501346,402
ENSG00000240654,24881304,24896673,15369
ENSG00000250185,109709901,109710935,1034
ENSG00000165959,95648277,95786243,137966
ENSG00000231725,48494553,48495523,970
ENSG00000212595,150194767,150194878,111
ENSG00000182077,27687116,27703297,16181
ENSG00000207128,10333733,10333839,106
ENSG00000265789,150336694,150336798,104
ENSG00000265522,109710356,109710418,62
ENSG00000250930,54362567,54415745,53178
ENSG00000173401,75728419,75764340,35921
ENSG00000232828,48557354,48595570,38216
ENSG00000246774,110224191,110237291,13100
ENSG00000253678,10335001,10336885,1884
ENSG00000254055,57552460,57569024,16564
ENSG00000212766,69365266,69388160,22894
ENSG00000221734,117554474,117554546,72
ENSG00000056291,72897521,73013784,116263
ENSG00000249465,110267482,110268615,1133
ENSG00000229817,117607874,117610865,2991
ENSG00000179468,142723245,142724282,1037
ENSG00000215568,17442826,17489112,46286
ENSG00000234696,150343664,150346308,2644
ENSG00000253649,10340388,10405095,64707
ENSG00000092108,31091318,31205018,113700
ENSG00000206723,48582860,48582966,106
ENSG00000252184,62103974,62104184,210
ENSG00000263052,118430705,118502086,71381
ENSG00000205850,24895264,24895566,302
ENSG00000233585,48634408,48635385,977
ENSG00000237456,62109878,62110282,404
ENSG00000258983,88965678,88981433,15755
ENSG00000163728,180319918,180335616,15698
ENSG00000206142,21655279,21679331,24052
ENSG00000207367,48635380,48635486,106
ENSG00000270328,57688842,57689433,591
ENSG00000184596,48797263,48798079,816
ENSG00000207163,14572489,14572595,106
ENSG00000273065,50505863,50555913,50050
ENSG00000225781,142749417,142750444,1027
ENSG00000236461,117881818,117900688,18870
ENSG00000234123,14614359,14616299,1940
ENSG00000223309,48816440,48816543,103
ENSG00000173966,54441880,54442554,674
ENSG00000273307,50508361,50555893,47532
ENSG00000264065,48863969,48864276,307
ENSG00000222990,88979842,88980007,165
ENSG00000206936,48939686,48939823,137
ENSG00000270788,50517086,50518054,968
ENSG00000258789,89017941,89018837,896
ENSG00000232821,19152097,19153894,1797
ENSG00000265033,49008986,49009277,291
ENSG00000248494,54459123,54470214,11091
ENSG00000241472,62246540,62355005,108465
ENSG00000236536,19159556,19161539,1983
ENSG00000234692,118014817,118016530,1713
ENSG00000259222,69373219,69392275,19056
ENSG00000237341,49055425,49058913,3488
ENSG00000087448,27932953,27955973,23020
ENSG00000229533,19183916,19185876,1960
ENSG00000263347,118429615,118432252,2637
ENSG00000266374,69452990,69453063,73
ENSG00000159763,142829170,142836839,7669
ENSG00000249341,54525375,54603323,77948
ENSG00000266813,49059702,49059788,86
ENSG00000265047,69539448,69539549,101
ENSG00000228714,118501942,118506518,4576
ENSG00000241774,69542866,69543134,268
ENSG00000230216,49090415,49090960,545
ENSG00000179387,141445312,141474924,29612
ENSG00000214389,98015113,98015896,783
ENSG00000249706,54766038,54783002,16964
ENSG00000204148,118650448,118687486,37038
ENSG00000261634,69570667,69591097,20430
ENSG00000184361,43331760,43339479,7719
ENSG00000263085,65987217,65989765,2548
ENSG00000177125,129622944,129648157,25213
ENSG00000181374,32683471,32685629,2158
ENSG00000250815,54793666,54794305,639
ENSG00000213455,98083431,98083929,498
ENSG00000166979,33784314,33887707,103393
ENSG00000164169,148558936,148605381,46445
ENSG00000223402,98107863,98108537,674
ENSG00000229585,54852754,54853225,471
ENSG00000259504,69571014,69587661,16647
ENSG00000207204,98392341,98392447,106
ENSG00000228707,118774640,118775244,604
ENSG00000272650,54863582,54863879,297
ENSG00000265269,66332571,66332670,99
ENSG00000266019,98479273,98479352,79
ENSG00000244286,124500002,124506604,6602
ENSG00000253635,107148674,107148905,231
ENSG00000261896,118509418,118510778,1360
ENSG00000257863,92295234,92299963,4729
ENSG00000238459,98482613,98482713,100
ENSG00000262444,66582973,66597832,14859
ENSG00000206312,32120241,32149468,29227
ENSG00000254052,107151119,107151414,295
ENSG00000243986,124580941,124582164,1223
ENSG00000169100,1505045,1511617,6572
ENSG00000034533,130732719,130746493,13774
ENSG00000238109,98596161,98597553,1392
ENSG00000206366,31857779,31860166,2387
ENSG00000245904,92539349,92583436,44087
ENSG00000200653,89286641,89286776,135
ENSG00000221772,118961269,118961358,89
ENSG00000186297,27111510,27194354,82844
ENSG00000253703,107159869,107160163,294
ENSG00000102699,24995064,25086948,91884
ENSG00000207342,89306509,89306607,98
ENSG00000226604,119048108,119051048,2940
ENSG00000164879,86285665,86361269,75604
ENSG00000254056,107183396,107183857,461
ENSG00000242687,98610788,98645863,35075
ENSG00000258990,89576492,89577567,1075
ENSG00000251105,54942792,54943015,223
ENSG00000223838,19393157,19618229,225072
ENSG00000196639,11178779,11305243,126464
ENSG00000254134,107229405,107229645,240
ENSG00000223281,99933461,99933778,317
ENSG00000235629,14689701,14690939,1238
ENSG00000176463,92396925,92715665,318740
ENSG00000271930,99955823,99956326,503
ENSG00000265932,19744981,19745059,78
ENSG00000250147,54953093,54953950,857
ENSG00000114405,62304648,62321888,17240
ENSG00000270033,60349848,60360276,10428
ENSG00000259151,89756549,89757938,1389
ENSG00000207924,54385522,54385631,109
ENSG00000254176,107231917,107232377,460
ENSG00000170180,145030457,145061904,31447
ENSG00000244757,119050897,119080968,30071
ENSG00000230172,14806459,14808947,2488
ENSG00000145375,123844229,124240605,396376
ENSG00000229625,99973656,99980512,6856
ENSG00000221219,54969747,54969823,76
ENSG00000231003,31676330,31684446,8116
ENSG00000262472,66031635,66042958,11323
ENSG00000238753,54989267,54989371,104
ENSG00000206120,167967310,168548387,581077
ENSG00000250133,54387594,54390569,2975
ENSG00000258752,89816629,89831043,14414
ENSG00000253948,100008991,100025272,16281
ENSG00000260902,14840838,14852921,12083
ENSG00000224484,57836678,57837227,549
ENSG00000263842,100011512,100011629,117
ENSG00000068323,48886242,48901012,14770
ENSG00000258060,31111082,31111199,117
ENSG00000130702,60883011,60942368,59357
ENSG00000253180,100015635,100016070,435
ENSG00000236907,57877307,57877718,411
ENSG00000216182,119155868,119155955,87
ENSG00000256650,15265297,15267632,2335
ENSG00000250618,57877702,57877903,201
ENSG00000236398,142880512,142881528,1016
ENSG00000226837,97677136,97677807,671
ENSG00000253562,100103966,100106288,2322
ENSG00000229105,119266562,119324572,58010
ENSG00000255660,15304857,15308217,3360
ENSG00000224653,57879525,57880333,808
ENSG00000127399,150019728,150035239,15511
ENSG00000225733,14961854,14989931,28077
ENSG00000249581,17516788,17528727,11939
ENSG00000237125,174448421,174512475,64054
ENSG00000253532,100131580,100132809,1229
ENSG00000223836,57879738,57880116,378
ENSG00000252430,98640193,98640274,81
ENSG00000256283,15408147,15408757,610
ENSG00000236583,100245276,100246687,1411
ENSG00000112304,24667263,24705293,38030
ENSG00000272505,10344317,10347176,2859
ENSG00000104093,51739908,51915030,175122
ENSG00000159199,46970127,46973233,3106
ENSG00000237236,57881907,57882648,741
ENSG00000243916,15592461,15593335,874
ENSG00000237704,100352533,100353989,1456
ENSG00000231232,57882150,57882507,357
ENSG00000200105,15824641,15824744,103
ENSG00000270308,98911995,98912379,384
ENSG00000172421,60447579,60493837,46258
ENSG00000128802,48413092,48416853,3761
ENSG00000225017,100358280,100360484,2204
ENSG00000255565,15933002,15935054,2052
ENSG00000002079,98836417,98908753,72336
ENSG00000263762,10524488,10524580,92
ENSG00000179674,160394948,160396233,1285
ENSG00000256627,15956098,15957092,994
ENSG00000243038,50519575,50520287,712
ENSG00000135519,49932940,49952091,19151
ENSG00000206699,100540054,100540155,101
ENSG00000206975,57829643,57829749,106
ENSG00000230894,119330728,119348607,17879
ENSG00000215070,98716600,98976156,259556
ENSG00000207804,100548864,100548958,94
ENSG00000231484,57888037,57896752,8715
ENSG00000201358,50535286,50535591,305
ENSG00000180304,64979772,64995480,15708
ENSG00000197334,57868647,57868875,228
ENSG00000251792,50553700,50553801,101
ENSG00000216069,100549014,100549089,75
ENSG00000104267,86376081,86393722,17641
ENSG00000107623,48425815,48438976,13161
ENSG00000269993,150350858,150351327,469
ENSG00000264712,50766573,50766664,91
ENSG00000235712,33331732,33338829,7097
ENSG00000243254,100626014,100626306,292
ENSG00000256953,15966427,15981208,14781
ENSG00000253247,107236097,107236391,294
ENSG00000259071,50793244,50794627,1383
ENSG00000222205,58039214,58039321,107
ENSG00000235683,100708185,100710245,2060
ENSG00000265662,119861286,119861385,99
ENSG00000256134,16124824,16125543,719
ENSG00000228717,150394701,150396187,1486
ENSG00000253310,107239994,107240279,285
ENSG00000258857,50863731,50865063,1332
ENSG00000253539,100808843,100811415,2572
ENSG00000265929,107259100,107259214,114
ENSG00000212433,10544079,10544197,118
ENSG00000165097,18155560,18224084,68524
ENSG00000256238,16552208,16555340,3132
ENSG00000224379,31118872,31124541,5669
ENSG00000259113,50915525,50923460,7935
ENSG00000211978,107259338,107259632,294
ENSG00000253912,100816387,100816569,182
ENSG00000248896,10586824,10628902,42078
ENSG00000226555,16750976,16752238,1262
ENSG00000201573,50935115,50935216,101
ENSG00000230734,119942907,119943374,467
ENSG00000212414,101016811,101016877,66
ENSG00000258577,51038637,51038858,221
ENSG00000099246,27793197,27831143,37946
ENSG00000174099,65672423,65882024,209601
ENSG00000253674,107273842,107274110,268
ENSG00000163590,160473390,160796695,323305
ENSG00000252565,10641565,10641629,64
ENSG00000215923,16562189,16562265,76
ENSG00000221753,101036210,101036312,102
ENSG00000207268,119943345,119943479,134
ENSG00000095564,93683526,93790082,106556
ENSG00000253301,58055248,58152857,97609
ENSG00000253695,10698086,10704011,5925
ENSG00000256450,16666379,16667305,926
ENSG00000254284,107275873,107276304,431
ENSG00000202310,101171096,101171203,107
ENSG00000087494,28111017,28125638,14621
ENSG00000229946,99141738,99142689,951
ENSG00000253299,101177454,101177706,252
ENSG00000253128,107281000,107281252,252
ENSG00000256564,16720345,16726874,6529
ENSG00000207600,10892716,10892812,96
ENSG00000199667,101197366,101197467,101
ENSG00000262747,66243690,66253272,9582
ENSG00000107036,5629025,5776557,147532
ENSG00000201140,119959397,119959699,302
ENSG00000255871,16846734,16848911,2177
ENSG00000253217,101349823,101362935,13112
ENSG00000252296,99355082,99355219,137
ENSG00000222413,120039264,120039565,301
ENSG00000188707,150026938,150029808,2870
ENSG00000254839,10920157,10924599,4442
ENSG00000253824,101393488,101426687,33199
ENSG00000255740,16939696,16940779,1083
ENSG00000224103,32954322,32970527,16205
ENSG00000136697,113825547,113833427,7880
ENSG00000253303,107287770,107288019,249
ENSG00000236988,99404781,99406338,1557
ENSG00000233516,120224572,120228538,3966
ENSG00000265599,101394991,101395073,82
ENSG00000183770,138663066,138665982,2916
ENSG00000253842,101441062,101443225,2163
ENSG00000269918,10962201,10964214,2013
ENSG00000198879,7200586,7453450,252864
ENSG00000221164,74885838,74885965,127
ENSG00000250482,31249986,31250307,321
ENSG00000233569,120410884,120419305,8421
ENSG00000199201,74951981,74952083,102
ENSG00000270052,150666198,150666826,628
ENSG00000253666,101487903,101513376,25473
ENSG00000207653,32757220,32757313,93
ENSG00000227382,74959584,74960983,1399
ENSG00000214915,150684023,150684717,694
ENSG00000002549,17578815,17609595,30780
ENSG00000222197,119117867,119117967,100
ENSG00000265057,32860322,32860398,76
ENSG00000230592,99410883,99411771,888
ENSG00000241253,31903824,31910258,6434
ENSG00000254364,101504756,101505941,1185
ENSG00000258114,119184705,119249930,65225
ENSG00000263154,79336072,79348014,11942
ENSG00000206682,31505791,31505895,104
ENSG00000251013,101562952,101563941,989
ENSG00000184992,125478246,125515777,37531
ENSG00000270157,141362722,141363646,924
ENSG00000199765,31595672,31595776,104
ENSG00000239429,150780136,150839668,59532
ENSG00000214643,49913814,49917157,3343
ENSG00000236756,75007118,75036742,29624
ENSG00000230876,33050510,33151760,101250
ENSG00000271696,57895015,57895957,942
ENSG00000226543,45275771,45276223,452
ENSG00000252642,124777148,124777282,134
ENSG00000255310,10965298,10967236,1938
ENSG00000235133,120447532,120447866,334
ENSG00000106538,150035408,150038763,3355
ENSG00000253740,101630809,101632221,1412
ENSG00000199327,124837941,124838044,103
ENSG00000233918,61821869,61822186,317
ENSG00000230720,31012180,31012669,489
ENSG00000264986,124870309,124870396,87
ENSG00000169093,1522032,1572655,50623
ENSG00000207443,62471841,62471947,106
ENSG00000177663,17565844,17596583,30739
ENSG00000199598,45339676,45339782,106
ENSG00000242220,33948862,33959683,10821
ENSG00000261295,99928327,99928978,651
ENSG00000227148,62505205,62514809,9604
ENSG00000229847,119232726,119304579,71853
ENSG00000229048,125029725,125030194,469
ENSG00000252606,45416203,45416301,98
ENSG00000252764,101695716,101695802,86
ENSG00000272914,31120757,31122316,1559
ENSG00000201444,120470274,120470380,106
ENSG00000264991,101720106,101720191,85
ENSG00000228775,141404138,141438146,34008
ENSG00000213440,45466228,45466922,694
ENSG00000223819,100055292,100055773,481
ENSG00000248624,31657325,31665174,7849
ENSG00000227540,75012549,75014107,1558
ENSG00000243508,125062929,125063641,712
ENSG00000233454,62517831,62520462,2631
ENSG00000221527,101752030,101752155,125
ENSG00000264007,27948635,27949272,637
ENSG00000251847,120493653,120493749,96
ENSG00000202001,101767329,101767423,94
ENSG00000167100,48187404,48207246,19842
ENSG00000237135,31207941,31210164,2223
ENSG00000228512,120545726,120630349,84623
ENSG00000242399,101788740,101789093,353
ENSG00000252953,125107778,125107841,63
ENSG00000265865,62528465,62528529,64
ENSG00000263370,27966645,27967843,1198
ENSG00000248878,31725646,31726009,363
ENSG00000222795,101843956,101844088,132
ENSG00000254936,10980891,10983574,2683
ENSG00000225331,45578623,45579959,1336
ENSG00000238992,125164905,125165007,102
ENSG00000263578,31354880,31354976,96
ENSG00000233782,62547448,62548639,1191
ENSG00000236854,33152194,33153472,1278
ENSG00000222858,27968629,27968720,91
ENSG00000201800,125235823,125235930,107
ENSG00000212994,101907974,101908387,413
ENSG00000272381,31476812,31550839,74027
ENSG00000270606,8463789,8464280,491
ENSG00000252965,125247088,125247193,105
ENSG00000220984,58096193,58096279,86
ENSG00000265625,27971814,27972865,1051
ENSG00000231901,120602600,120659534,56934
ENSG00000243072,125398417,125398625,208
ENSG00000206951,33170406,33170518,112
ENSG00000238116,100056177,100058049,1872
ENSG00000234312,62574013,62575183,1170
ENSG00000240764,140868808,140892546,23738
ENSG00000260368,101925475,101926616,1141
ENSG00000237604,45595372,45596336,964
ENSG00000252502,33216326,33216391,65
ENSG00000200356,75038820,75038926,106
ENSG00000242001,125400149,125400297,148
ENSG00000229967,151072903,151082440,9537
ENSG00000223951,33281400,33288180,6780
ENSG00000238983,75061539,75061642,103
ENSG00000254556,10994408,10996117,1709
ENSG00000244604,8464548,8464894,346
ENSG00000207473,75106694,75106806,112
ENSG00000266857,125409100,125409187,87
ENSG00000212204,33510836,33510954,118
ENSG00000232124,45621173,45622579,1406
ENSG00000240531,28043297,28043703,406
ENSG00000135919,224839829,224904036,64207
ENSG00000177684,49927962,49931818,3856
ENSG00000237036,31495207,31609376,114169
ENSG00000152766,90581889,90611575,29686
ENSG00000233144,75141191,75143254,2063
ENSG00000231965,11032560,11033079,519
ENSG00000231523,62577879,62615312,37433
ENSG00000242315,101970111,101970406,295
ENSG00000252246,33557965,33558074,109
ENSG00000234458,125422193,125423156,963
ENSG00000234782,120845142,120845660,518
ENSG00000227890,203044020,203044694,674
ENSG00000232698,45626408,45627282,874
ENSG00000250081,64782271,64782875,604
ENSG00000252736,101975163,101975271,108
ENSG00000237133,33780114,33788614,8500
ENSG00000182923,134204585,134293859,89274
ENSG00000202231,100077609,100077741,132
ENSG00000263657,28088121,28114854,26733
ENSG00000248599,102064282,102088479,24197
ENSG00000207352,64900488,64900588,100
ENSG00000144026,95813075,95831158,18083
ENSG00000238038,33827108,33827353,245
ENSG00000239345,100110277,100111368,1091
ENSG00000232010,45670696,45671403,707
ENSG00000243429,125430983,125431889,906
ENSG00000266768,61782495,61782593,98
ENSG00000156140,73146686,73434516,287830
ENSG00000253395,102134373,102138386,4013
ENSG00000265713,28102765,28103719,954
ENSG00000251142,58152616,58153100,484
ENSG00000171509,159236463,159574524,338061
ENSG00000270012,49129517,49132231,2714
ENSG00000166831,65032091,65067786,35695
ENSG00000187999,33861569,33862492,923
ENSG00000251648,65028800,65029481,681
ENSG00000107816,102756375,102767593,11218
ENSG00000164209,110073837,110100857,27020
ENSG00000241728,45748827,45750104,1277
ENSG00000136828,129677053,129985445,308392
ENSG00000252657,28104637,28104762,125
ENSG00000213856,49397103,49397952,849
ENSG00000270076,11060474,11061180,706
ENSG00000249114,31738376,31738767,391
ENSG00000253355,102141215,102145714,4499
ENSG00000250282,48178068,48179284,1216
ENSG00000100985,44637547,44645200,7653
ENSG00000225050,121450030,121468238,18208
ENSG00000240074,28182777,28183350,573
ENSG00000253614,58173785,58179172,5387
ENSG00000227231,30701238,30702593,1355
ENSG00000153266,62355356,62359999,4643
ENSG00000227391,49429447,49433283,3836
ENSG00000203386,33931953,34522820,590867
ENSG00000223825,203066103,203066609,506
ENSG00000199231,62636318,62636397,79
ENSG00000236827,11105135,11125374,20239
ENSG00000234390,49641327,49643844,2517
ENSG00000271243,61802909,61803529,620
ENSG00000215117,58192102,58197290,5188
ENSG00000202360,102150187,102150541,354
ENSG00000233045,139036144,139036780,636
ENSG00000237572,62669597,62672200,2603
ENSG00000252479,31548528,31548633,105
ENSG00000180638,19581601,19622292,40691
ENSG00000184441,45751117,45755734,4617
ENSG00000253737,102151893,102153157,1264
ENSG00000230397,31649884,31650144,260
ENSG00000220132,49676227,49676969,742
ENSG00000270477,3694157,3694309,152
ENSG00000204335,171571861,171574588,2727
ENSG00000226884,61816633,61816798,165
ENSG00000248813,31741940,31742434,494
ENSG00000255902,45751119,45751543,424
ENSG00000261087,102179033,102181857,2824
ENSG00000264120,151125155,151125250,95
ENSG00000250206,124064524,124065086,562
ENSG00000270504,3751345,3754105,2760
ENSG00000248378,31744095,31744558,463
ENSG00000232969,45759259,45760353,1094
ENSG00000247950,110268631,110354973,86342
ENSG00000196960,31650356,31688682,38326
ENSG00000109424,141480588,141489959,9371
ENSG00000202265,58202111,58202208,97
ENSG00000234645,139045599,139046363,764
ENSG00000108819,48211104,48227991,16887
ENSG00000250530,124065403,124065848,445
ENSG00000213639,28974506,29025806,51300
ENSG00000207621,151127050,151127130,80
ENSG00000250164,31747751,31748185,434
ENSG00000201341,49709947,49710053,106
ENSG00000260256,45767650,45768178,528
ENSG00000228787,16905522,16915913,10391
ENSG00000223834,31893528,31895146,1618
ENSG00000251274,124068940,124069465,525
ENSG00000265590,33951132,33984591,33459
ENSG00000249688,31754326,31754763,437
ENSG00000269961,65220457,65220963,506
ENSG00000235201,121502841,121507590,4749
ENSG00000231855,31917468,31917527,59
ENSG00000206262,138666076,138672293,6217
ENSG00000230061,45834473,45845155,10682
ENSG00000237939,139064889,139065540,651
ENSG00000219992,3754333,3755074,741
ENSG00000253871,58256346,58277416,21070
ENSG00000251456,124070311,124070868,557
ENSG00000256750,119196559,119199484,2925
ENSG00000252904,65257011,65257147,136
ENSG00000204334,171640296,171655481,15185
ENSG00000237797,31982012,31996316,14304
ENSG00000206973,61832751,61832857,106
ENSG00000239649,33947788,33953274,5486
ENSG00000271882,102220376,102220786,410
ENSG00000252293,85669039,85669100,61
ENSG00000249643,124073092,124073698,606
ENSG00000253744,65439984,65440623,639
ENSG00000253942,102236169,102236801,632
ENSG00000266692,45857004,45857058,54
ENSG00000232915,139169636,139170888,1252
ENSG00000242814,124144521,124144926,405
ENSG00000222412,32044970,32045064,94
ENSG00000264452,45858918,45858993,75
ENSG00000221576,19759011,19759074,63
ENSG00000231166,121526145,121526623,478
ENSG00000243227,110371931,110372224,293
ENSG00000238158,3832167,3855971,23804
ENSG00000248443,124165165,124165983,818
ENSG00000236131,17019778,17019948,170
ENSG00000253679,102273769,102275131,1362
ENSG00000167700,145734457,145736596,2139
ENSG00000228466,122695493,122696817,1324
ENSG00000213486,61937211,61938113,902
ENSG00000231148,32202071,32202682,611
ENSG00000124562,34725183,34741571,16388
ENSG00000237921,19853308,19857713,4405
ENSG00000207988,110409854,110409951,97
ENSG00000229356,45870869,45875167,4298
ENSG00000249261,124204665,124205607,942
ENSG00000249153,85144320,85145017,697
ENSG00000227949,17053427,17053630,203
ENSG00000100031,24979718,25024972,45254
ENSG00000228043,139175854,139259268,83414
ENSG00000249423,124255640,124257291,1651
ENSG00000233068,3893360,3894524,1164
ENSG00000244399,85669618,85669912,294
ENSG00000225094,110474399,110475250,851
ENSG00000232149,122736990,122737782,792
ENSG00000253282,102299673,102306011,6338
ENSG00000252373,31820671,31820745,74
ENSG00000250411,124372524,124377932,5408
ENSG00000224747,45889812,45892399,2587
ENSG00000224282,31822668,31823243,575
ENSG00000230240,32272813,32273482,669
ENSG00000239115,102319595,102319656,61
ENSG00000264467,122844694,122844982,288
ENSG00000255618,119210837,119212942,2105
ENSG00000250194,124410358,124410673,315
ENSG00000199936,85687267,85687375,108
ENSG00000271560,102349724,102349877,153
ENSG00000233680,100142625,100143579,954
ENSG00000230376,122899151,122899536,385
ENSG00000260604,3905144,3912213,7069
ENSG00000230569,139228226,139231502,3276
ENSG00000217874,170948694,170949624,930
ENSG00000207753,151128100,151128184,84
ENSG00000249365,124443897,124485622,41725
ENSG00000243004,19958604,20180076,221472
ENSG00000250359,85383344,85383665,321
ENSG00000238864,31824686,31824789,103
ENSG00000249965,110476326,110476888,562
ENSG00000261432,122697331,122700110,2779
ENSG00000224518,17053626,17054595,969
ENSG00000218472,3914156,3914526,370
ENSG00000228224,102374022,102384935,10913
ENSG00000228965,151213786,151214665,879
ENSG00000251887,31832546,31832619,73
ENSG00000248785,110594999,110595280,281
ENSG00000206260,138722804,138725110,2306
ENSG00000248631,124537581,124538223,642
ENSG00000239315,11113529,11114112,583
ENSG00000241739,31840598,31841077,479
ENSG00000234986,171004401,171006038,1637
ENSG00000255814,119256609,119271341,14732
ENSG00000250721,124601221,124601344,123
ENSG00000273447,110613160,110613859,699
ENSG00000252178,122905928,122905989,61
ENSG00000242520,151282526,151286444,3918
ENSG00000217135,3922081,3922380,299
ENSG00000089127,113344582,113369990,25408
ENSG00000241772,139326660,139332028,5368
ENSG00000222107,124686561,124686824,263
ENSG00000264267,34011105,34011205,100
ENSG00000226902,122918859,122919301,442
ENSG00000272795,110736203,110736566,363
ENSG00000248846,65502040,65505275,3235
ENSG00000229648,85718053,85718903,850
ENSG00000225960,122735372,122736600,1228
ENSG00000217566,3941516,3942035,519
ENSG00000179031,100165701,100166478,777
ENSG00000235925,31676384,31679581,3197
ENSG00000249932,124704261,124704842,581
ENSG00000234620,17460542,17567954,107412
ENSG00000243914,31847377,31848254,877
ENSG00000232311,110147725,110149988,2263
ENSG00000254063,102378645,102379233,588
ENSG00000213863,171034285,171037576,3291
ENSG00000223431,45892778,45893622,844
ENSG00000260059,139357233,139359996,2763
ENSG00000249681,110800226,110801053,827
ENSG00000199705,122990912,122991013,101
ENSG00000238400,65526957,65527060,103
ENSG00000235064,34064849,34065745,896
ENSG00000079459,11653082,11696818,43736
ENSG00000253644,102399527,102405414,5887
ENSG00000230423,171044839,171045633,794
ENSG00000249316,11138873,11140010,1137
ENSG00000237331,123006476,123007782,1306
ENSG00000241162,110761202,110761506,304
ENSG00000197548,11313995,11599139,285144
ENSG00000237772,139362080,139370737,8657
ENSG00000216657,3978296,3979333,1037
ENSG00000251391,65594296,65618772,24476
ENSG00000199809,119267486,119267610,124
ENSG00000207260,110913481,110913587,106
ENSG00000239211,102409863,102410161,298
ENSG00000252627,123008309,123008415,106
ENSG00000260188,110799110,110800639,1529
ENSG00000118514,135238528,135271260,32732
ENSG00000227999,45893606,45894980,1374
ENSG00000207814,123007257,123007328,71
ENSG00000182574,100211582,100212528,946
ENSG00000174083,8706041,8770994,64953
ENSG00000154265,67240452,67323385,82933
ENSG00000222826,139621167,139621465,298
ENSG00000265561,31880141,31880190,49
ENSG00000256149,119287159,119346735,59576
ENSG00000237025,123012440,123013146,706
ENSG00000263940,111038892,111039203,311
ENSG00000254084,102424101,102464680,40579
ENSG00000225532,171045261,171046865,1604
ENSG00000112667,43193367,43197222,3855
ENSG00000219559,110883378,110883818,440
ENSG00000250313,65803372,65807432,4060
ENSG00000248200,111067530,111068404,874
ENSG00000219814,171054606,171055065,459
ENSG00000214108,31908467,31909292,825
ENSG00000229104,139654721,139655668,947
ENSG00000254024,102473405,102504727,31322
ENSG00000253980,156626253,156651390,25137
ENSG00000165309,23216953,23326518,109565
ENSG00000232412,123093083,123095191,2108
ENSG00000272248,4018947,4019436,489
ENSG00000166530,111173027,111173255,228
ENSG00000253991,102540951,102541797,846
ENSG00000270934,110919296,110919908,612
ENSG00000246477,11173374,11182938,9564
ENSG00000239058,123267134,123267227,93
ENSG00000222086,156662195,156662309,114
ENSG00000227361,62030278,62030523,245
ENSG00000230648,4019077,4021449,2372
ENSG00000263020,31633879,31641323,7444
ENSG00000253653,156687132,156693635,6503
ENSG00000082153,201675317,201688569,13252
ENSG00000250594,111186021,111186173,152
ENSG00000266861,34152451,34152539,88
ENSG00000186074,72690452,72709117,18665
ENSG00000229831,62047343,62047701,358
ENSG00000252668,4076623,4076707,84
ENSG00000213150,110966902,110967761,859
ENSG00000237407,21667209,21669193,1984
ENSG00000237790,34292293,34294617,2324
ENSG00000212160,111199341,111199447,106
ENSG00000253153,102574236,102574716,480
ENSG00000251405,156789623,156887086,97463
ENSG00000217041,111021765,111022103,338
ENSG00000254821,4135657,4146287,10630
ENSG00000237426,123306851,123308309,1458
ENSG00000232992,139659003,139660317,1314
ENSG00000238181,123482951,123484250,1299
ENSG00000205449,85578278,85592281,14003
ENSG00000236472,48212951,48223541,10590
ENSG00000250304,111212800,111214729,1929
ENSG00000234838,65867885,65868374,489
ENSG00000212153,141427784,141427948,164
ENSG00000232771,21695884,21699547,3663
ENSG00000249774,31923473,31923638,165
ENSG00000230702,62083830,62084190,360
ENSG00000270923,141487615,141488440,825
ENSG00000219150,111027565,111028085,520
ENSG00000251464,111320929,111321667,738
ENSG00000234817,4136306,4157619,21313
ENSG00000253730,48235694,48238637,2943
ENSG00000159079,33964389,33985176,20787
ENSG00000248803,65918696,65919005,309
ENSG00000226534,21724353,21726234,1881
ENSG00000253629,102698775,102701321,2546
ENSG00000251046,111337054,111339660,2606
ENSG00000241926,141501115,141501859,744
ENSG00000108702,32687347,32690250,2903
ENSG00000226785,34608855,34860407,251552
ENSG00000240356,114368079,114384667,16588
ENSG00000182256,27216429,27778373,561944
ENSG00000268400,7694682,7707934,13252
ENSG00000238372,102859484,102859588,104
ENSG00000236498,62095567,62113217,17650
ENSG00000224354,141502282,141503287,1005
ENSG00000183307,17597189,17602257,5068
ENSG00000199894,111354265,111354344,79
ENSG00000154316,11197146,11225961,28815
ENSG00000266756,103137660,103137743,83
ENSG00000200057,21743480,21743780,300
ENSG00000266243,31936208,31936265,57
ENSG00000200522,111043453,111043551,98
ENSG00000252314,21743917,21743999,82
ENSG00000250511,111433644,111440661,7017
ENSG00000237716,4186858,4188343,1485
ENSG00000254492,103166778,103166953,175
ENSG00000226939,140123735,140136717,12982
ENSG00000249057,65958159,65958816,657
ENSG00000212587,111169749,111169876,127
ENSG00000212025,34628731,34628824,93
ENSG00000252020,21744085,21744227,142
ENSG00000216307,4189350,4190040,690
ENSG00000252402,21765339,21765415,76
ENSG00000199360,111177620,111177725,105
ENSG00000229666,66297211,66299781,2570
ENSG00000138134,90639491,90734910,95419
ENSG00000229131,140227345,140235317,7972
ENSG00000246263,103251622,103265561,13939
ENSG00000231811,4345977,4347271,1294
ENSG00000213149,111179442,111180350,908
ENSG00000234769,64043,69452,5409
ENSG00000240053,31637944,31641553,3609
ENSG00000250103,111516671,111536614,19943
ENSG00000254932,125128522,125136694,8172
ENSG00000169398,141667999,142012315,344316
ENSG00000260577,68679283,68680071,788
ENSG00000228262,34902646,34963298,60652
ENSG00000267062,12907637,12912663,5026
ENSG00000206901,140268994,140269125,131
ENSG00000197161,48366900,48373999,7099
ENSG00000241882,168006341,168009016,2675
ENSG00000201185,4428197,4428315,118
ENSG00000222844,125147448,125147553,105
ENSG00000235232,140426116,140426874,758
ENSG00000140451,65107831,65117867,10036
ENSG00000260860,68684959,68685851,892
ENSG00000229839,62296582,62374016,77434
ENSG00000260239,4492041,4496003,3962
ENSG00000222357,168192986,168193176,190
ENSG00000267424,12936525,12943797,7272
ENSG00000235478,17602476,17612994,10518
ENSG00000249519,111715559,111718500,2941
ENSG00000254671,125440180,125462473,22293
ENSG00000207717,168269642,168269737,95
ENSG00000237947,40681150,40683102,1952
ENSG00000137462,154622652,154626851,4199
ENSG00000266577,85759467,85759749,282
ENSG00000271607,111185063,111185654,591
ENSG00000269018,65358665,65359947,1282
ENSG00000228374,140490277,140490851,574
ENSG00000261395,68720302,68720573,271
ENSG00000265759,12983475,12983544,69
ENSG00000169255,160801671,160823172,21501
ENSG00000206282,33188277,33196019,7742
ENSG00000180316,36210980,36276372,65392
ENSG00000226765,168384347,168385211,864
ENSG00000091128,107663993,107770801,106808
ENSG00000251808,111774532,111774626,94
ENSG00000264632,153673135,153673430,295
ENSG00000207758,49767754,49767844,90
ENSG00000239731,32281018,32281309,291
ENSG00000215961,111781738,111781803,65
ENSG00000197322,32901142,32906388,5246
ENSG00000267735,12991783,12994902,3119
ENSG00000231688,168576447,168576918,471
ENSG00000270695,4529956,4530242,286
ENSG00000207768,49768109,49768194,85
ENSG00000226025,40170014,40177013,6999
ENSG00000262767,153686309,153687353,1044
ENSG00000206660,32345674,32345767,93
ENSG00000266536,85794787,85795083,296
ENSG00000250764,32103551,32122047,18496
ENSG00000182565,48441762,48442825,1063
ENSG00000222297,125444615,125444714,99
ENSG00000252876,31278758,31278812,54
ENSG00000238184,2349979,2399222,49243
ENSG00000251483,111866265,111866955,690
ENSG00000265152,49771262,49771344,82
ENSG00000203363,85913176,85914170,994
ENSG00000200558,68776383,68776491,108
ENSG00000260673,4599521,4602654,3133
ENSG00000219329,111244769,111245310,541
ENSG00000234335,32391450,32392221,771
ENSG00000252255,125519641,125519782,141
ENSG00000242268,168621154,168639784,18630
ENSG00000263477,28190420,28193110,2690
ENSG00000240616,13004947,13005694,747
ENSG00000207785,49773039,49773122,83
ENSG00000260798,68848233,68857429,9196
ENSG00000175110,138724648,139076065,351417
ENSG00000261245,31372599,31373016,417
ENSG00000266380,153693804,153694099,295
ENSG00000253328,103254268,103254847,579
ENSG00000260209,125742926,125744423,1497
ENSG00000238775,111284669,111284772,103
ENSG00000152822,146348782,146758734,409952
ENSG00000205444,4610890,4611538,648
ENSG00000223554,140582465,140583446,981
ENSG00000200065,32134844,32134940,96
ENSG00000251312,111984739,111985383,644
ENSG00000208015,49773572,49773636,64
ENSG00000270107,66475441,66476415,974
ENSG00000262994,153706999,153708022,1023
ENSG00000266032,111290976,111291075,99
ENSG00000260459,68856490,68856973,483
ENSG00000006837,133541305,133706738,165433
ENSG00000161912,41068761,41108571,39810
ENSG00000184789,48453769,48454699,930
ENSG00000204529,76405087,76418685,13598
ENSG00000206140,21820712,21825558,4846
ENSG00000272086,32174577,32175378,801
ENSG00000221074,140584261,140584350,89
ENSG00000236264,2356362,2357006,644
ENSG00000207431,111329473,111329579,106
ENSG00000211538,49774330,49774413,83
ENSG00000106258,99245817,99277621,31804
ENSG00000200963,112252568,112252674,106
ENSG00000071205,148653214,148993931,340717
ENSG00000240977,140740253,140740553,300
ENSG00000255027,125773142,125808811,35669
ENSG00000218803,111368071,111368724,653
ENSG00000262469,153715959,153716060,101
ENSG00000239057,49775279,49775357,78
ENSG00000238801,4643996,4644088,92
ENSG00000241722,112473010,112473329,319
ENSG00000235014,28344478,28354295,9817
ENSG00000254925,48485605,48486529,924
ENSG00000224028,140861152,140889349,28197
ENSG00000263130,153736558,153740934,4376
ENSG00000217385,4702697,4704013,1316
ENSG00000196954,104813593,104840163,26570
ENSG00000207970,49777849,49777945,96
ENSG00000230829,32222038,32222453,415
ENSG00000175348,8968841,8986558,17717
ENSG00000199979,68919479,68919580,101
ENSG00000263275,153740690,153741883,1193
ENSG00000225876,28390498,28390720,222
ENSG00000130522,18390563,18392432,1869
ENSG00000108298,37356536,37360980,4444
ENSG00000272080,49779206,49779291,85
ENSG00000262698,153743831,153743934,103
ENSG00000260999,68961450,68982164,20714
ENSG00000248195,85630842,85631626,784
ENSG00000227149,140974566,140974808,242
ENSG00000263906,125797011,125798724,1713
ENSG00000255215,48507915,48508377,462
ENSG00000260757,31413886,31416020,2134
ENSG00000251796,28393531,28393668,137
ENSG00000199550,2393868,2393980,112
ENSG00000262710,153775427,153775528,101
ENSG00000181977,49920807,49921019,212
ENSG00000248656,112561651,112569964,8313
ENSG00000173338,65360326,65363467,3141
ENSG00000266801,68967723,68971628,3905
ENSG00000255124,125809107,125813597,4490
ENSG00000181291,32907768,32966337,58569
ENSG00000230483,2425745,2429138,3393
ENSG00000236336,4774760,4775642,882
ENSG00000272797,168645263,168645707,444
ENSG00000231567,140975220,140977937,2717
ENSG00000262299,153784880,153791798,6918
ENSG00000266721,13031134,13031218,84
ENSG00000200926,111412416,111412535,119
ENSG00000229238,28424070,28500565,76495
ENSG00000202495,49935841,49935941,100
ENSG00000255113,48513578,48513968,390
ENSG00000199687,85955317,85955460,143
ENSG00000202497,69040955,69041058,103
ENSG00000199731,32234872,32234981,109
ENSG00000273177,168645957,168646386,429
ENSG00000250855,112723957,112761042,37085
ENSG00000231046,111548950,111580237,31287
ENSG00000266975,13041336,13044110,2774
ENSG00000271129,69059763,69060546,783
ENSG00000268797,41307202,41404187,96985
ENSG00000207052,32309768,32309874,106
ENSG00000217030,4979306,4979728,422
ENSG00000241383,168720862,168723254,2392
ENSG00000248432,112725574,112730850,5276
ENSG00000255304,48517900,48518832,932
ENSG00000222961,32379513,32379573,60
ENSG00000211450,57508825,57510986,2161
ENSG00000267458,13054932,13055301,369
ENSG00000262025,153841813,153843121,1308
ENSG00000230177,111599135,111599945,810
ENSG00000229498,86042253,86052514,10261
ENSG00000244378,69067578,69069945,2367
ENSG00000249815,112748037,112993854,245817
ENSG00000254790,125810391,125811088,697
ENSG00000223921,140978153,140979054,901
ENSG00000271081,30611753,30612056,303
ENSG00000261474,31460856,31464814,3958
ENSG00000272027,34917357,34928447,11090
ENSG00000241479,169165655,169194840,29185
ENSG00000250556,112989166,112989682,516
ENSG00000222492,13069669,13069761,92
ENSG00000135486,54673977,54680872,6895
ENSG00000164485,137464968,137494785,29817
ENSG00000253204,30778576,30778851,275
ENSG00000260267,31468032,31471057,3025
ENSG00000236440,141440929,141441457,528
ENSG00000272142,5030206,5043683,13477
ENSG00000271789,111618329,111619713,1384
ENSG00000207956,32394484,32394581,97
ENSG00000254832,48533825,48534772,947
ENSG00000267417,13124476,13125325,849
ENSG00000254967,125820011,125826214,6203
ENSG00000207083,69209574,69209680,106
ENSG00000252693,123331593,123331699,106
ENSG00000250307,112998754,112999556,802
ENSG00000249142,32522864,32523971,1107
ENSG00000200164,69225026,69225126,100
ENSG00000182162,1581465,1656000,74535
ENSG00000253793,30840975,30841837,862
ENSG00000272356,111630406,111634720,4314
ENSG00000267610,13180610,13182188,1578
ENSG00000265113,69274452,69275832,1380
ENSG00000214654,123555829,123561848,6019
ENSG00000145428,154631277,154681387,50110
ENSG00000248363,85649621,85664672,15051
ENSG00000075673,25254549,25285921,31372
ENSG00000266897,13242385,13243224,839
ENSG00000238065,141655992,141656675,683
ENSG00000220392,111674905,111675386,481
ENSG00000255534,48547616,48548523,907
ENSG00000075651,171318195,171528740,210545
ENSG00000254761,76423440,76430652,7212
ENSG00000261527,69477143,69478193,1050
ENSG00000232153,34960042,34962185,2143
ENSG00000262223,79349801,79359160,9359
ENSG00000144306,175260458,175294303,33845
ENSG00000250885,32646670,32652082,5412
ENSG00000201892,141750112,141750228,116
ENSG00000260108,69497747,69500167,2420
ENSG00000254632,76470960,76479267,8307
ENSG00000228128,31684774,31688353,3579
ENSG00000234564,123338349,123339656,1307
ENSG00000204466,50108408,50213737,105329
ENSG00000229276,111681844,111682810,966
ENSG00000252015,141924826,141924926,100
ENSG00000271978,5031990,5054657,22667
ENSG00000163064,119599747,119605254,5507
ENSG00000213607,48600988,48601888,900
ENSG00000218676,111751463,111752984,1521
ENSG00000223109,69599711,69599771,60
ENSG00000269460,40175884,40185217,9333
ENSG00000233329,141965651,141965945,294
ENSG00000228709,45905460,45910171,4711
ENSG00000252419,5045818,5046335,517
ENSG00000252321,86047558,86047735,177
ENSG00000255100,76493625,76494106,481
ENSG00000130520,18417040,18434084,17044
ENSG00000260772,69736968,69738555,1587
ENSG00000255974,41349443,41356352,6909
ENSG00000268088,40184565,40186898,2333
ENSG00000238683,69742475,69742578,103
ENSG00000225839,100298553,100349465,50912
ENSG00000270917,123574753,123575123,370
ENSG00000220685,5066029,5067216,1187
ENSG00000226994,35024917,35410755,385838
ENSG00000255297,48611312,48612239,927
ENSG00000235890,45926690,45935738,9048
ENSG00000261602,69743777,69744486,709
ENSG00000231643,100446104,100446398,294
ENSG00000265224,142396413,142396532,119
ENSG00000240459,113037666,113038059,393
ENSG00000240320,40188544,40188713,169
ENSG00000232504,86116403,86118103,1700
ENSG00000266259,142754946,142755056,110
ENSG00000262136,69760916,69776466,15550
ENSG00000266779,130146082,130332402,186320
ENSG00000261578,76511408,76515599,4191
ENSG00000244125,142888747,142895399,6652
ENSG00000181409,79091095,79139877,48782
ENSG00000254674,48631615,48632552,937
ENSG00000105202,40325098,40337054,11956
ENSG00000265083,5148467,5148556,89
ENSG00000212030,76589276,76589362,86
ENSG00000181649,2949503,2950685,1182
ENSG00000239131,143070509,143070577,68
ENSG00000231889,111804714,111919505,114791
ENSG00000254988,76666461,76689663,23202
ENSG00000264541,5224961,5225030,69
ENSG00000255053,48649098,48650045,947
ENSG00000228134,143300987,143301544,557
ENSG00000187534,40448563,40449634,1071
ENSG00000250124,85676478,85677244,766
ENSG00000272174,32781644,32781745,101
ENSG00000271782,50902700,50902978,278
ENSG00000220446,5291263,5291621,358
ENSG00000224829,77024651,77025077,426
ENSG00000251062,32888096,32888251,155
ENSG00000251585,85698283,85698778,495
ENSG00000232753,103817769,103828355,10586
ENSG00000229781,143611664,143613567,1903
ENSG00000256212,46020522,46021649,1127
ENSG00000225767,50927141,50936822,9681
ENSG00000269985,5451916,5458308,6392
ENSG00000184106,41176292,41190382,14090
ENSG00000196600,62931248,62997124,65876
ENSG00000213860,20042346,20042909,563
ENSG00000202140,50965430,50965529,99
ENSG00000238880,77277979,77278039,60
ENSG00000270390,143704869,143705655,786
ENSG00000250697,32925745,33298016,372271
ENSG00000178188,28857921,28885526,27605
ENSG00000207194,51048076,51048183,107
ENSG00000271767,77306156,77306224,68
ENSG00000221233,40497851,40497946,95
ENSG00000221169,143763269,143763360,91
ENSG00000081760,125549925,125627873,77948
ENSG00000255551,48901663,48906789,5126
ENSG00000120265,150070579,150132556,61977
ENSG00000206816,77402695,77402796,101
ENSG00000252825,51215968,51216025,57
ENSG00000268166,40526292,40526948,656
ENSG00000236624,45959538,45965751,6213
ENSG00000224288,143850625,143851733,1108
ENSG00000272564,86131402,86131850,448
ENSG00000254985,77428757,77429456,699
ENSG00000267055,20135760,20170098,34338
ENSG00000269069,40529291,40531409,2118
ENSG00000230585,51246012,51246822,810
ENSG00000254728,48903275,48923733,20458
ENSG00000206310,32218297,32297155,78858
ENSG00000234037,103820969,103835986,15017
ENSG00000228598,20181539,20193154,11615
ENSG00000248279,32947549,32962573,15024
ENSG00000227376,77445520,77446071,551
ENSG00000132424,99845927,99873207,27280
ENSG00000226752,123587106,123616651,29545
ENSG00000226839,143851802,143852284,482
ENSG00000089250,117645947,117889975,244028
ENSG00000199262,85916323,85916385,62
ENSG00000224852,143852358,143854124,1766
ENSG00000109436,141541919,141677274,135355
ENSG00000269749,40554664,40596832,42168
ENSG00000260290,69790439,69791840,1401
ENSG00000197976,1710486,1721407,10921
ENSG00000229880,46095785,46098003,2218
ENSG00000208772,86362993,86363129,136
ENSG00000161980,96407,103628,7221
ENSG00000233834,20257200,20261323,4123
ENSG00000230759,103957501,103968087,10586
ENSG00000218574,5609460,5610428,968
ENSG00000212176,41207258,41207364,106
ENSG00000225690,41215107,41217387,2280
ENSG00000269296,40596661,40600313,3652
ENSG00000232772,143854408,143855576,1168
ENSG00000237130,51312140,51312509,369
ENSG00000254920,48914808,48920255,5447
ENSG00000240403,55361898,55378662,16764
ENSG00000249102,33009100,33025830,16730
ENSG00000253579,30989055,30989318,263
ENSG00000252670,69814940,69815031,91
ENSG00000230086,40627218,40628075,857
ENSG00000236382,46122136,46122706,570
ENSG00000218809,41237613,41237977,364
ENSG00000252443,69819897,69820016,119
ENSG00000140557,92937058,93011958,74900
ENSG00000207013,85958961,85959067,106
ENSG00000265538,51525509,51525577,68
ENSG00000206745,41270204,41270310,106
ENSG00000229978,13162645,13165443,2798
ENSG00000251281,33011428,33017713,6285
ENSG00000227166,17659096,17705211,46115
ENSG00000208017,69966984,69967083,99
ENSG00000200241,86387079,86387189,110
ENSG00000221051,40710019,40710106,87
ENSG00000200262,51572894,51573003,109
ENSG00000213461,41275904,41276303,399
ENSG00000205041,40779396,40781386,1990
ENSG00000261959,48240884,48242677,1793
ENSG00000213478,51623460,51624143,683
ENSG00000255527,48928655,48930498,1843
ENSG00000250672,33090232,33090455,223
ENSG00000224613,103960701,104068105,107404
ENSG00000253961,31024594,31034683,10089
ENSG00000236519,46222492,46224632,2140
ENSG00000270174,5665218,5695505,30287
ENSG00000238867,41323187,41323246,59
ENSG00000258611,93608815,93609835,1020
ENSG00000188662,48248789,48258539,9750
ENSG00000264352,35034320,35034623,303
ENSG00000220506,111816194,111816916,722
ENSG00000250544,86042635,86045589,2954
ENSG00000239101,51654135,51654223,88
ENSG00000207631,40788450,40788548,98
ENSG00000237320,35223345,35225227,1882
ENSG00000217239,5788579,5788932,353
ENSG00000258888,93800427,93803704,3277
ENSG00000221492,51656555,51656630,75
ENSG00000234753,41462591,41516359,53768
ENSG00000236300,143855692,143855986,294
ENSG00000255389,111921078,111923498,2420
ENSG00000206674,40805385,40805491,106
ENSG00000229211,31077410,31078500,1090
ENSG00000236179,13171871,13173157,1286
ENSG00000260740,31498691,31499813,1122
ENSG00000203356,51660767,51700768,40001
ENSG00000249910,48967246,48973447,6201
ENSG00000207281,40844966,40845071,105
ENSG00000212063,93829464,93829552,88
ENSG00000222069,104066184,104066501,317
ENSG00000238618,51696925,51697028,103
ENSG00000206925,40848236,40848348,112
ENSG00000260625,31519792,31520569,777
ENSG00000216360,5817654,5818599,945
ENSG00000227557,143856053,143856398,345
ENSG00000258971,93844645,93844876,231
ENSG00000240376,33162285,33162913,628
ENSG00000239015,111967530,111967630,100
ENSG00000253377,31133112,31241795,108683
ENSG00000227039,46340966,46349593,8627
ENSG00000236085,104112175,104113296,1121
ENSG00000268366,40949343,40949994,651
ENSG00000225476,143856467,143857502,1035
ENSG00000233406,51716270,51717144,874
ENSG00000227012,112221692,112223054,1362
ENSG00000251443,33229841,33255659,25818
ENSG00000266164,41112673,41112955,282
ENSG00000179412,13182960,13184326,1366
ENSG00000254095,31196713,31203995,7282
ENSG00000254517,48981480,48983362,1882
ENSG00000265420,86420149,86420231,82
ENSG00000249406,48286333,48291820,5487
ENSG00000223284,41213960,41214068,108
ENSG00000159214,44457031,44462200,5169
ENSG00000233064,5851739,5870453,18714
ENSG00000258699,89821404,89822915,1511
ENSG00000261648,31558019,31558558,539
ENSG00000237234,112475967,112487670,11703
ENSG00000196085,35444443,35444670,227
ENSG00000233622,41314430,41317295,2865
ENSG00000201042,119326239,119326369,130
ENSG00000196696,70010200,70099851,89651
ENSG00000257060,93855786,94112712,256926
ENSG00000213547,31558126,31559058,932
ENSG00000258380,89866339,89875813,9474
ENSG00000263176,48290294,48292718,2424
ENSG00000231766,143858499,143858924,425
ENSG00000265301,35696471,35696552,81
ENSG00000155324,125695824,125832186,136362
ENSG00000261475,31560464,31564888,4424
ENSG00000273080,86422713,86423172,459
ENSG00000232054,123414380,123415272,892
ENSG00000239472,5918793,5919077,284
ENSG00000124508,26383324,26395102,11778
ENSG00000251085,48292055,48292781,726
ENSG00000249572,33424131,33440725,16594
ENSG00000224199,13196270,13199067,2797
ENSG00000243280,113092371,113092683,312
ENSG00000099219,5765076,5833117,68041
ENSG00000237118,41324626,41332677,8051
ENSG00000221937,142919130,142920162,1032
ENSG00000202537,86574185,86574318,133
ENSG00000207044,112517642,112517748,106
ENSG00000215057,5972645,5974245,1600
ENSG00000234441,104210693,104210890,197
ENSG00000207255,35696671,35696774,103
ENSG00000257284,143919647,143929741,10094
ENSG00000270661,112538841,112540771,1930
ENSG00000249838,48313206,48313490,284
ENSG00000251974,86591259,86591388,129
ENSG00000249360,33502177,33503240,1063
ENSG00000243452,148555979,148596267,40288
ENSG00000226917,41470182,41487590,17408
ENSG00000271208,112555366,112555959,593
ENSG00000236434,51730588,51731746,1158
ENSG00000161981,103010,107669,4659
ENSG00000227408,104256345,104262493,6148
ENSG00000269843,41337126,41343115,5989
ENSG00000239135,48322257,48322365,108
ENSG00000248701,86093502,86096097,2595
ENSG00000228655,144052990,144238358,185368
ENSG00000260526,113150717,113152752,2035
ENSG00000251179,48358938,48365216,6278
ENSG00000261664,51795326,51800996,5670
ENSG00000229013,35696782,35696907,125
ENSG00000108424,45726842,45762871,36029
ENSG00000266494,41566461,41566526,65
ENSG00000164008,43232940,43263968,31028
ENSG00000251206,66563850,66566010,2160
ENSG00000200563,86742327,86742431,104
ENSG00000259053,89878656,90421003,542347
ENSG00000253275,31354939,31356128,1189
ENSG00000230913,41634644,41635387,743
ENSG00000226440,112557294,112671296,114002
ENSG00000130612,41396731,41406413,9682
ENSG00000239201,92562176,92562653,477
ENSG00000104983,46498339,46524576,26237
ENSG00000233394,13351482,13354323,2841
ENSG00000242735,62373548,62374288,740
ENSG00000250583,33519721,33522335,2614
ENSG00000272567,113194124,113194472,348
ENSG00000222468,31455615,31455720,105
ENSG00000232027,51837942,51838896,954
ENSG00000112308,24705089,24721064,15975
ENSG00000258909,93960079,93965805,5726
ENSG00000243738,123965437,123965712,275
ENSG00000173327,65365226,65382853,17627
ENSG00000183506,21827289,21871822,44533
ENSG00000228363,86789193,86845889,56696
ENSG00000257640,144053155,144329674,276519
ENSG00000268170,142919163,142919360,197
ENSG00000199895,92564129,92564229,100
ENSG00000264121,6046676,6046777,101
ENSG00000222306,113195228,113195309,81
ENSG00000226532,123460025,123460108,83
ENSG00000213185,124608594,124639157,30563
ENSG00000266923,92815307,92877456,62149
ENSG00000263572,6169567,6169642,75
ENSG00000258920,89883698,89886137,2439
ENSG00000251441,113277291,113280975,3684
ENSG00000258268,144276436,144355571,79135
ENSG00000238843,156499122,156499221,99
ENSG00000242670,55087293,55087639,346
ENSG00000234587,35949825,35950208,383
ENSG00000253974,31883735,31996991,113256
ENSG00000272037,103268620,103270049,1429
ENSG00000214651,124000395,124002367,1972
ENSG00000205056,92860227,92885867,25640
ENSG00000265960,156557648,156557747,99
ENSG00000258787,93973888,93974446,558
ENSG00000249364,66675206,67101066,425860
ENSG00000248184,55199059,55222121,23062
ENSG00000225191,104469189,104470428,1239
ENSG00000238533,103400754,103400863,109
ENSG00000231758,144398325,144413748,15423
ENSG00000215182,1151580,1222364,70784
ENSG00000272971,156584534,156585080,546
ENSG00000233752,36526531,36526973,442
ENSG00000130517,18451397,18480760,29363
ENSG00000253923,103430207,103431181,974
ENSG00000206595,51847980,51848086,106
ENSG00000248518,55242169,55242919,750
ENSG00000216863,6346698,6623004,276306
ENSG00000201623,33888161,33888267,106
ENSG00000231219,13379149,13381237,2088
ENSG00000216663,112646955,112647951,996
ENSG00000238140,51927393,51929088,1695
ENSG00000231102,41688134,41701770,13636
ENSG00000258631,94133096,94304028,170932
ENSG00000260025,36581892,36582257,365
ENSG00000272068,156607575,156610796,3221
ENSG00000221387,103433425,103433550,125
ENSG00000257277,144433734,144498863,65129
ENSG00000251264,55306669,55312890,6221
ENSG00000269387,41732030,41732198,168
ENSG00000219773,112677043,112677916,873
ENSG00000271612,103463991,103464711,720
ENSG00000227070,51983981,52027301,43320
ENSG00000229825,123466768,123467226,458
ENSG00000268745,41759148,41759215,67
ENSG00000250914,33970968,33972733,1765
ENSG00000239593,124042141,124045008,2867
ENSG00000236880,123822354,123822688,334
ENSG00000257226,144524189,144533642,9453
ENSG00000240724,103515981,103516365,384
ENSG00000206977,41800592,41800731,139
ENSG00000207511,13384735,13384841,106
ENSG00000138032,44395108,44471523,76415
ENSG00000252032,52004297,52004401,104
ENSG00000248697,113377080,113378941,1861
ENSG00000238626,124062368,124062466,98
ENSG00000272405,156611458,156614679,3221
ENSG00000227516,41836360,41837469,1109
ENSG00000215807,112682639,112684039,1400
ENSG00000237700,13411551,13414482,2931
ENSG00000236356,144557036,144577168,20132
ENSG00000232599,124337654,124338187,533
ENSG00000250456,55469378,55473298,3920
ENSG00000264299,125827795,125828547,752
ENSG00000143847,202995626,203047868,52242
ENSG00000035141,70523107,70529222,6115
ENSG00000207371,41885154,41885264,110
ENSG00000243500,104615632,104616159,527
ENSG00000258754,94261771,94614049,352278
ENSG00000249727,55702327,55711568,9241
ENSG00000131236,40505905,40538321,32416
ENSG00000229953,156616299,156631216,14917
ENSG00000253222,32028898,32145082,116184
ENSG00000227742,52027538,52060569,33031
ENSG00000200287,144654831,144654929,98
ENSG00000206875,41986146,41986252,106
ENSG00000266485,112683050,112683141,91
ENSG00000252593,103545469,103545567,98
ENSG00000254759,125937434,125938496,1062
ENSG00000251256,55711734,55725407,13673
ENSG00000223946,41997791,41999120,1329
ENSG00000232377,144694640,144721723,27083
ENSG00000273090,36740398,36740875,477
ENSG00000235865,124043046,124047808,4762
ENSG00000249509,113436541,113468037,31496
ENSG00000253382,103633737,103634559,822
ENSG00000217770,112686906,112688646,1740
ENSG00000215869,104615645,104619709,4064
ENSG00000237588,156657487,156661789,4302
ENSG00000271657,62395997,62398298,2301
ENSG00000258262,92924236,92925100,864
ENSG00000263886,124421625,124421692,67
ENSG00000261068,42059976,42061997,2021
ENSG00000256845,36816784,36818696,1912
ENSG00000223356,156682004,156682966,962
ENSG00000248317,55809796,55822985,13189
ENSG00000213489,124460746,124461870,1124
ENSG00000266097,62432961,62433052,91
ENSG00000228347,104695928,104696452,524
ENSG00000213410,145208235,145208545,310
ENSG00000228229,13429634,13430113,479
ENSG00000250684,103700545,103701134,589
ENSG00000270677,36883465,36884084,619
ENSG00000239648,141503501,141504452,951
ENSG00000252261,32049544,32049669,125
ENSG00000176824,145218679,145221645,2966
ENSG00000250767,33997149,33997829,680
ENSG00000238865,92938668,92938763,95
ENSG00000239958,62489524,62489806,282
ENSG00000221252,42379938,42380134,196
ENSG00000244422,55842326,55842538,212
ENSG00000198251,41414377,41416754,2377
ENSG00000222518,124796899,124796989,90
ENSG00000242477,86180048,86180698,650
ENSG00000238809,62492130,62492233,103
ENSG00000104044,28000021,28344504,344483
ENSG00000258012,93251855,93253049,1194
ENSG00000237107,42467448,42467760,312
ENSG00000248147,124704456,124705035,579
ENSG00000205176,86568695,86575726,7031
ENSG00000211581,156905923,156906036,113
ENSG00000261257,125970400,125972308,1908
ENSG00000237208,125243745,125249545,5800
ENSG00000227355,124137519,124214455,76936
ENSG00000240677,141511605,141512057,452
ENSG00000270335,62576083,62577874,1791
ENSG00000252756,37094541,37094638,97
ENSG00000264332,55877000,55877099,99
ENSG00000249677,124705858,124706617,759
ENSG00000204485,13607431,13611550,4119
ENSG00000225036,105976616,105977443,827
ENSG00000266160,156955549,156955841,292
ENSG00000238611,42473238,42473344,106
ENSG00000254833,126030609,126045930,15321
ENSG00000200246,32114012,32114139,127
ENSG00000232299,112797740,112802838,5098
ENSG00000271771,34158226,34158872,646
ENSG00000252815,55898132,55898238,106
ENSG00000169282,155755490,156256545,501055
ENSG00000266799,103745863,103745947,84
ENSG00000250402,124712527,124713132,605
ENSG00000228541,62690262,62691205,943
ENSG00000206848,42631900,42632006,106
ENSG00000128683,171669723,171717661,47938
ENSG00000237842,157029024,157030554,1530
ENSG00000265523,141559618,141559669,51
ENSG00000254049,32298262,32300241,1979
ENSG00000251532,1544222,1551825,7603
ENSG00000252518,37186505,37186605,100
ENSG00000250646,55919227,55958701,39474
ENSG00000238057,145275664,145279058,3394
ENSG00000239095,112797928,112798029,101
ENSG00000213435,42694972,42695438,466
ENSG00000254771,126049392,126049593,201
ENSG00000249061,86263138,86433529,170391
ENSG00000253669,103817745,103822199,4454
ENSG00000223524,86747543,86749570,2027
ENSG00000240031,141562660,141563537,877
ENSG00000241625,62718313,62718601,288
ENSG00000224891,37375673,37376447,774
ENSG00000252215,112853384,112853487,103
ENSG00000250269,124718552,124719148,596
ENSG00000233702,62734680,62734958,278
ENSG00000244034,55929902,55930196,294
ENSG00000225580,112937905,112939082,1177
ENSG00000254694,126078506,126078922,416
ENSG00000241216,6347314,6347614,300
ENSG00000251554,124731072,124731673,601
ENSG00000230916,125605688,125606386,698
ENSG00000255940,86756718,86758745,2027
ENSG00000224520,157043049,157044495,1446
ENSG00000239545,56081793,56082079,286
ENSG00000226075,62693413,62694623,1210
ENSG00000237621,141586948,141587892,944
ENSG00000271498,113147141,113147672,531
ENSG00000260192,124828954,124937920,108966
ENSG00000222067,126084155,126084373,218
ENSG00000239129,28210024,28210127,103
ENSG00000218868,6534930,6535864,934
ENSG00000250812,56085511,56086140,629
ENSG00000231113,42908102,42916098,7996
ENSG00000250978,66759637,66771420,11783
ENSG00000272327,32623643,32625477,1834
ENSG00000215158,34164803,34244901,80098
ENSG00000240098,126114930,126115175,245
ENSG00000201386,113292695,113292801,106
ENSG00000249950,125198439,125198886,447
ENSG00000251951,86398420,86398663,243
ENSG00000243607,126148152,126148472,320
ENSG00000137757,104864962,104893895,28933
ENSG00000218490,113332139,113332617,478
ENSG00000261211,6680542,6683866,3324
ENSG00000231501,125606711,125606867,156
ENSG00000229597,32318107,32332375,14268
ENSG00000197448,142941186,142967947,26761
ENSG00000265919,86410696,86410771,75
ENSG00000147614,86999552,87166457,166905
ENSG00000249904,125221978,125222446,468
ENSG00000185986,1568637,1594735,26098
ENSG00000244292,141611017,141611743,726
ENSG00000206824,48463506,48463607,101
ENSG00000226281,6692977,6711235,18258
ENSG00000206839,56160657,56160765,108
ENSG00000181524,42924083,42924503,420
ENSG00000196433,1733894,1761974,28080
ENSG00000230768,106130197,106161580,31383
ENSG00000241888,125302470,125303778,1308
ENSG00000212407,32769011,32769116,105
ENSG00000253102,48473799,48475249,1450
ENSG00000250464,56179178,56180091,913
ENSG00000216904,113543368,113545274,1906
ENSG00000253385,103866683,103868303,1620
ENSG00000252453,86813263,86813353,90
ENSG00000264338,125606792,125606865,73
ENSG00000243103,51104412,51104699,287
ENSG00000244550,62693493,62702023,8530
ENSG00000224532,6758509,6759524,1015
ENSG00000248752,125412493,125615493,203000
ENSG00000238855,126151552,126151649,97
ENSG00000269906,51129229,51129896,667
ENSG00000262759,48527540,48528086,546
ENSG00000247134,32853696,32902373,48677
ENSG00000232606,145324002,145337001,12999
ENSG00000253263,103904104,103905836,1732
ENSG00000229503,62759718,62760194,476
ENSG00000254905,126162817,126164149,1332
ENSG00000272223,43001635,43002143,508
ENSG00000219986,6795148,6795635,487
ENSG00000248107,125515270,125529543,14273
ENSG00000240651,62701968,62708699,6731
ENSG00000251111,56217979,56218575,596
ENSG00000223811,113678205,113689146,10941
ENSG00000244052,103935599,103936483,884
ENSG00000241243,86590008,86590290,282
ENSG00000240268,141940559,141946886,6327
ENSG00000257271,126413842,126480843,67001
ENSG00000220948,48997053,49003247,6194
ENSG00000235700,157098154,157098463,309
ENSG00000258627,94368287,94368388,101
ENSG00000240625,43003936,43004238,302
ENSG00000256612,41430124,41456565,26441
ENSG00000224581,13632348,13635279,2931
ENSG00000232316,113749742,113754623,4881
ENSG00000204136,124207269,124262306,55037
ENSG00000265637,125532528,125532608,80
ENSG00000249451,48580773,48585689,4916
ENSG00000229961,157155178,157157195,2017
ENSG00000267512,13250431,13251961,1530
ENSG00000232177,125606868,125607264,396
ENSG00000164627,39297766,39693181,395415
ENSG00000272170,43042069,43042477,408
ENSG00000223342,6901255,6918948,17693
ENSG00000254607,126522747,126551999,29252
ENSG00000227850,106240661,106240840,179
ENSG00000250602,125769197,125826063,56866
ENSG00000228239,157202021,157206926,4905
ENSG00000259123,94380840,94396210,15370
ENSG00000232144,62779598,62780569,971
ENSG00000221643,203698709,203698833,124
ENSG00000236638,62723443,62723834,391
ENSG00000201216,103962695,103962792,97
ENSG00000250286,48614655,48616115,1460
ENSG00000240936,6938835,6939130,295
ENSG00000222677,113836189,113836285,96
ENSG00000267598,13263885,13265007,1122
ENSG00000265898,103973041,103973148,107
ENSG00000271736,157250506,157252858,2352
ENSG00000245261,43181539,43191598,10059
ENSG00000226414,125863087,125864209,1122
ENSG00000227417,203774749,203775391,642
ENSG00000236347,113852320,113864995,12675
ENSG00000203498,6993424,6995787,2363
ENSG00000236973,52172810,52173809,999
ENSG00000237189,157257493,157257843,350
ENSG00000258476,94406338,94421585,15247
ENSG00000182771,87359312,88126250,766938
ENSG00000254281,103991013,104012412,21399
ENSG00000254764,49007423,49013433,6010
ENSG00000222939,66760350,66760436,86
ENSG00000185037,62751896,62764434,12538
ENSG00000219222,43277969,43278095,126
ENSG00000237897,106433315,106434052,737
ENSG00000251762,7040693,7040779,86
ENSG00000218208,113902703,113903149,446
ENSG00000253663,104028972,104029817,845
ENSG00000233159,37421525,37421880,355
ENSG00000233673,87098424,87149816,51392
ENSG00000236731,157599729,157600518,789
ENSG00000254938,126790084,126810555,20471
ENSG00000239870,66904482,66904958,476
ENSG00000249700,56230138,56262014,31876
ENSG00000213253,13268773,13269602,829
ENSG00000225092,7183316,7185520,2204
ENSG00000250107,48633568,48639469,5901
ENSG00000200347,125888994,125889094,100
ENSG00000239395,247875115,247887066,11951
ENSG00000259961,13839715,13842765,3050
ENSG00000223505,203804713,203805040,327
ENSG00000205044,49035495,49037446,1951
ENSG00000230595,62788193,62788558,365
ENSG00000230929,125963709,125964011,302
ENSG00000272054,37436018,37439820,3802
ENSG00000254960,126810642,126814986,4344
ENSG00000201483,7187815,7187919,104
ENSG00000254236,104032415,104033656,1241
ENSG00000220614,43295872,43296214,342
ENSG00000258831,94425311,94429972,4661
ENSG00000232028,37552483,37553940,1457
ENSG00000232952,106434361,106436139,1778
ENSG00000249736,66928094,66942617,14523
ENSG00000238221,7276264,7299105,22841
ENSG00000215909,13881496,13882189,693
ENSG00000253795,104097879,104098818,939
ENSG00000271119,1594741,1611582,16841
ENSG00000222409,94440141,94440256,115
ENSG00000266650,113924117,113924227,110
ENSG00000213630,125999029,125999260,231
ENSG00000069998,17618401,17646177,27776
ENSG00000236430,203841702,203843315,1613
ENSG00000228963,125443382,125444288,906
ENSG00000228336,247938212,247939138,926
ENSG00000226622,62817390,62889789,72399
ENSG00000207364,37558913,37559019,106
ENSG00000258785,94443930,94527379,83449
ENSG00000130513,18485541,18499986,14445
ENSG00000249768,126073130,126073687,557
ENSG00000254801,49092304,49092552,248
ENSG00000219375,7331519,7331909,390
ENSG00000230943,113944737,113971276,26539
ENSG00000253078,37662653,37662751,98
ENSG00000179157,43331217,43331957,740
ENSG00000222952,13949679,13949779,100
ENSG00000232846,52174734,52175612,878
ENSG00000226587,62787052,62814704,27652
ENSG00000233047,106470246,106565834,95588
ENSG00000251072,126087655,126112178,24523
ENSG00000239978,125453138,125454041,903
ENSG00000236213,37827279,37873841,46562
ENSG00000233712,157606090,157610091,4001
ENSG00000266358,13950397,13950497,100
ENSG00000214022,150065278,150071133,5855
ENSG00000232908,247990788,247991804,1016
ENSG00000253556,104101024,104102899,1875
ENSG00000229361,49103459,49104649,1190
ENSG00000220472,7339072,7339801,729
ENSG00000247121,96149731,96271513,121782
ENSG00000226674,145425534,145940216,514682
ENSG00000222203,100543905,100543999,94
ENSG00000237445,13983806,13986405,2599
ENSG00000254346,32871599,32872544,945
ENSG00000255409,77449725,77450613,888
ENSG00000125861,3639939,3644046,4107
ENSG00000227298,62803089,62803578,489
ENSG00000175352,9002123,9025596,23473
ENSG00000253085,14022565,14022694,129
ENSG00000202024,100580392,100580498,106
ENSG00000236572,37971476,37974189,2713
ENSG00000252185,126091008,126091109,101
ENSG00000230576,247996651,247997590,939
ENSG00000221559,114026035,114026125,90
ENSG00000259724,94448634,94651167,202533
ENSG00000132763,45965725,45976739,11014
ENSG00000141644,47793252,47808144,14892
ENSG00000270813,100592713,100593277,564
ENSG00000252151,14450728,14450830,102
ENSG00000232917,203872851,203873147,296
ENSG00000214743,126478774,126478939,165
ENSG00000226558,43331958,43332032,74
ENSG00000230570,7341087,7342289,1202
ENSG00000265166,125455059,125455146,87
ENSG00000212624,52190447,52190568,121
ENSG00000253091,114102518,114102667,149
ENSG00000255452,49113956,49114319,363
ENSG00000215156,34190161,34193758,3597
ENSG00000237480,106615869,106627121,11252
ENSG00000231606,14548386,14549613,1227
ENSG00000232165,62806218,62807110,892
ENSG00000219529,77524365,77524722,357
ENSG00000226191,248099363,248100815,1452
ENSG00000183911,100594905,100595922,1017
ENSG00000250080,126506227,126507958,1731
ENSG00000207076,43441924,43442030,106
ENSG00000179170,125465927,125466941,1014
ENSG00000252177,13486743,13486827,84
ENSG00000214642,49936390,49937338,948
ENSG00000231912,114113032,114158556,45524
ENSG00000266993,52259637,52264824,5187
ENSG00000227217,157661552,157666249,4697
ENSG00000249238,66932210,66934770,2560
ENSG00000234593,14675450,14677518,2068
ENSG00000201806,98281054,98281194,140
ENSG00000271754,43486918,43487462,544
ENSG00000267633,13882932,13884932,2000
ENSG00000254459,77540700,77583308,42608
ENSG00000248126,1598242,1598362,120
ENSG00000229659,75182017,75182454,437
ENSG00000273257,56254116,56254438,322
ENSG00000254412,49119715,49122720,3005
ENSG00000239432,125474929,125475305,376
ENSG00000225402,38044058,38045104,1046
ENSG00000233503,7481327,7482827,1500
ENSG00000231700,157678876,157679433,557
ENSG00000271585,126512388,126512742,354
ENSG00000219470,43506559,43507440,881
ENSG00000272175,52266700,52266979,279
ENSG00000254691,77561650,77562557,907
ENSG00000227545,62809532,62810437,905
ENSG00000230932,106623423,106624001,578
ENSG00000219758,114160463,114160808,345
ENSG00000250669,66985861,66986265,404
ENSG00000203615,56277189,56277313,124
ENSG00000267582,13907388,13907747,359
ENSG00000253977,104103491,104103737,246
ENSG00000187808,118892576,118894164,1588
ENSG00000212076,52302013,52302082,69
ENSG00000235734,98443711,98444013,302
ENSG00000237379,203923768,203924908,1140
ENSG00000272840,125493557,125516796,23239
ENSG00000255449,77577458,77581137,3679
ENSG00000266770,13925880,13926133,253
ENSG00000239040,56278803,56278905,102
ENSG00000260646,1562980,1564676,1696
ENSG00000249721,66988640,66989028,388
ENSG00000270342,107086964,107087366,402
ENSG00000230604,52325450,52325807,357
ENSG00000250976,48640564,48641144,580
ENSG00000232366,157693970,157694810,840
ENSG00000219993,7506436,7506782,346
ENSG00000266344,75188425,75188494,69
ENSG00000258895,94576887,94577406,519
ENSG00000224830,248102275,248102961,686
ENSG00000235829,15018625,15019109,484
ENSG00000255338,49132308,49132772,464
ENSG00000238585,56367762,56367875,113
ENSG00000267519,13945330,13947173,1843
ENSG00000239804,125506731,125506989,258
ENSG00000241782,77579768,77580241,473
ENSG00000260954,1629243,1630309,1066
ENSG00000250956,126515448,126515592,144
ENSG00000252218,43511881,43512007,126
ENSG00000223305,56406669,56407002,333
ENSG00000237492,248138043,248138955,912
ENSG00000124140,44650356,44688784,38428
ENSG00000249380,34373133,34373955,822
ENSG00000211554,203968373,203968471,98
ENSG00000221737,125509247,125509395,148
ENSG00000271970,43529609,43530156,547
ENSG00000238563,114162001,114162089,88
ENSG00000252436,62953771,62953875,104
ENSG00000265104,126596628,126596690,62
ENSG00000212174,52331305,52331381,76
ENSG00000203795,124670217,124672627,2410
ENSG00000207808,13947254,13947331,77
ENSG00000234115,7516833,7518073,1240
ENSG00000272969,56413279,56414056,777
ENSG00000198918,118920467,118925606,5139
ENSG00000151923,121334199,121356541,22342
ENSG00000221132,100682381,100682483,102
ENSG00000226605,63053199,63085573,32374
ENSG00000227502,114189178,114194516,5338
ENSG00000255115,77626036,77626321,285
ENSG00000265769,52366592,52366643,51
ENSG00000249577,126801514,126801810,296
ENSG00000203362,43555967,43559099,3132
ENSG00000145423,154701744,154710272,8528
ENSG00000270976,107322845,107323057,212
ENSG00000260989,1630528,1660329,29801
ENSG00000242229,125513949,125514728,779
ENSG00000227425,157830987,157831250,263
ENSG00000224227,248153569,248154506,937
ENSG00000271874,34651562,34651993,431
ENSG00000146426,155153831,155578857,425026
ENSG00000212022,94624327,94624420,93
ENSG00000251923,56664802,56664897,95
ENSG00000203970,49976851,49989694,12843
ENSG00000207980,13947401,13947473,72
ENSG00000254993,49138571,49146122,7551
ENSG00000234557,100698695,100699091,396
ENSG00000233449,107345377,107346049,672
ENSG00000200839,52439082,52439207,125
ENSG00000221817,75255283,75279828,24545
ENSG00000238719,98529517,98529580,63
ENSG00000261189,7540684,7541571,887
ENSG00000218107,43673686,43674488,802
ENSG00000250821,56686169,56703548,17379
ENSG00000258570,94711578,94711980,402
ENSG00000226890,1675629,1676161,532
ENSG00000104112,51973550,52013223,39673
ENSG00000176754,204001575,204010393,8818
ENSG00000207613,13985513,13985622,109
ENSG00000250421,66995257,67198428,203171
ENSG00000199442,248160302,248160398,96
ENSG00000254829,77726761,77727541,780
ENSG00000241346,125534925,125535129,204
ENSG00000229032,52446145,52446486,341
ENSG00000164161,145567173,145666423,99250
ENSG00000231635,98822614,98824187,1573
ENSG00000175967,114225302,114242806,17504
ENSG00000163806,29005383,29073477,68094
ENSG00000232215,248166431,248167370,939
ENSG00000232551,107347096,107348654,1558
ENSG00000207585,13985689,13985825,136
ENSG00000237803,38053390,38103417,50027
ENSG00000236961,43690523,43705571,15048
ENSG00000261399,1763528,1764209,681
ENSG00000254675,77733979,77734767,788
ENSG00000254567,49155205,49156352,1147
ENSG00000236512,7620655,7621111,456
ENSG00000236957,157894855,157918861,24006
ENSG00000237162,63167051,63167417,366
ENSG00000237682,100792472,100794263,1791
ENSG00000267670,14141667,14142369,702
ENSG00000202358,56751761,56751867,106
ENSG00000200085,248192422,248192523,101
ENSG00000175147,15442448,15478960,36512
ENSG00000272114,43738166,43738353,187
ENSG00000222954,56796148,56796239,91
ENSG00000252494,77844466,77844568,102
ENSG00000258632,94816725,94817234,509
ENSG00000188002,1599035,1634120,35085
ENSG00000264613,52461412,52461709,297
ENSG00000200982,248209090,248209191,101
ENSG00000007384,108058,126354,18296
ENSG00000223469,43819494,43820070,576
ENSG00000136859,129849611,129885162,35551
ENSG00000200741,56963556,56963670,114
ENSG00000228887,14181154,14182052,898
ENSG00000223390,52499063,52509951,10888
ENSG00000255532,49327266,49401221,73955
ENSG00000248439,113451527,113451828,301
ENSG00000231609,63271057,63275775,4718
ENSG00000197067,248246936,248247898,962
ENSG00000217746,7938663,7939555,892
ENSG00000252489,57154651,57154750,99
ENSG00000241288,125546081,125607918,61837
ENSG00000266215,126858354,126858438,84
ENSG00000237686,43963460,44042389,78929
ENSG00000250324,57186885,57187500,615
ENSG00000271766,126813987,126814429,442
ENSG00000189325,36283534,36304662,21128
ENSG00000228369,52516590,52518355,1765
ENSG00000265820,1784986,1785067,81
ENSG00000246174,77850817,77886369,35552
ENSG00000131504,140894583,140998622,104039
ENSG00000250966,113486144,113486554,410
ENSG00000255317,126862348,126865354,3006
ENSG00000250859,126847156,126848534,1378
ENSG00000261207,1801560,1802263,703
ENSG00000251823,57197343,57197383,40
ENSG00000219294,7986730,7988425,1695
ENSG00000175489,18501954,18508427,6473
ENSG00000237460,107360861,107380789,19928
ENSG00000241745,52615777,52616089,312
ENSG00000248799,126987385,126999721,12336
ENSG00000242083,57222301,57223098,797
ENSG00000260541,1891021,1893548,2527
ENSG00000250234,34656517,34657355,838
ENSG00000228407,52625933,52626272,339
ENSG00000218109,126872805,126875953,3148
ENSG00000232234,8329888,8342688,12800
ENSG00000267783,14229918,14230349,431
ENSG00000177233,248285234,248286184,950
ENSG00000265518,43980738,43980838,100
ENSG00000204072,100852488,100853649,1161
ENSG00000260359,95024040,95027181,3141
ENSG00000249532,113567632,113571207,3575
ENSG00000265999,1925658,1925735,77
ENSG00000216112,98913401,98913488,87
ENSG00000269921,57253791,57254319,528
ENSG00000238883,107991091,107991177,86
ENSG00000235198,119321595,119331968,10373
ENSG00000231881,44041650,44045689,4039
ENSG00000272323,34837654,34839383,1729
ENSG00000227987,98963458,98967603,4145
ENSG00000259331,95143243,95144050,807
ENSG00000259947,1939115,1940435,1320
ENSG00000224550,108047825,108048070,245
ENSG00000228624,114290865,114792869,502004
ENSG00000234763,8342170,8343254,1084
ENSG00000267169,14247991,14282079,34088
ENSG00000255020,11203257,11205011,1754
ENSG00000183239,44056979,44057433,454
ENSG00000270147,57262478,57263037,559
ENSG00000229255,248647546,248648785,1239
ENSG00000260521,95398703,95400143,1440
ENSG00000223429,52627858,52628698,840
ENSG00000256527,126873298,126874130,832
ENSG00000265536,108318796,108318878,82
ENSG00000234952,119494824,119495918,1094
ENSG00000230561,127039082,127277326,238244
ENSG00000270109,57330324,57330745,421
ENSG00000226520,157995340,158000956,5616
ENSG00000215720,15518324,15519341,1017
ENSG00000230489,108507065,108537229,30164
ENSG00000263041,119585414,119590029,4615
ENSG00000270017,95398815,95400240,1425
ENSG00000240803,14323864,14324131,267
ENSG00000262179,44184676,44185973,1297
ENSG00000235848,38177144,38294184,117040
ENSG00000248590,57459170,57461847,2677
ENSG00000251164,8652370,8654079,1709
ENSG00000267723,14365001,14404017,39016
ENSG00000249894,67096568,67185924,89356
ENSG00000265667,104104852,104104949,97
ENSG00000231666,158101834,158110429,8595
ENSG00000264753,108561275,108561393,118
ENSG00000255546,126891649,126923448,31799
ENSG00000123447,49426527,49437299,10772
ENSG00000223149,67263273,67263379,106
ENSG00000228275,100877973,100879154,1181
ENSG00000271934,248661609,248661929,320
ENSG00000250929,104133260,104145194,11934
ENSG00000233485,15653176,15670372,17196
ENSG00000258433,95577613,95578966,1353
ENSG00000199169,113569030,113569097,67
ENSG00000226822,108614104,108617141,3037
ENSG00000224255,52645520,52646225,705
ENSG00000231104,119776998,119805321,28323
ENSG00000250140,34860888,34861611,723
ENSG00000234940,145445980,145447752,1772
ENSG00000242483,11236904,11237200,296
ENSG00000199145,113569160,113569227,67
ENSG00000254496,49427742,49428266,524
ENSG00000230939,8784411,8785678,1267
ENSG00000254420,78035804,78155095,119291
ENSG00000236045,15660662,15661960,1298
ENSG00000258773,95623324,95676088,52764
ENSG00000224521,248712057,248727140,15083
ENSG00000244112,119431662,119431956,294
ENSG00000265657,104166842,104166917,75
ENSG00000261065,204100190,204101094,904
ENSG00000168314,39508689,39570970,62281
ENSG00000147613,87060602,87100850,40248
ENSG00000261101,100882858,100883508,650
ENSG00000207927,113569339,113569407,68
ENSG00000227295,158145640,158147545,1905
ENSG00000236564,99310572,99311953,1381
ENSG00000254649,78099107,78103451,4344
ENSG00000256031,119438581,119439647,1066
ENSG00000228140,15729475,15735929,6454
ENSG00000241250,57576226,57576780,554
ENSG00000235352,145512343,145513565,1222
ENSG00000230550,204110536,204112137,1601
ENSG00000199102,113569519,113569586,67
ENSG00000260879,108742548,108744113,1565
ENSG00000251323,78135028,78140882,5854
ENSG00000265700,44221943,44222022,79
ENSG00000206525,29011990,29013017,1027
ENSG00000235960,30121295,30130785,9490
ENSG00000199368,11249920,11250026,106
ENSG00000227040,57627085,57627651,566
ENSG00000220924,113606211,113606659,448
ENSG00000248441,95819690,95870358,50668
ENSG00000238122,108803818,108816311,12493
ENSG00000229914,158165423,158165921,498
ENSG00000236004,52655588,52655981,393
ENSG00000241829,34883162,34883625,463
ENSG00000269954,11409997,11410500,503
ENSG00000266619,44403378,44403459,81
ENSG00000225522,204152134,204152665,531
ENSG00000268580,145635301,145639600,4299
ENSG00000240545,57660516,57660808,292
ENSG00000257095,119468844,119554766,85922
ENSG00000247081,104169218,104311000,141782
ENSG00000225775,9124454,9162010,37556
ENSG00000149742,63137261,63177766,40505
ENSG00000237530,44492996,44494491,1495
ENSG00000235435,146051845,146089415,37570
ENSG00000250046,113614203,113627966,13763
ENSG00000251866,15868660,15868799,139
ENSG00000071054,102313312,102511149,197837
ENSG00000265894,57672000,57672295,295
ENSG00000207291,100888994,100889100,106
ENSG00000231691,204246133,204247076,943
ENSG00000227102,248712745,248713063,318
ENSG00000176320,158167712,158173667,5955
ENSG00000251799,57684384,57684480,96
ENSG00000272510,15892106,15892451,345
ENSG00000252664,18174646,18174709,63
ENSG00000254774,11410733,11411716,983
ENSG00000237663,52717734,52718445,711
ENSG00000255084,78244222,78269611,25389
ENSG00000206524,29053987,29055092,1105
ENSG00000269949,57827093,57827539,446
ENSG00000252689,18250128,18250259,131
ENSG00000270900,44866448,44867032,584
ENSG00000237301,15912631,15930121,17490
ENSG00000219133,204315904,204316386,482
ENSG00000241361,108815565,108918572,103007
ENSG00000230942,158236543,158237110,567
ENSG00000201602,248758226,248758334,108
ENSG00000248633,113614615,113614948,333
ENSG00000253036,146092638,146092740,102
ENSG00000223753,100938779,100939448,669
ENSG00000216368,10118685,10119486,801
ENSG00000238579,57860241,57860336,95
ENSG00000251032,127120310,127122734,2424
ENSG00000219384,45126607,45127248,641
ENSG00000256884,119611870,119614289,2419
ENSG00000271701,248764717,248765170,453
ENSG00000232973,38302791,38408997,106206
ENSG00000214064,146094798,146095625,827
ENSG00000251703,57868858,57868958,100
ENSG00000255518,11413760,11415531,1771
ENSG00000235084,15931077,15931538,461
ENSG00000241002,113659828,113660262,434
ENSG00000229703,248855492,248862411,6919
ENSG00000008438,46522411,46526323,3912
ENSG00000266560,151283466,151307028,23562
ENSG00000252033,78290300,78290401,101
ENSG00000159202,46985731,47006418,20687
ENSG00000117450,45976708,45988719,12011
ENSG00000207769,45165411,45165507,96
ENSG00000250384,57938849,57939298,449
ENSG00000157800,139993493,140104233,110740
ENSG00000202536,113676973,113677073,100
ENSG00000254697,78292720,78293201,481
ENSG00000180872,50011288,50016364,5076
ENSG00000203758,158414858,158415804,946
ENSG00000229765,10214114,10214595,481
ENSG00000226330,204346978,204404974,57996
ENSG00000212584,100946553,100946658,105
ENSG00000225107,146326862,146345592,18730
ENSG00000271857,45388816,45389742,926
ENSG00000160957,145736667,145743229,6562
ENSG00000174775,532242,537287,5045
ENSG00000238541,57972409,57972511,102
ENSG00000145740,68389473,68426896,37423
ENSG00000206522,29079675,29080610,935
ENSG00000252173,18360815,18360921,106
ENSG00000255354,11415975,11417529,1554
ENSG00000259134,95976324,96051076,74752
ENSG00000226791,99378401,99388543,10142
ENSG00000261080,45541083,45544507,3424
ENSG00000237848,204363669,204363902,233
ENSG00000178026,24981588,24989175,7587
ENSG00000226218,146358475,146360991,2516
ENSG00000251239,48704393,48709301,4908
ENSG00000245067,57975928,58071676,95748
ENSG00000240299,124256797,124257097,300
ENSG00000254563,78460295,78467525,7230
ENSG00000229090,100975313,100976682,1369
ENSG00000252738,45613841,45613912,71
ENSG00000232694,248881947,248885506,3559
ENSG00000221583,10222269,10222394,125
ENSG00000262967,48770809,48772810,2001
ENSG00000212468,45986482,45986588,106
ENSG00000236257,158423988,158425063,1075
ENSG00000234746,29141323,29142363,1040
ENSG00000266550,78684766,78684854,88
ENSG00000252417,15934573,15934640,67
ENSG00000242529,248885294,248885502,208
ENSG00000236779,204497973,204498820,847
ENSG00000213735,52719293,52719848,555
ENSG00000243050,58305105,58305441,336
ENSG00000250603,127174178,127193496,19318
ENSG00000027697,137518621,137540586,21965
ENSG00000216781,10365826,10366815,989
ENSG00000231769,46064830,46097443,32613
ENSG00000236500,15941138,15941362,224
ENSG00000213467,124282095,124282703,608
ENSG00000205531,2965667,3013607,47940
ENSG00000255345,78803893,78809048,5155
ENSG00000200408,204531541,204531649,108
ENSG00000234119,146583853,146585398,1545
ENSG00000170983,11433822,11438851,5029
ENSG00000266159,130332302,130351086,18784
ENSG00000260883,31565426,31566233,807
ENSG00000224399,33338586,33342580,3994
ENSG00000236656,158444244,158464676,20432
ENSG00000206308,32365090,32370300,5210
ENSG00000201070,99398873,99399011,138
ENSG00000272100,52819159,52819549,390
ENSG00000271742,16009368,16009623,255
ENSG00000124019,225243415,225266802,23387
ENSG00000240710,204572163,204585693,13530
ENSG00000258489,96006821,96036999,30178
ENSG00000253821,58405443,58504118,98675
ENSG00000238830,99457138,99457199,61
ENSG00000229349,46172466,46175123,2657
ENSG00000264048,16010967,16011053,86
ENSG00000147144,48911101,48927509,16408
ENSG00000008197,50681541,50740701,59160
ENSG00000204869,46543006,46580376,37370
ENSG00000197136,65383244,65404910,21666
ENSG00000224680,52834349,52834916,567
ENSG00000229663,249065834,249067991,2157
ENSG00000258138,29143289,29163375,20086
ENSG00000237938,16049214,16063391,14177
ENSG00000178146,101033942,101035511,1569
ENSG00000166226,69979114,69995350,16236
ENSG00000252940,124302155,124302241,86
ENSG00000252057,58469144,58469195,51
ENSG00000240219,204595903,204598840,2937
ENSG00000207452,86595504,86595614,110
ENSG00000222076,96289033,96289223,190
ENSG00000239063,52877114,52877194,80
ENSG00000226541,46406047,46406356,309
ENSG00000227203,11647514,11647897,383
ENSG00000253322,58506725,58717588,210863
ENSG00000229854,124337170,124338493,1323
ENSG00000224459,16066546,16076391,9845
ENSG00000272371,53020490,53020945,455
ENSG00000252731,204622230,204622314,84
ENSG00000212082,35034257,35034347,90
ENSG00000229950,10409573,10416679,7106
ENSG00000259348,96571318,96590159,18841
ENSG00000220550,29384966,29408622,23656
ENSG00000198703,158461009,158461950,941
ENSG00000250192,58020743,58022618,1875
ENSG00000236466,46459789,46500495,40706
ENSG00000228153,204633000,204633741,741
ENSG00000272367,86672073,86672997,924
ENSG00000264500,249120576,249120642,66
ENSG00000236290,53038786,53039488,702
ENSG00000233842,146672658,146688714,16056
ENSG00000250886,35081325,35082094,769
ENSG00000224321,16119291,16119780,489
ENSG00000261741,31574403,31579037,4634
ENSG00000254139,58658708,58662758,4050
ENSG00000205837,6868309,6910442,42133
ENSG00000259702,96592504,96607655,15151
ENSG00000177868,43272723,43282954,10231
ENSG00000252650,204676448,204676558,110
ENSG00000227237,249153363,249158995,5632
ENSG00000245937,127276118,127418864,142746
ENSG00000169084,2137557,2420846,283289
ENSG00000243920,58219165,58219495,330
ENSG00000216723,114340785,114341647,862
ENSG00000261534,124577953,124581731,3778
ENSG00000233664,53174794,53175114,320
ENSG00000251905,146902724,146902785,61
ENSG00000174788,7696497,7698634,2137
ENSG00000251861,204697119,204697234,115
ENSG00000233954,16133679,16134194,515
ENSG00000136689,113864791,113891593,26802
ENSG00000102977,67691415,67694713,3298
ENSG00000252946,204873875,204873946,71
ENSG00000230559,146951864,146952389,525
ENSG00000227445,158484575,158485715,1140
ENSG00000200495,249206889,249206994,105
ENSG00000216471,114405332,114405956,624
ENSG00000242973,46638181,46655902,17721
ENSG00000239640,53180071,53180365,294
ENSG00000231937,151307355,151355329,47974
ENSG00000248505,58292038,58332152,40114
ENSG00000229657,204915736,204916297,561
ENSG00000233084,249230780,249231242,462
ENSG00000252948,28507136,28507239,103
ENSG00000235196,101166502,101167045,543
ENSG00000252018,53219994,53220134,140
ENSG00000200462,86716158,86716264,106
ENSG00000212333,114541845,114541950,105
ENSG00000201368,35429166,35429378,212
ENSG00000248544,156802749,156811958,9209
ENSG00000227134,147234995,147235681,686
ENSG00000238441,35633065,35633126,61
ENSG00000228929,53237866,53238320,454
ENSG00000221599,114598549,114598642,93
ENSG00000253376,58802135,58803368,1233
ENSG00000233843,28546758,28547377,619
ENSG00000178715,16154724,16155167,443
ENSG00000228478,10423373,10426409,3036
ENSG00000243967,108918460,108953436,34976
ENSG00000248969,35678586,35827120,148534
ENSG00000218089,114670647,114671812,1165
ENSG00000252810,101170562,101170668,106
ENSG00000252205,151419044,151419148,104
ENSG00000210049,577,647,70
ENSG00000249362,86957859,86974964,17105
ENSG00000211459,648,1601,953
ENSG00000247809,96670598,96870590,199992
ENSG00000188624,46623328,46627931,4603
ENSG00000269899,11703663,11703900,237
ENSG00000210077,1602,1670,68
ENSG00000207957,151560691,151560771,80
ENSG00000253155,156849447,156849881,434
ENSG00000210082,1671,3229,1558
ENSG00000209082,3230,3304,74
ENSG00000206517,29393173,29424735,31562
ENSG00000251696,205031380,205031470,90
ENSG00000248349,35896290,35896392,102
ENSG00000198526,147345012,147346878,1866
ENSG00000205293,58890917,58896685,5768
ENSG00000235976,101244454,101244845,391
ENSG00000231434,158493462,158495628,2166
ENSG00000183674,10429488,10435107,5619
ENSG00000206627,53270780,53270884,104
ENSG00000236164,46726033,46728895,2862
ENSG00000271580,205060291,205061074,783
ENSG00000257195,93277549,93278476,927
ENSG00000198888,3307,4262,955
ENSG00000144158,114415485,114416252,767
ENSG00000143971,67624451,67637677,13226
ENSG00000232395,114798514,114809916,11402
ENSG00000210100,4263,4331,68
ENSG00000242391,53346888,53347402,514
ENSG00000210107,4329,4400,71
ENSG00000225730,46871208,46876815,5607
ENSG00000249748,35938924,35940095,1171
ENSG00000210112,4402,4469,67
ENSG00000236108,205103774,205104078,304
ENSG00000179743,16160560,16174642,14082
ENSG00000271583,147591069,147591606,537
ENSG00000230953,53386094,53386268,174
ENSG00000211583,151561893,151562001,108
ENSG00000198763,4470,5511,1041
ENSG00000213041,205171319,205171870,551
ENSG00000202534,93346415,93346521,106
ENSG00000248708,87008952,87029086,20134
ENSG00000210117,5512,5579,67
ENSG00000231040,147595317,147607878,12561
ENSG00000238818,16237392,16237492,100
ENSG00000210127,5587,5655,68
ENSG00000253523,58943893,58945241,1348
ENSG00000253519,156992972,156996106,3134
ENSG00000226079,114844615,114857039,12424
ENSG00000210135,5657,5729,72
ENSG00000231237,158664329,158665299,970
ENSG00000257345,93392994,93413596,20602
ENSG00000270620,16244193,16244403,210
ENSG00000210140,5761,5826,65
ENSG00000271328,47336679,47336966,287
ENSG00000210144,5826,5891,65
ENSG00000237548,124646915,124725998,79083
ENSG00000225063,205202949,205205995,3046
ENSG00000207818,151562884,151562964,80
ENSG00000252068,157006505,157006607,102
ENSG00000251591,36071893,36072181,288
ENSG00000226268,49455025,49455990,965
ENSG00000231866,53390921,53391095,174
ENSG00000251882,115188037,115188140,103
ENSG00000159314,43471275,43511787,40512
ENSG00000198077,41381344,41388657,7313
ENSG00000255144,11753359,11754379,1020
ENSG00000266330,47430587,47430652,65
ENSG00000175509,114425055,114426198,1143
ENSG00000253116,59004001,59018853,14852
ENSG00000149451,3648612,3662893,14281
ENSG00000219619,115679662,115679916,254
ENSG00000235363,205320375,205320599,224
ENSG00000198804,5904,7445,1541
ENSG00000270761,47444979,47445308,329
ENSG00000227902,147637477,147655786,18309
ENSG00000207756,36147994,36148090,96
ENSG00000210151,7446,7514,68
ENSG00000264834,53394346,53394444,98
ENSG00000210154,7518,7585,67
ENSG00000266583,124882361,124882446,85
ENSG00000254336,157031715,157032645,930
ENSG00000201223,36155221,36155324,103
ENSG00000223940,151648049,151649496,1447
ENSG00000266188,53400602,53400689,87
ENSG00000180437,158693903,158694902,999
ENSG00000197410,155153399,155412930,259531
ENSG00000254732,57509635,57560715,51080
ENSG00000198712,7586,8269,683
ENSG00000199762,47456803,47456906,103
ENSG00000226235,205342380,205356568,14188
ENSG00000197071,87514708,87515080,372
ENSG00000254948,11777409,11778318,909
ENSG00000257322,93397191,93609455,212264
ENSG00000245711,36221157,36222004,847
ENSG00000210156,8295,8364,69
ENSG00000238860,148081539,148081643,104
ENSG00000242595,59025748,59026181,433
ENSG00000234607,16296127,16296689,562
ENSG00000265815,53405986,53406085,99
ENSG00000232615,1614951,1616449,1498
ENSG00000216813,47530358,47530754,396
ENSG00000228253,8366,8572,206
ENSG00000207225,148165910,148166016,106
ENSG00000238118,108926358,108963917,37559
ENSG00000054654,64319683,64693165,373482
ENSG00000272317,125018212,125018309,97
ENSG00000237279,53409208,53409602,394
ENSG00000228777,115954706,115955355,649
ENSG00000229401,10434549,10457014,22465
ENSG00000221289,148224198,148224282,84
ENSG00000264227,125061389,125061642,253
ENSG00000222178,36485445,36485542,97
ENSG00000198899,8527,9207,680
ENSG00000071246,77228532,77249354,20822
ENSG00000199059,205417430,205417526,96
ENSG00000205035,49580098,49831971,251873
ENSG00000019169,119699742,119752236,52494
ENSG00000226119,101261856,101262267,411
ENSG00000207161,148229701,148229811,110
ENSG00000226949,158711936,158713205,1269
ENSG00000186743,116359919,116360658,739
ENSG00000242292,36588608,36588763,155
ENSG00000198938,9207,9990,783
ENSG00000206516,29424845,29431993,7148
ENSG00000234454,151851487,151852303,816
ENSG00000224717,205425057,205438152,13095
ENSG00000202074,148253006,148253108,102
ENSG00000273027,46349568,46350027,459
ENSG00000231353,16314677,16314936,259
ENSG00000183675,48736874,48827966,91092
ENSG00000210164,9991,10058,67
ENSG00000263705,10439950,10440027,77
ENSG00000233479,114426743,114430768,4025
ENSG00000159082,34001069,34100359,99290
ENSG00000253083,148471024,148471123,99
ENSG00000224698,108963311,108975806,12495
ENSG00000236360,53458868,53459374,506
ENSG00000198840,10059,10404,345
ENSG00000252711,47683019,47683337,318
ENSG00000272825,46356218,46356869,651
ENSG00000238076,10460139,10460774,635
ENSG00000210174,10405,10469,64
ENSG00000207365,93415382,93415488,106
ENSG00000229143,148567915,148568346,431
ENSG00000269979,125086887,125087594,707
ENSG00000226594,47697563,47708477,10914
ENSG00000233436,57510986,57519253,8267
ENSG00000229160,38359779,38366088,6309
ENSG00000263746,1708900,1708983,83
ENSG00000164308,96211643,96255420,43777
ENSG00000231822,99718481,99719215,734
ENSG00000224966,16316366,16321246,4880
ENSG00000227832,109044980,109046077,1097
ENSG00000212907,10470,10766,296
ENSG00000270506,93429037,93429520,483
ENSG00000250451,54392806,54393794,988
ENSG00000253097,205535844,205535927,83
ENSG00000226147,53460398,53461698,1300
ENSG00000260066,1725264,1728287,3023
ENSG00000229724,158765804,158766003,199
ENSG00000234880,46409779,46414001,4222
ENSG00000198886,10760,12137,1377
ENSG00000256393,93477374,93477451,77
ENSG00000273306,100021680,100022305,625
ENSG00000216616,47720564,47720976,412
ENSG00000186163,141965650,141972054,6404
ENSG00000206762,205564169,205564275,106
ENSG00000250155,36666316,36725297,58981
ENSG00000210176,12138,12206,68
ENSG00000253798,157109993,157117274,7281
ENSG00000231056,10474733,10478735,4002
ENSG00000212389,148634991,148635097,106
ENSG00000210184,12207,12265,58
ENSG00000210191,12266,12336,70
ENSG00000236942,205594611,205595281,670
ENSG00000226483,109051196,109051865,669
ENSG00000223911,148656970,148660525,3555
ENSG00000257746,93484298,93501376,17078
ENSG00000255087,126936897,126971215,34318
ENSG00000237685,10511269,10514779,3510
ENSG00000227359,114435279,114461655,26376
ENSG00000218428,116458221,116458735,514
ENSG00000199603,38374557,38374663,106
ENSG00000198786,12337,14148,1811
ENSG00000270102,125093146,125093622,476
ENSG00000225964,6968645,6980595,11950
ENSG00000118508,146864829,146876101,11272
ENSG00000214717,2404455,2419008,14553
ENSG00000273006,38420490,38420771,281
ENSG00000216359,10514515,10515206,691
ENSG00000253630,157174512,157174715,203
ENSG00000232971,109276878,109277347,469
ENSG00000265049,148698549,148698640,91
ENSG00000198695,14149,14673,524
ENSG00000236326,116565350,116565891,541
ENSG00000163626,73921797,73935472,13675
ENSG00000210194,14674,14742,68
ENSG00000180409,158778189,158779125,936
ENSG00000221617,93491027,93491120,93
ENSG00000241741,113709239,113710034,795
ENSG00000261706,46414277,46415100,823
ENSG00000232993,53535610,53551174,15564
ENSG00000253281,59168330,59184678,16348
ENSG00000212181,149018143,149018277,134
ENSG00000227292,38430505,38466732,36227
ENSG00000257115,19377522,19378606,1084
ENSG00000257210,93517839,93518319,480
ENSG00000198727,14747,15887,1140
ENSG00000202427,114438688,114438794,106
ENSG00000228076,109309463,109310206,743
ENSG00000250500,113718206,113719847,1641
ENSG00000237021,116575370,116577906,2536
ENSG00000272981,126989221,127009630,20409
ENSG00000217181,10574982,10575460,478
ENSG00000210195,15888,15953,65
ENSG00000224007,149053225,149054248,1023
ENSG00000224930,46419122,46424642,5520
ENSG00000177640,119805790,119969663,163873
ENSG00000210196,15956,16023,67
ENSG00000265429,114478867,114478945,78
ENSG00000272103,36861838,36862319,481
ENSG00000201944,205700349,205700480,131
ENSG00000267406,14378619,14380189,1570
ENSG00000227644,53538782,53539061,279
ENSG00000213178,169201459,169201868,409
ENSG00000233078,16332655,16333166,511
ENSG00000206819,157236106,157236212,106
ENSG00000227687,205904256,205904896,640
ENSG00000227770,38458710,38459459,749
ENSG00000266913,14416270,14481008,64738
ENSG00000272642,127060664,127093344,32680
ENSG00000261672,174514823,174515707,884
ENSG00000258171,93568142,93575608,7466
ENSG00000270466,30389755,30393863,4108
ENSG00000225516,9293012,9344176,51164
ENSG00000203897,109399839,109401146,1307
ENSG00000232238,149352727,149352897,170
ENSG00000244331,157358266,157358571,305
ENSG00000249966,1851064,1851611,547
ENSG00000233558,116579656,116580278,622
ENSG00000229849,158848536,158853290,4754
ENSG00000201048,10674891,10675001,110
ENSG00000235563,53580248,53584281,4033
ENSG00000269970,125134884,125135104,220
ENSG00000200340,47791126,47791286,160
ENSG00000249850,36885308,36886599,1291
ENSG00000229874,206135293,206137984,2691
ENSG00000272097,10743557,10747896,4339
ENSG00000235374,46491648,46494080,2432
ENSG00000259359,96714810,96717568,2758
ENSG00000232456,16361673,16366524,4851
ENSG00000170153,141780961,142134031,353070
ENSG00000226068,48116939,48117741,802
ENSG00000244063,114586967,114588696,1729
ENSG00000273409,127140957,127206928,65971
ENSG00000184571,25115001,25170687,55686
ENSG00000267147,14444555,14454725,10170
ENSG00000236723,53676128,53679447,3319
ENSG00000247828,87564712,87732502,167790
ENSG00000234841,113747463,113748763,1300
ENSG00000250417,1856084,1856682,598
ENSG00000272781,47311134,48143999,832865
ENSG00000234801,174537087,174538057,970
ENSG00000222126,149583260,149583404,144
ENSG00000238361,93659405,93659508,103
ENSG00000201502,93659793,93659872,79
ENSG00000267379,14513529,14519535,6006
ENSG00000228857,114588626,114600933,12307
ENSG00000259818,53686335,53689925,3590
ENSG00000223962,149621133,149621373,240
ENSG00000227959,16481706,16483824,2118
ENSG00000196531,57106212,57125412,19200
ENSG00000225662,62764851,62765460,609
ENSG00000068831,64494383,64512928,18545
ENSG00000258664,179833916,179834311,395
ENSG00000251126,113801454,113803486,2032
ENSG00000213594,38512552,38513552,1000
ENSG00000236889,206164084,206166270,2186
ENSG00000240050,116601362,116691436,90074
ENSG00000257512,93708585,93709717,1132
ENSG00000241881,141985579,141988698,3119
ENSG00000267474,14569213,14570178,965
ENSG00000226754,53704282,53708455,4173
ENSG00000265589,159029039,159029116,77
ENSG00000222383,10753024,10753159,135
ENSG00000206357,31910261,31917261,7000
ENSG00000222774,127275923,127276227,304
ENSG00000224543,14599758,14600691,933
ENSG00000196517,44457172,44497139,39967
ENSG00000233473,159050923,159051585,662
ENSG00000233616,125163249,125165185,1936
ENSG00000206515,29454362,29455626,1264
ENSG00000259763,96779014,96779932,918
ENSG00000235051,10882013,10884582,2569
ENSG00000213370,174554879,174555522,643
ENSG00000273452,12626199,12661542,35343
ENSG00000223315,127277746,127278043,297
ENSG00000182586,46654255,46678645,24390
ENSG00000242115,141987080,141991423,4343
ENSG00000164010,43282795,43310660,27865
ENSG00000262728,32898619,32907361,8742
ENSG00000207327,75288809,75288915,106
ENSG00000254591,127527463,127527772,309
ENSG00000229245,125165686,125211256,45570
ENSG00000222036,19553365,19590078,36713
ENSG00000231079,149624039,149646351,22312
ENSG00000228814,113802874,113803288,414
ENSG00000254090,32872779,32874561,1782
ENSG00000222651,96876490,96876536,46
ENSG00000222552,159148263,159148349,86
ENSG00000225483,206180054,206180443,389
ENSG00000197463,151876743,151883038,6295
ENSG00000207707,14640355,14640452,97
ENSG00000237139,75297561,75298149,588
ENSG00000224621,16485761,16488378,2617
ENSG00000244073,37085158,37085954,796
ENSG00000257252,93710911,93771512,60601
ENSG00000262477,29992145,29993199,1054
ENSG00000250043,174798622,174834403,35781
ENSG00000243488,14694907,14695204,297
ENSG00000222626,157403774,157403964,190
ENSG00000225670,159165775,159177763,11988
ENSG00000254612,127810808,127811549,741
ENSG00000230314,11043757,11078459,34702
ENSG00000270172,53708036,53710212,2176
ENSG00000271378,37130532,37130802,270
ENSG00000248152,113900746,113993118,92372
ENSG00000234166,16524349,16524852,503
ENSG00000272403,116765323,116766023,700
ENSG00000243066,14699169,14699465,296
ENSG00000253743,157411666,157416998,5332
ENSG00000271947,7045855,7046432,577
ENSG00000269378,14732446,14733054,608
ENSG00000216835,48181340,48182530,1190
ENSG00000226780,206214526,206223548,9022
ENSG00000249373,113952443,113955707,3264
ENSG00000231465,125233637,125238096,4459
ENSG00000228848,149627593,149627950,357
ENSG00000242736,141999017,141999300,283
ENSG00000237349,109529585,109529867,282
ENSG00000253393,32897041,32897311,270
ENSG00000217241,116774177,116774728,551
ENSG00000273415,128050322,128053449,3127
ENSG00000249116,1884080,1884763,683
ENSG00000244632,62781801,62782094,293
ENSG00000234578,53733607,53734273,666
ENSG00000256210,14903121,14903589,468
ENSG00000227550,142157378,142157849,471
ENSG00000231367,38633861,38742882,109021
ENSG00000252692,206261008,206261093,85
ENSG00000252449,62800057,62800166,109
ENSG00000237276,16542404,16554522,12118
ENSG00000263686,125866419,125866503,84
ENSG00000196656,114135137,114138326,3189
ENSG00000228838,53753696,53755378,1682
ENSG00000250708,174818403,174850676,32273
ENSG00000218153,116778486,116779832,1346
ENSG00000211739,142190638,142191080,442
ENSG00000244716,109534878,109535489,611
ENSG00000272575,128078724,128111334,32610
ENSG00000230538,126524324,126526508,2184
ENSG00000222274,100136565,100136694,129
ENSG00000240754,206288156,206306131,17975
ENSG00000226340,149629822,149630366,544
ENSG00000269552,14962844,14963756,912
ENSG00000238896,11079248,11079346,98
ENSG00000225030,53757463,53757810,347
ENSG00000230393,100721381,100723966,2585
ENSG00000241657,142197570,142198069,499
ENSG00000239077,114605710,114605813,103
ENSG00000228914,125370315,125371079,764
ENSG00000271245,11155162,11155383,221
ENSG00000172148,14974598,14975527,929
ENSG00000265562,33053355,33053455,100
ENSG00000171858,60962172,60963576,1404
ENSG00000263656,149649447,149649513,66
ENSG00000270019,114645780,114647327,1547
ENSG00000215846,159246293,159247282,989
ENSG00000263769,1944686,1944937,251
ENSG00000265516,116778895,116778985,90
ENSG00000232762,53770208,53773134,2926
ENSG00000239279,114340996,114341290,294
ENSG00000076944,7701767,7712759,10992
ENSG00000232084,100824716,100867946,43230
ENSG00000247925,11173685,11259332,85647
ENSG00000253993,33084366,33084665,299
ENSG00000228236,149925110,149925424,314
ENSG00000206811,2012335,2012467,132
ENSG00000206820,114341479,114341642,163
ENSG00000269678,14997651,14997927,276
ENSG00000244158,116781902,116784855,2953
ENSG00000213414,157413154,157414714,1560
ENSG00000229509,206506678,206506789,111
ENSG00000175356,9041071,9159661,118590
ENSG00000223639,31688317,31697500,9183
ENSG00000228665,109572689,109572941,252
ENSG00000207405,2012974,2013107,133
ENSG00000250229,114761206,114761392,186
ENSG00000260683,126794612,126796511,1899
ENSG00000224337,150177107,150177950,843
ENSG00000221175,48817560,48817639,79
ENSG00000254588,128396037,128400284,4247
ENSG00000228203,7052408,7058840,6432
ENSG00000233656,11417583,11481472,63889
ENSG00000251216,174845358,174912012,66654
ENSG00000255513,2013746,2014096,350
ENSG00000140280,52015208,52043782,28574
ENSG00000252735,33196385,33196484,99
ENSG00000225675,53793905,53802181,8276
ENSG00000108823,48241575,48253292,11717
ENSG00000268834,15002707,15003616,909
ENSG00000271162,48919707,48920418,711
ENSG00000234156,125372194,125401964,29770
ENSG00000261614,31579707,31580796,1089
ENSG00000259073,90042560,90043821,1261
ENSG00000234199,114737146,114764879,27733
ENSG00000234117,116813460,116818262,4802
ENSG00000235274,126862715,126864839,2124
ENSG00000233501,206552219,206554954,2735
ENSG00000242753,11487459,11515943,28484
ENSG00000218337,49045349,49045688,339
ENSG00000226938,53814160,53814905,745
ENSG00000228212,37209466,37212483,3017
ENSG00000273046,54410894,54429145,18251
ENSG00000228054,109589450,109590104,654
ENSG00000270699,100993883,100993994,111
ENSG00000253422,157505107,157505772,665
ENSG00000197223,68268262,68338080,69818
ENSG00000141750,37366789,37382125,15336
ENSG00000255198,2014960,2015510,550
ENSG00000223604,150296411,150296941,530
ENSG00000261000,206677281,206677789,508
ENSG00000217089,117369833,117370001,168
ENSG00000248174,175015811,175141549,125738
ENSG00000242493,37246277,37246581,304
ENSG00000230138,53832340,53833917,1577
ENSG00000252522,90052006,90052105,99
ENSG00000217631,49241241,49241435,194
ENSG00000260010,31612914,31614852,1938
ENSG00000164542,36363830,36429734,65904
ENSG00000270558,37286551,37287079,528
ENSG00000201027,90088262,90088551,289
ENSG00000234981,206702248,206703039,791
ENSG00000231969,150443710,150704747,261037
ENSG00000202313,11503742,11503904,162
ENSG00000243179,114737486,114740835,3349
ENSG00000238029,101041810,101042569,759
ENSG00000273382,109630593,109633480,2887
ENSG00000196101,32417557,32430644,13087
ENSG00000252655,90117137,90117247,110
ENSG00000251880,37327237,37327298,61
ENSG00000218020,11514425,11516699,2274
ENSG00000250031,59337147,59339244,2097
ENSG00000188399,28555962,28566682,10720
ENSG00000252457,49312460,49312521,61
ENSG00000272338,33218361,33218933,572
ENSG00000248642,159248831,159249791,960
ENSG00000253792,157600609,157603430,2821
ENSG00000200312,90178855,90179167,312
ENSG00000226783,125448212,125450651,2439
ENSG00000260597,54413694,54416373,2679
ENSG00000207270,150467182,150467288,106
ENSG00000250455,37377151,37378073,922
ENSG00000204637,101125739,101126077,338
ENSG00000200248,117381845,117381962,117
ENSG00000250957,175056206,175075788,19582
ENSG00000232357,33342783,33344972,2189
ENSG00000259050,90203309,90204735,1426
ENSG00000207571,54427734,54427829,95
ENSG00000270066,109642815,109643241,426
ENSG00000254061,33293786,33294218,432
ENSG00000215984,114747587,114747673,86
ENSG00000237605,206807994,206808967,973
ENSG00000251814,117620527,117620801,274
ENSG00000219374,49325859,49328093,2234
ENSG00000248216,37505790,37506959,1169
ENSG00000162947,150624020,150715705,91685
ENSG00000101782,21032787,21066567,33780
ENSG00000253673,157602404,157627024,24620
ENSG00000265197,18398127,18398238,111
ENSG00000222713,117622618,117622921,303
ENSG00000271897,11607785,11608214,429
ENSG00000248265,54452038,54516018,63980
ENSG00000222743,37620087,37620190,103
ENSG00000251213,175085592,175090064,4472
ENSG00000251484,109646157,109647388,1231
ENSG00000155508,154237113,154256353,19240
ENSG00000256609,119619853,119621064,1211
ENSG00000002586,2609220,2659350,50130
ENSG00000254103,59416147,59416627,480
ENSG00000124795,18224099,18265054,40955
ENSG00000212182,114763018,114763232,214
ENSG00000235009,38658436,38660715,2279
ENSG00000219703,117752754,117753605,851
ENSG00000207419,11710052,11710193,141
ENSG00000187778,49950327,49961936,11609
ENSG00000252853,206855308,206855380,72
ENSG00000236253,53878821,53905693,26872
ENSG00000233929,16567708,16567893,185
ENSG00000249875,175276005,175297596,21591
ENSG00000235242,114879851,114880870,1019
ENSG00000252323,18448163,18448269,106
ENSG00000224548,126930105,126930714,609
ENSG00000238310,109750416,109750470,54
ENSG00000203827,148739443,148758311,18868
ENSG00000234427,11810835,11811481,646
ENSG00000237185,31659628,31660543,915
ENSG00000261790,2034878,2040358,5480
ENSG00000231447,151889195,151890140,945
ENSG00000224114,206869182,206869614,432
ENSG00000254942,110082528,110086459,3931
ENSG00000265846,175344946,175345015,69
ENSG00000250654,54470622,54475687,5065
ENSG00000230997,90358132,90358788,656
ENSG00000254047,157615985,157616919,934
ENSG00000228560,159315956,159438858,122902
ENSG00000242970,59500979,59501323,344
ENSG00000215124,11861859,11863203,1344
ENSG00000239039,33370993,33371096,103
ENSG00000243279,48928813,48931730,2917
ENSG00000206832,110134156,110134262,106
ENSG00000250596,175444852,175461495,16643
ENSG00000260631,31692168,31693422,1254
ENSG00000215506,28654360,28725837,71477
ENSG00000199349,206921325,206921437,112
ENSG00000248442,159320883,159321816,933
ENSG00000236042,127232011,127232508,497
ENSG00000225113,110138847,110140403,1556
ENSG00000260107,2047655,2048375,720
ENSG00000231926,115017627,115018803,1176
ENSG00000271680,207079273,207079738,465
ENSG00000188612,73163408,73179078,15670
ENSG00000251584,175457791,175461935,4144
ENSG00000265386,2063182,2063475,293
ENSG00000258544,90574019,90574339,320
ENSG00000206743,37700433,37700539,106
ENSG00000242599,151895976,151903136,7160
ENSG00000207709,110141515,110141589,74
ENSG00000230645,151027937,151157594,129657
ENSG00000253232,33380672,33380809,137
ENSG00000226457,16695645,16696025,380
ENSG00000226945,207080964,207081574,610
ENSG00000221656,2140196,2140285,89
ENSG00000238335,37802073,37802167,94
ENSG00000228703,110171039,110172927,1888
ENSG00000096384,44214824,44221620,6796
ENSG00000221434,117766553,117766604,51
ENSG00000250760,175460340,175461406,1066
ENSG00000168004,63228876,63258666,29790
ENSG00000231420,151091406,151113521,22115
ENSG00000235334,127256712,127257474,762
ENSG00000226181,117772293,117774688,2395
ENSG00000248587,37840540,37875901,35361
ENSG00000260472,31708718,31708928,210
ENSG00000259933,2141437,2145426,3989
ENSG00000235045,110193992,110194721,729
ENSG00000250200,175844964,175845189,225
ENSG00000201351,90643566,90643674,108
ENSG00000238401,207212039,207212145,106
ENSG00000236049,151409046,151428735,19689
ENSG00000207461,117778897,117779001,104
ENSG00000253449,157652360,157661384,9024
ENSG00000235113,32398789,32400594,1805
ENSG00000226565,207323522,207323626,104
ENSG00000242571,90833041,90833523,482
ENSG00000252505,33397558,33397655,97
ENSG00000239007,54154422,54154485,63
ENSG00000218233,117954869,117966250,11381
ENSG00000265493,175848458,175848542,84
ENSG00000122180,203052260,203055164,2904
ENSG00000213553,38708920,38710012,1092
ENSG00000132972,25338290,25454059,115769
ENSG00000201003,54236691,54236826,135
ENSG00000253995,33397703,33398011,308
ENSG00000224240,28695572,28695890,318
ENSG00000260568,31710997,31711786,789
ENSG00000238433,59574800,59574903,103
ENSG00000225102,11990576,11992245,1669
ENSG00000250431,175898722,175900532,1810
ENSG00000251686,159335951,159336879,928
ENSG00000238074,9324922,9327689,2767
ENSG00000264454,54294465,54294534,69
ENSG00000234811,32400572,32400717,145
ENSG00000260246,110235739,110236364,625
ENSG00000201231,59726971,59727111,140
ENSG00000238520,115038661,115038752,91
ENSG00000232387,125524123,125524512,389
ENSG00000224462,207338841,207357255,18414
ENSG00000237220,151422648,151424594,1946
ENSG00000261123,2144831,2147027,2196
ENSG00000254048,59904279,59905497,1218
ENSG00000253424,157683145,157685444,2299
ENSG00000226029,16787443,16794976,7533
ENSG00000216998,49533637,49547879,14242
ENSG00000230202,118320138,118320611,473
ENSG00000229687,54307220,54307505,285
ENSG00000238758,90847542,90847596,54
ENSG00000229896,12007903,12009089,1186
ENSG00000235239,127261068,127262190,1122
ENSG00000249411,175938167,175940365,2198
ENSG00000222923,115177702,115177879,177
ENSG00000252482,32462612,32462672,60
ENSG00000258424,90868867,90871579,2712
ENSG00000241720,110268442,110317874,49432
ENSG00000261240,2162336,2163343,1007
ENSG00000232359,151451616,151476581,24965
ENSG00000231538,115586009,115591125,5116
ENSG00000227629,28732789,28737748,4959
ENSG00000217094,32477251,32477745,494
ENSG00000167912,60031599,60033905,2306
ENSG00000216809,118773632,118776155,2523
ENSG00000117448,46016215,46035721,19506
ENSG00000258678,90918407,90921461,3054
ENSG00000253134,157702719,157705821,3102
ENSG00000219102,54440642,54441704,1062
ENSG00000240189,33437730,33438026,296
ENSG00000260447,2169208,2170249,1041
ENSG00000224048,151468895,151491862,22967
ENSG00000131797,31711911,31721097,9186
ENSG00000224927,110353264,110353620,356
ENSG00000233208,90921574,90925249,3675
ENSG00000249284,176207756,176211918,4162
ENSG00000235717,115591407,115593165,1758
ENSG00000253801,67382989,67383322,333
ENSG00000249326,1887446,1900607,13161
ENSG00000200059,2181852,2181951,99
ENSG00000218893,12319685,12319824,139
ENSG00000233190,32520777,32521173,396
ENSG00000213605,87112198,87112854,656
ENSG00000248539,37899465,37920971,21506
ENSG00000138100,27505260,27530307,25047
ENSG00000253642,33462374,33896526,434152
ENSG00000169075,118822593,118824069,1476
ENSG00000197015,54481327,54481616,289
ENSG00000080947,16793931,16825752,31821
ENSG00000265867,2183120,2183205,85
ENSG00000254350,157851593,157879766,28173
ENSG00000252108,67454889,67454974,85
ENSG00000264397,2185978,2186130,152
ENSG00000163235,70674412,70781325,106913
ENSG00000272091,54492356,54494172,1816
ENSG00000213864,67455046,67455721,675
ENSG00000250032,37939467,37948057,8590
ENSG00000223321,12406718,12407013,295
ENSG00000206014,11786101,11787072,971
ENSG00000260260,2204798,2205359,561
ENSG00000203276,54498816,54500553,1737
ENSG00000227253,32555217,32558402,3185
ENSG00000235026,115888512,115918920,30408
ENSG00000271443,38762400,38763391,991
ENSG00000269821,2629558,2721224,91666
ENSG00000248551,176267509,176324261,56752
ENSG00000251044,67670593,67670955,362
ENSG00000233425,125599836,125601099,1263
ENSG00000217330,118910233,118910797,564
ENSG00000228420,110370977,110414058,43081
ENSG00000212802,12514342,12515006,664
ENSG00000254487,49839330,49847105,7775
ENSG00000264208,54519752,54519827,75
ENSG00000266202,26125832,26220391,94559
ENSG00000136895,129986544,130155939,169395
ENSG00000237917,28740998,28780799,39801
ENSG00000236041,2792586,2792807,221
ENSG00000248884,67726254,67730308,4054
ENSG00000251518,37948593,37951157,2564
ENSG00000249945,176379440,176387848,8408
ENSG00000225183,54555529,54555766,237
ENSG00000248994,1933977,1959290,25313
ENSG00000235005,110426798,110428886,2088
ENSG00000184324,151922445,151928738,6293
ENSG00000235735,127447259,127448026,767
ENSG00000248533,37953504,37967066,13562
ENSG00000234901,101263497,101264019,522
ENSG00000221136,176394153,176394259,106
ENSG00000255268,49846391,49848276,1885
ENSG00000259789,90955356,90957981,2625
ENSG00000261055,110438595,110440483,1888
ENSG00000270437,63310143,63314457,4314
ENSG00000206630,2205024,2205106,82
ENSG00000253851,104240653,104241542,889
ENSG00000251174,176415765,176417151,1386
ENSG00000183354,5881596,6007901,126305
ENSG00000252748,91031485,91031569,84
ENSG00000237611,54565641,54565897,256
ENSG00000258634,110600962,110605177,4215
ENSG00000249197,159375213,159376199,986
ENSG00000228064,151839020,151859988,20968
ENSG00000252958,2255031,2255137,106
ENSG00000235586,38828740,38829320,580
ENSG00000266289,104395306,104396082,776
ENSG00000249588,67819705,67825834,6129
ENSG00000225632,54751078,54753044,1966
ENSG00000261532,2261998,2262864,866
ENSG00000236885,151974469,152042723,68254
ENSG00000214285,129347613,129350935,3322
ENSG00000204228,33172419,33174608,2189
ENSG00000249388,54475902,54496477,20575
ENSG00000225549,119078681,119104583,25902
ENSG00000207399,104397189,104397295,106
ENSG00000248574,176496019,176497291,1272
ENSG00000229414,2861365,2882798,21433
ENSG00000219061,49854692,49860872,6180
ENSG00000250003,38025799,38184034,158235
ENSG00000248359,67827517,67829357,1840
ENSG00000259780,2285690,2286914,1224
ENSG00000251525,101428072,101439994,11922
ENSG00000213201,152042702,152043109,407
ENSG00000225689,127457598,127734446,276848
ENSG00000261670,104476617,104481213,4596
ENSG00000212447,125642492,125642602,110
ENSG00000226097,20336331,20351335,15004
ENSG00000249304,114864412,114865476,1064
ENSG00000248597,1963723,1967268,3545
ENSG00000228518,19304706,19305532,826
ENSG00000232403,63335253,63335564,311
ENSG00000232245,54881929,54886533,4604
ENSG00000258673,110625310,110652341,27031
ENSG00000271830,104493494,104493847,353
ENSG00000237941,2891263,2893335,2072
ENSG00000250432,54478916,54519776,40860
ENSG00000234015,12583147,12585636,2489
ENSG00000232518,38895830,38898563,2733
ENSG00000248716,115025094,115025381,287
ENSG00000249335,68128412,68257985,129573
ENSG00000265404,54970341,54970443,102
ENSG00000272085,157891473,157891686,213
ENSG00000253477,104495626,104513904,18278
ENSG00000103152,127006,135852,8846
ENSG00000264684,152224848,152224925,77
ENSG00000213144,119632655,119633199,544
ENSG00000226802,127574907,127575763,856
ENSG00000249731,1968208,1969127,919
ENSG00000235741,54982085,54982932,847
ENSG00000253194,119255950,119352706,96756
ENSG00000262877,79361930,79364056,2126
ENSG00000223291,12753907,12754003,96
ENSG00000238836,38081774,38081845,71
ENSG00000237173,54990497,54990604,107
ENSG00000242113,152228517,152228798,281
ENSG00000242412,63344986,63346677,1691
ENSG00000146216,43211418,43255997,44579
ENSG00000252799,21878047,21878123,76
ENSG00000261094,125699902,125702612,2710
ENSG00000206702,13214288,13214451,163
ENSG00000271595,19576759,19577094,335
ENSG00000231351,87157373,87157877,504
ENSG00000222649,119379045,119379139,94
ENSG00000252646,54991059,54991126,67
ENSG00000227238,38990676,38992363,1687
ENSG00000225214,152954842,152965716,10874
ENSG00000254135,157912198,157961446,49248
ENSG00000161328,537527,554916,17389
ENSG00000252143,21899186,21899328,142
ENSG00000207931,115577915,115578010,95
ENSG00000227091,110708808,110715111,6303
ENSG00000207982,119390212,119390308,96
ENSG00000256311,119663639,119696822,33183
ENSG00000227453,55002469,55003431,962
ENSG00000252605,21899414,21899496,82
ENSG00000215022,13265093,13295818,30725
ENSG00000255105,104571327,104571617,290
ENSG00000224943,159436111,159453166,17055
ENSG00000250215,115634735,115636076,1341
ENSG00000234272,152988069,152988359,290
ENSG00000220139,119480462,119480641,179
ENSG00000222352,21899633,21899933,300
ENSG00000250289,68150737,68150912,175
ENSG00000207008,2985001,2985123,122
ENSG00000254714,49872181,49884080,11899
ENSG00000206853,60049931,60050061,130
ENSG00000254644,104580831,104581206,375
ENSG00000273342,21995133,21995573,440
ENSG00000244661,142216290,142216732,442
ENSG00000186766,129535499,129539450,3951
ENSG00000164893,87226281,87333375,107094
ENSG00000212249,68169781,68169914,133
ENSG00000230728,55087150,55094111,6961
ENSG00000247473,3050624,3062490,11866
ENSG00000201763,60368444,60368569,125
ENSG00000238687,104677523,104677622,99
ENSG00000231100,159527158,159527990,832
ENSG00000212102,22007270,22007347,77
ENSG00000163485,203059782,203136533,76751
ENSG00000224989,19612838,19626898,14060
ENSG00000235122,49785143,49788155,3012
ENSG00000235526,110720265,110721341,1076
ENSG00000250066,68259073,68263672,4599
ENSG00000253684,33499099,33499457,358
ENSG00000254150,60470087,60470414,327
ENSG00000239944,142245303,142245572,269
ENSG00000239344,104780509,104781257,748
ENSG00000237453,55258558,55260578,2020
ENSG00000226082,62912046,62912557,511
ENSG00000207751,22007593,22007674,81
ENSG00000230391,116225632,116226514,882
ENSG00000118492,146920101,147136598,216497
ENSG00000226170,151953177,151953993,816
ENSG00000224965,110751456,110752609,1153
ENSG00000226707,49791425,49792495,1070
ENSG00000201616,3069589,3069751,162
ENSG00000216113,104863827,104863916,89
ENSG00000222351,125708267,125708373,106
ENSG00000216316,119590298,119590879,581
ENSG00000272954,22016223,22016652,429
ENSG00000240637,115720487,115720783,296
ENSG00000253260,60473886,60506260,32374
ENSG00000263794,33573302,33573586,284
ENSG00000255550,49875632,49880954,5322
ENSG00000233716,63459588,63460712,1124
ENSG00000179577,105432721,105433132,411
ENSG00000242771,142259059,142259331,272
ENSG00000272379,13290250,13290722,472
ENSG00000242396,55352548,55353674,1126
ENSG00000236710,3105623,3106673,1050
ENSG00000251308,116064138,116064459,321
ENSG00000269787,15014044,15014985,941
ENSG00000200536,110815106,110815229,123
ENSG00000244671,22077172,22077471,299
ENSG00000271890,159551410,159552438,1028
ENSG00000255174,11856596,11856977,381
ENSG00000264933,152163780,152164039,259
ENSG00000253569,33579823,33580597,774
ENSG00000226733,50061424,50066995,5571
ENSG00000248461,38148582,38153817,5235
ENSG00000244342,62936105,63110738,174633
ENSG00000226114,87161585,87161945,360
ENSG00000222158,105437587,105437666,79
ENSG00000237786,13486526,13487084,558
ENSG00000200985,22146723,22146813,90
ENSG00000158731,159568088,159569017,929
ENSG00000234200,152197130,152198791,1661
ENSG00000227963,110828997,110881793,52796
ENSG00000243889,142273056,142273334,278
ENSG00000255214,49893378,49895619,2241
ENSG00000199884,153140864,153140974,110
ENSG00000218728,127848484,127849768,1284
ENSG00000213216,125791652,125792032,380
ENSG00000266734,105447681,105447774,93
ENSG00000266392,79374516,79374578,62
ENSG00000225544,22239621,22240012,391
ENSG00000254507,11860909,11861591,682
ENSG00000233203,55353236,55354523,1287
ENSG00000250693,116549968,116550863,895
ENSG00000255190,49896497,49898190,1693
ENSG00000253811,158410014,158411797,1783
ENSG00000213197,153246451,153247144,693
ENSG00000253879,60513937,60526334,12397
ENSG00000208032,105496597,105496693,96
ENSG00000251578,142344427,142344887,460
ENSG00000181852,56598285,56615717,17432
ENSG00000266189,79418130,79418214,84
ENSG00000248730,38282366,38291088,8722
ENSG00000248636,119825792,120105884,280092
ENSG00000218265,13521498,13522277,779
ENSG00000249352,68266266,68325992,59726
ENSG00000243636,207352641,207357407,4766
ENSG00000200732,119648446,119648550,104
ENSG00000253454,105578314,105578657,343
ENSG00000240738,33716998,33717741,743
ENSG00000273373,110912776,110915625,2849
ENSG00000233470,50481748,50488817,7069
ENSG00000224086,22292609,22297799,5190
ENSG00000265725,120336325,120336403,78
ENSG00000253456,158412814,158414207,1393
ENSG00000240578,142349249,142349699,450
ENSG00000255016,11882753,11883107,354
ENSG00000248488,116685255,116685975,720
ENSG00000232114,38996407,38997266,859
ENSG00000223603,159674773,159675397,624
ENSG00000180745,129676105,129691211,15106
ENSG00000206857,120847440,120847546,106
ENSG00000263732,105767334,105767403,69
ENSG00000229979,152220509,152220772,263
ENSG00000271667,117444794,117444963,169
ENSG00000230472,50555320,50604918,49598
ENSG00000200310,121007767,121007888,121
ENSG00000234791,3210776,3211159,383
ENSG00000254800,49904551,49905645,1094
ENSG00000225078,125824124,125825591,1467
ENSG00000223995,127972419,127972812,393
ENSG00000198367,15027228,15028192,964
ENSG00000243939,105993392,105993807,415
ENSG00000128872,52043758,52108565,64807
ENSG00000213445,65405568,65418401,12833
ENSG00000203415,63745026,63746647,1621
ENSG00000254817,11891155,11892121,966
ENSG00000235675,152387936,152393740,5804
ENSG00000250363,116841863,116843134,1271
ENSG00000233271,55446623,55457947,11324
ENSG00000239992,142389237,142389691,454
ENSG00000216710,121102366,121102658,292
ENSG00000245812,158527491,158544486,16995
ENSG00000236424,9365489,9368291,2802
ENSG00000202351,13547936,13548245,309
ENSG00000270776,153395711,153395941,230
ENSG00000232621,207399143,207402547,3404
ENSG00000228578,19628716,19630918,2202
ENSG00000253997,106002536,106002920,384
ENSG00000261071,13614343,13615387,1044
ENSG00000228305,63849309,63849965,656
ENSG00000231090,55683534,55699850,16316
ENSG00000197549,22345496,22398332,52836
ENSG00000236301,3239562,3244361,4799
ENSG00000234932,153707167,153707338,171
ENSG00000249071,38345449,38346653,1204
ENSG00000253413,60672606,60672822,216
ENSG00000137752,104896170,104972158,75988
ENSG00000252966,13680312,13680373,61
ENSG00000206598,121675500,121675606,106
ENSG00000188512,33827079,33827397,318
ENSG00000132141,33254878,33308097,53219
ENSG00000264435,28299532,28300045,513
ENSG00000233075,13817713,13817966,253
ENSG00000206306,32481203,32511820,30617
ENSG00000255111,49913814,49915329,1515
ENSG00000207403,121699943,121700044,101
ENSG00000060303,50824968,50825375,407
ENSG00000231095,55688052,55689045,993
ENSG00000240271,106023335,106023796,461
ENSG00000264715,28339051,28339136,85
ENSG00000223922,39037574,39038796,1222
ENSG00000220447,121702618,121703006,388
ENSG00000272209,13825663,13826805,1142
ENSG00000250237,68334345,68339648,5303
ENSG00000231600,152415692,152416269,577
ENSG00000254041,106155088,106200834,45746
ENSG00000226613,101514031,101516680,2649
ENSG00000164880,1509913,1545489,35576
ENSG00000207011,28386070,28386165,95
ENSG00000226213,153733334,153734281,947
ENSG00000253723,60733683,60733992,309
ENSG00000224869,117484029,117484347,318
ENSG00000231259,87257800,87303536,45736
ENSG00000224699,110925441,110974982,49541
ENSG00000220868,13949326,13949897,571
ENSG00000267482,28386072,28386165,93
ENSG00000229920,63869589,63871172,1583
ENSG00000265289,28386357,28392695,6338
ENSG00000253318,106207218,106209197,1979
ENSG00000233981,14005151,14007132,1981
ENSG00000235226,159728960,159729379,419
ENSG00000226341,117508734,117509224,490
ENSG00000272714,121710470,121711503,1033
ENSG00000176923,15037870,15038836,966
ENSG00000224513,3247291,3254068,6777
ENSG00000266876,28395650,28396649,999
ENSG00000235871,117575662,117576337,675
ENSG00000238987,14156693,14156754,61
ENSG00000206281,33196314,33211013,14699
ENSG00000259275,96897466,96946964,49498
ENSG00000199458,121775127,121775267,140
ENSG00000216913,50865328,50865938,610
ENSG00000163618,62384022,62861054,477032
ENSG00000197408,41497204,41524303,27099
ENSG00000230631,14230006,14231801,1795
ENSG00000203818,149400131,149400542,411
ENSG00000234592,128175513,128177160,1647
ENSG00000236901,125871773,125877756,5983
ENSG00000265822,55691314,55691396,82
ENSG00000230158,117781494,117782443,949
ENSG00000212161,159821696,159821762,66
ENSG00000249183,68364752,68365027,275
ENSG00000236987,3297275,3297620,345
ENSG00000219784,121799419,121801054,1635
ENSG00000243171,106300058,106300593,535
ENSG00000206652,16840617,16840780,163
ENSG00000265394,28417384,28444515,27131
ENSG00000272668,159836744,159837475,731
ENSG00000237736,152435330,152439737,4407
ENSG00000248572,38399916,38403515,3599
ENSG00000226339,128542359,128542598,239
ENSG00000231900,55833139,55834447,1308
ENSG00000226673,14280358,14285376,5018
ENSG00000253420,106674580,106697993,23413
ENSG00000259614,96931443,96932285,842
ENSG00000261135,16841140,16842249,1109
ENSG00000266919,28444097,28444190,93
ENSG00000248173,116843171,117218316,375145
ENSG00000214025,154015452,154016197,745
ENSG00000248664,68408939,68432221,23282
ENSG00000266458,159869769,159869869,100
ENSG00000237346,14391462,14393519,2057
ENSG00000199071,28444097,28444190,93
ENSG00000253256,158636929,158675804,38875
ENSG00000254700,11901015,11901179,164
ENSG00000224174,16847189,16848291,1102
ENSG00000237074,207422412,207482466,60054
ENSG00000232390,3343092,3343432,340
ENSG00000201379,121863632,121863772,140
ENSG00000263271,79428039,79428963,924
ENSG00000254141,106682219,106691259,9040
ENSG00000230204,50880425,50880969,544
ENSG00000265739,28449447,28453136,3689
ENSG00000254775,60962146,60987274,25128
ENSG00000089234,112079950,112123790,43840
ENSG00000224259,159931008,159948851,17843
ENSG00000266077,79478052,79478135,83
ENSG00000222659,121901478,121901667,189
ENSG00000253044,207688630,207688688,58
ENSG00000224612,154028501,154058240,29739
ENSG00000250442,116964563,116965201,638
ENSG00000234540,14394557,14404520,9963
ENSG00000253315,158654723,158672135,17412
ENSG00000266987,28471080,28471808,728
ENSG00000252029,11944905,11944954,49
ENSG00000229947,79480089,79480210,121
ENSG00000254954,61054380,61054701,321
ENSG00000220326,121962155,121962367,212
ENSG00000225284,39088862,39090275,1413
ENSG00000243601,106749508,106749993,485
ENSG00000164011,43312280,43318148,5868
ENSG00000236911,207725270,207779900,54630
ENSG00000259542,96936375,96948419,12044
ENSG00000226338,154064600,154064677,77
ENSG00000229848,79481073,79494802,13729
ENSG00000255544,11952685,11957045,4360
ENSG00000254194,33831219,33867113,35894
ENSG00000264125,28531336,28533486,2150
ENSG00000230950,117782653,117783694,1041
ENSG00000233421,16860381,16862144,1763
ENSG00000249259,117016266,117018222,1956
ENSG00000234488,63911439,63911844,405
ENSG00000254592,3357951,3361860,3909
ENSG00000229646,14597745,14599921,2176
ENSG00000235219,152459852,152462342,2490
ENSG00000167037,25202236,25323545,121309
ENSG00000227708,154194219,154213936,19717
ENSG00000207295,39111701,39111807,106
ENSG00000266120,28565759,28579255,13496
ENSG00000087995,60501228,60527454,26226
ENSG00000263365,3394759,3394851,92
ENSG00000249491,38425138,38427478,2340
ENSG00000221085,63922527,63922669,142
ENSG00000133055,203136939,203144941,8002
ENSG00000206960,14646766,14646869,103
ENSG00000207021,79540516,79540628,112
ENSG00000244703,207818579,207830755,12176
ENSG00000203817,149438750,149459549,20799
ENSG00000252112,28573775,28573838,63
ENSG00000223201,15163741,15163885,144
ENSG00000232198,55838383,55838989,606
ENSG00000265968,68455863,68456123,260
ENSG00000214024,154227126,154227578,452
ENSG00000252458,158657202,158657330,128
ENSG00000250627,117115153,117115907,754
ENSG00000263853,79643031,79643116,85
ENSG00000265905,39164021,39164299,278
ENSG00000234261,14977019,15090234,113215
ENSG00000231590,101680349,101682995,2646
ENSG00000268564,15234971,15236985,2014
ENSG00000225710,16875146,16879026,3880
ENSG00000222679,28615089,28615195,106
ENSG00000228872,63944256,63945033,777
ENSG00000251396,61297147,61429354,132207
ENSG00000201518,128570507,128570624,117
ENSG00000249738,158737941,158789842,51901
ENSG00000259312,96981800,96987496,5696
ENSG00000145075,180320646,180588793,268147
ENSG00000207132,28671521,28671622,101
ENSG00000207991,126164804,126164882,78
ENSG00000229692,39219420,39220998,1578
ENSG00000218180,121974941,121975836,895
ENSG00000254302,34032404,34042413,10009
ENSG00000242575,154277191,154278471,1280
ENSG00000222647,120018597,120018700,103
ENSG00000201255,28687481,28687584,103
ENSG00000266584,16875409,16875482,73
ENSG00000223756,3402191,3430208,28017
ENSG00000250825,96984796,96985543,747
ENSG00000252886,120068895,120069191,296
ENSG00000199831,55842199,55842525,326
ENSG00000216754,15103177,15104361,1184
ENSG00000267961,15251943,15252849,906
ENSG00000240143,128928970,128930939,1969
ENSG00000237409,159990090,159990517,427
ENSG00000237336,126254163,126255435,1272
ENSG00000220986,68456633,68456766,133
ENSG00000125351,118967985,118986961,18976
ENSG00000271732,16943886,16944224,338
ENSG00000227400,154278130,154449801,171671
ENSG00000221323,120151439,120151529,90
ENSG00000252162,55864187,55864293,106
ENSG00000248234,38429994,38430262,268
ENSG00000238334,68471651,68471754,103
ENSG00000228898,117784113,117784600,487
ENSG00000272051,55950544,55950645,101
ENSG00000226729,120397228,120397558,330
ENSG00000270306,51250080,51250647,567
ENSG00000264958,28856706,28869434,12728
ENSG00000213830,68609198,68609699,501
ENSG00000200377,154303327,154303397,70
ENSG00000222722,126347663,126347736,73
ENSG00000251257,38461029,38468441,7412
ENSG00000234810,56046710,56200675,153965
ENSG00000219135,122001118,122001605,487
ENSG00000260766,159994743,159996584,1841
ENSG00000198924,115594488,115614142,19654
ENSG00000236917,154617963,154619159,1196
ENSG00000242295,96991384,96991723,339
ENSG00000130511,18529674,18545372,15698
ENSG00000226842,32570614,32571757,1143
ENSG00000215908,16944751,16971178,26427
ENSG00000255052,11973291,12008698,35407
ENSG00000253108,34085957,34204249,118292
ENSG00000272464,120486234,120486332,98
ENSG00000239185,117897291,117897351,60
ENSG00000225279,160032278,160049611,17333
ENSG00000230826,126498716,126514220,15504
ENSG00000270380,110999127,110999976,849
ENSG00000233825,32635427,32636107,680
ENSG00000255575,120494839,120494984,145
ENSG00000232702,51274879,51275335,456
ENSG00000242989,15113199,15113450,251
ENSG00000231115,33346636,33350863,4227
ENSG00000229221,63978831,63979764,933
ENSG00000227291,117938468,117939138,670
ENSG00000206305,32538584,32544863,6279
ENSG00000252661,15256026,15256129,103
ENSG00000233147,56289480,56333921,44441
ENSG00000198161,149553003,149553787,784
ENSG00000264687,15149930,15150030,100
ENSG00000269635,15331826,15333108,1282
ENSG00000254033,34086812,34106464,19652
ENSG00000217139,122004071,122005418,1347
ENSG00000212532,51329488,51329563,75
ENSG00000222309,32635792,32635874,82
ENSG00000183643,93014884,93044347,29463
ENSG00000206985,39309730,39309833,103
ENSG00000227741,160171989,160178659,6670
ENSG00000226289,207831799,207832487,688
ENSG00000271888,15244154,15245231,1077
ENSG00000229115,126521499,126522054,555
ENSG00000229327,32636325,32663416,27091
ENSG00000266512,155002618,155002720,102
ENSG00000259534,96992072,96992979,907
ENSG00000214641,51401953,51402341,388
ENSG00000251775,64110383,64110525,142
ENSG00000225900,39325290,39325586,296
ENSG00000204428,31644461,31651817,7356
ENSG00000230250,56381282,56410636,29354
ENSG00000240194,111023374,111033899,10525
ENSG00000266440,128955798,128955898,100
ENSG00000079462,42801185,42807698,6513
ENSG00000234219,207935929,207936608,679
ENSG00000212001,155088231,155088342,111
ENSG00000215006,68629756,68630076,320
ENSG00000164056,124317950,124324910,6960
ENSG00000221601,158745050,158745175,125
ENSG00000235189,129003040,129091504,88464
ENSG00000266108,152468714,152468765,51
ENSG00000235488,15248046,15248865,819
ENSG00000222617,97029812,97030121,309
ENSG00000176318,101801662,101803141,1479
ENSG00000230251,155143102,155143938,836
ENSG00000265381,160175167,160175254,87
ENSG00000120215,5890802,5910606,19804
ENSG00000227104,56404387,56404953,566
ENSG00000200484,32683486,32683593,107
ENSG00000253298,158875564,158893284,17720
ENSG00000259340,97094611,97094747,136
ENSG00000234881,126605315,126605965,650
ENSG00000224931,152537078,152543260,6182
ENSG00000228079,64313484,64315380,1896
ENSG00000228606,160231534,160232568,1034
ENSG00000215264,34180510,34181160,650
ENSG00000231245,32800264,32800665,401
ENSG00000228689,51464521,51487682,23161
ENSG00000244968,38556888,38671318,114430
ENSG00000203709,207974863,208042495,67632
ENSG00000239073,93744392,93744492,100
ENSG00000201367,15315151,15315257,106
ENSG00000233079,56410760,56415792,5032
ENSG00000224675,155292365,155313950,21585
ENSG00000200011,93854501,93854602,101
ENSG00000201519,15324598,15324703,105
ENSG00000235612,56611393,56620896,9503
ENSG00000225110,152583141,152586144,3003
ENSG00000214424,97300217,97301826,1609
ENSG00000243015,93903263,93903544,281
ENSG00000273038,33176189,33178239,2050
ENSG00000214027,15935013,15935546,533
ENSG00000220184,122179325,122179914,589
ENSG00000238207,118515139,118561750,46611
ENSG00000240641,51840458,51840755,297
ENSG00000258271,93923336,93923765,429
ENSG00000225889,64370373,64479993,109620
ENSG00000238040,129005285,129011543,6258
ENSG00000266432,158952946,158953018,72
ENSG00000264206,51926413,51926504,91
ENSG00000203815,149675978,149676609,631
ENSG00000236668,126768556,126771675,3119
ENSG00000232947,15995175,16000028,4853
ENSG00000239037,152616931,152617034,103
ENSG00000254923,11985616,11986807,1191
ENSG00000229871,56673239,56674128,889
ENSG00000207604,52009147,52009232,85
ENSG00000224261,160236130,160237015,885
ENSG00000228816,33233409,33233927,518
ENSG00000236255,118591513,118599234,7721
ENSG00000238004,155316369,155317332,963
ENSG00000232249,152621191,152621414,223
ENSG00000199932,122532794,122532957,163
ENSG00000259282,97315235,97326542,11307
ENSG00000217585,16107853,16108824,971
ENSG00000272472,122964533,122965916,1383
ENSG00000267935,25847479,25850592,3113
ENSG00000223290,155446919,155447040,121
ENSG00000254408,49919819,49920738,919
ENSG00000214897,152662421,152664307,1886
ENSG00000225613,52011612,52015917,4305
ENSG00000240606,123066419,123066693,274
ENSG00000260971,56713966,56724243,10277
ENSG00000202309,39355967,39356068,101
ENSG00000235949,155552974,155554329,1355
ENSG00000235082,160287193,160287496,303
ENSG00000252473,39510798,39510932,134
ENSG00000232362,123180823,123181133,310
ENSG00000242795,169331298,169341739,10441
ENSG00000263712,16141787,16141855,68
ENSG00000254199,159175240,159188068,12828
ENSG00000228837,155797053,155797579,526
ENSG00000223307,56843005,56843090,85
ENSG00000254472,49936565,49937196,631
ENSG00000113569,37288239,37371283,83044
ENSG00000199080,52013721,52013839,118
ENSG00000180481,75784850,75826468,41618
ENSG00000273035,39550469,39550945,476
ENSG00000090920,40353963,40440533,86570
ENSG00000265170,152669306,152669599,293
ENSG00000223120,97385299,97385614,315
ENSG00000251793,16148518,16148676,158
ENSG00000231227,126772809,126773393,584
ENSG00000189398,3412010,3412982,972
ENSG00000244381,169427083,169427553,470
ENSG00000252239,39620663,39620759,96
ENSG00000223956,56880635,56881638,1003
ENSG00000229656,33247773,33371030,123257
ENSG00000218363,52111258,52112160,902
ENSG00000215948,97634492,97634582,90
ENSG00000218073,16161157,16161642,485
ENSG00000226202,208047140,208052418,5278
ENSG00000226301,61299821,61300554,733
ENSG00000230991,155822025,155824515,2490
ENSG00000202078,160295894,160296006,112
ENSG00000253311,159203779,159298391,94612
ENSG00000196970,101804893,101826623,21730
ENSG00000217078,16163608,16163993,385
ENSG00000254637,49938943,49940030,1087
ENSG00000259403,97815407,97862518,47111
ENSG00000201608,160362558,160362699,141
ENSG00000234921,126793903,126794803,900
ENSG00000223197,155945951,155946050,99
ENSG00000226843,208428635,208428721,86
ENSG00000206777,169437975,169438081,106
ENSG00000235535,123732857,123792904,60047
ENSG00000216364,16171837,16172262,425
ENSG00000223009,160473166,160473246,80
ENSG00000232982,156119970,156120236,266
ENSG00000166492,3431582,3443726,12144
ENSG00000235407,111030302,111032880,2578
ENSG00000261453,208780445,208785537,5092
ENSG00000270141,169482308,169482848,540
ENSG00000234425,160506863,160541248,34385
ENSG00000125631,118617003,118692518,75515
ENSG00000221681,125551272,125551371,99
ENSG00000251831,16205245,16205351,106
ENSG00000225791,52442105,52448783,6678
ENSG00000259485,97839111,97975324,136213
ENSG00000259886,152689210,152691934,2724
ENSG00000185442,93160673,93353114,192441
ENSG00000207129,87570075,87570193,118
ENSG00000221538,111195564,111195653,89
ENSG00000254940,49941864,49942966,1102
ENSG00000259815,208800086,208801430,1344
ENSG00000207193,16232462,16232561,99
ENSG00000264286,160515438,160515535,97
ENSG00000133317,63273556,63284246,10690
ENSG00000254344,34641570,34722316,80746
ENSG00000241278,125567066,125628215,61149
ENSG00000229701,156120675,156121335,660
ENSG00000259834,111196182,111199662,3480
ENSG00000265642,16428675,16428754,79
ENSG00000228874,15173355,15173715,360
ENSG00000235101,160639938,160640769,831
ENSG00000242863,97896727,97897015,288
ENSG00000254624,49944601,49945438,837
ENSG00000231312,39663778,39892483,228705
ENSG00000227887,208870714,208871043,329
ENSG00000271045,68645763,68646272,509
ENSG00000240083,87677774,87678542,768
ENSG00000254757,3490549,3552558,62009
ENSG00000269889,169487437,169489831,2394
ENSG00000229931,16761369,16762883,1514
ENSG00000263737,68751402,68751659,257
ENSG00000243181,34731677,34732151,474
ENSG00000199710,111307030,111307128,98
ENSG00000255840,61334378,61334454,76
ENSG00000201340,48774005,48774121,116
ENSG00000244717,68765710,68765963,253
ENSG00000216015,124061579,124061677,98
ENSG00000150337,149754227,149764074,9847
ENSG00000255199,50060063,50062069,2006
ENSG00000237415,111390699,111391563,864
ENSG00000255367,3502750,3602441,99691
ENSG00000265560,34827724,34827817,93
ENSG00000236776,57004124,57004583,459
ENSG00000269984,169494980,169498122,3142
ENSG00000186301,16972069,16976914,4845
ENSG00000170011,39850405,40301812,451407
ENSG00000237321,124144385,124150430,6045
ENSG00000227682,156126145,156126399,254
ENSG00000248787,125626848,125629115,2267
ENSG00000255442,50129327,50149612,20285
ENSG00000235204,127021529,127023435,1906
ENSG00000270135,169511283,169511754,471
ENSG00000232024,35382694,35383281,587
ENSG00000272341,16764577,16767114,2537
ENSG00000252753,61397741,61397799,58
ENSG00000228863,160640568,160653698,13130
ENSG00000232812,208902033,208906529,4496
ENSG00000232791,111396560,111397513,953
ENSG00000236548,125230239,125284185,53946
ENSG00000249295,68773299,68798293,24994
ENSG00000255522,3552650,3552838,188
ENSG00000215447,46707967,46711653,3686
ENSG00000270096,169512750,169514001,1251
ENSG00000270382,52522171,52522449,278
ENSG00000233709,156167535,156167921,386
ENSG00000260081,152864795,152869808,5013
ENSG00000219314,17381598,17382351,753
ENSG00000224980,57051285,57051915,630
ENSG00000249240,65134082,65223118,89036
ENSG00000240128,169620768,169622048,1280
ENSG00000227200,127025155,127028088,2933
ENSG00000077782,38268656,38326352,57696
ENSG00000149679,60963688,60982341,18653
ENSG00000206958,87678589,87678724,135
ENSG00000226409,125691357,125695470,4113
ENSG00000233039,156168209,156169939,1730
ENSG00000236919,50205725,50206932,1207
ENSG00000266477,68774820,68775092,272
ENSG00000237226,3570975,3571749,774
ENSG00000119965,124690419,124713919,23500
ENSG00000171566,155456158,155471587,15429
ENSG00000171084,125635463,125648867,13404
ENSG00000236950,209145799,209148652,2853
ENSG00000216775,52529946,52533953,4007
ENSG00000103148,134273,188859,54586
ENSG00000212260,68826440,68826544,104
ENSG00000227239,160667760,160668001,241
ENSG00000255321,61464516,61465595,1079
ENSG00000151458,125585207,125633887,48680
ENSG00000261654,111478991,111484975,5984
ENSG00000184612,17531130,17531883,753
ENSG00000238740,68834988,68835091,103
ENSG00000228704,125746773,125766329,19556
ENSG00000232811,111486089,111495470,9381
ENSG00000248626,159377500,159378505,1005
ENSG00000221424,15175890,15176037,147
ENSG00000226003,160817800,160818292,492
ENSG00000228862,61544068,61548830,4762
ENSG00000226232,70010291,70030091,19800
ENSG00000244039,169649786,169651017,1231
ENSG00000248477,68902926,68919876,16950
ENSG00000227578,15182887,15183664,777
ENSG00000250306,87678765,87679077,312
ENSG00000233248,156169952,156170470,518
ENSG00000273010,111505924,111507271,1347
ENSG00000221019,3578572,3578719,147
ENSG00000065060,34759857,34850915,91058
ENSG00000237742,125899704,126070336,170632
ENSG00000199398,159435452,159435553,101
ENSG00000217889,152869952,152870803,851
ENSG00000223688,3580887,3581252,365
ENSG00000062650,88195013,88281572,86559
ENSG00000225475,57085082,57085222,140
ENSG00000250272,117300075,117300425,350
ENSG00000213080,160864770,160865866,1096
ENSG00000232537,209320612,209328446,7834
ENSG00000223908,159450747,159451052,305
ENSG00000229935,156170578,156170880,302
ENSG00000223768,46713200,46717269,4069
ENSG00000218359,17582265,17582536,271
ENSG00000239048,159556217,159556280,63
ENSG00000225672,111550322,111558152,7830
ENSG00000254869,61565061,61566120,1059
ENSG00000264237,127112735,127112810,75
ENSG00000239219,169657141,169684522,27381
ENSG00000206718,156186933,156187039,106
ENSG00000253239,22380474,22380991,517
ENSG00000247699,159622751,159631833,9082
ENSG00000241839,65134088,65160206,26118
ENSG00000230923,64412212,64432619,20407
ENSG00000184274,46720160,46725172,5012
ENSG00000230851,3612507,3612845,338
ENSG00000231149,127277217,127278335,1118
ENSG00000206881,17619764,17619865,101
ENSG00000229913,57289352,57292593,3241
ENSG00000133048,203148059,203155877,7818
ENSG00000248139,117347139,117352048,4909
ENSG00000272269,17706488,17707575,1087
ENSG00000226383,156868129,156881125,12996
ENSG00000250156,87704799,87734907,30108
ENSG00000232188,160901529,160904170,2641
ENSG00000228081,209346359,209346720,361
ENSG00000224506,125995499,126041364,45865
ENSG00000196998,48929385,48958108,28723
ENSG00000201415,17722017,17722134,117
ENSG00000238161,3620825,3621936,1111
ENSG00000254355,22387143,22387592,449
ENSG00000198358,160902255,160919712,17457
ENSG00000201442,17737689,17737790,101
ENSG00000270354,64435632,64435850,218
ENSG00000229382,46756622,46758580,1958
ENSG00000093072,17660194,17702879,42685
ENSG00000225070,22390743,22394463,3720
ENSG00000236341,57429559,57462430,32871
ENSG00000224967,118691601,118692365,764
ENSG00000224540,209405541,209406764,1223
ENSG00000230524,15193340,15247466,54126
ENSG00000230456,30839458,30858654,19196
ENSG00000203518,17894075,17894300,225
ENSG00000262719,54767831,54767939,108
ENSG00000232131,126119002,126140004,21002
ENSG00000206511,29523310,29600897,77587
ENSG00000213391,152871972,152872343,371
ENSG00000252760,111584456,111584547,91
ENSG00000235548,156889759,156890592,833
ENSG00000244193,169663775,169664542,767
ENSG00000249333,22393042,22393525,483
ENSG00000263702,54785989,54786060,71
ENSG00000253772,159674524,159675224,700
ENSG00000237664,46758505,46761905,3400
ENSG00000255185,70044654,70099848,55194
ENSG00000250138,68927790,68932312,4522
ENSG00000221591,57431953,57432035,82
ENSG00000220920,17953803,17954161,358
ENSG00000231744,127360986,127361859,873
ENSG00000272982,111723996,111724113,117
ENSG00000266167,54961459,54961528,69
ENSG00000250791,117410520,117436302,25782
ENSG00000222445,126196314,126196644,330
ENSG00000233691,160905327,160905916,589
ENSG00000073792,185361527,185542844,181317
ENSG00000228616,152876149,152878380,2231
ENSG00000227935,57852248,57853122,874
ENSG00000253794,22398016,22398340,324
ENSG00000273221,111727037,111727683,646
ENSG00000238543,157266656,157266758,102
ENSG00000270160,128484235,128485131,896
ENSG00000240373,169696324,169703503,7179
ENSG00000251920,126300958,126301080,122
ENSG00000186862,102767440,102790890,23450
ENSG00000238481,157278707,157278811,104
ENSG00000236040,111792876,111799337,6461
ENSG00000225712,209441143,209441568,425
ENSG00000199715,18273396,18273497,101
ENSG00000265304,38557604,38557663,59
ENSG00000204227,33176272,33180499,4227
ENSG00000228161,22400828,22400989,161
ENSG00000201342,169775089,169775217,128
ENSG00000258935,91033839,91036320,2481
ENSG00000231842,126498339,126523385,25046
ENSG00000182048,3631131,3658789,27658
ENSG00000232879,161004624,161004796,172
ENSG00000200681,18307204,18307310,106
ENSG00000255465,128485762,128491701,5939
ENSG00000228930,46796106,46796297,191
ENSG00000236888,58071519,58071878,359
ENSG00000238012,64557620,64559265,1645
ENSG00000238069,157634218,157634884,666
ENSG00000242583,169780032,169780739,707
ENSG00000261846,151462242,151489665,27423
ENSG00000251189,38682172,38685228,3056
ENSG00000196456,150065879,150109558,43679
ENSG00000213493,117519317,117520767,1450
ENSG00000253874,22412845,22413304,459
ENSG00000255289,61573379,61577089,3710
ENSG00000217414,18363648,18365654,2006
ENSG00000117394,43391052,43424530,33478
ENSG00000235066,118752973,118770295,17322
ENSG00000228917,161054255,161057361,3106
ENSG00000163067,95831177,95850065,18888
ENSG00000236826,31752537,31762128,9591
ENSG00000238201,64565201,64568781,3580
ENSG00000228355,46798116,46799550,1434
ENSG00000249911,38710469,38720375,9906
ENSG00000268220,169805598,169807378,1780
ENSG00000227940,209498801,209501877,3076
ENSG00000245008,128499548,128556817,57269
ENSG00000164162,145888264,146019693,131429
ENSG00000201752,117760435,117760541,106
ENSG00000238773,58222756,58222848,92
ENSG00000218976,18366967,18368875,1908
ENSG00000266931,87282781,87282923,142
ENSG00000213133,126579067,126579501,434
ENSG00000238934,161110998,161111126,128
ENSG00000199536,169867633,169867739,106
ENSG00000271053,117779249,117780129,880
ENSG00000224574,46827301,46829980,2679
ENSG00000226430,11989926,11991953,2027
ENSG00000132334,129705325,129884119,178794
ENSG00000251459,58357556,58361399,3843
ENSG00000224985,161123550,161129139,5589
ENSG00000200118,169962570,169962669,99
ENSG00000254373,159685260,159685592,332
ENSG00000223605,118171080,118171344,264
ENSG00000253203,68790040,69006341,216301
ENSG00000254866,12008404,12008643,239
ENSG00000239628,170063466,170071749,8283
ENSG00000224932,118235753,118281795,46042
ENSG00000220377,52552728,52568623,15895
ENSG00000263548,161196976,161197051,75
ENSG00000263848,157871684,157871769,85
ENSG00000249740,38736157,38845931,109774
ENSG00000243654,159718795,159719067,272
ENSG00000231648,209541007,209553035,12028
ENSG00000238925,58358435,58358539,104
ENSG00000232859,26205340,26221778,16438
ENSG00000235477,161337812,161341754,3942
ENSG00000230395,87345657,87348103,2446
ENSG00000254703,128561567,128565918,4351
ENSG00000213194,158067359,158068051,692
ENSG00000270612,159753700,159753976,276
ENSG00000242578,170128300,170136403,8103
ENSG00000241246,127369438,127369735,297
ENSG00000183535,46839631,46844985,5354
ENSG00000251049,58462106,58472038,9932
ENSG00000203878,111822681,111828738,6057
ENSG00000207632,126805777,126805859,82
ENSG00000205879,12029711,12036084,6373
ENSG00000224020,127420746,127460910,40164
ENSG00000273075,161344552,161345130,578
ENSG00000273185,118755517,118757824,2307
ENSG00000201613,126911433,126911539,106
ENSG00000250333,58471860,58524966,53106
ENSG00000125450,73201754,73231853,30099
ENSG00000241416,170213416,170214425,1009
ENSG00000138594,52121825,52239492,117667
ENSG00000220548,126923502,126924795,1293
ENSG00000236484,161348497,161349148,651
ENSG00000207595,127454721,127454830,109
ENSG00000226759,58326204,58346577,20373
ENSG00000249831,58586201,58590821,4620
ENSG00000228358,118281781,118294008,12227
ENSG00000248577,38763260,38764391,1131
ENSG00000213174,170371635,170372048,413
ENSG00000255369,128750220,128750563,343
ENSG00000248660,58969313,58969600,287
ENSG00000238458,18402182,18402283,101
ENSG00000212597,128863132,128863235,103
ENSG00000262230,151352138,151352251,113
ENSG00000207775,18572015,18572111,96
ENSG00000144395,197504278,197628214,123936
ENSG00000222404,158155319,158155670,351
ENSG00000204866,46646363,46664556,18193
ENSG00000244738,170374351,170379912,5561
ENSG00000206847,128900354,128900467,113
ENSG00000249105,58983924,58984236,312
ENSG00000207737,127455989,127456077,88
ENSG00000262411,151354962,151375744,20782
ENSG00000249889,12036206,12040228,4022
ENSG00000230937,209602165,209606183,4018
ENSG00000230562,158236236,158236926,690
ENSG00000199260,129072861,129072965,104
ENSG00000233922,47013568,47017005,3437
ENSG00000239739,170458140,170459154,1014
ENSG00000217379,19143926,19144391,465
ENSG00000250629,38783682,38792856,9174
ENSG00000262466,151479769,151656501,176732
ENSG00000255259,129165181,129166376,1195
ENSG00000236643,127532402,127535206,2804
ENSG00000206921,161371079,161371185,106
ENSG00000271904,87729709,87794514,64805
ENSG00000117983,1244296,1283406,39110
ENSG00000188368,42806250,42814973,8723
ENSG00000222411,170559884,170559961,77
ENSG00000249089,39022513,39022660,147
ENSG00000250340,59390680,59402493,11813
ENSG00000215840,161375858,161376872,1014
ENSG00000240704,170670639,170671686,1047
ENSG00000120256,150139934,150186199,46265
ENSG00000217325,126964634,126965536,902
ENSG00000250078,59428330,59431287,2957
ENSG00000216054,158298062,158298151,89
ENSG00000251215,39169312,39170437,1125
ENSG00000259664,97913601,97971182,57581
ENSG00000242841,63082050,63083387,1337
ENSG00000234584,158582220,158592517,10297
ENSG00000251339,59646791,59849870,203079
ENSG00000240121,129407764,129408009,245
ENSG00000224455,33388442,33410197,21755
ENSG00000137040,6011043,6015618,4575
ENSG00000215934,158711782,158711858,76
ENSG00000257538,32547665,32562350,14685
ENSG00000251729,98015356,98015482,126
ENSG00000254885,78902603,78904205,1602
ENSG00000227923,62814411,62814743,332
ENSG00000270557,158734195,158735077,882
ENSG00000273112,161482966,161574889,91923
ENSG00000217404,127004181,127004992,811
ENSG00000199488,170712659,170712822,163
ENSG00000259524,98058517,98065041,6524
ENSG00000207963,170824453,170824548,95
ENSG00000255188,129657959,129658085,126
ENSG00000211997,79113066,79113153,87
ENSG00000240359,63188894,63189124,230
ENSG00000229301,62814835,62819684,4849
ENSG00000251980,158769284,158769397,113
ENSG00000264297,64567893,64567973,80
ENSG00000199313,127649689,127649828,139
ENSG00000222506,171157315,171157416,101
ENSG00000266570,79133213,79133270,57
ENSG00000233220,129872833,129874251,1418
ENSG00000271320,158774224,158774883,659
ENSG00000240497,171185873,171187422,1549
ENSG00000252662,63320463,63320543,80
ENSG00000231662,19290550,19321252,30702
ENSG00000224203,161506361,161507948,1587
ENSG00000236148,64574327,64574875,548
ENSG00000271334,39520533,39524810,4277
ENSG00000259582,98096514,98103932,7418
ENSG00000236284,62827805,62828534,729
ENSG00000255209,79316011,79323344,7333
ENSG00000229283,111860222,111866603,6381
ENSG00000241359,63409272,63535727,126455
ENSG00000204745,87352513,87423770,71257
ENSG00000255057,129878481,129879660,1179
ENSG00000264641,127659112,127659211,99
ENSG00000218643,19348412,19349307,895
ENSG00000207114,171222034,171222140,106
ENSG00000251266,59850000,59912677,62677
ENSG00000232240,111866455,111866697,242
ENSG00000228937,158817922,158819400,1478
ENSG00000221551,79403423,79403573,150
ENSG00000239118,70064249,70064325,76
ENSG00000230361,62837707,62838611,904
ENSG00000229887,58513847,58514963,1116
ENSG00000234594,171252212,171252404,192
ENSG00000252301,63531116,63531211,95
ENSG00000151623,148999913,149365850,365937
ENSG00000259870,98419519,98421616,2097
ENSG00000254471,79698556,79700673,2117
ENSG00000259163,91108982,91115238,6256
ENSG00000184814,138737873,138739768,1895
ENSG00000177736,127730573,127731223,650
ENSG00000163794,27530268,27531313,1045
ENSG00000230600,62840844,62846167,5323
ENSG00000167117,48838390,48844918,6528
ENSG00000251768,127639028,127639118,90
ENSG00000206302,32555534,32563145,7611
ENSG00000238359,171411001,171411104,103
ENSG00000249382,59852905,59853878,973
ENSG00000201523,19438514,19438649,135
ENSG00000259478,98525739,98534372,8633
ENSG00000224479,63727969,63813121,85152
ENSG00000268584,75385754,75386548,794
ENSG00000177468,137813336,137815531,2195
ENSG00000212410,158842301,158842406,105
ENSG00000124343,2670091,2734539,64448
ENSG00000254434,80032664,80038955,6291
ENSG00000234717,171594142,171618530,24388
ENSG00000196159,126237554,126414087,176533
ENSG00000213131,127676901,127677934,1033
ENSG00000226786,19535175,19839311,304136
ENSG00000232630,127912932,127913868,936
ENSG00000224515,161526080,161526868,788
ENSG00000255262,129902759,129903115,356
ENSG00000231158,158922057,158922571,514
ENSG00000234020,111895897,111910031,14134
ENSG00000249912,142403511,142403995,484
ENSG00000232817,62849186,62854035,4849
ENSG00000200146,80239004,80239110,106
ENSG00000235943,171612226,171613030,804
ENSG00000235332,127956928,127958100,1172
ENSG00000223416,58521805,58522152,347
ENSG00000237327,158984469,158990500,6031
ENSG00000225217,161576081,161578007,1926
ENSG00000255014,80364473,80365032,559
ENSG00000241911,142419212,142419752,540
ENSG00000258483,98563824,98565007,1183
ENSG00000239705,128003942,128019297,15355
ENSG00000214012,19612986,19614267,1281
ENSG00000244273,142430182,142430588,406
ENSG00000237483,171943218,171943662,444
ENSG00000250375,59912738,59940974,28236
ENSG00000261663,2290488,2291819,1331
ENSG00000272791,75390314,75391248,934
ENSG00000233701,138760944,138763734,2790
ENSG00000227480,159023162,159092681,69519
ENSG00000255535,129910260,129910966,706
ENSG00000258437,91141462,91142638,1176
ENSG00000109445,142142041,142155851,13810
ENSG00000167619,42817477,42829214,11737
ENSG00000223935,64622354,64680932,58578
ENSG00000255178,80462243,80473869,11626
ENSG00000252477,98569271,98569368,97
ENSG00000207715,2317788,2317881,93
ENSG00000214593,128026124,128026369,245
ENSG00000249111,60018552,60041864,23312
ENSG00000259199,98589896,98836406,246510
ENSG00000234890,159276467,159281815,5348
ENSG00000215565,129952103,129952367,264
ENSG00000266265,130394889,130397715,2826
ENSG00000235038,58525811,58545946,20135
ENSG00000258716,91163677,91165718,2041
ENSG00000260778,2318156,2323419,5263
ENSG00000199780,60399504,60399616,112
ENSG00000171408,136172834,136516712,343878
ENSG00000201279,3685045,3685141,96
ENSG00000254437,80668360,80668677,317
ENSG00000145979,13266774,13328815,62041
ENSG00000244451,129952390,129952676,286
ENSG00000271848,75413797,75434477,20680
ENSG00000243398,171955116,171955384,268
ENSG00000200201,3686394,3686489,95
ENSG00000243723,159303676,159303973,297
ENSG00000249392,60416860,60496042,79182
ENSG00000222361,98617896,98617992,96
ENSG00000200554,128066199,128066305,106
ENSG00000238686,3713273,3713375,102
ENSG00000251721,159390712,159390796,84
ENSG00000266212,130121332,130124233,2901
ENSG00000213315,91232875,91233333,458
ENSG00000254747,81263268,81263558,290
ENSG00000231586,161587782,161589375,1593
ENSG00000230546,58550091,58550231,140
ENSG00000188293,46733009,46734500,1491
ENSG00000227845,128134604,128135045,441
ENSG00000251934,3736002,3736105,103
ENSG00000259611,98628856,98646941,18085
ENSG00000249892,60633534,60657832,24298
ENSG00000227331,159404937,159405736,799
ENSG00000220744,127683658,127684548,890
ENSG00000217314,19638271,19639039,768
ENSG00000233216,58694354,58694675,321
ENSG00000248702,48874727,48875012,285
ENSG00000238304,3802625,3802686,61
ENSG00000271133,20367922,20371370,3448
ENSG00000258884,91288709,91294472,5763
ENSG00000250404,3837982,3843130,5148
ENSG00000266643,2320714,2320773,59
ENSG00000161326,35849937,35873603,23666
ENSG00000224260,209701800,209741018,39218
ENSG00000255358,130154918,130155728,810
ENSG00000258491,51171061,51172229,1168
ENSG00000242288,75434053,75490272,56219
ENSG00000270209,59018585,59019005,420
ENSG00000255316,81266952,81267467,515
ENSG00000201676,60698893,60698994,101
ENSG00000264004,2324621,2324692,71
ENSG00000204380,159514849,159591514,76665
ENSG00000259266,98661400,98661549,149
ENSG00000243845,128275183,128275486,303
ENSG00000252644,91557421,91557482,61
ENSG00000240549,63846321,63847495,1174
ENSG00000201775,60699781,60699885,104
ENSG00000137033,6215805,6257983,42178
ENSG00000228661,3875548,3876739,1191
ENSG00000264128,59031301,59031604,303
ENSG00000243445,2382314,2382733,419
ENSG00000227068,128329858,128335302,5444
ENSG00000221102,91592769,91592897,128
ENSG00000171103,29072687,29093167,20480
ENSG00000216027,61529667,61529756,89
ENSG00000200957,19642656,19642760,104
ENSG00000207513,16993280,16993443,163
ENSG00000185839,59096513,59097202,689
ENSG00000266343,91614372,91614663,291
ENSG00000249066,61616304,61655717,39413
ENSG00000255220,130165536,130166841,1305
ENSG00000229368,3875842,3876629,787
ENSG00000214761,128357948,128358907,959
ENSG00000270701,81553477,81553711,234
ENSG00000237404,19690056,19753344,63288
ENSG00000260810,91724643,91725347,704
ENSG00000200753,20416954,20417024,70
ENSG00000264742,17007750,17007823,73
ENSG00000228586,159542415,159610287,67872
ENSG00000220522,127737680,127738097,417
ENSG00000248237,61649833,61650414,581
ENSG00000118503,138188351,138204449,16098
ENSG00000233911,31119738,31131037,11299
ENSG00000179460,20621695,20622829,1134
ENSG00000236698,17012116,17012550,434
ENSG00000245832,81590893,82429124,838231
ENSG00000234211,161641768,161644614,2846
ENSG00000224463,203096419,203096572,153
ENSG00000241439,125677399,125677660,261
ENSG00000128731,28356186,28567298,211112
ENSG00000231675,159559799,159559972,173
ENSG00000227116,19730658,19734798,4140
ENSG00000222168,59187951,59188044,93
ENSG00000265829,61788337,61788402,65
ENSG00000130701,60985293,61002589,17296
ENSG00000238098,2389151,2476700,87549
ENSG00000264081,59230521,59230607,86
ENSG00000270062,51190495,51190990,495
ENSG00000248607,125775766,125777071,1305
ENSG00000272412,130180075,130180369,294
ENSG00000243792,159710267,159711088,821
ENSG00000240152,62009374,62019680,10306
ENSG00000269353,41452252,41453355,1103
ENSG00000234807,59250823,59365384,114561
ENSG00000173575,93426526,93571237,144711
ENSG00000265911,125787907,125787990,83
ENSG00000229582,128506033,128508831,2798
ENSG00000271227,52553459,52553796,337
ENSG00000220694,127756781,127757334,553
ENSG00000258843,51288598,51290219,1621
ENSG00000175773,130184888,130263688,78800
ENSG00000213075,161653485,161655042,1557
ENSG00000266389,8869213,8870387,1174
ENSG00000228412,19802395,19804983,2588
ENSG00000231525,20628613,20629708,1095
ENSG00000251491,159718823,159719797,974
ENSG00000250012,125803063,125814192,11129
ENSG00000166839,65204101,65251042,46941
ENSG00000212534,203141154,203141241,87
ENSG00000237674,52604388,52609454,5066
ENSG00000265975,8870840,8880312,9472
ENSG00000211934,106452671,106453170,499
ENSG00000271816,75458909,75490245,31336
ENSG00000143970,25956622,26101385,144763
ENSG00000264110,81601783,81601878,95
ENSG00000232413,128819859,128921892,102033
ENSG00000252945,51311343,51311430,87
ENSG00000241261,62077370,62077921,551
ENSG00000249106,176711458,176733340,21882
ENSG00000212309,203142831,203142915,84
ENSG00000272226,59278480,59279014,534
ENSG00000213908,41530172,41533625,3453
ENSG00000188668,159731154,159732182,1028
ENSG00000254511,81682036,81698855,16819
ENSG00000258687,51314840,51332377,17537
ENSG00000268869,17013834,17046652,32818
ENSG00000250218,125822483,125826912,4429
ENSG00000271852,203156055,203156144,89
ENSG00000262966,9074385,9082435,8050
ENSG00000228392,129032400,129038197,5797
ENSG00000231740,59304120,59316926,12806
ENSG00000205682,62285964,62293939,7975
ENSG00000252592,82283051,82283122,71
ENSG00000203814,149754245,149783928,29683
ENSG00000255155,130414538,130414751,213
ENSG00000258745,51378944,51380076,1132
ENSG00000219284,127954103,127956466,2363
ENSG00000238317,203157772,203157859,87
ENSG00000087095,26368763,26523407,154644
ENSG00000223866,20681181,20681571,390
ENSG00000222300,159792310,159792497,187
ENSG00000270143,15346330,15346819,489
ENSG00000255246,82314785,82354461,39676
ENSG00000226439,62641167,62641568,401
ENSG00000264275,203198162,203198451,289
ENSG00000108100,35535953,35860852,324899
ENSG00000243667,68350068,68384692,34624
ENSG00000232453,59348540,59362375,13835
ENSG00000213189,159860287,159861065,778
ENSG00000263708,9186491,9208968,22477
ENSG00000236616,130416694,130417324,630
ENSG00000211935,106471246,106471723,477
ENSG00000226261,203200747,203201450,703
ENSG00000253079,129170320,129170689,369
ENSG00000272020,125879126,125879288,162
ENSG00000010030,36322419,36356164,33745
ENSG00000272140,75463493,75473339,9846
ENSG00000270802,15449759,15450048,289
ENSG00000218187,127976005,127976423,418
ENSG00000264831,209796789,209796855,66
ENSG00000227097,82400571,82400944,373
ENSG00000199595,161669296,161669397,101
ENSG00000252985,129189172,129189249,77
ENSG00000225751,9355514,9373331,17817
ENSG00000246022,125898908,125929012,30104
ENSG00000241347,161705598,161705889,291
ENSG00000255352,130659126,130660920,1794
ENSG00000233721,129278696,129281087,2391
ENSG00000202169,62772031,62772126,95
ENSG00000143878,20646835,20649200,2365
ENSG00000227591,209834709,209897470,62761
ENSG00000202029,159883548,159883654,106
ENSG00000260212,127980569,127981483,914
ENSG00000226889,161735115,161736017,902
ENSG00000226878,159912606,159913371,765
ENSG00000228121,59465348,59466166,818
ENSG00000273218,15456879,15459228,2349
ENSG00000226078,129289897,129292622,2725
ENSG00000229700,20042686,20043171,485
ENSG00000173039,65421067,65430565,9498
ENSG00000255382,82502704,82528188,25484
ENSG00000268189,15489887,15492005,2118
ENSG00000248249,176883212,176883636,424
ENSG00000221768,129293194,129293270,76
ENSG00000229808,161860623,161861986,1363
ENSG00000211936,106478110,106478603,493
ENSG00000184432,139074442,139108574,34132
ENSG00000252072,75466248,75466371,123
ENSG00000217228,52630078,52643145,13067
ENSG00000236136,209917718,209918559,841
ENSG00000248692,62937470,63031272,93802
ENSG00000165732,70715884,70744829,28945
ENSG00000221173,129338809,129338909,100
ENSG00000262815,9368059,9370739,2680
ENSG00000230812,59486059,59510286,24227
ENSG00000224005,75473354,75473609,255
ENSG00000036257,225334867,225450110,115243
ENSG00000254842,130714086,130735456,21370
ENSG00000272966,203201462,203201923,461
ENSG00000223642,160242878,160261147,18269
ENSG00000269782,15560359,15560419,60
ENSG00000255063,82516396,82517551,1155
ENSG00000219699,127980835,127981724,889
ENSG00000250372,176933189,176935568,2379
ENSG00000263051,9450615,9451858,1243
ENSG00000227803,20212318,20317970,105652
ENSG00000219451,20866945,20867372,427
ENSG00000242696,203221844,203222140,296
ENSG00000232222,209960324,209961038,714
ENSG00000224842,129351873,129375979,24106
ENSG00000236012,111922913,111923193,280
ENSG00000269765,15626153,15627647,1494
ENSG00000263860,28877511,28878207,696
ENSG00000271851,9456640,9459013,2373
ENSG00000273456,203239655,203240327,672
ENSG00000241183,70113032,70113527,495
ENSG00000237684,118334618,118335435,817
ENSG00000242338,75475601,75490227,14626
ENSG00000240869,20421812,20422118,306
ENSG00000227818,162008806,162009357,551
ENSG00000253522,159895275,159914433,19158
ENSG00000250934,125985639,126010122,24483
ENSG00000253452,35719641,35828183,108542
ENSG00000252949,20422549,20422632,83
ENSG00000270915,203369735,203370066,331
ENSG00000203706,210404801,210407392,2591
ENSG00000183598,149784826,149785236,410
ENSG00000241654,9493219,9493799,580
ENSG00000264242,28880715,28885980,5265
ENSG00000236922,118349552,118612343,262791
ENSG00000264130,176959234,176959339,105
ENSG00000266144,162126897,162126972,75
ENSG00000224707,20438052,20440409,2357
ENSG00000236047,203385124,203385712,588
ENSG00000254441,82546551,82548264,1713
ENSG00000241042,59520069,59521721,1652
ENSG00000201516,177019314,177019436,122
ENSG00000247228,70190243,70207351,17108
ENSG00000227094,162286642,162287584,942
ENSG00000211937,106494135,106494597,462
ENSG00000222431,20452600,20452704,104
ENSG00000251448,126007710,126012867,5157
ENSG00000248980,177229419,177241609,12190
ENSG00000102981,67694849,67696681,1832
ENSG00000102030,153194695,153200676,5981
ENSG00000272895,118756321,118757056,735
ENSG00000235215,59521671,59543788,22117
ENSG00000201683,20500406,20500507,101
ENSG00000202304,129444046,129444152,106
ENSG00000252262,162308433,162308532,99
ENSG00000243510,118773958,118774243,285
ENSG00000270893,160300628,160301424,796
ENSG00000225832,20722559,20723886,1327
ENSG00000225046,129464831,129465043,212
ENSG00000207729,162312336,162312430,94
ENSG00000131238,40538379,40563375,24996
ENSG00000255455,130736149,130740142,3993
ENSG00000227179,111925482,111934441,8959
ENSG00000269516,15674885,15695520,20635
ENSG00000227945,128349031,128406393,57362
ENSG00000237352,59522315,59553867,31552
ENSG00000213492,118495667,118497329,1662
ENSG00000249833,126111875,126113694,1819
ENSG00000225369,160318928,160319767,839
ENSG00000226856,118889704,118943962,54258
ENSG00000227243,162415339,162415676,337
ENSG00000248480,177552543,177554382,1839
ENSG00000207117,160392755,160392857,102
ENSG00000183941,149804221,149811339,7118
ENSG00000242673,130874025,130874324,299
ENSG00000253524,35861834,35952564,90730
ENSG00000227941,162511122,162511418,296
ENSG00000228972,128752086,128753913,1827
ENSG00000248388,177590772,177627299,36527
ENSG00000224152,160471807,160473593,1786
ENSG00000233848,20756334,20800925,44591
ENSG00000238995,82554927,82555027,100
ENSG00000221516,130981830,130981910,80
ENSG00000224609,59597608,59664293,66685
ENSG00000261145,70236257,70236362,105
ENSG00000225405,62971378,62971767,389
ENSG00000229565,118755556,118791103,35547
ENSG00000228110,210438981,210440587,1606
ENSG00000182404,128768543,128770446,1903
ENSG00000242279,82668465,82669258,793
ENSG00000236129,131056917,131059648,2731
ENSG00000259788,162530017,162531098,1081
ENSG00000266775,28884750,28885520,770
ENSG00000229702,129611043,129658231,47188
ENSG00000224733,128821672,128822321,649
ENSG00000238010,129403035,129403572,537
ENSG00000272574,162562893,162563544,651
ENSG00000268101,41556354,41568349,11995
ENSG00000249458,177787768,177796611,8843
ENSG00000252046,20993705,20993799,94
ENSG00000251463,119114560,119115906,1346
ENSG00000207389,17067011,17067174,163
ENSG00000118960,20760208,20850849,90641
ENSG00000227125,131074894,131085058,10164
ENSG00000123124,87354967,87490649,135682
ENSG00000087460,57414773,57486247,71474
ENSG00000265237,159901409,159901490,81
ENSG00000259928,28891075,28892594,1519
ENSG00000254698,82674723,82750157,75434
ENSG00000255500,50227332,50228444,1112
ENSG00000226266,160527219,160568946,41727
ENSG00000227089,21354642,21355527,885
ENSG00000243173,162747520,162747802,282
ENSG00000166477,52230222,52264003,33781
ENSG00000227112,128826270,128827421,1151
ENSG00000185522,554855,560779,5924
ENSG00000223619,203478937,203479427,490
ENSG00000253687,160040880,160066190,25310
ENSG00000250263,177796856,177801759,4903
ENSG00000254522,82751848,82752445,597
ENSG00000227684,17076728,17077459,731
ENSG00000237612,131104433,131121711,17278
ENSG00000241344,63114012,63114488,476
ENSG00000261556,70253477,70279519,26042
ENSG00000196865,115614420,115676953,62533
ENSG00000255042,50246832,50254505,7673
ENSG00000239192,160091594,160091688,94
ENSG00000231754,21522707,21524003,1296
ENSG00000230739,162794585,162819257,24672
ENSG00000222859,178102596,178102895,299
ENSG00000270457,59754975,59755312,337
ENSG00000269893,119199864,119200978,1114
ENSG00000213130,128901258,128902029,771
ENSG00000233455,210477029,210477885,856
ENSG00000250249,63157280,63158055,775
ENSG00000231870,28894718,28898766,4048
ENSG00000196296,28889726,28915830,26104
ENSG00000254391,160112358,160119896,7538
ENSG00000271299,41579709,41580012,303
ENSG00000249084,178264158,178278186,14028
ENSG00000266150,60198899,60198968,69
ENSG00000231698,131123317,131220812,97495
ENSG00000226883,60220419,60254854,34435
ENSG00000254309,35978916,35979201,285
ENSG00000200972,210547498,210547611,113
ENSG00000269909,129462577,129463312,735
ENSG00000250131,178366133,178598280,232147
ENSG00000233888,203479576,203480252,676
ENSG00000258910,119591276,119592686,1410
ENSG00000231816,60238467,60254520,16053
ENSG00000220771,21602359,21602614,255
ENSG00000270936,210635689,210636356,667
ENSG00000252663,36124003,36124282,279
ENSG00000266005,101172512,101172782,270
ENSG00000255001,50249920,50250104,184
ENSG00000207221,82752506,82752640,134
ENSG00000248847,63355213,63355936,723
ENSG00000238328,101193931,101194019,88
ENSG00000253504,36135281,36136404,1123
ENSG00000268529,41640627,41643213,2586
ENSG00000230783,160545728,160546802,1074
ENSG00000259320,98665792,98674836,9044
ENSG00000235433,203480492,203481163,671
ENSG00000254518,50257750,50263827,6077
ENSG00000227259,101207612,101207786,174
ENSG00000224668,211032519,211035627,3108
ENSG00000254384,36136478,36137001,523
ENSG00000201931,178378265,178378382,117
ENSG00000253417,160358785,160365633,6848
ENSG00000265839,101217328,101217618,290
ENSG00000227055,160668745,160670520,1775
ENSG00000259041,98825304,98829136,3832
ENSG00000221499,178465631,178465718,87
ENSG00000248336,63376187,63376489,302
ENSG00000253685,36137009,36137214,205
ENSG00000186715,17081405,17096732,15327
ENSG00000265535,60440431,60440726,295
ENSG00000234988,101223490,101225820,2330
ENSG00000251416,178607827,178612222,4395
ENSG00000265085,63461095,63461180,85
ENSG00000252465,161253340,161253479,139
ENSG00000229332,60563087,60563648,561
ENSG00000253610,36165763,36165882,119
ENSG00000111331,113376157,113411054,34897
ENSG00000259507,99010069,99010641,572
ENSG00000221002,160657057,160657154,97
ENSG00000234233,211305930,211306716,786
ENSG00000180673,63682544,63684512,1968
ENSG00000246067,82783108,82817761,34653
ENSG00000263948,161264321,161264393,72
ENSG00000254840,50266852,50320877,54025
ENSG00000259094,119706882,119710559,3677
ENSG00000238242,60580547,60615351,34804
ENSG00000266403,129480522,129480612,90
ENSG00000259424,99190180,99190600,420
ENSG00000221930,129628939,129630562,1623
ENSG00000244372,161734058,161734359,301
ENSG00000272168,21665003,22214734,549731
ENSG00000250329,127445178,127446686,1508
ENSG00000223622,52670411,52678258,7847
ENSG00000234004,211346819,211347193,374
ENSG00000228487,129976314,129984186,7872
ENSG00000253403,161114353,161116414,2061
ENSG00000170777,6328349,6331900,3551
ENSG00000251504,178650792,178829090,178298
ENSG00000232337,161905117,161907057,1940
ENSG00000251055,63994029,64009599,15570
ENSG00000226476,61005921,61106163,100242
ENSG00000206982,128905535,128905636,101
ENSG00000264480,99327655,99327731,76
ENSG00000237542,203481423,203481935,512
ENSG00000224476,41675766,41676071,305
ENSG00000231442,64215832,64217190,1358
ENSG00000264833,119927398,119927691,293
ENSG00000238938,128934346,128934452,106
ENSG00000259621,99423888,99436764,12876
ENSG00000231252,61125303,61291256,165953
ENSG00000118990,161178454,161178774,320
ENSG00000224467,161952742,162016735,63993
ENSG00000226034,101276661,101277140,479
ENSG00000220110,128960333,128960798,465
ENSG00000159086,34106210,34144169,37959
ENSG00000257213,32624040,32627805,3765
ENSG00000250775,64334419,64359996,25577
ENSG00000227667,162949341,162949583,242
ENSG00000207290,127706792,127706905,113
ENSG00000259475,99497378,99646030,148652
ENSG00000229867,120001998,120006647,4649
ENSG00000248634,127999671,128078522,78851
ENSG00000183624,128997671,129025029,27358
ENSG00000206871,36167102,36167208,106
ENSG00000252104,65263412,65263505,93
ENSG00000252388,178752503,178752589,86
ENSG00000233134,203482007,203482350,343
ENSG00000254320,36178557,36178922,365
ENSG00000253000,179037875,179038015,140
ENSG00000235724,162079296,162111179,31883
ENSG00000234169,101286354,101292500,6146
ENSG00000229369,130062372,130063261,889
ENSG00000115204,27532360,27548547,16187
ENSG00000250768,65296627,65298933,2306
ENSG00000237928,61405911,61436448,30537
ENSG00000261054,99669037,99672011,2974
ENSG00000241877,179207849,179208439,590
ENSG00000226060,30142515,30171491,28976
ENSG00000232892,163131465,163182813,51348
ENSG00000223562,211355498,211356446,948
ENSG00000225103,32637805,32643664,5859
ENSG00000254173,161851384,161854351,2967
ENSG00000253363,36394909,36636682,241773
ENSG00000264423,41696852,41697134,282
ENSG00000250591,142468264,142471794,3530
ENSG00000264563,128433381,128433459,78
ENSG00000201727,179327849,179327984,135
ENSG00000214883,50368213,50381487,13274
ENSG00000267135,15722434,15722720,286
ENSG00000261616,99679522,99685575,6053
ENSG00000231013,120234024,120244922,10898
ENSG00000269652,41727331,41727956,625
ENSG00000212191,179607040,179607110,70
ENSG00000228488,101338683,101339344,661
ENSG00000226986,211380389,211381286,897
ENSG00000225755,163207004,163208987,1983
ENSG00000259921,99697436,99701345,3909
ENSG00000250839,179990591,179990748,157
ENSG00000202200,129082862,129082953,91
ENSG00000225067,15722467,15722934,467
ENSG00000239868,41792320,41792599,279
ENSG00000265691,128732755,128732840,85
ENSG00000206069,25331077,25342662,11585
ENSG00000244708,36438698,36439109,411
ENSG00000264771,99797744,99797875,131
ENSG00000250993,180310288,180386459,76171
ENSG00000251430,65472136,65472331,195
ENSG00000268987,41905277,41906270,993
ENSG00000232034,101439123,101463682,24559
ENSG00000271677,129679560,129680448,888
ENSG00000220884,129250140,129251133,993
ENSG00000259706,99797837,99800220,2383
ENSG00000251385,65473421,65474549,1128
ENSG00000268475,41931264,41932142,878
ENSG00000248921,180778006,180778734,728
ENSG00000221488,211384331,211384424,93
ENSG00000241221,203482418,203482710,292
ENSG00000249421,128795252,128796382,1130
ENSG00000201474,161904897,161904999,102
ENSG00000260948,111973668,111975690,2022
ENSG00000245526,87803363,87986858,183495
ENSG00000271833,130129049,130129676,627
ENSG00000233209,32602484,32612425,9941
ENSG00000199985,36621963,36622069,106
ENSG00000251025,181494617,181495180,563
ENSG00000254186,161985691,162050467,64776
ENSG00000227403,162101250,162105561,4311
ENSG00000233337,111980136,111980659,523
ENSG00000267107,41960074,42006559,46485
ENSG00000219491,36746000,36746825,825
ENSG00000230140,101589110,101593623,4513
ENSG00000230375,52712708,52735127,22419
ENSG00000266951,15724058,15725364,1306
ENSG00000153363,211556145,211605878,49733
ENSG00000232995,163214295,163291684,77389
ENSG00000254351,162188839,162189319,480
ENSG00000124440,46800303,46846690,46387
ENSG00000130700,61038553,61051026,12473
ENSG00000133063,203181955,203242769,60814
ENSG00000264637,51264009,51264094,85
ENSG00000265553,120328476,120328576,100
ENSG00000265211,50388118,50388209,91
ENSG00000243960,111981260,111983986,2726
ENSG00000201302,130210780,130210909,129
ENSG00000255078,51393464,51394433,969
ENSG00000263380,61549127,61549202,75
ENSG00000238188,129779697,129780299,602
ENSG00000222303,50392641,50392740,99
ENSG00000251680,128836054,129241610,405556
ENSG00000250061,162439271,162864332,425061
ENSG00000227454,203482706,203483604,898
ENSG00000200788,130233154,130233266,112
ENSG00000270742,61590405,61590874,469
ENSG00000249883,181652317,181680191,27874
ENSG00000226881,50648438,50648866,428
ENSG00000199890,111989420,111989530,110
ENSG00000264329,130452966,130453074,108
ENSG00000243503,36845495,36845930,435
ENSG00000255349,51425921,51426830,909
ENSG00000268034,42012068,42012814,746
ENSG00000200360,112032939,112033045,106
ENSG00000255503,82783444,82808238,24794
ENSG00000248197,181985242,182080302,95060
ENSG00000266637,12038198,12038263,65
ENSG00000265856,91800057,91800167,110
ENSG00000254038,36924959,36926936,1977
ENSG00000231346,112142277,112151345,9068
ENSG00000238190,50674114,50674548,434
ENSG00000255010,82817622,82818003,381
ENSG00000227547,51451070,51451982,912
ENSG00000258798,91884610,91887520,2910
ENSG00000255495,12051976,12053789,1813
ENSG00000225813,162138413,162139129,716
ENSG00000237853,61714617,61719182,4565
ENSG00000222515,22085773,22086147,374
ENSG00000269800,42027403,42028349,946
ENSG00000223947,101610138,101618706,8568
ENSG00000228659,130115564,130192120,76556
ENSG00000248770,182158511,182158717,206
ENSG00000260455,22135186,22147422,12236
ENSG00000174197,41913422,42062141,148719
ENSG00000254965,82822102,82822484,382
ENSG00000258446,91885793,91886095,302
ENSG00000254527,12063268,12063898,630
ENSG00000229326,120456199,120457733,1534
ENSG00000266070,130548112,130548202,90
ENSG00000221562,129310584,129310694,110
ENSG00000249460,182182314,182186182,3868
ENSG00000232320,162197325,162197837,512
ENSG00000219642,129478668,129480265,1597
ENSG00000253650,36952668,36952908,240
ENSG00000199455,129450102,129450203,101
ENSG00000219404,22213535,22214466,931
ENSG00000203811,149811110,149812765,1655
ENSG00000260095,2502582,2502978,396
ENSG00000230671,119321669,119321989,320
ENSG00000268295,92069517,92069777,260
ENSG00000227493,50773422,50774357,935
ENSG00000215867,112190913,112192166,1253
ENSG00000237215,12147580,12153689,6109
ENSG00000254464,51455830,51456700,870
ENSG00000225356,182443813,182444154,341
ENSG00000271532,101684840,101685118,278
ENSG00000233311,203483908,203484619,711
ENSG00000268355,42037566,42038534,968
ENSG00000253123,37188190,37189502,1312
ENSG00000221590,162206728,162206871,143
ENSG00000260874,2506253,2509980,3727
ENSG00000261568,22221010,22222624,1614
ENSG00000264551,62094703,62094793,90
ENSG00000186526,15726029,15741448,15419
ENSG00000255051,82843098,82845779,2681
ENSG00000237333,31697728,31720408,22680
ENSG00000248610,129475724,129477643,1919
ENSG00000271924,162266065,162266181,116
ENSG00000251336,182741172,182751126,9954
ENSG00000223920,62119866,62120580,714
ENSG00000163328,175296966,175351822,54856
ENSG00000260049,22260653,22318027,57374
ENSG00000258774,92070746,92071663,917
ENSG00000252535,12191153,12191202,49
ENSG00000225032,130578345,130584799,6454
ENSG00000224076,162279170,162280088,918
ENSG00000253746,37262957,37264242,1285
ENSG00000114670,130745694,131069309,323615
ENSG00000254623,12198935,12203285,4350
ENSG00000154608,119388745,119476483,87738
ENSG00000254769,51458685,51459614,929
ENSG00000223643,17177752,17179624,1872
ENSG00000270164,42041545,42043266,1721
ENSG00000271200,62207670,62208096,426
ENSG00000241198,130268062,130268364,302
ENSG00000228772,22589366,22594062,4696
ENSG00000237793,152927611,152928147,536
ENSG00000230926,50825664,50834074,8410
ENSG00000200575,62282091,62282194,103
ENSG00000259895,2514951,2518214,3263
ENSG00000256211,17142060,17142870,810
ENSG00000204427,31654726,31671221,16495
ENSG00000258962,92175455,92176961,1506
ENSG00000212360,62318171,62318274,103
ENSG00000201028,112193053,112193159,106
ENSG00000233358,22744624,23032009,287385
ENSG00000237756,163229640,163230449,809
ENSG00000260293,2526559,2527062,503
ENSG00000255560,51461564,51462160,596
ENSG00000251621,162280526,162285285,4759
ENSG00000230317,50838690,50914232,75542
ENSG00000236646,62504514,62504783,269
ENSG00000253161,37278859,37411701,132842
ENSG00000236809,211590367,211591276,909
ENSG00000215339,12213645,12216900,3255
ENSG00000265860,101710031,101710285,254
ENSG00000254676,82891186,82895562,4376
ENSG00000227811,112282463,112290420,7957
ENSG00000183558,149813505,149814478,973
ENSG00000266232,2581923,2582006,83
ENSG00000252740,163355655,163355726,71
ENSG00000218476,23102908,23103774,866
ENSG00000272902,101768122,101771872,3750
ENSG00000230239,17181902,17185779,3877
ENSG00000197077,25348697,25593415,244718
ENSG00000255312,51483325,51484243,918
ENSG00000226121,162357396,162364216,6820
ENSG00000261252,211608414,211608675,261
ENSG00000225122,163392195,163392954,759
ENSG00000212283,101889398,101889511,113
ENSG00000238137,211615616,211616148,532
ENSG00000222421,130594914,130595022,108
ENSG00000242860,62538120,62538411,291
ENSG00000232790,20875050,21062767,187717
ENSG00000206353,31917249,31927920,10671
ENSG00000230845,52737812,52744738,6926
ENSG00000263954,129613318,129613386,68
ENSG00000222296,130596230,130596321,91
ENSG00000147854,6413151,6507054,93903
ENSG00000263908,62544458,62544531,73
ENSG00000240761,203638443,203639083,640
ENSG00000238570,162415054,162415156,102
ENSG00000264857,101925912,101925996,84
ENSG00000223649,211665597,211666259,662
ENSG00000237610,51526871,51527800,929
ENSG00000234204,62654803,62655625,822
ENSG00000226946,162425012,162426695,1683
ENSG00000207394,23125209,23125315,106
ENSG00000200327,163438286,163438395,109
ENSG00000254432,61721294,61722165,871
ENSG00000105429,42829761,42882921,53160
ENSG00000252514,129722314,129722373,59
ENSG00000247137,82895533,82904836,9303
ENSG00000237217,64677230,64677658,428
ENSG00000200042,92181260,92181474,214
ENSG00000268027,42051554,42061832,10278
ENSG00000235743,23337939,23346788,8849
ENSG00000212527,163479274,163479385,111
ENSG00000235716,162436582,162437860,1278
ENSG00000226058,101992049,101992517,468
ENSG00000261314,211756357,211757067,710
ENSG00000260711,92223103,92226142,3039
ENSG00000263811,17185444,17185516,72
ENSG00000252554,129758020,129758125,105
ENSG00000228289,163738576,163738928,352
ENSG00000233579,203705054,203706504,1450
ENSG00000223863,64713487,64728038,14551
ENSG00000228792,211809248,211816209,6961
ENSG00000234088,62656194,62656598,404
ENSG00000271377,61818618,61819011,393
ENSG00000232558,112396384,112399527,3143
ENSG00000233351,129800760,129802555,1795
ENSG00000219453,23649724,23650002,278
ENSG00000249312,129865112,129865582,470
ENSG00000253046,162775292,162775376,84
ENSG00000222455,130603391,130603501,110
ENSG00000212538,163892907,163893109,202
ENSG00000232479,203789332,203790627,1295
ENSG00000187537,19983559,20020272,36713
ENSG00000090686,22004791,22110099,105308
ENSG00000228549,17197440,17200587,3147
ENSG00000259020,92492910,92493231,321
ENSG00000234732,162787709,162787976,267
ENSG00000260101,64749321,64751227,1906
ENSG00000056998,2746829,2800859,54030
ENSG00000227764,211813037,211827923,14886
ENSG00000225719,164312242,164313101,859
ENSG00000254777,61822612,61879116,56504
ENSG00000108306,37415384,37558776,143392
ENSG00000237556,112451958,112453553,1595
ENSG00000226149,129847771,129873732,25961
ENSG00000105655,18545198,18549111,3913
ENSG00000257524,130630143,130649066,18923
ENSG00000203812,149822643,149823191,548
ENSG00000172352,26191376,26194166,2790
ENSG00000248769,68949075,68950161,1086
ENSG00000218512,23856926,23857046,120
ENSG00000230918,162929766,162931679,1913
ENSG00000237650,130338102,130338978,876
ENSG00000270664,203859917,203860126,209
ENSG00000237926,50905696,50906509,813
ENSG00000223826,102095852,102103284,7432
ENSG00000271147,101854440,101969599,115159
ENSG00000239736,42106090,42112339,6249
ENSG00000249449,162466297,162466605,308
ENSG00000229151,51099796,51139314,39518
ENSG00000186973,43610824,43622067,11243
ENSG00000252414,64806026,64806131,105
ENSG00000232994,203904831,203905622,791
ENSG00000231445,162933867,162934161,294
ENSG00000185903,130458372,130459224,852
ENSG00000220748,23972107,23973169,1062
ENSG00000227028,40013593,40482349,468756
ENSG00000249418,129934041,129934472,431
ENSG00000222080,211826798,211826891,93
ENSG00000224674,162944769,162946582,1813
ENSG00000202059,203917008,203917141,133
ENSG00000226530,51139363,51208513,69150
ENSG00000233694,64834109,64843616,9507
ENSG00000130656,202686,204502,1816
ENSG00000211996,130068882,130068964,82
ENSG00000236686,172143640,172144879,1239
ENSG00000237227,62673808,62674114,306
ENSG00000224763,211833531,211834619,1088
ENSG00000228513,203926037,203927126,1089
ENSG00000223889,62854127,62854487,360
ENSG00000199849,164320510,164320625,115
ENSG00000218689,130077443,130078257,814
ENSG00000233397,162949939,162951364,1425
ENSG00000229082,130475421,130476426,1005
ENSG00000224611,172240018,172240234,216
ENSG00000219582,24002052,24002658,606
ENSG00000237549,102125992,102126684,692
ENSG00000213070,164326004,164326601,597
ENSG00000238142,17215033,17216144,1111
ENSG00000234766,51244942,51253857,8915
ENSG00000227305,62854166,62882424,28258
ENSG00000239653,63989698,63997824,8126
ENSG00000253388,37337607,37338327,720
ENSG00000231437,112532392,112541464,9072
ENSG00000244192,130325590,130326121,531
ENSG00000236841,163016272,163029426,13154
ENSG00000154217,65373575,65693372,319797
ENSG00000225124,203939408,203939865,457
ENSG00000251830,24166501,24166602,101
ENSG00000200174,62677229,62677338,109
ENSG00000013275,40476912,40487348,10436
ENSG00000242610,130532028,130532946,918
ENSG00000271843,63993758,63994368,610
ENSG00000202050,24365879,24365982,103
ENSG00000204196,204055503,204056000,497
ENSG00000234387,62854655,62855817,1162
ENSG00000201153,62763821,62763928,107
ENSG00000232556,102137296,102138438,1142
ENSG00000253414,37373928,37374539,611
ENSG00000231057,211849104,211863445,14341
ENSG00000244335,152931681,152931970,289
ENSG00000178826,142977050,142985141,8091
ENSG00000235241,17215590,17216097,507
ENSG00000269266,42111696,42112026,330
ENSG00000270549,62996307,62996544,237
ENSG00000218186,24598240,24600018,1778
ENSG00000212312,163353446,163353561,115
ENSG00000243410,63997640,64001922,4282
ENSG00000207082,164608802,164608908,106
ENSG00000232725,153001080,153031933,30853
ENSG00000011426,36429415,36493400,63985
ENSG00000213703,63106793,63107338,545
ENSG00000164520,150204511,150219238,14727
ENSG00000207005,17222475,17222638,163
ENSG00000269887,164649322,164650036,714
ENSG00000219666,130104914,130105190,276
ENSG00000237750,163625446,163654482,29036
ENSG00000272345,24701135,24702021,886
ENSG00000272181,64005184,64005601,417
ENSG00000250405,130329946,130331857,1911
ENSG00000216047,130538484,130538576,92
ENSG00000234467,62858424,62859335,911
ENSG00000149948,66217911,66360075,142164
ENSG00000243236,52804524,52822319,17795
ENSG00000272402,24706975,24707379,404
ENSG00000263979,130631694,130631774,80
ENSG00000272426,17230834,17231271,437
ENSG00000268997,42144937,42145267,330
ENSG00000254111,37417884,37422884,5000
ENSG00000241111,64053640,64088807,35167
ENSG00000069956,52244303,52358462,114159
ENSG00000198237,69171098,69274436,103338
ENSG00000255397,61850264,61852430,2166
ENSG00000233693,164738353,164743878,5525
ENSG00000203852,149824181,149825836,1655
ENSG00000227426,62861763,62862649,886
ENSG00000226526,17305421,17331586,26165
ENSG00000226925,102789081,102798568,9487
ENSG00000224164,24742530,24752149,9619
ENSG00000264041,204124327,204124618,291
ENSG00000235545,63154153,63176365,22212
ENSG00000226868,211889270,211898744,9474
ENSG00000259228,99824830,99825781,951
ENSG00000238285,204180113,204180594,481
ENSG00000231246,112719856,112903150,183294
ENSG00000200222,64057484,64057695,211
ENSG00000269354,42146027,42146970,943
ENSG00000224368,62865220,62865778,558
ENSG00000218725,130122053,130123359,1306
ENSG00000252180,17484692,17484779,87
ENSG00000234288,130558273,130559188,915
ENSG00000248955,130344276,130344435,159
ENSG00000189196,64064037,64073039,9002
ENSG00000271917,164797673,164799189,1516
ENSG00000241395,211965455,211965748,293
ENSG00000184844,153106706,153107020,314
ENSG00000256458,204193182,204193949,767
ENSG00000239111,112738124,112738228,104
ENSG00000234318,63361680,63367310,5630
ENSG00000204362,17516278,17524112,7834
ENSG00000160959,145743376,145750557,7181
ENSG00000212205,211976359,211976446,87
ENSG00000201987,164823468,164823569,101
ENSG00000171872,44584522,44600812,16290
ENSG00000218806,24750899,24751853,954
ENSG00000197990,62910197,62917065,6868
ENSG00000234388,112905903,112906203,300
ENSG00000205716,102866317,102866715,398
ENSG00000254290,37454998,37457376,2378
ENSG00000237163,63370851,63371153,302
ENSG00000225487,164890555,164890866,311
ENSG00000259257,99878062,99878686,624
ENSG00000229258,212003188,212027045,23857
ENSG00000230282,164008761,164009817,1056
ENSG00000233459,204499300,204500739,1439
ENSG00000252106,52843956,52844053,97
ENSG00000241572,64084949,64086798,1849
ENSG00000251515,39571580,39572741,1161
ENSG00000266634,17604384,17604470,86
ENSG00000227218,130696782,130703231,6449
ENSG00000268582,42156601,42156888,287
ENSG00000202198,52860418,52860748,330
ENSG00000229537,63466168,63478142,11974
ENSG00000227888,12219527,12268510,48983
ENSG00000233031,204536898,204537146,248
ENSG00000261976,48917418,48918987,1569
ENSG00000259590,99935384,99936798,1414
ENSG00000242865,52955759,52956056,297
ENSG00000255543,55034884,55035112,228
ENSG00000239642,131142816,131281391,138575
ENSG00000224791,204629018,204630316,1298
ENSG00000261745,52990445,52990944,499
ENSG00000259760,99936818,99941520,4702
ENSG00000250492,39719086,39721615,2529
ENSG00000241101,64089146,64091732,2586
ENSG00000206280,33211032,33214569,3537
ENSG00000238761,112913626,112913729,103
ENSG00000263391,24840195,24840293,98
ENSG00000200902,164145505,164145606,101
ENSG00000243521,48925311,48926631,1320
ENSG00000254802,61878361,61880334,1973
ENSG00000268833,42261806,42290801,28995
ENSG00000230973,130571029,130571644,615
ENSG00000259341,99967214,99971233,4019
ENSG00000273483,113060421,113061063,642
ENSG00000217083,24948108,24948572,464
ENSG00000237844,164606083,165208733,602650
ENSG00000211573,204629430,204629521,91
ENSG00000230132,62940976,62941367,391
ENSG00000256049,17698691,17728195,29504
ENSG00000239926,64160077,64160823,746
ENSG00000213925,204637354,204638225,871
ENSG00000241562,100091587,100092322,735
ENSG00000255283,55046923,55052999,6076
ENSG00000201270,164949272,164949374,102
ENSG00000269119,42333746,42334992,1246
ENSG00000233626,212109591,212109976,385
ENSG00000235299,113168528,113168846,318
ENSG00000251930,53012606,53012727,121
ENSG00000227485,63489878,63491329,1451
ENSG00000212086,164953139,164953229,90
ENSG00000206970,204646760,204646866,106
ENSG00000136856,130159421,130170703,11282
ENSG00000226847,165070049,165070924,875
ENSG00000214975,24976647,24977210,563
ENSG00000253026,53018593,53018696,103
ENSG00000252359,165041710,165041781,71
ENSG00000213881,62114909,62115779,870
ENSG00000201724,100221991,100222082,91
ENSG00000108821,48260650,48278993,18343
ENSG00000229225,63543752,63544702,950
ENSG00000235951,204930429,204932086,1657
ENSG00000252750,113177341,113177406,65
ENSG00000219074,53061518,53061957,439
ENSG00000221691,100291924,100292010,86
ENSG00000224702,165179864,165182327,2463
ENSG00000196610,32652598,32660056,7458
ENSG00000164740,62956177,62962914,6737
ENSG00000248651,39888678,39889161,483
ENSG00000238975,113195210,113195310,100
ENSG00000206177,203891,216767,12876
ENSG00000151849,25457171,25497018,39847
ENSG00000229641,165178443,165178733,290
ENSG00000203605,63604921,63628824,23903
ENSG00000226756,64871746,64873832,2086
ENSG00000212187,212198903,212199024,121
ENSG00000225075,113236310,113239243,2933
ENSG00000254222,62177183,62204598,27415
ENSG00000211938,106518400,106518932,532
ENSG00000226017,64173220,64186641,13421
ENSG00000251846,153121158,153121222,64
ENSG00000265349,9542085,9548642,6557
ENSG00000220749,212224829,212225371,542
ENSG00000254423,12231875,12233055,1180
ENSG00000267839,42337740,42340005,2265
ENSG00000255110,55047425,55047765,340
ENSG00000272053,25015180,25042398,27218
ENSG00000271593,63624754,63628307,3553
ENSG00000261595,113258294,113260418,2124
ENSG00000182397,100330361,100347132,16771
ENSG00000253711,62212723,62213628,905
ENSG00000153208,112656056,112787138,131082
ENSG00000229980,48944040,48987098,43058
ENSG00000228645,62969681,62970543,862
ENSG00000262296,9550337,9550977,640
ENSG00000264074,165280035,165280116,81
ENSG00000218713,53071396,53073495,2099
ENSG00000251742,182756018,182756261,243
ENSG00000254696,55049978,55050453,475
ENSG00000250048,40052393,40053426,1033
ENSG00000255556,12236188,12237774,1586
ENSG00000269939,82896563,82898078,1515
ENSG00000243993,64430158,64431152,994
ENSG00000268041,42412671,42414249,1578
ENSG00000238022,165185217,165188341,3124
ENSG00000234790,113290717,113291097,380
ENSG00000234714,204955180,204974572,19392
ENSG00000220517,25023475,25024711,1236
ENSG00000227791,64892741,64893198,457
ENSG00000265593,9756065,9756623,558
ENSG00000252259,63652007,63652121,114
ENSG00000235802,153234776,153235538,762
ENSG00000224331,165543797,165544106,309
ENSG00000261731,31720434,31723305,2871
ENSG00000219302,130140782,130141315,533
ENSG00000236785,103027703,103028568,865
ENSG00000221486,9974207,9974321,114
ENSG00000211939,106539079,106539577,498
ENSG00000264358,212250955,212251027,72
ENSG00000242296,12250718,12257875,7157
ENSG00000182217,149825607,149832714,7107
ENSG00000255541,82920441,82920676,235
ENSG00000224209,63655660,63782902,127242
ENSG00000251158,69194694,69199025,4331
ENSG00000259810,31799523,31802314,2791
ENSG00000252879,212272863,212273018,155
ENSG00000227678,130454555,130465515,10960
ENSG00000264764,103048749,103048826,77
ENSG00000166007,55059359,55065746,6387
ENSG00000100053,25595817,25603330,7513
ENSG00000254285,62490779,62492230,1451
ENSG00000249668,40066753,40067302,549
ENSG00000237271,205092860,205099708,6848
ENSG00000206908,53084059,53084222,163
ENSG00000270074,12270336,12271882,1546
ENSG00000229983,212341549,212363601,22052
ENSG00000144119,119913819,119916465,2646
ENSG00000236525,103050417,103051800,1383
ENSG00000214660,63016976,63022966,5990
ENSG00000219163,53100419,53101095,676
ENSG00000177822,182795591,183066402,270811
ENSG00000254551,82920473,82924421,3948
ENSG00000244618,25031243,25031510,267
ENSG00000236681,205171565,205172087,522
ENSG00000251402,12272589,12275599,3010
ENSG00000253082,65003238,65003321,83
ENSG00000266556,130755410,130755498,88
ENSG00000260722,31812906,31813818,912
ENSG00000234389,103055173,103056935,1762
ENSG00000159210,47006678,47022479,15801
ENSG00000268525,42582740,42584259,1519
ENSG00000265176,153246548,153246628,80
ENSG00000226251,212398620,212412319,13699
ENSG00000264056,53141791,53141869,78
ENSG00000230848,130801414,130819641,18227
ENSG00000229313,25042067,25056892,14825
ENSG00000239891,65044512,65044808,296
ENSG00000215866,113362792,113393265,30473
ENSG00000202438,130895141,130895257,116
ENSG00000236757,103489798,103512180,22382
ENSG00000250585,40260759,40267759,7000
ENSG00000250959,75490320,75497069,6749
ENSG00000217527,53201741,53202144,403
ENSG00000222898,62544239,62544571,332
ENSG00000199964,65061190,65061291,101
ENSG00000229923,131018457,131018923,466
ENSG00000223623,25053855,25057301,3446
ENSG00000225304,205243818,205244515,697
ENSG00000237463,165446078,165551392,105314
ENSG00000264408,62627347,62627418,71
ENSG00000261457,31814268,31819294,5026
ENSG00000249230,69281031,69281328,297
ENSG00000254887,42636707,42641251,4544
ENSG00000230663,19664680,19691634,26954
ENSG00000261372,92511119,92516990,5871
ENSG00000223566,63028121,63045453,17332
ENSG00000206530,113005777,113160457,154680
ENSG00000231514,28772667,28773306,639
ENSG00000211524,153285371,153285440,69
ENSG00000224095,103583866,103600887,17021
ENSG00000199361,40269660,40269821,161
ENSG00000234572,65073264,65090760,17496
ENSG00000266704,120593238,120593303,65
ENSG00000218857,131505465,131506626,1161
ENSG00000228734,63715591,63717442,1851
ENSG00000235857,59001391,59001635,244
ENSG00000265615,40320420,40320517,97
ENSG00000230372,25061853,25063735,1882
ENSG00000263421,3877292,3877371,79
ENSG00000251127,62671653,62678528,6875
ENSG00000250794,12278541,12282509,3968
ENSG00000252315,19669744,19669856,112
ENSG00000199552,40655065,40655196,131
ENSG00000236634,205334799,205338560,3761
ENSG00000230593,3913623,3914120,497
ENSG00000234758,131280101,131303913,23812
ENSG00000223683,63727784,63728378,594
ENSG00000263913,120609843,120609930,87
ENSG00000212567,40790179,40790306,127
ENSG00000271367,53214956,53215503,547
ENSG00000230063,212470790,212472921,2131
ENSG00000259634,92524896,92525877,981
ENSG00000230536,130853248,130856736,3488
ENSG00000212296,40832758,40832837,79
ENSG00000252012,19671654,19671769,115
ENSG00000237843,205340079,205372395,32316
ENSG00000206869,165544153,165544287,134
ENSG00000219863,53219486,53219863,377
ENSG00000202146,54492975,54493086,111
ENSG00000224167,113392650,113420493,27843
ENSG00000231830,153562310,153563387,1077
ENSG00000250114,162843531,162843737,206
ENSG00000253098,40911169,40911230,61
ENSG00000164163,146019084,146050331,31247
ENSG00000223890,206118028,206118227,199
ENSG00000206976,3943797,3943933,136
ENSG00000234915,212472837,212505055,32218
ENSG00000233255,165697259,165705844,8585
ENSG00000250742,54519882,54526627,6745
ENSG00000248120,40967607,40967865,258
ENSG00000265577,69370673,69370944,271
ENSG00000255232,3982507,3982768,261
ENSG00000171115,150147718,150176480,28762
ENSG00000235316,75491582,75493396,1814
ENSG00000251018,162910071,162921064,10993
ENSG00000227680,103603781,103605023,1242
ENSG00000225216,206621193,206628730,7537
ENSG00000199508,165714942,165715056,114
ENSG00000225338,212482393,212482860,467
ENSG00000251478,41585984,41587889,1905
ENSG00000228040,113433389,113433544,155
ENSG00000255857,120639094,120650941,11847
ENSG00000266226,42637597,42637665,68
ENSG00000179978,69390202,69424261,34059
ENSG00000223318,165752187,165752287,100
ENSG00000270050,101854585,101914640,60055
ENSG00000174407,61147660,61167971,20311
ENSG00000179988,124713897,124757029,43132
ENSG00000269988,130870860,130871604,744
ENSG00000255141,3994111,3995467,1356
ENSG00000238368,120674894,120675000,106
ENSG00000260470,54538853,54541009,2156
ENSG00000252356,42648206,42648277,71
ENSG00000266487,63071823,63072082,259
ENSG00000236283,165848494,165947803,99309
ENSG00000201544,212526158,212526292,134
ENSG00000233741,120750775,120751187,412
ENSG00000223548,131339285,131342715,3430
ENSG00000254119,62697606,62856739,159133
ENSG00000197838,41594377,41602100,7723
ENSG00000265214,63081468,63081547,79
ENSG00000227211,101870401,101870748,347
ENSG00000259436,42656721,42661675,4954
ENSG00000257534,54555849,54558236,2387
ENSG00000229832,212530760,212531695,935
ENSG00000230798,63786555,63790112,3557
ENSG00000180672,206642540,206644433,1893
ENSG00000229020,113466045,113466959,914
ENSG00000218049,53233468,53233807,339
ENSG00000224012,163136216,163136520,304
ENSG00000254075,22415489,22415950,461
ENSG00000264047,166005705,166005983,278
ENSG00000224535,212640158,212641085,927
ENSG00000168405,25081548,25166793,85245
ENSG00000254161,22424636,22425118,482
ENSG00000224850,103628237,103636356,8119
ENSG00000204049,79626633,79629368,2735
ENSG00000244752,25615489,25627836,12347
ENSG00000218261,53243301,53243659,358
ENSG00000234771,130873450,130881013,7563
ENSG00000233204,166141763,166142558,795
ENSG00000224789,120932461,120974120,41659
ENSG00000271338,53246317,53247001,684
ENSG00000265826,12280513,12280578,65
ENSG00000265122,42697230,42697281,51
ENSG00000248576,54556923,54562379,5456
ENSG00000228067,212719036,212729407,10371
ENSG00000231585,131347141,131348892,1751
ENSG00000201875,206765354,206765682,328
ENSG00000252294,101933635,101933741,106
ENSG00000230748,165466961,165467585,624
ENSG00000253242,22429777,22430077,300
ENSG00000251998,163223071,163223171,100
ENSG00000226419,113499037,113542118,43081
ENSG00000213739,206813815,206814869,1054
ENSG00000255549,12305522,12368787,63265
ENSG00000251003,106792474,107072752,280278
ENSG00000229209,103726217,103792718,66501
ENSG00000117395,43629846,43736607,106761
ENSG00000271679,163314512,163314833,321
ENSG00000161572,34261522,34270703,9181
ENSG00000235653,40156250,40157138,888
ENSG00000224555,4010387,4010693,306
ENSG00000219776,131790199,131790676,477
ENSG00000253010,53280092,53280405,313
ENSG00000235192,166651361,166666520,15159
ENSG00000237638,65128974,65132271,3297
ENSG00000206299,32718320,32735268,16948
ENSG00000253752,22434180,22434673,493
ENSG00000202046,120949821,120949933,112
ENSG00000237783,165550850,165551713,863
ENSG00000271373,53283250,53283535,285
ENSG00000213904,42901280,43156507,255227
ENSG00000252784,63803934,63804043,109
ENSG00000236878,120968630,120969291,661
ENSG00000253067,131415759,131415826,67
ENSG00000229195,166651367,166702601,51234
ENSG00000137875,52401460,52404972,3512
ENSG00000260805,212731175,212733073,1898
ENSG00000184678,149856010,149858232,2222
ENSG00000244534,65133999,65134272,273
ENSG00000227623,103892362,103892596,234
ENSG00000253823,22440972,22441521,549
ENSG00000236674,63825494,63826850,1356
ENSG00000234163,33312296,33312575,279
ENSG00000233128,40973627,40994592,20965
ENSG00000261677,17631958,17659376,27418
ENSG00000221234,166670725,166670864,139
ENSG00000238696,65135721,65135820,99
ENSG00000225610,206854309,206865582,11273
ENSG00000230320,101960712,101961168,456
ENSG00000236206,165567700,165592568,24868
ENSG00000188536,222846,223709,863
ENSG00000212065,53321245,53321330,85
ENSG00000227394,65187187,65187768,581
ENSG00000232411,166689558,166695608,6050
ENSG00000240385,4040178,4040348,170
ENSG00000253331,163546104,163661103,114999
ENSG00000227616,131483184,131485252,2068
ENSG00000225741,22457629,22459267,1638
ENSG00000264590,212789050,212789295,245
ENSG00000176294,20187174,20296531,109357
ENSG00000249379,53367983,53371717,3734
ENSG00000248668,41870132,41871059,927
ENSG00000252485,206872604,206872698,94
ENSG00000236066,113550876,113589677,38801
ENSG00000235862,212797626,212800113,2487
ENSG00000206990,165631822,165631924,102
ENSG00000272214,121407641,121410095,2454
ENSG00000207581,131007000,131007109,109
ENSG00000227788,120969303,120970438,1135
ENSG00000270154,12333971,12334631,660
ENSG00000146856,134671259,134832715,161456
ENSG00000182502,22469236,22472374,3138
ENSG00000253492,69428506,69428800,294
ENSG00000207386,206890317,206890421,104
ENSG00000207165,153628622,153628756,134
ENSG00000255276,4158346,4159487,1141
ENSG00000253526,106838798,106846266,7468
ENSG00000184731,38814,46870,8056
ENSG00000230175,165640493,165640962,469
ENSG00000260533,144915764,144923144,7380
ENSG00000259655,100331332,100333052,1720
ENSG00000154928,134316643,134979309,662666
ENSG00000264823,131007226,131007309,83
ENSG00000252892,65221880,65221994,114
ENSG00000224109,51360961,51361446,485
ENSG00000264271,63995288,63995569,281
ENSG00000237041,206905156,206905569,413
ENSG00000197180,153656537,153656795,258
ENSG00000253538,163636637,163638898,2261
ENSG00000224490,166790367,166806401,16034
ENSG00000227751,17733256,17733878,622
ENSG00000112339,135281516,135424194,142678
ENSG00000238198,113554309,113615727,61418
ENSG00000088827,3667617,3687775,20158
ENSG00000231548,4167512,4168525,1013
ENSG00000251720,64002382,64002441,59
ENSG00000226036,212820638,212821097,459
ENSG00000232613,65257861,65264631,6770
ENSG00000264783,153722476,153722545,69
ENSG00000115107,119981384,120023228,41844
ENSG00000227997,51425000,51425485,485
ENSG00000237442,41370920,41384695,13775
ENSG00000201627,106941354,106941466,112
ENSG00000223546,102024089,102140334,116245
ENSG00000233286,120970511,120970851,340
ENSG00000237278,113667943,113669505,1562
ENSG00000244256,64121414,64121716,302
ENSG00000236596,104110699,104112300,1601
ENSG00000264484,153724167,153724463,296
ENSG00000266727,17740127,17740190,63
ENSG00000254480,4208370,4223885,15515
ENSG00000213708,107227991,107229446,1455
ENSG00000223591,51453887,51455227,1340
ENSG00000131435,131593364,131609147,15783
ENSG00000177452,64254392,64254975,583
ENSG00000264631,153724534,153724819,285
ENSG00000234839,20883246,20883580,334
ENSG00000239020,17776259,17776359,100
ENSG00000182652,20215587,20216528,941
ENSG00000265319,33323585,33323852,267
ENSG00000231683,53426087,53481969,55882
ENSG00000252560,131963958,131964106,148
ENSG00000261773,153746164,153746955,791
ENSG00000254701,69435402,69503572,68170
ENSG00000225272,165645547,165646018,471
ENSG00000236648,18044182,18076473,32291
ENSG00000221297,131019986,131020068,82
ENSG00000237980,212827341,212838776,11435
ENSG00000231342,153809189,153810261,1072
ENSG00000216917,132101861,132102452,591
ENSG00000227946,206949329,206951288,1959
ENSG00000236576,51600064,51601162,1098
ENSG00000243633,21255159,21255449,290
ENSG00000272960,131067440,131067794,354
ENSG00000261781,18392151,18400906,8755
ENSG00000240281,41895170,41895701,531
ENSG00000228056,64308862,64309356,494
ENSG00000254021,107277663,107280969,3306
ENSG00000232155,153834111,153834203,92
ENSG00000273281,131068269,131068629,360
ENSG00000180663,31819247,31820165,918
ENSG00000176299,20248401,20249516,1115
ENSG00000225308,21259832,21261047,1215
ENSG00000207491,212865606,212865709,103
ENSG00000215838,165667987,165679205,11218
ENSG00000213338,153850679,153851751,1072
ENSG00000238191,19733139,19737712,4573
ENSG00000255387,4231584,4233321,1737
ENSG00000230035,18493423,18505840,12417
ENSG00000252377,51613802,51613905,103
ENSG00000236905,212997369,212997847,478
ENSG00000235775,131499296,131499458,162
ENSG00000272696,131078616,131079188,572
ENSG00000254615,107282372,107285127,2755
ENSG00000148606,79734907,79789303,54396
ENSG00000159388,203274619,203278730,4111
ENSG00000228827,51646434,51646946,512
ENSG00000224015,131514927,131516821,1894
ENSG00000132780,46049518,46084566,35048
ENSG00000236118,22509975,22510335,360
ENSG00000231955,206980271,206987047,6776
ENSG00000224882,153868251,153876549,8298
ENSG00000233839,113711616,113712025,409
ENSG00000225387,18712323,18715008,2685
ENSG00000261284,31874954,31876197,1243
ENSG00000237565,4254516,4255099,583
ENSG00000241956,163723702,164598649,874947
ENSG00000165762,20344391,20345468,1077
ENSG00000233720,22511775,22512024,249
ENSG00000179144,150211918,150218161,6243
ENSG00000221849,104144078,104145719,1641
ENSG00000221372,41823526,41823632,106
ENSG00000235282,18839612,18839881,269
ENSG00000237580,206980834,206981224,390
ENSG00000266807,132113312,132113371,59
ENSG00000272025,65385796,65385994,198
ENSG00000255194,4263286,4263871,585
ENSG00000252281,41961517,41961596,79
ENSG00000227710,22522682,22523027,345
ENSG00000241588,100331397,100331649,252
ENSG00000184260,149858525,149858961,436
ENSG00000223551,131104432,131105049,617
ENSG00000207190,64494566,64494672,106
ENSG00000219532,132140943,132141231,288
ENSG00000273365,165675793,165676521,728
ENSG00000172974,65432137,65433396,1259
ENSG00000236107,166813909,167158294,344385
ENSG00000236090,42046887,42047894,1007
ENSG00000253582,107532702,107669776,137074
ENSG00000221511,100332502,100332584,82
ENSG00000200508,64532312,64532413,101
ENSG00000221714,12384247,12384350,103
ENSG00000224358,165738166,165744413,6247
ENSG00000207047,207026602,207026681,79
ENSG00000224465,22525369,22525942,573
ENSG00000206279,33215186,33225897,10711
ENSG00000176281,20388741,20389818,1077
ENSG00000198468,213025450,213031430,5980
ENSG00000254744,100510420,100514215,3795
ENSG00000239694,41951415,41952295,880
ENSG00000242607,12427859,12428639,780
ENSG00000252038,19734941,19735035,94
ENSG00000178028,44679127,44686353,7226
ENSG00000223949,64560125,64636980,76855
ENSG00000237714,131520569,131528501,7932
ENSG00000253676,107709655,107710241,586
ENSG00000207406,207026952,207027083,131
ENSG00000236175,4299935,4300422,487
ENSG00000253834,62734040,62737811,3771
ENSG00000100068,25747385,25801344,53959
ENSG00000230659,165788590,165789024,434
ENSG00000254308,22533618,22533867,249
ENSG00000222496,207086039,207086358,319
ENSG00000260045,17686124,17757913,71789
ENSG00000236887,113741447,113741880,433
ENSG00000231723,104240088,104240288,200
ENSG00000238460,12435514,12435661,147
ENSG00000133321,63304281,63313934,9653
ENSG00000254120,62802398,62806765,4367
ENSG00000253637,22536972,22537275,303
ENSG00000195024,21420981,21421124,143
ENSG00000159186,207100960,207101595,635
ENSG00000186223,4308732,4309313,581
ENSG00000225478,18921908,18922130,222
ENSG00000251892,107742023,107742084,61
ENSG00000155249,20403767,20404842,1075
ENSG00000255122,12437796,12438572,776
ENSG00000184270,149859019,149859466,447
ENSG00000200895,132141474,132141793,319
ENSG00000167046,61272071,61274656,2585
ENSG00000272593,131153740,131154295,555
ENSG00000232693,65600834,65607819,6985
ENSG00000254146,108185428,108186037,609
ENSG00000235182,213026622,213026768,146
ENSG00000229949,21440538,21441231,693
ENSG00000226141,153882820,153883599,779
ENSG00000236364,165865116,165869920,4804
ENSG00000236533,42077343,42077741,398
ENSG00000186232,4351095,4351679,584
ENSG00000237115,132147121,132149553,2432
ENSG00000224431,131535149,131539180,4031
ENSG00000197446,41620337,41634271,13934
ENSG00000238813,166980004,166980107,103
ENSG00000236323,22540331,22541009,678
ENSG00000224070,207124352,207124642,290
ENSG00000236317,213028517,213028708,191
ENSG00000271527,165910472,165911006,534
ENSG00000211995,108266635,108266726,91
ENSG00000222376,167037162,167037476,314
ENSG00000238653,64850081,64850142,61
ENSG00000253544,62822543,62823361,818
ENSG00000111271,112123857,112194903,71046
ENSG00000169488,20443603,20444818,1215
ENSG00000238662,167215240,167215343,103
ENSG00000251007,69510769,69511950,1181
ENSG00000264470,65045530,65045606,76
ENSG00000248838,108659507,108660260,753
ENSG00000244289,12485985,12486765,780
ENSG00000252716,207124790,207124938,148
ENSG00000259219,100516686,100520979,4293
ENSG00000253126,22552960,22553411,451
ENSG00000236673,132223103,132241705,18602
ENSG00000229542,4359893,4360475,582
ENSG00000225182,167746012,167746394,382
ENSG00000180105,207274811,207275633,822
ENSG00000238323,12493613,12493761,148
ENSG00000237619,153887064,153887956,892
ENSG00000265606,19209696,19209769,73
ENSG00000253935,22574039,22574525,486
ENSG00000226292,165991452,165992264,812
ENSG00000235899,53493178,53496192,3014
ENSG00000234784,65384126,65384366,240
ENSG00000223501,33218049,33239824,21775
ENSG00000206948,153996803,153996934,131
ENSG00000139278,75874460,75897633,23173
ENSG00000207955,131154291,131155789,1498
ENSG00000234491,207284016,207284962,946
ENSG00000252957,100614286,100614395,109
ENSG00000253816,69515745,69580686,64941
ENSG00000199487,41963970,41964071,101
ENSG00000228050,22577580,22578959,1379
ENSG00000221662,19223565,19223642,77
ENSG00000232499,113992322,113993350,1028
ENSG00000228646,213602051,213602420,369
ENSG00000196383,20470322,20471265,943
ENSG00000207218,42084411,42084512,101
ENSG00000259356,100666311,100669948,3637
ENSG00000227220,132272086,132398533,126447
ENSG00000175800,4399512,4400457,945
ENSG00000272084,19398604,19402005,3401
ENSG00000253789,63023083,63032457,9374
ENSG00000227885,53605547,53611820,6273
ENSG00000226401,63092986,63096995,4009
ENSG00000234726,22583115,22584865,1750
ENSG00000225233,213665644,213719790,54146
ENSG00000249266,41967241,41968468,1227
ENSG00000200806,108896722,108896839,117
ENSG00000122176,203309756,203320617,10861
ENSG00000266098,19410046,19410145,99
ENSG00000272216,22638312,22641586,3274
ENSG00000228614,53655673,53659072,3399
ENSG00000169484,20482419,20483352,933
ENSG00000207341,166011481,166011587,106
ENSG00000236166,132406224,132420419,14195
ENSG00000137204,43263432,43273276,9844
ENSG00000221026,213783039,213783183,144
ENSG00000255046,11655437,11660077,4640
ENSG00000253228,108995344,108996193,849
ENSG00000230424,19536995,19567198,30203
ENSG00000164066,128544426,128647892,103466
ENSG00000226411,63159768,63160819,1051
ENSG00000203307,166050420,166056720,6300
ENSG00000234630,22648098,22649159,1061
ENSG00000238256,114119379,114119521,142
ENSG00000228255,213904759,213967930,63171
ENSG00000271218,53783772,53785586,1814
ENSG00000228577,207471221,207474536,3315
ENSG00000270728,19623574,19624397,823
ENSG00000233877,65407662,65408048,386
ENSG00000099954,17840837,18037850,197013
ENSG00000265669,132436332,132436403,71
ENSG00000230898,166117019,166134332,17313
ENSG00000206693,154003273,154003401,128
ENSG00000271466,63228635,63231425,2790
ENSG00000176253,20502003,20502919,916
ENSG00000262049,79668354,79670330,1976
ENSG00000254552,167980414,167997465,17051
ENSG00000237272,4439290,4440193,903
ENSG00000236850,22657589,22677203,19614
ENSG00000231653,207504797,207506006,1209
ENSG00000236740,53794820,53862465,67645
ENSG00000266862,21461887,21461986,99
ENSG00000229237,154045374,154045676,302
ENSG00000262831,79801041,79801834,793
ENSG00000215952,166123980,166124035,55
ENSG00000178096,149859440,149872351,12911
ENSG00000230948,109143328,109144342,1014
ENSG00000232450,114241506,114242253,747
ENSG00000221783,21510676,21510764,88
ENSG00000200403,19631570,19631676,106
ENSG00000223245,42098411,42098528,117
ENSG00000096696,7541808,7586950,45142
ENSG00000273186,131193877,131194285,408
ENSG00000227397,63250287,63250476,189
ENSG00000228495,132453055,132490514,37459
ENSG00000215835,166244866,166246834,1968
ENSG00000265192,19646299,19646554,255
ENSG00000228222,168149681,168414843,265162
ENSG00000171999,4452553,4453507,954
ENSG00000251993,22338213,22338325,112
ENSG00000235118,207507142,207514173,7031
ENSG00000262413,79825597,79826428,831
ENSG00000176246,20528204,20529142,938
ENSG00000214691,42104214,42121179,16965
ENSG00000240490,19750878,19751163,285
ENSG00000271706,130135635,130138268,2633
ENSG00000236574,63303692,63303883,191
ENSG00000135100,121416346,121440315,23969
ENSG00000201609,19837087,19837227,140
ENSG00000238357,168487990,168488051,61
ENSG00000270869,130147501,130148123,622
ENSG00000237810,63055870,63057328,1458
ENSG00000226891,65437908,65468159,30251
ENSG00000219682,25140212,25141649,1437
ENSG00000230461,213991094,214160973,169879
ENSG00000143869,20866424,20873418,6994
ENSG00000239027,19858664,19858768,104
ENSG00000270515,130149781,130151893,2112
ENSG00000107796,90694831,90751147,56316
ENSG00000232597,104473428,104496667,23239
ENSG00000069966,52413117,52483566,70449
ENSG00000263731,79836301,79838982,2681
ENSG00000214211,168570173,168572575,2402
ENSG00000225451,63336719,63337728,1009
ENSG00000221030,4467872,4467957,85
ENSG00000204929,65663845,66311773,647928
ENSG00000270561,130207103,130210545,3442
ENSG00000235185,19918296,19923326,5030
ENSG00000176230,20585566,20586597,1031
ENSG00000229588,166304121,166304999,878
ENSG00000225101,4496043,4497123,1080
ENSG00000266516,130308876,130309276,400
ENSG00000228510,131206866,131208907,2041
ENSG00000236141,104482204,104486146,3942
ENSG00000236996,53863688,53871950,8262
ENSG00000260786,42188368,42191625,3257
ENSG00000263859,79836543,79837433,890
ENSG00000270461,130453862,130455378,1516
ENSG00000262400,25152775,25153111,336
ENSG00000068976,64513861,64527769,13908
ENSG00000225325,166356964,166421869,64905
ENSG00000253754,109238429,109239773,1344
ENSG00000221533,154115635,154115733,98
ENSG00000266572,130486522,130486873,351
ENSG00000231128,114355001,114371793,16792
ENSG00000263927,22419623,22419720,97
ENSG00000164136,142557752,142655140,97388
ENSG00000272779,22657589,22664766,7177
ENSG00000184394,20611895,20612821,926
ENSG00000213083,207551241,207552086,845
ENSG00000218143,53881277,53881575,298
ENSG00000264769,79880775,79882387,1612
ENSG00000243287,109391060,109391774,714
ENSG00000248873,42465502,42468970,3468
ENSG00000226616,4536196,4537154,958
ENSG00000256637,104490768,104694236,203468
ENSG00000226396,19934608,19935062,454
ENSG00000254050,63385776,63386828,1052
ENSG00000243104,120970920,120971207,287
ENSG00000185031,65450291,65451770,1479
ENSG00000217805,25181587,25181973,386
ENSG00000010818,143072604,143266338,193734
ENSG00000207319,207565789,207565909,120
ENSG00000234065,120971207,120972565,1358
ENSG00000230231,166443982,166450802,6820
ENSG00000133328,63320242,63330855,10613
ENSG00000233476,22550231,22551618,1387
ENSG00000224069,154125836,154126367,531
ENSG00000235434,20140860,20145995,5135
ENSG00000263468,207647958,207648032,74
ENSG00000235335,168671284,168797654,126370
ENSG00000223549,120972757,120974855,2098
ENSG00000196832,20665495,20666605,1110
ENSG00000253975,63394757,63396370,1613
ENSG00000180723,4682083,4682993,910
ENSG00000253657,109584872,109585403,531
ENSG00000225724,22693926,22695567,1641
ENSG00000260171,207685914,207687018,1104
ENSG00000234362,42158739,42160863,2124
ENSG00000222373,25192641,25192718,77
ENSG00000101187,61273797,61317137,43340
ENSG00000225951,131231236,131235291,4055
ENSG00000235050,53893975,53944524,50549
ENSG00000272506,65469153,65469770,617
ENSG00000265571,130486859,130487165,306
ENSG00000226167,114399257,114443859,44602
ENSG00000264238,25203481,25203568,87
ENSG00000232515,22702157,22702514,357
ENSG00000242688,20297462,20297760,298
ENSG00000229321,207731519,207733013,1494
ENSG00000238259,169088431,169088730,299
ENSG00000264891,131239184,131239275,91
ENSG00000162999,183943287,183964733,21446
ENSG00000219681,25218916,25219297,381
ENSG00000212257,65488651,65488757,106
ENSG00000235840,121076583,121083874,7291
ENSG00000227066,20480831,20487061,6230
ENSG00000253949,109593291,109638996,45705
ENSG00000239230,169297416,169297715,299
ENSG00000176219,20691791,20692964,1173
ENSG00000223912,132593121,132594471,1350
ENSG00000265996,65523438,65523525,87
ENSG00000237859,154137160,154147378,10218
ENSG00000237428,22720578,22722138,1560
ENSG00000253008,207974711,207974797,86
ENSG00000241074,169307834,169308136,302
ENSG00000233006,131646978,131705608,58630
ENSG00000197674,4711988,4713394,1406
ENSG00000205424,47247875,47256333,8458
ENSG00000235733,25245584,25261639,16055
ENSG00000228395,131291180,131314689,23509
ENSG00000199135,65524117,65524191,74
ENSG00000237614,121300485,121301902,1417
ENSG00000265694,169439453,169439528,75
ENSG00000253580,109664602,109665544,942
ENSG00000225986,20510735,20512979,2244
ENSG00000237892,207985608,207986768,1160
ENSG00000272167,214202236,214204109,1873
ENSG00000235527,114466622,114472114,5492
ENSG00000228231,54230133,54234769,4636
ENSG00000231485,65532310,65533420,1110
ENSG00000271108,25248491,25249007,516
ENSG00000199348,169462900,169463006,106
ENSG00000228470,214517515,214530958,13443
ENSG00000258806,20697561,20698500,939
ENSG00000250860,42466995,42468402,1407
ENSG00000232603,22725197,22725488,291
ENSG00000272634,4730799,4731740,941
ENSG00000232140,121311319,121315685,4366
ENSG00000216718,25261467,25261959,492
ENSG00000224413,47456966,47459721,2755
ENSG00000235804,65543096,65543814,718
ENSG00000213335,54349967,54350648,681
ENSG00000224342,208038358,208087514,49156
ENSG00000213036,214656156,214656730,574
ENSG00000228105,20569588,20571148,1560
ENSG00000254175,22751369,22751861,492
ENSG00000201006,121408849,121408950,101
ENSG00000253796,109907258,110075646,168388
ENSG00000176198,20710898,20711979,1081
ENSG00000272664,4739842,4740789,947
ENSG00000226664,20620704,20649680,28976
ENSG00000229774,121444211,121468093,23882
ENSG00000227617,169628463,169643471,15008
ENSG00000254073,22753184,22753334,150
ENSG00000264307,130503858,130507379,3521
ENSG00000176485,63340667,63384355,43688
ENSG00000253818,22758539,22759053,514
ENSG00000234142,166445009,166459276,14267
ENSG00000254828,55069766,55072536,2770
ENSG00000238406,131306195,131306256,61
ENSG00000234902,208051441,208100790,49349
ENSG00000228968,104741726,104763687,21961
ENSG00000224144,22774663,22775647,984
ENSG00000250267,110310827,110328742,17915
ENSG00000216347,54467285,54467948,663
ENSG00000228235,47472510,47473019,509
ENSG00000236963,20687072,20757727,70655
ENSG00000250867,69528819,69530000,1181
ENSG00000215819,214705538,214706810,1272
ENSG00000254185,110482360,110483346,986
ENSG00000253889,22780158,22780651,493
ENSG00000213972,25272428,25273979,1551
ENSG00000226115,47476430,47477481,1051
ENSG00000215066,6467618,6470375,2757
ENSG00000230821,22801024,22802674,1650
ENSG00000270780,114544055,114544857,802
ENSG00000238087,166535415,166549942,14527
ENSG00000231421,28900489,28904018,3529
ENSG00000233767,47491999,47492162,163
ENSG00000233955,105011460,105012738,1278
ENSG00000225916,208091673,208093032,1359
ENSG00000227759,131413277,131414424,1147
ENSG00000252559,110608472,110608543,71
ENSG00000250606,142478064,142482416,4352
ENSG00000188783,203444956,203460480,15524
ENSG00000254663,55086036,55086941,905
ENSG00000232895,114749049,114804900,55851
ENSG00000169251,160822484,160971320,148836
ENSG00000255099,110790141,110794517,4376
ENSG00000225343,132839969,132840434,465
ENSG00000234496,65558075,65558297,222
ENSG00000240440,208100023,208102599,2576
ENSG00000123106,28286182,28732883,446701
ENSG00000227438,47513178,47517444,4266
ENSG00000235321,169957253,169957720,467
ENSG00000203722,150238014,150244257,6243
ENSG00000271419,114896608,114897800,1192
ENSG00000253631,22804540,22804990,450
ENSG00000117000,40627045,40706593,79548
ENSG00000231622,65620163,65620333,170
ENSG00000254723,55093232,55094149,917
ENSG00000237338,47571528,47572561,1033
ENSG00000235998,132880163,132880404,241
ENSG00000250536,214778813,214782183,3370
ENSG00000229647,208104374,208110611,6237
ENSG00000226595,22819996,22820323,327
ENSG00000222729,110886142,110886247,105
ENSG00000207286,25287660,25287761,101
ENSG00000226984,115002556,115002982,426
ENSG00000235995,169971705,169972190,485
ENSG00000241385,110911475,110911991,516
ENSG00000237449,132915537,132916575,1038
ENSG00000207490,25383827,25383930,103
ENSG00000229294,65745139,65772204,27065
ENSG00000239066,22872116,22872211,95
ENSG00000100077,25960816,26125261,164445
ENSG00000254891,55156005,55156948,943
ENSG00000228404,47604993,47608855,3862
ENSG00000253017,25408123,25408199,76
ENSG00000246985,93936239,93965544,29305
ENSG00000253120,22922478,22922760,282
ENSG00000255402,110986172,110987010,838
ENSG00000238322,25435508,25435590,82
ENSG00000224584,214786303,214786741,438
ENSG00000220773,54489403,54490286,883
ENSG00000255077,55179002,55179193,191
ENSG00000223901,47640183,47641992,1809
ENSG00000226487,20738797,20739746,949
ENSG00000217408,25678997,25679392,395
ENSG00000234705,131425413,131425857,444
ENSG00000223725,208104588,208394519,289931
ENSG00000240590,111117305,111118193,888
ENSG00000253920,22946915,22947635,720
ENSG00000234144,65764438,65764663,225
ENSG00000263597,131701182,131701291,109
ENSG00000215520,20852482,20853244,762
ENSG00000262006,48986998,48987593,595
ENSG00000259874,31882208,31882445,237
ENSG00000253329,22961042,22961633,591
ENSG00000123552,99880190,99969604,89414
ENSG00000255493,55197963,55198470,507
ENSG00000238160,131755108,131762406,7298
ENSG00000185221,215044077,215045059,982
ENSG00000253956,111346972,111361836,14864
ENSG00000247011,49012350,49022074,9724
ENSG00000239133,99011601,99011701,100
ENSG00000259950,31905863,31906304,441
ENSG00000179073,132929364,132930441,1077
ENSG00000222624,65881499,65881689,190
ENSG00000215456,22972532,22978624,6092
ENSG00000225650,115010937,115011904,967
ENSG00000254886,55199433,55199843,410
ENSG00000178762,25732010,25732390,380
ENSG00000228335,99040513,99041119,606
ENSG00000237852,65952089,65959871,7782
ENSG00000226259,69711179,69743885,32706
ENSG00000211940,106552285,106552809,524
ENSG00000253107,111567637,111568747,1110
ENSG00000202533,131803839,131803949,110
ENSG00000215424,47649131,47679304,30173
ENSG00000178445,6532464,6645650,113186
ENSG00000251665,49021465,49026111,4646
ENSG00000227157,105027659,105032070,4411
ENSG00000223869,215116466,215116883,417
ENSG00000264438,131472059,131472318,259
ENSG00000238734,70266882,70266985,103
ENSG00000255196,55211911,55212814,903
ENSG00000238931,66037232,66037335,103
ENSG00000261289,31963481,31963794,313
ENSG00000265230,70298072,70298383,311
ENSG00000223478,131486724,131495473,8749
ENSG00000214719,28903482,28999807,96325
ENSG00000201114,115033346,115033454,108
ENSG00000234290,131804582,131808735,4153
ENSG00000117242,20969150,20978686,9536
ENSG00000224570,66041812,66044063,2251
ENSG00000218194,132996024,132996522,498
ENSG00000107864,93806449,94050844,244395
ENSG00000265648,70309972,70310251,279
ENSG00000206172,226679,227521,842
ENSG00000225064,208125169,208135414,10245
ENSG00000220635,54635381,54635932,551
ENSG00000181950,55234247,55235188,941
ENSG00000236480,115078616,115080461,1845
ENSG00000257313,32593633,32594538,905
ENSG00000225765,105028685,105030466,1781
ENSG00000216436,25732725,25733055,330
ENSG00000253122,111621470,111644623,23153
ENSG00000249870,49119885,49162832,42947
ENSG00000218991,133019922,133020806,884
ENSG00000257033,20976856,20977207,351
ENSG00000261777,70349543,70380650,31107
ENSG00000253717,111779092,111784988,5896
ENSG00000211941,106573233,106573800,567
ENSG00000221628,208133999,208134148,149
ENSG00000238815,49175535,49175639,104
ENSG00000232809,215549827,215550717,890
ENSG00000183169,22981648,22986944,5296
ENSG00000234484,133073814,133075090,1276
ENSG00000235432,21019227,21020506,1279
ENSG00000102032,153200716,153210232,9516
ENSG00000253994,111821623,111822123,500
ENSG00000255294,55243419,55243904,485
ENSG00000265688,79885705,79888629,2924
ENSG00000242387,25882254,25882623,369
ENSG00000239319,66226743,66227035,292
ENSG00000264895,49326940,49329109,2169
ENSG00000223433,208519505,208519675,170
ENSG00000233069,21059373,21060445,1072
ENSG00000258015,32674534,32678299,3765
ENSG00000270808,75500296,75500581,285
ENSG00000271488,133085799,133086597,798
ENSG00000170390,150999426,151178609,179183
ENSG00000227466,66508183,66516401,8218
ENSG00000251946,54651185,54651290,105
ENSG00000223442,131966281,131999964,33683
ENSG00000249383,49389970,49412526,22556
ENSG00000203394,21069480,21070455,975
ENSG00000253045,75534080,75534299,219
ENSG00000239055,131511637,131511740,103
ENSG00000254962,55245027,55245985,958
ENSG00000188770,203463271,203477992,14721
ENSG00000197476,31973384,31985682,12298
ENSG00000224984,54704916,54705653,737
ENSG00000206754,133136446,133136518,72
ENSG00000272589,75556272,75561157,4885
ENSG00000272558,25984040,25999395,15355
ENSG00000253338,23003769,23004012,243
ENSG00000267834,131766781,131767277,496
ENSG00000229827,170433881,170434256,375
ENSG00000261613,2604061,2606061,2000
ENSG00000224137,208527099,208531748,4649
ENSG00000251914,21167734,21167795,61
ENSG00000221500,133137941,133138016,75
ENSG00000254241,111945492,111946762,1270
ENSG00000249982,49410040,49411451,1411
ENSG00000242769,115240250,115240545,295
ENSG00000211942,106586137,106586667,530
ENSG00000035115,217730,266398,48668
ENSG00000207834,23006898,23006993,95
ENSG00000221808,21314807,21314925,118
ENSG00000223152,66560144,66560229,85
ENSG00000201900,115270341,115270445,104
ENSG00000272065,25990989,25991454,465
ENSG00000261288,2604976,2606106,1130
ENSG00000200534,133138358,133138487,129
ENSG00000181943,55258628,55259618,990
ENSG00000253451,23006943,23007377,434
ENSG00000261116,54807965,54809897,1932
ENSG00000224195,75573276,75574495,1219
ENSG00000249658,49412622,49413601,979
ENSG00000223793,32688301,32694153,5852
ENSG00000202498,215803368,215803459,91
ENSG00000264720,67094123,67094200,77
ENSG00000199251,208545257,208545363,106
ENSG00000233072,21330043,21330427,384
ENSG00000109062,72744791,72765492,20701
ENSG00000234055,131860133,131862545,2412
ENSG00000260111,70413360,70433405,20045
ENSG00000269937,2611472,2615097,3625
ENSG00000229242,216059924,216074806,14882
ENSG00000220557,133189357,133189998,641
ENSG00000253913,23015622,23016072,450
ENSG00000229990,75601591,75606324,4733
ENSG00000221655,67196650,67196741,91
ENSG00000213082,208546314,208546757,443
ENSG00000254576,55277217,55278147,930
ENSG00000225860,49414076,49419932,5856
ENSG00000227970,115379848,115394074,14226
ENSG00000260218,31975124,31975400,276
ENSG00000240043,70478577,70478815,238
ENSG00000226072,170514642,170517867,3225
ENSG00000272462,25992890,26002003,9113
ENSG00000253779,23021570,23021818,248
ENSG00000231080,67292625,67294241,1616
ENSG00000253877,111949919,112039662,89743
ENSG00000271709,121623953,121624978,1025
ENSG00000261140,2619044,2621937,2893
ENSG00000232350,23032315,23032462,147
ENSG00000146410,136552162,136571473,19311
ENSG00000233620,216245807,216260259,14452
ENSG00000220725,55545440,55545819,379
ENSG00000225761,75764895,75787673,22778
ENSG00000215834,166572912,166600637,27725
ENSG00000184743,63391559,63439393,47834
ENSG00000221321,121792649,121792794,145
ENSG00000211943,106610313,106610852,539
ENSG00000144560,11597544,11762220,164676
ENSG00000252433,67568328,67568462,134
ENSG00000223999,23035263,23035797,534
ENSG00000183562,3011093,3012563,1470
ENSG00000201584,121798186,121798286,100
ENSG00000233301,55304478,55305400,922
ENSG00000221521,131869329,131869430,101
ENSG00000267452,49512788,49523163,10375
ENSG00000124160,44689624,44718591,28967
ENSG00000253074,67661823,67661926,103
ENSG00000236073,21400132,21400246,114
ENSG00000234455,121839013,121846302,7289
ENSG00000200764,208552684,208552783,99
ENSG00000221733,67705123,67705210,87
ENSG00000263585,79890274,79890934,660
ENSG00000272810,26013469,26013985,516
ENSG00000253822,23036924,23037437,513
ENSG00000253103,112111190,112248432,137242
ENSG00000118961,20883788,21022882,139094
ENSG00000272851,208618596,208619159,563
ENSG00000252116,67733284,67733409,125
ENSG00000214604,55804588,55805422,834
ENSG00000236145,121935903,121940156,4253
ENSG00000260628,31987124,32015049,27925
ENSG00000235296,79899745,79905477,5732
ENSG00000271602,4743970,4745401,1431
ENSG00000268707,131932713,131933219,506
ENSG00000254841,55441012,55442151,1139
ENSG00000228523,67743735,67744462,727
ENSG00000207830,23040391,23040485,94
ENSG00000187504,49579849,49580594,745
ENSG00000224447,26016607,26016829,222
ENSG00000235112,21487968,21488574,606
ENSG00000235597,105049725,105137290,87565
ENSG00000264900,208619531,208619605,74
ENSG00000064995,34845555,34855866,10311
ENSG00000232723,122067571,122067988,417
ENSG00000234816,26044217,26044585,368
ENSG00000253546,23043245,23043455,210
ENSG00000268050,131938086,131939854,1768
ENSG00000272559,4757408,4758308,900
ENSG00000211944,106621894,106622419,525
ENSG00000213122,133318690,133319179,489
ENSG00000188439,55450715,55451850,1135
ENSG00000264735,79923508,79924465,957
ENSG00000219095,56141327,56141594,267
ENSG00000254240,23057775,23057904,129
ENSG00000265171,49672867,49673118,251
ENSG00000217159,26164300,26164591,291
ENSG00000273051,4773276,4774174,898
ENSG00000252109,50303618,50303707,89
ENSG00000253489,112191422,112192101,679
ENSG00000223263,67882897,67883001,104
ENSG00000114784,40351175,40353915,2740
ENSG00000254804,55451617,55453636,2019
ENSG00000263317,50467875,50613061,145186
ENSG00000264629,23077063,23077157,94
ENSG00000236292,216367393,216377708,10315
ENSG00000235200,67995313,67998012,2699
ENSG00000264569,79995781,79997256,1475
ENSG00000211945,106641563,106642056,493
ENSG00000266867,21503059,21503122,63
ENSG00000216331,26195794,26195999,205
ENSG00000254457,55482472,55483108,636
ENSG00000254124,112237814,112239278,1464
ENSG00000201980,4777875,4778027,152
ENSG00000159164,149874870,149889434,14564
ENSG00000253152,23081432,23081675,243
ENSG00000217275,26202384,26202882,498
ENSG00000204055,131939050,131972827,33777
ENSG00000236936,21592575,21593744,1169
ENSG00000226013,216374977,216375168,191
ENSG00000207504,68006810,68006916,106
ENSG00000262902,51183095,51183719,624
ENSG00000227602,56196586,56196915,329
ENSG00000176951,4807963,4808935,972
ENSG00000238139,68026756,68027129,373
ENSG00000238947,80099539,80099649,110
ENSG00000229841,217665317,217667625,2308
ENSG00000253786,23098043,23098286,243
ENSG00000265678,80111306,80112691,1385
ENSG00000218281,26233350,26233483,133
ENSG00000234781,105104916,105126967,22051
ENSG00000218690,26272421,26272768,347
ENSG00000220666,56296748,56298011,1263
ENSG00000263252,51430788,51431495,707
ENSG00000234070,217954540,217958462,3922
ENSG00000029639,155578643,155635627,56984
ENSG00000266654,80117932,80118328,396
ENSG00000006756,2822011,2847392,25381
ENSG00000099849,560404,564021,3617
ENSG00000258481,92719837,92730000,10163
ENSG00000242482,68122516,68122812,296
ENSG00000231105,21619783,21626267,6484
ENSG00000234984,166635122,166651433,16311
ENSG00000228247,218023745,218023975,230
ENSG00000211946,106667581,106668095,514
ENSG00000232048,68125838,68126696,858
ENSG00000220875,26322104,26322520,416
ENSG00000243661,142486452,142487347,895
ENSG00000230612,132024373,132057275,32902
ENSG00000265451,122287998,122290281,2283
ENSG00000201097,92732046,92732151,105
ENSG00000220992,131992851,131992996,145
ENSG00000206961,170584382,170584513,131
ENSG00000253434,112388868,112555202,166334
ENSG00000252399,26353199,26353264,65
ENSG00000264229,122288457,122288583,126
ENSG00000235007,132020633,132022125,1492
ENSG00000199727,105149231,105149442,211
ENSG00000231550,170623695,170625309,1614
ENSG00000266793,56297177,56297240,63
ENSG00000238778,68238276,68238336,60
ENSG00000215979,26365704,26365780,76
ENSG00000221654,105185275,105185378,103
ENSG00000253236,163875428,163894408,18980
ENSG00000236216,21724480,21724855,375
ENSG00000260404,119512928,119554884,41956
ENSG00000258742,93352697,93359851,7154
ENSG00000231023,133409219,133427717,18498
ENSG00000231441,56708800,56728876,20076
ENSG00000211947,106691673,106692203,530
ENSG00000272203,132152940,132153692,752
ENSG00000231814,218066242,218094146,27904
ENSG00000262271,51511492,51513190,1698
ENSG00000232284,68297986,68668670,370684
ENSG00000231626,105197279,105198348,1069
ENSG00000255033,112392832,112393097,265
ENSG00000216854,56735989,56736541,552
ENSG00000222467,122360649,122360740,91
ENSG00000226225,33410160,33414664,4504
ENSG00000241084,132021341,132023860,2519
ENSG00000253156,112633687,112634026,339
ENSG00000201274,132184269,132184388,119
ENSG00000124549,26421619,26432611,10992
ENSG00000230714,218205177,218207002,1825
ENSG00000228823,21737953,21739786,1833
ENSG00000200224,56810528,56810635,107
ENSG00000188800,40711619,40717363,5744
ENSG00000214369,170646603,170647395,792
ENSG00000220113,133471707,133471955,248
ENSG00000223225,119527605,119527708,103
ENSG00000236109,105199610,105201812,2202
ENSG00000233730,115642293,115645279,2986
ENSG00000219790,56840404,56840860,456
ENSG00000224307,132044737,132048007,3270
ENSG00000232100,218216847,218232482,15635
ENSG00000236009,21742391,21743985,1594
ENSG00000013441,201717732,201729422,11690
ENSG00000236859,122407226,122485784,78558
ENSG00000176438,95883831,95942173,58342
ENSG00000225892,119553429,119555914,2485
ENSG00000254262,112754241,112769055,14814
ENSG00000228035,115825655,115910693,85038
ENSG00000255253,12495937,12496111,174
ENSG00000223542,133756215,133760602,4387
ENSG00000201493,218303137,218303294,157
ENSG00000218980,56869318,56869597,279
ENSG00000229016,218474604,218475314,710
ENSG00000226973,116014562,116018648,4086
ENSG00000172977,65479467,65487075,7608
ENSG00000235253,132278624,132280742,2118
ENSG00000232282,102040595,102041532,937
ENSG00000232951,51664960,51665595,635
ENSG00000235055,68509013,68509916,903
ENSG00000234567,133773995,133777743,3748
ENSG00000223375,218511883,218512098,215
ENSG00000228431,68515043,68515428,385
ENSG00000222146,113160971,113161054,83
ENSG00000251433,182826943,182827620,677
ENSG00000179165,36358328,36410666,52338
ENSG00000227001,21751118,21754460,3342
ENSG00000264794,113487830,113487915,85
ENSG00000248213,119557056,119559937,2881
ENSG00000254581,12533544,12533898,354
ENSG00000163811,29117509,29171088,53579
ENSG00000237528,51666648,51666836,188
ENSG00000230169,113551118,113551546,428
ENSG00000248266,183066005,183111535,45530
ENSG00000141452,21083473,21111746,28273
ENSG00000182902,18043139,18073760,30621
ENSG00000179082,132083295,132087184,3889
ENSG00000232480,218517538,218519020,1482
ENSG00000254306,37458055,37483391,25336
ENSG00000263542,68523860,68523945,85
ENSG00000227954,133823390,134213074,389684
ENSG00000137802,42066632,42120053,53421
ENSG00000221227,183090446,183090531,85
ENSG00000234383,68627444,68628773,1329
ENSG00000163002,183982241,184026408,44167
ENSG00000252981,170672789,170672888,99
ENSG00000251155,119561828,119562013,185
ENSG00000230690,105275795,105281295,5500
ENSG00000261150,144940157,144955423,15266
ENSG00000228450,130626253,130626860,607
ENSG00000252343,183469812,183469932,120
ENSG00000265534,116028272,116028364,92
ENSG00000248121,28927814,28942998,15184
ENSG00000232562,51722319,51723108,789
ENSG00000212610,218715033,218715241,208
ENSG00000249002,119927187,119927556,369
ENSG00000251714,183552607,183552841,234
ENSG00000187952,21754796,21756030,1234
ENSG00000229954,102041741,102043315,1574
ENSG00000229101,116099447,116100096,649
ENSG00000227176,170933734,170934804,1070
ENSG00000253344,37483533,37531905,48372
ENSG00000226693,219054942,219055992,1050
ENSG00000248816,183619055,183629195,10140
ENSG00000249356,119990479,119991452,973
ENSG00000243710,43637820,43720029,82209
ENSG00000238656,113576104,113576205,101
ENSG00000223387,172278678,172313397,34719
ENSG00000225669,105294681,105295131,450
ENSG00000189419,100884662,100890438,5776
ENSG00000177427,18163848,18169866,6018
ENSG00000231070,4815008,4816514,1506
ENSG00000221203,68649201,68649293,92
ENSG00000238399,113655722,113655812,90
ENSG00000248694,183693718,183695084,1366
ENSG00000237225,130696712,130697808,1096
ENSG00000226803,56979692,57039034,59342
ENSG00000262518,51515917,51517082,1165
ENSG00000250412,120255484,120299388,43904
ENSG00000197984,4853363,4854302,939
ENSG00000139579,56615799,56623638,7839
ENSG00000232185,116107222,116108053,831
ENSG00000227514,114388898,114389456,558
ENSG00000229133,68708157,68708738,581
ENSG00000268615,132090540,132090680,140
ENSG00000221186,183747381,183747518,137
ENSG00000253600,164028008,164028458,450
ENSG00000221534,51614874,51614965,91
ENSG00000186132,120059801,120124404,64603
ENSG00000225561,219086099,219089526,3427
ENSG00000221705,51806443,51806570,127
ENSG00000272646,183802930,183803356,426
ENSG00000264943,28951431,28952512,1081
ENSG00000186543,21760811,21764051,3240
ENSG00000262384,51758991,51759472,481
ENSG00000167600,41698954,41713444,14490
ENSG00000250636,183949754,183950873,1119
ENSG00000258711,51422977,51428720,5743
ENSG00000221475,51933717,51933844,127
ENSG00000124074,67696848,67701168,4320
ENSG00000228063,219259944,219347303,87359
ENSG00000177400,12541663,12542662,999
ENSG00000202417,132281034,132281146,112
ENSG00000201186,120288717,120288801,84
ENSG00000221610,114419756,114419823,67
ENSG00000233901,132094579,132121817,27238
ENSG00000225957,52125196,52128757,3561
ENSG00000225364,132284185,132284410,225
ENSG00000233380,51834350,51835231,881
ENSG00000250462,28956698,28964482,7784
ENSG00000206719,114963115,114963227,112
ENSG00000249244,120312986,120316490,3504
ENSG00000270631,116119850,116120407,557
ENSG00000230219,183958818,183961272,2454
ENSG00000183795,26753707,26785354,31647
ENSG00000259055,51555675,51558006,2331
ENSG00000224426,172321230,172321796,566
ENSG00000232341,166716616,166717897,1281
ENSG00000225242,68748071,68748305,234
ENSG00000239984,116149092,116149390,298
ENSG00000176378,21786249,21786575,326
ENSG00000254917,12553816,12554782,966
ENSG00000225920,219373256,219373909,653
ENSG00000131015,150263136,150270371,7235
ENSG00000207502,116164493,116164626,133
ENSG00000254339,115294296,115308068,13772
ENSG00000228813,32703042,32710500,7458
ENSG00000264711,172389349,172389429,80
ENSG00000198217,4897787,4898692,905
ENSG00000238059,133831524,133831831,307
ENSG00000272023,132299462,132299856,394
ENSG00000214204,116399531,116400440,909
ENSG00000237300,102051179,102052021,842
ENSG00000224556,52164596,52202209,37613
ENSG00000259430,100913144,100978119,64975
ENSG00000231384,172398504,172399014,510
ENSG00000233431,21912965,21917680,4715
ENSG00000223842,219395590,219398839,3249
ENSG00000228528,105320216,105321967,1751
ENSG00000273180,183996633,183997186,553
ENSG00000260091,120330488,120331388,900
ENSG00000228536,219583023,219585283,2260
ENSG00000232148,166732571,166762004,29433
ENSG00000201376,51710808,51710942,134
ENSG00000272428,133861922,133862312,390
ENSG00000252807,170976506,170976608,102
ENSG00000272784,184015576,184016209,633
ENSG00000086506,230452,231180,728
ENSG00000223208,120355160,120355263,103
ENSG00000271143,116459118,116459320,202
ENSG00000270127,101087972,101090358,2386
ENSG00000237622,68841010,68841346,336
ENSG00000201820,51720651,51720741,90
ENSG00000168032,40428647,40470110,41463
ENSG00000230024,219608494,219615984,7490
ENSG00000008196,50786436,50815326,28890
ENSG00000218213,133997867,133998567,700
ENSG00000250084,52191730,52194281,2551
ENSG00000229738,132323344,132323802,458
ENSG00000253499,115330629,115331140,511
ENSG00000221781,21918904,21919041,137
ENSG00000248280,120361716,120371312,9596
ENSG00000258955,51771134,51795104,23970
ENSG00000251359,184018170,184020352,2182
ENSG00000252082,172420914,172421015,101
ENSG00000251819,101092025,101092127,102
ENSG00000229440,68847124,68847340,216
ENSG00000231978,22094762,22095068,306
ENSG00000259205,101093734,101099159,5425
ENSG00000241631,29029526,29029793,267
ENSG00000228127,116461997,116468529,6532
ENSG00000253756,115803882,115804158,276
ENSG00000223586,134142285,134172938,30653
ENSG00000223215,37526416,37526523,107
ENSG00000207249,105349692,105349820,128
ENSG00000258479,51800111,51832275,32164
ENSG00000254724,12560575,12561565,990
ENSG00000273236,54530502,54530601,99
ENSG00000238232,219730534,219731043,509
ENSG00000242281,132132452,132132740,288
ENSG00000253181,37575097,37591274,16177
ENSG00000227319,52228192,52229056,864
ENSG00000215817,219782859,219786462,3603
ENSG00000234177,105363096,105374177,11081
ENSG00000229878,33324397,33324592,195
ENSG00000237993,116556434,116560326,3892
ENSG00000227170,116521829,116523552,1723
ENSG00000199289,26519579,26519686,107
ENSG00000259540,101098882,101100003,1121
ENSG00000252702,184090501,184090570,69
ENSG00000236146,132142415,132142749,334
ENSG00000216753,134436373,134436874,501
ENSG00000252048,184097914,184098084,170
ENSG00000252240,219836719,219836809,90
ENSG00000235933,116706905,116708862,1957
ENSG00000233589,68944812,68949222,4410
ENSG00000264512,12576636,12576704,68
ENSG00000236299,63348578,63361113,12535
ENSG00000228223,26522076,26526807,4731
ENSG00000252086,219935131,219935217,86
ENSG00000251128,184154781,184161787,7006
ENSG00000232037,22234591,22235073,482
ENSG00000146143,57179603,57513375,333772
ENSG00000266875,134454711,134455004,293
ENSG00000101017,44746911,44758502,11591
ENSG00000200095,101100891,101100997,106
ENSG00000221040,116821228,116821442,214
ENSG00000221673,220136028,220136206,178
ENSG00000249917,116962736,117337297,374561
ENSG00000238631,134527549,134527652,103
ENSG00000230676,132192931,132213701,20770
ENSG00000237628,102052459,102053056,597
ENSG00000234264,68962359,69004310,41951
ENSG00000233170,37604854,37605522,668
ENSG00000264538,29036317,29117926,81609
ENSG00000238798,220160853,220160956,103
ENSG00000212306,101178568,101178662,94
ENSG00000258942,51811632,51852321,40689
ENSG00000200058,134578173,134578281,108
ENSG00000231898,171190438,171207628,17190
ENSG00000146872,60536019,60692842,156823
ENSG00000084073,40723779,40759856,36077
ENSG00000238319,184195614,184195717,103
ENSG00000207590,220291195,220291304,109
ENSG00000264385,22305444,22305729,285
ENSG00000201309,134604230,134604331,101
ENSG00000270513,42729240,42729621,381
ENSG00000259381,101185639,101186860,1221
ENSG00000203865,116934869,116961244,26375
ENSG00000269099,25591541,25591675,134
ENSG00000238596,184250451,184250554,103
ENSG00000263991,22313974,22314268,294
ENSG00000254402,145747761,145752416,4655
ENSG00000207624,220291499,220291583,84
ENSG00000235962,33346543,33347343,800
ENSG00000258808,51858846,51863853,5007
ENSG00000112078,36410544,36458920,48376
ENSG00000226398,42242765,42252442,9677
ENSG00000201919,22314309,22314412,103
ENSG00000250292,184301498,184302858,1360
ENSG00000220378,134618135,134619833,1698
ENSG00000225167,68980058,68980352,294
ENSG00000232223,166765503,166766420,917
ENSG00000238576,220310506,220310608,102
ENSG00000263582,22330078,22330361,283
ENSG00000241032,37766259,37766553,294
ENSG00000151846,25670300,25673389,3089
ENSG00000263395,184305706,184305773,67
ENSG00000104918,7733930,7735334,1404
ENSG00000272234,42806496,42807099,603
ENSG00000263929,22337143,22337437,294
ENSG00000264965,37807254,37807349,95
ENSG00000226355,132200495,132201397,902
ENSG00000232134,220317306,220317693,387
ENSG00000258893,51902756,51903681,925
ENSG00000248376,184340043,184340958,915
ENSG00000259579,101256454,101368702,112248
ENSG00000201273,22337478,22337581,103
ENSG00000232787,130730113,130730812,699
ENSG00000249092,42892421,42892919,498
ENSG00000266206,12584741,12584813,72
ENSG00000228397,22350487,22351461,974
ENSG00000196152,130186661,130207651,20990
ENSG00000213434,184404643,184405338,695
ENSG00000226353,19740393,19741282,889
ENSG00000259586,101386809,101386972,163
ENSG00000245958,120375946,120473180,97234
ENSG00000258537,51921230,52066670,145440
ENSG00000254813,12623358,12668987,45629
ENSG00000233151,31954522,31957894,3372
ENSG00000270865,37840588,37840891,303
ENSG00000265371,54625181,54625260,79
ENSG00000224875,42370378,42397441,27063
ENSG00000225171,166837985,166838446,461
ENSG00000222370,220373888,220374018,130
ENSG00000218510,22351681,22357716,6035
ENSG00000241785,54649415,54649694,279
ENSG00000260949,37920399,37921309,910
ENSG00000233387,33385185,33405600,20415
ENSG00000270585,220380960,220381624,664
ENSG00000257596,54656399,54672847,16448
ENSG00000264298,132240835,132240931,96
ENSG00000226449,19833478,19835057,1579
ENSG00000223883,69521581,69650686,129105
ENSG00000235730,130753023,130753911,888
ENSG00000232648,184416091,184425647,9556
ENSG00000252400,51989582,51989685,103
ENSG00000249893,65474623,65475142,519
ENSG00000263576,33387463,33387564,101
ENSG00000237096,166864948,166877317,12369
ENSG00000212385,116956388,116956491,103
ENSG00000261334,132242884,132244817,1933
ENSG00000258344,54670415,54738867,68452
ENSG00000251771,52071557,52071618,61
ENSG00000251163,42897364,42897934,570
ENSG00000238258,33500205,33502732,2527
ENSG00000250169,65475172,65476250,1078
ENSG00000251756,52159470,52159579,109
ENSG00000270708,220393633,220393935,302
ENSG00000207381,54711565,54711671,106
ENSG00000272744,184438047,184438680,633
ENSG00000232386,101389766,101402376,12610
ENSG00000228316,102053324,102054488,1164
ENSG00000200036,166975196,166975314,118
ENSG00000199122,54731000,54731098,98
ENSG00000207004,52190821,52190927,106
ENSG00000235446,69709055,69715106,6051
ENSG00000198783,33288549,33290205,1656
ENSG00000260436,2621571,2622354,783
ENSG00000248259,65476334,65476627,293
ENSG00000165566,25735822,25746426,10604
ENSG00000225896,19838632,19838960,328
ENSG00000238325,167010672,167010773,101
ENSG00000233154,116966346,117021464,55118
ENSG00000244356,33577234,33577529,295
ENSG00000261093,2647882,2649719,1837
ENSG00000206845,164362168,164362274,106
ENSG00000259111,52217278,52229832,12554
ENSG00000264028,54738394,54738645,251
ENSG00000239116,184503348,184503454,106
ENSG00000207835,23101185,23101279,94
ENSG00000218283,220426912,220427878,966
ENSG00000229639,69898938,69901092,2154
ENSG00000249045,65476698,65477026,328
ENSG00000227907,167021788,167027779,5991
ENSG00000221300,42667517,42667576,59
ENSG00000273012,33630583,33630833,250
ENSG00000252157,184574725,184574829,104
ENSG00000258423,52223714,52224706,992
ENSG00000253590,23104787,23105009,222
ENSG00000254066,164647583,164668758,21175
ENSG00000258137,54747445,54891472,144027
ENSG00000272128,37956989,37957449,460
ENSG00000058668,203595689,203713209,117520
ENSG00000248328,65477092,65477606,514
ENSG00000251656,42908310,42908769,459
ENSG00000201433,184596756,184596868,112
ENSG00000226412,33867859,33888968,21109
ENSG00000258550,52229774,52230794,1020
ENSG00000215154,2653351,2680495,27144
ENSG00000090487,65255362,65282648,27286
ENSG00000213068,167131660,167132074,414
ENSG00000213033,220440048,220441259,1211
ENSG00000253437,37979892,37979998,106
ENSG00000231392,23117022,23117184,162
ENSG00000253693,164776036,165205694,429658
ENSG00000270615,70072538,70073984,1446
ENSG00000267241,15774916,15780636,5720
ENSG00000244669,65632848,65633615,767
ENSG00000224166,19841408,19856476,15068
ENSG00000184014,9160372,9286937,126565
ENSG00000251739,184627084,184627184,100
ENSG00000224471,102054491,102054811,320
ENSG00000264793,87421909,87421982,73
ENSG00000227183,130780648,130780899,251
ENSG00000261353,26527291,26527632,341
ENSG00000252794,165036446,165036684,238
ENSG00000207833,23134977,23135071,94
ENSG00000258535,52231994,52292140,60146
ENSG00000240692,70345275,70345577,302
ENSG00000248206,184908831,184909903,1072
ENSG00000250125,65779999,65870218,90219
ENSG00000240015,37980792,37982169,1377
ENSG00000203565,33973683,33975992,2309
ENSG00000198060,94050920,94113721,62801
ENSG00000253512,165209810,165210139,329
ENSG00000271071,26612131,26613337,1206
ENSG00000226477,23157168,23157423,255
ENSG00000240925,120685263,120685594,331
ENSG00000230318,220487287,220488907,1620
ENSG00000272808,101390036,101404501,14465
ENSG00000084731,26149471,26205618,56147
ENSG00000229359,70385005,70386000,995
ENSG00000214821,171458172,171458738,566
ENSG00000230068,22385690,22390692,5002
ENSG00000261683,34048641,34061586,12945
ENSG00000213118,134714280,134715038,758
ENSG00000250726,184993556,184994192,636
ENSG00000232526,42690279,42691137,858
ENSG00000255494,12651752,12675800,24048
ENSG00000223395,52245867,52246128,261
ENSG00000231605,167145154,167165029,19875
ENSG00000213468,130836678,130964671,127993
ENSG00000207836,23165270,23165365,95
ENSG00000233671,87448236,87449611,1375
ENSG00000253946,165332131,165332613,482
ENSG00000229129,19868881,19870005,1124
ENSG00000271428,22394833,22395320,487
ENSG00000232883,220490009,220490941,932
ENSG00000183019,7741514,7744712,3198
ENSG00000237919,70479665,70496905,17240
ENSG00000218346,26630782,26632007,1225
ENSG00000226407,34153241,34153651,410
ENSG00000237127,23177041,23177293,252
ENSG00000258849,52238507,52238804,297
ENSG00000240159,185175662,185176483,821
ENSG00000248447,65900352,65901735,1383
ENSG00000271840,22427106,22427853,747
ENSG00000226056,102054870,102056327,1457
ENSG00000235073,52270115,52270985,870
ENSG00000233631,26634611,26637008,2397
ENSG00000259157,52254179,52254461,282
ENSG00000221523,185188510,185188584,74
ENSG00000213981,171475138,171551884,76746
ENSG00000266564,22592732,22592793,61
ENSG00000248998,66008421,66011481,3060
ENSG00000254077,23180779,23181049,270
ENSG00000197301,66245120,66275947,30827
ENSG00000259604,101402048,101414195,12147
ENSG00000244512,185200089,185200384,295
ENSG00000204054,132245730,132275947,30217
ENSG00000259007,52433721,52436518,2797
ENSG00000234397,22649333,22649824,491
ENSG00000223470,34198166,34206723,8557
ENSG00000244567,208686014,208687493,1479
ENSG00000249516,42917516,42918086,570
ENSG00000226927,220533073,220533525,452
ENSG00000230993,122416051,122416549,498
ENSG00000244389,70645829,70646123,294
ENSG00000227765,185220282,185220800,518
ENSG00000253448,23192550,23192799,249
ENSG00000151388,33523640,33892297,368657
ENSG00000199200,34490908,34491002,94
ENSG00000228988,70684272,70686706,2434
ENSG00000225111,208733306,208734639,1333
ENSG00000237200,22843967,22846201,2234
ENSG00000260505,220574464,220577375,2911
ENSG00000258854,52449238,52453937,4699
ENSG00000225322,52293397,52297093,3696
ENSG00000207832,23198720,23198813,93
ENSG00000234167,34777511,34777806,295
ENSG00000230381,116971671,116975990,4319
ENSG00000261584,26686469,26688192,1723
ENSG00000253234,23198937,23199213,276
ENSG00000236913,42696957,42697406,449
ENSG00000265422,23046010,23046091,81
ENSG00000235163,220621858,220622195,337
ENSG00000249351,66082334,66083151,817
ENSG00000258694,52577840,52596343,18503
ENSG00000255419,31715897,31722583,6686
ENSG00000200547,116995158,116995249,91
ENSG00000229235,34952787,34953029,242
ENSG00000226088,70825245,70826120,875
ENSG00000216157,23075310,23075404,94
ENSG00000258981,52584320,52584713,393
ENSG00000224950,117035645,117041834,6189
ENSG00000226420,23200200,23200443,243
ENSG00000234350,171579719,171627276,47557
ENSG00000212246,208884362,208884465,103
ENSG00000233742,52304893,52307444,2551
ENSG00000180712,185261909,185275130,13221
ENSG00000231971,134749378,134841723,92345
ENSG00000225952,23162206,23163342,1136
ENSG00000272205,167189068,167189749,681
ENSG00000271097,87528781,87529374,593
ENSG00000250711,42972726,42973194,468
ENSG00000205918,2666122,2693297,27175
ENSG00000185078,208896107,208896677,570
ENSG00000215184,34964563,34964969,406
ENSG00000271992,70910754,70911219,465
ENSG00000253963,23215391,23215619,228
ENSG00000258440,52622458,52622897,439
ENSG00000234863,220628496,220628654,158
ENSG00000177173,117075558,117076714,1156
ENSG00000243199,66439177,66440046,869
ENSG00000253356,38006259,38021290,15031
ENSG00000232759,22602956,22613615,10659
ENSG00000264014,23189652,23189719,67
ENSG00000264824,23228447,23228559,112
ENSG00000272033,167348345,167350237,1892
ENSG00000233020,70996209,70997175,966
ENSG00000272639,101402129,101425534,23405
ENSG00000241549,26839263,26924333,85070
ENSG00000261727,32019759,32096106,76347
ENSG00000254029,23252998,23253245,247
ENSG00000261208,52753515,52755986,2471
ENSG00000128692,171608221,171609562,1341
ENSG00000253739,38023530,38023636,106
ENSG00000264463,12763347,12763430,83
ENSG00000272796,23243175,23247993,4818
ENSG00000251941,208918885,208918982,97
ENSG00000233411,167426620,167427898,1278
ENSG00000250846,66535679,66563747,28068
ENSG00000112312,24775159,24786327,11168
ENSG00000139505,25802307,25862147,59840
ENSG00000254030,23257805,23258097,292
ENSG00000225049,87586177,87586367,190
ENSG00000248585,38059217,38061756,2539
ENSG00000254252,165455572,165456316,744
ENSG00000224839,208921972,208922469,497
ENSG00000251468,12815896,12819709,3813
ENSG00000215263,42759906,42760582,676
ENSG00000157399,2852699,2886286,33587
ENSG00000240553,23346640,23414551,67911
ENSG00000226386,35104695,35105314,619
ENSG00000222037,23261707,23262023,316
ENSG00000261704,32046174,32046647,473
ENSG00000197958,130209953,130213684,3731
ENSG00000213375,87596356,87596632,276
ENSG00000205930,34144411,34266043,121632
ENSG00000226226,220641296,220642150,854
ENSG00000237033,71126340,71126948,608
ENSG00000258757,53107557,53108284,727
ENSG00000255487,38133406,38134198,792
ENSG00000110619,3022152,3078843,56691
ENSG00000273160,167426979,167429128,2149
ENSG00000237472,23330438,23330756,318
ENSG00000238582,208938785,208938886,101
ENSG00000267594,15871051,15890719,19668
ENSG00000232525,35164138,35164350,212
ENSG00000236700,134758854,134825719,66865
ENSG00000263793,23370798,23370865,67
ENSG00000264419,117102646,117102733,87
ENSG00000159761,67700719,67702661,1942
ENSG00000259583,101433945,101459488,25543
ENSG00000224881,87607003,87607890,887
ENSG00000239467,171627623,171634658,7035
ENSG00000259049,53241955,53244458,2503
ENSG00000254898,38193499,38195069,1570
ENSG00000227776,167488773,167489823,1050
ENSG00000229150,208972957,208977235,4278
ENSG00000258499,93372042,93373827,1785
ENSG00000254171,165555503,165582444,26941
ENSG00000238532,117134728,117134821,93
ENSG00000266802,23384351,23384427,76
ENSG00000206996,12901859,12901965,106
ENSG00000211543,117214371,117214449,78
ENSG00000211949,106725201,106725733,532
ENSG00000260048,32070405,32070693,288
ENSG00000224970,142573589,142590199,16610
ENSG00000075340,70834750,70995357,160607
ENSG00000248479,66567920,66571271,3351
ENSG00000213563,145751117,145754516,3399
ENSG00000229010,23466818,23467635,817
ENSG00000200630,13017687,13017788,101
ENSG00000238341,122463543,122463633,90
ENSG00000229051,71172136,71252151,80015
ENSG00000268206,26638667,26642323,3656
ENSG00000064999,34857042,35059179,202137
ENSG00000241418,130929685,130930195,510
ENSG00000264903,165586438,165586525,87
ENSG00000171564,155484108,155492238,8130
ENSG00000231072,117256455,117257457,1002
ENSG00000264700,53252295,53252581,286
ENSG00000223047,35215703,35215810,107
ENSG00000222765,66672958,66673153,195
ENSG00000234886,102057969,102061066,3097
ENSG00000239293,142744314,142744681,367
ENSG00000258698,53259593,53286752,27159
ENSG00000213239,122466088,122466691,603
ENSG00000231529,220658446,220660385,1939
ENSG00000222909,35231897,35232003,106
ENSG00000223679,23332865,23350523,17658
ENSG00000251527,66724479,66725922,1443
ENSG00000258730,93533797,93538497,4700
ENSG00000258802,53265622,53265779,157
ENSG00000271788,43006835,43007645,810
ENSG00000224529,209000118,209002421,2303
ENSG00000226208,71181616,71185972,4356
ENSG00000272092,38239882,38240979,1097
ENSG00000243872,220745085,220745377,292
ENSG00000213724,35253997,35255187,1190
ENSG00000206935,23489197,23489303,106
ENSG00000179420,142759427,142760735,1308
ENSG00000101188,61340189,61394123,53934
ENSG00000271075,53338176,53338935,759
ENSG00000272019,23474919,23475192,273
ENSG00000235782,71413062,71417176,4114
ENSG00000231029,167560629,167561083,454
ENSG00000249413,66864564,67015730,151166
ENSG00000222509,171639677,171639781,104
ENSG00000204197,33288143,33306509,18366
ENSG00000252578,23490446,23490546,100
ENSG00000228089,130937340,130937769,429
ENSG00000221069,23478807,23478897,90
ENSG00000233012,220799082,220801398,2316
ENSG00000007392,238968,279462,40494
ENSG00000258503,53478689,53478985,296
ENSG00000211950,106733144,106733639,495
ENSG00000215381,23571258,23571717,459
ENSG00000253517,63767627,63769693,2066
ENSG00000272304,66868999,66882510,13511
ENSG00000269933,71471537,71472185,648
ENSG00000235934,171672803,171674547,1744
ENSG00000177738,43014516,43067521,53005
ENSG00000254981,38258054,38259201,1147
ENSG00000236794,23522058,23522465,407
ENSG00000223489,117282603,117285231,2628
ENSG00000232310,134846452,134980974,134522
ENSG00000236562,66959844,66960244,400
ENSG00000241666,167596622,167599911,3289
ENSG00000235079,71514538,71532867,18329
ENSG00000235190,131071698,131071881,183
ENSG00000260324,17794251,17842867,48616
ENSG00000253431,63775641,63776740,1099
ENSG00000112378,138409642,138428648,19006
ENSG00000109084,26646121,26655707,9586
ENSG00000260176,2694085,2695215,1130
ENSG00000222041,87754887,87906324,151437
ENSG00000250762,167789136,167789486,350
ENSG00000261326,23607802,23613245,5443
ENSG00000240160,23603971,23604258,287
ENSG00000169756,109150857,109303702,152845
ENSG00000184897,129033615,129035120,1505
ENSG00000230267,32114566,32199434,84868
ENSG00000272159,38265566,38266260,694
ENSG00000230701,23605323,23606541,1218
ENSG00000269711,7743387,7747740,4353
ENSG00000253932,13196083,13200263,4180
ENSG00000266020,171772719,171772804,85
ENSG00000232194,167789644,167790462,818
ENSG00000233869,209072859,209073708,849
ENSG00000221563,67142542,67142646,104
ENSG00000207721,71533314,71533399,85
ENSG00000200587,131072874,131072984,110
ENSG00000243307,26864731,26866556,1825
ENSG00000201405,23696747,23696839,92
ENSG00000111981,150285143,150294846,9703
ENSG00000266228,35368526,35368608,82
ENSG00000108405,3799886,3819794,19908
ENSG00000238567,172002840,172002937,97
ENSG00000225079,117317726,117318245,519
ENSG00000271420,23704873,23705522,649
ENSG00000255201,38279407,38283614,4207
ENSG00000260565,2710350,2723445,13095
ENSG00000228111,209079448,209087349,7901
ENSG00000221545,167967898,167967964,66
ENSG00000244099,67296810,67297239,429
ENSG00000253257,13210910,13211039,129
ENSG00000224553,172231441,172231788,347
ENSG00000233688,154147853,154148457,604
ENSG00000231840,142952357,142984473,32116
ENSG00000238276,120001076,120027222,26146
ENSG00000224843,26924771,26991703,66932
ENSG00000236802,33415294,33416979,1685
ENSG00000230534,35386934,35415948,29014
ENSG00000265686,131130873,131130961,88
ENSG00000224837,168025139,168025660,521
ENSG00000232482,23737325,23738639,1314
ENSG00000252890,67762980,67763089,109
ENSG00000263524,209098168,209098229,61
ENSG00000252179,13393538,13393644,106
ENSG00000212017,57254930,57255010,80
ENSG00000218772,134924702,134925836,1134
ENSG00000228819,131264119,131265380,1261
ENSG00000228507,172347932,172348441,509
ENSG00000123243,7601232,7708961,107729
ENSG00000164733,11700033,11726957,26924
ENSG00000255069,13415166,13462119,46953
ENSG00000266579,57358736,57362565,3829
ENSG00000231908,209119971,209120905,934
ENSG00000221425,117447772,117447916,144
ENSG00000181029,7745729,7747744,2015
ENSG00000194270,42865101,42865188,87
ENSG00000250075,68283023,68333969,50946
ENSG00000239218,38291865,38293182,1317
ENSG00000227649,102061092,102061574,482
ENSG00000240915,63925627,63927240,1613
ENSG00000234061,172349415,172349605,190
ENSG00000272715,117451771,117452153,382
ENSG00000239419,142987708,142988004,296
ENSG00000226523,42907228,42907419,191
ENSG00000272312,26968987,26969427,440
ENSG00000214566,57686969,57687949,980
ENSG00000260314,17851343,17953161,101818
ENSG00000240322,142995609,142995905,296
ENSG00000253121,63936931,63937853,922
ENSG00000229722,134927437,134930575,3138
ENSG00000206298,32737204,32741190,3986
ENSG00000238621,26988114,26988226,112
ENSG00000254491,13441398,13442042,644
ENSG00000229956,71547007,71955652,408645
ENSG00000237049,168179854,168180207,353
ENSG00000214526,23664730,23665114,384
ENSG00000231531,143009774,143010154,380
ENSG00000253054,35424371,35424430,59
ENSG00000259376,101583921,101589661,5740
ENSG00000252510,117504969,117505093,124
ENSG00000235991,154365386,154384778,19392
ENSG00000227723,134957627,134963633,6006
ENSG00000200550,42939880,42939987,107
ENSG00000233762,172373749,172374232,483
ENSG00000228380,209134067,209134681,614
ENSG00000235052,23875630,23877406,1776
ENSG00000220581,27001214,27002089,875
ENSG00000225782,220835813,220836458,645
ENSG00000232160,131351175,131566890,215715
ENSG00000172771,129120164,129147494,27330
ENSG00000233343,35447234,35447568,334
ENSG00000216762,27028144,27029028,884
ENSG00000213235,17143604,17145017,1413
ENSG00000236611,23668803,23670680,1877
ENSG00000006114,35874900,35969544,94644
ENSG00000141098,67708434,67753324,44890
ENSG00000206629,68295309,68295472,163
ENSG00000213081,209225356,209226094,738
ENSG00000226491,43024365,43025852,1487
ENSG00000236137,117568104,117602112,34008
ENSG00000229239,23996784,24006749,9965
ENSG00000221571,220998962,220999389,427
ENSG00000259755,101590937,101626271,35334
ENSG00000219770,27051059,27051926,867
ENSG00000205929,34162985,34186053,23068
ENSG00000229794,102061669,102062752,1083
ENSG00000236389,135027198,135028487,1289
ENSG00000231273,57690895,57691645,750
ENSG00000203589,24032291,24033424,1133
ENSG00000250030,68311985,68312292,307
ENSG00000237131,168184643,168184890,247
ENSG00000222800,27077569,27077759,190
ENSG00000239353,132264269,132275965,11696
ENSG00000259365,101656808,101657751,943
ENSG00000269952,35499344,35499678,334
ENSG00000272823,221002018,221002553,535
ENSG00000265454,209234286,209234347,61
ENSG00000244609,24063100,24063380,280
ENSG00000253555,64048782,64050643,1861
ENSG00000272468,27090436,27091000,564
ENSG00000222055,2763020,2763101,81
ENSG00000233934,172443603,172443769,166
ENSG00000212358,17224332,17224439,107
ENSG00000213117,135219012,135219897,885
ENSG00000227430,209330963,209331351,388
ENSG00000262828,57793932,57794280,348
ENSG00000233200,35508822,35519526,10704
ENSG00000242991,17274650,17275394,744
ENSG00000236810,24086872,24104777,17905
ENSG00000232139,120116620,120124615,7995
ENSG00000231896,209334575,209405138,70563
ENSG00000238078,221002597,221005771,3174
ENSG00000215478,23701790,23729918,28128
ENSG00000215930,117637265,117637350,85
ENSG00000227619,132337688,132346835,9147
ENSG00000214262,168214803,168216581,1778
ENSG00000270257,68503895,68504077,182
ENSG00000215307,57841107,57842388,1281
ENSG00000265565,27115405,27115467,62
ENSG00000076513,110436991,110477568,40577
ENSG00000228453,117680851,117681231,380
ENSG00000205913,2787077,2802601,15524
ENSG00000224978,154441199,154441916,717
ENSG00000253070,35520259,35520322,63
ENSG00000232409,209381633,209381955,322
ENSG00000101189,61427805,61431945,4140
ENSG00000256896,17536286,17537581,1295
ENSG00000174572,27179023,27179692,669
ENSG00000200097,35539887,35539980,93
ENSG00000228389,172629992,172632354,2362
ENSG00000202164,209785271,209785388,117
ENSG00000270673,64080284,64081001,717
ENSG00000251131,43018531,43024349,5818
ENSG00000255457,13553083,13563015,9932
ENSG00000235202,117838142,117863958,25816
ENSG00000005156,33307513,33332083,24570
ENSG00000256756,17553333,17553848,515
ENSG00000271335,35603480,35625329,21849
ENSG00000206880,168232613,168232719,106
ENSG00000252779,172713076,172713180,104
ENSG00000235864,209937321,209938872,1551
ENSG00000264347,24208284,24208575,291
ENSG00000227628,52333857,52334578,721
ENSG00000227722,168338292,168338839,547
ENSG00000131100,18074902,18111584,36682
ENSG00000257551,221006105,221053482,47377
ENSG00000270213,58028201,58028363,162
ENSG00000236651,172967734,172974710,6976
ENSG00000253361,38401170,38410198,9028
ENSG00000216181,132353755,132353841,86
ENSG00000238538,24208745,24208842,97
ENSG00000240056,135262530,135263588,1058
ENSG00000136319,20724717,20774153,49436
ENSG00000248049,68566998,68946670,379672
ENSG00000256994,17662287,17742926,80639
ENSG00000232202,43053462,43054757,1295
ENSG00000225008,154519651,154520644,993
ENSG00000207974,168344762,168344859,97
ENSG00000234789,132402755,132403561,806
ENSG00000229106,24227961,24229227,1266
ENSG00000254100,38409766,38416538,6772
ENSG00000232799,210009965,210012411,2446
ENSG00000231283,52345599,52346259,660
ENSG00000232876,135376171,135381688,5517
ENSG00000270935,27235892,27237008,1116
ENSG00000234255,65669189,65683705,14516
ENSG00000271427,117907521,117908095,574
ENSG00000273312,35894929,35897081,2152
ENSG00000272541,58182169,58182746,577
ENSG00000224739,43228495,43233200,4705
ENSG00000136250,36552456,36764154,211698
ENSG00000226211,221307207,221307563,356
ENSG00000228697,168370067,168391894,21827
ENSG00000239407,102139342,102161086,21744
ENSG00000238572,173020757,173020848,91
ENSG00000133454,26138111,26427007,288896
ENSG00000261542,64128539,64130592,2053
ENSG00000240286,210043528,210046742,3214
ENSG00000226755,118092037,118092544,507
ENSG00000266281,120305606,120305676,70
ENSG00000271761,58228887,58229426,539
ENSG00000164506,147525561,147706866,181305
ENSG00000236703,135516221,135517133,912
ENSG00000232555,173180015,173188465,8450
ENSG00000253570,38458179,38458718,539
ENSG00000272382,43033818,43034737,919
ENSG00000264548,80172103,80175228,3125
ENSG00000220758,27292578,27293742,1164
ENSG00000231775,52370417,52373978,3561
ENSG00000228986,154521460,154522731,1271
ENSG00000026950,26402465,26415444,12979
ENSG00000234309,120332383,120333132,749
ENSG00000234754,221503422,221509638,6216
ENSG00000197023,4910823,4911826,1003
ENSG00000229670,210043690,210045847,2157
ENSG00000272316,58234838,58240189,5351
ENSG00000232557,24233601,24234375,774
ENSG00000206900,131714145,131714251,106
ENSG00000207689,135560298,135560394,96
ENSG00000268605,42928536,42929223,687
ENSG00000226963,173292502,173293331,829
ENSG00000184551,80206943,80209703,2760
ENSG00000264926,24255560,24255637,77
ENSG00000222317,210586637,210586745,108
ENSG00000229119,165809310,165809604,294
ENSG00000254321,38558144,38562373,4229
ENSG00000256389,17742191,17768397,26206
ENSG00000241964,64147195,64147469,274
ENSG00000224374,135581134,135582071,937
ENSG00000239650,58246051,58256569,10518
ENSG00000263658,120390435,120390554,119
ENSG00000253048,42977027,42977161,134
ENSG00000236024,132475175,132480914,5739
ENSG00000230228,24275506,24275873,367
ENSG00000264239,71607658,71607751,93
ENSG00000237194,210673528,210674304,776
ENSG00000231826,43254992,43266686,11694
ENSG00000215833,168418910,168420449,1539
ENSG00000230491,154539560,154539803,243
ENSG00000236866,118139454,118148392,8938
ENSG00000232788,173328990,173330750,1760
ENSG00000232384,52464670,52467221,2551
ENSG00000269374,42989228,42989866,638
ENSG00000232436,221681901,221684321,2420
ENSG00000205927,34398153,34401504,3351
ENSG00000237726,71716682,71717802,1120
ENSG00000225155,120403272,120403710,438
ENSG00000272807,210893141,210893880,739
ENSG00000265692,80247922,80250690,2768
ENSG00000234084,135622706,135628296,5590
ENSG00000215905,24334371,24335009,638
ENSG00000254130,166332227,166353375,21148
ENSG00000206662,17863868,17863980,112
ENSG00000255413,13599318,13600290,972
ENSG00000104921,7753644,7767032,13388
ENSG00000227585,221723128,221723985,857
ENSG00000241020,82924047,82924446,399
ENSG00000226324,71832737,71832986,249
ENSG00000259182,101708735,101711026,2291
ENSG00000235849,131801670,131803916,2246
ENSG00000204789,27325604,27339304,13700
ENSG00000255892,18511377,18511901,524
ENSG00000253713,166543323,166546590,3267
ENSG00000230558,43064585,43065902,1317
ENSG00000132466,73939093,74124515,185422
ENSG00000254753,13701610,13706618,5008
ENSG00000171217,155585147,155597682,12535
ENSG00000231985,72036639,72039241,2602
ENSG00000270798,122501055,122503497,2442
ENSG00000227064,132041307,132041603,296
ENSG00000271618,72203856,72204037,181
ENSG00000255824,132500629,132501902,1273
ENSG00000259172,101835624,101845942,10318
ENSG00000227469,52501127,52501685,558
ENSG00000225205,173345568,173421324,75756
ENSG00000253205,64297397,64382763,85366
ENSG00000201012,135795642,135795747,105
ENSG00000237658,168433452,168464882,31430
ENSG00000255960,18577597,18578074,477
ENSG00000205667,2924654,2951612,26958
ENSG00000253469,166591939,166595406,3467
ENSG00000228137,47666804,47667596,792
ENSG00000227925,222001008,222014008,13000
ENSG00000259764,101874642,101877633,2991
ENSG00000255234,82997171,83134559,137388
ENSG00000207258,38601538,38601649,111
ENSG00000251836,120545264,120545475,211
ENSG00000254425,13766740,13767289,549
ENSG00000233909,132553475,132554116,641
ENSG00000146215,43267448,43276535,9087
ENSG00000227777,168511975,168512592,617
ENSG00000253586,38657161,38659814,2653
ENSG00000145777,110405760,110413722,7962
ENSG00000228853,72259915,72302695,42780
ENSG00000236058,120631561,120632114,553
ENSG00000259464,102102739,102103177,438
ENSG00000256138,18645985,18646657,672
ENSG00000239415,47671463,47674047,2584
ENSG00000225315,24367325,24413289,45964
ENSG00000229936,52518793,52519069,276
ENSG00000108602,19641297,19652256,10959
ENSG00000213262,118183434,118184261,827
ENSG00000204397,104912053,104972158,60105
ENSG00000227023,4958601,4959524,923
ENSG00000250656,68582093,68583106,1013
ENSG00000234050,102192698,102195489,2791
ENSG00000258595,93604411,93604810,399
ENSG00000225949,132275328,132277968,2640
ENSG00000263189,52030297,52032685,2388
ENSG00000233681,43124364,43137186,12822
ENSG00000231028,135818489,136037193,218704
ENSG00000231457,52555981,52556851,870
ENSG00000224655,122548020,122554278,6258
ENSG00000215068,43041677,43045492,3815
ENSG00000230703,24393264,24410055,16791
ENSG00000255003,83039969,83040289,320
ENSG00000200033,222010676,222010779,103
ENSG00000233994,72740235,72740842,607
ENSG00000255437,13880196,13880931,735
ENSG00000270228,68584714,68589980,5266
ENSG00000225043,47840467,47840948,481
ENSG00000229127,210895457,210929080,33623
ENSG00000240096,93689944,93690485,541
ENSG00000229757,168547891,168548677,786
ENSG00000230023,24526730,24538183,11453
ENSG00000238042,222054323,222151865,97542
ENSG00000253829,38702384,38703957,1573
ENSG00000227058,52574163,52576707,2544
ENSG00000241499,93710356,93710669,313
ENSG00000218189,58263736,58265293,1557
ENSG00000213574,120692186,120692807,621
ENSG00000270292,68590901,68592113,1212
ENSG00000231063,210952950,210953788,838
ENSG00000221032,24554407,24554520,113
ENSG00000256466,83167649,83168256,607
ENSG00000199866,173422879,173422980,101
ENSG00000207100,132286782,132286920,138
ENSG00000224632,102262389,102263000,611
ENSG00000202374,68612954,68613104,150
ENSG00000227207,72767155,72767512,357
ENSG00000255993,18845696,18847030,1334
ENSG00000225003,4994173,4995114,941
ENSG00000112379,138483058,138665800,182742
ENSG00000108846,48712138,48769613,57475
ENSG00000212266,118231243,118231364,121
ENSG00000261965,52555157,52555529,372
ENSG00000266511,24606257,24606345,88
ENSG00000230104,173538940,173539626,686
ENSG00000253645,38827879,38830530,2651
ENSG00000231593,52590781,52591313,532
ENSG00000223692,47882384,47889219,6835
ENSG00000232398,68632198,68639572,7374
ENSG00000221010,102323793,102323914,121
ENSG00000270719,118242651,118242864,213
ENSG00000267957,75880013,75880621,608
ENSG00000232298,24634046,24648391,14345
ENSG00000202199,132372685,132372844,159
ENSG00000224216,154564167,154581271,17104
ENSG00000254575,14018806,14022868,4062
ENSG00000255648,18867729,18890812,23083
ENSG00000259777,17993891,18085286,91395
ENSG00000228016,173541869,173600934,59065
ENSG00000255311,83354645,83436433,81788
ENSG00000228437,222139683,222158306,18623
ENSG00000269772,75880800,75881121,321
ENSG00000207199,38876134,38876202,68
ENSG00000212366,73183346,73183452,106
ENSG00000060491,61436187,61445352,9165
ENSG00000221578,168717034,168717120,86
ENSG00000149654,44802372,44937137,134765
ENSG00000266551,24855945,24856204,259
ENSG00000265471,132425321,132425399,78
ENSG00000236900,76104308,76104563,255
ENSG00000215190,58272352,58287779,15427
ENSG00000227525,19241974,19242825,851
ENSG00000225087,73214604,73364823,150219
ENSG00000254365,166714325,166721278,6953
ENSG00000202239,47945531,47945635,104
ENSG00000224300,5036368,5037309,941
ENSG00000235736,168732603,168743728,11125
ENSG00000250705,87898598,87898935,337
ENSG00000264443,24865292,24882515,17223
ENSG00000243095,39015057,39016220,1163
ENSG00000228217,118320709,118321128,419
ENSG00000212094,222186349,222186432,83
ENSG00000224988,132645972,132646449,477
ENSG00000272283,47955709,47956003,294
ENSG00000254297,166723239,166730377,7138
ENSG00000184221,34442450,34444726,2276
ENSG00000230578,154578066,154579111,1045
ENSG00000214629,76131293,76132174,881
ENSG00000226241,102342126,102344205,2079
ENSG00000227016,73230714,73245974,15260
ENSG00000232679,222215047,222238105,23058
ENSG00000230982,48073470,48073934,464
ENSG00000225826,168756177,168762124,5947
ENSG00000250868,19880862,19889280,8418
ENSG00000222209,118806995,118807112,117
ENSG00000253527,166733278,166736875,3597
ENSG00000233978,43268332,43270921,2589
ENSG00000229009,68857402,68881486,24084
ENSG00000161573,34303529,34308532,5003
ENSG00000230261,5058243,5059181,938
ENSG00000226126,119156956,119158269,1313
ENSG00000239041,173556027,173556130,103
ENSG00000227312,24890118,24890465,347
ENSG00000207087,43318526,43318632,106
ENSG00000245864,87972036,88018648,46612
ENSG00000229636,73570475,73571965,1490
ENSG00000254187,167080233,167087486,7253
ENSG00000206765,132665751,132665854,103
ENSG00000232292,173758491,173759111,620
ENSG00000095574,124750322,124768333,18011
ENSG00000231561,43158352,43173228,14876
ENSG00000236230,222262511,222560776,298265
ENSG00000213731,76183193,76183772,579
ENSG00000230587,43324884,43329829,4945
ENSG00000227008,132804999,132805414,415
ENSG00000211951,106757650,106758116,466
ENSG00000250377,87988462,87989789,1327
ENSG00000271755,27371789,27374743,2954
ENSG00000074771,155716504,155777037,60533
ENSG00000212932,48110676,48111157,481
ENSG00000260563,80251592,80252786,1194
ENSG00000229612,168867374,168867677,303
ENSG00000221190,154612749,154612847,98
ENSG00000265709,173926460,173926540,80
ENSG00000254629,83501020,83502621,1601
ENSG00000237856,123822897,123825298,2401
ENSG00000239106,24951902,24952004,102
ENSG00000123009,120719940,120720632,692
ENSG00000215096,64321622,64322015,393
ENSG00000214366,14166542,14167181,639
ENSG00000238986,24993474,24993578,104
ENSG00000237154,27375476,27375775,299
ENSG00000227613,222435175,222436138,963
ENSG00000238133,174031174,174146764,115590
ENSG00000253160,39167428,39167962,534
ENSG00000250257,83525614,83526306,692
ENSG00000238482,25104364,25104470,106
ENSG00000260011,80338986,80340566,1580
ENSG00000236621,5090802,5091691,889
ENSG00000272144,43061497,43062543,1046
ENSG00000250555,87988468,87988676,208
ENSG00000232342,76265890,76290311,24421
ENSG00000236222,33417262,33427651,10389
ENSG00000221603,154687178,154687276,98
ENSG00000203601,168873143,169056243,183100
ENSG00000226540,135940303,135941309,1006
ENSG00000229162,25287836,25289588,1752
ENSG00000251825,73657287,73657538,251
ENSG00000229911,119255622,119256301,679
ENSG00000106144,142985308,143004789,19481
ENSG00000211495,132880775,132880873,98
ENSG00000234936,43456712,43460533,3821
ENSG00000062096,2959512,3030767,71255
ENSG00000164237,10275987,10308138,32151
ENSG00000253894,64378407,64388040,9633
ENSG00000230684,132695815,132698820,3005
ENSG00000237354,5097360,5098296,936
ENSG00000264838,83940603,83940692,89
ENSG00000226643,222626082,222628047,1965
ENSG00000155918,150339470,150346668,7198
ENSG00000226253,76287342,76287705,363
ENSG00000270666,27482818,27483053,235
ENSG00000264812,80358579,80359258,679
ENSG00000164022,107236701,107270383,33682
ENSG00000261025,25294914,25297356,2442
ENSG00000233973,73771853,73820934,49081
ENSG00000254713,84256174,84257889,1715
ENSG00000243167,43174157,43174968,811
ENSG00000249779,43206811,43207913,1102
ENSG00000213063,168907705,168908161,456
ENSG00000206756,76311150,76311251,101
ENSG00000147799,145754563,145911194,156631
ENSG00000264371,25349994,25350077,83
ENSG00000270755,132806992,132807360,368
ENSG00000271710,76401168,76401534,366
ENSG00000201239,80375102,80375197,95
ENSG00000218347,27490855,27492118,1263
ENSG00000234419,222641436,222644224,2788
ENSG00000226172,119542967,119544015,1048
ENSG00000223555,19894090,19896695,2605
ENSG00000214626,76414714,76415889,1175
ENSG00000233755,25370198,25439611,69413
ENSG00000252804,43635446,43635551,105
ENSG00000265458,80412149,80416397,4248
ENSG00000231735,174162357,174163240,883
ENSG00000229086,34537776,34542541,4765
ENSG00000207411,43848017,43848123,106
ENSG00000213525,76504144,76504465,321
ENSG00000239216,119543241,119544028,787
ENSG00000236391,174202947,174220936,17989
ENSG00000122783,134777115,134855547,78432
ENSG00000224533,154695631,154841277,145646
ENSG00000249888,43225608,43225915,307
ENSG00000202538,120729566,120729706,140
ENSG00000255221,104963196,104972158,8962
ENSG00000223188,132883085,132883191,106
ENSG00000248309,88179145,88762215,583070
ENSG00000224238,119590028,119607408,17380
ENSG00000222399,222676974,222677077,103
ENSG00000252987,169036502,169036602,100
ENSG00000233419,25451544,25451945,401
ENSG00000264169,133275653,133275950,297
ENSG00000223658,43902292,43903461,1169
ENSG00000235521,19900195,19901364,1169
ENSG00000207428,68869613,68869719,106
ENSG00000223575,119627621,119628577,956
ENSG00000237707,169073362,169074145,783
ENSG00000266445,80434473,80435800,1327
ENSG00000225265,222763167,222766374,3207
ENSG00000219738,27528601,27529523,922
ENSG00000227725,68904262,68905368,1106
ENSG00000167601,41725108,41767671,42563
ENSG00000133318,63448918,63527363,78445
ENSG00000249096,185286336,185303460,17124
ENSG00000240174,84351036,84351608,572
ENSG00000213148,174296077,174296540,463
ENSG00000186076,94034598,94035362,764
ENSG00000236804,119669162,119669914,752
ENSG00000231953,25534630,25535360,730
ENSG00000233534,135950543,135951406,863
ENSG00000235575,169279903,169291717,11814
ENSG00000226157,5113906,5114841,935
ENSG00000253583,64498558,64501966,3408
ENSG00000223479,74100899,74180897,79998
ENSG00000272432,25574328,25574812,484
ENSG00000238298,133325241,133325342,101
ENSG00000254787,84431869,84511744,79875
ENSG00000206671,27564191,27564296,105
ENSG00000236832,174342724,174343128,404
ENSG00000070047,576486,612222,35736
ENSG00000234437,169411876,169429690,17814
ENSG00000238648,27599188,27599311,123
ENSG00000217482,135957224,135957851,627
ENSG00000261349,25592593,25593627,1034
ENSG00000232172,133527186,133527770,584
ENSG00000238092,43285358,43290747,5389
ENSG00000200601,74215200,74215306,106
ENSG00000141084,67757005,67840555,83550
ENSG00000216676,27620381,27620604,223
ENSG00000255555,84647733,84666749,19016
ENSG00000157593,44221833,44225291,3458
ENSG00000224183,25620655,25621134,479
ENSG00000252005,74349396,74349505,109
ENSG00000013523,77253588,77292589,39001
ENSG00000226131,174350593,174351090,497
ENSG00000215127,68926312,68929015,2703
ENSG00000225096,58291908,58298496,6588
ENSG00000225393,154697947,154716707,18760
ENSG00000196115,39172110,39274897,102787
ENSG00000237324,74807263,74844486,37223
ENSG00000255396,84708270,84708812,542
ENSG00000252358,64521912,64522158,246
ENSG00000231365,119683019,119818596,135577
ENSG00000242692,10162079,10162549,470
ENSG00000235720,63353664,63355019,1355
ENSG00000251878,185353120,185353203,83
ENSG00000255501,105008448,105010453,2005
ENSG00000203560,5125383,5126314,931
ENSG00000237016,174439838,174441069,1231
ENSG00000214563,58293965,58294939,974
ENSG00000263106,55316415,55316521,106
ENSG00000216915,27704779,27706273,1494
ENSG00000233894,74933879,74935227,1348
ENSG00000259984,25662920,25663956,1036
ENSG00000234604,169443298,169443397,99
ENSG00000270426,185393078,185393763,685
ENSG00000253554,64599737,65281115,681378
ENSG00000226581,63361201,63378372,17171
ENSG00000128833,52484519,52587995,103476
ENSG00000213305,84731829,84732699,870
ENSG00000252515,25667462,25667525,63
ENSG00000250426,69048010,69078188,30178
ENSG00000186886,55493594,55494634,1040
ENSG00000224797,133600173,133600437,264
ENSG00000213062,169455380,169456846,1466
ENSG00000271646,185395956,185398458,2502
ENSG00000238889,25672765,25672868,103
ENSG00000225877,43326015,43331030,5015
ENSG00000229399,222814756,222815200,444
ENSG00000254684,85047119,85047616,497
ENSG00000234497,75055419,75087403,31984
ENSG00000263891,63361446,63361511,65
ENSG00000258274,94101567,94131599,30032
ENSG00000238084,25725203,25725771,568
ENSG00000273388,10195137,10221243,26106
ENSG00000216687,58397998,58399412,1414
ENSG00000236378,136128286,136129604,1318
ENSG00000226342,63369344,63370831,1487
ENSG00000264067,10223709,10244775,21066
ENSG00000230704,169732070,169733789,1719
ENSG00000151929,121410882,121437331,26449
ENSG00000138395,202655184,202760273,105089
ENSG00000254897,85163326,85164742,1416
ENSG00000271538,185427614,185458708,31094
ENSG00000238921,136235893,136235985,92
ENSG00000248257,43343520,43359870,16350
ENSG00000200355,172489067,172489195,128
ENSG00000218069,27748398,27748890,492
ENSG00000181837,55522452,55523433,981
ENSG00000237617,174570676,174570876,200
ENSG00000222121,136298949,136299041,92
ENSG00000264978,94224852,94225146,294
ENSG00000201458,172514219,172514348,129
ENSG00000272864,75164453,75165017,564
ENSG00000272750,222832209,222834854,2645
ENSG00000214561,58446019,58447307,1288
ENSG00000227910,63385165,63386684,1519
ENSG00000272736,10286449,10441179,154730
ENSG00000266468,25732722,25732780,58
ENSG00000258303,94229943,94231814,1871
ENSG00000270460,174675804,174676120,316
ENSG00000239494,169828897,169829193,296
ENSG00000249056,185480329,185480937,608
ENSG00000107819,102790991,102800998,10007
ENSG00000213111,136355169,136356293,1124
ENSG00000263877,222881579,222881873,294
ENSG00000237801,155058248,155059239,991
ENSG00000206583,85220982,85221088,106
ENSG00000225643,25907969,25916847,8878
ENSG00000243051,169927085,169927387,302
ENSG00000234415,174736381,174737193,812
ENSG00000141458,21086148,21166862,80714
ENSG00000257283,94288741,94337379,48638
ENSG00000229943,75428998,75430802,1804
ENSG00000250026,69049802,69093787,43985
ENSG00000217862,27774853,27775117,264
ENSG00000236658,133809238,133820907,11669
ENSG00000255019,55554440,55555381,941
ENSG00000255005,85627545,85634725,7180
ENSG00000254233,185505247,185546184,40937
ENSG00000235378,169959208,169959337,129
ENSG00000227056,119761937,119762719,782
ENSG00000261213,75588203,75589612,1409
ENSG00000233478,25971035,25985602,14567
ENSG00000252582,133896555,133896693,138
ENSG00000133574,150264365,150271041,6676
ENSG00000271382,94338817,94341589,2772
ENSG00000254479,85645780,85646706,926
ENSG00000228459,3189861,3202694,12833
ENSG00000224638,174745593,174764156,18563
ENSG00000236897,5127292,5128760,1468
ENSG00000224127,75593515,75598743,5228
ENSG00000265017,63387214,63387279,65
ENSG00000203260,169990599,169991390,791
ENSG00000186124,55623068,55623988,920
ENSG00000132622,3713314,3733758,20444
ENSG00000237040,155105299,155105548,249
ENSG00000217646,27831840,27832179,339
ENSG00000213645,63391519,63392346,827
ENSG00000228172,26143240,26146263,3023
ENSG00000238679,119801664,119801764,100
ENSG00000272975,10286461,10527203,240742
ENSG00000232959,169993218,169993824,606
ENSG00000232740,123823727,123831057,7330
ENSG00000271151,174833079,174834146,1067
ENSG00000238666,85805234,85805337,103
ENSG00000252622,134002377,134002478,101
ENSG00000228410,155208657,155208990,333
ENSG00000224149,75595659,75598261,2602
ENSG00000249138,185719450,185720200,750
ENSG00000227712,119802888,119869926,67038
ENSG00000125637,113914902,113966973,52071
ENSG00000200877,85864269,85864376,107
ENSG00000255204,55631408,55648719,17311
ENSG00000224896,170084777,170085717,940
ENSG00000253357,167148368,167156129,7761
ENSG00000228106,222988364,223010726,22362
ENSG00000223484,155215035,155215914,879
ENSG00000254699,85903829,85904524,695
ENSG00000206999,75648730,75648832,102
ENSG00000227844,136364990,136393965,28975
ENSG00000221741,167297550,167297670,120
ENSG00000238610,27865282,27865344,62
ENSG00000223633,58488888,58513860,24972
ENSG00000139496,25875662,25923938,48276
ENSG00000224493,75987247,75987916,669
ENSG00000273258,174876584,174877703,1119
ENSG00000227349,43453655,43454539,884
ENSG00000251230,185765739,185776905,11166
ENSG00000226708,124200842,124202021,1179
ENSG00000254502,85906174,85907308,1134
ENSG00000253762,64617314,64664235,46921
ENSG00000168126,27905243,27906181,938
ENSG00000263390,170120519,170120603,84
ENSG00000220030,61996403,61996816,413
ENSG00000260868,174890008,174891891,1883
ENSG00000232650,119870799,119898805,28006
ENSG00000252338,76003700,76003804,104
ENSG00000214970,10482357,10526353,43996
ENSG00000253660,167364722,167380474,15752
ENSG00000213579,76047784,76048240,456
ENSG00000254783,85994969,85995710,741
ENSG00000233985,170143544,170210428,66884
ENSG00000235414,174907736,174908608,872
ENSG00000250950,120377505,120378432,927
ENSG00000221606,62056770,62056882,112
ENSG00000272478,26158404,26158625,221
ENSG00000221689,124439683,124439791,108
ENSG00000236932,43540021,43545400,5379
ENSG00000250686,62340138,62390954,50816
ENSG00000236528,26186104,26189911,3807
ENSG00000253947,167392192,167394091,1899
ENSG00000221245,120490854,120490980,126
ENSG00000270799,175036619,175037453,834
ENSG00000256844,19260788,19261117,329
ENSG00000255499,55633185,55633296,111
ENSG00000213494,34310327,34329100,18773
ENSG00000236986,134008252,134042892,34640
ENSG00000230863,76107031,76107772,741
ENSG00000255222,86005802,86006618,816
ENSG00000270726,155233883,155255299,21416
ENSG00000259695,102121096,102121759,663
ENSG00000266698,185772167,185772264,97
ENSG00000198933,45771447,45789416,17969
ENSG00000243770,175104870,175105146,276
ENSG00000207302,26203987,26204096,109
ENSG00000238051,170180151,170180598,447
ENSG00000235640,124452878,124454972,2094
ENSG00000194297,119874020,119874148,128
ENSG00000171435,117890817,118406788,515971
ENSG00000250772,120720244,120725670,5426
ENSG00000254547,55635045,55642013,6968
ENSG00000253284,19300008,19307593,7585
ENSG00000201088,175129606,175129709,103
ENSG00000229786,26213851,26214101,250
ENSG00000239856,86035056,86035351,295
ENSG00000178193,76175688,76189696,14008
ENSG00000230529,43600608,43601512,904
ENSG00000216859,63170845,63171408,563
ENSG00000230921,119911569,119912954,1385
ENSG00000101825,3226606,3264682,38076
ENSG00000182566,7793843,7798792,4949
ENSG00000249173,185815025,185820608,5583
ENSG00000227180,175164052,175165684,1632
ENSG00000254733,86142632,86333909,191277
ENSG00000223624,26215461,26215600,139
ENSG00000240993,19329225,19329523,298
ENSG00000214374,27932953,27933292,339
ENSG00000252614,102188409,102188515,106
ENSG00000263199,52780297,52780791,494
ENSG00000237596,136415853,136546733,130880
ENSG00000261433,10561859,10562399,540
ENSG00000243854,19456414,19456710,296
ENSG00000134987,110427414,110466200,38786
ENSG00000181227,76209103,76210461,1358
ENSG00000232780,119977079,119977703,624
ENSG00000264780,35930100,35930180,80
ENSG00000238502,102223718,102223819,101
ENSG00000255909,19566087,19566395,308
ENSG00000254727,86143140,86143617,477
ENSG00000237804,175174743,175175702,959
ENSG00000264021,26232853,26232945,92
ENSG00000226646,35986228,35986965,737
ENSG00000224286,170240744,170253349,12605
ENSG00000227606,43657431,43665014,7583
ENSG00000114416,180585929,180700541,114612
ENSG00000250642,69148179,69151677,3498
ENSG00000227806,55670817,55671754,937
ENSG00000259660,102291235,102334505,43270
ENSG00000266763,26238240,26238313,73
ENSG00000216629,27944928,27945853,925
ENSG00000207237,26290688,26290791,103
ENSG00000263125,52831526,52832010,484
ENSG00000241104,43715943,43752798,36855
ENSG00000216519,136639099,136639374,275
ENSG00000253065,167460096,167460210,114
ENSG00000251147,185832043,185832506,463
ENSG00000231453,175190755,175195371,4616
ENSG00000203858,119981624,119988709,7085
ENSG00000252190,26332497,26332621,124
ENSG00000251809,52848310,52848638,328
ENSG00000272612,28743697,28743804,107
ENSG00000253925,167512334,167614724,102390
ENSG00000227313,36185802,36187891,2089
ENSG00000217067,63257332,63258177,845
ENSG00000206620,76252757,76252835,78
ENSG00000152380,79783788,79838382,54594
ENSG00000252691,26332707,26332790,83
ENSG00000263458,185859537,185859594,57
ENSG00000261589,53246184,53250993,4809
ENSG00000252085,15278507,15278600,93
ENSG00000226967,170338364,170339508,1144
ENSG00000265320,26398069,26398168,99
ENSG00000207241,76253574,76253657,83
ENSG00000113369,90664541,90679176,14635
ENSG00000255416,55715596,55716400,804
ENSG00000227475,36378014,36378317,303
ENSG00000254731,86414141,86425134,10993
ENSG00000159110,34602206,34637980,35774
ENSG00000273323,28751414,28751785,371
ENSG00000205208,159587831,159593407,5576
ENSG00000201487,76255162,76255233,71
ENSG00000224660,15295691,15306000,10309
ENSG00000250183,120858712,120885053,26341
ENSG00000263384,170339354,170339436,82
ENSG00000236782,26496438,26498312,1874
ENSG00000266832,76308317,76308402,85
ENSG00000236626,36721810,36723412,1602
ENSG00000255250,86438397,86476307,37910
ENSG00000239054,223085186,223085289,103
ENSG00000226853,175352117,175353114,997
ENSG00000225605,76477009,76485041,8032
ENSG00000248517,185910151,185926340,16189
ENSG00000263096,53348865,53351014,2149
ENSG00000254807,55724692,55725106,414
ENSG00000234523,223119067,223119242,175
ENSG00000231407,170429594,170501788,72194
ENSG00000143368,149895209,149900236,5027
ENSG00000217539,27978501,27980133,1632
ENSG00000259236,102311961,102322192,10231
ENSG00000272748,76581368,76581888,520
ENSG00000227738,124519747,124520647,900
ENSG00000271318,86532185,86532770,585
ENSG00000272776,28763753,28763816,63
ENSG00000262079,53403118,53405152,2034
ENSG00000236846,223317391,223318296,905
ENSG00000236123,43783085,43788470,5385
ENSG00000234149,76762813,76784932,22119
ENSG00000238891,15358127,15358229,102
ENSG00000262566,63321058,63321232,174
ENSG00000260418,136656852,136657225,373
ENSG00000211952,106780513,106781017,504
ENSG00000248639,69158845,69160082,1237
ENSG00000214880,55746179,55753881,7702
ENSG00000197882,86543582,86544491,909
ENSG00000201162,15381256,15381362,106
ENSG00000261021,17619361,17620211,850
ENSG00000216072,63393083,63393173,90
ENSG00000226601,223354486,223361496,7010
ENSG00000230027,76507376,76531913,24537
ENSG00000107077,6720863,7175648,454785
ENSG00000250754,185973050,186028402,55352
ENSG00000199851,27983346,27983553,207
ENSG00000235595,120004652,120005644,992
ENSG00000264410,63436740,63436829,89
ENSG00000220660,136685267,136686217,950
ENSG00000226427,15416880,15417152,272
ENSG00000251789,223547164,223547266,102
ENSG00000133561,150322463,150329473,7010
ENSG00000179997,175366680,175367043,363
ENSG00000262685,17683283,17685877,2594
ENSG00000266682,63692989,63693075,86
ENSG00000183943,3522411,3631649,109238
ENSG00000217315,28001725,28002633,908
ENSG00000223905,76819268,76819931,663
ENSG00000258086,54747576,54860769,113193
ENSG00000230681,43807323,43808675,1352
ENSG00000235428,223741977,223742862,885
ENSG00000217477,63902977,63903535,558
ENSG00000262522,17721187,17721296,109
ENSG00000250392,120860695,120885448,24753
ENSG00000225545,170556390,170557377,987
ENSG00000249531,69166043,69168177,2134
ENSG00000231412,43833447,43835582,2135
ENSG00000211953,106791005,106791536,531
ENSG00000261500,17737708,17742231,4523
ENSG00000206926,15474617,15474723,106
ENSG00000187481,120009844,120016426,6582
ENSG00000269895,86544110,86548657,4547
ENSG00000262338,17887106,17887192,86
ENSG00000235303,170567995,170616480,48485
ENSG00000272396,43864837,43873122,8285
ENSG00000227002,223831812,223832085,273
ENSG00000200553,120868286,120868387,101
ENSG00000224336,9374241,9384693,10452
ENSG00000187763,28014212,28015145,933
ENSG00000272855,77102562,77103024,462
ENSG00000271811,170636522,170638566,2044
ENSG00000260985,17904886,17907470,2584
ENSG00000236155,26536232,26556331,20099
ENSG00000253825,120956188,120961770,5582
ENSG00000182365,55782493,55783433,940
ENSG00000248122,69170061,69170657,596
ENSG00000219940,63937390,63937648,258
ENSG00000236449,175411869,175639555,227686
ENSG00000148356,130213765,130265780,52015
ENSG00000246851,134065297,134069592,4295
ENSG00000215924,171010488,171010581,93
ENSG00000204933,43876894,43883276,6382
ENSG00000253978,167656588,167659362,2774
ENSG00000226415,77165474,77166223,749
ENSG00000255203,86568101,86568989,888
ENSG00000233260,132896823,132897710,887
ENSG00000226552,171052706,171054346,1640
ENSG00000231475,106805209,106805716,507
ENSG00000249786,15477678,15493109,15431
ENSG00000250938,120988113,121337921,349808
ENSG00000152578,105480721,105852819,372098
ENSG00000049089,40766159,40783488,17329
ENSG00000162840,69242041,69242226,185
ENSG00000218520,63938992,63940015,1023
ENSG00000135905,225629807,225907162,277355
ENSG00000272907,28805650,28806787,1137
ENSG00000206965,175422694,175422800,106
ENSG00000130935,65713949,65740647,26698
ENSG00000263530,211036020,211036115,95
ENSG00000182175,93586636,93632433,45797
ENSG00000232068,133123470,133124113,643
ENSG00000253861,167979282,167980732,1450
ENSG00000255471,86603256,86636079,32823
ENSG00000218617,64102127,64102511,384
ENSG00000212398,223877753,223877816,63
ENSG00000211955,106815722,106816253,531
ENSG00000264686,77183825,77183926,101
ENSG00000237798,175439955,175452454,12499
ENSG00000184741,55821840,55822779,939
ENSG00000231294,211036242,211095107,58865
ENSG00000200572,133276258,133276370,112
ENSG00000272629,28827406,28831131,3725
ENSG00000269177,44057597,44059646,2049
ENSG00000199921,77218820,77218925,105
ENSG00000227621,224044281,224045089,808
ENSG00000224908,133300712,133300962,250
ENSG00000218274,64104912,64107011,2099
ENSG00000240927,102313442,102313716,274
ENSG00000228771,52613039,52615362,2323
ENSG00000199203,211130687,211130798,111
ENSG00000237552,77223809,77244952,21143
ENSG00000223118,124626833,124627147,314
ENSG00000235655,175584505,175585526,1021
ENSG00000273122,28829197,28829828,631
ENSG00000269583,44078790,44079770,980
ENSG00000226987,134116074,134117111,1037
ENSG00000232459,102368944,102369882,938
ENSG00000207572,133303408,133303482,74
ENSG00000228400,124774435,124782750,8315
ENSG00000257477,54822087,54823187,1100
ENSG00000246523,86666661,86712001,45340
ENSG00000216613,136740985,136741563,578
ENSG00000181780,55838506,55839525,1019
ENSG00000234281,211189483,211333970,144487
ENSG00000221720,77473429,77473500,71
ENSG00000188460,224051428,224052553,1125
ENSG00000171503,159593277,159630775,37498
ENSG00000208034,133303568,133303642,74
ENSG00000182477,28021006,28021943,937
ENSG00000263573,15537746,15537815,69
ENSG00000270733,26589532,26589889,357
ENSG00000185319,52627544,52632339,4795
ENSG00000113441,96271098,96373219,102121
ENSG00000199035,167987897,167987982,85
ENSG00000257824,54936895,54937889,994
ENSG00000221390,171070869,171070947,78
ENSG00000230498,77533605,77544167,10562
ENSG00000249520,185986135,185986477,342
ENSG00000211956,106829594,106830076,482
ENSG00000218048,64150671,64153485,2814
ENSG00000207812,133303701,133303797,96
ENSG00000241064,15548132,15548412,280
ENSG00000214344,102382322,102390527,8205
ENSG00000238046,125438299,125438493,194
ENSG00000229570,120038459,120039464,1005
ENSG00000264354,15738805,15738878,73
ENSG00000229714,28856613,28857687,1074
ENSG00000254748,86735625,86736819,1194
ENSG00000225243,171168383,171196927,28544
ENSG00000207710,133303839,133303907,68
ENSG00000225538,55850277,55851215,938
ENSG00000273290,10575791,10579323,3532
ENSG00000233771,224135307,224138118,2811
ENSG00000225854,26653179,26653524,345
ENSG00000270409,15773759,15774977,1218
ENSG00000211957,106845323,106845789,466
ENSG00000239594,133304064,133304146,82
ENSG00000226084,77594768,77595384,616
ENSG00000237104,175647774,175652656,4882
ENSG00000253734,64681988,64698058,16070
ENSG00000183704,13496241,13524717,28476
ENSG00000272645,224139096,224141141,2045
ENSG00000207602,133304228,133304308,80
ENSG00000263388,10584051,10587305,3254
ENSG00000254524,55864720,55864860,140
ENSG00000263740,15780022,15780315,293
ENSG00000232664,133338383,133339946,1563
ENSG00000225121,64190039,64191781,1742
ENSG00000212157,224163848,224163951,103
ENSG00000201425,175842531,175842625,94
ENSG00000231424,171216719,171220933,4214
ENSG00000265619,186043476,186043576,100
ENSG00000211958,106866406,106866934,528
ENSG00000198517,1570350,1582679,12329
ENSG00000264176,10619319,10619828,509
ENSG00000207815,15915278,15915356,78
ENSG00000253231,65244484,65244709,225
ENSG00000212167,175886942,175887047,105
ENSG00000257109,102416167,102417104,937
ENSG00000232372,224170456,224175856,5400
ENSG00000226443,120076372,120077369,997
ENSG00000206692,171223045,171223161,116
ENSG00000250410,186291879,186312082,20203
ENSG00000272244,133348416,133348694,278
ENSG00000254843,86805776,86807627,1851
ENSG00000199827,175894497,175894605,108
ENSG00000255140,55884115,55884732,617
ENSG00000224728,15919554,15921078,1524
ENSG00000214961,133406317,133407688,1371
ENSG00000265143,26674956,26675210,254
ENSG00000230547,171240093,171240729,636
ENSG00000227187,175898506,175898920,414
ENSG00000131019,150384286,150390231,5945
ENSG00000271074,211969658,211970456,798
ENSG00000228187,77660510,77661080,570
ENSG00000187191,26909216,26959626,50410
ENSG00000223583,26781144,26781678,534
ENSG00000207231,186337127,186337240,113
ENSG00000257780,55001971,55004246,2275
ENSG00000251962,133537328,133537412,84
ENSG00000231017,212163666,212163914,248
ENSG00000220721,28041094,28042011,917
ENSG00000266510,175899245,175899318,73
ENSG00000225891,26789247,26793773,4526
ENSG00000235284,134361052,134361137,85
ENSG00000233099,77811731,77815270,3539
ENSG00000218424,136797000,136797288,288
ENSG00000227559,28864311,28865103,792
ENSG00000255701,16269421,16269957,536
ENSG00000226107,133656732,133657020,288
ENSG00000225704,171314228,171314459,231
ENSG00000215973,176032361,176032437,76
ENSG00000243000,224183597,224191356,7759
ENSG00000254377,65285885,65296344,10459
ENSG00000263400,10633094,10718481,85387
ENSG00000254848,55900142,55900970,828
ENSG00000221664,77857107,77857213,106
ENSG00000213287,86969893,86970301,408
ENSG00000229750,176032632,176033250,618
ENSG00000205664,3735569,3761898,26329
ENSG00000213312,64258613,64259413,800
ENSG00000251767,77886010,77886071,61
ENSG00000151475,128651533,128695448,43915
ENSG00000224129,26845845,26846741,896
ENSG00000237918,31720531,31722583,2052
ENSG00000270739,16316567,16318139,1572
ENSG00000268062,171314244,171314446,202
ENSG00000251785,78080554,78080637,83
ENSG00000200121,176041227,176041318,91
ENSG00000231587,134365873,134365958,85
ENSG00000249798,120081132,120088536,7404
ENSG00000233110,186509063,186515157,6094
ENSG00000243594,32740623,32776073,35450
ENSG00000109452,142944313,143768585,824272
ENSG00000270510,87034751,87035401,650
ENSG00000243437,78111009,78111301,292
ENSG00000233131,176048943,176049335,392
ENSG00000199585,212400378,212400494,116
ENSG00000238705,26881033,26881084,51
ENSG00000254582,87040449,87041094,645
ENSG00000271964,16355946,16356494,548
ENSG00000254947,55909992,55910863,871
ENSG00000232672,78239550,78240549,999
ENSG00000266680,64280910,64282313,1403
ENSG00000232631,212641931,212642581,650
ENSG00000206346,31927979,31930461,2482
ENSG00000243905,26919737,26920037,300
ENSG00000244564,64430907,64440508,9601
ENSG00000272498,16380815,16381378,563
ENSG00000176868,134374796,134375537,741
ENSG00000239428,171361368,171361929,561
ENSG00000262651,64322666,64322808,142
ENSG00000252802,26920431,26920532,101
ENSG00000272009,28046570,28048908,2338
ENSG00000229066,176121978,176319368,197390
ENSG00000185495,224183659,224198309,14650
ENSG00000255391,87191778,87192339,561
ENSG00000229247,26966868,26967105,237
ENSG00000265795,28883426,28883525,99
ENSG00000272529,16386633,16387947,1314
ENSG00000212340,64497431,64497533,102
ENSG00000213309,64325732,64326266,534
ENSG00000235902,186587039,186596571,9532
ENSG00000271765,136866330,136866630,300
ENSG00000221347,176195101,176195200,99
ENSG00000202082,171387783,171387889,106
ENSG00000223976,176707615,176708030,415
ENSG00000272189,136871799,136873692,1893
ENSG00000269391,16572278,16573309,1031
ENSG00000223015,87317675,87317777,102
ENSG00000230289,134391945,134397616,5671
ENSG00000234333,171413838,171414102,264
ENSG00000239873,120101378,120102397,1019
ENSG00000235541,28936910,28938240,1330
ENSG00000255217,55932976,55933397,421
ENSG00000172534,153213004,153237258,24254
ENSG00000198056,57125380,57146157,20777
ENSG00000199235,87359381,87359441,60
ENSG00000235047,176762064,176768960,6896
ENSG00000218813,64507082,64507924,842
ENSG00000238316,26968777,26968880,103
ENSG00000236007,212642998,212644488,1490
ENSG00000222849,78245589,78245684,95
ENSG00000263182,224196429,224198314,1885
ENSG00000233570,16577827,16582880,5053
ENSG00000172922,65482367,65488418,6051
ENSG00000255183,87429246,87430303,1057
ENSG00000235069,26973938,26974172,234
ENSG00000229779,176769099,176770230,1131
ENSG00000219201,78276507,78277621,1114
ENSG00000241158,64547014,64573878,26864
ENSG00000230213,55955855,55956727,872
ENSG00000229930,224218406,224222758,4352
ENSG00000234263,136950310,136969137,18827
ENSG00000240853,134600556,134600854,298
ENSG00000264034,16661028,16661125,97
ENSG00000232839,30284507,30304844,20337
ENSG00000238859,171451046,171451148,102
ENSG00000260063,27018623,27020622,1999
ENSG00000254650,87525927,87527049,1122
ENSG00000216193,176973371,176973458,87
ENSG00000203855,120106689,120114734,8045
ENSG00000212242,136951381,136951493,112
ENSG00000219891,28058932,28061442,2510
ENSG00000239373,171461550,171461858,308
ENSG00000229271,16729493,16738986,9493
ENSG00000207497,186631027,186631121,94
ENSG00000213604,55972601,55973101,500
ENSG00000201807,137176836,137176969,133
ENSG00000266138,27090115,27090393,278
ENSG00000234631,115674530,115676949,2419
ENSG00000201126,171488955,171489052,97
ENSG00000235149,186839294,186840614,1320
ENSG00000233173,63394827,63395709,882
ENSG00000237380,176986339,177001826,15487
ENSG00000241188,27141313,27141601,288
ENSG00000252484,224294984,224295243,259
ENSG00000224039,16734252,16735709,1457
ENSG00000146416,143381633,143661441,279808
ENSG00000231018,134657957,134658200,243
ENSG00000213109,137221371,137222667,1296
ENSG00000233328,171639657,171640079,422
ENSG00000235613,78312795,78314487,1692
ENSG00000255461,56064017,56064947,930
ENSG00000207816,65291706,65291814,108
ENSG00000236345,64516729,64532535,15806
ENSG00000122188,203734304,203745361,11057
ENSG00000226698,27202624,27204736,2112
ENSG00000264866,28945253,28945548,295
ENSG00000129071,129149787,129158878,9091
ENSG00000236773,224363178,224363408,230
ENSG00000197185,52635582,52640808,5226
ENSG00000043591,115803806,115806667,2861
ENSG00000239034,186867237,186867340,103
ENSG00000185203,155244288,155246502,2214
ENSG00000264818,16974688,16974752,64
ENSG00000219653,64567334,64567662,328
ENSG00000172746,27306656,27307466,810
ENSG00000225368,28953980,28955261,1281
ENSG00000255022,87527116,87527416,300
ENSG00000231264,63398283,63398887,604
ENSG00000201898,224367343,224367469,126
ENSG00000232015,78319040,78319578,538
ENSG00000219392,28083406,28084329,923
ENSG00000188846,40498783,40503861,5078
ENSG00000226441,17084234,17085684,1450
ENSG00000232628,224396449,224400981,4532
ENSG00000230364,171652268,171653578,1310
ENSG00000222727,186947610,186947740,130
ENSG00000254794,87628840,87628891,51
ENSG00000207247,137255903,137256004,101
ENSG00000254722,56098823,56099964,1141
ENSG00000212395,134658247,134658345,98
ENSG00000253013,187051175,187051309,134
ENSG00000253750,65466793,65467032,239
ENSG00000230350,137295067,137295354,287
ENSG00000155368,120124497,120130126,5629
ENSG00000228660,63423809,63424501,692
ENSG00000255516,87783274,87795278,12004
ENSG00000250327,187079050,187079997,947
ENSG00000091129,107788068,108097161,309093
ENSG00000255134,56102618,56103544,926
ENSG00000232120,65087688,65122672,34984
ENSG00000237101,224407315,224415745,8430
ENSG00000224064,27310119,27310515,396
ENSG00000232261,171720683,171721165,482
ENSG00000252351,131255144,131255258,114
ENSG00000252976,17177142,17177214,72
ENSG00000253800,65483470,65483889,419
ENSG00000240244,120138790,120139802,1012
ENSG00000243286,28954577,28956313,1736
ENSG00000231780,17374618,17374923,305
ENSG00000236687,134691579,134696375,4796
ENSG00000217811,65341098,65341575,477
ENSG00000221782,213290987,213291084,97
ENSG00000242208,56124804,56125697,893
ENSG00000251008,187092017,187092411,394
ENSG00000237654,131372653,131410761,38108
ENSG00000235927,78347033,78355224,8191
ENSG00000164855,1581871,1600457,18586
ENSG00000221406,224444706,224444843,137
ENSG00000255102,87794942,87831315,36373
ENSG00000230639,63426212,63426502,290
ENSG00000273118,213446081,213886269,440188
ENSG00000237979,65728127,65729272,1145
ENSG00000237043,28994457,28995384,927
ENSG00000164904,125877533,125931110,53577
ENSG00000225294,27312388,27312831,443
ENSG00000176232,63440763,63441855,1092
ENSG00000207744,177015031,177015140,109
ENSG00000230940,134907273,134952977,45704
ENSG00000229742,224485348,224486302,954
ENSG00000255241,87831759,87849003,17244
ENSG00000114374,14813160,14972764,159604
ENSG00000233913,168043317,168044059,742
ENSG00000243828,65438730,65443730,5000
ENSG00000221388,213628294,213628399,105
ENSG00000272729,177028892,177030444,1552
ENSG00000260941,120140325,120141894,1569
ENSG00000241149,63465954,63476508,10554
ENSG00000254903,56149111,56150065,954
ENSG00000225391,137303302,137314371,11069
ENSG00000234308,213660055,213683986,23931
ENSG00000206690,87833163,87833273,110
ENSG00000251165,187207248,187422151,214903
ENSG00000229985,27503242,27503768,526
ENSG00000273338,78470030,78470238,208
ENSG00000271459,171724943,171725463,520
ENSG00000011485,46850251,46896238,45987
ENSG00000266581,87909670,87909761,91
ENSG00000223739,65738905,65739210,305
ENSG00000198857,120143963,120151873,7910
ENSG00000092758,61447596,61472511,24915
ENSG00000236741,171731214,171731664,450
ENSG00000228564,63488230,63490483,2253
ENSG00000249489,88141347,88142391,1044
ENSG00000221105,135090138,135090262,124
ENSG00000206887,224493082,224493185,103
ENSG00000270815,125536031,125536217,186
ENSG00000174456,110465872,110511491,45619
ENSG00000243029,65772537,65772830,293
ENSG00000221312,65684286,65684385,99
ENSG00000213561,78509067,78509832,765
ENSG00000235399,137316307,137320641,4334
ENSG00000252674,125690492,125690597,105
ENSG00000238856,224524493,224524591,98
ENSG00000256352,65720260,65720336,76
ENSG00000251900,65782566,65782668,102
ENSG00000231254,213696885,213697669,784
ENSG00000254192,168081518,168094766,13248
ENSG00000266618,224585929,224586013,84
ENSG00000265864,2819873,2819950,77
ENSG00000252476,137861537,137861608,71
ENSG00000235725,65816700,65867311,50611
ENSG00000214973,27527325,27527964,639
ENSG00000269293,28089573,28105071,15498
ENSG00000221719,2846409,2846533,124
ENSG00000177548,28915742,28947847,32105
ENSG00000150051,27961804,28034989,73185
ENSG00000255466,56161205,56162124,919
ENSG00000214558,66011354,66014960,3606
ENSG00000214652,63505821,63545179,39358
ENSG00000229991,224762136,224763091,955
ENSG00000236082,131416556,131443494,26938
ENSG00000224189,177037923,177053686,15763
ENSG00000213108,137865034,137865509,475
ENSG00000252521,135297028,135297077,49
ENSG00000206726,125746796,125746902,106
ENSG00000253060,171737210,171737315,105
ENSG00000214533,65893829,65894871,1042
ENSG00000225159,27533421,27534287,866
ENSG00000201853,125886409,125886490,81
ENSG00000224795,131532025,131533477,1452
ENSG00000215148,2848486,2855148,6662
ENSG00000213060,171772657,171773079,422
ENSG00000265187,66176897,66176982,85
ENSG00000224992,135644840,135645599,759
ENSG00000255082,88237744,88257222,19478
ENSG00000235491,126468546,126523419,54873
ENSG00000233384,224802998,224803922,924
ENSG00000220483,66498310,66499180,870
ENSG00000251958,78554672,78554767,95
ENSG00000227440,172546526,172546966,440
ENSG00000146938,5758678,6146904,388226
ENSG00000271624,131640689,131641532,843
ENSG00000254042,168133572,168147889,14317
ENSG00000265899,65894390,65894480,90
ENSG00000213560,78557183,78557738,555
ENSG00000181395,56180220,56181144,924
ENSG00000258993,53489773,53490315,542
ENSG00000261839,28104627,28107456,2829
ENSG00000225990,27537756,27537975,219
ENSG00000272177,65958810,65960175,1365
ENSG00000233859,66546823,66547947,1124
ENSG00000238117,131747574,131767002,19428
ENSG00000234247,224848875,224849588,713
ENSG00000234433,31723322,31735062,11740
ENSG00000223558,63545938,63546954,1016
ENSG00000251723,135729205,135729269,64
ENSG00000230533,137994597,137995691,1094
ENSG00000258985,53503473,53504969,1496
ENSG00000230416,56216144,56217068,924
ENSG00000207113,88345973,88346079,106
ENSG00000202263,78560491,78560599,108
ENSG00000221524,66268384,66268524,140
ENSG00000266552,53619767,53619833,66
ENSG00000224700,131850990,131854555,3565
ENSG00000221130,88845878,88845992,114
ENSG00000227293,66462509,66463345,836
ENSG00000233333,78636165,78636921,756
ENSG00000258731,53620072,53624246,4174
ENSG00000252134,171783652,171783766,114
ENSG00000115806,171784974,171823639,38665
ENSG00000263816,135821094,135821158,64
ENSG00000268412,26251074,26251481,407
ENSG00000226314,28129559,28137372,7813
ENSG00000224410,126580685,126580892,207
ENSG00000215864,120377388,120387779,10391
ENSG00000197692,89026913,89027414,501
ENSG00000238262,132154196,132154975,779
ENSG00000224311,27555597,27560843,5246
ENSG00000224600,171793750,171794101,351
ENSG00000220412,138026560,138028338,1778
ENSG00000078902,1295601,1330884,35283
ENSG00000222591,66466632,66466786,154
ENSG00000237501,172548771,172549019,248
ENSG00000218890,66803324,66804802,1478
ENSG00000229400,224905206,224918364,13158
ENSG00000237413,78695283,78835149,139866
ENSG00000262154,2872660,2872994,334
ENSG00000252703,132395703,132395781,78
ENSG00000252098,27581955,27582058,103
ENSG00000225815,66554481,66556116,1635
ENSG00000221281,67069318,67069392,74
ENSG00000233800,135822456,135826943,4487
ENSG00000243659,27637731,27638329,598
ENSG00000255371,132729140,132729972,832
ENSG00000239141,172692932,172693032,100
ENSG00000270521,67420135,67420720,585
ENSG00000237356,53635772,54153976,518204
ENSG00000200795,120730900,120731040,140
ENSG00000251933,224910169,224910243,74
ENSG00000067177,71798664,71934167,135503
ENSG00000233540,171833327,171833827,500
ENSG00000238949,67438736,67438797,61
ENSG00000179178,43735665,43739673,4008
ENSG00000237473,172871527,173054755,183228
ENSG00000224458,63560683,63611099,50416
ENSG00000235195,29039603,29040378,775
ENSG00000225334,224954602,224961043,6441
ENSG00000207739,168195151,168195260,109
ENSG00000254896,133229924,133235975,6051
ENSG00000269027,35051012,35051198,186
ENSG00000266073,67859402,67859492,90
ENSG00000207949,172107938,172108047,109
ENSG00000226813,126867676,126875562,7886
ENSG00000212229,67920301,67920373,72
ENSG00000206888,27651710,27651816,106
ENSG00000172460,2889569,2892745,3176
ENSG00000238693,133306833,133306934,101
ENSG00000216097,138038085,138038179,94
ENSG00000234476,225634945,225653045,18100
ENSG00000241254,66554481,66555973,1492
ENSG00000230630,172109461,172113934,4473
ENSG00000105656,18553473,18632937,79464
ENSG00000237645,173362021,173362501,480
ENSG00000271111,68166239,68167143,904
ENSG00000241547,27651820,27652287,467
ENSG00000226795,29044352,29044947,595
ENSG00000238504,133372772,133372851,79
ENSG00000227556,78782841,78782947,106
ENSG00000225680,54066550,54080744,14194
ENSG00000164164,146031990,146101313,69323
ENSG00000202345,168218503,168218615,112
ENSG00000227205,120395939,120396371,432
ENSG00000250219,121012201,121013437,1236
ENSG00000234956,138051307,138060120,8813
ENSG00000255258,133653566,133680271,26705
ENSG00000264525,66585381,66585460,79
ENSG00000248965,168420005,168422682,2677
ENSG00000227496,225888306,225939945,51639
ENSG00000212308,78840849,78840953,104
ENSG00000226132,54079442,54080123,681
ENSG00000232164,66610438,66619582,9144
ENSG00000208024,172113675,172113784,109
ENSG00000251965,68177124,68177201,77
ENSG00000231207,27715972,27716649,677
ENSG00000198825,121485609,121588652,103043
ENSG00000238015,79131957,79132380,423
ENSG00000206523,29068729,29069667,938
ENSG00000235269,54235660,54317600,81940
ENSG00000234907,135837898,135838054,156
ENSG00000201015,68256544,68256647,103
ENSG00000228213,173628288,173638586,10298
ENSG00000252354,172317283,172317357,74
ENSG00000226349,225898670,225923976,25306
ENSG00000213153,133734772,133735522,750
ENSG00000206672,68335249,68335357,108
ENSG00000238558,135839119,135839180,61
ENSG00000202306,93863485,93863580,95
ENSG00000171497,159630286,159644548,14262
ENSG00000226446,120428927,120429550,623
ENSG00000206684,172335680,172335786,106
ENSG00000235774,127066087,127101569,35482
ENSG00000225184,29091993,29096691,4698
ENSG00000227706,68597538,68599231,1693
ENSG00000252720,93903746,93903856,110
ENSG00000231922,54383988,54384471,483
ENSG00000226819,66653867,66660602,6735
ENSG00000251943,172582568,172582674,106
ENSG00000254470,65543364,65548273,4909
ENSG00000221683,79152745,79152845,100
ENSG00000241169,27783709,27786093,2384
ENSG00000264919,133768399,133768476,77
ENSG00000225665,121263211,121263802,591
ENSG00000223306,225928977,225929084,107
ENSG00000229785,172717700,172718642,942
ENSG00000235400,79214758,79216344,1586
ENSG00000233506,29105660,29106596,936
ENSG00000164070,128702976,128761888,58912
ENSG00000237429,27852316,27857072,4756
ENSG00000234112,225990850,225991150,300
ENSG00000264674,133826696,133826764,68
ENSG00000258584,94371076,94393412,22336
ENSG00000133519,23732793,23744913,12120
ENSG00000213332,187249870,187250755,885
ENSG00000252982,173775431,173775654,223
ENSG00000255406,133896882,133898013,1131
ENSG00000235912,27975930,27976121,191
ENSG00000230787,79520630,79521740,1110
ENSG00000266431,54415145,54415202,57
ENSG00000224228,172745045,173033155,288110
ENSG00000232601,174020734,174021077,343
ENSG00000218297,29149307,29150242,935
ENSG00000270509,68643377,68644574,1197
ENSG00000230749,66666220,66667444,1224
ENSG00000242861,226028584,226034223,5639
ENSG00000207300,138105511,138105623,112
ENSG00000196205,135894816,135896553,1737
ENSG00000224004,54457819,54458713,894
ENSG00000233975,27986839,27989233,2394
ENSG00000261662,120451878,120453236,1358
ENSG00000227177,172855087,172855398,311
ENSG00000266388,79600818,79600911,93
ENSG00000248322,226124111,226125257,1146
ENSG00000223504,68765243,68770394,5151
ENSG00000213169,174095034,174095795,761
ENSG00000235011,79789454,79790548,1094
ENSG00000244522,66666575,66668968,2393
ENSG00000273406,120619223,120619698,475
ENSG00000212387,187422263,187422369,106
ENSG00000084733,26256976,26360323,103347
ENSG00000204241,133902167,133916744,14577
ENSG00000224000,172876040,172876824,784
ENSG00000232676,79986765,79987888,1123
ENSG00000227309,17506642,17507002,360
ENSG00000141577,79163393,79196799,33406
ENSG00000249409,121560245,121571951,11706
ENSG00000252382,187778529,187778610,81
ENSG00000237499,138144810,138189370,44560
ENSG00000249624,34619079,34655517,36438
ENSG00000225886,27995979,27996787,808
ENSG00000258753,54937427,54937936,509
ENSG00000226497,68936864,69039791,102927
ENSG00000248222,168440232,168465003,24771
ENSG00000253020,174349613,174349892,279
ENSG00000271841,17706455,17706517,62
ENSG00000213032,226151879,226152128,249
ENSG00000265549,29169591,29169657,66
ENSG00000103707,65294845,65321977,27132
ENSG00000207149,120669562,120669662,100
ENSG00000172818,65554493,65564690,10197
ENSG00000230497,174777151,174777821,670
ENSG00000233133,17747550,17747725,175
ENSG00000250829,187812123,187813520,1397
ENSG00000252019,55325933,55326048,115
ENSG00000206767,28002114,28002220,106
ENSG00000273131,120693320,120697146,3826
ENSG00000266675,69203331,69203418,87
ENSG00000225541,22611226,22701411,90185
ENSG00000226363,177042445,177043736,1291
ENSG00000216901,28143966,28144452,486
ENSG00000230849,173110239,173111489,1250
ENSG00000272562,226248413,226249577,1164
ENSG00000254752,56246968,56247903,935
ENSG00000232046,66801162,66957289,156127
ENSG00000213383,17913221,17914090,869
ENSG00000265432,55344831,55344911,80
ENSG00000212359,121731624,121731724,100
ENSG00000226662,28013321,28013982,661
ENSG00000218834,69308096,69308285,189
ENSG00000235756,80557788,80558922,1134
ENSG00000214286,17918947,17919661,714
ENSG00000235401,29183059,29184002,943
ENSG00000251609,121816649,121818238,1589
ENSG00000236933,120835810,120838343,2533
ENSG00000265768,94414572,94414648,76
ENSG00000230292,174797097,174833032,35935
ENSG00000258872,55351567,55352931,1364
ENSG00000225518,226271340,226277993,6653
ENSG00000260322,80580628,80582603,1975
ENSG00000232949,22629324,22631241,1917
ENSG00000226238,18031515,18037036,5521
ENSG00000254411,56263236,56263888,652
ENSG00000230910,69339854,69344919,5065
ENSG00000218175,177065636,177065980,344
ENSG00000236407,80749037,80749655,618
ENSG00000272477,18450172,18451127,955
ENSG00000272218,187813706,187814137,431
ENSG00000207095,28020242,28020346,104
ENSG00000238033,22689579,22705152,15573
ENSG00000270598,226314879,226315047,168
ENSG00000117419,44686742,44820932,134190
ENSG00000261109,144997317,145058904,61587
ENSG00000227193,120876495,120905159,28664
ENSG00000226375,173143439,173144642,1203
ENSG00000231344,28065602,28065950,348
ENSG00000266033,80795064,80795173,109
ENSG00000249539,187821694,187821992,298
ENSG00000029363,136578001,136610989,32988
ENSG00000254490,56267776,56268747,971
ENSG00000230384,177106839,177107721,882
ENSG00000234478,226335704,226342772,7068
ENSG00000223006,121982327,121982633,306
ENSG00000225598,80839049,80840306,1257
ENSG00000224392,29197050,29197980,930
ENSG00000175699,94463616,94478040,14424
ENSG00000268993,120880883,120881270,387
ENSG00000226779,174952651,174988885,36234
ENSG00000237260,177203365,177203805,440
ENSG00000250344,121992584,122001631,9047
ENSG00000230833,28066465,28067140,675
ENSG00000218016,28155828,28157210,1382
ENSG00000251817,173250216,173250309,93
ENSG00000254660,56277049,56277671,622
ENSG00000265498,69924622,69924702,80
ENSG00000155066,95940201,95957056,16855
ENSG00000267942,66291518,66317967,26449
ENSG00000265186,177246960,177247060,100
ENSG00000264974,175087329,175087410,81
ENSG00000223570,226376571,226376922,351
ENSG00000213559,80916768,80917689,921
ENSG00000232751,173320828,173321143,315
ENSG00000265362,70331265,70331364,99
ENSG00000249742,187900644,187943127,42483
ENSG00000269971,28100369,28100552,183
ENSG00000271302,122039454,122039889,435
ENSG00000221304,177248155,177248304,149
ENSG00000233924,55471531,55472405,874
ENSG00000199792,175115036,175115137,101
ENSG00000254648,133905727,133907002,1275
ENSG00000252183,122113952,122114058,106
ENSG00000219085,70415179,70416052,873
ENSG00000270031,28146494,28146852,358
ENSG00000226004,138264216,138266939,2723
ENSG00000229434,177370973,177372430,1457
ENSG00000213244,120904675,120905090,415
ENSG00000201648,175327267,175327401,134
ENSG00000207148,122250224,122250325,101
ENSG00000251547,29384951,29385897,946
ENSG00000258050,55663445,55665731,2286
ENSG00000248409,23734958,23736026,1068
ENSG00000254603,56279711,56280647,936
ENSG00000243646,34638663,34669539,30876
ENSG00000236241,175392875,175394589,1714
ENSG00000231615,173331536,173332872,1336
ENSG00000223062,28151049,28151154,105
ENSG00000238545,226491963,226492064,101
ENSG00000213480,122290588,122291500,912
ENSG00000254481,133993723,133994224,501
ENSG00000187187,40490041,40523514,33473
ENSG00000227062,80929986,80930403,417
ENSG00000252947,28160912,28161077,165
ENSG00000271180,55707340,55707798,458
ENSG00000139233,66516842,66524548,7706
ENSG00000239094,226503762,226503865,103
ENSG00000058673,203764782,203823252,58470
ENSG00000229922,138266503,138293659,27156
ENSG00000250971,187981253,187982084,831
ENSG00000241684,64670585,64997143,326558
ENSG00000219881,70455763,70456743,980
ENSG00000234928,23775751,23777258,1507
ENSG00000236231,177389607,177396411,6804
ENSG00000227050,28265386,28286704,21318
ENSG00000203739,173386932,173430501,43569
ENSG00000223345,120906028,120915073,9045
ENSG00000236994,226505716,226506394,678
ENSG00000254616,134042990,134043575,585
ENSG00000185701,56294044,56294979,935
ENSG00000237179,66924257,66930359,6102
ENSG00000240130,29390278,29399635,9357
ENSG00000214192,175436019,175436458,439
ENSG00000255348,134048719,134056061,7342
ENSG00000272551,177476165,177476977,812
ENSG00000264927,122323742,122323826,84
ENSG00000249747,188123140,188130500,7360
ENSG00000270287,226599316,226599836,520
ENSG00000176933,28185421,28186655,1234
ENSG00000219463,138316407,138317284,877
ENSG00000224062,122372696,122373122,426
ENSG00000216365,70808282,70808568,286
ENSG00000271842,175457059,175457164,105
ENSG00000250566,69375159,69383365,8206
ENSG00000238231,28316669,28317035,366
ENSG00000229965,226626265,226627045,780
ENSG00000198585,131100515,131107674,7159
ENSG00000234108,80961588,80961918,330
ENSG00000201452,175485346,175485449,103
ENSG00000254442,134186676,134186982,306
ENSG00000163364,177494317,177502659,8342
ENSG00000234998,120906609,120935761,29152
ENSG00000227755,23788785,23803020,14235
ENSG00000261501,122791738,122794003,2265
ENSG00000253313,43747554,43751288,3734
ENSG00000269983,69745463,69746180,717
ENSG00000170264,62051989,62081278,29289
ENSG00000225552,175490933,175494121,3188
ENSG00000238272,173524390,173581911,57521
ENSG00000243149,65160633,65179174,18541
ENSG00000233029,120925634,120933000,7366
ENSG00000224044,29432261,29437471,5210
ENSG00000253809,70932461,70951859,19398
ENSG00000237868,122998995,122999473,478
ENSG00000232113,173604912,173606273,1361
ENSG00000224071,67047816,67049702,1886
ENSG00000249472,69480137,69480731,594
ENSG00000240750,28358397,28358691,294
ENSG00000230806,121102017,121140666,38649
ENSG00000255545,134306367,134375555,69188
ENSG00000177291,35894338,35897863,3525
ENSG00000237643,71104590,71109120,4530
ENSG00000238430,173629236,173629339,103
ENSG00000218499,138714510,138714681,171
ENSG00000178248,23804273,23829167,24894
ENSG00000228589,28421582,28422933,1351
ENSG00000223282,226633638,226633993,355
ENSG00000236655,127069043,127069504,461
ENSG00000223126,94402515,94402823,308
ENSG00000225591,173710813,173711067,254
ENSG00000251101,69481111,69481855,744
ENSG00000250658,188225237,188230836,5599
ENSG00000177770,226680889,226681190,301
ENSG00000224326,81000663,81050048,49385
ENSG00000241037,123008661,123008966,305
ENSG00000257360,94533853,94535113,1260
ENSG00000215878,138723722,138724697,975
ENSG00000250687,69758071,69775042,16971
ENSG00000251074,69492565,69494617,2052
ENSG00000177873,40518604,40531727,13123
ENSG00000198729,150464212,150571493,107281
ENSG00000228943,28436250,28436809,559
ENSG00000271462,19571861,19572095,234
ENSG00000166693,56364902,56365838,936
ENSG00000200674,173760686,173761025,339
ENSG00000227859,29442690,29443736,1046
ENSG00000234184,81001440,81112473,111033
ENSG00000273193,175527552,175528340,788
ENSG00000252357,173777627,173777760,133
ENSG00000171943,121107124,121129949,22825
ENSG00000197062,28234788,28245974,11186
ENSG00000228382,226844341,226862768,18427
ENSG00000260217,175656717,175658825,2108
ENSG00000250042,188291802,188293075,1273
ENSG00000270084,173832386,173833079,693
ENSG00000224349,71122531,71123653,1122
ENSG00000132932,25946209,26599989,653780
ENSG00000200247,19598883,19598989,106
ENSG00000073861,45810610,45823485,12875
ENSG00000266555,138756350,138756431,81
ENSG00000230362,175695285,175696358,1073
ENSG00000255172,56387255,56388286,1031
ENSG00000214812,28446960,28447832,872
ENSG00000245205,19609178,19610582,1404
ENSG00000229439,29456937,29457342,405
ENSG00000216802,138971363,138972110,747
ENSG00000224577,177502438,177520686,18248
ENSG00000228548,226856598,226864046,7448
ENSG00000227937,81546475,81546856,381
ENSG00000248635,69570318,69578216,7898
ENSG00000238386,71222997,71223059,62
ENSG00000179428,22765014,22767239,2225
ENSG00000258413,55729485,55738793,9308
ENSG00000230355,67108219,67108354,135
ENSG00000229752,81563952,81564690,738
ENSG00000271967,71306141,71306683,542
ENSG00000253005,28469248,28469352,104
ENSG00000250620,188334718,188336851,2133
ENSG00000225413,23854681,23855789,1108
ENSG00000238183,226969202,226969445,243
ENSG00000232389,71317937,71319037,1100
ENSG00000252429,28470667,28470728,61
ENSG00000228803,22787294,22788423,1129
ENSG00000254573,134433290,134442950,9660
ENSG00000235089,81674253,81674895,642
ENSG00000230525,67131568,67198594,67026
ENSG00000251643,188362831,188365452,2621
ENSG00000169059,6451659,6453159,1500
ENSG00000172757,65590493,65629497,39004
ENSG00000270605,28566020,28567964,1944
ENSG00000224277,23909251,23915694,6443
ENSG00000218870,71373205,71373982,777
ENSG00000152582,35617946,35814713,196767
ENSG00000232902,29465175,29478221,13046
ENSG00000206297,32741696,32750465,8769
ENSG00000252027,177529404,177529494,90
ENSG00000228525,227145770,227145968,198
ENSG00000225177,139013685,139018425,4740
ENSG00000271398,28573655,28574079,424
ENSG00000250376,69650336,69653192,2856
ENSG00000240328,19661838,19662179,341
ENSG00000254989,134541320,134541918,598
ENSG00000049618,157099063,157531913,432850
ENSG00000234513,22813265,22813612,347
ENSG00000237075,69783429,69786959,3530
ENSG00000206779,28749066,28749166,100
ENSG00000251490,188437307,188438362,1055
ENSG00000230552,177588996,177684038,95042
ENSG00000200885,19877369,19877533,164
ENSG00000229820,28780052,28780445,393
ENSG00000255344,134584436,134585816,1380
ENSG00000223026,81717474,81717781,307
ENSG00000255910,19928385,20162871,234486
ENSG00000262395,53531407,53535811,4404
ENSG00000266714,73584139,73622929,38790
ENSG00000233706,227179841,227180907,1066
ENSG00000272733,23923067,23926046,2979
ENSG00000224494,81892141,81893290,1149
ENSG00000232688,67148642,67149589,947
ENSG00000168066,64532078,64546258,14180
ENSG00000170827,135957926,135962742,4816
ENSG00000074370,3827169,3867736,40567
ENSG00000256849,20094455,20095952,1497
ENSG00000221216,28807874,28807992,118
ENSG00000251226,134605490,134633704,28214
ENSG00000261873,53545427,53588299,42872
ENSG00000250590,188454032,188593795,139763
ENSG00000228649,22893797,22901021,7224
ENSG00000211683,23972805,23981128,8323
ENSG00000242125,28832492,28837404,4912
ENSG00000236319,53604325,53638938,34613
ENSG00000227186,76783233,76784009,776
ENSG00000187942,22138758,22151714,12956
ENSG00000228625,227366034,227371145,5111
ENSG00000106560,150382785,150390729,7944
ENSG00000253333,69790927,69796730,5803
ENSG00000227288,81967479,81969153,1674
ENSG00000225415,139143884,139145015,1131
ENSG00000228729,227421970,227423056,1086
ENSG00000237882,76849006,76849483,477
ENSG00000262803,71403542,71404322,780
ENSG00000223859,67267678,67269098,1420
ENSG00000237053,177669715,177671065,1350
ENSG00000177283,35927177,35930362,3185
ENSG00000255327,134820602,134821462,860
ENSG00000227960,81970784,81971981,1197
ENSG00000251236,69679713,69680445,732
ENSG00000262135,53628292,53629010,718
ENSG00000052795,159690290,159829201,138911
ENSG00000251424,69699931,69700086,155
ENSG00000236636,227452477,227452908,431
ENSG00000223777,177674154,177674587,433
ENSG00000205565,69803906,69808422,4516
ENSG00000234953,81979565,82023387,43822
ENSG00000200087,28835071,28835274,203
ENSG00000228315,23980674,24059543,78869
ENSG00000200107,53629171,53629281,110
ENSG00000232437,76884975,76885620,645
ENSG00000217767,71444206,71444665,459
ENSG00000269996,121133256,121134581,1325
ENSG00000238821,28843988,28844087,99
ENSG00000227098,177710721,177714156,3435
ENSG00000262052,53920038,53950300,30262
ENSG00000211959,106877619,106878126,507
ENSG00000234277,227581292,227618736,37444
ENSG00000228144,66517697,66563765,46068
ENSG00000249235,69727050,69727328,278
ENSG00000227082,121138614,121204983,66369
ENSG00000231468,28852830,28853739,909
ENSG00000206856,139180164,139180270,106
ENSG00000255512,134931675,134945793,14118
ENSG00000260584,32128021,32128318,297
ENSG00000266236,80439974,80441264,1290
ENSG00000219669,71785267,71786078,811
ENSG00000226687,29497090,29501238,4148
ENSG00000220600,139200036,139200544,508
ENSG00000238657,135968439,135968538,99
ENSG00000263325,2907899,2909727,1828
ENSG00000213236,127315012,127315739,727
ENSG00000221345,71836597,71836808,211
ENSG00000235885,67313578,67523207,209629
ENSG00000231429,121154579,121171134,16555
ENSG00000260847,32199654,32204851,5197
ENSG00000264277,54132148,54132247,99
ENSG00000242598,82022806,82023517,711
ENSG00000206866,177794713,177794818,105
ENSG00000251529,69743344,69745849,2505
ENSG00000218350,71874779,71875473,694
ENSG00000273398,68358370,68488362,129992
ENSG00000228826,121236177,121252181,16004
ENSG00000265136,80534492,80535267,775
ENSG00000261882,54445424,54445576,152
ENSG00000080189,44978167,44993043,14876
ENSG00000232864,227598318,227599020,702
ENSG00000263280,2916349,2917619,1270
ENSG00000066056,43766664,43788779,22115
ENSG00000232216,106926188,106926724,536
ENSG00000260649,32200583,32200802,219
ENSG00000233432,121244142,121245689,1547
ENSG00000236501,177855236,178029244,174008
ENSG00000100814,20779527,20801471,21944
ENSG00000236676,82051626,82091398,39772
ENSG00000262959,2972663,2973203,540
ENSG00000221740,22896232,22896305,73
ENSG00000242757,227618227,227618677,450
ENSG00000272583,121260164,121260627,463
ENSG00000109083,26655352,26662515,7163
ENSG00000207180,71892315,71892421,106
ENSG00000262482,2989715,3004277,14562
ENSG00000211961,106962931,106963424,493
ENSG00000234683,82061842,82062191,349
ENSG00000262652,80535899,80536492,593
ENSG00000260540,32211223,32214143,2920
ENSG00000119440,136100292,136103993,3701
ENSG00000248547,69749603,69750158,555
ENSG00000251746,178003427,178003525,98
ENSG00000170903,105866350,105893130,26780
ENSG00000226329,22903493,22920969,17476
ENSG00000224894,29505444,29506234,790
ENSG00000229337,178020350,178077390,57040
ENSG00000196302,69812214,69851093,38879
ENSG00000231752,121261143,121310591,49448
ENSG00000153684,28623767,28637170,13403
ENSG00000229272,120763048,120763396,348
ENSG00000231973,29520916,29521863,947
ENSG00000264871,65218575,65218658,83
ENSG00000262152,3038962,3044510,5548
ENSG00000197208,131630136,131679899,49763
ENSG00000238403,80540381,80540476,95
ENSG00000226273,178042423,178042983,560
ENSG00000270059,65344943,65345392,449
ENSG00000248613,69766369,69766628,259
ENSG00000196542,161062580,161090668,28088
ENSG00000215925,120765302,120765411,109
ENSG00000262147,80545189,80546287,1098
ENSG00000215875,82187378,82188753,1375
ENSG00000250918,69825198,69826377,1179
ENSG00000130021,6966961,7066231,99270
ENSG00000224834,227621765,227622047,282
ENSG00000207468,120819523,120819650,127
ENSG00000201102,178059711,178059823,112
ENSG00000235128,127437198,127437996,798
ENSG00000199677,132328791,132328892,101
ENSG00000249642,188534919,188581523,46604
ENSG00000261845,80560865,80562054,1189
ENSG00000224503,65573177,65573725,548
ENSG00000206963,127460415,127460518,103
ENSG00000142166,34696734,34732168,35434
ENSG00000222588,120820495,120820623,128
ENSG00000213069,178062713,178063275,562
ENSG00000248648,132338811,132339057,246
ENSG00000254440,138537129,138539627,2498
ENSG00000272626,69766726,69772701,5975
ENSG00000237193,227669954,227670155,201
ENSG00000266107,80626109,80626183,74
ENSG00000238788,127774997,127775058,61
ENSG00000231329,139465341,139560442,95101
ENSG00000271343,120852652,120852853,201
ENSG00000263721,178077454,178077527,73
ENSG00000249985,69773636,69773752,116
ENSG00000260634,127781828,127783299,1471
ENSG00000263063,80671784,80674131,2347
ENSG00000225808,178093919,178094234,315
ENSG00000251616,132446747,132450167,3420
ENSG00000235630,29541620,29542547,927
ENSG00000260163,127782787,127787262,4475
ENSG00000265443,29053323,29054582,1259
ENSG00000265396,178120673,178120738,65
ENSG00000197989,28905050,28909495,4445
ENSG00000232295,71931160,72037931,106771
ENSG00000224857,121315744,121322322,6578
ENSG00000273445,87777014,87777553,539
ENSG00000263603,29056487,29058220,1733
ENSG00000237469,227680730,227682843,2113
ENSG00000196177,124768495,124817827,49332
ENSG00000222043,178129087,178130243,1156
ENSG00000263321,80687040,80692019,4979
ENSG00000237630,127927587,127927807,220
ENSG00000233290,82680904,82726817,45913
ENSG00000253366,70046954,70149508,102554
ENSG00000198242,27046411,27051377,4966
ENSG00000260344,32224701,32224824,123
ENSG00000198277,69780640,69790459,9819
ENSG00000262410,80702944,80703585,641
ENSG00000214354,87865347,87866283,936
ENSG00000248245,132496130,132560105,63975
ENSG00000249162,188667248,188669353,2105
ENSG00000264383,80735830,80735915,85
ENSG00000265791,29108511,29109239,728
ENSG00000260575,32261941,32265743,3802
ENSG00000234353,23980679,23982949,2270
ENSG00000230817,83368866,83632498,263632
ENSG00000226789,128004834,128007658,2824
ENSG00000155011,107842959,108204963,362004
ENSG00000115946,68384976,68403370,18394
ENSG00000265461,80736353,80736450,97
ENSG00000213331,188891427,188892438,1011
ENSG00000227552,142553293,142559170,5877
ENSG00000272446,139480294,139566661,86367
ENSG00000266490,29119390,29119851,461
ENSG00000213963,178148236,178257419,109183
ENSG00000263098,80753362,80753971,609
ENSG00000260402,32274148,32276835,2687
ENSG00000270097,3049903,3050390,487
ENSG00000111445,118451393,118470935,19542
ENSG00000229737,29545170,29545459,289
ENSG00000109065,72766686,72772506,5820
ENSG00000244723,23991400,23995521,4121
ENSG00000233798,142569266,142588233,18967
ENSG00000262663,80876158,80876661,503
ENSG00000101220,3734155,3749034,14879
ENSG00000213301,105387740,105388343,603
ENSG00000167930,284545,319942,35397
ENSG00000270168,3051301,3052017,716
ENSG00000242439,29157919,29158336,417
ENSG00000236268,83439565,83451891,12326
ENSG00000270326,28287437,28287629,192
ENSG00000262339,80936401,80939614,3213
ENSG00000198589,151185594,151936879,751285
ENSG00000248704,63564471,63565673,1202
ENSG00000259822,32290187,32290436,249
ENSG00000234792,52641706,52642573,867
ENSG00000099968,18111621,18213388,101767
ENSG00000262362,3053432,3055102,1670
ENSG00000241011,189027712,189028068,356
ENSG00000226571,139592499,139608444,15945
ENSG00000230880,142618769,142729975,111206
ENSG00000251498,69838717,69841711,2994
ENSG00000272079,3056121,3057386,1265
ENSG00000201085,189042685,189042788,103
ENSG00000223884,7202858,7218011,15153
ENSG00000273000,23995047,24059534,64487
ENSG00000235827,227693883,227695993,2110
ENSG00000231364,83911736,83920454,8718
ENSG00000266132,29549960,29550043,83
ENSG00000251877,28378047,28378233,186
ENSG00000261127,32300868,32321876,21008
ENSG00000205890,3082482,3089134,6652
ENSG00000247130,189061976,189064533,2557
ENSG00000231162,28414750,28415584,834
ENSG00000248315,63565670,63565954,284
ENSG00000234741,173833038,173838020,4982
ENSG00000206519,29550219,29550736,517
ENSG00000260516,32368302,32375016,6714
ENSG00000159588,46085716,46089729,4013
ENSG00000233008,84041459,84326706,285247
ENSG00000219262,28423425,28423918,493
ENSG00000265507,87929274,87929353,79
ENSG00000230052,63566032,63566373,341
ENSG00000218565,139659155,139660717,1562
ENSG00000157965,52651985,52662998,11013
ENSG00000233385,63566443,63567197,754
ENSG00000201026,2184824,2184934,110
ENSG00000248370,189081219,189082293,1074
ENSG00000249735,69850727,69854251,3524
ENSG00000225933,87954409,87954762,353
ENSG00000259757,2736776,2737873,1097
ENSG00000240611,132507910,132508745,835
ENSG00000234528,29603761,29604044,283
ENSG00000268673,15871185,15881638,10453
ENSG00000230906,67314145,67485098,170953
ENSG00000246350,28555155,28559524,4369
ENSG00000154832,47808713,47814674,5961
ENSG00000165813,115880621,115933979,53358
ENSG00000155957,66517709,66563852,46143
ENSG00000249478,132579456,132584473,5017
ENSG00000249541,2787565,2788663,1098
ENSG00000161574,34310692,34328660,17968
ENSG00000237076,84255963,84267148,11185
ENSG00000203849,142620645,142729967,109322
ENSG00000271825,178165328,178166734,1406
ENSG00000267235,15932606,15934607,2001
ENSG00000271996,178171101,178175300,4199
ENSG00000269966,72004876,72127139,122263
ENSG00000223231,84259560,84259653,93
ENSG00000260327,32390392,32391370,978
ENSG00000237178,178209171,178209564,393
ENSG00000257315,203765437,203769686,4249
ENSG00000271440,28601158,28601371,213
ENSG00000233061,84444801,84449983,5182
ENSG00000262543,138699042,138704212,5170
ENSG00000250277,69862653,69863427,774
ENSG00000263626,76944716,76944816,100
ENSG00000238295,178210586,178210689,103
ENSG00000238099,139791301,139794192,2891
ENSG00000223145,7281358,7281675,317
ENSG00000272278,28615974,28616042,68
ENSG00000228956,18486516,18959184,472668
ENSG00000227271,77029150,77029303,153
ENSG00000229486,84481548,84484054,2506
ENSG00000237655,178467817,178483300,15483
ENSG00000230597,72038645,72039509,864
ENSG00000248137,2831135,2835253,4118
ENSG00000235570,28616063,28616843,780
ENSG00000233639,105424030,105469641,45611
ENSG00000219806,139935575,139936341,766
ENSG00000235692,33427426,33436525,9099
ENSG00000242169,189270530,189271178,648
ENSG00000175164,136125788,136150617,24829
ENSG00000267308,15937855,15946663,8808
ENSG00000272002,7401002,7401635,633
ENSG00000229941,178563157,178588017,24860
ENSG00000248880,189308625,189310820,2195
ENSG00000227711,227698297,227708178,9881
ENSG00000237425,28699794,28700681,887
ENSG00000251685,69870574,69886132,15558
ENSG00000226051,77029577,77133258,103681
ENSG00000205695,139981065,139982650,1585
ENSG00000105701,18642561,18654887,12326
ENSG00000233237,72054047,72130472,76425
ENSG00000266657,142653525,142653607,82
ENSG00000260866,32399456,32447521,48065
ENSG00000182004,203830731,203839678,8947
ENSG00000214049,15939771,15947130,7359
ENSG00000271576,84542014,84543614,1600
ENSG00000239012,142653718,142653799,81
ENSG00000250831,88762354,88765856,3502
ENSG00000202264,227748882,227749001,119
ENSG00000248736,2965120,2967742,2622
ENSG00000265466,142656062,142656144,82
ENSG00000221191,28743693,28743800,107
ENSG00000249378,189321890,189602205,280315
ENSG00000051620,138724668,138743334,18666
ENSG00000213540,84551424,84551916,492
ENSG00000225934,227786125,227786795,670
ENSG00000227035,63567200,63567950,750
ENSG00000225015,142660017,142660749,732
ENSG00000235559,28751410,28751781,371
ENSG00000009765,150690028,150727105,37077
ENSG00000236664,178817838,178876716,58878
ENSG00000265715,142667289,142667363,74
ENSG00000226970,84710017,84710260,243
ENSG00000145495,10353815,10440500,86685
ENSG00000172803,65601112,65624367,23255
ENSG00000265764,28763749,28763812,63
ENSG00000265216,227832981,227833067,86
ENSG00000213962,178862000,178863497,1497
ENSG00000233218,142688379,142688925,546
ENSG00000225173,28805646,28806783,1137
ENSG00000215812,227884593,227894412,9819
ENSG00000213774,7464879,7465193,314
ENSG00000242676,142697653,142729971,32318
ENSG00000231426,140175987,140181288,5301
ENSG00000221539,28905261,28905334,73
ENSG00000229744,178882720,178883192,472
ENSG00000225595,28827402,28832407,5005
ENSG00000260307,32450390,32452480,2090
ENSG00000249808,3178209,3181346,3137
ENSG00000199959,84743004,84743140,136
ENSG00000229388,28969740,28975093,5353
ENSG00000182447,161214596,161221730,7134
ENSG00000206788,178903629,178903731,102
ENSG00000267453,15962803,15975714,12911
ENSG00000234231,88000503,88038766,38263
ENSG00000177302,18174742,18218321,43579
ENSG00000249909,178957230,178969197,11967
ENSG00000250244,132592184,132611669,19485
ENSG00000249237,84810361,84815622,5261
ENSG00000230005,227931532,227934892,3360
ENSG00000199450,117034911,117035004,93
ENSG00000100473,31343720,31364271,20551
ENSG00000213203,150413645,150421372,7727
ENSG00000101846,7137497,7272851,135354
ENSG00000221793,117148998,117149139,141
ENSG00000213916,28829193,28829824,631
ENSG00000270103,28975112,28975245,133
ENSG00000264483,228129291,228129384,93
ENSG00000198169,145946298,145981802,35504
ENSG00000264815,117299588,117299698,110
ENSG00000200153,70479196,70479302,106
ENSG00000253672,117414781,117415995,1214
ENSG00000164123,159814286,159959912,145626
ENSG00000221514,70563412,70563491,79
ENSG00000233003,228162980,228165894,2914
ENSG00000273330,15982477,15982662,185
ENSG00000250409,132723465,132724241,776
ENSG00000252777,29016177,29016306,129
ENSG00000233366,28856609,28857683,1074
ENSG00000221066,70571908,70572001,93
ENSG00000226852,29194087,29197779,3692
ENSG00000253327,117886663,117889107,2444
ENSG00000227241,178970364,178970480,116
ENSG00000221287,132763288,132763398,110
ENSG00000260023,70610204,70611571,1367
ENSG00000225148,140177241,140198528,21287
ENSG00000263545,132961536,132961639,103
ENSG00000260156,70780960,70781829,869
ENSG00000233427,29196995,29203848,6853
ENSG00000234234,63568207,63568864,657
ENSG00000257634,55076757,55081218,4461
ENSG00000264875,117886967,117887039,72
ENSG00000251243,133056186,133056625,439
ENSG00000223096,179007275,179007378,103
ENSG00000224157,28864307,28865099,792
ENSG00000142798,22148738,22263790,115052
ENSG00000228371,29675809,29676231,422
ENSG00000236013,140388572,140414858,26286
ENSG00000240520,84831111,84863514,32403
ENSG00000244226,65672976,65674143,1167
ENSG00000244033,118030185,118030485,300
ENSG00000229727,7561392,7590385,28993
ENSG00000260931,179265561,179267618,2057
ENSG00000214353,70789001,70807154,18153
ENSG00000185507,612553,615999,3446
ENSG00000230446,142790233,142790520,287
ENSG00000185664,56347889,56367101,19212
ENSG00000264944,228284964,228285042,78
ENSG00000148450,23384435,23410942,26507
ENSG00000199756,29208238,29208347,109
ENSG00000238796,133186548,133186648,100
ENSG00000253271,118068057,118068384,327
ENSG00000261541,32465933,32470079,4146
ENSG00000199094,72086663,72086734,71
ENSG00000224921,29688220,29689210,990
ENSG00000249073,133249368,133252960,3592
ENSG00000225616,29308790,29309120,330
ENSG00000267218,16013110,16014048,938
ENSG00000224566,228302698,228303174,476
ENSG00000146232,44225903,44233500,7597
ENSG00000234700,63569003,63570525,1522
ENSG00000207827,72113254,72113324,70
ENSG00000212240,28883422,28883521,99
ENSG00000223409,65829565,65830121,556
ENSG00000138801,108511433,108641608,130175
ENSG00000228666,28936907,28938237,1330
ENSG00000272610,65858490,65940233,81743
ENSG00000223765,72160537,72168577,8040
ENSG00000271737,133340838,133341253,415
ENSG00000176788,17065707,17276943,211236
ENSG00000253622,118140694,118142538,1844
ENSG00000206508,29691842,29714292,22450
ENSG00000236055,142790583,142791175,592
ENSG00000227625,228322486,228322693,207
ENSG00000206704,29312222,29312322,100
ENSG00000240175,65879491,65910972,31481
ENSG00000269707,105469743,105542510,72767
ENSG00000212099,72248587,72248679,92
ENSG00000240151,118176207,118176492,285
ENSG00000225750,29471006,29473506,2500
ENSG00000166471,9302201,9336327,34126
ENSG00000271128,133417605,133417731,126
ENSG00000219575,72260661,72261346,685
ENSG00000252852,118325767,118325900,133
ENSG00000014914,149900543,149908791,8248
ENSG00000263426,28945252,28945547,295
ENSG00000223960,179278666,179304970,26304
ENSG00000239587,105481865,105483954,2089
ENSG00000267950,1295809,1296033,224
ENSG00000239917,118535510,118536300,790
ENSG00000269890,228458144,228462098,3954
ENSG00000218014,72294424,72295609,1185
ENSG00000227214,28953980,28955261,1281
ENSG00000227637,29479001,29479503,502
ENSG00000267056,16021392,16022634,1242
ENSG00000262890,70835986,70836743,757
ENSG00000115935,175424300,175547644,123344
ENSG00000237934,29550445,29551328,883
ENSG00000269934,228462285,228463767,1482
ENSG00000242206,119774095,119774440,345
ENSG00000244349,28954577,28956313,1736
ENSG00000273345,133541305,133706735,165430
ENSG00000170927,51480098,51952423,472325
ENSG00000270110,228483612,228490699,7087
ENSG00000114113,139171726,139199589,27863
ENSG00000230255,142791488,142792556,1068
ENSG00000267392,16090645,16109830,19185
ENSG00000223677,28994457,28995384,927
ENSG00000252107,140479728,140479831,103
ENSG00000221725,70886601,70886717,116
ENSG00000118579,17616254,17635728,19474
ENSG00000211530,72294792,72294904,112
ENSG00000207334,119988752,119988858,106
ENSG00000263514,140526389,140526463,74
ENSG00000251700,70902110,70902171,61
ENSG00000270104,228571815,228572717,902
ENSG00000202069,72362177,72362314,137
ENSG00000236909,29039601,29040376,775
ENSG00000254247,119994818,119995114,296
ENSG00000223316,70907087,70907216,129
ENSG00000221550,29580054,29580195,141
ENSG00000264447,72936410,72936533,123
ENSG00000221336,140981760,140981850,90
ENSG00000270094,228581991,228584668,2677
ENSG00000229683,142799587,142799739,152
ENSG00000201968,126283408,126283521,113
ENSG00000264390,141004951,141005020,69
ENSG00000218732,73026302,73027139,837
ENSG00000230523,29656132,29676626,20494
ENSG00000270858,55196530,55197373,843
ENSG00000259833,71114769,71127570,12801
ENSG00000254278,120075181,120081021,5840
ENSG00000206342,31929344,31939616,10272
ENSG00000248557,126343635,126344904,1269
ENSG00000228364,29044350,29044945,595
ENSG00000217684,141082666,141083399,733
ENSG00000231563,228595082,228597395,2313
ENSG00000255295,89231916,89232366,450
ENSG00000272578,24000281,24059543,59262
ENSG00000266678,29758993,29759074,81
ENSG00000257870,55403530,55408031,4501
ENSG00000259798,71147255,71147903,648
ENSG00000250523,189552078,189552901,823
ENSG00000217483,73232343,73232940,597
ENSG00000234978,142803224,142816004,12780
ENSG00000225011,29814705,29823405,8700
ENSG00000227206,29091987,29096685,4698
ENSG00000230841,228636864,228637322,458
ENSG00000238082,179319443,179320155,712
ENSG00000255429,89279805,89322779,42974
ENSG00000196534,55509317,55510257,940
ENSG00000261260,71335486,71336772,1286
ENSG00000252275,189637819,189637879,60
ENSG00000229743,105481955,105489053,7098
ENSG00000090659,7804879,7812464,7585
ENSG00000198284,126379452,126390782,11330
ENSG00000147676,120177273,120257913,80640
ENSG00000203492,29105657,29106593,936
ENSG00000181514,73308179,73309362,1183
ENSG00000180015,189659506,189660648,1142
ENSG00000233844,73340223,73388282,48059
ENSG00000257350,55516452,55517904,1452
ENSG00000100095,26565440,26779562,214122
ENSG00000250437,88877026,88973518,96492
ENSG00000232745,142803532,142827235,23703
ENSG00000239784,29691910,29692380,470
ENSG00000221126,30117392,30117525,133
ENSG00000221237,71365092,71365202,110
ENSG00000228354,52684257,52686304,2047
ENSG00000228176,30181698,30182394,696
ENSG00000261348,71444343,71460367,16024
ENSG00000266180,73677410,73677476,66
ENSG00000249269,189678833,189700133,21300
ENSG00000224509,105552869,105654954,102085
ENSG00000234147,141167095,141174061,6966
ENSG00000143842,204042243,204096863,54620
ENSG00000266174,228649775,228649853,78
ENSG00000224233,29149287,29150222,935
ENSG00000214942,89196481,89200725,4244
ENSG00000216548,141243594,141244047,453
ENSG00000222787,30357749,30357852,103
ENSG00000181201,228651804,228652327,523
ENSG00000262120,71454386,71455421,1035
ENSG00000266751,133561448,133561543,95
ENSG00000232422,73696036,73697473,1437
ENSG00000251197,29706972,29714212,7240
ENSG00000270927,30377712,30378204,492
ENSG00000263685,105609360,105609438,78
ENSG00000231182,142950985,142956716,5731
ENSG00000222608,52694281,52694397,116
ENSG00000230598,29183013,29183956,943
ENSG00000122432,84971974,85031877,59903
ENSG00000090402,164696686,164796283,99597
ENSG00000225508,52701768,52706101,4333
ENSG00000231851,105713510,105719402,5892
ENSG00000259828,141768148,141772143,3995
ENSG00000215811,228696356,228700006,3650
ENSG00000265324,99184538,99184622,84
ENSG00000205494,5141849,5145743,3894
ENSG00000222764,141807278,141807549,271
ENSG00000220515,73764820,73765580,760
ENSG00000232505,29191750,29258217,66467
ENSG00000249265,89240727,89243390,2663
ENSG00000109756,160025330,160281321,255991
ENSG00000134612,89371683,89431886,60203
ENSG00000232274,143118704,143211070,92366
ENSG00000182583,7810303,7812184,1881
ENSG00000264342,89312438,89312537,99
ENSG00000218351,141956787,141957640,853
ENSG00000233399,30486799,30510459,23660
ENSG00000260734,71464165,71466185,2020
ENSG00000244219,99195689,99208439,12750
ENSG00000229154,73844526,73853237,8711
ENSG00000213911,29197004,29197934,930
ENSG00000169126,28064115,28287977,223862
ENSG00000270041,24080865,24081476,611
ENSG00000176752,5191581,5192526,945
ENSG00000237275,52716413,52716683,270
ENSG00000272973,24198614,24199226,612
ENSG00000204697,29230480,29231856,1376
ENSG00000233372,30613110,30614454,1344
ENSG00000234025,73867240,73867862,622
ENSG00000270177,133562101,133563518,1417
ENSG00000236251,31764773,31770218,5445
ENSG00000253972,120227351,120259088,31737
ENSG00000223958,52736652,52738983,2331
ENSG00000231251,30699370,30699462,92
ENSG00000244425,24221682,24221977,295
ENSG00000239615,133603112,133603547,435
ENSG00000236335,30882407,30884485,2078
ENSG00000273295,24243619,24249255,5636
ENSG00000251619,189697811,189706665,8854
ENSG00000248559,133735186,133737612,2426
ENSG00000139540,56623833,56631630,7797
ENSG00000237298,179385910,179639402,253492
ENSG00000248555,89454156,89585888,131732
ENSG00000176748,5198944,5199891,947
ENSG00000196329,150419341,150447121,27780
ENSG00000225282,24269087,24271761,2674
ENSG00000231949,30888672,30893955,5283
ENSG00000243648,133758529,133759026,497
ENSG00000250626,189698833,189717787,18954
ENSG00000251360,73918806,73919803,997
ENSG00000242524,29236239,29237198,959
ENSG00000202056,228743494,228743602,108
ENSG00000199352,228746015,228746133,118
ENSG00000236780,67350489,67442451,91962
ENSG00000226508,105760571,105761882,1311
ENSG00000205396,16126097,16138272,12175
ENSG00000206090,24282185,24284985,2800
ENSG00000271875,136125788,136130950,5162
ENSG00000082516,154266976,154317769,50793
ENSG00000197171,29258488,29259430,942
ENSG00000201588,228748256,228748374,118
ENSG00000136830,130267618,130341268,73650
ENSG00000250024,189911869,189923229,11360
ENSG00000270983,142383854,142384190,336
ENSG00000248118,3417266,3536208,118942
ENSG00000224091,5226271,5228538,2267
ENSG00000186056,31191351,31199674,8323
ENSG00000231271,24292105,24296229,4124
ENSG00000251310,190114254,190126031,11777
ENSG00000199337,228750497,228750615,118
ENSG00000262008,71476958,71477759,801
ENSG00000221031,5245678,5245869,191
ENSG00000263378,73972731,73972807,76
ENSG00000249877,190209831,190212490,2659
ENSG00000206776,120400588,120400709,121
ENSG00000201843,136177953,136178046,93
ENSG00000197375,131705444,131731306,25862
ENSG00000236822,142409370,142410356,986
ENSG00000230850,143119061,143233417,114356
ENSG00000225190,43513266,43568115,54849
ENSG00000253398,120432150,120474590,42440
ENSG00000047662,17630929,17783135,152206
ENSG00000228039,24305942,24306644,702
ENSG00000200381,228752738,228752856,118
ENSG00000236619,29713532,29713756,224
ENSG00000229988,5263184,5264767,1583
ENSG00000237494,142572984,142580769,7785
ENSG00000229852,73972938,74011124,38186
ENSG00000230056,29297403,29298838,1435
ENSG00000204031,136184629,136185304,675
ENSG00000250564,133764742,133796306,31564
ENSG00000254037,120492519,120493015,496
ENSG00000199396,228754979,228755097,118
ENSG00000247324,71496181,71499844,3663
ENSG00000266843,142583780,142583871,91
ENSG00000205100,190394119,190396346,2227
ENSG00000137038,7796490,7888380,91890
ENSG00000236366,142847592,142959026,111434
ENSG00000250994,133772402,133828210,55808
ENSG00000253495,120630402,120630714,312
ENSG00000225797,29432373,29437583,5210
ENSG00000200624,228757194,228757312,118
ENSG00000233138,143069580,143074896,5316
ENSG00000159128,34775202,34851655,76453
ENSG00000157778,1606966,1610641,3675
ENSG00000196378,145998499,146012730,14231
ENSG00000207222,133835869,133835975,106
ENSG00000201896,120724070,120724385,315
ENSG00000197284,70070478,70074135,3657
ENSG00000202521,228759414,228759532,118
ENSG00000239626,74000126,74000985,859
ENSG00000265105,29715613,29715714,101
ENSG00000244642,120874902,120875181,279
ENSG00000251169,133842243,133844920,2677
ENSG00000145526,19473060,20575982,1102922
ENSG00000237851,143109260,143115223,5963
ENSG00000006757,7866288,7895780,29492
ENSG00000254335,70156112,70156406,294
ENSG00000186198,65337708,65345734,8026
ENSG00000237724,31770617,31773099,2482
ENSG00000249830,3452930,3461774,8844
ENSG00000230164,29442802,29443848,1046
ENSG00000230722,29715969,29716389,420
ENSG00000264773,31212003,31212079,76
ENSG00000245330,120879659,120886728,7069
ENSG00000200343,228761656,228761774,118
ENSG00000224460,143267184,143277835,10651
ENSG00000201451,136204565,136204661,96
ENSG00000237291,143154493,143169717,15224
ENSG00000213900,29457048,29457453,405
ENSG00000236605,67551759,67552436,677
ENSG00000272861,105865861,105866251,390
ENSG00000229607,31283225,31288400,5175
ENSG00000265661,143163750,143163822,72
ENSG00000232618,143271348,143277783,6435
ENSG00000201321,228763895,228764013,118
ENSG00000230064,136205827,136206302,475
ENSG00000232336,143188828,143189695,867
ENSG00000254353,70328995,70330227,1232
ENSG00000240250,133853501,133853785,284
ENSG00000199910,228766137,228766255,118
ENSG00000202356,120903372,120903469,97
ENSG00000260520,71547766,71551752,3986
ENSG00000234882,74001685,74003000,1315
ENSG00000146122,39760142,39872648,112506
ENSG00000250739,190580759,190582640,1881
ENSG00000229274,29465286,29478333,13047
ENSG00000223382,31297075,31307131,10056
ENSG00000235319,105940667,105946986,6319
ENSG00000221376,69617632,69617759,127
ENSG00000229017,143287558,143359214,71656
ENSG00000226279,22921512,22922009,497
ENSG00000254343,121064419,121068440,4021
ENSG00000260629,5265784,5266777,993
ENSG00000250716,3496343,3504118,7775
ENSG00000223389,74032560,74033173,613
ENSG00000224173,67789199,67801176,11977
ENSG00000199334,228768378,228768496,118
ENSG00000252972,69659924,69660020,96
ENSG00000260015,71573737,71575728,1991
ENSG00000226840,74037247,74038740,1493
ENSG00000259645,69683531,69684488,957
ENSG00000229604,88124461,88124662,201
ENSG00000207459,133970529,133970635,106
ENSG00000199270,228770618,228770736,118
ENSG00000252339,71597333,71597431,98
ENSG00000224582,29497197,29501345,4148
ENSG00000197866,56396408,56397345,937
ENSG00000227145,123540138,123610311,70173
ENSG00000224448,99235865,99236390,525
ENSG00000201298,134036862,134036968,106
ENSG00000227192,143360562,143363461,2899
ENSG00000250290,121647798,121650444,2646
ENSG00000260886,71599692,71612090,12398
ENSG00000206611,136216251,136216325,74
ENSG00000222266,134051173,134051272,99
ENSG00000202526,228772843,228772961,118
ENSG00000225278,143211628,143240439,28811
ENSG00000248850,126390949,126392066,1117
ENSG00000259426,69689243,69707368,18125
ENSG00000120805,101786898,101801598,14700
ENSG00000225752,143415171,143420782,5611
ENSG00000259603,3596325,3600302,3977
ENSG00000243058,54650401,54650556,155
ENSG00000241179,134140468,134140822,354
ENSG00000222784,31316670,31316957,287
ENSG00000248318,121773493,121789072,15579
ENSG00000206444,29756044,29762764,6720
ENSG00000201355,228775084,228775202,118
ENSG00000272994,105950484,105953932,3448
ENSG00000235143,31331005,31333101,2096
ENSG00000229093,5312991,5313610,619
ENSG00000231332,74079427,74097440,18013
ENSG00000200831,136216950,136217023,73
ENSG00000260593,71657611,71660719,3108
ENSG00000270892,134198781,134199123,342
ENSG00000254795,56400640,56401579,939
ENSG00000248962,4012822,4013763,941
ENSG00000235174,74082831,74082986,155
ENSG00000230847,70370052,70389020,18968
ENSG00000272502,121824459,121825599,1140
ENSG00000201925,228777315,228777433,118
ENSG00000260185,71688930,71698115,9185
ENSG00000207395,69698780,69698891,111
ENSG00000217495,143619907,143620691,784
ENSG00000200154,31408535,31408620,85
ENSG00000249558,126485277,126486318,1041
ENSG00000238273,105979495,105995296,15801
ENSG00000229281,29505481,29506564,1083
ENSG00000259191,69726805,69727459,654
ENSG00000263546,56405463,56405549,86
ENSG00000199301,71699994,71700100,106
ENSG00000202257,228779556,228779674,118
ENSG00000202107,31421964,31422049,85
ENSG00000225428,88268128,88268490,362
ENSG00000253619,121925305,122131994,206689
ENSG00000224786,123651703,123653348,1645
ENSG00000262951,54946308,54946925,617
ENSG00000237988,29520996,29521943,947
ENSG00000263666,71732470,71732604,134
ENSG00000232511,56436493,56437420,927
ENSG00000249994,4033826,4041877,8051
ENSG00000224221,74100761,74101490,729
ENSG00000167459,16142117,16152926,10809
ENSG00000200181,31441011,31441083,72
ENSG00000252093,122081628,122081814,186
ENSG00000115274,74682150,74688011,5861
ENSG00000261513,71757083,71758133,1050
ENSG00000200370,228781787,228781905,118
ENSG00000212556,126921215,126921316,101
ENSG00000271219,122125598,122126159,561
ENSG00000237329,31509581,31510087,506
ENSG00000167355,5326206,5526882,200676
ENSG00000199744,136217311,136217383,72
ENSG00000244921,134258993,134259739,746
ENSG00000243016,126940037,126940724,687
ENSG00000200250,128074449,128074555,106
ENSG00000260612,71760878,71761895,1017
ENSG00000232173,29541686,29542613,927
ENSG00000207119,69750281,69750488,207
ENSG00000221644,122198998,122199132,134
ENSG00000221255,7716972,7717102,130
ENSG00000259454,102427557,102427970,413
ENSG00000212469,54948531,54948637,106
ENSG00000236682,128146706,128158156,11450
ENSG00000212237,228783659,228783779,120
ENSG00000238041,56457941,56458199,258
ENSG00000259215,69750861,69754145,3284
ENSG00000250921,4135795,4143761,7966
ENSG00000239872,122392377,122392705,328
ENSG00000114115,139236276,139258671,22395
ENSG00000262408,54962000,54962180,180
ENSG00000183929,228744885,228788150,43265
ENSG00000232768,31523719,31523881,162
ENSG00000249119,134259813,134260334,521
ENSG00000207619,168690605,168690698,93
ENSG00000262112,54966241,54969202,2961
ENSG00000238464,74103636,74103736,100
ENSG00000259646,102443357,102443407,50
ENSG00000224501,31782890,31785413,2523
ENSG00000119912,94211441,94333833,122392
ENSG00000252542,136217702,136217767,65
ENSG00000105427,42891171,42894439,3268
ENSG00000266346,74142707,74142807,100
ENSG00000205339,9406169,9469673,63504
ENSG00000264075,128181113,128181194,81
ENSG00000254953,56503792,56503938,146
ENSG00000265238,54968631,54968716,85
ENSG00000103710,65345679,65369028,23349
ENSG00000227609,29545236,29545525,289
ENSG00000216001,133674215,133674292,77
ENSG00000216642,143648412,143648792,380
ENSG00000235495,67792736,67911209,118473
ENSG00000263525,122555137,122555235,98
ENSG00000244083,123736926,123737272,346
ENSG00000201288,126959811,126959917,106
ENSG00000177504,8137989,8139308,1319
ENSG00000207023,74173796,74173900,104
ENSG00000262298,55017293,55018636,1343
ENSG00000206614,168979453,168979559,106
ENSG00000215900,31567834,31568405,571
ENSG00000183909,102467008,102467910,902
ENSG00000199132,133674371,133674461,90
ENSG00000264609,74186781,74186865,84
ENSG00000237013,68023186,68052694,29508
ENSG00000235522,106462990,106473633,10643
ENSG00000253321,89648854,89652426,3572
ENSG00000253069,123748169,123748245,76
ENSG00000206878,228788183,228788307,124
ENSG00000253269,169199970,169206369,6399
ENSG00000271986,74197315,74197600,285
ENSG00000181325,56507655,56508572,917
ENSG00000248690,122651533,122656933,5400
ENSG00000207755,133674538,133674637,99
ENSG00000262623,55029025,55029765,740
ENSG00000240775,123761498,123761845,347
ENSG00000261018,136476920,136498221,21301
ENSG00000239620,127002924,127003524,600
ENSG00000230515,7811735,7812377,642
ENSG00000223821,74201748,74202465,717
ENSG00000234975,228823162,228823574,412
ENSG00000200662,102411048,102411139,91
ENSG00000245750,69755365,69863775,108410
ENSG00000201330,29550026,29550109,83
ENSG00000144559,11831916,11888393,56477
ENSG00000273007,123803033,123805867,2834
ENSG00000207784,133675371,133675467,96
ENSG00000248893,102495088,102496615,1527
ENSG00000244215,127041150,127109513,68363
ENSG00000252264,14176964,14177025,61
ENSG00000233205,88272175,88272601,426
ENSG00000248923,134260338,134262149,1811
ENSG00000238451,70384459,70384562,103
ENSG00000231301,29550285,29550802,517
ENSG00000229862,74233341,74280319,46978
ENSG00000231731,128221218,128263373,42155
ENSG00000233071,102460938,102461827,889
ENSG00000208317,173834760,173834824,64
ENSG00000251634,70398725,70424580,25855
ENSG00000225142,31581035,31581470,435
ENSG00000258035,94561782,94579820,18038
ENSG00000228736,33429778,33437523,7745
ENSG00000111615,75890684,75905416,14732
ENSG00000263120,55060110,55062465,2355
ENSG00000252231,173890208,173890338,130
ENSG00000216154,123928727,123928818,91
ENSG00000217648,143663383,143664520,1137
ENSG00000247627,134262350,134263726,1376
ENSG00000254825,56518499,56519378,879
ENSG00000271475,228912059,228912612,553
ENSG00000223749,133677367,133680741,3374
ENSG00000272566,190625035,190625644,609
ENSG00000260763,4436963,4440372,3409
ENSG00000200755,173938456,173938574,118
ENSG00000223967,74236467,74236602,135
ENSG00000265809,55080344,55080444,100
ENSG00000271399,228993757,228994303,546
ENSG00000250322,124181104,124181273,169
ENSG00000235238,29603837,29604120,283
ENSG00000229840,229177918,229178338,420
ENSG00000258172,94665926,94670971,5045
ENSG00000236535,173978405,173985344,6939
ENSG00000223224,71792305,71792390,85
ENSG00000218459,74328069,74328320,251
ENSG00000261192,55122839,55124158,1319
ENSG00000202215,190630693,190630868,175
ENSG00000206950,14190064,14190172,108
ENSG00000270655,143707718,143708546,828
ENSG00000231289,143243809,143244859,1050
ENSG00000267609,16145586,16147347,1761
ENSG00000198868,134263720,134264016,296
ENSG00000181296,56542737,56543682,945
ENSG00000262140,71867690,71869835,2145
ENSG00000252035,14345285,14345388,103
ENSG00000244391,94754996,94755300,304
ENSG00000174672,1411129,1483919,72790
ENSG00000225756,136519708,136522435,2727
ENSG00000228694,36723638,36724102,464
ENSG00000249125,124411423,124443261,31838
ENSG00000224977,173991647,173992123,476
ENSG00000235968,68250826,68251898,1072
ENSG00000231652,74403626,74405854,2228
ENSG00000245685,190701490,190861426,159936
ENSG00000233916,29675902,29676324,422
ENSG00000213250,94817520,94818745,1225
ENSG00000084674,21224301,21266945,42644
ENSG00000260871,89684285,89685180,895
ENSG00000263831,169455492,169455570,78
ENSG00000224692,102513500,102514509,1009
ENSG00000235576,7865932,7870836,4904
ENSG00000229447,31736092,31736528,436
ENSG00000236975,229228562,229230652,2090
ENSG00000255485,56557682,56558441,759
ENSG00000223735,5336002,5336914,912
ENSG00000255385,89433932,89434493,561
ENSG00000234162,106575540,106578462,2922
ENSG00000251526,124426434,124448680,22246
ENSG00000218896,143757353,143757847,494
ENSG00000267450,16162739,16163499,760
ENSG00000229420,143245164,143245590,426
ENSG00000254209,122684013,122696802,12789
ENSG00000236259,68352397,68352879,482
ENSG00000253219,169567668,169568944,1276
ENSG00000225713,174059274,174059612,338
ENSG00000225864,29690758,29691748,990
ENSG00000261765,71915456,71916176,720
ENSG00000234654,143245823,143246210,387
ENSG00000257400,94885322,94890218,4896
ENSG00000233920,229359208,229363309,4101
ENSG00000223203,143770946,143771048,102
ENSG00000255486,89456650,89460421,3771
ENSG00000253900,70428820,70429114,294
ENSG00000163257,17802278,17812381,10103
ENSG00000248478,122691366,122719871,28505
ENSG00000248973,4452043,4866334,414291
ENSG00000237002,36727544,36731320,3776
ENSG00000244091,94909252,94909536,284
ENSG00000261337,71952815,71959638,6823
ENSG00000267517,16176547,16177122,575
ENSG00000205642,8432871,8434550,1679
ENSG00000238979,88310621,88310721,100
ENSG00000217268,74714236,74714528,292
ENSG00000263963,134263729,134263802,73
ENSG00000177788,229394028,229406775,12747
ENSG00000225010,143342844,143343247,403
ENSG00000258357,94914866,94915645,779
ENSG00000249464,124571422,124851561,280139
ENSG00000214922,29694378,29716826,22448
ENSG00000254018,122896963,122916512,19549
ENSG00000256225,136627017,136628425,1408
ENSG00000205025,56569332,56587184,17852
ENSG00000225397,52751387,52751573,186
ENSG00000273275,68406965,68407664,699
ENSG00000229036,143806116,143828464,22348
ENSG00000229644,36810649,36813162,2513
ENSG00000249192,134264083,134264217,134
ENSG00000172732,65624597,65635124,10527
ENSG00000267373,16214571,16215064,493
ENSG00000236349,94942017,94943312,1295
ENSG00000112079,36461669,36515247,53578
ENSG00000236359,5351822,5352590,768
ENSG00000254303,122966879,123139423,172544
ENSG00000259553,102500051,102501611,1560
ENSG00000231945,31735249,31752710,17461
ENSG00000266024,190739823,190739892,69
ENSG00000229044,31805914,31819646,13732
ENSG00000240524,229406674,229407346,672
ENSG00000255540,89464185,89467950,3765
ENSG00000232571,143343559,143344609,1050
ENSG00000264016,10644584,10672333,27749
ENSG00000249601,169618583,169626145,7562
ENSG00000233339,106795998,106800253,4255
ENSG00000227373,174084438,174129142,44704
ENSG00000269243,16234471,16250702,16231
ENSG00000250666,190802670,190806023,3353
ENSG00000229826,52764990,52765196,206
ENSG00000237481,229455150,229458834,3684
ENSG00000253814,123103719,123103848,129
ENSG00000215630,70435716,70585611,149895
ENSG00000232979,7875776,7875914,138
ENSG00000215899,31960436,31961777,1341
ENSG00000252506,229518875,229518935,60
ENSG00000255364,123426571,123440790,14219
ENSG00000263415,14372250,14372374,124
ENSG00000222724,88315873,88316066,193
ENSG00000206981,31970419,31970525,106
ENSG00000213295,106863825,106864197,372
ENSG00000223786,74779167,75400443,621276
ENSG00000252051,229546247,229546514,267
ENSG00000266099,94955565,94955635,70
ENSG00000255365,14547891,14548128,237
ENSG00000207271,36914943,36915066,123
ENSG00000249462,190894754,190895002,248
ENSG00000228682,31971841,31974167,2326
ENSG00000255325,123497754,123502054,4300
ENSG00000230331,229560767,229561397,630
ENSG00000238127,52777574,52779905,2331
ENSG00000255647,89705817,89706485,668
ENSG00000271307,190901057,190901762,705
ENSG00000238176,37229037,37232860,3823
ENSG00000267033,16297087,16300269,3182
ENSG00000199127,14710947,14711019,72
ENSG00000223907,31984036,31989846,5810
ENSG00000223373,213775727,213784533,8806
ENSG00000257847,94984597,94984869,272
ENSG00000234376,89485953,89487143,1190
ENSG00000241847,143811652,143812504,852
ENSG00000255433,56615954,56645554,29600
ENSG00000233313,77036134,77036404,270
ENSG00000230087,5375922,5376808,886
ENSG00000253819,123682624,123706345,23721
ENSG00000107821,102821598,102827888,6290
ENSG00000255076,14736566,14737328,762
ENSG00000235106,136890561,136899788,9227
ENSG00000229167,32037186,32041174,3988
ENSG00000238872,174169267,174169368,101
ENSG00000159592,46092976,46153785,60809
ENSG00000266354,213790981,213791060,79
ENSG00000231291,4512375,4516889,4514
ENSG00000226710,31789757,31794910,5153
ENSG00000267275,16394170,16435325,41155
ENSG00000217178,74991982,74992376,394
ENSG00000266125,174317403,174317493,90
ENSG00000233533,37233039,37233666,627
ENSG00000237905,29756937,29757911,974
ENSG00000238901,123683530,123683633,103
ENSG00000216306,95227923,95228934,1011
ENSG00000254971,89487150,89488121,971
ENSG00000270659,214017694,214018383,689
ENSG00000238049,102602390,102602657,267
ENSG00000237317,174336243,174337177,934
ENSG00000270087,77039484,77161004,121520
ENSG00000181282,56738325,56739621,1296
ENSG00000189127,79852574,79866307,13733
ENSG00000202429,128229810,128229991,181
ENSG00000235740,143875462,143883168,7706
ENSG00000259457,69857063,69858129,1066
ENSG00000236248,5383845,5384079,234
ENSG00000272243,75239964,75443995,204031
ENSG00000263443,123712508,123715662,3154
ENSG00000239257,29694446,29694916,470
ENSG00000242569,143347958,143376829,28871
ENSG00000272789,128383572,128384423,851
ENSG00000226920,229576031,229576767,736
ENSG00000249368,15182805,15183078,273
ENSG00000255170,89498052,89498306,254
ENSG00000223828,174725988,174726257,269
ENSG00000249082,134374528,134375737,1209
ENSG00000236193,214020530,214032436,11906
ENSG00000236518,52799880,52800150,270
ENSG00000251297,190903678,190906026,2348
ENSG00000079435,42905659,42931578,25919
ENSG00000255083,56785575,56786361,786
ENSG00000225355,37283951,37284513,562
ENSG00000235165,123781513,123782389,876
ENSG00000232622,85101841,85102789,948
ENSG00000223635,229644248,229650019,5771
ENSG00000250274,169735705,169739720,4015
ENSG00000243745,16509477,16509770,293
ENSG00000270890,144179199,144179826,627
ENSG00000273340,29709508,29716746,7238
ENSG00000204456,89499608,89502004,2396
ENSG00000120279,153019030,153045702,26672
ENSG00000206796,37424165,37424271,106
ENSG00000259641,69884468,69988089,103621
ENSG00000272519,214131719,214140876,9157
ENSG00000273228,56796883,56797197,314
ENSG00000236357,175785830,175786696,866
ENSG00000240418,16523495,16524387,892
ENSG00000231378,174818805,174819306,501
ENSG00000199672,229670811,229670936,125
ENSG00000248424,5451883,5452832,949
ENSG00000226867,52810501,52814830,4329
ENSG00000218483,75320165,75320431,266
ENSG00000217231,144357755,144358841,1086
ENSG00000265003,88382038,88382118,80
ENSG00000198561,57520715,57587018,66303
ENSG00000234918,37529815,37530977,1162
ENSG00000234438,65369154,65372276,3122
ENSG00000201470,128556477,128556572,95
ENSG00000223428,77048091,77048440,349
ENSG00000201492,229685652,229685769,117
ENSG00000235790,32109650,32125539,15889
ENSG00000224196,56804912,56805009,97
ENSG00000226655,124666078,124666828,750
ENSG00000196096,214141276,214148929,7653
ENSG00000200390,128587321,128587426,105
ENSG00000234405,102752451,102755245,2794
ENSG00000224061,106869687,106870173,486
ENSG00000229367,229706279,229706543,264
ENSG00000260638,29765389,29767393,2004
ENSG00000272384,123792210,123793069,859
ENSG00000265734,214622791,214622883,92
ENSG00000160606,27051366,27054953,3587
ENSG00000228489,124666905,124667381,476
ENSG00000236797,77142151,77142602,451
ENSG00000235172,169758433,169760883,2450
ENSG00000272676,56812566,56812865,299
ENSG00000224583,75352100,75361718,9618
ENSG00000266568,102873433,102873502,69
ENSG00000202012,88529088,88529183,95
ENSG00000256014,144438986,144439062,76
ENSG00000229405,7876569,7877226,657
ENSG00000237249,174861554,174862292,738
ENSG00000254751,89510149,89515545,5396
ENSG00000223214,15379393,15379475,82
ENSG00000213028,229824746,229825651,905
ENSG00000197585,215114764,215548970,434206
ENSG00000249514,90326807,90327124,317
ENSG00000250458,124783015,124783170,155
ENSG00000272043,123792999,123793310,311
ENSG00000240800,37537046,37604729,67683
ENSG00000224031,102881004,102881420,416
ENSG00000238870,70023079,70023161,82
ENSG00000264884,75429462,75429559,97
ENSG00000273255,56823062,56823607,545
ENSG00000229885,52830424,52830553,129
ENSG00000219297,144457587,144457912,325
ENSG00000215958,70077754,70077843,89
ENSG00000253372,123819985,123828756,8771
ENSG00000219736,75558793,75560200,1407
ENSG00000225984,229840981,229841608,627
ENSG00000246922,65385338,65407535,22197
ENSG00000254662,57093077,57095432,2355
ENSG00000251899,85258751,85258882,131
ENSG00000248423,15546423,15547071,648
ENSG00000137393,18368779,18469105,100326
ENSG00000259496,70095655,70096385,730
ENSG00000270081,128601127,128603261,2134
ENSG00000223525,174866095,174867133,1038
ENSG00000266110,85599477,85599556,79
ENSG00000213917,215145362,215146176,814
ENSG00000238692,57096333,57096435,102
ENSG00000202532,128602810,128602915,105
ENSG00000223254,85729979,85730085,106
ENSG00000225793,75994730,76006719,11989
ENSG00000259309,70113095,70115195,2100
ENSG00000248753,134456216,134475371,19155
ENSG00000180284,102906663,102907034,371
ENSG00000266018,57127196,57127295,99
ENSG00000235869,174891244,174891577,333
ENSG00000221542,123858930,123859018,88
ENSG00000217027,144521584,144522102,518
ENSG00000244563,128604310,128604658,348
ENSG00000249890,69887374,69888058,684
ENSG00000250484,124983617,124984145,528
ENSG00000244402,37586326,37586615,289
ENSG00000223653,85742398,85913807,171409
ENSG00000221619,88594111,88594198,87
ENSG00000227043,230011297,230021499,10202
ENSG00000252070,57217656,57217772,116
ENSG00000259631,123989266,123997869,8603
ENSG00000230484,5489716,5490652,936
ENSG00000248482,134460070,134466939,6869
ENSG00000216115,68457058,68457147,89
ENSG00000212930,90519236,90519784,548
ENSG00000222998,57219163,57219495,332
ENSG00000251371,4640844,4648367,7523
ENSG00000259703,70127573,70135459,7886
ENSG00000258597,94830053,94833039,2986
ENSG00000253607,124014800,124042991,28191
ENSG00000154065,21178890,21242849,63959
ENSG00000255162,89519113,89521006,1893
ENSG00000267703,16551757,16554395,2638
ENSG00000264078,32110295,32114972,4677
ENSG00000273064,68480002,68480980,978
ENSG00000199572,190936293,190936410,117
ENSG00000239049,88606879,88606982,103
ENSG00000255301,57243966,57245007,1041
ENSG00000240106,16650499,16650795,296
ENSG00000237149,77160759,77168738,7979
ENSG00000250483,15663658,15664792,1134
ENSG00000227758,29716066,29716290,224
ENSG00000256357,94896970,94931067,34097
ENSG00000216475,144578170,144578760,590
ENSG00000251093,90522292,90522888,596
ENSG00000215549,26442061,26455095,13034
ENSG00000201145,190938851,190938969,118
ENSG00000199678,124056957,124057052,95
ENSG00000230353,106905259,106905509,250
ENSG00000221443,68500236,68500338,102
ENSG00000225968,1727755,1787590,59835
ENSG00000266580,32224261,32224336,75
ENSG00000228058,230138477,230142909,4432
ENSG00000264380,85750293,85750356,63
ENSG00000250919,69893549,69910296,16747
ENSG00000203489,76028817,76029696,879
ENSG00000269399,16653434,16655625,2191
ENSG00000197475,39308564,39380371,71807
ENSG00000224807,190942562,190943820,1258
ENSG00000253463,124135346,124135922,576
ENSG00000203395,68588346,68592716,4370
ENSG00000199290,29718148,29718249,101
ENSG00000258805,95100042,95100861,819
ENSG00000109805,17812525,17846485,33960
ENSG00000272619,143060992,143061322,330
ENSG00000251995,57278032,57278117,85
ENSG00000199459,85900858,85900967,109
ENSG00000255285,89522580,89522901,321
ENSG00000185596,102501356,102516768,15412
ENSG00000254545,32254731,32256923,2192
ENSG00000235821,29718506,29718925,419
ENSG00000250053,190959071,190959554,483
ENSG00000253647,169816497,169849848,33351
ENSG00000249837,125070532,125173199,102667
ENSG00000268344,26452422,26452679,257
ENSG00000273264,85932978,85933343,365
ENSG00000229531,174904084,174923398,19314
ENSG00000240371,57343765,57344553,788
ENSG00000232533,143076785,143077588,803
ENSG00000268309,16662584,16663139,555
ENSG00000250946,89553250,89560090,6840
ENSG00000203620,32307620,32321169,13549
ENSG00000207965,70371711,70371807,96
ENSG00000224622,55552631,55553507,876
ENSG00000253858,169910810,169913411,2601
ENSG00000225311,144632835,144654437,21602
ENSG00000272691,86044183,86044425,242
ENSG00000249647,134571924,134583869,11945
ENSG00000233113,29768168,29768964,796
ENSG00000231154,102942212,102946700,4488
ENSG00000226506,8026901,8039786,12885
ENSG00000180730,26618735,26625169,6434
ENSG00000211525,230184929,230184997,68
ENSG00000229462,68672842,68676306,3464
ENSG00000269085,16676362,16677141,779
ENSG00000200216,70485575,70485683,108
ENSG00000272236,29719742,29719984,242
ENSG00000199934,86057963,86058039,76
ENSG00000265334,29161343,29190046,28703
ENSG00000248506,125356905,125358275,1370
ENSG00000272667,128644130,128644759,629
ENSG00000269967,32317514,32387442,69928
ENSG00000219409,144719095,144719888,793
ENSG00000227006,230394440,230404229,9789
ENSG00000146469,153071933,153080900,8967
ENSG00000227423,55587666,55588570,904
ENSG00000230285,86064814,86066417,1603
ENSG00000232508,88664214,88665127,913
ENSG00000259252,70487977,70490848,2871
ENSG00000270896,29731035,29731169,134
ENSG00000221461,124192551,124192765,214
ENSG00000269578,16697716,16698796,1080
ENSG00000237174,76066930,76096096,29166
ENSG00000228634,32398621,32399576,955
ENSG00000204399,128688901,128689014,113
ENSG00000226836,15800634,15801041,407
ENSG00000240813,10648870,10649860,990
ENSG00000269360,93749295,93751277,1982
ENSG00000205971,1732446,1733961,1515
ENSG00000253258,124193878,124195028,1150
ENSG00000201620,86349363,86349481,118
ENSG00000252659,120751041,120751144,103
ENSG00000268087,16721222,16747342,26120
ENSG00000213451,55656323,55657215,892
ENSG00000252552,174965661,174965766,105
ENSG00000229153,143104906,143220542,115636
ENSG00000203325,32517892,32539075,21183
ENSG00000253591,170066162,170108441,42279
ENSG00000229505,86495537,86496272,735
ENSG00000259503,70613915,70619081,5166
ENSG00000269427,16741554,16754753,13199
ENSG00000206659,174991615,174991716,101
ENSG00000212190,29188861,29188956,95
ENSG00000253410,124205115,124205172,57
ENSG00000224257,215374920,215401614,26694
ENSG00000181126,29758731,29765588,6857
ENSG00000214525,68755373,68756584,1211
ENSG00000217195,145027869,145028183,314
ENSG00000199643,90566544,90566684,140
ENSG00000224407,230416058,230417639,1581
ENSG00000231349,86869859,86870549,690
ENSG00000181101,175013762,175014784,1022
ENSG00000261971,3101992,3109371,7379
ENSG00000263531,29190939,29191958,1019
ENSG00000259473,70796246,70798267,2021
ENSG00000250232,48929385,48937546,8161
ENSG00000252513,19900883,19901042,159
ENSG00000266203,32552550,32552608,58
ENSG00000220739,145029242,145029633,391
ENSG00000166013,89575165,89584138,8973
ENSG00000254602,57405497,57420263,14766
ENSG00000185044,143354963,143467632,112669
ENSG00000233939,106921211,106921653,442
ENSG00000203257,230451438,230451976,538
ENSG00000249521,4773594,4774978,1384
ENSG00000011201,8496915,8700227,203312
ENSG00000230113,29283298,29283979,681
ENSG00000259227,70894463,70894855,392
ENSG00000205331,55677534,55706860,29326
ENSG00000250135,32636334,32642169,5835
ENSG00000239881,120807243,120809491,2248
ENSG00000269044,16744614,16746080,1466
ENSG00000177261,215562451,215562788,337
ENSG00000214273,190962497,190964569,2072
ENSG00000148513,37414785,37673039,258254
ENSG00000230687,175172364,175173985,1621
ENSG00000221796,145669894,145669985,91
ENSG00000259532,71041271,71046516,5245
ENSG00000101222,3758151,3762095,3944
ENSG00000221332,76108577,76108783,206
ENSG00000221392,103065314,103065438,124
ENSG00000227513,106961022,106961889,867
ENSG00000204949,124213412,124214983,1571
ENSG00000232964,230728406,230731329,2923
ENSG00000266274,29286583,29286867,284
ENSG00000224295,5539671,5546185,6514
ENSG00000234044,128824768,128824981,213
ENSG00000263533,76138123,76138189,66
ENSG00000222419,103105726,103105840,114
ENSG00000201119,145784374,145784535,161
ENSG00000265743,29291953,29292518,565
ENSG00000233946,175266216,175266376,160
ENSG00000249003,190979057,190984160,5103
ENSG00000155849,36893961,37488852,594891
ENSG00000234066,143134127,143135066,939
ENSG00000224466,87018308,87019025,717
ENSG00000235817,230747755,230748158,403
ENSG00000234292,90575914,90576959,1045
ENSG00000238156,76164660,76168616,3956
ENSG00000231787,103159243,103159675,432
ENSG00000267904,16750778,16751479,701
ENSG00000229682,106984665,106985332,667
ENSG00000217612,145810766,145813228,2462
ENSG00000259624,71060350,71071207,10857
ENSG00000229267,215674953,215827998,153045
ENSG00000224066,32670370,32672415,2045
ENSG00000248311,4775589,4805882,30293
ENSG00000247763,43231914,43233275,1361
ENSG00000224964,19909863,19912576,2713
ENSG00000236915,87036864,87158886,122022
ENSG00000269419,16823128,16823245,117
ENSG00000248565,125384018,125384945,927
ENSG00000198954,70748487,70776738,28251
ENSG00000204455,89586008,89596061,10053
ENSG00000259452,71083352,71083825,473
ENSG00000171467,43274872,43337216,62344
ENSG00000224355,29777533,29777664,131
ENSG00000236853,143185582,143186495,913
ENSG00000217680,76174839,76175286,447
ENSG00000230307,55705619,55706541,922
ENSG00000248467,4831812,4849913,18101
ENSG00000260990,175276354,175304595,28241
ENSG00000208009,57408671,57408759,88
ENSG00000221407,190981535,190981630,95
ENSG00000266114,10695376,10698302,2926
ENSG00000253029,88667312,88667381,69
ENSG00000253648,15830824,15857833,27009
ENSG00000263004,55155659,55162385,6726
ENSG00000258475,190986388,190987069,681
ENSG00000244137,230846444,230931238,84794
ENSG00000213592,57485516,57486002,486
ENSG00000270021,134734970,134736986,2016
ENSG00000235665,8062556,8418214,355658
ENSG00000253348,170174051,170215654,41603
ENSG00000221702,87071953,87072040,87
ENSG00000266324,124228028,124228103,75
ENSG00000225023,29792350,29793328,978
ENSG00000234345,103165225,103166272,1047
ENSG00000068394,48970334,48980151,9817
ENSG00000263429,10698230,10707416,9186
ENSG00000229977,143229842,143230257,415
ENSG00000261083,125421097,125479589,58492
ENSG00000229695,43907604,43908761,1157
ENSG00000249633,5548507,5549404,897
ENSG00000268632,42073346,42076229,2883
ENSG00000235628,175507911,175525954,18043
ENSG00000226011,19921687,19937209,15522
ENSG00000207274,215711671,215711805,134
ENSG00000178233,44238203,44275243,37040
ENSG00000208038,95228174,95228289,115
ENSG00000243498,124249092,124249302,210
ENSG00000235420,71088936,71095027,6091
ENSG00000266309,88673658,88673758,100
ENSG00000235138,136919412,136923927,4515
ENSG00000255303,57633770,57634751,981
ENSG00000230076,215711852,215712169,317
ENSG00000248763,69932113,69935606,3493
ENSG00000263089,55169506,55173786,4280
ENSG00000257757,55736625,55737558,933
ENSG00000176998,29758816,29760850,2034
ENSG00000263779,230865626,230865915,289
ENSG00000257121,95494307,95494821,514
ENSG00000168005,63580860,63595190,14330
ENSG00000250537,190988796,190990406,1610
ENSG00000201291,76183454,76183610,156
ENSG00000253951,16133190,16133805,615
ENSG00000224718,175846479,175849604,3125
ENSG00000261604,43287703,43290941,3238
ENSG00000270638,146056706,146058354,1648
ENSG00000197535,52599480,52821247,221767
ENSG00000249941,4866634,4874872,8238
ENSG00000263902,55489272,55489562,290
ENSG00000202063,230955996,230956104,108
ENSG00000229877,143242279,143243828,1549
ENSG00000237774,95519536,95520165,629
ENSG00000174611,134321980,134370478,48498
ENSG00000219722,76209421,76209852,431
ENSG00000200432,128825374,128825475,101
ENSG00000201297,126283974,126284084,110
ENSG00000227769,215886722,215906980,20258
ENSG00000266100,55599609,55600958,1349
ENSG00000225656,230959387,230960453,1066
ENSG00000222607,124275083,124275189,106
ENSG00000264856,128879655,128879963,308
ENSG00000220785,32697259,32707221,9962
ENSG00000248323,90598846,90610219,11373
ENSG00000250149,126597873,126673948,76075
ENSG00000251506,4967877,4970538,2661
ENSG00000238422,124278882,124278985,103
ENSG00000153923,87099956,87121059,21103
ENSG00000227740,175873898,175889649,15751
ENSG00000270828,146058047,146058309,262
ENSG00000202470,95669546,95669648,102
ENSG00000229173,128897366,128898090,724
ENSG00000223393,231010592,231014761,4169
ENSG00000261548,29768192,29770202,2010
ENSG00000251436,126602332,126604823,2491
ENSG00000263499,55678217,55685773,7556
ENSG00000263508,10752858,10784212,31354
ENSG00000127870,26706253,26796791,90538
ENSG00000235486,106986180,106994703,8523
ENSG00000252490,43999259,43999489,230
ENSG00000271525,136944026,136944566,540
ENSG00000253336,124300595,124302743,2148
ENSG00000257666,95680094,95680614,520
ENSG00000230777,175891111,175891281,170
ENSG00000200924,44119829,44119935,106
ENSG00000269881,299546,319942,20396
ENSG00000220730,76295838,76296177,339
ENSG00000231728,103172005,103174131,2126
ENSG00000242889,55695469,55695759,290
ENSG00000261888,81061205,81063860,2655
ENSG00000235652,146136048,146207721,71673
ENSG00000219391,44293033,44293293,260
ENSG00000237571,216139715,216142670,2955
ENSG00000135540,138743180,139013708,270528
ENSG00000238447,55762890,55762953,63
ENSG00000143845,204100190,204121307,21117
ENSG00000236790,8147901,8523751,375850
ENSG00000249555,126644422,126645372,950
ENSG00000252906,175937534,175937676,142
ENSG00000267539,71121469,71123745,2276
ENSG00000240502,231029887,231030173,286
ENSG00000238663,216167489,216167587,98
ENSG00000203408,55770582,55771520,938
ENSG00000248553,5572892,5573793,901
ENSG00000265542,55849307,55912110,62803
ENSG00000244501,170293839,170294146,307
ENSG00000252137,76302771,76302861,90
ENSG00000238985,231031178,231031250,72
ENSG00000228686,175986413,175987896,1483
ENSG00000230695,216300976,216301715,739
ENSG00000252599,44381928,44382034,106
ENSG00000262898,81091900,81125376,33476
ENSG00000134057,68462837,68474072,11235
ENSG00000238261,143377281,143401533,24252
ENSG00000253966,170323933,170331465,7532
ENSG00000253934,16232127,16232591,464
ENSG00000251649,126991863,126993159,1296
ENSG00000217488,76320674,76321661,987
ENSG00000252131,231124735,231124869,134
ENSG00000187008,71963441,72033877,70436
ENSG00000249639,134786303,134794387,8084
ENSG00000232253,29817101,29817229,128
ENSG00000236021,176176784,176198466,21682
ENSG00000222976,55866810,55867093,283
ENSG00000251284,69990992,69992169,1177
ENSG00000188850,43336266,43348818,12552
ENSG00000225166,216318430,216328594,10164
ENSG00000221290,231155574,231155670,96
ENSG00000256695,120827349,120833797,6448
ENSG00000230419,29846367,29847335,968
ENSG00000259744,71141222,71142109,887
ENSG00000187103,146492451,146492983,532
ENSG00000142731,128802016,128820350,18334
ENSG00000262952,81159765,81168959,9194
ENSG00000273249,136997364,137000894,3530
ENSG00000252297,124354654,124354759,105
ENSG00000213880,29770972,29771768,796
ENSG00000232463,176200336,176200966,630
ENSG00000252498,76353800,76353893,93
ENSG00000251005,127027294,127028078,784
ENSG00000264914,55989694,55999942,10248
ENSG00000227934,231157357,231157929,572
ENSG00000207704,124360274,124360370,96
ENSG00000106565,150488373,150498448,10075
ENSG00000200091,76364686,76365015,329
ENSG00000227296,29846825,29849546,2721
ENSG00000228618,216341390,216344971,3581
ENSG00000253184,16461764,16522388,60624
ENSG00000219355,120888240,120888606,366
ENSG00000222971,146661556,146661660,104
ENSG00000233606,55782229,55783158,929
ENSG00000240935,106998562,107010027,11465
ENSG00000259470,71151053,71152501,1448
ENSG00000252156,76477776,76477875,99
ENSG00000237042,29780342,29780473,131
ENSG00000254388,124364421,124364883,462
ENSG00000216811,146686067,146686630,563
ENSG00000229595,231253577,231254071,494
ENSG00000163611,113161565,113234034,72469
ENSG00000223169,76574956,76575052,96
ENSG00000230312,103182679,103183597,918
ENSG00000234938,216395170,216410249,15079
ENSG00000253025,176212998,176213165,167
ENSG00000229142,29795162,29796141,979
ENSG00000248008,120928131,120933743,5612
ENSG00000232101,128908728,128908878,150
ENSG00000224637,44393405,44394082,677
ENSG00000256692,81165854,81165944,90
ENSG00000230708,32965679,32976889,11210
ENSG00000239132,76575681,76575783,102
ENSG00000264112,56066400,56072211,5811
ENSG00000227815,176241619,176242538,919
ENSG00000257414,55790124,55790481,357
ENSG00000168843,162305049,163085187,780138
ENSG00000250100,69997069,70000532,3463
ENSG00000200040,76638230,76638342,112
ENSG00000237468,146915652,146920067,4415
ENSG00000253496,16534414,16772553,238139
ENSG00000233265,29820140,29820268,128
ENSG00000228716,79922047,79950802,28755
ENSG00000243496,32758669,32762954,4285
ENSG00000222652,76802551,76802657,106
ENSG00000230521,29855071,29856045,974
ENSG00000254294,124412822,124414335,1513
ENSG00000262094,81168296,81175490,7194
ENSG00000231049,5582197,5583147,950
ENSG00000221676,137029561,137029686,125
ENSG00000238697,77156705,77156806,101
ENSG00000235710,231319844,231323373,3529
ENSG00000229758,128957475,128957769,294
ENSG00000242276,71355440,71356328,888
ENSG00000153214,112812800,112876895,64095
ENSG00000236635,77232168,77303340,71172
ENSG00000231020,176274808,176275231,423
ENSG00000237525,216397856,216578618,180762
ENSG00000273106,44394764,44395998,1234
ENSG00000212133,88683013,88683116,103
ENSG00000207465,146960836,146960905,69
ENSG00000206341,29855350,29858259,2909
ENSG00000229552,29855621,29856752,1131
ENSG00000260831,103197629,103202112,4483
ENSG00000225740,19949081,19949408,327
ENSG00000272445,77267370,77267471,101
ENSG00000179899,55804263,55808633,4370
ENSG00000228283,147123495,147124960,1465
ENSG00000252395,88714417,88714523,106
ENSG00000223620,127484664,127485931,1267
ENSG00000273473,137033891,137034462,571
ENSG00000222407,231417160,231417270,110
ENSG00000249492,43484061,43509458,25397
ENSG00000227067,103216382,103216864,482
ENSG00000233646,5587908,5588846,938
ENSG00000231762,77370203,77372487,2284
ENSG00000224291,88727597,88728134,537
ENSG00000259964,71439989,71481381,41392
ENSG00000223982,231611702,231612034,332
ENSG00000142188,34804792,34852318,47526
ENSG00000254113,124575310,124581002,5692
ENSG00000236441,29865581,29865947,366
ENSG00000225904,176336835,176337537,702
ENSG00000222601,120942374,120942462,88
ENSG00000232938,81174666,81188573,13907
ENSG00000251840,124600999,124601286,287
ENSG00000140563,94774767,95023632,248865
ENSG00000229138,19993979,19995588,1609
ENSG00000112081,36562145,36573377,11232
ENSG00000237514,176585404,176585925,521
ENSG00000233320,103230535,103230898,363
ENSG00000199862,127949262,127949374,112
ENSG00000229411,29866823,29867682,859
ENSG00000251427,70010452,70013389,2937
ENSG00000239052,44466707,44466800,93
ENSG00000250945,127964585,127998917,34332
ENSG00000223729,137185777,137187243,1466
ENSG00000253286,124626465,124670810,44345
ENSG00000269799,16912237,16912525,288
ENSG00000271945,77484700,77485577,877
ENSG00000226972,44497760,44498245,485
ENSG00000220391,29883750,29886203,2453
ENSG00000268743,16954836,16957284,2448
ENSG00000239921,127199533,127255655,56122
ENSG00000243708,42120283,42140345,20062
ENSG00000233461,231658134,231664302,6168
ENSG00000227981,216444130,216447358,3228
ENSG00000128000,40534167,40562116,27949
ENSG00000219253,78205836,78206388,552
ENSG00000252896,45009185,45009269,84
ENSG00000231130,29864431,29865563,1132
ENSG00000264092,16720709,16721005,296
ENSG00000264250,17018272,17018531,259
ENSG00000266811,143424141,143424215,74
ENSG00000253213,170678870,170679986,1116
ENSG00000224526,29885447,29888221,2774
ENSG00000229534,5592477,5593422,945
ENSG00000263595,17021303,17021594,291
ENSG00000249855,43495175,43496556,1381
ENSG00000241030,120960467,120961246,779
ENSG00000249258,16988690,17007298,18608
ENSG00000272302,143437327,143437409,82
ENSG00000233452,147163037,147525750,362713
ENSG00000268985,17119999,17124270,4271
ENSG00000254000,124936999,124938173,1174
ENSG00000240562,127208396,127209630,1234
ENSG00000250481,4974803,5034380,59577
ENSG00000263897,137271257,137271318,61
ENSG00000226897,143498344,143517299,18955
ENSG00000233677,29874320,29874686,366
ENSG00000252450,32752053,32752162,109
ENSG00000235946,103317106,103317601,495
ENSG00000117400,43803478,43818443,14965
ENSG00000202609,176998499,176998581,82
ENSG00000259781,71457109,71457754,645
ENSG00000268289,17162804,17165897,3093
ENSG00000250167,134895267,134970564,75297
ENSG00000223795,137397318,137413288,15970
ENSG00000261737,87169185,87170145,960
ENSG00000181171,124996378,125053023,56645
ENSG00000233775,32814795,32816264,1469
ENSG00000090470,65409717,65426174,16457
ENSG00000214336,88747726,88752131,4405
ENSG00000235963,29875560,29876422,862
ENSG00000269066,17206228,17210117,3889
ENSG00000169515,46913629,46916841,3212
ENSG00000222749,177155496,177155588,92
ENSG00000221413,127383547,127383653,106
ENSG00000235566,143527555,143533272,5717
ENSG00000252932,78646918,78646988,70
ENSG00000235770,216476286,216708445,232159
ENSG00000230721,87250596,87251150,554
ENSG00000229428,29891332,29891516,184
ENSG00000252387,170710663,170710717,54
ENSG00000238603,143647014,143647177,163
ENSG00000224485,20020635,20022686,2051
ENSG00000259439,45147332,45166338,19006
ENSG00000201210,127682451,127682567,116
ENSG00000268056,17263398,17278861,15463
ENSG00000230309,79314184,79315753,1569
ENSG00000224968,177320722,177335408,14686
ENSG00000227262,29893760,29894750,990
ENSG00000196472,70047378,70048090,712
ENSG00000213393,170772347,170772634,287
ENSG00000222627,127793916,127794092,176
ENSG00000224333,32867710,32868716,1006
ENSG00000244113,17007810,17008397,587
ENSG00000229495,79519432,79523020,3588
ENSG00000235952,29899233,29900225,992
ENSG00000239608,127794653,127797899,3246
ENSG00000251045,134984273,134989624,5351
ENSG00000223804,143647638,143745417,97779
ENSG00000230795,29894236,29897009,2773
ENSG00000258763,55828521,55979255,150734
ENSG00000185631,128960935,128961349,414
ENSG00000271948,17082473,17082978,505
ENSG00000239920,5593552,5646126,52574
ENSG00000212664,71633466,71634086,620
ENSG00000228029,29913778,29915752,1974
ENSG00000227579,177362423,177566844,204421
ENSG00000212344,127860718,127860820,102
ENSG00000251969,79671213,79671289,76
ENSG00000264716,65926922,65927022,100
ENSG00000242137,121031818,121032351,533
ENSG00000170396,185463093,185804219,341126
ENSG00000254249,125048251,125052709,4458
ENSG00000238393,135048808,135048905,97
ENSG00000269836,17288320,17289285,965
ENSG00000105339,142127377,142205907,78530
ENSG00000267734,87397882,87400574,2692
ENSG00000221067,128081008,128081101,93
ENSG00000270956,179405852,179406526,674
ENSG00000217512,79777409,79777855,446
ENSG00000232665,103891897,103892680,783
ENSG00000229228,231727038,231747836,20798
ENSG00000269480,17317947,17318819,872
ENSG00000228877,137419028,137437090,18062
ENSG00000223539,135078151,135082045,3894
ENSG00000232381,5740520,5741442,922
ENSG00000224198,87409368,87410425,1057
ENSG00000253868,125058314,125183763,125449
ENSG00000242049,128182437,128191160,8723
ENSG00000182013,46969748,46974820,5072
ENSG00000270277,179413611,179415408,1797
ENSG00000256008,121067908,121079394,11486
ENSG00000266393,177522005,177522095,90
ENSG00000250696,70047818,70082484,34666
ENSG00000270362,79943435,79946514,3079
ENSG00000125686,37560538,37607539,47001
ENSG00000271011,179441830,179442349,519
ENSG00000235251,87510618,87511554,936
ENSG00000232345,29927983,29929646,1663
ENSG00000265740,170786121,170786414,293
ENSG00000236720,177669659,177679465,9806
ENSG00000215231,5034472,5070117,35645
ENSG00000228078,29901878,29902063,185
ENSG00000214607,17327027,17329127,2100
ENSG00000270574,179443517,179445633,2116
ENSG00000222986,231806381,231806496,115
ENSG00000260586,71634663,71640810,6147
ENSG00000244300,128208055,128221191,13136
ENSG00000002822,1855429,2272878,417449
ENSG00000225568,87511558,87512383,825
ENSG00000220154,79987822,79988144,322
ENSG00000254256,170792599,170794697,2098
ENSG00000250727,125154129,125155753,1624
ENSG00000226758,232061580,232080979,19399
ENSG00000237666,107087255,107094125,6870
ENSG00000227766,29909852,29910844,992
ENSG00000226116,20024579,20033510,8931
ENSG00000240344,201735630,201754026,18396
ENSG00000252813,71767826,71767901,75
ENSG00000271762,90608874,90610219,1345
ENSG00000235152,232295837,232321389,25552
ENSG00000271141,179481308,179481850,542
ENSG00000211962,106967049,106967788,739
ENSG00000241674,32831136,32849631,18495
ENSG00000227150,137444584,137445743,1159
ENSG00000252135,143670468,143670602,134
ENSG00000263840,135136918,135137003,85
ENSG00000235290,29924373,29926347,1974
ENSG00000268803,70081626,70082353,727
ENSG00000206504,29932284,29935585,3301
ENSG00000236372,232310678,232315859,5181
ENSG00000122970,110562140,110656602,94462
ENSG00000238825,143673129,143673290,161
ENSG00000265924,135138674,135138764,90
ENSG00000248554,43511160,43521913,10753
ENSG00000223733,104048595,104049120,525
ENSG00000271401,179509444,179509906,462
ENSG00000201464,80011680,80011783,103
ENSG00000266290,56154252,56160565,6313
ENSG00000248240,43515376,43525412,10036
ENSG00000224436,232357684,232357920,236
ENSG00000217786,80036285,80036924,639
ENSG00000267784,179588184,179591773,3589
ENSG00000253885,125164164,125164674,510
ENSG00000211964,106993814,106994346,532
ENSG00000181109,5747732,5748694,962
ENSG00000240388,90650295,90650751,456
ENSG00000242794,232358612,232358891,279
ENSG00000229590,56234389,56235161,772
ENSG00000266413,179641653,179644690,3037
ENSG00000238382,232835950,232836054,104
ENSG00000254126,107103824,107123396,19572
ENSG00000270850,32887580,32887920,340
ENSG00000231734,143687097,143720401,33304
ENSG00000265520,17539087,17539166,79
ENSG00000229390,29938578,29940241,1663
ENSG00000234140,29950408,29950803,395
ENSG00000204011,137541231,137544689,3458
ENSG00000218029,80064160,80064430,270
ENSG00000225919,232853817,232857996,4179
ENSG00000248092,43571696,43603332,31636
ENSG00000234970,29951635,29952512,877
ENSG00000262048,80115957,80116491,534
ENSG00000181819,104650318,104651710,1392
ENSG00000076344,318300,325980,7680
ENSG00000183304,8758836,8769424,10588
ENSG00000229259,32888815,32892390,3575
ENSG00000272295,31930550,31940991,10441
ENSG00000241059,90651197,90651843,646
ENSG00000031544,72084977,72110600,25623
ENSG00000230838,216582766,216584147,1381
ENSG00000254154,177897923,178007142,109219
ENSG00000238542,179696098,179696176,78
ENSG00000236497,232863000,232878461,15461
ENSG00000238180,128975162,128975646,484
ENSG00000204625,29942889,29946183,3294
ENSG00000231533,80130014,80131022,1008
ENSG00000231541,179866483,179867487,1004
ENSG00000214803,125204912,125259639,54727
ENSG00000146859,134832824,134850967,18143
ENSG00000256364,121134927,121137344,2417
ENSG00000227748,147180317,147184217,3900
ENSG00000267272,87595448,87634881,39433
ENSG00000252561,3119524,3119652,128
ENSG00000181017,5786326,5787279,953
ENSG00000253168,17561497,17563696,2199
ENSG00000206835,232967763,232967933,170
ENSG00000220999,88762285,88762370,85
ENSG00000216721,216669454,216669704,250
ENSG00000187147,44870866,45117396,246530
ENSG00000239686,55749014,55749361,347
ENSG00000265148,56402811,56493127,90316
ENSG00000017621,49019061,49024822,5761
ENSG00000232175,233052981,233053764,783
ENSG00000212280,17605627,17605739,112
ENSG00000251356,90772199,90772835,636
ENSG00000262370,3126912,3137101,10189
ENSG00000272397,147269664,147272295,2631
ENSG00000258469,55765362,55765949,587
ENSG00000227824,216734646,216735241,595
ENSG00000263529,32923436,32923733,297
ENSG00000253944,17658854,17718578,59724
ENSG00000183629,28764757,28778160,13403
ENSG00000159596,46152886,46160115,7229
ENSG00000102904,67840668,67866051,25383
ENSG00000249763,70108346,70116533,8187
ENSG00000237576,69059176,69064856,5680
ENSG00000252742,129108403,129108501,98
ENSG00000237558,20063469,20065380,1911
ENSG00000236502,45167293,45169012,1719
ENSG00000206724,125272887,125272993,106
ENSG00000196634,147480061,147502128,22067
ENSG00000252000,179887984,179888105,121
ENSG00000218748,80146625,80146884,259
ENSG00000225420,88838238,88875128,36890
ENSG00000200591,33105552,33105653,101
ENSG00000231940,233424614,233425193,579
ENSG00000258455,55792552,55806219,13667
ENSG00000138326,79793518,79816570,23052
ENSG00000235814,29958305,30019022,60717
ENSG00000206864,104920064,104920170,106
ENSG00000236965,5821594,5822690,1096
ENSG00000264877,137740819,137740966,147
ENSG00000238379,129202655,129202772,117
ENSG00000253227,125283924,125289825,5901
ENSG00000238339,179990263,179990364,101
ENSG00000224409,33183335,33190838,7503
ENSG00000212055,216743556,216743642,86
ENSG00000238024,29960986,29961382,396
ENSG00000222161,105104682,105104755,73
ENSG00000237477,180138558,180150434,11876
ENSG00000225135,147708800,147711601,2801
ENSG00000227653,129276362,129276751,389
ENSG00000006025,45884738,45899200,14462
ENSG00000224312,29962214,29963091,877
ENSG00000226276,216804031,216806442,2411
ENSG00000237586,125313556,125314045,489
ENSG00000221423,33391895,33392000,105
ENSG00000253671,17666450,17678377,11927
ENSG00000265286,137741021,137741098,77
ENSG00000232970,217021065,217021534,469
ENSG00000261970,80262511,80262877,366
ENSG00000217644,33445543,33446073,530
ENSG00000254133,70511133,70512314,1181
ENSG00000252621,37591928,37592037,109
ENSG00000251508,233431071,233431473,402
ENSG00000236478,217039619,217040755,1136
ENSG00000230510,46984053,47104457,120404
ENSG00000256569,121159310,121161442,2132
ENSG00000271975,125318430,125320617,2187
ENSG00000264744,137741144,137741215,71
ENSG00000220494,147728025,147729417,1392
ENSG00000235558,70516183,70555065,38882
ENSG00000252501,233584372,233584527,155
ENSG00000221487,99310660,99310775,115
ENSG00000272137,80270849,80271319,470
ENSG00000230788,105314472,105317193,2721
ENSG00000111335,113416200,113449528,33328
ENSG00000233563,5895190,5896122,932
ENSG00000265744,233759898,233759965,67
ENSG00000235687,37598113,37635959,37846
ENSG00000265455,121160996,121161069,73
ENSG00000265872,137741333,137741410,77
ENSG00000260804,217081768,217084915,3147
ENSG00000264039,135140194,135140282,88
ENSG00000273407,99364166,99364515,349
ENSG00000235357,80513300,80516942,3642
ENSG00000139364,125671382,126146917,475535
ENSG00000249286,43587020,43588325,1305
ENSG00000229740,8279532,8283399,3867
ENSG00000245149,125474726,125486817,12091
ENSG00000250378,135148356,135162271,13915
ENSG00000265848,137741455,137741528,73
ENSG00000225486,233971826,233972178,352
ENSG00000211965,107012938,107013477,539
ENSG00000261511,99417641,99417709,68
ENSG00000233378,20096229,20105140,8911
ENSG00000206909,170793122,170793256,134
ENSG00000255257,5959981,5966214,6233
ENSG00000221470,80536510,80536602,92
ENSG00000254239,135233326,135235939,2613
ENSG00000254012,170793303,170793615,312
ENSG00000206694,143687359,143687519,160
ENSG00000228329,69059948,69064324,4376
ENSG00000271413,175786895,175787040,145
ENSG00000112029,153291664,153304714,13050
ENSG00000220918,80564401,80565349,948
ENSG00000226637,143719663,143721171,1508
ENSG00000255266,57637794,57638043,249
ENSG00000234453,234086184,234086853,669
ENSG00000231092,217124318,217130853,6535
ENSG00000253927,135236042,135253850,17808
ENSG00000227681,147981839,148275073,293234
ENSG00000188691,5988407,5989724,1317
ENSG00000238026,175831490,175832325,835
ENSG00000260445,99467464,99467517,53
ENSG00000204623,29968788,30029417,60629
ENSG00000225156,45181803,45195901,14098
ENSG00000264249,170813660,170813764,104
ENSG00000211966,107034729,107035221,492
ENSG00000236101,234162597,234162973,376
ENSG00000254276,70529154,70530335,1181
ENSG00000239670,33452553,33453834,1281
ENSG00000221222,87616981,87617128,147
ENSG00000266060,137741659,137741806,147
ENSG00000240007,143719704,143721519,1815
ENSG00000180714,57684769,57685711,942
ENSG00000237532,129338065,129339150,1085
ENSG00000251426,5046909,5049610,2701
ENSG00000253215,17739552,17740170,618
ENSG00000260524,99469791,99469881,90
ENSG00000233835,80581590,80584327,2737
ENSG00000270123,135416160,135416286,126
ENSG00000266649,69330814,69330887,73
ENSG00000263507,137741837,137741914,77
ENSG00000227290,87819207,87837338,18131
ENSG00000233581,217168048,217186460,18412
ENSG00000208005,133680358,133680428,70
ENSG00000264303,171197534,171197724,190
ENSG00000268403,9481747,9482010,263
ENSG00000218582,80662722,80663728,1006
ENSG00000254831,6015106,6016225,1119
ENSG00000125817,3764498,3767337,2839
ENSG00000263497,143876891,143876982,91
ENSG00000233332,234348352,234350834,2482
ENSG00000266671,171507909,171507980,71
ENSG00000250387,70647682,70742169,94487
ENSG00000227060,133684003,133693953,9950
ENSG00000256709,105570887,105571051,164
ENSG00000189007,143743969,143771810,27841
ENSG00000223715,176321931,176353320,31389
ENSG00000238277,129821419,129829298,7879
ENSG00000237640,99527015,99546243,19228
ENSG00000229974,134832797,134832916,119
ENSG00000254054,17763265,17765396,2131
ENSG00000202147,6038226,6038344,118
ENSG00000224993,43666867,43667334,467
ENSG00000231505,107138359,107154535,16176
ENSG00000220311,80673932,80674236,304
ENSG00000231272,234397452,234410211,12759
ENSG00000254749,57713070,57713886,816
ENSG00000196369,143913615,144094424,180809
ENSG00000255481,6067037,6067977,940
ENSG00000189377,42932440,42947200,14760
ENSG00000212529,171679338,171679482,144
ENSG00000264163,137741971,137742118,147
ENSG00000199711,99534233,99534334,101
ENSG00000255946,121178273,121199395,21122
ENSG00000207303,217216126,217216227,101
ENSG00000251606,96424779,96519354,94575
ENSG00000236244,234404329,234408246,3917
ENSG00000199318,87918923,87919056,133
ENSG00000253218,171681422,171682443,1021
ENSG00000202407,105669798,105669899,101
ENSG00000231435,8683722,8715631,31909
ENSG00000223481,32767739,32784536,16797
ENSG00000262980,6078546,6079505,959
ENSG00000236065,33452676,33498070,45394
ENSG00000163864,139279022,139396859,117837
ENSG00000164621,135465196,135470579,5383
ENSG00000222966,99549656,99549781,125
ENSG00000218418,80774003,80779916,5913
ENSG00000235042,217250011,217277419,27408
ENSG00000235813,133733487,133740284,6797
ENSG00000224816,105709772,105710670,898
ENSG00000224235,88365592,88371397,5805
ENSG00000264136,137742123,137742202,79
ENSG00000254601,57772858,57773177,319
ENSG00000234895,6088103,6089016,913
ENSG00000232166,234420718,234421287,569
ENSG00000251850,69409029,69409135,106
ENSG00000231848,45223552,45224012,460
ENSG00000207242,10761216,10761321,105
ENSG00000270115,33726813,33727281,468
ENSG00000236008,8699963,8723922,23959
ENSG00000264377,234442213,234442285,72
ENSG00000236509,133741187,133741662,475
ENSG00000199460,69410009,69410115,106
ENSG00000263619,130517374,130592303,74929
ENSG00000244753,10763852,10764779,927
ENSG00000171560,155504278,155511918,7640
ENSG00000217377,80787446,80788079,633
ENSG00000232461,176361729,176585626,223897
ENSG00000015475,18216906,18257536,40630
ENSG00000132964,26828276,26979375,151099
ENSG00000214313,99578385,99585158,6773
ENSG00000232001,107159470,107160753,1283
ENSG00000114686,131181056,131221827,40771
ENSG00000226249,148062570,148064460,1890
ENSG00000271597,69478950,69479496,546
ENSG00000232485,217343753,217363484,19731
ENSG00000249276,43874469,43886730,12261
ENSG00000260286,24797549,24799117,1568
ENSG00000265410,130544646,130576964,32318
ENSG00000235605,234492450,234492887,437
ENSG00000270507,88778836,88778985,149
ENSG00000221701,10957105,10957252,147
ENSG00000256142,33764975,33766320,1345
ENSG00000252250,69561732,69561824,92
ENSG00000254444,6129365,6206806,77441
ENSG00000231156,45240353,45240807,454
ENSG00000243346,11060772,11061062,290
ENSG00000197429,46159996,46216322,56326
ENSG00000252302,176481021,176481129,108
ENSG00000253985,70668503,70670725,2222
ENSG00000145721,96427574,96478576,51002
ENSG00000197782,40575059,40596845,21786
ENSG00000270932,130593863,130595860,1997
ENSG00000272129,81065141,81066576,1435
ENSG00000253002,11170622,11170696,74
ENSG00000271824,135527156,135528822,1666
ENSG00000225313,33772967,33791644,18677
ENSG00000228308,176531943,176534789,2846
ENSG00000266827,137742416,137742487,71
ENSG00000212561,44066726,44066833,107
ENSG00000239504,88943514,88943797,283
ENSG00000188971,69685129,69693664,8535
ENSG00000234675,148338558,148342110,3552
ENSG00000264727,11191522,11194128,2606
ENSG00000213137,121282913,121283450,537
ENSG00000177138,8992273,9132680,140407
ENSG00000266514,137742588,137742653,65
ENSG00000125352,119004497,119005791,1294
ENSG00000248464,44388834,44414091,25257
ENSG00000200817,57794178,57794284,106
ENSG00000231888,176728507,176728855,348
ENSG00000230053,88963992,88964359,367
ENSG00000263623,11644693,11644781,88
ENSG00000266239,33797994,33798093,99
ENSG00000271644,144043972,144044082,110
ENSG00000245281,17942377,17953903,11526
ENSG00000237884,29963417,29964413,996
ENSG00000236541,57808180,57809132,952
ENSG00000241520,217347755,217351919,4164
ENSG00000214199,107313787,107315132,1345
ENSG00000263684,11778249,11779145,896
ENSG00000219547,81083732,81084286,554
ENSG00000237432,133784860,133785441,581
ENSG00000222112,33802167,33802465,298
ENSG00000231313,121352203,121352926,723
ENSG00000263320,71963914,71965102,1188
ENSG00000224363,144089214,144091946,2732
ENSG00000255146,57811582,57827610,16028
ENSG00000266368,11857206,11880911,23705
ENSG00000236358,234492752,234501574,8822
ENSG00000224391,217455149,217471661,16512
ENSG00000237505,89003196,89150887,147691
ENSG00000233246,33815953,33828846,12893
ENSG00000182359,105921825,105948492,26667
ENSG00000230205,148454945,148458540,3595
ENSG00000231310,176762649,176765711,3062
ENSG00000250529,5069305,5078424,9119
ENSG00000169040,70671613,70681820,10207
ENSG00000243336,29963880,29967239,3359
ENSG00000273367,234507932,234508557,625
ENSG00000233967,81153061,81175644,22583
ENSG00000201343,176838479,176838588,109
ENSG00000241185,11901670,11924825,23155
ENSG00000205054,45392009,45550434,158425
ENSG00000242176,72025050,72025204,154
ENSG00000199920,133894238,133894378,140
ENSG00000254853,57839850,57842910,3060
ENSG00000232355,137760082,137760321,239
ENSG00000200882,176843805,176843908,103
ENSG00000224658,148558721,148604544,45823
ENSG00000248211,135549736,135557847,8111
ENSG00000221299,134029784,134029872,88
ENSG00000231663,234508553,234509339,786
ENSG00000221225,33907626,33907712,86
ENSG00000225794,217469494,217475925,6431
ENSG00000203645,177012230,177041206,28976
ENSG00000207081,134052340,134052446,106
ENSG00000206513,29523310,29527624,4314
ENSG00000234512,33931850,33934555,2705
ENSG00000235664,22928990,22980809,51819
ENSG00000238250,107439379,107441487,2108
ENSG00000207345,148599808,148599914,106
ENSG00000236091,134083579,134087412,3833
ENSG00000125356,119005450,119010625,5175
ENSG00000215223,148799829,148801899,2070
ENSG00000237959,89043563,89043884,321
ENSG00000235907,33977608,33978343,735
ENSG00000236893,177014949,177016174,1225
ENSG00000223007,5126159,5126450,291
ENSG00000177692,34860497,34864027,3530
ENSG00000231768,234663637,234667525,3888
ENSG00000255131,57844820,57846075,1255
ENSG00000250947,135639445,135651788,12343
ENSG00000227657,105806004,105806634,630
ENSG00000236403,137828997,137835041,6044
ENSG00000250579,5132893,5140167,7274
ENSG00000226782,177055416,177066954,11538
ENSG00000231929,134095741,134096335,594
ENSG00000207234,89282462,89282568,106
ENSG00000235398,144275918,144341756,65838
ENSG00000221679,20125799,20125915,116
ENSG00000105875,134868590,134896316,27726
ENSG00000227294,107450920,107457663,6743
ENSG00000227000,34304124,34305741,1617
ENSG00000260645,81176675,81178797,2122
ENSG00000256287,20167714,20251802,84088
ENSG00000241975,89294785,89295102,317
ENSG00000215712,157710418,157744633,34215
ENSG00000248351,135716956,135717199,243
ENSG00000223322,148845289,148845376,87
ENSG00000212535,95684468,95684575,107
ENSG00000244236,69743883,69744176,293
ENSG00000256499,20273914,20282747,8833
ENSG00000199172,95702196,95702289,93
ENSG00000207016,69747175,69747306,131
ENSG00000228372,134193715,134257880,64165
ENSG00000217824,148888514,148888790,276
ENSG00000230404,234701044,234705834,4790
ENSG00000219361,81179788,81180145,357
ENSG00000229360,107557336,107557938,602
ENSG00000120278,150920999,151164799,243800
ENSG00000227958,138096568,138129443,32875
ENSG00000265917,95703699,95703760,61
ENSG00000263515,105883044,105883126,82
ENSG00000232228,69821873,69822190,317
ENSG00000256879,20514666,20523196,8530
ENSG00000235308,89389053,89389527,474
ENSG00000258572,95982473,95984248,1775
ENSG00000258313,95781666,95782334,668
ENSG00000235713,99590020,99590673,653
ENSG00000249203,44495720,44510384,14664
ENSG00000212144,234729021,234729148,127
ENSG00000231144,106275478,106276050,572
ENSG00000213568,135764581,135765543,962
ENSG00000252707,11939813,11939954,141
ENSG00000229948,69824485,69826083,1598
ENSG00000202385,89485929,89486048,119
ENSG00000131982,20602589,20603017,428
ENSG00000228830,234742754,234745229,2475
ENSG00000257583,95782375,95799280,16905
ENSG00000233936,138137542,138144554,7012
ENSG00000266297,11985216,11985313,97
ENSG00000231083,8741022,8763072,22050
ENSG00000234228,134209166,134210627,1461
ENSG00000234518,89569968,89570450,482
ENSG00000084070,40810522,40888998,78476
ENSG00000224939,234765057,234770526,5469
ENSG00000206512,29555617,29556679,1062
ENSG00000231368,148968843,148969733,890
ENSG00000263648,12018864,12019202,338
ENSG00000114850,156257929,156272973,15044
ENSG00000257943,95801711,95830604,28893
ENSG00000181705,81208913,81209109,196
ENSG00000236311,102849078,102890883,41805
ENSG00000117399,43824626,43828874,4248
ENSG00000250418,44698533,44700910,2377
ENSG00000237669,29973898,29974893,995
ENSG00000265400,12104917,12118584,13667
ENSG00000188738,186603355,186698017,94662
ENSG00000119041,197627756,197664449,36693
ENSG00000216352,81265558,81266906,1348
ENSG00000263556,44716292,44716587,295
ENSG00000256663,20704524,20705946,1422
ENSG00000260037,72110737,72115725,4988
ENSG00000182512,95999840,96011061,11221
ENSG00000235572,138244530,138246066,1536
ENSG00000226905,107579649,107580130,481
ENSG00000272362,234780412,234783317,2905
ENSG00000250866,5142251,5176327,34076
ENSG00000187483,95107062,95113331,6269
ENSG00000256157,20997999,20998194,195
ENSG00000179136,12453099,12546171,93072
ENSG00000204622,29974360,29977733,3373
ENSG00000229457,107871147,107982329,111182
ENSG00000228044,234782035,234818922,36887
ENSG00000124762,36644305,36655116,10811
ENSG00000231163,34334554,34351059,16505
ENSG00000256021,21600479,21601248,769
ENSG00000237568,89726265,89735437,9172
ENSG00000253384,17946078,17947196,1118
ENSG00000251141,44745002,44808879,63877
ENSG00000227660,149276764,149285820,9056
ENSG00000269259,102882536,102883624,1088
ENSG00000254015,18058433,18058714,281
ENSG00000207547,99691183,99691266,83
ENSG00000226089,82236819,82244632,7813
ENSG00000238081,89755359,89756020,661
ENSG00000225642,8743212,8743489,277
ENSG00000172201,19837617,19840915,3298
ENSG00000224682,138339292,138342000,2708
ENSG00000232516,29989038,29990327,1289
ENSG00000249803,135802366,135855987,53621
ENSG00000256615,21815247,21912966,97719
ENSG00000207757,99691391,99691470,79
ENSG00000200873,72150911,72151027,116
ENSG00000253937,18228116,18228993,877
ENSG00000236591,149348836,149353709,4873
ENSG00000196972,134229058,134232664,3606
ENSG00000255644,21912914,21919639,6725
ENSG00000143839,204123944,204135465,11521
ENSG00000241475,234796017,234802850,6833
ENSG00000208036,99691616,99691697,81
ENSG00000261632,72264547,72332606,68059
ENSG00000225588,107978738,108023785,45047
ENSG00000259140,95141214,95142166,952
ENSG00000172638,65633912,65641063,7151
ENSG00000128203,26825239,26840981,15742
ENSG00000230628,234805269,234831900,26631
ENSG00000212336,82331917,82332036,119
ENSG00000257022,21980144,22040891,60747
ENSG00000242798,99712837,99724762,11925
ENSG00000219487,149433145,149433808,663
ENSG00000265132,70683103,70683190,87
ENSG00000233235,89790205,89800563,10358
ENSG00000260576,72333535,72333994,459
ENSG00000213569,106374889,106375499,610
ENSG00000264165,30046174,30046306,132
ENSG00000107807,102889257,102897545,8288
ENSG00000232031,82434439,82446070,11631
ENSG00000224037,234845135,234855723,10588
ENSG00000249981,70741443,70742396,953
ENSG00000222094,72337524,72337708,184
ENSG00000235077,99728587,99738062,9475
ENSG00000229223,30062586,30072064,9478
ENSG00000255627,22161282,22161814,532
ENSG00000199832,106445807,106445913,106
ENSG00000223253,72343592,72343670,78
ENSG00000265602,30090143,30090303,160
ENSG00000239269,95192625,95193512,887
ENSG00000138079,44502599,44548633,46034
ENSG00000206886,82473741,82473873,132
ENSG00000244593,18240784,18241427,643
ENSG00000214142,99737252,99738305,1053
ENSG00000235092,8806766,8821993,15227
ENSG00000243568,72426982,72427777,795
ENSG00000228227,30144093,30145917,1824
ENSG00000238708,69894491,69894593,102
ENSG00000227630,234859789,234867390,7601
ENSG00000250284,136070616,136090375,19759
ENSG00000219702,82473928,82474220,292
ENSG00000224107,134252881,134254454,1573
ENSG00000253536,70771588,70772143,555
ENSG00000204053,106515812,106516888,1076
ENSG00000227274,12575179,12609452,34273
ENSG00000263481,149497843,149497930,87
ENSG00000231024,69927324,69940979,13655
ENSG00000230252,63570925,63571928,1003
ENSG00000248616,136193317,136194031,714
ENSG00000240914,95267186,95267800,614
ENSG00000201638,234973720,234973820,100
ENSG00000247911,70833479,70833673,194
ENSG00000244695,30191334,30283408,92074
ENSG00000111913,24797601,25042238,244637
ENSG00000205884,11831446,11832108,662
ENSG00000224995,82523003,82523874,871
ENSG00000228408,149539062,149565208,26146
ENSG00000239690,235039933,235040233,300
ENSG00000201148,34578550,34578664,114
ENSG00000270723,70100697,70100951,254
ENSG00000222285,136304889,136304995,106
ENSG00000258933,95426614,95429313,2699
ENSG00000225361,138354573,138372623,18050
ENSG00000237520,235092978,235095736,2758
ENSG00000221053,34641467,34641550,83
ENSG00000266154,99754228,99754292,64
ENSG00000226453,82554902,82643197,88295
ENSG00000266956,34310692,34317306,6614
ENSG00000260173,72432845,72447800,14955
ENSG00000256815,134252983,134253091,108
ENSG00000265613,70910811,70910911,100
ENSG00000237880,108002088,108159105,157017
ENSG00000186471,119029800,119054679,24879
ENSG00000149313,105946228,105969437,23209
ENSG00000270241,34742460,34742893,433
ENSG00000238465,70139827,70139931,104
ENSG00000235444,217475065,217475682,617
ENSG00000124678,35085848,35116387,30539
ENSG00000271654,18244618,18245287,669
ENSG00000223809,134257167,134257532,365
ENSG00000258866,95514557,95517290,2733
ENSG00000261460,72571208,72644135,72927
ENSG00000248491,128018046,128391724,373678
ENSG00000264099,71465294,71465367,73
ENSG00000237964,180264455,180265602,1147
ENSG00000213231,96152754,96158980,6226
ENSG00000260574,82679170,82679256,86
ENSG00000238005,235093089,235105809,12720
ENSG00000232757,29999490,30000780,1290
ENSG00000242193,177975271,178007085,31814
ENSG00000221612,136869143,136869210,67
ENSG00000222544,95832513,95832619,106
ENSG00000187229,18578415,18591915,13500
ENSG00000101224,3767578,3786762,19184
ENSG00000239072,70182777,70182879,102
ENSG00000264607,95604256,95604323,67
ENSG00000205883,11839830,11842099,2269
ENSG00000223044,82920055,82920157,102
ENSG00000216009,136983261,136983338,77
ENSG00000241556,95861173,95861637,464
ENSG00000260729,72577068,72668322,91254
ENSG00000244748,71610226,71610515,289
ENSG00000225924,149564435,149565137,702
ENSG00000234670,55916377,55917201,824
ENSG00000254067,39413665,39416052,2387
ENSG00000220537,82973713,82974691,978
ENSG00000011028,60704762,60770958,66196
ENSG00000215874,89859592,89860224,632
ENSG00000248209,128414660,128414983,323
ENSG00000166478,9481866,9550071,68205
ENSG00000226706,138395119,138398293,3174
ENSG00000224568,108145943,108172782,26839
ENSG00000207106,144311213,144311376,163
ENSG00000207941,35135200,35135295,95
ENSG00000235706,95623982,95646263,22281
ENSG00000236886,217559187,217858802,299615
ENSG00000215007,106594880,106596073,1193
ENSG00000241391,149612488,149612780,292
ENSG00000235923,30195596,30199572,3976
ENSG00000213126,180678978,180679402,424
ENSG00000271223,144392143,144392429,286
ENSG00000182631,33936491,33939023,2532
ENSG00000252901,30056598,30056730,132
ENSG00000255811,35227027,35253698,26671
ENSG00000266016,55948779,55948866,87
ENSG00000079385,43011456,43065386,53930
ENSG00000216265,149625243,149625564,321
ENSG00000198812,70002351,70004942,2591
ENSG00000248826,91139504,91140346,842
ENSG00000249795,128419482,128419962,480
ENSG00000221240,180725563,180725635,72
ENSG00000272937,56005407,56006338,931
ENSG00000231226,30073017,30082501,9484
ENSG00000122861,75668935,75677255,8320
ENSG00000220091,83634548,83634841,293
ENSG00000237930,217650497,217650867,370
ENSG00000219553,149812703,149813425,722
ENSG00000216162,35244162,35244245,83
ENSG00000270237,137081340,137081840,500
ENSG00000221613,138420457,138420546,89
ENSG00000138136,102986733,102989551,2818
ENSG00000202216,180799128,180799265,137
ENSG00000244018,18632057,18632428,371
ENSG00000256182,134257168,134257528,360
ENSG00000253106,125500751,125503884,3133
ENSG00000231054,45395722,45396553,831
ENSG00000230163,35316295,35317156,861
ENSG00000206340,31940194,31960852,20658
ENSG00000205882,11850692,11853821,3129
ENSG00000239521,99798276,99869837,71561
ENSG00000270697,137097235,137097625,390
ENSG00000270289,181337864,181338146,282
ENSG00000212448,96011465,96011562,97
ENSG00000252228,30100582,30100743,161
ENSG00000251963,18667010,18667136,126
ENSG00000227215,83642320,83648396,6076
ENSG00000252244,149838092,149838153,61
ENSG00000237339,138466781,138478958,12177
ENSG00000272486,125591872,125592889,1017
ENSG00000233892,30154575,30156391,1816
ENSG00000225258,181436439,181557181,120742
ENSG00000214720,106671860,106672691,831
ENSG00000232991,108370568,108438585,68017
ENSG00000244021,128733873,128734355,482
ENSG00000235168,149882288,149885085,2797
ENSG00000235646,63572130,63572950,820
ENSG00000252176,39418456,39418546,90
ENSG00000252728,35409357,35409425,68
ENSG00000264976,181481845,181481933,88
ENSG00000225492,89873238,89891802,18564
ENSG00000260339,72668454,72671129,2675
ENSG00000006606,75398851,75419214,20363
ENSG00000252309,84077425,84077510,85
ENSG00000239396,45796340,45796631,291
ENSG00000255491,125823860,125827924,4064
ENSG00000226564,181737594,181738141,547
ENSG00000184911,71996833,72068636,71803
ENSG00000232582,134269077,134269698,621
ENSG00000237502,149896601,149897260,659
ENSG00000243007,72671556,72672051,495
ENSG00000241014,35439957,35450914,10957
ENSG00000228481,45901840,45902615,775
ENSG00000258082,235115394,235116551,1157
ENSG00000244721,30216878,30250298,33420
ENSG00000263735,125834220,125834300,80
ENSG00000229881,63600873,63610436,9563
ENSG00000219951,84102135,84103128,993
ENSG00000270604,30201816,30293911,92095
ENSG00000234028,88927057,88931339,4282
ENSG00000236667,181803557,181804025,468
ENSG00000233330,149912891,149913799,908
ENSG00000233829,46231081,46231448,367
ENSG00000233018,235260502,235260727,225
ENSG00000222832,217658212,217658323,111
ENSG00000255080,125847126,125869758,22632
ENSG00000136854,130374544,130457460,82916
ENSG00000226306,137136882,137146440,9558
ENSG00000236153,181844154,181844817,663
ENSG00000112237,99990256,100016849,26593
ENSG00000261423,72700119,72767509,67390
ENSG00000224687,178060643,178063119,2476
ENSG00000229352,217664331,217670058,5727
ENSG00000261668,128761353,128765195,3842
ENSG00000236943,144456138,144521970,65832
ENSG00000201157,18837129,18837282,153
ENSG00000220848,149915220,149915679,459
ENSG00000224045,138479848,138483821,3973
ENSG00000232696,46305154,46305967,813
ENSG00000234588,217670460,217670852,392
ENSG00000238171,181940778,181970695,29917
ENSG00000253335,18846789,18858462,11673
ENSG00000251821,128813146,128813237,91
ENSG00000273416,235267495,235267924,429
ENSG00000231336,46393928,46395117,1189
ENSG00000251568,5375836,5376949,1113
ENSG00000241651,128990169,128990767,598
ENSG00000255098,11870545,11873043,2498
ENSG00000207181,235291118,235291252,134
ENSG00000231597,217719112,217719855,743
ENSG00000207846,106672219,106672309,90
ENSG00000270575,178163477,178163844,367
ENSG00000239405,128256863,128257474,611
ENSG00000202343,149915761,149915895,134
ENSG00000233335,46483999,46484316,317
ENSG00000249816,125860979,125966570,105591
ENSG00000207292,149952573,149952685,112
ENSG00000232686,235333435,235334206,771
ENSG00000270255,18859137,18859460,323
ENSG00000236475,30206078,30210056,3978
ENSG00000213058,178380751,178381107,356
ENSG00000271072,72742998,72743815,817
ENSG00000219433,150115899,150116882,983
ENSG00000227610,106756213,106789051,32838
ENSG00000233940,35519069,35524872,5803
ENSG00000172197,20100935,20212670,111735
ENSG00000263439,235353349,235353431,82
ENSG00000261187,72757469,72758603,1134
ENSG00000250049,91378414,91815133,436719
ENSG00000242551,128393578,128395848,2270
ENSG00000203727,147830063,148058683,228620
ENSG00000233323,31957379,32033845,76466
ENSG00000236863,235459180,235459650,470
ENSG00000233050,11921898,11929256,7358
ENSG00000248394,129076544,129077359,815
ENSG00000260938,178449742,178450341,599
ENSG00000188037,143013219,143049176,35957
ENSG00000253557,18942502,19116979,174477
ENSG00000188620,124895478,124897257,1779
ENSG00000231760,150117711,150119308,1597
ENSG00000248779,44753051,44765846,12795
ENSG00000254082,39424224,39437653,13429
ENSG00000188585,178465031,178468769,3738
ENSG00000207690,72879558,72879654,96
ENSG00000234663,181966659,182264286,297627
ENSG00000273132,150173598,150174328,730
ENSG00000248729,5395491,5396070,579
ENSG00000228100,46619436,46621306,1870
ENSG00000201347,178530048,178530164,116
ENSG00000234086,235472935,235473313,378
ENSG00000260534,72882032,72884186,2154
ENSG00000236543,138506142,138507354,1212
ENSG00000251432,129213906,129440549,226643
ENSG00000154162,21750782,22853731,1102949
ENSG00000273384,178620841,178621417,576
ENSG00000025423,57145945,57181574,35629
ENSG00000237874,84437774,84446244,8470
ENSG00000227962,235500121,235500402,281
ENSG00000268592,150183733,150240643,56910
ENSG00000207130,128433414,128433548,134
ENSG00000260144,72897524,72904667,7143
ENSG00000239503,128467381,128468332,951
ENSG00000243753,30227361,30260791,33430
ENSG00000170049,7825177,7833121,7944
ENSG00000215343,11961898,11973025,11127
ENSG00000266417,178646884,178646969,85
ENSG00000228348,35587623,35588085,462
ENSG00000228679,84693447,84717042,23595
ENSG00000200204,3136144,3136301,157
ENSG00000230658,23140847,23145322,4475
ENSG00000221018,39613601,39613707,106
ENSG00000250808,5396085,5396448,363
ENSG00000101849,9431335,9687780,256445
ENSG00000272335,44826178,44828694,2516
ENSG00000273062,178693441,178695420,1979
ENSG00000230026,235524468,235525855,1387
ENSG00000236064,107137827,107179210,41383
ENSG00000201868,35661570,35661663,93
ENSG00000242992,128483309,128483861,552
ENSG00000217733,150201098,150202708,1610
ENSG00000263011,3156765,3159577,2812
ENSG00000253332,39717738,39718044,306
ENSG00000263591,35729823,35730083,260
ENSG00000272787,24311400,24312062,662
ENSG00000234893,30248086,30284424,36338
ENSG00000228196,178715818,178716889,1071
ENSG00000240374,35757801,35758099,298
ENSG00000259783,72900828,72929260,28432
ENSG00000207363,107144375,107144476,101
ENSG00000238058,138799658,138805359,5701
ENSG00000250470,24319095,24319776,681
ENSG00000201542,35775875,35776026,151
ENSG00000188816,124907638,124910188,2550
ENSG00000243533,235582830,235590298,7468
ENSG00000263214,3160461,3165599,5138
ENSG00000236491,134314179,134328610,14431
ENSG00000225728,107182493,107182872,379
ENSG00000229994,35816323,35817208,885
ENSG00000241791,46675365,46675650,285
ENSG00000082068,37379314,37753537,374223
ENSG00000223701,150205567,150240644,35077
ENSG00000266705,182170320,182170379,59
ENSG00000224205,24329511,24333615,4104
ENSG00000253515,46726870,46728417,1547
ENSG00000243790,72904161,72904401,240
ENSG00000251476,5396590,5397081,491
ENSG00000230852,84732774,84734272,1498
ENSG00000229795,235596300,235596546,246
ENSG00000226681,182286881,182290476,3595
ENSG00000196395,52853316,52858317,5001
ENSG00000244232,128503990,128504288,298
ENSG00000230042,23168797,23169460,663
ENSG00000230651,108439519,108443347,3828
ENSG00000248148,45035301,45098749,63448
ENSG00000260672,72908151,72910591,2440
ENSG00000253233,39724955,39725331,376
ENSG00000106178,75440983,75452674,11691
ENSG00000239483,128517684,128518044,360
ENSG00000234595,182547840,182550434,2594
ENSG00000227409,35824423,35831678,7255
ENSG00000250116,46795395,46807377,11982
ENSG00000260193,138999654,139001270,1616
ENSG00000189372,107626628,107627223,595
ENSG00000273077,129473745,129474571,826
ENSG00000216906,150225379,150227554,2175
ENSG00000241850,24340828,24347258,6430
ENSG00000244065,128562407,128563247,840
ENSG00000231776,85130746,85265870,135124
ENSG00000201791,178722789,178722907,118
ENSG00000225570,182555107,182558142,3035
ENSG00000272685,57876192,57877133,941
ENSG00000238236,235683269,235683983,714
ENSG00000250422,45558021,45560088,2067
ENSG00000250428,125932670,125934318,1648
ENSG00000228922,134335662,134349163,13501
ENSG00000248187,129489127,129491686,2559
ENSG00000175048,157802165,158099178,297013
ENSG00000243022,128567516,128568242,726
ENSG00000259909,72931162,72932466,1304
ENSG00000232750,179004444,179004787,343
ENSG00000226816,23245632,23247664,2032
ENSG00000260977,47004922,47007384,2462
ENSG00000235638,235700820,235701341,521
ENSG00000202129,35893417,35893494,77
ENSG00000166167,103113820,103317078,203258
ENSG00000242062,128570955,128571851,896
ENSG00000186508,57911967,57912869,902
ENSG00000216621,150255663,150257918,2255
ENSG00000127325,70037140,70093256,56116
ENSG00000250017,45574692,45576714,2022
ENSG00000232627,23405237,23405595,358
ENSG00000248802,129504154,129522562,18408
ENSG00000236274,35975343,35977039,1696
ENSG00000226548,47079159,47080635,1476
ENSG00000253939,39761294,39852767,91473
ENSG00000261159,128578559,128579369,810
ENSG00000261037,6019142,6022396,3254
ENSG00000264894,134340492,134340577,85
ENSG00000231199,235701352,235703145,1793
ENSG00000226309,85139302,85140520,1218
ENSG00000264527,139141824,139143051,1227
ENSG00000212264,23436065,23436135,70
ENSG00000234041,179106899,179107069,170
ENSG00000137345,29624680,29640072,15392
ENSG00000215094,150272969,150273375,406
ENSG00000224781,52861754,52862949,1195
ENSG00000238802,129677181,129677284,103
ENSG00000227792,134370740,134371295,555
ENSG00000250122,45890318,45896072,5754
ENSG00000252590,23490277,23490341,64
ENSG00000219298,150298607,150300241,1634
ENSG00000219604,85399010,85399147,137
ENSG00000236654,23520372,23520578,206
ENSG00000228925,47126414,47135817,9403
ENSG00000231905,179152869,179153682,813
ENSG00000251345,130054261,130055253,992
ENSG00000223443,11994677,11996586,1909
ENSG00000254242,18949243,18972534,23291
ENSG00000226663,235703353,235704715,1362
ENSG00000152402,106544738,106889250,344512
ENSG00000272569,57938570,57939193,623
ENSG00000244666,72956896,72957171,275
ENSG00000263072,3166043,3184883,18840
ENSG00000230006,89065324,89106126,40802
ENSG00000086015,46252659,46501796,249137
ENSG00000273248,77168731,77169084,353
ENSG00000261281,72974607,72975245,638
ENSG00000228290,85399143,85419252,20109
ENSG00000254589,58009515,58010569,1054
ENSG00000239948,44164652,44164928,276
ENSG00000232818,23530092,23530983,891
ENSG00000250316,19095247,19099422,4175
ENSG00000248958,130057081,130060895,3814
ENSG00000250159,137150022,137225025,75003
ENSG00000271455,49899063,49899345,282
ENSG00000231120,150299052,150299552,500
ENSG00000272692,77168915,77171600,2685
ENSG00000212338,179165608,179165714,106
ENSG00000179818,70189395,70315978,126583
ENSG00000264133,44167328,44167426,98
ENSG00000231999,90048800,90098453,49653
ENSG00000201619,179170622,179170762,140
ENSG00000213956,49928958,49929436,478
ENSG00000268601,44298461,44299810,1349
ENSG00000231564,179170840,179171061,221
ENSG00000259861,6030148,6030954,806
ENSG00000263403,139414020,139414078,58
ENSG00000267058,44395956,44405957,10001
ENSG00000232014,24347904,24349416,1512
ENSG00000200847,23531411,23531512,101
ENSG00000272814,47183754,47184027,273
ENSG00000272442,44240931,44346694,105763
ENSG00000154839,47901365,47920543,19178
ENSG00000231582,235704712,235705006,294
ENSG00000202071,65989514,65989615,101
ENSG00000266475,137316150,137316247,97
ENSG00000224785,23602078,23603880,1802
ENSG00000233845,47262418,47267663,5245
ENSG00000260837,8861264,8862816,1552
ENSG00000153707,8314246,10612723,2298477
ENSG00000225711,179190073,179191260,1187
ENSG00000272900,58059298,58060237,939
ENSG00000203647,65994445,65994875,430
ENSG00000260898,73075176,73090540,15364
ENSG00000253838,39771748,39773240,1492
ENSG00000267191,44406153,44430697,24544
ENSG00000246323,137368463,137372955,4492
ENSG00000216523,85676115,85676343,228
ENSG00000229513,24348440,24348799,359
ENSG00000218358,150319155,150326293,7138
ENSG00000207146,107920181,107920287,106
ENSG00000206759,66343538,66343644,106
ENSG00000271752,49958693,49959100,407
ENSG00000232553,23624681,23625974,1293
ENSG00000254287,39775595,39778409,2814
ENSG00000255218,58085109,58085847,738
ENSG00000206828,144491442,144491605,163
ENSG00000221568,6112224,6112313,89
ENSG00000232714,235705059,235705397,338
ENSG00000261409,107963179,107968174,4995
ENSG00000241587,66374279,66374574,295
ENSG00000220291,85865385,85877467,12082
ENSG00000159123,72091859,72163653,71794
ENSG00000251195,130098541,130100249,1708
ENSG00000201699,144534038,144534199,161
ENSG00000225187,47294961,47298343,3382
ENSG00000224676,24350068,24352081,2013
ENSG00000250730,6289970,6290737,767
ENSG00000227512,139437333,139438287,954
ENSG00000259259,73191740,73192601,861
ENSG00000266921,44501048,44506988,5940
ENSG00000271174,66673184,66673526,342
ENSG00000239636,36035414,36043330,7916
ENSG00000254201,19103860,19106750,2890
ENSG00000253790,39855388,39856018,630
ENSG00000227436,23658952,23662445,3493
ENSG00000214560,66687573,66687836,263
ENSG00000249405,50154594,50155854,1260
ENSG00000170498,204159469,204165614,6145
ENSG00000236842,77190329,77191346,1017
ENSG00000223794,179224868,179225216,348
ENSG00000255431,58111210,58112137,927
ENSG00000241884,67346724,67356783,10059
ENSG00000235761,235705459,235705690,231
ENSG00000216902,85967046,85967412,366
ENSG00000237863,107979241,107982133,2892
ENSG00000100565,77292715,77336645,43930
ENSG00000207583,77312216,77312311,95
ENSG00000250193,130220330,130226177,5847
ENSG00000267144,44527756,44529414,1658
ENSG00000100099,26839389,26879803,40414
ENSG00000255096,58116462,58117103,641
ENSG00000268659,77402234,77402857,623
ENSG00000265181,139440625,139440711,86
ENSG00000234690,47419544,47572213,152669
ENSG00000246876,130645326,130692636,47310
ENSG00000112031,153308497,153323820,15323
ENSG00000253021,44589366,44589456,90
ENSG00000228191,179240251,179240401,150
ENSG00000230735,90095284,90141945,46661
ENSG00000259691,73435577,73435859,282
ENSG00000270710,235729061,235730237,1176
ENSG00000228953,23695301,23695480,179
ENSG00000228280,77502498,77503513,1015
ENSG00000239859,36171626,36171875,249
ENSG00000217060,85995794,86000567,4773
ENSG00000265842,44596257,44596551,294
ENSG00000242510,67564364,67564744,380
ENSG00000263633,179333448,179333743,295
ENSG00000005486,75471920,75518244,46324
ENSG00000238210,134386524,134387531,1007
ENSG00000237886,139440664,139444345,3681
ENSG00000248472,102516758,102519298,2540
ENSG00000236688,30308697,30308831,134
ENSG00000259318,55861658,55861951,293
ENSG00000255333,58121477,58121972,495
ENSG00000184490,24366750,24370882,4132
ENSG00000253280,19111751,19114844,3093
ENSG00000232335,36204990,36209177,4187
ENSG00000223275,23708896,23708973,77
ENSG00000224620,179416713,179417575,862
ENSG00000267163,44598503,44603864,5361
ENSG00000226394,90126771,90126912,141
ENSG00000253270,19536083,19546445,10362
ENSG00000234286,23719814,23720405,591
ENSG00000216444,150353905,150354702,797
ENSG00000258067,30313513,30313600,87
ENSG00000239199,55880274,55880777,503
ENSG00000236539,179416737,179426450,9713
ENSG00000201443,108069994,108070099,105
ENSG00000238888,9119024,9119128,104
ENSG00000227236,235777974,235779697,1723
ENSG00000271164,36338871,36339353,482
ENSG00000233499,58133309,58134236,927
ENSG00000186019,44609616,44617298,7682
ENSG00000259440,73454120,73455269,1149
ENSG00000239779,74685456,74688018,2562
ENSG00000234800,23760930,23761401,471
ENSG00000261889,3206737,3207484,747
ENSG00000253775,19936816,19975953,39137
ENSG00000253381,39961688,39965454,3766
ENSG00000227100,30316559,30317192,633
ENSG00000261250,179512336,179518057,5721
ENSG00000241316,67705121,67998137,293016
ENSG00000230886,9158422,9159028,606
ENSG00000154473,124913793,124924886,11093
ENSG00000239176,90233771,90233877,106
ENSG00000177854,153237778,153248646,10868
ENSG00000226958,108297361,108297792,431
ENSG00000186615,55965996,56046828,80832
ENSG00000146221,44246480,44265458,18978
ENSG00000231613,90254473,90256051,1578
ENSG00000253665,39972170,39984987,12817
ENSG00000251875,179545403,179545484,81
ENSG00000262521,3231233,3234018,2785
ENSG00000271914,36395321,36395716,395
ENSG00000215000,108585042,108585926,884
ENSG00000111961,148593440,148873186,279746
ENSG00000235972,150361683,150363169,1486
ENSG00000235231,24373117,24374043,926
ENSG00000174567,204167288,204183220,15932
ENSG00000270679,44794234,44795064,830
ENSG00000236122,30320389,30321557,1168
ENSG00000227141,179555840,179558310,2470
ENSG00000229015,134530354,134531689,1335
ENSG00000272931,90285733,90286427,694
ENSG00000273408,58155056,58155959,903
ENSG00000262668,3238212,3274779,36567
ENSG00000270830,50199442,50199577,135
ENSG00000271554,36457710,36479231,21521
ENSG00000213091,150363682,150364489,807
ENSG00000120616,32556679,32667726,111047
ENSG00000225241,144593363,144621656,28293
ENSG00000251601,50225318,50230355,5037
ENSG00000231074,30255174,30294927,39753
ENSG00000272672,90405160,90405706,546
ENSG00000272955,24375562,24376211,649
ENSG00000267590,44801257,44801508,251
ENSG00000257478,30321757,30321880,123
ENSG00000255299,58265361,58273231,7870
ENSG00000254143,40018977,40030131,11154
ENSG00000177455,28943260,28950667,7407
ENSG00000203581,3265562,3266546,984
ENSG00000252797,90453272,90453503,231
ENSG00000250490,6310554,6339997,29443
ENSG00000267188,44896603,44952640,56037
ENSG00000259528,73547675,73548450,775
ENSG00000176227,143268819,143271478,2659
ENSG00000257299,30325459,30325567,108
ENSG00000242709,19970854,19971183,329
ENSG00000072518,63606400,63678491,72091
ENSG00000250360,50261521,50262842,1321
ENSG00000266400,67878596,67878697,101
ENSG00000252440,139496967,139497062,95
ENSG00000238594,150485720,150485822,102
ENSG00000228175,90459152,90459880,728
ENSG00000182484,155250491,155255375,4884
ENSG00000239334,24385938,24401899,15961
ENSG00000258263,30339804,30339888,84
ENSG00000232862,36545667,36547923,2256
ENSG00000222267,20087290,20087388,98
ENSG00000201628,150647759,150647899,140
ENSG00000259650,73627601,73634728,7127
ENSG00000252037,143271839,143271941,102
ENSG00000251573,50265051,50266001,950
ENSG00000213211,85997507,85998725,1218
ENSG00000261060,179559507,179560440,933
ENSG00000220598,150705443,150706256,813
ENSG00000257665,30349771,30349858,87
ENSG00000253733,20133284,20147969,14685
ENSG00000230556,143276000,143276165,165
ENSG00000235674,235901305,235902289,984
ENSG00000212459,90719014,90719117,103
ENSG00000221547,179679385,179679481,96
ENSG00000176761,44971858,44977444,5586
ENSG00000178947,134555868,134561999,6131
ENSG00000234155,86096937,86099904,2967
ENSG00000257461,30350286,30350373,87
ENSG00000229201,90976467,90999029,22562
ENSG00000157150,12194551,12200851,6300
ENSG00000242685,32845119,32867240,22121
ENSG00000243062,179699352,179711832,12480
ENSG00000219622,150825947,150831436,5489
ENSG00000228401,139543062,139554873,11811
ENSG00000259186,73775537,73776284,747
ENSG00000118242,216809213,216898819,89606
ENSG00000221823,68405989,68483369,77380
ENSG00000204460,129999746,130031421,31675
ENSG00000115207,27548716,27579868,31152
ENSG00000216439,86136375,86136843,468
ENSG00000237034,30371999,30376604,4605
ENSG00000262899,3357573,3358393,820
ENSG00000260469,74060555,74061978,1423
ENSG00000233874,108811707,108813518,1811
ENSG00000201440,134562093,134562210,117
ENSG00000226087,47452933,47466364,13431
ENSG00000146955,140103843,140126050,22207
ENSG00000101190,61472467,61493115,20648
ENSG00000235689,24402751,24404704,1953
ENSG00000229463,236002783,236003482,699
ENSG00000264592,36657516,36657769,253
ENSG00000262554,3358609,3358816,207
ENSG00000199666,91123307,91123520,213
ENSG00000160602,27052915,27070473,17558
ENSG00000222732,171706206,171706319,113
ENSG00000231849,36707499,36707757,258
ENSG00000186523,12039605,12051642,12037
ENSG00000260624,74163291,74165707,2416
ENSG00000222831,236016300,236016360,60
ENSG00000232545,24497652,24499317,1665
ENSG00000253802,40156260,40200921,44661
ENSG00000216127,171866667,171866758,91
ENSG00000262316,3373192,3373925,733
ENSG00000229407,179785319,179787326,2007
ENSG00000159131,34876238,34915797,39559
ENSG00000233593,91248543,91317207,68664
ENSG00000232891,150921970,150926986,5016
ENSG00000238546,130184995,130185098,103
ENSG00000252056,236026688,236026737,49
ENSG00000253164,20207721,20230280,22559
ENSG00000222821,36868322,36868460,138
ENSG00000267242,44978645,44979403,758
ENSG00000248918,50265494,50266021,527
ENSG00000254299,171984395,171986017,1622
ENSG00000206803,236078715,236078821,106
ENSG00000230712,24644042,24645434,1392
ENSG00000177842,40547483,40560227,12744
ENSG00000201448,36884051,36884179,128
ENSG00000224029,150945813,150947222,1409
ENSG00000237845,236105853,236107105,1252
ENSG00000236824,47558199,47571656,13457
ENSG00000230214,37095936,37096458,522
ENSG00000223640,9221524,9221856,332
ENSG00000198586,171847333,172087824,240491
ENSG00000222064,74183750,74183828,78
ENSG00000233428,130253870,130254361,491
ENSG00000237319,108880063,108880292,229
ENSG00000231966,179798744,179805259,6515
ENSG00000176623,87480486,87526586,46100
ENSG00000207060,50351187,50351293,106
ENSG00000229291,236121179,236135125,13946
ENSG00000163113,149909705,149982625,72920
ENSG00000212172,22348403,22348563,160
ENSG00000242136,9243569,9245243,1674
ENSG00000132970,27131840,27263085,131245
ENSG00000226599,150971908,150973161,1253
ENSG00000234481,37238741,37241369,2628
ENSG00000222945,50357303,50357391,88
ENSG00000215921,77583444,77583536,92
ENSG00000256714,22548022,22551009,2987
ENSG00000252822,236223977,236224072,95
ENSG00000253683,172083525,172083716,191
ENSG00000264698,37627164,37627235,71
ENSG00000211967,107048672,107049341,669
ENSG00000222685,47586644,47586916,272
ENSG00000100721,96176304,96180533,4229
ENSG00000213089,151148799,151149520,721
ENSG00000272906,179850742,179851730,988
ENSG00000256973,22613453,22616848,3395
ENSG00000252069,108987872,108987978,106
ENSG00000207328,37669211,37669317,106
ENSG00000206606,50463375,50463481,106
ENSG00000235371,236273361,236275670,2309
ENSG00000257425,30414329,30414452,123
ENSG00000253178,20408712,20408916,204
ENSG00000214460,86137171,86137684,513
ENSG00000229536,130626766,130635126,8360
ENSG00000223944,37728340,37790701,62361
ENSG00000207923,47604814,47604909,95
ENSG00000225769,134566885,134572559,5674
ENSG00000256371,22726359,22728039,1680
ENSG00000225381,109096541,109097148,607
ENSG00000264916,179869397,179869697,300
ENSG00000240627,50571087,50571568,481
ENSG00000218996,151256104,151256702,598
ENSG00000235223,30423833,30425362,1529
ENSG00000265160,172089168,172089266,98
ENSG00000211968,107078373,107078869,496
ENSG00000261831,179895776,179910931,15155
ENSG00000199161,139565054,139565138,84
ENSG00000252368,37730278,37730387,109
ENSG00000261801,74200424,74220589,20165
ENSG00000271230,6533004,6533313,309
ENSG00000236558,47713153,47715691,2538
ENSG00000221693,139588588,139588714,126
ENSG00000251944,20472340,20472437,97
ENSG00000260360,179922319,179923575,1256
ENSG00000202119,151260358,151260464,106
ENSG00000230451,37796453,37796597,144
ENSG00000197536,131746328,131811736,65408
ENSG00000214100,130680435,130691890,11455
ENSG00000163659,156391024,156424559,33535
ENSG00000261104,9246722,9249994,3272
ENSG00000271158,134598254,134599409,1155
ENSG00000256774,22749162,22749485,323
ENSG00000253300,20513202,20557645,44443
ENSG00000221469,151361052,151361107,55
ENSG00000225446,91317316,91319843,2527
ENSG00000235145,179937821,179938641,820
ENSG00000119048,133706870,133727683,20813
ENSG00000250166,22754359,22771801,17442
ENSG00000232290,151376033,151377193,1160
ENSG00000222650,236431080,236431258,178
ENSG00000225235,134654008,134654599,591
ENSG00000143850,204187979,204346793,158814
ENSG00000214552,68194154,68194780,626
ENSG00000189350,29179477,29284239,104762
ENSG00000272094,91326107,91328477,2370
ENSG00000066322,43829068,43833696,4628
ENSG00000238702,50617817,50617919,102
ENSG00000237922,236449276,236450260,984
ENSG00000257023,22762162,22777949,15787
ENSG00000224373,107081806,107083830,2024
ENSG00000213641,56010119,56010887,768
ENSG00000208013,109298557,109298654,97
ENSG00000236016,86340080,86340995,915
ENSG00000223598,151409239,151549582,140343
ENSG00000232882,91358549,91359169,620
ENSG00000253354,40227547,40259367,31820
ENSG00000233621,37920480,37940012,19532
ENSG00000223693,30426181,30427550,1369
ENSG00000220563,86369610,86370324,714
ENSG00000240568,68241548,68241730,182
ENSG00000223450,179969573,179969943,370
ENSG00000176395,45005729,45033811,28082
ENSG00000265584,109325346,109325446,100
ENSG00000271484,56013392,56014841,1449
ENSG00000178177,17842822,18023499,180677
ENSG00000259663,50668570,50679166,10596
ENSG00000203544,31745551,31818230,72679
ENSG00000264284,134702492,134702591,99
ENSG00000168267,23481256,23483181,1925
ENSG00000232393,91489476,91490361,885
ENSG00000244640,68682857,68683507,650
ENSG00000233016,139615818,139622636,6818
ENSG00000253866,20791946,20792348,402
ENSG00000219747,151420665,151421069,404
ENSG00000272479,40377084,40377677,593
ENSG00000171557,155525286,155534119,8833
ENSG00000212095,68684067,68684160,93
ENSG00000252638,236464280,236464351,71
ENSG00000253445,172117457,172124723,7266
ENSG00000263675,37966536,37966595,59
ENSG00000261817,180086275,180093025,6750
ENSG00000200742,56118252,56118352,100
ENSG00000241506,68684856,68686175,1319
ENSG00000244457,236646465,236647768,1303
ENSG00000237833,134717576,134719085,1509
ENSG00000206817,91727182,91727281,99
ENSG00000231883,151517816,151518773,957
ENSG00000208883,109468213,109468291,78
ENSG00000229038,30443238,30443888,650
ENSG00000253295,172185229,172189559,4330
ENSG00000250056,6582249,6588612,6363
ENSG00000232273,38010364,38010895,531
ENSG00000215873,91793926,91795070,1144
ENSG00000224142,109548648,109550449,1801
ENSG00000252828,68932118,68932242,124
ENSG00000256995,22852793,23327057,474264
ENSG00000238616,151522476,151522579,103
ENSG00000213386,172189524,172190261,737
ENSG00000213087,151546685,151547082,397
ENSG00000223776,236686369,236687808,1439
ENSG00000254260,20798939,20807686,8747
ENSG00000257656,30445600,30445684,84
ENSG00000230124,180238788,180245359,6571
ENSG00000211970,107095126,107095662,536
ENSG00000128262,24647796,24661493,13697
ENSG00000244513,69063092,69105773,42681
ENSG00000258228,30446021,30446144,123
ENSG00000225366,109763540,109766249,2709
ENSG00000273058,236699473,236700004,531
ENSG00000267940,6223131,6224483,1352
ENSG00000252431,151601650,151601747,97
ENSG00000257423,30449135,30449219,84
ENSG00000254383,40757535,40759373,1838
ENSG00000235760,47754676,47762338,7662
ENSG00000237574,130680750,130704276,23526
ENSG00000252487,151619976,151620068,92
ENSG00000230325,236703394,236713580,10186
ENSG00000257892,30455663,30456253,590
ENSG00000206867,40890411,40890517,106
ENSG00000223039,151640770,151641085,315
ENSG00000237749,38021843,38022108,265
ENSG00000223648,107113741,107114274,533
ENSG00000254092,20810156,20831388,21232
ENSG00000226498,236982934,236983818,884
ENSG00000238939,151668162,151668247,85
ENSG00000263372,41128567,41128662,95
ENSG00000230979,47917855,47918385,530
ENSG00000258299,30461218,30461339,121
ENSG00000270435,6318419,6319836,1417
ENSG00000252615,151699135,151699234,99
ENSG00000203875,86370710,86388451,17741
ENSG00000235060,180403935,180405071,1136
ENSG00000253736,172189983,172204777,14794
ENSG00000234846,31817326,31822599,5273
ENSG00000253147,20810638,20826415,15777
ENSG00000241318,92000223,92001150,927
ENSG00000219395,151732394,151735080,2686
ENSG00000224539,134732852,134749356,16504
ENSG00000257980,30468711,30468795,84
ENSG00000258921,56032696,56053579,20883
ENSG00000204566,23492745,23528745,36000
ENSG00000234559,130697421,130697790,369
ENSG00000254443,6384029,6386497,2468
ENSG00000224443,47932607,47933118,511
ENSG00000257937,30469811,30469898,87
ENSG00000200421,38203627,38203726,99
ENSG00000207422,151936908,151937014,106
ENSG00000161016,146015150,146017972,2822
ENSG00000272837,56039979,56040447,468
ENSG00000229067,92065728,92065878,150
ENSG00000206741,172206985,172207097,112
ENSG00000237991,237144637,237145008,371
ENSG00000211972,107131033,107131560,527
ENSG00000238871,38215874,38215974,100
ENSG00000236934,30473552,30476506,2954
ENSG00000258907,56048342,56048952,610
ENSG00000233823,152134411,152135314,903
ENSG00000141639,48086448,48258194,171746
ENSG00000270243,172212265,172212427,162
ENSG00000228042,109880069,109880900,831
ENSG00000239281,41128950,41129085,135
ENSG00000265435,180407449,180407525,76
ENSG00000214141,38242342,38245090,2748
ENSG00000119865,68511303,68547183,35880
ENSG00000203914,92100568,92109639,9071
ENSG00000234577,152701681,152702699,1018
ENSG00000259143,95651454,95652191,737
ENSG00000257324,30487773,30488859,1086
ENSG00000225449,130724165,130738039,13874
ENSG00000105700,18668572,18680197,11625
ENSG00000206905,180488152,180488255,103
ENSG00000254595,6509416,6510607,1191
ENSG00000168566,7590432,7612200,21768
ENSG00000260096,74355121,74356126,1005
ENSG00000266683,180514968,180515067,99
ENSG00000254558,89597016,89598718,1702
ENSG00000253509,41132634,41134522,1888
ENSG00000225098,24655897,24659732,3835
ENSG00000226193,152723533,152726101,2568
ENSG00000258615,95665376,95665682,306
ENSG00000254400,6624872,6625650,778
ENSG00000236719,180528112,180535654,7542
ENSG00000257251,30490178,30490302,124
ENSG00000226112,110412449,110412631,182
ENSG00000211973,107169931,107170428,497
ENSG00000206852,41155682,41155784,102
ENSG00000244612,74364764,74365039,275
ENSG00000202044,152731410,152731529,119
ENSG00000172543,65647280,65651212,3932
ENSG00000254641,6629897,6631366,1469
ENSG00000249338,50705451,50706039,588
ENSG00000252396,237284107,237284409,302
ENSG00000238936,41284174,41284246,72
ENSG00000254026,20811523,20826415,14892
ENSG00000233464,152867068,152868109,1041
ENSG00000257618,30495959,30496179,220
ENSG00000254102,65486863,65494445,7582
ENSG00000266262,237634419,237634491,72
ENSG00000214702,74387926,74390758,2832
ENSG00000239794,92295333,92295631,298
ENSG00000099834,616565,626078,9513
ENSG00000272292,180727858,180727953,95
ENSG00000198022,134807306,134819866,12560
ENSG00000248891,50723830,50724261,431
ENSG00000203843,144612266,144612683,417
ENSG00000234349,110473117,110474289,1172
ENSG00000218792,153026870,153027263,393
ENSG00000252290,237718340,237718471,131
ENSG00000255680,6640021,6640995,974
ENSG00000179133,23556124,23633774,77650
ENSG00000266532,92404826,92405131,305
ENSG00000266825,180797031,180797128,97
ENSG00000255235,89617095,89619381,2286
ENSG00000257854,30506291,30506412,121
ENSG00000233228,92531863,92533396,1533
ENSG00000224058,47958541,47959174,633
ENSG00000237250,238025475,238091621,66146
ENSG00000211974,107178820,107179338,518
ENSG00000255390,6642682,6643553,871
ENSG00000224662,139674391,139674670,279
ENSG00000225857,180875787,180878302,2515
ENSG00000253199,20831308,20852630,21322
ENSG00000258630,95795921,95801841,5920
ENSG00000263700,30541620,30541705,85
ENSG00000224893,153115631,153153048,37417
ENSG00000253628,172243624,172246961,3337
ENSG00000215861,144676874,144679969,3095
ENSG00000132975,27329341,27334922,5581
ENSG00000221232,77887009,77887069,60
ENSG00000255410,6651834,6656439,4605
ENSG00000266361,30573516,30573592,76
ENSG00000254617,89620534,89623159,2625
ENSG00000172888,40566369,40616176,49807
ENSG00000265486,78001782,78002071,289
ENSG00000229645,95873606,95876427,2821
ENSG00000253396,41292817,41297938,5121
ENSG00000201954,78020558,78020661,103
ENSG00000251125,50746992,50757923,10931
ENSG00000235757,30590916,30591185,269
ENSG00000230667,92540090,92540968,878
ENSG00000227416,38248129,38248557,428
ENSG00000241678,6707122,6707600,478
ENSG00000266595,153177801,153177879,78
ENSG00000230575,78197166,78198533,1367
ENSG00000133606,140152840,140179369,26529
ENSG00000267596,34323476,34329084,5608
ENSG00000217372,153219182,153220415,1233
ENSG00000253943,41368759,41370040,1281
ENSG00000272093,71656517,71658805,2288
ENSG00000171720,141000443,141016437,15994
ENSG00000225698,107198932,107199471,539
ENSG00000269256,78318108,78320752,2644
ENSG00000152404,107197071,107328572,131501
ENSG00000254330,65616331,65647016,30685
ENSG00000243781,238090131,238090905,774
ENSG00000264807,30605953,30606046,93
ENSG00000233728,38265392,38266551,1159
ENSG00000204758,172381789,172386395,4606
ENSG00000122862,70847862,70864567,16705
ENSG00000237616,20107081,20109132,2051
ENSG00000254838,6734767,6767670,32903
ENSG00000251954,110664738,110664836,98
ENSG00000243155,180913178,180945618,32440
ENSG00000238255,30654118,30654847,729
ENSG00000252888,78595135,78595260,125
ENSG00000254539,144833168,144835867,2699
ENSG00000254785,89628967,89633617,4650
ENSG00000223904,110677655,110678252,597
ENSG00000235673,38306658,38307348,690
ENSG00000220745,153280494,153280740,246
ENSG00000248864,91625047,91628401,3354
ENSG00000224948,78596326,78596619,293
ENSG00000244310,9255326,9257013,1687
ENSG00000261543,74445141,74471567,26426
ENSG00000272365,71663446,71664222,776
ENSG00000254006,65713793,65730130,16337
ENSG00000227899,30660380,30670495,10115
ENSG00000227627,153304885,153310358,5473
ENSG00000255148,144858174,144865800,7626
ENSG00000232154,238111317,238112443,1126
ENSG00000253133,41391674,41435887,44213
ENSG00000228485,120968043,120971272,3229
ENSG00000230955,38326369,38327252,883
ENSG00000244585,121354548,121355039,491
ENSG00000224678,92580360,92581353,993
ENSG00000232586,180918835,180924023,5188
ENSG00000265955,30693620,30693730,110
ENSG00000153201,109335937,109402267,66330
ENSG00000244061,71677621,71678220,599
ENSG00000212101,153373597,153373679,82
ENSG00000259264,74495046,74513896,18850
ENSG00000242853,120972369,120972656,287
ENSG00000254913,144874945,144878163,3218
ENSG00000252448,38349909,38349989,80
ENSG00000264688,30708329,30708576,247
ENSG00000201939,153480355,153480480,125
ENSG00000231328,23850763,23851279,516
ENSG00000251108,71713316,71714162,846
ENSG00000225723,238112514,238113034,520
ENSG00000236426,121094006,121095694,1688
ENSG00000255055,89641708,89642215,507
ENSG00000222282,38350695,38350789,94
ENSG00000224033,20134179,20135788,1609
ENSG00000218426,153603422,153603868,446
ENSG00000254040,20880807,20886569,5762
ENSG00000273066,139693675,139704494,10819
ENSG00000254781,6769362,6771555,2193
ENSG00000240980,9283295,9286235,2940
ENSG00000212541,38457134,38457241,107
ENSG00000261269,71735730,71738214,2484
ENSG00000264489,91741653,91741744,91
ENSG00000266739,144877330,144877395,65
ENSG00000224133,30724117,30749533,25416
ENSG00000251520,180933647,180935045,1398
ENSG00000265719,121137484,121137555,71
ENSG00000251872,48008518,48008604,86
ENSG00000236570,18580165,18581391,1226
ENSG00000222788,144944672,144944750,78
ENSG00000253493,65885723,65886083,360
ENSG00000249618,130692814,130876523,183709
ENSG00000224592,38512986,38584697,71711
ENSG00000064763,29302036,29493913,191877
ENSG00000271353,121321613,121322042,429
ENSG00000260802,110754890,110765627,10737
ENSG00000139645,56631591,56652175,20584
ENSG00000272755,145018395,145018959,564
ENSG00000251761,18996435,18996541,106
ENSG00000235369,48024965,48025230,265
ENSG00000215464,24665314,24666102,788
ENSG00000227860,238113036,238114836,1800
ENSG00000254712,6864895,6865897,1002
ENSG00000224372,30319193,30319327,134
ENSG00000234569,121380580,121381392,812
ENSG00000271898,19356340,19356423,83
ENSG00000171227,120187477,120196096,8619
ENSG00000237312,153625730,153630117,4387
ENSG00000233401,92590858,92592019,1161
ENSG00000227930,23931323,23936954,5631
ENSG00000252656,145044651,145044900,249
ENSG00000255179,7244164,7252094,7930
ENSG00000233802,89657232,89666218,8986
ENSG00000273487,92654794,92656264,1470
ENSG00000224486,30327055,30327688,633
ENSG00000227437,121397968,121398594,626
ENSG00000239261,66067642,66068013,371
ENSG00000241388,121406416,121418768,12352
ENSG00000271546,145088039,145088567,528
ENSG00000232953,19981761,19984802,3041
ENSG00000264321,153665248,153665350,102
ENSG00000184216,153275951,153285431,9480
ENSG00000213772,9411421,9411757,336
ENSG00000213873,66289827,66290346,519
ENSG00000152484,27640293,27746033,105740
ENSG00000249776,91745963,91996570,250607
ENSG00000223589,38546244,38546583,339
ENSG00000261384,74595346,74596684,1338
ENSG00000236405,30330889,30332057,1168
ENSG00000223380,145096220,145116922,20702
ENSG00000238849,23934647,23934753,106
ENSG00000264858,153740156,153740225,69
ENSG00000221703,7255997,7256068,71
ENSG00000230019,238271036,238271867,831
ENSG00000226773,92668705,92669548,843
ENSG00000252041,24172324,24172456,132
ENSG00000215523,30755939,30787964,32025
ENSG00000222806,153741573,153741707,134
ENSG00000215945,21013642,21013744,102
ENSG00000101850,9693386,9754337,60951
ENSG00000205916,26980008,27053183,73175
ENSG00000232989,238431794,238431895,101
ENSG00000228944,24236281,24295338,59057
ENSG00000265596,38554903,38555001,98
ENSG00000024862,139094657,139114456,19799
ENSG00000217160,153986842,153987525,683
ENSG00000270711,180939973,180940383,410
ENSG00000254081,66439243,66475015,35772
ENSG00000260266,74643109,74656961,13852
ENSG00000254334,21155717,21166960,11243
ENSG00000230412,20230369,20230696,327
ENSG00000226577,30382492,30387096,4604
ENSG00000243009,30303165,30304918,1753
ENSG00000232823,121442639,121443335,696
ENSG00000234464,238439337,238450316,10979
ENSG00000239098,24301228,24301333,105
ENSG00000237290,38674706,38680439,5733
ENSG00000225888,30796824,30805462,8638
ENSG00000272198,181060245,181062035,1790
ENSG00000237479,217731055,217732536,1481
ENSG00000072858,113251143,113348425,97282
ENSG00000206877,24576951,24577057,106
ENSG00000251873,51182522,51182603,81
ENSG00000242246,153987601,153987801,200
ENSG00000252371,238488987,238489088,101
ENSG00000105323,41768401,41813503,45102
ENSG00000251364,7448497,7533746,85249
ENSG00000242818,121527759,121528052,293
ENSG00000237292,181143620,181151344,7724
ENSG00000226611,20242567,20258088,15521
ENSG00000233125,92694138,92694992,854
ENSG00000249270,51226642,51227870,1228
ENSG00000271096,24628734,24629026,292
ENSG00000215808,238643684,238649323,5639
ENSG00000270300,121574741,121576154,1413
ENSG00000249169,91990555,92014848,24293
ENSG00000239300,9645574,9652541,6967
ENSG00000177144,145139025,145139569,544
ENSG00000241451,22875163,22875403,240
ENSG00000218776,153987762,153988453,691
ENSG00000222861,130781577,130781655,78
ENSG00000272679,139694818,139723918,29100
ENSG00000200796,38862331,38862437,106
ENSG00000184388,72223352,72225551,2199
ENSG00000265370,121718025,121718104,79
ENSG00000180178,130748029,130808704,60675
ENSG00000267614,45040251,45040599,348
ENSG00000271330,24713928,24714231,303
ENSG00000238063,38940868,38942156,1288
ENSG00000234125,130824165,130825318,1153
ENSG00000264415,30821625,30821927,302
ENSG00000180230,121756598,121757221,623
ENSG00000227021,217732735,217733879,1144
ENSG00000256923,22895516,22896025,509
ENSG00000231877,238648745,238701605,52860
ENSG00000236549,48110594,48111048,454
ENSG00000266829,110859125,110859401,276
ENSG00000238976,24940431,24940524,93
ENSG00000225359,181159607,181160285,678
ENSG00000223405,30824355,30833288,8933
ENSG00000170365,146402346,146479231,76885
ENSG00000249984,92011663,92023961,12298
ENSG00000266713,21351539,21351627,88
ENSG00000261821,74657776,74659391,1615
ENSG00000217044,153988453,153989241,788
ENSG00000223455,121829492,121829671,179
ENSG00000215149,238654658,238655944,1286
ENSG00000234999,24945754,24946213,459
ENSG00000265355,69098109,69098186,77
ENSG00000236295,217735164,217738655,3491
ENSG00000265336,30848250,30848339,89
ENSG00000256321,23252302,23344521,92219
ENSG00000229939,110862036,110862322,286
ENSG00000230666,45041045,45124119,83074
ENSG00000080293,120197419,120282070,84651
ENSG00000254818,89677203,89682570,5367
ENSG00000251326,131297384,131307526,10142
ENSG00000178803,24825178,24891042,65864
ENSG00000179452,181205524,181207740,2216
ENSG00000239263,69520603,69521683,1080
ENSG00000215895,39174603,39176562,1959
ENSG00000266819,30864238,30864501,263
ENSG00000248877,131415828,131416440,612
ENSG00000266630,21407509,21407595,86
ENSG00000221402,121883644,121883738,94
ENSG00000259855,217860629,217861213,584
ENSG00000272010,66504085,66504707,622
ENSG00000224783,238940349,238942500,2151
ENSG00000264602,30889970,30890061,91
ENSG00000225031,110862905,110864717,1812
ENSG00000220733,153989312,153989497,185
ENSG00000251849,218041221,218041305,84
ENSG00000249018,131424512,131425499,987
ENSG00000220842,122114177,122114718,541
ENSG00000200714,66504966,66505055,89
ENSG00000265543,92694813,92694896,83
ENSG00000271769,121438289,121439071,782
ENSG00000201789,145149740,145149840,100
ENSG00000240265,69584815,69585844,1029
ENSG00000230541,30903331,30912213,8882
ENSG00000251982,218116279,218116598,319
ENSG00000157895,121440225,121454305,14080
ENSG00000242764,92867948,92868242,294
ENSG00000272155,66626569,66627013,444
ENSG00000252977,181740702,181740780,78
ENSG00000238462,9672371,9672474,103
ENSG00000272709,145200338,145200891,553
ENSG00000229068,30434229,30435771,1542
ENSG00000227854,239216048,239216203,155
ENSG00000220514,153989724,153989993,269
ENSG00000233143,218147462,218200843,53381
ENSG00000273484,21654972,21655271,299
ENSG00000223787,93046033,93046378,345
ENSG00000108784,40688190,40696467,8277
ENSG00000236976,63601916,63602779,863
ENSG00000272192,66754987,66755566,579
ENSG00000255360,89688314,89690333,2019
ENSG00000272880,181781840,181782396,556
ENSG00000240842,69613257,69620273,7016
ENSG00000247240,74753606,74773643,20037
ENSG00000186288,72297115,72299351,2236
ENSG00000221810,92053139,92053220,81
ENSG00000257236,30955254,30955549,295
ENSG00000256963,121517645,121517927,282
ENSG00000234522,122194495,122199888,5393
ENSG00000224414,218558618,218561486,2868
ENSG00000259776,239411108,239414118,3010
ENSG00000216713,153990014,153991036,1022
ENSG00000253190,67024902,67027440,2538
ENSG00000238466,21889861,21889963,102
ENSG00000250503,131802182,131806796,4614
ENSG00000271855,9696028,9696904,876
ENSG00000241667,69640492,69642272,1780
ENSG00000244621,51578401,51578693,292
ENSG00000229992,93112605,93113187,582
ENSG00000222397,181808608,181808909,301
ENSG00000213643,63610063,63610810,747
ENSG00000268402,143759575,143764295,4720
ENSG00000228436,39325672,39385068,59396
ENSG00000227185,239433025,239439761,6736
ENSG00000236189,110867438,110867954,516
ENSG00000231035,218625270,218626014,744
ENSG00000153044,68485375,68506184,20809
ENSG00000250213,132033903,132034410,507
ENSG00000229199,30987747,30992544,4797
ENSG00000250827,51875389,51876940,1551
ENSG00000241665,69818640,69818928,288
ENSG00000224810,182031812,182038388,6576
ENSG00000228544,139698379,139703300,4921
ENSG00000224936,30436659,30438028,1369
ENSG00000265722,69969276,69969361,85
ENSG00000181234,128751948,129192460,440512
ENSG00000225895,20267200,20269988,2788
ENSG00000206782,132194397,132194503,106
ENSG00000265239,122223346,122223443,97
ENSG00000233396,145373054,145382434,9380
ENSG00000207086,9755396,9755502,106
ENSG00000124615,39867354,39902290,34936
ENSG00000227974,31014738,31020038,5300
ENSG00000256586,21960468,21961890,1422
ENSG00000254655,89693590,89693792,202
ENSG00000233355,239866684,239893765,27081
ENSG00000235227,63640384,63641270,886
ENSG00000199246,154002582,154002688,106
ENSG00000225982,182055686,182059247,3561
ENSG00000250102,132301168,132462552,161384
ENSG00000201317,93166376,93166491,115
ENSG00000248898,51971027,52083860,112833
ENSG00000240687,9778901,9789568,10667
ENSG00000253138,67104328,67109550,5222
ENSG00000240405,70048728,70064469,15741
ENSG00000256309,218664514,218665979,1465
ENSG00000227165,122521324,122610721,89397
ENSG00000217085,154259568,154260127,559
ENSG00000225505,93197557,93198814,1257
ENSG00000177725,22026851,22029223,2372
ENSG00000248588,92161962,92179711,17749
ENSG00000236603,30453717,30454367,650
ENSG00000213644,63642088,63643271,1183
ENSG00000201945,121544846,121544977,131
ENSG00000233230,48132817,48134949,2132
ENSG00000266375,31043216,31043315,99
ENSG00000223538,121545023,121545293,270
ENSG00000248715,132461436,132461644,208
ENSG00000204450,89701672,89708396,6724
ENSG00000223614,63667581,63680031,12450
ENSG00000234202,93214732,93214887,155
ENSG00000254864,7590097,7593277,3180
ENSG00000237593,154538065,154538623,558
ENSG00000257351,31082818,31082987,169
ENSG00000241392,132641417,132641698,281
ENSG00000223923,218843430,218857338,13908
ENSG00000199963,39392542,39392649,107
ENSG00000217334,86441089,86441729,640
ENSG00000232309,182096432,182097800,1368
ENSG00000243789,42120283,42129779,9496
ENSG00000090376,66582659,66648402,65743
ENSG00000235781,30484043,30486994,2951
ENSG00000252014,132689295,132689404,109
ENSG00000207466,39416497,39416597,100
ENSG00000201420,110913057,110913176,119
ENSG00000260103,74770411,74782627,12216
ENSG00000223896,93221351,93222513,1162
ENSG00000223459,143295133,143305111,9978
ENSG00000257783,31094552,31094771,219
ENSG00000132170,12328867,12475855,146988
ENSG00000224366,45073550,45073810,260
ENSG00000233120,20278413,20279581,1168
ENSG00000271758,7726175,7904494,178319
ENSG00000235549,39423947,39424597,650
ENSG00000229487,110949877,110954329,4452
ENSG00000250260,137374888,137375668,780
ENSG00000249416,132689388,132689733,345
ENSG00000206680,93302846,93302940,94
ENSG00000229754,218923878,218930452,6574
ENSG00000213212,139707240,139709988,2748
ENSG00000272520,6671219,6674499,3280
ENSG00000216101,30552109,30552194,85
ENSG00000220181,154870651,154871376,725
ENSG00000227986,63815456,63816577,1121
ENSG00000234601,240061316,240063172,1856
ENSG00000271034,70174221,70175760,1539
ENSG00000208037,22102475,22102556,81
ENSG00000237545,31100958,31101144,186
ENSG00000266903,45135500,45222031,86531
ENSG00000251795,93303575,93303627,52
ENSG00000222924,137405044,137405147,103
ENSG00000251237,52185498,52185786,288
ENSG00000222894,30584006,30584082,76
ENSG00000237190,133737778,133747589,9811
ENSG00000207523,93306276,93306408,132
ENSG00000242728,70189368,70189639,271
ENSG00000198738,86445462,86445639,177
ENSG00000219146,154897443,154898213,770
ENSG00000238605,137450891,137450993,102
ENSG00000254707,7726835,7731064,4229
ENSG00000246145,67331824,67341212,9388
ENSG00000204025,111125125,111147218,22093
ENSG00000228415,30601409,30601675,266
ENSG00000238428,219049702,219049805,103
ENSG00000241809,52199738,52200308,570
ENSG00000207022,93311616,93311739,123
ENSG00000233494,108519453,108519590,137
ENSG00000261775,74781943,74809300,27357
ENSG00000251676,132694457,132712637,18180
ENSG00000223873,182559169,182559627,458
ENSG00000231316,154926750,154927088,338
ENSG00000158615,204372515,204380919,8404
ENSG00000224744,31133984,31138149,4165
ENSG00000228923,24912476,24914354,1878
ENSG00000248371,71869947,71956496,86549
ENSG00000228918,182098445,182283196,184751
ENSG00000266183,30616443,30616536,93
ENSG00000224159,219065157,219066111,954
ENSG00000237970,37626343,37627799,1456
ENSG00000229052,93396253,93399655,3402
ENSG00000176716,7749632,7750935,1303
ENSG00000231979,240078739,240080255,1516
ENSG00000227159,155255323,155257848,2525
ENSG00000221023,182603333,182603442,109
ENSG00000230449,30664583,30665312,729
ENSG00000205625,155027777,155028929,1152
ENSG00000212460,137452262,137452369,107
ENSG00000212279,74783300,74783369,69
ENSG00000230947,24994021,24995365,1344
ENSG00000244260,9814152,9848542,34390
ENSG00000206654,39586612,39586715,103
ENSG00000260742,182752578,182756390,3812
ENSG00000252200,45229248,45229322,74
ENSG00000226473,48166877,48167357,480
ENSG00000254295,172381910,172384165,2255
ENSG00000263311,72038138,72038702,564
ENSG00000215805,240136087,240137545,1458
ENSG00000199880,137458700,137458800,100
ENSG00000201558,145382757,145382920,163
ENSG00000260919,74905535,74907937,2402
ENSG00000222686,86461299,86461471,172
ENSG00000224328,30670844,30680961,10117
ENSG00000253027,45268207,45268357,150
ENSG00000222378,39619836,39619968,132
ENSG00000213958,182825939,182827205,1266
ENSG00000101191,61509090,61569304,60214
ENSG00000242173,318726,333003,14277
ENSG00000227892,7767537,7768453,916
ENSG00000252523,143451721,143451823,102
ENSG00000249851,137602685,137603446,761
ENSG00000200427,86487357,86487473,116
ENSG00000255305,89711708,89713829,2121
ENSG00000236807,45268405,45268721,316
ENSG00000270040,39672184,39672629,445
ENSG00000253785,172402514,172403377,863
ENSG00000264386,75081013,75081098,85
ENSG00000220890,31157983,31164195,6212
ENSG00000253623,67392883,67393721,838
ENSG00000254064,22112089,22132675,20586
ENSG00000157833,26395960,26412532,16572
ENSG00000236313,37637544,37638500,956
ENSG00000115956,68592305,68624585,32280
ENSG00000222418,182913549,182913632,83
ENSG00000272540,30690882,30691654,772
ENSG00000226438,39715510,39723321,7811
ENSG00000218766,86578671,86579182,511
ENSG00000217327,240175946,240176526,580
ENSG00000215481,25028882,25046799,17917
ENSG00000249899,52228249,52286108,57859
ENSG00000265129,182953156,182953343,187
ENSG00000241026,22247378,22248168,790
ENSG00000206949,67413440,67413546,106
ENSG00000267282,45385284,45394133,8849
ENSG00000201988,30704081,30704191,110
ENSG00000252121,93435161,93435267,106
ENSG00000034693,143771944,143811147,39203
ENSG00000248677,6686438,6707824,21386
ENSG00000217897,39769966,39770570,604
ENSG00000261606,75108564,75124136,15572
ENSG00000242121,183179011,183179269,258
ENSG00000201365,67565704,67565811,107
ENSG00000254328,172413683,172414201,518
ENSG00000254951,7775940,7927502,151562
ENSG00000272273,30710706,30711369,663
ENSG00000239710,93440386,93440680,294
ENSG00000251613,71982939,72058554,75615
ENSG00000263232,72038936,72040442,1506
ENSG00000265783,58433274,58433366,92
ENSG00000201761,22291904,22292010,106
ENSG00000204851,46990163,46999755,9592
ENSG00000232430,183652825,183653162,337
ENSG00000213005,67679632,67680240,608
ENSG00000184139,132778498,132779068,570
ENSG00000238787,93447794,93447865,71
ENSG00000228818,240305970,240308689,2719
ENSG00000234222,145475982,145508503,32521
ENSG00000223868,31160394,31162153,1759
ENSG00000237706,89714609,89724840,10231
ENSG00000227270,108520420,108520697,277
ENSG00000261338,219120042,219122087,2045
ENSG00000212404,183692851,183692948,97
ENSG00000212402,172447731,172447931,200
ENSG00000271421,111173963,111174320,357
ENSG00000197254,58452559,58459341,6782
ENSG00000252752,93475814,93475908,94
ENSG00000207178,183738569,183738675,106
ENSG00000222664,93491809,93492099,290
ENSG00000207210,172479455,172479558,103
ENSG00000230773,48168835,48468122,299287
ENSG00000214855,45430061,45434643,4582
ENSG00000237745,108531404,108531742,338
ENSG00000258221,31220948,31221315,367
ENSG00000263608,30718815,30719062,247
ENSG00000202141,183887587,183887699,112
ENSG00000260252,72118756,72121342,2586
ENSG00000251837,93492967,93493063,96
ENSG00000166408,7794437,7795361,924
ENSG00000251555,132851186,132897107,45921
ENSG00000253439,172512345,172513213,868
ENSG00000232096,182151865,182152231,366
ENSG00000226544,72021246,72021978,732
ENSG00000200034,9880772,9880912,140
ENSG00000221498,183928963,183929074,111
ENSG00000237624,39980628,39982162,1534
ENSG00000237003,93656297,93656617,320
ENSG00000237281,219191612,219222689,31077
ENSG00000228022,30734602,30760027,25425
ENSG00000202041,240317951,240318072,121
ENSG00000261673,72258464,72259043,579
ENSG00000206764,182296203,182296309,106
ENSG00000240960,9886833,9886998,165
ENSG00000231203,183935768,183937214,1446
ENSG00000200594,155146310,155146413,103
ENSG00000223497,72029660,72030036,376
ENSG00000176953,28962128,28978418,16290
ENSG00000265806,139725409,139725475,66
ENSG00000223694,240333455,240334591,1136
ENSG00000271670,122638768,122640179,1411
ENSG00000266285,137614783,137615041,258
ENSG00000228664,182297632,182298142,510
ENSG00000228904,31233164,31236336,3172
ENSG00000218757,155166208,155166754,546
ENSG00000241008,7805244,7805954,710
ENSG00000253882,143339348,143534026,194678
ENSG00000224920,37811939,37833629,21690
ENSG00000261774,72312167,72312467,300
ENSG00000251598,132925965,133045186,119221
ENSG00000206770,72064529,72064638,109
ENSG00000266507,139781185,139781255,70
ENSG00000272123,52384846,52385298,452
ENSG00000224643,183948133,183973247,25114
ENSG00000238736,219193303,219193403,100
ENSG00000235325,108537219,108537704,485
ENSG00000249463,132948330,132949589,1259
ENSG00000249085,72090232,72112392,22160
ENSG00000225297,93665312,93665496,184
ENSG00000230580,219218798,219219295,497
ENSG00000250207,130750175,130750678,503
ENSG00000245910,67833919,67838633,4714
ENSG00000254926,58516472,58528526,12054
ENSG00000204850,46997765,46999755,1990
ENSG00000227307,122685059,122740213,55154
ENSG00000231684,182305136,182305475,339
ENSG00000115484,62095224,62115939,20715
ENSG00000254272,22350144,22350557,413
ENSG00000207514,72410603,72410659,56
ENSG00000251051,133288941,133289634,693
ENSG00000247796,52405672,52410956,5284
ENSG00000217289,130750462,130751613,1151
ENSG00000225062,219231388,219232558,1170
ENSG00000251365,6766004,6772066,6062
ENSG00000249971,137682716,137685330,2614
ENSG00000251398,133512244,133599658,87414
ENSG00000264814,155174494,155174570,76
ENSG00000268423,47050313,47104118,53805
ENSG00000272800,184079047,184080128,1081
ENSG00000002933,150497491,150502208,4717
ENSG00000251034,22398358,22402918,4560
ENSG00000236762,122892604,122893237,633
ENSG00000182109,39987952,40011859,23907
ENSG00000225276,37889724,37890296,572
ENSG00000260824,75192333,75193030,697
ENSG00000233735,240341139,240342944,1805
ENSG00000253172,172571165,172572042,877
ENSG00000223286,155202416,155202504,88
ENSG00000271196,137790229,137790421,192
ENSG00000213120,184125370,184125774,404
ENSG00000249038,133513239,133513691,452
ENSG00000261008,72459384,72698908,239524
ENSG00000214894,30766431,30798436,32005
ENSG00000254230,22423510,22424684,1174
ENSG00000213590,139830292,139831613,1321
ENSG00000255265,58563710,58564327,617
ENSG00000238963,155226215,155226291,76
ENSG00000223927,31237899,31239098,1199
ENSG00000261813,75268581,75268914,333
ENSG00000177855,184472170,184472847,677
ENSG00000202103,86702739,86702877,138
ENSG00000231221,108665656,108669211,3555
ENSG00000231147,130763773,130766696,2923
ENSG00000265858,111502721,111502802,81
ENSG00000235381,155574273,155577858,3585
ENSG00000243491,9897625,9910470,12845
ENSG00000203729,182376756,182383950,7194
ENSG00000220069,86796133,86796852,719
ENSG00000199580,75275615,75275717,102
ENSG00000253200,22471421,22474170,2749
ENSG00000225954,31245375,31246826,1451
ENSG00000237923,30807303,30815936,8633
ENSG00000260190,139831621,139832440,819
ENSG00000225581,89726704,89732909,6205
ENSG00000241458,137809433,137810050,617
ENSG00000254717,58645775,58660933,15158
ENSG00000273361,219263466,219263942,476
ENSG00000234172,184769256,184813839,44583
ENSG00000252317,240504685,240504777,92
ENSG00000172500,65651212,65656010,4798
ENSG00000260483,75315321,75315597,276
ENSG00000201010,48444714,48445038,324
ENSG00000233519,240563971,240564423,452
ENSG00000199121,219267369,219267445,76
ENSG00000251889,48567826,48567965,139
ENSG00000229890,108715566,108715948,382
ENSG00000271464,111563180,111563645,465
ENSG00000217272,86880165,86880736,571
ENSG00000225571,31265712,31266446,734
ENSG00000187801,40915774,40929390,13616
ENSG00000272663,48667182,48667736,554
ENSG00000270443,182403028,182403596,568
ENSG00000222714,219365452,219365760,308
ENSG00000232529,155701645,155702317,672
ENSG00000261026,22536526,22541522,4996
ENSG00000224359,240693752,240694162,410
ENSG00000238268,139869546,139871433,1887
ENSG00000233537,182410712,182411497,785
ENSG00000197830,137881629,137882992,1363
ENSG00000202227,48729061,48729163,102
ENSG00000207393,219453937,219454043,106
ENSG00000238306,184814060,184814163,103
ENSG00000211451,145509752,145516076,6324
ENSG00000272071,6779571,6780111,540
ENSG00000231305,128580156,128590383,10227
ENSG00000202241,30832027,30832329,302
ENSG00000252805,219484524,219484660,136
ENSG00000239995,48859995,48860492,497
ENSG00000226578,38064299,38073059,8760
ENSG00000115041,95963052,96051825,88773
ENSG00000266808,185243702,185243771,69
ENSG00000220831,86923955,86924297,342
ENSG00000225328,108784204,108834297,50093
ENSG00000238789,155976097,155976160,63
ENSG00000237775,30834759,30843695,8936
ENSG00000236851,31324240,31324786,546
ENSG00000196792,31363005,31495607,132602
ENSG00000233861,134899166,134900630,1464
ENSG00000273466,219497979,219498737,758
ENSG00000271400,111624620,111625448,828
ENSG00000269973,10076489,10079719,3230
ENSG00000221456,156267931,156268013,82
ENSG00000254200,172652839,172653426,587
ENSG00000237824,185766838,185767289,451
ENSG00000260137,38080508,38080865,357
ENSG00000264594,30858660,30858749,89
ENSG00000213940,52502391,52503006,615
ENSG00000255184,89750779,89757679,6900
ENSG00000226014,240713167,240713678,511
ENSG00000200436,111904885,111904996,111
ENSG00000212295,156699884,156699958,74
ENSG00000255523,58684488,58696162,11674
ENSG00000232129,137887850,137888050,200
ENSG00000261504,182584389,182585764,1375
ENSG00000260152,75406602,75407209,607
ENSG00000264731,30874655,30874913,258
ENSG00000235117,139931492,139932407,915
ENSG00000272555,219683413,219683867,454
ENSG00000266886,31328026,31328132,106
ENSG00000225192,38083204,38085037,1833
ENSG00000252761,30900395,30900486,91
ENSG00000260664,72459847,72463072,3225
ENSG00000227360,156814360,156820905,6545
ENSG00000261185,182610951,182612442,1491
ENSG00000225406,186411862,186412545,683
ENSG00000219500,87141962,87142387,425
ENSG00000232727,63894208,63894970,762
ENSG00000253125,22547663,22656129,108466
ENSG00000222937,137894659,137894728,69
ENSG00000232276,31335308,31335905,597
ENSG00000232625,219706322,219706788,466
ENSG00000233529,30913756,30922639,8883
ENSG00000243124,87145570,87145854,284
ENSG00000255240,58701116,58826132,125016
ENSG00000206989,137896732,137896799,67
ENSG00000231240,130794531,130795995,1464
ENSG00000221286,72613441,72613536,95
ENSG00000227181,182681997,182683679,1682
ENSG00000221101,87183205,87183313,108
ENSG00000212581,186526501,186526633,132
ENSG00000253174,41397900,41402563,4663
ENSG00000236877,108842471,108842787,316
ENSG00000203734,139117063,139225207,108144
ENSG00000232285,49007741,49008034,293
ENSG00000218561,87439426,87439826,400
ENSG00000259768,72699069,72821143,122074
ENSG00000207003,45550716,45550819,103
ENSG00000160870,99302660,99332819,30159
ENSG00000228135,219765533,219795358,29825
ENSG00000252722,75413877,75414007,130
ENSG00000219190,87478240,87478650,410
ENSG00000227597,108893268,108894398,1130
ENSG00000220347,156983184,156983571,387
ENSG00000226747,186584601,186605206,20605
ENSG00000236394,139947226,139947826,600
ENSG00000159224,47035916,47045958,10042
ENSG00000146950,9754496,9917483,162987
ENSG00000228789,31021227,31027667,6440
ENSG00000201277,172681193,172681293,100
ENSG00000240366,75478992,75479309,317
ENSG00000267348,45579768,45593649,13881
ENSG00000134056,68513587,68525956,12369
ENSG00000271269,182702927,182703914,987
ENSG00000238200,134919550,134921014,1464
ENSG00000217769,87606836,87607139,303
ENSG00000231773,31338302,31338728,426
ENSG00000243970,39997510,40024379,26869
ENSG00000252169,172719520,172719622,102
ENSG00000240906,25047814,25048364,550
ENSG00000229257,139952115,139956913,4798
ENSG00000238731,72707402,72707463,61
ENSG00000160014,47104331,47114050,9719
ENSG00000264809,182726054,182726153,99
ENSG00000231440,240751822,240754048,2226
ENSG00000199219,172789137,172789243,106
ENSG00000254803,89783113,89783434,321
ENSG00000232174,137956018,137956653,635
ENSG00000200029,219780906,219781009,103
ENSG00000261764,72762515,72763793,1278
ENSG00000223745,93727743,93811582,83839
ENSG00000261779,75503642,75504508,866
ENSG00000237559,31339952,31340166,214
ENSG00000224040,182911250,182911539,289
ENSG00000248313,130805999,130807013,1014
ENSG00000224124,25041133,25055114,13981
ENSG00000220240,87607265,87607401,136
ENSG00000271265,157095351,157095796,445
ENSG00000235024,219809351,219826625,17274
ENSG00000265896,31359978,31360076,98
ENSG00000238745,137959168,137959271,103
ENSG00000244619,145541593,145542229,636
ENSG00000254916,89785005,89786904,1899
ENSG00000214457,87680184,87680911,727
ENSG00000264950,75518212,75518312,100
ENSG00000228844,240799899,240800352,453
ENSG00000199837,182913500,182913625,125
ENSG00000213652,111933143,111933748,605
ENSG00000258370,31375872,31376202,330
ENSG00000249734,6795993,6826841,30848
ENSG00000264578,41467211,41479021,11810
ENSG00000224928,219818123,219818772,649
ENSG00000261209,108934181,108935067,886
ENSG00000217169,87709763,87710009,246
ENSG00000271551,157097494,157098211,717
ENSG00000226570,182924525,182925283,758
ENSG00000260660,75519094,75526292,7198
ENSG00000240052,52709334,52710090,756
ENSG00000101882,119059014,119077735,18721
ENSG00000231864,139957987,139959033,1046
ENSG00000265852,31454788,31454889,101
ENSG00000267346,45631827,45632288,461
ENSG00000235702,145827205,145833118,5913
ENSG00000265573,72821592,72821672,80
ENSG00000253968,172841038,172878168,37130
ENSG00000228828,38107534,38109910,2376
ENSG00000238508,52905417,52905488,71
ENSG00000230162,135024637,135029298,4661
ENSG00000225317,31477555,31478366,811
ENSG00000200243,6848240,6848575,335
ENSG00000166211,101869199,101880775,11576
ENSG00000259901,72823142,72825522,2380
ENSG00000217776,87779874,87780179,305
ENSG00000271899,157100812,157100865,53
ENSG00000251750,240816667,240816777,110
ENSG00000267044,45639251,45640235,984
ENSG00000236445,219840321,219844382,4061
ENSG00000236467,78647802,78740382,92580
ENSG00000231646,186648418,186664878,16460
ENSG00000222895,31050787,31050886,99
ENSG00000214602,49142406,49143669,1263
ENSG00000253141,172890503,172911587,21084
ENSG00000043143,133860003,133918918,58915
ENSG00000259209,72840887,72843538,2651
ENSG00000254877,58735069,58735764,695
ENSG00000270487,157101461,157101589,128
ENSG00000234872,240817541,240817925,384
ENSG00000167236,34340096,34345005,4909
ENSG00000238211,31108504,31108690,186
ENSG00000228060,40030832,40038875,8043
ENSG00000267037,45653008,45653863,855
ENSG00000223709,89789145,89796167,7022
ENSG00000176855,182928209,182929540,1331
ENSG00000252697,87792951,87793254,303
ENSG00000170688,7870247,7871182,935
ENSG00000251868,72855832,72855891,59
ENSG00000218596,157297428,157298206,778
ENSG00000255189,58746260,58761593,15333
ENSG00000250060,6868672,6886900,18228
ENSG00000232572,31486175,31486754,579
ENSG00000215860,145924388,145942619,18231
ENSG00000232180,31822859,31838708,15849
ENSG00000215477,87831411,87832406,995
ENSG00000221799,73018756,73018853,97
ENSG00000199411,139988797,139988882,85
ENSG00000224806,25082135,25082646,511
ENSG00000221035,41517959,41518026,67
ENSG00000260104,75541573,75541748,175
ENSG00000204528,31141512,31145676,4164
ENSG00000133056,204391756,204463852,72096
ENSG00000228471,130839665,130839793,128
ENSG00000188525,10143286,10146158,2872
ENSG00000272330,73048218,73048375,157
ENSG00000238824,140017961,140018060,99
ENSG00000225157,45687584,45688190,606
ENSG00000253404,138080123,138088998,8875
ENSG00000263351,112023946,112024016,70
ENSG00000199241,240861620,240861729,109
ENSG00000224334,25082890,25084054,1164
ENSG00000264768,182928620,182928710,90
ENSG00000224019,186821314,186821790,476
ENSG00000230015,240902719,240906911,4192
ENSG00000253389,41518509,41523084,4575
ENSG00000243011,112099102,112099388,286
ENSG00000261205,75544084,75545275,1191
ENSG00000265206,56408245,56409869,1624
ENSG00000207472,182951347,182951453,106
ENSG00000261793,140063306,140066436,3130
ENSG00000252769,7910729,7910826,97
ENSG00000127948,75528518,75616173,87655
ENSG00000201457,40033046,40033180,134
ENSG00000266295,31494434,31494509,75
ENSG00000242120,70246045,70361877,115832
ENSG00000267045,45741890,45748628,6738
ENSG00000272250,73094144,73094658,514
ENSG00000224468,183107537,183110417,2880
ENSG00000272008,87860877,87865003,4126
ENSG00000233044,157428861,157440840,11979
ENSG00000266646,31499156,31499233,77
ENSG00000254642,7999028,7999255,227
ENSG00000248738,22735485,22745535,10050
ENSG00000225903,40099088,40099575,487
ENSG00000272501,31162977,31165814,2837
ENSG00000254786,58762912,58767162,4250
ENSG00000026103,90750414,90775542,25128
ENSG00000254341,67834709,67834786,77
ENSG00000237877,186897618,186947960,50342
ENSG00000265361,138099909,138100243,334
ENSG00000250447,53072474,53115516,43042
ENSG00000242675,45835956,45836382,426
ENSG00000238071,31500359,31501193,834
ENSG00000271009,73094369,73096215,1846
ENSG00000222615,70300794,70300896,102
ENSG00000252609,157712343,157712431,88
ENSG00000201532,138348018,138348130,112
ENSG00000233562,183235737,183236420,683
ENSG00000253223,67896370,67898422,2052
ENSG00000271821,31167942,31169695,1753
ENSG00000250974,6933783,7190925,257142
ENSG00000225333,40183700,40184267,567
ENSG00000198973,219866362,219866431,69
ENSG00000166855,65440557,65477680,37123
ENSG00000240156,70800274,70800501,227
ENSG00000263697,140063638,140063722,84
ENSG00000217783,157720077,157721158,1081
ENSG00000226919,240928857,240931980,3123
ENSG00000224090,219866937,219880443,13506
ENSG00000255420,8032825,8038036,5211
ENSG00000255726,31190690,31190870,180
ENSG00000242542,75560749,75561024,275
ENSG00000270259,140180557,140180848,291
ENSG00000218313,87883086,87884021,935
ENSG00000232860,183430009,183440881,10872
ENSG00000237223,108938694,108970255,31561
ENSG00000266491,67971141,67971238,97
ENSG00000252413,40189238,40189299,61
ENSG00000255899,31192119,31192835,716
ENSG00000254399,58810210,58818444,8234
ENSG00000271040,157744996,157745509,513
ENSG00000229189,31569105,31569378,273
ENSG00000244438,75585025,75585300,275
ENSG00000260880,73126248,73127673,1425
ENSG00000252637,68011537,68011660,123
ENSG00000237601,25099315,25099470,155
ENSG00000223963,240932720,240934834,2114
ENSG00000261798,40254648,40255843,1195
ENSG00000214892,31243349,31246531,3182
ENSG00000111801,26440700,26453643,12943
ENSG00000109079,26662628,26674035,11407
ENSG00000219930,135160003,135160790,787
ENSG00000213078,157787022,157787955,933
ENSG00000260357,75592294,75595306,3012
ENSG00000250869,68045789,68048146,2357
ENSG00000255011,89804304,89806223,1919
ENSG00000229213,40261515,40261668,153
ENSG00000232025,112160864,112160989,125
ENSG00000271966,68256210,68257322,1112
ENSG00000264755,219923410,219923472,62
ENSG00000182351,25108259,25108489,230
ENSG00000254921,8056993,8061265,4272
ENSG00000216990,88008490,88010165,1675
ENSG00000202222,40347238,40347350,112
ENSG00000183657,171509580,171527714,18134
ENSG00000252930,112162360,112162458,98
ENSG00000206915,49460933,49461038,105
ENSG00000260476,10161705,10162952,1247
ENSG00000264153,31581097,31581228,131
ENSG00000236546,40363417,40364770,1353
ENSG00000261227,73265954,73267869,1915
ENSG00000238811,112244247,112244356,109
ENSG00000241961,68318750,68319307,557
ENSG00000234253,50105761,50106501,740
ENSG00000227939,31248094,31249296,1202
ENSG00000260077,10179219,10180790,1571
ENSG00000255151,58853780,58862259,8479
ENSG00000215802,240986306,240986733,427
ENSG00000224835,31616346,31618738,2392
ENSG00000260996,140188320,140190173,1853
ENSG00000254253,68481651,68482313,662
ENSG00000124608,44267391,44281063,13672
ENSG00000218631,157793588,157794203,615
ENSG00000058729,96496571,96518964,22393
ENSG00000102007,49028273,49031588,3315
ENSG00000199066,46142252,46142345,93
ENSG00000207356,40410562,40410670,108
ENSG00000266617,157950164,157950232,68
ENSG00000221660,68623867,68623958,91
ENSG00000259790,75613738,75615034,1296
ENSG00000254888,89808007,89808264,257
ENSG00000231402,31255287,31256741,1454
ENSG00000258779,73420704,73455292,34588
ENSG00000255130,68644822,68647900,3078
ENSG00000241226,46154768,46155060,292
ENSG00000263710,53078528,53078604,76
ENSG00000228477,40428352,40429076,724
ENSG00000258226,31617025,31617964,939
ENSG00000219448,157998119,158003309,5190
ENSG00000185615,333152,337215,4063
ENSG00000226410,187027676,187027972,296
ENSG00000233615,241082953,241083909,956
ENSG00000265042,183479810,183479899,89
ENSG00000207101,41660867,41660968,101
ENSG00000224290,31607608,31613401,5793
ENSG00000207773,46178186,46178282,96
ENSG00000217791,53154996,53156231,1235
ENSG00000234361,158250175,158251605,1430
ENSG00000255531,68761279,68761573,294
ENSG00000270009,183589981,183590626,645
ENSG00000232568,187126146,187126646,500
ENSG00000231513,135179994,135180507,513
ENSG00000186329,171561139,171656505,95366
ENSG00000255009,89819081,89820299,1218
ENSG00000256166,31261685,31269419,7734
ENSG00000212258,7047340,7047449,109
ENSG00000207636,75645952,75646026,74
ENSG00000272272,140315596,140315690,94
ENSG00000259605,46268043,46273064,5021
ENSG00000187815,40942887,40962015,19128
ENSG00000270994,183678440,183679375,935
ENSG00000226745,40598436,40599120,684
ENSG00000265278,31621311,31621424,113
ENSG00000259915,187219299,187221500,2201
ENSG00000248775,7288037,7288590,553
ENSG00000255206,68994439,69007316,12877
ENSG00000234406,25225242,25228343,3101
ENSG00000238085,241161751,241162094,343
ENSG00000263933,140440200,140440285,85
ENSG00000260591,75647551,75648087,536
ENSG00000245571,58897606,58910488,12882
ENSG00000212580,50116006,50116124,118
ENSG00000257575,31630519,31630764,245
ENSG00000229836,31275592,31276326,734
ENSG00000229502,158293603,158296242,2639
ENSG00000227692,187229325,187229855,530
ENSG00000260588,41685683,41687452,1769
ENSG00000254051,69089003,69089456,453
ENSG00000115275,74688184,74692537,4353
ENSG00000254436,89831589,89831985,396
ENSG00000272416,53176123,53176881,758
ENSG00000134058,68530668,68573250,42582
ENSG00000271581,31324424,31325414,990
ENSG00000260274,75660496,75661925,1429
ENSG00000224323,187353351,187353810,459
ENSG00000233998,140535438,140535999,561
ENSG00000266271,31659062,31659124,62
ENSG00000230327,50815828,50816553,725
ENSG00000228432,31334129,31334675,546
ENSG00000267395,46271054,46275762,4708
ENSG00000250796,128588467,128588869,402
ENSG00000207299,89851559,89851629,70
ENSG00000258582,73517216,73521643,4427
ENSG00000227227,187506066,187560014,53948
ENSG00000133773,82617460,82752584,135124
ENSG00000264556,31714972,31715074,102
ENSG00000207508,40643515,40643621,106
ENSG00000241890,75680608,75681169,561
ENSG00000252210,69135553,69135637,84
ENSG00000249593,138348336,138386892,38556
ENSG00000215077,32865184,32878022,12838
ENSG00000236324,158306146,158313818,7672
ENSG00000265732,31793302,31793364,62
ENSG00000239080,135216476,135216579,103
ENSG00000130340,158244296,158366109,121813
ENSG00000259943,40722099,40723639,1540
ENSG00000253964,69205681,69206053,372
ENSG00000226553,187866603,187868104,1501
ENSG00000201658,31337911,31338017,106
ENSG00000260687,73533208,73533662,454
ENSG00000171634,65821640,65980494,158854
ENSG00000241834,41697580,41697857,277
ENSG00000227554,183723553,183724072,519
ENSG00000249505,128764606,128765764,1158
ENSG00000265156,31795112,31795178,66
ENSG00000261645,89984400,90648220,663820
ENSG00000223845,63904180,63905120,940
ENSG00000265294,31342095,31342180,85
ENSG00000220867,158345434,158345708,274
ENSG00000228221,177159709,177470093,310384
ENSG00000271787,10194548,10194993,445
ENSG00000230079,135377849,135382457,4608
ENSG00000231296,40728344,40728656,312
ENSG00000252435,128792139,128792241,102
ENSG00000255585,140682117,140683139,1022
ENSG00000231869,31841932,31842225,293
ENSG00000259971,73545075,73545553,478
ENSG00000170185,144106070,144144983,38913
ENSG00000230994,31345196,31345796,600
ENSG00000222960,53207850,53207953,103
ENSG00000261714,75707590,75708361,771
ENSG00000236191,69437752,69438141,389
ENSG00000199840,184140848,184140957,109
ENSG00000238874,128792938,128793045,107
ENSG00000228014,63929563,63931031,1468
ENSG00000207627,53247334,53247429,95
ENSG00000234469,9935392,9936134,742
ENSG00000252658,158355200,158355289,89
ENSG00000247732,7290936,7296458,5522
ENSG00000207080,184284792,184284899,107
ENSG00000255381,58909594,58910083,489
ENSG00000224063,187867947,188419390,551443
ENSG00000124574,43395104,43418168,23064
ENSG00000207693,140732871,140732968,97
ENSG00000273174,128842282,128842846,564
ENSG00000260848,73577840,73592421,14581
ENSG00000235250,31892622,31899887,7265
ENSG00000227311,40798748,40799230,482
ENSG00000233496,158422139,158423415,1276
ENSG00000216191,50923310,50923400,90
ENSG00000231791,184298205,184301960,3755
ENSG00000213798,25251789,25252584,795
ENSG00000223702,31348188,31348616,428
ENSG00000273437,128882449,128882783,334
ENSG00000264258,31915008,31915109,101
ENSG00000134042,48324574,48351772,27198
ENSG00000256905,41818758,41820184,1426
ENSG00000215968,51026102,51026193,91
ENSG00000265831,241295572,241295646,74
ENSG00000201105,145944938,145945104,166
ENSG00000214391,90015728,90017340,1612
ENSG00000241673,128936936,128937193,257
ENSG00000271070,108983572,108984394,822
ENSG00000259817,73846520,73849953,3433
ENSG00000241230,53343839,53344138,299
ENSG00000230075,31958163,31961692,3529
ENSG00000265803,158596016,158596102,86
ENSG00000234245,145952372,145956451,4079
ENSG00000224348,241468880,241469182,302
ENSG00000258784,56214926,56239921,24995
ENSG00000238966,41901022,41901093,71
ENSG00000239184,69607878,69608014,136
ENSG00000242683,138370837,138371676,839
ENSG00000244568,184304792,184305081,289
ENSG00000270458,56056121,56056285,164
ENSG00000228653,63961203,63962107,904
ENSG00000122026,27825446,27830828,5382
ENSG00000238165,51056580,51056816,236
ENSG00000260165,75773002,75773177,175
ENSG00000244235,41958836,41959354,518
ENSG00000225851,31349851,31350065,214
ENSG00000254337,69760977,69764998,4021
ENSG00000271387,184354887,184355838,951
ENSG00000266035,32003912,32004032,120
ENSG00000188451,158658368,158663829,5461
ENSG00000223101,90057944,90058052,108
ENSG00000225178,73974538,73975423,885
ENSG00000177350,56232895,56234435,1540
ENSG00000272221,31362066,31363272,1206
ENSG00000207418,145969270,145969433,163
ENSG00000269148,46333422,46334366,944
ENSG00000259931,75805111,75805381,270
ENSG00000266703,90288942,90289025,83
ENSG00000271284,109040068,109040341,273
ENSG00000212558,10230332,10230446,114
ENSG00000263999,58981880,58982172,292
ENSG00000266272,135569451,135569551,100
ENSG00000257661,32171956,32172096,140
ENSG00000145147,20254883,20622184,367301
ENSG00000213172,40830438,40830855,417
ENSG00000206417,129034235,129045068,10833
ENSG00000221586,90602289,90602370,81
ENSG00000119669,77490888,77495034,4146
ENSG00000225802,59022833,59026959,4126
ENSG00000230470,184377471,184381494,4023
ENSG00000225554,241587592,241596792,9200
ENSG00000253135,41986292,41986767,475
ENSG00000214184,109123971,109150652,26681
ENSG00000211580,46522190,46522307,117
ENSG00000229828,146011091,146025308,14217
ENSG00000205976,7299887,7306705,6818
ENSG00000257536,32191853,32192020,167
ENSG00000222845,187987289,187987588,299
ENSG00000254677,90847892,90849119,1227
ENSG00000253658,69824038,70016425,192387
ENSG00000206337,31368479,31445283,76804
ENSG00000248332,8081585,8090920,9335
ENSG00000236537,158703295,158733390,30095
ENSG00000268401,46530912,46533419,2507
ENSG00000232036,184535645,184536969,1324
ENSG00000199626,188135425,188135531,106
ENSG00000258791,56247864,56263406,15542
ENSG00000261404,74088050,74330660,242610
ENSG00000265421,53371348,53371413,65
ENSG00000231739,188280279,188280545,266
ENSG00000260920,40929991,40932436,2445
ENSG00000167105,48348767,48358844,10077
ENSG00000139289,76419227,76427712,8485
ENSG00000258008,32240867,32241016,149
ENSG00000203987,140762377,140787022,24645
ENSG00000238019,158818917,158819593,676
ENSG00000229022,241995237,241996089,852
ENSG00000260269,75819491,75893546,74055
ENSG00000216060,135633037,135633119,82
ENSG00000254799,59030862,59031275,413
ENSG00000267922,46604380,46699475,95095
ENSG00000249069,53616774,53710955,94181
ENSG00000243373,158858829,158859118,289
ENSG00000235171,32250800,32251759,959
ENSG00000252790,184647068,184647141,73
ENSG00000252533,138557447,138557526,79
ENSG00000227216,146059926,146060343,417
ENSG00000231689,188577543,189152418,574875
ENSG00000255070,90849129,90849723,594
ENSG00000202233,25304275,25304377,102
ENSG00000235990,242079425,242079845,420
ENSG00000199424,135653864,135653974,110
ENSG00000219188,158936637,158937261,624
ENSG00000252222,184790562,184790623,61
ENSG00000252213,138611869,138612009,140
ENSG00000214797,59036349,59051506,15157
ENSG00000271938,41996979,41997270,291
ENSG00000238287,40958829,40974333,15504
ENSG00000234922,25305543,25305909,366
ENSG00000100104,26879843,26890624,10781
ENSG00000218226,159030738,159042668,11930
ENSG00000200959,138614470,138614667,197
ENSG00000260976,184970659,184977815,7156
ENSG00000268053,46614337,46617121,2784
ENSG00000252004,188607314,188607401,87
ENSG00000246820,8190714,8200450,9736
ENSG00000198658,146076838,146080009,3171
ENSG00000252320,135665399,135665504,105
ENSG00000227278,40980133,40980729,596
ENSG00000219249,159146779,159147835,1056
ENSG00000201312,184984083,184984199,116
ENSG00000255187,90891251,90900462,9211
ENSG00000199545,138635541,138635657,116
ENSG00000223974,64011876,64012444,568
ENSG00000216011,51170430,51170524,94
ENSG00000254704,59054812,59056959,2147
ENSG00000253015,138668727,138669054,327
ENSG00000232792,185040699,185041167,468
ENSG00000265920,32278119,32278225,106
ENSG00000233093,135721702,135724588,2886
ENSG00000272385,51188383,51188471,88
ENSG00000228763,109293251,109295057,1806
ENSG00000265558,159185693,159185785,92
ENSG00000238186,40981426,40982846,1420
ENSG00000272524,10260861,10261192,331
ENSG00000252778,8576563,8576693,130
ENSG00000228738,32315749,32318924,3175
ENSG00000255332,91527528,91545460,17932
ENSG00000238808,70022748,70022809,61
ENSG00000259868,56382445,56383044,599
ENSG00000231918,51259739,52635055,1375316
ENSG00000233893,159239043,159241625,2582
ENSG00000216324,88135513,88135806,293
ENSG00000272742,138700366,138705406,5040
ENSG00000254900,8700636,8702460,1824
ENSG00000091844,153325594,153452384,126790
ENSG00000047644,9983602,10112518,128916
ENSG00000206647,10295199,10295333,134
ENSG00000196289,242121039,242122364,1325
ENSG00000254332,70041833,70042580,747
ENSG00000198894,77564440,77583630,19190
ENSG00000206208,33437818,33452509,14691
ENSG00000236505,41029206,41029331,125
ENSG00000265418,10332740,10332797,57
ENSG00000200983,8705774,8705903,129
ENSG00000213622,56464932,56465307,375
ENSG00000108984,67410839,67539472,128633
ENSG00000218793,88150883,88151864,981
ENSG00000233648,109311206,109311349,143
ENSG00000259339,46640003,46640804,801
ENSG00000226035,32385108,32398790,13682
ENSG00000212607,8706986,8707116,130
ENSG00000203473,75830020,75830438,418
ENSG00000229926,141031547,141038316,6769
ENSG00000212522,56535161,56535245,84
ENSG00000200378,138783596,138783706,110
ENSG00000243775,159262149,159278664,16515
ENSG00000266884,32414984,32415132,148
ENSG00000231084,185140467,185140842,375
ENSG00000213026,242156487,242156984,497
ENSG00000235644,109328718,109329356,638
ENSG00000260235,75917134,75918031,897
ENSG00000264389,32452834,32452980,146
ENSG00000251597,53695269,53695863,594
ENSG00000120254,151186685,151423023,236338
ENSG00000218698,88154113,88154893,780
ENSG00000251250,7326177,7326722,545
ENSG00000254961,91682897,91683200,303
ENSG00000233910,41059305,41060025,720
ENSG00000260206,75928480,75931580,3100
ENSG00000199332,31369929,31370027,98
ENSG00000227442,32456257,32470744,14487
ENSG00000249689,138872123,138872690,567
ENSG00000269729,46667150,46683904,16754
ENSG00000229567,93744518,93744686,168
ENSG00000159479,43849588,43855479,5891
ENSG00000230174,31409444,31414750,5306
ENSG00000223119,242187251,242187356,105
ENSG00000260892,75968568,75969503,935
ENSG00000261449,42009290,42010281,991
ENSG00000253373,70087814,70090424,2610
ENSG00000213051,185195940,185196832,892
ENSG00000264030,10420757,10421017,260
ENSG00000206715,88198163,88198270,107
ENSG00000242248,91894272,91895055,783
ENSG00000227733,146093234,146159103,65869
ENSG00000227470,109494764,109494916,152
ENSG00000213076,159342303,159343182,879
ENSG00000238628,88430633,88430736,103
ENSG00000237374,51429219,51448902,19683
ENSG00000222482,99817650,99817743,93
ENSG00000246877,76020011,76030964,10953
ENSG00000233902,31430505,31431113,608
ENSG00000263593,72174418,72174490,72
ENSG00000238714,42083151,42083252,101
ENSG00000224625,242220387,242223544,3157
ENSG00000249215,138873841,138875701,1860
ENSG00000207131,88535891,88536003,112
ENSG00000243873,70803005,70803724,719
ENSG00000012211,49031151,49042845,11694
ENSG00000135114,121458095,121477045,18950
ENSG00000201680,31464466,31464567,101
ENSG00000235547,92069198,92069662,464
ENSG00000240997,88555368,88555663,295
ENSG00000242602,72174695,72175012,317
ENSG00000253479,70337270,70360479,23209
ENSG00000268621,46692423,46706340,13917
ENSG00000257914,31808914,31809602,688
ENSG00000128989,52839242,52862080,22838
ENSG00000211983,88557263,88557350,87
ENSG00000256851,31483756,31483988,232
ENSG00000078319,99918615,99939531,20916
ENSG00000260288,76030161,76055662,25501
ENSG00000271926,72249462,72250101,639
ENSG00000248950,92176514,92177335,821
ENSG00000251678,7344692,7346034,1342
ENSG00000223191,159347498,159347603,105
ENSG00000271114,88601142,88601587,445
ENSG00000253408,42091193,42128715,37522
ENSG00000237899,41134761,41153260,18499
ENSG00000229635,93850044,93850555,511
ENSG00000259863,109743783,109745386,1603
ENSG00000249255,92099662,92100416,754
ENSG00000145414,164031225,164088073,56848
ENSG00000206898,10436173,10436306,133
ENSG00000232517,54104038,54168379,64341
ENSG00000207020,138934485,138934586,101
ENSG00000272081,72251033,72251526,493
ENSG00000170426,57316938,57328189,11251
ENSG00000271913,159409210,159485957,76747
ENSG00000220131,88974877,88975230,353
ENSG00000084754,26413504,26467594,54090
ENSG00000206633,10586840,10586975,135
ENSG00000264934,109757946,109758044,98
ENSG00000272145,41156052,41157738,1686
ENSG00000207379,93851268,93851374,106
ENSG00000266689,32478740,32478886,146
ENSG00000268879,46699495,46700580,1085
ENSG00000249958,92225094,92226547,1453
ENSG00000264399,56413337,56413383,46
ENSG00000197980,156543270,156763918,220648
ENSG00000201421,185220445,185220543,98
ENSG00000254705,92133357,92141342,7985
ENSG00000260815,76039110,76039604,494
ENSG00000212601,93953890,93954009,119
ENSG00000251467,72292747,72293469,722
ENSG00000272255,139024045,139024587,542
ENSG00000266051,56533485,56533575,90
ENSG00000233744,32555985,32556833,848
ENSG00000219797,31487257,31488068,811
ENSG00000206640,185227043,185227147,104
ENSG00000198974,41220027,41220118,91
ENSG00000220267,88985601,88986708,1107
ENSG00000266648,56553499,56554311,812
ENSG00000248930,72316527,72317106,579
ENSG00000228551,109867878,109868102,224
ENSG00000248528,92242887,92275298,32411
ENSG00000268460,46706683,46718094,11411
ENSG00000233583,185231418,185233488,2070
ENSG00000207962,41222956,41223044,88
ENSG00000164002,40974413,40982228,7815
ENSG00000224093,94057756,94071130,13374
ENSG00000240110,32555990,32558585,2595
ENSG00000264582,41270518,41270811,293
ENSG00000250635,139028584,139029313,729
ENSG00000234426,89008669,89130752,122083
ENSG00000264672,56597198,56634338,37140
ENSG00000102901,67862060,67881714,19654
ENSG00000225499,31495891,31496470,579
ENSG00000253216,70358292,70358495,203
ENSG00000251361,92355369,92404375,49006
ENSG00000229528,41329586,41342342,12756
ENSG00000250668,7347099,7348090,991
ENSG00000226032,159485760,159486305,545
ENSG00000206939,70857501,70857603,102
ENSG00000229710,32602598,32603429,831
ENSG00000222145,89423961,89424149,188
ENSG00000252028,177221091,177221340,249
ENSG00000221382,70927811,70927943,132
ENSG00000265965,109930027,109930081,54
ENSG00000220130,89711267,89711533,266
ENSG00000261043,76051842,76054746,2904
ENSG00000200833,72395900,72396009,109
ENSG00000236385,177339170,177346075,6905
ENSG00000224478,159528823,159537085,8262
ENSG00000222889,70612459,70612730,271
ENSG00000228940,41403776,41405435,1659
ENSG00000212510,135856158,135856264,106
ENSG00000220960,89769347,89769828,481
ENSG00000257135,10588820,10591453,2633
ENSG00000249526,139064230,139124595,60365
ENSG00000251599,72427835,72446419,18584
ENSG00000201785,31504151,31504226,75
ENSG00000254557,70625625,70631957,6332
ENSG00000213730,92603135,92604131,996
ENSG00000222692,51662260,51662356,96
ENSG00000230150,32614456,32615286,830
ENSG00000117461,46505812,46642160,136348
ENSG00000271339,135870445,135870946,501
ENSG00000252612,185235667,185235759,92
ENSG00000227315,31812978,31818226,5248
ENSG00000269637,46722680,46723177,497
ENSG00000265236,31508878,31508955,77
ENSG00000224344,51738196,51738621,425
ENSG00000250747,72448243,72448765,522
ENSG00000271113,70706297,70706969,672
ENSG00000231164,135873223,135873939,716
ENSG00000238061,185249976,185250948,972
ENSG00000233682,159586941,159591039,4098
ENSG00000222120,242297574,242297683,109
ENSG00000200288,177342070,177342197,127
ENSG00000169682,28985542,28995869,10327
ENSG00000212195,56709003,56709197,194
ENSG00000238738,72449938,72450011,73
ENSG00000234006,31510081,31510915,834
ENSG00000223710,52002396,52002540,144
ENSG00000237916,110310113,110310423,310
ENSG00000230439,94218480,94241000,22520
ENSG00000269745,46732221,46733645,1424
ENSG00000272865,242310816,242372431,61615
ENSG00000238765,146124161,146124283,122
ENSG00000228561,177401415,177409038,7623
ENSG00000202077,56736510,56736666,156
ENSG00000223001,89773219,89773409,190
ENSG00000246528,70746346,70767206,20860
ENSG00000225125,135889382,135890036,654
ENSG00000230696,110352270,110363275,11005
ENSG00000235616,188690068,188691176,1108
ENSG00000271931,89789883,89790386,503
ENSG00000268238,46763677,46764115,438
ENSG00000249743,72509774,72590761,80987
ENSG00000187812,76067894,76079239,11345
ENSG00000264017,89800665,89800959,294
ENSG00000252084,242351949,242352091,142
ENSG00000230622,31578860,31579133,273
ENSG00000273004,185286911,185287662,751
ENSG00000235086,159661818,159664361,2543
ENSG00000139547,57345219,57353158,7939
ENSG00000199796,46809727,46809834,107
ENSG00000220418,90011502,90012833,1331
ENSG00000211575,94312388,94312467,79
ENSG00000213115,189091916,189093109,1193
ENSG00000240395,42199285,42200152,867
ENSG00000241136,143479760,143481377,1617
ENSG00000255587,36683256,36699870,16614
ENSG00000224525,242366857,242374129,7272
ENSG00000231574,177534653,177617012,82359
ENSG00000200756,139097570,139097675,105
ENSG00000269124,46823454,46843261,19807
ENSG00000224197,32627212,32628148,936
ENSG00000126106,45100910,45140227,39317
ENSG00000260464,94312730,94314495,1765
ENSG00000231178,159774954,159775705,751
ENSG00000233118,41407923,41408187,264
ENSG00000202279,135898636,135898733,97
ENSG00000249131,139120934,139125808,4874
ENSG00000266826,56737941,56738960,1019
ENSG00000221073,54148674,54148776,102
ENSG00000261024,185290289,185304171,13882
ENSG00000200650,189141459,189141571,112
ENSG00000254131,42342118,42342537,419
ENSG00000159111,45900638,45908900,8262
ENSG00000200816,31590856,31590987,131
ENSG00000223490,94386824,94387223,399
ENSG00000083290,19674142,19771249,97107
ENSG00000199426,56743898,56744058,160
ENSG00000268810,46885749,46886426,677
ENSG00000226750,242508860,242509020,160
ENSG00000226810,54153100,54154319,1219
ENSG00000234777,159804563,159817475,12912
ENSG00000207951,189162219,189162315,96
ENSG00000218965,90131818,90132767,949
ENSG00000232611,135923090,135929956,6866
ENSG00000227198,31626106,31628498,2392
ENSG00000232637,146032648,146253110,220462
ENSG00000265377,32646402,32646469,67
ENSG00000269151,46893772,46894109,337
ENSG00000234099,94388130,94389501,1371
ENSG00000255107,70771499,70772775,1276
ENSG00000223523,189463518,189704171,240653
ENSG00000215893,41564310,41564808,498
ENSG00000230603,110422786,110423319,533
ENSG00000160013,47123725,47128375,4650
ENSG00000254165,42392672,42393447,775
ENSG00000201207,31631065,31631178,113
ENSG00000230840,52152830,52152971,141
ENSG00000249638,7363092,7364644,1552
ENSG00000235467,242528491,242529124,633
ENSG00000216480,159947094,159947559,465
ENSG00000251543,72633733,72634360,627
ENSG00000266776,31668806,31668868,62
ENSG00000249210,47061898,47062899,1001
ENSG00000235794,94389942,94390272,330
ENSG00000239580,70834989,70835281,292
ENSG00000225400,135929543,135930193,650
ENSG00000053747,21269407,21535030,265623
ENSG00000223293,70842140,70842257,117
ENSG00000239316,90187860,90188150,290
ENSG00000225790,177652611,177655450,2839
ENSG00000252743,31724728,31724830,102
ENSG00000221502,189842818,189842887,69
ENSG00000179270,29283842,29297127,13285
ENSG00000206296,32740573,32742982,2409
ENSG00000249149,72678211,72706336,28125
ENSG00000227143,122938214,122945480,7266
ENSG00000235663,31732087,31733365,1278
ENSG00000237187,92745065,92921354,176289
ENSG00000247570,70855183,70856883,1700
ENSG00000235358,41708045,41750533,42488
ENSG00000237027,90270594,90276763,6169
ENSG00000213690,242540225,242540734,509
ENSG00000272233,42409933,42410336,403
ENSG00000228073,189959789,189960884,1095
ENSG00000269292,47112534,47114036,1502
ENSG00000232752,94390299,94390941,642
ENSG00000270321,177671854,177677586,5732
ENSG00000237927,160007987,160010201,2214
ENSG00000201555,31746594,31746682,88
ENSG00000159247,141044565,141071821,27256
ENSG00000206979,135961358,135961430,72
ENSG00000183900,72742083,72744352,2269
ENSG00000222979,123170430,123170714,284
ENSG00000264725,189997762,189997837,75
ENSG00000201823,31803040,31803103,63
ENSG00000256892,37890366,37891859,1493
ENSG00000270859,242834442,242834878,436
ENSG00000223432,123374939,123375353,414
ENSG00000255101,42560726,42577089,16363
ENSG00000245598,47163621,47180704,17083
ENSG00000220305,160133833,160135017,1184
ENSG00000213601,190175989,190176693,704
ENSG00000201754,31804853,31804919,66
ENSG00000215800,242935922,242936405,483
ENSG00000252407,185403376,185403437,61
ENSG00000138615,65488337,65503826,15489
ENSG00000249865,7368042,7373187,5145
ENSG00000247993,72742184,72742811,627
ENSG00000228124,90383188,90385502,2314
ENSG00000223540,123473121,123473508,387
ENSG00000266817,190176397,190176487,90
ENSG00000253721,70899650,70899932,282
ENSG00000229842,94390962,94391628,666
ENSG00000270920,185404971,185405179,208
ENSG00000124772,36708552,36807778,99226
ENSG00000237080,31851538,31851831,293
ENSG00000250890,94391588,94391744,156
ENSG00000217258,10592445,10595678,3233
ENSG00000262118,3417719,3419246,1527
ENSG00000221267,31924616,31924717,101
ENSG00000213121,153552455,153668623,116168
ENSG00000251604,72747323,72749220,1897
ENSG00000220871,90507317,90507596,279
ENSG00000224250,123495818,123499245,3427
ENSG00000234062,135991554,136103789,112235
ENSG00000270818,243045368,243046777,1409
ENSG00000251387,139152113,139154991,2878
ENSG00000235329,112590640,112590846,206
ENSG00000232145,143493388,143493813,425
ENSG00000236689,94392171,94393125,954
ENSG00000233627,31967753,31971298,3545
ENSG00000228309,185527504,185597659,70155
ENSG00000251988,160141447,160141572,125
ENSG00000213987,41730222,41730534,312
ENSG00000251324,72750012,72768721,18709
ENSG00000233996,190351206,190352718,1512
ENSG00000217653,90524428,90525182,754
ENSG00000263944,59058526,59058806,280
ENSG00000207392,160201282,160201413,131
ENSG00000201884,123606115,123606215,100
ENSG00000220541,112765753,112766265,512
ENSG00000212473,70990141,70990267,126
ENSG00000263177,3419957,3420906,949
ENSG00000264972,243061172,243061255,83
ENSG00000062598,44994688,45061704,67016
ENSG00000235678,59077154,59078049,895
ENSG00000238747,90533014,90533115,101
ENSG00000226864,123687827,123711480,23653
ENSG00000206910,160206626,160206765,139
ENSG00000230199,243138307,243138386,79
ENSG00000159860,143333745,143515397,181652
ENSG00000243560,47192056,47192325,269
ENSG00000204338,31973413,31976228,2815
ENSG00000234116,243169147,243170770,1623
ENSG00000253173,71016028,71016414,386
ENSG00000272525,72793375,72794118,743
ENSG00000263212,3508071,3565564,57493
ENSG00000236823,160320218,160323542,3324
ENSG00000229901,41840676,41841341,665
ENSG00000223597,7373230,7379903,6673
ENSG00000255386,59100230,59101559,1329
ENSG00000253142,22752947,22755326,2379
ENSG00000252563,41932608,41932699,91
ENSG00000111962,149068464,149398126,329662
ENSG00000268257,160424323,160428696,4373
ENSG00000240116,22835390,22835638,248
ENSG00000202245,124105205,124105308,103
ENSG00000255883,72804510,72805079,569
ENSG00000230881,42001114,42001539,425
ENSG00000226960,94393270,94393858,588
ENSG00000245025,22842109,22876848,34739
ENSG00000265442,124176481,124176583,102
ENSG00000207108,185599560,185599660,100
ENSG00000167414,47137333,47137942,609
ENSG00000213073,160514114,160517244,3130
ENSG00000234818,10729292,10744956,15664
ENSG00000201596,185603205,185603314,109
ENSG00000164023,108745719,108836203,90484
ENSG00000198105,38091751,38147034,55283
ENSG00000160868,99354604,99381888,27284
ENSG00000255361,42580690,42581371,681
ENSG00000261729,185624134,185626300,2166
ENSG00000230638,42007740,42010258,2518
ENSG00000231512,243192814,243215554,22740
ENSG00000247092,95998634,96001209,2575
ENSG00000241743,112859587,113181506,321919
ENSG00000198261,59158827,59159765,938
ENSG00000176584,124516210,124558696,42486
ENSG00000224691,186145946,186146434,488
ENSG00000122035,27844464,27847827,3363
ENSG00000254665,8714904,8718154,3250
ENSG00000262730,7829249,7833940,4691
ENSG00000233129,94400035,94400800,765
ENSG00000202025,186280957,186281060,103
ENSG00000226914,32775657,32776334,677
ENSG00000164128,164245113,164265984,20871
ENSG00000242719,42736379,42736675,296
ENSG00000270524,113125873,113126950,1077
ENSG00000254640,59235717,59236130,413
ENSG00000213003,71185604,71186072,468
ENSG00000229739,186420213,186420881,668
ENSG00000270949,160529406,160532536,3130
ENSG00000266044,42751340,42751418,78
ENSG00000233482,94610667,94611175,508
ENSG00000248290,31976391,31980249,3858
ENSG00000130758,40697651,40721482,23831
ENSG00000118412,90539613,90584155,44542
ENSG00000204989,59259125,59260054,929
ENSG00000264896,42224812,42224898,86
ENSG00000255159,8790325,8831778,41453
ENSG00000241807,76077453,76077726,273
ENSG00000246130,22925742,22941132,15390
ENSG00000216516,160584571,160584787,216
ENSG00000202514,42804531,42804638,107
ENSG00000273198,186490905,186491436,531
ENSG00000264963,94616294,94616610,316
ENSG00000227538,42506268,42507400,1132
ENSG00000250761,7707915,7749879,41964
ENSG00000261820,76083811,76085024,1213
ENSG00000200731,42928617,42928761,144
ENSG00000122958,70883268,70932617,49349
ENSG00000238389,94616974,94617077,103
ENSG00000228238,186547411,186548431,1020
ENSG00000252418,59266465,59266539,74
ENSG00000233824,25360921,25366434,5513
ENSG00000201674,113187479,113187691,212
ENSG00000254198,42981138,42981540,402
ENSG00000231363,94713464,94715048,1584
ENSG00000233053,32792898,32792972,74
ENSG00000254770,59299227,59300168,941
ENSG00000230234,160693649,160697162,3513
ENSG00000207036,71269582,71269683,101
ENSG00000264401,32833423,32833517,94
ENSG00000253616,22928890,22932001,3111
ENSG00000204822,74699085,74700449,1364
ENSG00000252481,95999692,95999966,274
ENSG00000178596,94767594,94768578,984
ENSG00000197380,47150869,47164395,13526
ENSG00000260951,25397859,25399527,1668
ENSG00000253326,243218163,243219696,1533
ENSG00000115425,216861052,216947678,86626
ENSG00000228104,32866827,32867341,514
ENSG00000241204,71336360,71336811,451
ENSG00000256731,160824666,160825898,1232
ENSG00000252372,76109433,76109504,71
ENSG00000232379,136029907,136030292,385
ENSG00000233196,186549647,186550323,676
ENSG00000252905,8866810,8866905,95
ENSG00000266308,76187381,76187639,258
ENSG00000258390,96039899,96048293,8394
ENSG00000252893,59326273,59326334,61
ENSG00000233194,32976288,32976697,409
ENSG00000228776,42606306,42607062,756
ENSG00000202276,8898964,8899065,101
ENSG00000243819,10830470,10832225,1755
ENSG00000260685,76242805,76243485,680
ENSG00000170043,7833663,7835441,1778
ENSG00000273129,186649754,186650578,824
ENSG00000100109,26887191,26908471,21280
ENSG00000207220,113193202,113193367,165
ENSG00000255008,59328619,59333547,4928
ENSG00000223080,8964927,8965014,87
ENSG00000125347,131817301,131826490,9189
ENSG00000236098,94784035,94790125,6090
ENSG00000240327,113219603,113219893,290
ENSG00000258927,96087251,96109622,22371
ENSG00000253143,71383347,71392858,9511
ENSG00000259422,76467232,76473827,6595
ENSG00000143727,264140,278283,14143
ENSG00000212611,113260261,113260330,69
ENSG00000227286,32988586,32994128,5542
ENSG00000226835,94798823,94800404,1581
ENSG00000214837,243242159,243265035,22876
ENSG00000254860,8986222,8999074,12852
ENSG00000218819,21346789,21366144,19355
ENSG00000264559,59362550,59362631,81
ENSG00000230502,113623441,113623608,167
ENSG00000253967,71383369,71397922,14553
ENSG00000236030,187061974,187329455,267481
ENSG00000251168,7924405,7925511,1106
ENSG00000255139,59383902,59407334,23432
ENSG00000253930,23046792,23048188,1396
ENSG00000231599,187412738,187446354,33616
ENSG00000259581,76551327,76554031,2704
ENSG00000167302,79202077,79212891,10814
ENSG00000253611,43075103,43075952,849
ENSG00000228164,33000629,33004165,3536
ENSG00000227527,42801057,42804047,2990
ENSG00000243265,23064431,23064882,451
ENSG00000232918,94871951,94872438,487
ENSG00000241105,71418486,71419053,567
ENSG00000255355,59436785,59443514,6729
ENSG00000272827,187449425,187449746,321
ENSG00000271686,113623588,113624407,819
ENSG00000235002,42878069,42878465,396
ENSG00000135525,136663875,136871957,208082
ENSG00000227386,25587382,25590682,3300
ENSG00000082515,154320630,154348971,28341
ENSG00000272135,124578332,124585965,7633
ENSG00000219073,22303514,22325135,21621
ENSG00000271558,187475970,187476251,281
ENSG00000222101,25610288,25610378,90
ENSG00000223675,95051112,95057853,6741
ENSG00000253884,43101898,43102078,180
ENSG00000236162,10857899,10861078,3179
ENSG00000230116,42957410,42958164,754
ENSG00000253973,9025709,9086701,60992
ENSG00000265489,12663457,12693559,30102
ENSG00000223561,25632971,25790614,157643
ENSG00000259514,76631950,76634404,2454
ENSG00000235565,95086707,95089740,3033
ENSG00000228012,187505233,187505431,198
ENSG00000246582,23081984,23088439,6455
ENSG00000136631,150039369,150117505,78136
ENSG00000241150,136041042,136103638,62596
ENSG00000225462,187532193,187533263,1070
ENSG00000265503,12820585,12820659,74
ENSG00000270036,76635983,76636706,723
ENSG00000269815,17407005,17407504,499
ENSG00000250535,31981047,31981564,517
ENSG00000264984,9111859,9111926,67
ENSG00000101193,61569471,61576996,7525
ENSG00000266152,12875869,12876142,273
ENSG00000269350,17471741,17473562,1821
ENSG00000234834,33009286,33025634,16348
ENSG00000251691,70172187,70172891,704
ENSG00000271043,79945819,79946855,1036
ENSG00000226547,113625127,113625709,582
ENSG00000213538,9115910,9117737,1827
ENSG00000236876,42965876,42966067,191
ENSG00000224081,95104017,95285837,181820
ENSG00000261232,76764440,76764706,266
ENSG00000244203,71338920,71355004,16084
ENSG00000212230,243244458,243244561,103
ENSG00000199773,7980259,7980417,158
ENSG00000269720,17502238,17503093,855
ENSG00000255624,124639246,124658230,18984
ENSG00000227230,243299200,243303890,4690
ENSG00000229776,32000490,32004035,3545
ENSG00000263707,12893466,12893927,461
ENSG00000244244,92231318,92232101,783
ENSG00000273098,12999225,13004245,5020
ENSG00000238450,71516767,71516872,105
ENSG00000221264,71591121,71591240,119
ENSG00000085719,87497059,87573726,76667
ENSG00000252512,32046285,32046405,120
ENSG00000232085,243327940,243332747,4807
ENSG00000200254,43034704,43034810,106
ENSG00000243532,71566815,71567118,303
ENSG00000266449,76878988,76879032,44
ENSG00000230426,187610358,187612992,2634
ENSG00000224664,113824088,113824403,315
ENSG00000242094,71619406,71623608,4202
ENSG00000239086,92462496,92462581,85
ENSG00000103126,337440,402673,65233
ENSG00000273333,32152516,32153659,1143
ENSG00000250612,70212327,70223895,11568
ENSG00000223220,71693149,71693243,94
ENSG00000255097,9263995,9267056,3061
ENSG00000236180,43036641,43037061,420
ENSG00000201510,77028982,77029321,339
ENSG00000249486,8157654,8157901,247
ENSG00000138617,65526798,65592956,66158
ENSG00000255506,92481898,92500033,18135
ENSG00000122034,27998681,28009958,11277
ENSG00000236401,187675692,187678029,2337
ENSG00000243365,77269258,77269551,293
ENSG00000270562,71634094,71636560,2466
ENSG00000254031,72067692,72116458,48766
ENSG00000239053,10884312,10884375,63
ENSG00000254884,9332831,9333236,405
ENSG00000225914,32223488,32233615,10127
ENSG00000259565,77271586,77272792,1206
ENSG00000224727,243430559,243431421,862
ENSG00000234917,43144406,43147325,2919
ENSG00000213071,160874460,160932156,57696
ENSG00000255127,92647768,92649757,1989
ENSG00000239250,71876328,71876614,286
ENSG00000266800,38120817,38120899,82
ENSG00000223847,187683374,187683866,492
ENSG00000237285,32292996,32293955,959
ENSG00000201998,9450320,9450501,181
ENSG00000244130,72055925,72056126,201
ENSG00000236514,38146668,38148038,1370
ENSG00000228452,43241484,43242461,977
ENSG00000021762,3108346,3187969,79623
ENSG00000254397,9451903,9455033,3130
ENSG00000245729,8333596,8457671,124075
ENSG00000119771,23608088,23931481,323393
ENSG00000224929,33027765,33039900,12135
ENSG00000151963,38172522,38173037,515
ENSG00000264456,29298670,29300330,1660
ENSG00000253124,72361046,72361454,408
ENSG00000269640,17516503,17529713,13210
ENSG00000238387,9599575,9599678,103
ENSG00000238100,33041365,33044349,2984
ENSG00000150732,188036429,188036656,227
ENSG00000227051,96505661,96560417,54756
ENSG00000264743,29302405,29302972,567
ENSG00000223335,32320654,32320760,106
ENSG00000243869,9602453,9602763,310
ENSG00000228192,43300352,43312093,11741
ENSG00000271792,139154890,139155057,167
ENSG00000265071,33096204,33096298,94
ENSG00000265201,243509478,243509557,79
ENSG00000243964,9627689,9628156,467
ENSG00000266340,29305628,29307268,1640
ENSG00000228962,32358287,32361463,3176
ENSG00000250714,23082746,23088428,5682
ENSG00000263552,33104442,33104551,109
ENSG00000250692,139227875,139235974,8099
ENSG00000260787,77334178,77335533,1355
ENSG00000236031,243708834,243711631,2797
ENSG00000187024,130455257,130487152,31895
ENSG00000264148,29335172,29335337,165
ENSG00000221446,72361930,72362043,113
ENSG00000227586,124931048,124931395,347
ENSG00000204923,68686551,68694390,7839
ENSG00000164129,164265091,164273086,7995
ENSG00000232857,95116100,95116934,834
ENSG00000231030,33112312,33112935,623
ENSG00000258056,56122888,56124467,1579
ENSG00000222240,188124970,188125311,341
ENSG00000254277,72587535,72615021,27486
ENSG00000253837,23193684,23223638,29954
ENSG00000235684,33134418,33136320,1902
ENSG00000261182,188187531,188189807,2276
ENSG00000155016,108852525,108874613,22088
ENSG00000255287,92670607,92670832,225
ENSG00000240311,3546201,3546768,567
ENSG00000226766,243787968,243788358,390
ENSG00000196301,32427598,32441277,13679
ENSG00000231099,110424705,110425579,874
ENSG00000259652,77336022,77337502,1480
ENSG00000253287,72691840,72705110,13270
ENSG00000268209,70253298,70254025,727
ENSG00000251916,32517717,32517867,150
ENSG00000257384,56126150,56126432,282
ENSG00000224278,188211270,188211809,539
ENSG00000269951,77359996,77360667,671
ENSG00000244433,95138474,95139717,1243
ENSG00000073711,135684515,135866733,182218
ENSG00000113318,79950467,80172279,221812
ENSG00000266865,29335515,29420145,84630
ENSG00000254874,92698963,92699769,806
ENSG00000259722,77496920,77497442,522
ENSG00000262312,3594431,3595785,1354
ENSG00000253390,23316114,23342484,26370
ENSG00000265463,124975618,124975704,86
ENSG00000200191,72727729,72727860,131
ENSG00000168970,42120293,42140353,20060
ENSG00000263526,95211416,95211456,40
ENSG00000242807,92785561,92785993,432
ENSG00000208839,113865259,113865386,127
ENSG00000261938,3631182,3633267,2085
ENSG00000264576,72744839,72744923,84
ENSG00000232184,243866159,243904123,37964
ENSG00000229391,32520490,32527799,7309
ENSG00000117010,40997233,41013841,16608
ENSG00000255166,43102334,43102553,219
ENSG00000235197,38183565,38185594,2029
ENSG00000253483,23340529,23341047,518
ENSG00000241942,72808226,72808565,339
ENSG00000237416,95302304,95320982,18678
ENSG00000263235,3700637,3701704,1067
ENSG00000215616,3905,22432,18527
ENSG00000266684,38243850,38243919,69
ENSG00000255445,92885241,92885916,675
ENSG00000145990,13358062,13487894,129832
ENSG00000230459,77570807,77571116,309
ENSG00000215110,70255208,70267799,12591
ENSG00000221686,89066835,89066930,95
ENSG00000228939,243956507,243957702,1195
ENSG00000178430,3725411,3727060,1649
ENSG00000226447,38265753,38281395,15642
ENSG00000272275,10908001,10910184,2183
ENSG00000263653,113870731,113870837,106
ENSG00000240040,89109984,89161075,51091
ENSG00000225006,188477669,188505596,27927
ENSG00000233737,92954652,92954796,144
ENSG00000262516,3890529,3891011,482
ENSG00000199783,25297114,25297181,67
ENSG00000226828,244080704,244210619,129915
ENSG00000253986,23350522,23351711,1189
ENSG00000233708,43352268,43354438,2170
ENSG00000207317,139399077,139399177,100
ENSG00000238962,10955611,10955672,61
ENSG00000206840,38283791,38283903,112
ENSG00000203280,25498407,25508659,10252
ENSG00000142789,22328149,22339032,10883
ENSG00000262888,3981218,3996306,15088
ENSG00000231343,33146133,33151585,5452
ENSG00000235083,188640484,188640890,406
ENSG00000151005,164392257,164395047,2790
ENSG00000235501,95393122,95428826,35704
ENSG00000255233,92973299,92974334,1035
ENSG00000241163,72084451,72291716,207265
ENSG00000212100,113873918,113874002,84
ENSG00000252132,38332801,38332903,102
ENSG00000253317,73108569,73114504,5935
ENSG00000148773,129894923,129924649,29726
ENSG00000266561,56752647,56752823,176
ENSG00000226086,38368984,38369805,821
ENSG00000259362,77817882,77826452,8570
ENSG00000252067,23457539,23457651,112
ENSG00000221565,93140991,93141079,88
ENSG00000206917,56754935,56755098,163
ENSG00000199858,177725460,177725567,107
ENSG00000262185,3997610,4000445,2835
ENSG00000257150,96043031,96067775,24744
ENSG00000245146,139452442,139488215,35773
ENSG00000222321,113886019,113886098,79
ENSG00000234106,93268634,93268982,348
ENSG00000112038,154331631,154568001,236370
ENSG00000200997,56756888,56757051,163
ENSG00000270488,11014417,11014693,276
ENSG00000271181,25575276,25575521,245
ENSG00000270902,125082938,125083102,164
ENSG00000235964,38380692,38380979,287
ENSG00000168067,64556290,64570713,14423
ENSG00000250979,73114986,73163800,48814
ENSG00000251865,56913260,56913355,95
ENSG00000253488,23492389,23493020,631
ENSG00000229960,244232122,244256328,24206
ENSG00000230131,125115966,125277224,161258
ENSG00000237090,43356765,43358101,1336
ENSG00000115295,29320571,29412509,91938
ENSG00000263159,4082013,4082937,924
ENSG00000244066,244267234,244267510,276
ENSG00000231022,188663451,188664242,791
ENSG00000240202,93290079,93290369,290
ENSG00000259420,77861312,77901023,39711
ENSG00000241462,56975137,56977053,1916
ENSG00000101194,61584052,61599949,15897
ENSG00000239475,146310555,146349531,38976
ENSG00000272983,38426265,38433327,7062
ENSG00000237759,244270667,244272313,1646
ENSG00000255515,93342926,93343499,573
ENSG00000273019,38438896,38439221,325
ENSG00000249159,8387751,8457677,69926
ENSG00000262471,4180556,4180821,265
ENSG00000175745,92919043,92930321,11278
ENSG00000240963,244538402,244572894,34492
ENSG00000230427,95527152,95533101,5949
ENSG00000236641,25608709,25609652,943
ENSG00000199875,93452769,93452881,112
ENSG00000221710,113949650,113949761,111
ENSG00000251488,133757927,133902832,144905
ENSG00000117472,46640745,46651630,10885
ENSG00000265510,89111884,89111968,84
ENSG00000225965,38450498,38450677,179
ENSG00000263105,4230118,4233516,3398
ENSG00000248824,70272649,70273373,724
ENSG00000254911,93454679,93455032,353
ENSG00000253471,23564654,23647000,82346
ENSG00000233577,25675496,25678641,3145
ENSG00000159217,47074774,47133012,58238
ENSG00000231992,95585703,95604110,18407
ENSG00000241125,38453576,38466958,13382
ENSG00000249513,133906665,133909832,3167
ENSG00000259666,77934106,77943997,9891
ENSG00000223534,32627657,32628506,849
ENSG00000230193,33235605,33236122,517
ENSG00000206679,95591067,95591165,98
ENSG00000222715,113997744,113997823,79
ENSG00000225401,244558278,244558962,684
ENSG00000237283,188674754,188680011,5257
ENSG00000262468,4295826,4303790,7964
ENSG00000207112,93463679,93463812,133
ENSG00000224761,38464596,38501285,36689
ENSG00000003137,72356367,72375167,18800
ENSG00000225099,43368903,43369583,680
ENSG00000226026,95628775,95699538,70763
ENSG00000241287,32627663,32630227,2564
ENSG00000206799,93464145,93464265,120
ENSG00000238054,188838608,188856565,17957
ENSG00000250241,133996466,134070271,73805
ENSG00000206066,25714223,25716047,1824
ENSG00000235040,32673901,32674732,831
ENSG00000231486,89130700,89165653,34953
ENSG00000202314,93464668,93464740,72
ENSG00000257509,56155334,56156412,1078
ENSG00000271952,11018395,11025244,6849
ENSG00000226486,188874819,189006393,131574
ENSG00000249956,70274554,70288882,14328
ENSG00000206834,93465170,93465299,129
ENSG00000175602,65657875,65659105,1230
ENSG00000238952,244752848,244752946,98
ENSG00000236309,38475598,38475699,101
ENSG00000271036,189005092,189005575,483
ENSG00000263938,57043313,57044088,775
ENSG00000207304,93465527,93465665,138
ENSG00000255313,125948766,125956007,7241
ENSG00000233307,110490308,110490713,405
ENSG00000227533,43424720,43449029,24309
ENSG00000259281,77952394,77960416,8022
ENSG00000232080,32685782,32686612,830
ENSG00000227735,244761693,244761989,296
ENSG00000228852,95708781,95729610,20829
ENSG00000168036,41236328,41301587,65259
ENSG00000198498,164415594,164441691,26097
ENSG00000216168,57066229,57066315,86
ENSG00000272644,219934076,219934531,455
ENSG00000164175,33944721,33984835,40114
ENSG00000232948,12168471,12175825,7354
ENSG00000226113,38536850,38622083,85233
ENSG00000253513,126009227,126010440,1213
ENSG00000263558,57136587,57136850,263
ENSG00000240317,219967156,219967437,281
ENSG00000226080,11242268,11243123,855
ENSG00000199630,90551048,90551143,95
ENSG00000182796,56223529,56230030,6501
ENSG00000232059,244857732,244858022,290
ENSG00000262686,4374668,4378341,3673
ENSG00000228504,95776484,95783819,7335
ENSG00000224738,57183959,57195628,11669
ENSG00000073464,10125024,10205700,80676
ENSG00000221344,220088745,220088827,82
ENSG00000253167,126052926,126057231,4305
ENSG00000218300,90586263,90586597,334
ENSG00000234941,38539370,38539531,161
ENSG00000259213,78079535,78081016,1481
ENSG00000262712,4385871,4387819,1948
ENSG00000242170,126282846,126283142,296
ENSG00000248735,134045259,134047218,1959
ENSG00000226196,189101481,189102423,942
ENSG00000252212,57206637,57206819,182
ENSG00000254431,126360438,126363658,3220
ENSG00000261789,4610002,4611663,1661
ENSG00000230637,25723219,25735942,12723
ENSG00000237419,141090383,141093775,3392
ENSG00000226030,32698535,32699472,937
ENSG00000243910,220117965,220136910,18945
ENSG00000211514,57215119,57215233,114
ENSG00000230434,95816807,95817810,1003
ENSG00000233707,110494713,110495100,387
ENSG00000261612,4612815,4613129,314
ENSG00000266452,126456807,126457060,253
ENSG00000260662,32471587,32471683,96
ENSG00000221637,134482011,134482089,78
ENSG00000253111,126479181,126553615,74434
ENSG00000207256,43457109,43457215,106
ENSG00000260139,78187026,78197016,9990
ENSG00000269481,17525066,17533133,8067
ENSG00000250191,134495721,134496363,642
ENSG00000047346,52873514,53002014,128500
ENSG00000188206,245003940,245018799,14859
ENSG00000252803,43489220,43489308,88
ENSG00000232376,33262070,33262864,794
ENSG00000197794,89214597,89214894,297
ENSG00000231466,25745510,25746289,779
ENSG00000252553,189635279,189635386,107
ENSG00000265798,29365593,29386139,20546
ENSG00000129484,20811741,20826064,14323
ENSG00000237954,95821785,95846556,24771
ENSG00000199240,43662088,43662207,119
ENSG00000263649,32717689,32717756,67
ENSG00000254503,17527840,17529097,1257
ENSG00000233013,141106637,141143444,36807
ENSG00000152700,133936834,133984961,48127
ENSG00000235349,64027192,64027821,629
ENSG00000219240,90595875,90597567,1692
ENSG00000175592,65659520,65668044,8524
ENSG00000198198,43855553,43918321,62768
ENSG00000232212,189744595,189784048,39453
ENSG00000272942,25830291,25831037,746
ENSG00000255463,9652555,9652906,351
ENSG00000174521,40721965,40724306,2341
ENSG00000174498,65619465,65670378,50913
ENSG00000234694,43820355,43824329,3974
ENSG00000261233,32486372,32489571,3199
ENSG00000253470,126761299,126762485,1186
ENSG00000225136,89221844,89222269,425
ENSG00000213642,64029806,64030815,1009
ENSG00000272798,25832279,25832882,603
ENSG00000139370,129277739,129308528,30789
ENSG00000244371,146392310,146392852,542
ENSG00000099251,38645305,38667433,22128
ENSG00000251388,134792401,134931845,139444
ENSG00000250828,70303075,70306768,3693
ENSG00000233907,95940293,95944912,4619
ENSG00000204261,32811863,32814272,2409
ENSG00000252509,73269963,73270050,87
ENSG00000239470,9681946,9682503,557
ENSG00000174136,98104354,98134347,29993
ENSG00000271138,25833273,25833790,517
ENSG00000252891,90608002,90608111,109
ENSG00000224669,64043111,64043585,474
ENSG00000269053,17530114,17530583,469
ENSG00000229431,43850784,43854826,4042
ENSG00000266277,134964622,134964708,86
ENSG00000206695,126913195,126913298,103
ENSG00000227168,33285981,33286082,101
ENSG00000212989,73341855,73342347,492
ENSG00000238270,189837131,189837658,527
ENSG00000232532,90629915,90631479,1564
ENSG00000234225,146473490,146475177,1687
ENSG00000216037,95970532,95970619,87
ENSG00000269736,17563020,17563778,758
ENSG00000253435,89231184,89231898,714
ENSG00000251199,135176328,135248628,72300
ENSG00000226650,154393260,154397685,4425
ENSG00000110844,49962001,50038449,76448
ENSG00000105287,47177532,47220384,42852
ENSG00000230987,189958700,189962227,3527
ENSG00000245164,126934552,126963493,28941
ENSG00000229372,43913447,43914315,868
ENSG00000145063,11239977,11272947,32970
ENSG00000254347,73374546,73383207,8661
ENSG00000228099,33296657,33297154,497
ENSG00000259164,77564654,77691805,127151
ENSG00000228971,95975672,96247898,272226
ENSG00000207647,220158833,220158922,89
ENSG00000145002,12282913,12293915,11002
ENSG00000222805,17568066,17568166,100
ENSG00000186148,110690738,110742667,51929
ENSG00000229348,43919598,43922666,3068
ENSG00000201564,9702471,9702785,314
ENSG00000109458,144257915,144395721,137806
ENSG00000230432,220163724,220168852,5128
ENSG00000273175,245028040,245028574,534
ENSG00000100058,25844072,25916821,72749
ENSG00000165312,23728198,23731308,3110
ENSG00000269439,17599799,17622698,22899
ENSG00000253226,73530957,73531618,661
ENSG00000226455,90659835,90662905,3070
ENSG00000245522,9776317,9781080,4763
ENSG00000270497,53094235,53094730,495
ENSG00000232789,220223592,220223705,113
ENSG00000225811,190234028,190331400,97372
ENSG00000248191,135248218,135249953,1735
ENSG00000249686,70315732,70317331,1599
ENSG00000229525,220253218,220268355,15137
ENSG00000201758,245107212,245107518,306
ENSG00000227242,146490895,146596107,105212
ENSG00000253278,89319489,89320183,694
ENSG00000259966,32611620,32626960,15340
ENSG00000252073,245118160,245118265,105
ENSG00000269161,17629139,17631374,2235
ENSG00000181541,151503077,151505843,2766
ENSG00000234019,53122892,53124040,1148
ENSG00000252282,245186317,245186420,103
ENSG00000239756,33306984,33307829,845
ENSG00000222078,90710941,90711225,284
ENSG00000198520,45140364,45191263,50899
ENSG00000251291,135345022,135379007,33985
ENSG00000236200,44165436,44173809,8373
ENSG00000251754,245207230,245207334,104
ENSG00000253651,126964105,126964558,453
ENSG00000243771,17700404,17700880,476
ENSG00000218730,90826419,90826824,405
ENSG00000006074,34391640,34399392,7752
ENSG00000237457,190447681,190449865,2184
ENSG00000151611,146539415,146581187,41772
ENSG00000223353,245286773,245287752,979
ENSG00000234638,220289793,220290906,1113
ENSG00000249000,135680554,135738444,57890
ENSG00000264696,70345049,70345152,103
ENSG00000266760,91022461,91022552,91
ENSG00000260776,78206559,78219188,12629
ENSG00000232593,53123327,53196196,72869
ENSG00000254227,127011238,127013245,2007
ENSG00000201545,20038295,20038417,122
ENSG00000248886,70383385,70384118,733
ENSG00000253497,89345492,89345963,471
ENSG00000249847,135854044,135855286,1242
ENSG00000223256,141150045,141150148,103
ENSG00000227432,220346795,220381599,34804
ENSG00000260271,91054938,91072351,17413
ENSG00000246273,9779839,9832866,53027
ENSG00000250563,127084831,127086475,1644
ENSG00000253726,73644280,73664078,19798
ENSG00000268603,220362333,220362968,635
ENSG00000251228,135865430,135865678,248
ENSG00000263955,4683596,4683882,286
ENSG00000262592,59314420,59465068,150648
ENSG00000261442,4684330,4690624,6294
ENSG00000251177,70438109,70451245,13136
ENSG00000241505,190449509,190463427,13918
ENSG00000268896,220411933,220412380,447
ENSG00000271252,96208652,96225026,16374
ENSG00000252676,91156491,91156565,74
ENSG00000262159,59420999,59421724,725
ENSG00000201170,245297229,245297392,163
ENSG00000241411,135873414,135874044,630
ENSG00000253841,127085290,127085776,486
ENSG00000163075,120302008,120419827,117819
ENSG00000265252,220413795,220413869,74
ENSG00000231175,190594020,190770788,176768
ENSG00000221798,96352096,96352182,86
ENSG00000070831,22379120,22419437,40317
ENSG00000224605,92100031,92102718,2687
ENSG00000262187,32630054,32630173,119
ENSG00000138796,108910870,108956331,45461
ENSG00000160401,130469268,130478281,9013
ENSG00000232192,245369746,245397803,28057
ENSG00000221706,127153920,127154003,83
ENSG00000165548,77582911,77725838,142927
ENSG00000266994,4780116,4802566,22450
ENSG00000250144,135966619,135968005,1386
ENSG00000200800,96691457,96691616,159
ENSG00000253265,89377506,89378280,774
ENSG00000269068,220423805,220424348,543
ENSG00000269752,17724531,17725239,708
ENSG00000225497,78907410,78909858,2448
ENSG00000234515,32846948,32847625,677
ENSG00000236025,190750917,190751125,208
ENSG00000248720,127186430,127187258,828
ENSG00000222678,220455409,220455706,297
ENSG00000263734,92231378,92231455,77
ENSG00000262036,59453810,59455014,1204
ENSG00000231987,96719625,96839681,120056
ENSG00000261111,32646994,32647366,372
ENSG00000268112,17838649,17845322,6673
ENSG00000228973,220489781,220491415,1634
ENSG00000267077,4845266,4846533,1267
ENSG00000170624,155297354,156194799,897445
ENSG00000224944,92339633,92400146,60513
ENSG00000224500,79073699,79075452,1753
ENSG00000235224,53142200,53142456,256
ENSG00000207166,17973397,17973529,132
ENSG00000254363,139536904,139552636,15732
ENSG00000251707,53159663,53159723,60
ENSG00000225923,96856208,96856949,741
ENSG00000268851,23516,25354,1838
ENSG00000067048,15016019,15032390,16371
ENSG00000238108,190766654,190767086,432
ENSG00000256599,4853207,4854787,1580
ENSG00000267919,220509812,220510353,541
ENSG00000262095,92436528,92436788,260
ENSG00000252591,18082834,18082926,92
ENSG00000231340,53172014,53173095,1081
ENSG00000232793,245446133,245446391,258
ENSG00000235301,32864193,32864267,74
ENSG00000248434,135988388,136018813,30425
ENSG00000244791,127337740,127341780,4040
ENSG00000200980,5001774,5001892,118
ENSG00000198625,204485511,204542871,57360
ENSG00000219087,92436877,92437042,165
ENSG00000212066,32904693,32904787,94
ENSG00000268032,18133212,18142909,9697
ENSG00000261569,32660514,32675277,14763
ENSG00000225603,146522379,146524043,1664
ENSG00000267072,5060910,5092251,31341
ENSG00000223837,32938009,32938663,654
ENSG00000253427,127486434,127504841,18407
ENSG00000225652,79114162,79136371,22209
ENSG00000266700,53172216,53172299,83
ENSG00000234422,96884150,96884489,339
ENSG00000264890,139575287,139575376,89
ENSG00000229444,44175063,44193014,17951
ENSG00000228020,191115155,191116091,936
ENSG00000231802,220548752,220549517,765
ENSG00000221165,245533636,245533721,85
ENSG00000254157,89428207,89428966,759
ENSG00000197771,121588972,121652068,63096
ENSG00000250069,139579748,139582772,3024
ENSG00000227329,53193573,53193739,166
ENSG00000150054,28339922,28623415,283493
ENSG00000253220,127510394,127512548,2154
ENSG00000238224,245778075,245778447,372
ENSG00000262102,65243268,65253666,10398
ENSG00000263756,32939842,32940630,788
ENSG00000253965,139728069,139737379,9310
ENSG00000228502,96912486,96913874,1388
ENSG00000252201,44182138,44182227,89
ENSG00000248456,136034060,136044934,10874
ENSG00000236959,70657590,70679606,22016
ENSG00000231612,245837034,245839780,2746
ENSG00000207138,127517008,127517114,106
ENSG00000261263,32661516,32662231,715
ENSG00000261642,191120640,191123764,3124
ENSG00000201142,146551295,146551419,124
ENSG00000220340,92437000,92437223,223
ENSG00000224796,33047228,33047637,409
ENSG00000107165,12685439,12710290,24851
ENSG00000268623,18151165,18151893,728
ENSG00000270189,53198279,53200096,1817
ENSG00000233674,44209142,44209412,270
ENSG00000253530,127530943,127534596,3653
ENSG00000230034,32786475,32790461,3986
ENSG00000223930,177919838,178103205,183367
ENSG00000230832,146553887,146555127,1240
ENSG00000271187,191148651,191148869,218
ENSG00000228092,79193330,79193540,210
ENSG00000243455,18159447,18159900,453
ENSG00000227308,220550103,220602659,52556
ENSG00000235096,246196853,246198905,2052
ENSG00000241992,97048765,97049081,316
ENSG00000231461,33059530,33065072,5542
ENSG00000254010,127569141,127569678,537
ENSG00000253732,89434458,89434740,282
ENSG00000207188,136236573,136236677,104
ENSG00000260311,32675246,32677854,2608
ENSG00000199592,79346807,79346917,110
ENSG00000263322,65218480,65221652,3172
ENSG00000234226,97049973,97050290,317
ENSG00000092871,33333009,33416338,83329
ENSG00000105219,40728115,40732597,4482
ENSG00000250834,136292332,136293079,747
ENSG00000153162,7727030,7881655,154625
ENSG00000226876,246271928,246277168,5240
ENSG00000213514,79490524,79494527,4003
ENSG00000233882,191190289,191197597,7308
ENSG00000224751,44315972,44317283,1311
ENSG00000272977,25872185,25875938,3753
ENSG00000117016,41086351,41131329,44978
ENSG00000269145,18255332,18262501,7169
ENSG00000254286,127570120,127725660,155540
ENSG00000225222,246342080,246342506,426
ENSG00000265978,25928687,25928776,89
ENSG00000253578,89470259,89470696,437
ENSG00000228688,33071571,33075107,3536
ENSG00000207849,136292745,136292836,91
ENSG00000223903,220562521,220562936,415
ENSG00000259823,248881950,248914431,32481
ENSG00000223344,191827837,191859359,31522
ENSG00000235262,53241590,53243861,2271
ENSG00000137970,97144430,97145176,746
ENSG00000207996,57228497,57228582,85
ENSG00000248104,136486272,136488312,2040
ENSG00000237188,146644350,146683136,38786
ENSG00000137877,42140345,42186275,45930
ENSG00000268650,18315540,18331290,15750
ENSG00000234884,25957084,25960429,3345
ENSG00000260974,32686358,32690152,3794
ENSG00000199664,79536709,79536813,104
ENSG00000226299,53352187,53353019,832
ENSG00000266537,57252344,57259148,6804
ENSG00000122375,88414314,88426605,12291
ENSG00000262683,59735036,61237194,1502158
ENSG00000202184,246352316,246352420,104
ENSG00000213513,79540095,79541634,1539
ENSG00000261391,32727252,32727377,125
ENSG00000145425,152020725,152025804,5079
ENSG00000253543,127594876,127595251,375
ENSG00000230184,246484965,246485740,775
ENSG00000223229,97161412,97161723,311
ENSG00000228909,220768772,220769610,838
ENSG00000212039,97368255,97368348,93
ENSG00000260864,32737936,32740858,2922
ENSG00000175573,65684279,65686588,2309
ENSG00000207408,53353767,53353879,112
ENSG00000265771,97401101,97401219,118
ENSG00000228215,191844625,191980390,135765
ENSG00000250865,136713539,136727059,13520
ENSG00000261495,248885294,248885502,208
ENSG00000212451,127683767,127683899,132
ENSG00000207326,246589308,246589421,113
ENSG00000267959,18392887,18392971,84
ENSG00000273071,146644765,146724314,79549
ENSG00000224557,33080228,33102442,22214
ENSG00000236571,53366989,53367179,190
ENSG00000232878,97561479,97788511,227032
ENSG00000265415,57280038,57281190,1152
ENSG00000253573,127779121,127802882,23761
ENSG00000237387,25976208,25977349,1141
ENSG00000241464,18396153,18396305,152
ENSG00000227728,246672340,246685894,13554
ENSG00000248330,136788138,136834835,46697
ENSG00000207235,57338109,57338207,98
ENSG00000271721,146647181,146649319,2138
ENSG00000228748,79542624,79552934,10310
ENSG00000271550,64139332,64147771,8439
ENSG00000253438,127859300,128033259,173959
ENSG00000271063,57358491,57358704,213
ENSG00000251489,70754595,70755124,529
ENSG00000226723,192215838,192216617,779
ENSG00000266518,220771223,220771286,63
ENSG00000224003,26043228,26045199,1971
ENSG00000180867,146649692,146651206,1514
ENSG00000224172,64196311,64197121,810
ENSG00000263857,57443444,57443515,71
ENSG00000237950,44410042,44412223,2181
ENSG00000225911,220913543,220913993,450
ENSG00000251549,8410902,8411109,207
ENSG00000253312,43106854,43107001,147
ENSG00000266002,57477849,57480664,2815
ENSG00000232542,97859710,97885697,25987
ENSG00000166171,103330317,103369425,39108
ENSG00000243446,79672032,79672304,272
ENSG00000253264,128084939,128094466,9527
ENSG00000260845,32747230,32752415,5185
ENSG00000207322,136917084,136917247,163
ENSG00000228057,98011257,98012514,1257
ENSG00000135597,139224630,139309398,84768
ENSG00000233871,79687130,79689582,2452
ENSG00000234338,64295658,64297260,1602
ENSG00000265313,57508230,57604307,96077
ENSG00000224722,128098508,128099755,1247
ENSG00000236792,192216635,192217077,442
ENSG00000253186,43108875,43109232,357
ENSG00000251492,136925664,136926057,393
ENSG00000234612,79713253,79713634,381
ENSG00000239821,18444086,18444381,295
ENSG00000234413,53370192,53370711,519
ENSG00000261108,32750948,32751487,539
ENSG00000272049,8445062,8445648,586
ENSG00000262139,101505377,101522419,17042
ENSG00000182722,64312775,64313732,957
ENSG00000226128,98051418,98051850,432
ENSG00000226015,146674857,146676513,1656
ENSG00000264175,18497372,18497444,72
ENSG00000015532,48423453,48440499,17046
ENSG00000262149,8585996,8642307,56311
ENSG00000254166,128197880,128215467,17587
ENSG00000237398,33098993,33111102,12109
ENSG00000221167,18520504,18520592,88
ENSG00000261166,137018952,137020395,1443
ENSG00000234124,70933103,70951007,17904
ENSG00000200889,57614720,57614860,140
ENSG00000221145,192460258,192460350,92
ENSG00000268199,18552229,18554407,2178
ENSG00000230615,44501798,44570647,68849
ENSG00000230313,33112560,33115544,2984
ENSG00000267637,57862174,57862396,222
ENSG00000055208,149539777,149732749,192972
ENSG00000242042,246679341,246687589,8248
ENSG00000230718,98240225,98240582,357
ENSG00000233250,53459670,53459979,309
ENSG00000247844,128220111,128231333,11222
ENSG00000125843,3801178,3805949,4771
ENSG00000232498,192486769,192536347,49578
ENSG00000167094,130478345,130493879,15534
ENSG00000239498,220970377,221315499,345122
ENSG00000251567,137039830,137316626,276796
ENSG00000202441,33167378,33167472,94
ENSG00000253606,43125341,43127105,1764
ENSG00000243156,18270415,18507325,236910
ENSG00000213640,64323377,64324748,1371
ENSG00000199004,57918627,57918698,71
ENSG00000256989,18553705,18554469,764
ENSG00000247516,8450856,8463208,12352
ENSG00000221254,56542198,56542284,86
ENSG00000199036,33175612,33175721,109
ENSG00000235416,53483220,53483976,756
ENSG00000236806,146695146,146695940,794
ENSG00000236069,192498709,192507232,8523
ENSG00000235777,98262477,98263622,1145
ENSG00000230813,246690332,246691457,1125
ENSG00000259483,56770208,56777479,7271
ENSG00000186431,55385704,55401838,16134
ENSG00000201524,57924799,57924905,106
ENSG00000268938,18642423,18643442,1019
ENSG00000225463,33183482,33184105,623
ENSG00000256353,23261392,23261427,35
ENSG00000250665,137047064,137060029,12965
ENSG00000260882,5128169,5128606,437
ENSG00000246228,128302062,128494384,192322
ENSG00000270264,57962376,57962913,537
ENSG00000231767,192685313,192685783,470
ENSG00000199422,53489150,53489251,101
ENSG00000145416,164445450,165305202,859752
ENSG00000235337,220992267,221077212,84945
ENSG00000269191,18643718,18646998,3280
ENSG00000189316,64348905,64350478,1573
ENSG00000261928,60602555,60603812,1257
ENSG00000260644,32752635,32787517,34882
ENSG00000267070,5148740,5192596,43856
ENSG00000213226,146790828,146791942,1114
ENSG00000229112,246691864,246692143,279
ENSG00000253486,43129925,43130434,509
ENSG00000223457,33205576,33207467,1891
ENSG00000249311,137276265,137277491,1226
ENSG00000263522,53513659,53513758,99
ENSG00000259719,56777598,56811719,34121
ENSG00000221199,221056599,221056677,78
ENSG00000115934,23334268,23404433,70165
ENSG00000268030,18668585,18672370,3785
ENSG00000271886,53583184,53583302,118
ENSG00000225300,246769175,246771404,2229
ENSG00000234713,43131413,43131966,553
ENSG00000270911,98321131,98322381,1250
ENSG00000137168,36822603,36842800,20197
ENSG00000236451,221315400,221569286,253886
ENSG00000269998,98399030,98407302,8272
ENSG00000260431,5257089,5257440,351
ENSG00000256473,23790907,23791421,514
ENSG00000268983,18679316,18680185,869
ENSG00000229252,30447487,30452225,4738
ENSG00000208012,53584153,53584235,82
ENSG00000237307,136058576,136067864,9288
ENSG00000228955,246795553,246795780,227
ENSG00000259946,98432561,98434370,1809
ENSG00000086504,417384,420527,3143
ENSG00000258803,56981049,57018027,36978
ENSG00000228687,192765663,192766335,672
ENSG00000227163,44553630,44554149,519
ENSG00000216192,24365355,24365429,74
ENSG00000224735,53785524,53785702,178
ENSG00000222096,221341704,221341813,109
ENSG00000264362,137628333,137628416,83
ENSG00000240961,92449327,92449614,287
ENSG00000001036,143815948,143832827,16879
ENSG00000271509,128304478,128304685,207
ENSG00000262189,60675958,60676452,494
ENSG00000224819,221655798,221662613,6815
ENSG00000261811,5265395,5270595,5200
ENSG00000226814,192769701,192770271,570
ENSG00000248869,137717877,138133953,416076
ENSG00000258428,57099962,57115376,15414
ENSG00000263490,18742459,18742718,259
ENSG00000253929,128351519,128404876,53357
ENSG00000219867,92525561,92526146,585
ENSG00000222585,26111008,26111136,128
ENSG00000215611,26348,27637,1289
ENSG00000255864,24366190,24715524,349334
ENSG00000225206,98453556,98515419,61863
ENSG00000262502,60715788,60716377,589
ENSG00000226110,53795484,53795717,233
ENSG00000006075,34415602,34417515,1913
ENSG00000264925,26279041,26279128,87
ENSG00000226653,146890777,146891610,833
ENSG00000232089,222027491,222027773,282
ENSG00000223075,192844816,192845115,299
ENSG00000260411,5289803,6826015,1536212
ENSG00000272217,33213852,33214633,781
ENSG00000253707,43139769,43139949,180
ENSG00000269694,18992489,18994185,1696
ENSG00000249375,128698588,128746213,47625
ENSG00000260698,246845410,246848377,2967
ENSG00000271647,44568978,44570375,1397
ENSG00000261964,8645126,8675619,30493
ENSG00000242995,57150139,57150459,320
ENSG00000234871,192906430,192917387,10957
ENSG00000262217,101555447,101610166,54719
ENSG00000250341,138114910,138119521,4611
ENSG00000225152,125185229,125187156,1927
ENSG00000235021,246853349,246855123,1774
ENSG00000258703,57226097,57232475,6378
ENSG00000269019,19051131,19057640,6509
ENSG00000175550,65686728,65689032,2304
ENSG00000234473,192962579,192963807,1228
ENSG00000262281,60717877,60718369,492
ENSG00000261867,101599226,101599332,106
ENSG00000228879,246918813,246919134,321
ENSG00000250037,8456059,8456671,612
ENSG00000207209,146891926,146892027,101
ENSG00000270163,57266623,57267306,683
ENSG00000260817,5310687,5311044,357
ENSG00000241172,19068769,19069067,298
ENSG00000263114,101628096,101628831,735
ENSG00000122033,28009776,28024739,14963
ENSG00000135144,113494514,113535833,41319
ENSG00000237056,33452528,33456065,3537
ENSG00000222526,138149282,138149385,103
ENSG00000272443,146917312,146917866,554
ENSG00000232940,33217311,33222766,5455
ENSG00000155760,202899310,202903160,3850
ENSG00000269131,19101702,19104419,2717
ENSG00000125533,61637331,61638387,1056
ENSG00000221432,222384284,222384377,93
ENSG00000102003,49044269,49056718,12449
ENSG00000250813,138222155,138222341,186
ENSG00000229037,53834274,53835121,847
ENSG00000188877,43147626,43218661,71035
ENSG00000226726,222397388,222397728,340
ENSG00000248550,57279901,57618895,338994
ENSG00000239560,44582772,44583069,297
ENSG00000252973,19343664,19343756,92
ENSG00000204118,72345876,72347919,2043
ENSG00000238754,193026411,193026545,134
ENSG00000233514,44587825,44588184,359
ENSG00000272480,146953988,146954378,390
ENSG00000262620,60842123,60842338,215
ENSG00000257053,121586813,121586912,99
ENSG00000207448,71567472,71567575,103
ENSG00000223519,246935139,246993361,58222
ENSG00000267629,19366451,19384178,17727
ENSG00000272944,222437226,222439174,1948
ENSG00000272579,193059996,193060686,690
ENSG00000234610,146986158,146989699,3541
ENSG00000251440,138346580,138347018,438
ENSG00000207058,71568735,71568840,105
ENSG00000235916,53852385,53852807,422
ENSG00000252166,20278734,20278893,159
ENSG00000221680,193105633,193105713,80
ENSG00000249782,8525291,8528791,3500
ENSG00000272986,71569464,71570208,744
ENSG00000230406,222457161,222457581,420
ENSG00000261827,121625359,121625835,476
ENSG00000213448,138369241,138369655,414
ENSG00000222047,75669727,75682535,12808
ENSG00000221809,5313224,5313372,148
ENSG00000201618,53935488,53935595,107
ENSG00000250389,8618693,8619216,523
ENSG00000232077,193273875,193335083,61208
ENSG00000239275,44603514,44604485,971
ENSG00000251632,138466885,138524584,57699
ENSG00000159140,34914924,34949812,34888
ENSG00000242278,5320175,5320955,780
ENSG00000252175,54091278,54091399,121
ENSG00000249859,128806779,129113499,306720
ENSG00000199506,96186307,96186413,106
ENSG00000241913,57989558,57989727,169
ENSG00000224949,54173805,54174092,287
ENSG00000234542,125333743,125343283,9540
ENSG00000152495,110559351,110830584,271233
ENSG00000242379,147161375,147161681,306
ENSG00000258343,96189123,96252617,63494
ENSG00000226804,44616266,44617425,1159
ENSG00000226640,193648024,193696165,48141
ENSG00000267182,5339201,5339410,209
ENSG00000234566,54249757,54250495,738
ENSG00000250126,138566419,138576328,9909
ENSG00000227139,147169914,147171461,1547
ENSG00000267234,19512788,19513412,624
ENSG00000232744,20283081,20285685,2604
ENSG00000156502,70939988,70968855,28867
ENSG00000238318,71677963,71678063,100
ENSG00000221293,125494301,125494372,71
ENSG00000261007,5415798,5416689,891
ENSG00000229596,33306755,33307272,517
ENSG00000149658,61826781,61847586,20805
ENSG00000186462,72432135,72434684,2549
ENSG00000233557,98542556,98543024,468
ENSG00000252880,71713853,71713935,82
ENSG00000237011,193653376,193657559,4183
ENSG00000234482,147229426,147230517,1091
ENSG00000207821,19545872,19545967,95
ENSG00000250777,138611631,138656131,44500
ENSG00000255476,9860690,9950810,90120
ENSG00000207104,54369979,54370085,106
ENSG00000207007,71717847,71717957,110
ENSG00000257878,96390299,96405267,14968
ENSG00000248765,8619290,8620422,1132
ENSG00000220553,92723560,92724452,892
ENSG00000234190,147249700,147261065,11365
ENSG00000215197,54698418,54699071,653
ENSG00000267178,19698900,19699224,324
ENSG00000249170,72165975,72166952,977
ENSG00000263141,34106210,34144169,37959
ENSG00000226053,98676303,98738214,61911
ENSG00000244646,20290496,20298913,8417
ENSG00000103742,65673802,65715410,41608
ENSG00000200171,44619057,44619152,95
ENSG00000257715,96419101,96421749,2648
ENSG00000252568,9865362,9865423,61
ENSG00000223728,147313096,147314493,1397
ENSG00000200492,92829240,92829349,109
ENSG00000221777,98838941,98839055,114
ENSG00000238037,44620700,44620973,273
ENSG00000252241,193700988,193701074,86
ENSG00000260855,246935603,246939074,3471
ENSG00000254765,9980291,9981337,1046
ENSG00000261038,93097559,93098545,986
ENSG00000231933,26279363,26299214,19851
ENSG00000232825,99469832,99614408,144576
ENSG00000228285,33333325,33334020,695
ENSG00000258251,96453802,96454153,351
ENSG00000237213,193725945,193726397,452
ENSG00000260981,8785154,8785580,426
ENSG00000227994,44638178,44638391,213
ENSG00000265419,93354459,93354526,67
ENSG00000221716,54840803,54840930,127
ENSG00000131264,72667090,72675081,7991
ENSG00000171462,43418090,43424370,6280
ENSG00000270098,72300122,72303641,3519
ENSG00000220908,93432721,93433547,826
ENSG00000227953,246939315,246955687,16372
ENSG00000259242,19717159,19719469,2310
ENSG00000221750,54953738,54953866,128
ENSG00000227034,99473774,99474030,256
ENSG00000271329,44653615,44654721,1106
ENSG00000258435,121829765,121837662,7897
ENSG00000221455,93500171,93500382,211
ENSG00000234466,55081378,55082271,893
ENSG00000254865,10170739,10186656,15917
ENSG00000271283,19810012,19810218,206
ENSG00000233602,44709080,44709945,865
ENSG00000227240,194118603,194167824,49221
ENSG00000101158,57556263,57570188,13925
ENSG00000238412,93521759,93521852,93
ENSG00000225644,33357151,33357252,101
ENSG00000254719,10293599,10293806,207
ENSG00000256742,122018697,122031409,12712
ENSG00000222236,72625235,72625333,98
ENSG00000219387,93596969,93598299,1330
ENSG00000252146,44798777,44798850,73
ENSG00000233983,99929934,99930332,398
ENSG00000206292,32900651,32906085,5434
ENSG00000248567,72687022,72689697,2675
ENSG00000266889,96495731,96496027,296
ENSG00000250198,8839844,8881637,41793
ENSG00000252393,122042807,122042917,110
ENSG00000120549,23983675,24836772,853097
ENSG00000186678,55199150,55202459,3309
ENSG00000261900,97889472,97965046,75574
ENSG00000199385,44856394,44856495,101
ENSG00000254554,10324204,10325251,1047
ENSG00000204194,33367836,33368333,497
ENSG00000270402,19819774,19821274,1500
ENSG00000215859,147466094,147484331,18237
ENSG00000258177,96616575,96617751,1176
ENSG00000229465,20309770,20310894,1124
ENSG00000263381,45011165,45011224,59
ENSG00000233057,194158097,194159472,1375
ENSG00000239195,93466394,93466466,72
ENSG00000260158,32820877,32835966,15089
ENSG00000224445,99937971,99999571,61600
ENSG00000201435,96697153,96697291,138
ENSG00000199377,45187458,45187574,116
ENSG00000182329,202937978,203062585,124607
ENSG00000223476,64393651,64393994,343
ENSG00000207145,93466632,93466763,131
ENSG00000221574,10420739,10420864,125
ENSG00000250877,73188745,73196468,7723
ENSG00000257169,96780596,96780972,376
ENSG00000200169,45196727,45196842,115
ENSG00000229760,55204640,55205170,530
ENSG00000271499,19861427,19863353,1926
ENSG00000221170,93466840,93466930,90
ENSG00000261719,32822350,32822572,222
ENSG00000104938,7828035,7834491,6456
ENSG00000223656,100163798,100164734,936
ENSG00000270948,64402521,64403304,783
ENSG00000235099,93780105,93813102,32997
ENSG00000264085,33406108,33406214,106
ENSG00000210825,93468277,93468402,125
ENSG00000225721,45224709,45241482,16773
ENSG00000201165,64483582,64483688,106
ENSG00000177112,10562819,10621479,58660
ENSG00000270665,73672984,73673909,925
ENSG00000259934,32857285,32857501,216
ENSG00000263140,34144411,34271837,127426
ENSG00000244211,147466533,147481824,15291
ENSG00000242014,33508471,33508774,303
ENSG00000239264,7881483,8026646,145163
ENSG00000226366,52154020,52154500,480
ENSG00000238437,93530379,93530479,100
ENSG00000231947,55205627,55206432,805
ENSG00000213187,93801694,93802478,784
ENSG00000260047,32881306,32883370,2064
ENSG00000265292,93533649,93533916,267
ENSG00000197251,33553883,33561115,7232
ENSG00000201491,100250296,100250441,145
ENSG00000101871,10413350,10851773,438423
ENSG00000206911,93560788,93560900,112
ENSG00000252955,73830895,73831020,125
ENSG00000238047,55206810,55207710,900
ENSG00000258272,96816104,96879220,63116
ENSG00000202254,100257218,100257309,91
ENSG00000204116,72783036,72906937,123901
ENSG00000264294,45241536,45241615,79
ENSG00000255995,93724512,93724595,83
ENSG00000210839,73892465,73892590,125
ENSG00000252226,100295021,100295093,72
ENSG00000252495,246970417,246970487,70
ENSG00000234585,64498732,64535091,36359
ENSG00000200913,45242162,45242265,103
ENSG00000203989,119205848,119211707,5859
ENSG00000251617,55306272,55315118,8846
ENSG00000249843,54174066,54174416,350
ENSG00000266904,19868175,19887232,19057
ENSG00000231996,100308166,100308317,151
ENSG00000144460,226265364,226518734,253370
ENSG00000248916,129041889,129044269,2380
ENSG00000266509,33665905,33666011,106
ENSG00000235386,246981378,246981482,104
ENSG00000166856,57388230,57390468,2238
ENSG00000256752,93731809,93732384,575
ENSG00000207267,11374114,11374220,106
ENSG00000272859,73918079,73918634,555
ENSG00000202031,45243515,45243584,69
ENSG00000231714,194320073,194321556,1483
ENSG00000230154,11448151,11449067,916
ENSG00000251813,194457233,194457335,102
ENSG00000207421,45244062,45244128,66
ENSG00000252011,246996750,246996831,81
ENSG00000206858,10747450,10747551,101
ENSG00000252249,94588824,94588947,123
ENSG00000253784,73787094,73793975,6881
ENSG00000085998,46654354,46685977,31623
ENSG00000153714,12775020,12822130,47110
ENSG00000248641,73964539,73964862,323
ENSG00000228167,194687925,194688366,441
ENSG00000212694,122233173,122241812,8639
ENSG00000236775,247178370,247180593,2223
ENSG00000228084,100433939,100435420,1481
ENSG00000249346,33835283,33864691,29408
ENSG00000229600,94596618,94599128,2510
ENSG00000255125,10804860,10823172,18312
ENSG00000214617,32888790,32896822,8032
ENSG00000234093,45245998,45246387,389
ENSG00000153922,98190908,98262240,71332
ENSG00000250220,74124926,74183670,58744
ENSG00000273059,147484031,147484460,429
ENSG00000227593,93788189,93789138,949
ENSG00000260838,73859385,73862680,3295
ENSG00000231143,94873638,94904376,30738
ENSG00000240535,54317127,54338672,21545
ENSG00000262938,34165875,34186038,20163
ENSG00000215796,247206093,247207323,1230
ENSG00000206791,147486649,147486815,166
ENSG00000238622,10823014,10823155,141
ENSG00000221639,74129677,74129801,124
ENSG00000270492,129053429,129053917,488
ENSG00000220370,95054455,95054680,225
ENSG00000229952,147494090,147498172,4082
ENSG00000246308,10830844,10844478,13634
ENSG00000270773,129064254,129065007,753
ENSG00000249976,74202950,74203488,538
ENSG00000270484,95151748,95153527,1779
ENSG00000244932,129100141,129112992,12851
ENSG00000226961,11491753,11492250,497
ENSG00000265108,195095811,195095906,95
ENSG00000256745,93921615,93922163,548
ENSG00000137760,107373452,107436472,63020
ENSG00000227421,196014126,196030203,16077
ENSG00000212248,100444495,100444601,106
ENSG00000228982,247248691,247249369,678
ENSG00000206585,147511004,147511167,163
ENSG00000216853,95156458,95156897,439
ENSG00000202259,100466193,100466295,102
ENSG00000239622,25729200,25729579,379
ENSG00000265986,196551543,196551611,68
ENSG00000224773,114009387,114011334,1947
ENSG00000261254,100496122,100501188,5066
ENSG00000250519,93971316,94012372,41056
ENSG00000202444,45285555,45285669,114
ENSG00000219627,95952058,95952372,314
ENSG00000227778,147552868,147566198,13330
ENSG00000267581,19871847,19932525,60678
ENSG00000270933,25988277,25989023,746
ENSG00000235748,197107878,197108437,559
ENSG00000222488,73931180,73931279,99
ENSG00000250436,74374520,74399845,25325
ENSG00000221771,128972879,128972941,62
ENSG00000261899,36589102,36784311,195209
ENSG00000226164,247282971,247283580,609
ENSG00000236538,52298493,52304335,5842
ENSG00000226499,45309593,45309754,161
ENSG00000267693,19879540,19879798,258
ENSG00000272254,73955145,73955581,436
ENSG00000241073,100523546,100550027,26481
ENSG00000250619,9001886,9046052,44166
ENSG00000207110,129011377,129011540,163
ENSG00000199085,25989539,25989606,67
ENSG00000158258,139654027,140296239,642212
ENSG00000263966,94149876,94149927,51
ENSG00000253636,73964413,73975296,10883
ENSG00000222501,129022628,129022857,229
ENSG00000261366,96023059,96025326,2267
ENSG00000263845,136071175,136071263,88
ENSG00000221230,94199661,94199746,85
ENSG00000226952,100564795,100565046,251
ENSG00000267419,19887411,19945736,58325
ENSG00000251474,129101765,129118498,16733
ENSG00000266430,26099959,26100058,99
ENSG00000224014,247338558,247338827,269
ENSG00000221176,129061398,129061484,86
ENSG00000237061,73996022,73998114,2092
ENSG00000101197,61867235,61871859,4624
ENSG00000231617,33456681,33467390,10709
ENSG00000214748,136407131,136407208,77
ENSG00000254002,23583844,23600555,16711
ENSG00000219549,96077991,96080805,2814
ENSG00000255893,94206074,94206736,662
ENSG00000266294,45378740,45378844,104
ENSG00000273237,26213153,26214565,1412
ENSG00000237861,197191352,197192385,1033
ENSG00000271415,100662372,100662607,235
ENSG00000221261,129162362,129162434,72
ENSG00000237584,136523417,136523995,578
ENSG00000253039,45397995,45398103,108
ENSG00000253564,74128164,74128862,698
ENSG00000249970,74409539,74409730,191
ENSG00000216123,23626069,23626158,89
ENSG00000101883,119243011,119249847,6836
ENSG00000139517,28120050,28194541,74491
ENSG00000201782,129232750,129233049,299
ENSG00000221879,197332947,197333208,261
ENSG00000257057,94245747,94265289,19542
ENSG00000169047,227596033,227664475,68442
ENSG00000229815,45424229,45425067,838
ENSG00000271362,33850947,33851188,241
ENSG00000271118,23663446,23663667,221
ENSG00000215795,247347115,247348784,1669
ENSG00000232383,26315815,26316226,411
ENSG00000263240,36526531,36526973,442
ENSG00000230952,11497641,11505762,8121
ENSG00000254213,74189599,74190281,682
ENSG00000219941,96438983,96440225,1242
ENSG00000232369,45453906,45454397,491
ENSG00000199001,114058017,114058127,110
ENSG00000225080,147601780,147602181,401
ENSG00000230260,197407106,197416599,9493
ENSG00000225169,100678849,100679226,377
ENSG00000204422,31654739,31681849,27110
ENSG00000233183,33861100,33895408,34308
ENSG00000267481,19899564,19901340,1776
ENSG00000228277,74576019,74580244,4225
ENSG00000254275,129417515,129576925,159410
ENSG00000207027,23663742,23663890,148
ENSG00000270038,96110845,96111569,724
ENSG00000268949,45454377,45457506,3129
ENSG00000263000,8762287,8763706,1419
ENSG00000087502,29490285,29534122,43837
ENSG00000207139,197654770,197654870,100
ENSG00000259865,247350583,247351828,1245
ENSG00000164073,128838960,128887150,48190
ENSG00000270413,114134922,114135137,215
ENSG00000203835,147618673,147621845,3172
ENSG00000119899,74303102,74363878,60776
ENSG00000249051,74643353,74643777,424
ENSG00000223941,178136989,178175097,38108
ENSG00000224765,136638350,136646546,8196
ENSG00000213046,197657890,197659757,1867
ENSG00000270325,19967784,19968336,552
ENSG00000250295,74209946,74268696,58750
ENSG00000227671,247353153,247374158,21005
ENSG00000187461,13469513,13486415,16902
ENSG00000230287,100714646,100714873,227
ENSG00000264650,45499641,45499692,51
ENSG00000270270,19981532,19982108,576
ENSG00000250550,74713583,74714546,963
ENSG00000263211,8795838,8796893,1055
ENSG00000242560,96730443,96730737,294
ENSG00000266415,9053928,9054007,79
ENSG00000234315,45535649,45536101,452
ENSG00000255929,94278496,94473521,195025
ENSG00000202195,52525133,52525234,101
ENSG00000224616,100729565,100731676,2111
ENSG00000233797,96806250,96969545,163295
ENSG00000249920,74804321,74805275,954
ENSG00000225444,52600256,52617150,16894
ENSG00000221697,33967749,33967828,79
ENSG00000207750,100746797,100746864,67
ENSG00000221707,45697890,45697979,89
ENSG00000221779,34036934,34036995,61
ENSG00000213183,97096365,97096945,580
ENSG00000265339,20001968,20002050,82
ENSG00000238945,45824324,45824420,96
ENSG00000215871,100797360,100798173,813
ENSG00000225842,52701211,52701549,338
ENSG00000271231,34157557,34158856,1299
ENSG00000252336,178146985,178147078,93
ENSG00000237136,146601356,146692184,90828
ENSG00000250339,74809728,74810041,313
ENSG00000267565,20003242,20006656,3414
ENSG00000236872,45880692,45881016,324
ENSG00000233536,94371204,94373999,2795
ENSG00000231403,11528149,11530493,2344
ENSG00000253339,74271148,74275023,3875
ENSG00000271131,178211115,178211598,483
ENSG00000207201,23934510,23934671,161
ENSG00000267268,20011777,20074273,62496
ENSG00000187621,96116835,96146170,29335
ENSG00000207309,97097329,97097467,138
ENSG00000235582,197704766,197705237,471
ENSG00000131721,119292467,119297945,5478
ENSG00000214810,34187216,34187843,627
ENSG00000022567,142217265,142318404,101139
ENSG00000206510,29640092,29648802,8710
ENSG00000253891,24027470,24034593,7123
ENSG00000219139,97101150,97102018,868
ENSG00000223906,100810033,100810798,765
ENSG00000244194,74877295,74877595,300
ENSG00000232265,147634989,147658907,23918
ENSG00000221351,129832040,129832124,84
ENSG00000253235,74281005,74281530,525
ENSG00000236837,52721826,52727890,6064
ENSG00000234379,45996599,45997811,1212
ENSG00000237978,178244293,178578193,333900
ENSG00000250400,130228713,130253496,24783
ENSG00000216067,100844238,100844331,93
ENSG00000248848,74919755,74921116,1361
ENSG00000154359,12579403,12613582,34179
ENSG00000253535,24153327,24769586,616259
ENSG00000253302,74332239,74353761,21522
ENSG00000234634,13202501,13210077,7576
ENSG00000233040,197715881,197716581,700
ENSG00000255666,94375073,94384797,9724
ENSG00000234332,100858589,100859582,993
ENSG00000122367,88428206,88495825,67619
ENSG00000263568,247365269,247365362,93
ENSG00000220583,34231088,34231450,362
ENSG00000204424,31674640,31685581,10941
ENSG00000217331,97120005,97120845,840
ENSG00000252516,247367872,247367963,91
ENSG00000262509,97951459,98031303,79844
ENSG00000248537,9363387,9422593,59206
ENSG00000163913,129158968,129239198,80230
ENSG00000266115,13403571,13403645,74
ENSG00000204993,52797786,52799660,1874
ENSG00000129925,420773,437113,16340
ENSG00000167771,63678693,63684316,5623
ENSG00000232347,247373993,247405125,31132
ENSG00000221698,13446846,13446963,117
ENSG00000187969,73524025,73524868,843
ENSG00000243583,143651937,143694405,42468
ENSG00000225339,34247456,34254545,7089
ENSG00000250034,138728860,138737556,8696
ENSG00000249637,139750476,139780952,30476
ENSG00000196353,131252399,132004254,751855
ENSG00000224901,197726449,197731095,4646
ENSG00000251017,74951712,74952389,677
ENSG00000253225,130263213,130263384,171
ENSG00000254273,74423511,74423889,378
ENSG00000127311,66696325,66737423,41098
ENSG00000216518,97198700,97199604,904
ENSG00000232824,198166909,198167316,407
ENSG00000222755,130303229,130303521,292
ENSG00000128294,26921458,26992681,71223
ENSG00000236088,13659795,13972812,313017
ENSG00000222790,139776908,139777029,121
ENSG00000265720,75192603,75192680,77
ENSG00000214144,247393242,247395182,1940
ENSG00000222122,114266990,114267096,106
ENSG00000253383,74502809,74503118,309
ENSG00000224384,97233013,97243697,10684
ENSG00000221635,34438567,34438706,139
ENSG00000144468,227700297,227863931,163634
ENSG00000078269,158402888,158520208,117320
ENSG00000214614,32896515,32900195,3680
ENSG00000200051,139906937,139907013,76
ENSG00000223881,198566854,198567998,1144
ENSG00000186184,28194903,28241548,46645
ENSG00000256469,94607217,94658686,51469
ENSG00000250532,75284634,75306174,21540
ENSG00000238223,114298499,114299357,858
ENSG00000196114,34544035,34544433,398
ENSG00000248307,138948576,139051863,103287
ENSG00000229140,130363937,130692485,328548
ENSG00000200235,139959252,139959377,125
ENSG00000228086,100927955,100951553,23598
ENSG00000254105,74563524,74563837,313
ENSG00000263479,97362577,97362871,294
ENSG00000251453,139961089,139961920,831
ENSG00000261573,198626682,198636190,9508
ENSG00000263132,97872504,97872608,104
ENSG00000213368,94646212,94646931,719
ENSG00000249942,75418301,75514664,96363
ENSG00000239579,136677424,136677710,286
ENSG00000270729,143676214,143677318,1104
ENSG00000207229,54336675,54336773,98
ENSG00000225447,46111488,46111869,381
ENSG00000226335,147635066,147700929,65863
ENSG00000223249,190618190,190618285,95
ENSG00000263228,97949117,97949976,859
ENSG00000226684,97731179,97757924,26745
ENSG00000213421,101052205,101052987,782
ENSG00000229562,136742678,136744401,1723
ENSG00000251376,54350256,54350968,712
ENSG00000254538,74582676,74645132,62456
ENSG00000240069,110741635,110742565,930
ENSG00000273377,143677998,143678913,915
ENSG00000216636,34584315,34585035,720
ENSG00000124523,13574816,13614790,39974
ENSG00000253559,190627430,190630282,2852
ENSG00000224177,11534107,11543203,9096
ENSG00000236278,198648268,198649162,894
ENSG00000272640,54530502,54530601,99
ENSG00000248029,54359007,54362058,3051
ENSG00000224849,98150157,98155979,5822
ENSG00000253273,74743378,74744182,804
ENSG00000248760,75454449,75475972,21523
ENSG00000239059,34650575,34650679,104
ENSG00000160404,130493803,130497604,3801
ENSG00000233083,52856881,52857216,335
ENSG00000234329,46116711,46117498,787
ENSG00000242486,98155635,98180588,24953
ENSG00000265123,34653134,34653419,285
ENSG00000236080,114303800,114304409,609
ENSG00000250356,75843032,75843348,316
ENSG00000150316,94695787,94706776,10989
ENSG00000230402,101092605,101106169,13564
ENSG00000222114,136770050,136770153,103
ENSG00000259916,95352269,95368320,16051
ENSG00000242280,143682235,143683744,1509
ENSG00000253926,130428195,130458098,29903
ENSG00000220643,34654379,34654883,504
ENSG00000238677,147665993,147666115,122
ENSG00000252163,137479510,137479787,277
ENSG00000226207,98158829,98165073,6244
ENSG00000147100,73641085,73753752,112667
ENSG00000088888,3827487,3849280,21793
ENSG00000273240,190628585,190629182,597
ENSG00000229989,198776622,198906558,129936
ENSG00000224685,101117503,101117823,320
ENSG00000249717,75881184,75895572,14388
ENSG00000239967,143774814,143774918,104
ENSG00000120555,38671997,38691844,19847
ENSG00000230896,46160356,46162747,2391
ENSG00000224335,147706573,147706607,34
ENSG00000261834,32914763,32915215,452
ENSG00000177485,119384607,119392253,7646
ENSG00000238641,190749490,190749579,89
ENSG00000175513,65712916,65727434,14518
ENSG00000183981,137564903,137565955,1052
ENSG00000263763,130496303,130496388,85
ENSG00000227700,147718440,147718956,516
ENSG00000239981,143815554,143816453,899
ENSG00000223824,190781980,190782484,504
ENSG00000265513,130508088,130508189,101
ENSG00000272469,74746010,74746277,267
ENSG00000273204,101360484,101360912,428
ENSG00000271860,98264585,98847748,583163
ENSG00000236111,46246949,46247629,680
ENSG00000231957,79828381,79829296,915
ENSG00000199879,147735751,147735907,156
ENSG00000273234,143839102,143840031,929
ENSG00000266096,130508468,130508569,101
ENSG00000249454,54368843,54392381,23538
ENSG00000204253,190788062,190788942,880
ENSG00000251633,74817592,74827245,9653
ENSG00000238484,34660557,34660660,103
ENSG00000234283,147744014,147752855,8841
ENSG00000240518,139988670,139988985,315
ENSG00000265219,130508758,130508857,99
ENSG00000230946,101406573,101407551,978
ENSG00000270864,32926395,32926857,462
ENSG00000248165,75919087,75960034,40947
ENSG00000253643,24347825,24372342,24517
ENSG00000264052,140027429,140027511,82
ENSG00000265687,130509216,130509296,80
ENSG00000250033,138978618,139099331,120713
ENSG00000207975,198828002,198828111,109
ENSG00000183122,143854319,143855271,952
ENSG00000272288,34664094,34665247,1153
ENSG00000231311,20323252,20338370,15118
ENSG00000264680,130509594,130509674,80
ENSG00000199990,140090860,140090958,98
ENSG00000228626,147760107,147761057,950
ENSG00000213110,190795003,190795736,733
ENSG00000224087,130865257,130867314,2057
ENSG00000082212,48405419,48474691,69272
ENSG00000207759,198828173,198828282,109
ENSG00000232467,46312666,46313266,600
ENSG00000266387,130509833,130509913,80
ENSG00000187109,76438670,76478813,40143
ENSG00000235818,247400170,247401259,1089
ENSG00000227747,198918145,198918934,789
ENSG00000231196,147762996,147767966,4970
ENSG00000225108,110744516,110745971,1455
ENSG00000254223,130691381,130695925,4544
ENSG00000253768,172989481,173000202,10721
ENSG00000202220,74892019,74892112,93
ENSG00000264975,52929660,52929753,93
ENSG00000230417,80008505,80434724,426219
ENSG00000260265,76006912,76009927,3015
ENSG00000260610,32943089,32943890,801
ENSG00000244295,74894360,74894702,342
ENSG00000235795,101461029,101461816,787
ENSG00000176871,118470712,118500235,29523
ENSG00000238107,147767287,147769663,2376
ENSG00000226957,46512490,46514040,1550
ENSG00000228033,52949815,53137158,187343
ENSG00000252223,130866777,130866883,106
ENSG00000261259,32963314,33039358,76044
ENSG00000272979,191318818,191319247,429
ENSG00000197617,247419374,247420445,1071
ENSG00000224110,130740990,130742691,1701
ENSG00000168398,96671016,96710666,39650
ENSG00000251370,9511445,9518198,6753
ENSG00000260842,95635180,95640576,5396
ENSG00000233654,191399581,191432828,33247
ENSG00000223760,130887194,130896990,9796
ENSG00000233114,46570622,46570847,225
ENSG00000244252,147767899,147769378,1479
ENSG00000225172,198952450,198954529,2079
ENSG00000170382,204586298,204654861,68563
ENSG00000251725,92956402,92956494,92
ENSG00000238367,98472407,98472497,90
ENSG00000186328,34683390,34683717,327
ENSG00000253833,74896728,74897118,390
ENSG00000134121,238279,451090,212811
ENSG00000259852,32989782,32990212,430
ENSG00000220505,98627375,98627708,333
ENSG00000251935,191417990,191418206,216
ENSG00000169856,53049637,53083273,33636
ENSG00000235988,147789799,147790129,330
ENSG00000271907,114360879,114361007,128
ENSG00000202079,247458137,247458243,106
ENSG00000233184,101491434,101552821,61387
ENSG00000212348,74960912,74961019,107
ENSG00000176349,1878222,1889567,11345
ENSG00000249353,93018544,93019373,829
ENSG00000212241,114373593,114373686,93
ENSG00000101198,61872136,61904046,31910
ENSG00000227857,46600203,46604753,4550
ENSG00000228509,191541670,191573442,31772
ENSG00000254288,74964575,75012088,47513
ENSG00000224481,147801124,147816764,15640
ENSG00000198983,54466360,54466450,90
ENSG00000236920,98657896,98662559,4663
ENSG00000250315,76026687,76027153,466
ENSG00000187944,197669726,197675000,5274
ENSG00000203664,247654370,247655710,1340
ENSG00000113391,92953775,93447404,493629
ENSG00000235656,114432995,114433312,317
ENSG00000249091,139198269,139202938,4669
ENSG00000217130,34711953,34712450,497
ENSG00000254317,130844547,130856750,12203
ENSG00000169840,28366780,28368905,2125
ENSG00000250001,9519965,9523290,3325
ENSG00000169621,68694693,68858004,163311
ENSG00000248397,139220010,139233812,13802
ENSG00000207728,54466474,54466570,96
ENSG00000235504,99006310,99006447,137
ENSG00000243831,161087260,161097555,10295
ENSG00000252744,147802396,147802519,123
ENSG00000233410,198975169,198990166,14997
ENSG00000168621,37812779,37839788,27009
ENSG00000260921,33006858,33008091,1233
ENSG00000251856,54468090,54468181,91
ENSG00000250719,46641158,46642150,992
ENSG00000253625,89471506,89472037,531
ENSG00000202408,147806736,147806886,150
ENSG00000243402,130876724,130877298,574
ENSG00000206717,34789222,34789319,97
ENSG00000250560,76120077,76120289,212
ENSG00000202111,140098510,140098598,88
ENSG00000187472,99228133,99241868,13735
ENSG00000272163,24769678,24772230,2552
ENSG00000251372,139230865,139345498,114633
ENSG00000231138,125536186,125537265,1079
ENSG00000232604,53091373,53093769,2396
ENSG00000272824,147830374,147830815,441
ENSG00000235852,191745523,191746785,1262
ENSG00000200075,130880836,130880962,126
ENSG00000187762,34991299,34991608,309
ENSG00000202515,140105743,140105831,88
ENSG00000127720,82752276,82873015,120739
ENSG00000105221,40736224,40791443,55219
ENSG00000207340,147834502,147834665,163
ENSG00000254263,130902711,130914004,11293
ENSG00000225779,46836258,46836627,369
ENSG00000221437,125670995,125671077,82
ENSG00000259997,33013654,33013942,288
ENSG00000251185,76194278,76286392,92114
ENSG00000237332,114658576,114660070,1494
ENSG00000235492,198985262,199045864,60602
ENSG00000229023,191857365,191858293,928
ENSG00000250515,140111875,140112448,573
ENSG00000251307,54529762,54591029,61267
ENSG00000271042,99530325,99530637,312
ENSG00000139515,28494157,28500368,6211
ENSG00000234677,125673090,125691113,18023
ENSG00000250786,9546312,9550721,4409
ENSG00000253720,130952102,130961640,9538
ENSG00000227135,247687981,247690054,2073
ENSG00000215863,147835127,147931933,96806
ENSG00000251454,76266489,76284234,17745
ENSG00000254164,173001941,173003278,1337
ENSG00000231718,199117726,199362435,244709
ENSG00000004961,11129421,11141198,11777
ENSG00000248106,140143695,140144406,711
ENSG00000272406,93077346,93079206,1860
ENSG00000264241,35101231,35101315,84
ENSG00000264441,20137836,20137926,90
ENSG00000265226,99572485,99572572,87
ENSG00000232668,53110381,53110593,212
ENSG00000251383,76279286,76287776,8490
ENSG00000213438,125751426,125752185,759
ENSG00000253955,173006646,173012071,5425
ENSG00000239006,199166208,199166312,104
ENSG00000122687,2273866,2281840,7974
ENSG00000236817,247728941,247804156,75215
ENSG00000253043,131016774,131016847,73
ENSG00000253202,89491988,89492240,252
ENSG00000268070,20144253,20145141,888
ENSG00000272374,35188147,35192407,4260
ENSG00000249481,44310397,44344904,34507
ENSG00000265880,70856397,70914929,58532
ENSG00000232022,46897801,46911193,13392
ENSG00000104725,24808468,24814624,6156
ENSG00000204588,110744640,110753717,9077
ENSG00000228190,199341005,199341425,420
ENSG00000264653,131020580,131020699,119
ENSG00000232699,99622620,99623357,737
ENSG00000003756,50126341,50156454,30113
ENSG00000248646,76286417,76359659,73242
ENSG00000230686,191882680,191883805,1125
ENSG00000200304,131081787,131081898,111
ENSG00000260141,33054930,33106752,51822
ENSG00000271410,54652136,54653351,1215
ENSG00000252842,147857985,147858119,134
ENSG00000250735,76326405,76348233,21828
ENSG00000253959,173069522,173085197,15675
ENSG00000203377,131085393,131085648,255
ENSG00000232334,125763820,125764344,524
ENSG00000202064,147860642,147860803,161
ENSG00000231858,191886252,191897040,10788
ENSG00000269154,20173564,20174129,565
ENSG00000224477,161119320,161121664,2344
ENSG00000252765,101598709,101598895,186
ENSG00000065548,187350883,187374090,23207
ENSG00000251942,53697585,53697767,182
ENSG00000217004,35246954,35247596,642
ENSG00000236468,199356269,199357603,1334
ENSG00000269962,126133808,126134344,536
ENSG00000201183,147874868,147875028,160
ENSG00000265135,54804678,54804754,76
ENSG00000271578,101656076,101656550,474
ENSG00000212342,131175218,131175373,155
ENSG00000251023,93196375,93199531,3156
ENSG00000253428,173116462,173132852,16390
ENSG00000228506,99872798,99879249,6451
ENSG00000249504,140240860,140243104,2244
ENSG00000252394,247770428,247770503,75
ENSG00000253656,131607545,131667958,60413
ENSG00000262658,8741728,8741952,224
ENSG00000223897,53713282,53713418,136
ENSG00000201644,76587305,76587397,92
ENSG00000151612,146678779,146859787,181008
ENSG00000240673,20190627,20191348,721
ENSG00000271434,126136282,126138617,2335
ENSG00000231551,147887350,147901508,14158
ENSG00000238296,101694220,101694321,101
ENSG00000260900,33071257,33071419,162
ENSG00000207402,191986676,191986782,106
ENSG00000198452,247782945,247783872,927
ENSG00000222644,76750607,76750742,135
ENSG00000265280,130941016,130941092,76
ENSG00000254098,89495584,89496317,733
ENSG00000227154,35410821,35417643,6822
ENSG00000131263,73805052,73834452,29400
ENSG00000224371,161293920,161339681,45761
ENSG00000253259,131904316,131905031,715
ENSG00000225938,101701239,101702084,845
ENSG00000230611,192038959,192039561,602
ENSG00000272154,140479829,140481794,1965
ENSG00000229717,76751904,76753858,1954
ENSG00000250853,54825984,54826529,545
ENSG00000262301,8793619,8794088,469
ENSG00000227632,130959885,130970201,10316
ENSG00000229455,126178392,126179147,755
ENSG00000235749,247803051,247910364,107313
ENSG00000228439,99968569,99979794,11225
ENSG00000253992,131947655,131961911,14256
ENSG00000235721,110765252,110768360,3108
ENSG00000245928,76901943,76927095,25152
ENSG00000111344,113536624,113574044,37420
ENSG00000260940,101708714,101709305,591
ENSG00000180389,28519343,28519727,384
ENSG00000227542,192093891,192110898,17007
ENSG00000207456,53797511,53797617,106
ENSG00000261599,33105525,33140411,34886
ENSG00000206291,32961400,32977612,16212
ENSG00000264740,53878538,53878610,72
ENSG00000225846,76957903,76958217,314
ENSG00000230411,247830189,247831143,954
ENSG00000228399,101721830,101722172,342
ENSG00000251544,93903166,93904614,1448
ENSG00000206509,29688014,29703770,15756
ENSG00000238756,54066862,54066966,104
ENSG00000263805,199584316,199584408,92
ENSG00000268162,57390745,57391335,590
ENSG00000265931,77016561,77016661,100
ENSG00000252130,192235664,192235770,106
ENSG00000265452,54076259,54076342,83
ENSG00000253686,173134617,173173214,38597
ENSG00000220913,161326802,161334670,7868
ENSG00000231984,199721619,199722018,399
ENSG00000201610,11657523,11657629,106
ENSG00000253407,132142635,132157128,14493
ENSG00000173810,101736431,101736919,488
ENSG00000225884,192658151,192684976,26825
ENSG00000249858,77265703,77266743,1040
ENSG00000235937,54256689,54257819,1130
ENSG00000272017,100015973,100016972,999
ENSG00000166860,57392618,57400230,7612
ENSG00000100122,26995242,27014052,18810
ENSG00000225871,147907215,147909036,1821
ENSG00000264010,11680731,11680803,72
ENSG00000212368,77277763,77277868,105
ENSG00000159784,143050493,143059863,9370
ENSG00000230756,130970443,130971063,620
ENSG00000228530,199846106,199846686,580
ENSG00000233334,126392194,126402786,10592
ENSG00000125618,113973574,114036527,62953
ENSG00000240426,77322404,77322722,318
ENSG00000125355,119392505,119445411,52906
ENSG00000165556,28536274,28545276,9002
ENSG00000253507,132320792,132329879,9087
ENSG00000213225,130986949,130989679,2730
ENSG00000231671,101788893,101855859,66966
ENSG00000175467,65729160,65747299,18139
ENSG00000219755,100023588,100024332,744
ENSG00000199857,77323229,77323299,70
ENSG00000253998,89533655,89534393,738
ENSG00000200139,199857287,199857389,102
ENSG00000233766,192711265,192908909,197644
ENSG00000251718,11701320,11701432,112
ENSG00000271021,114689494,114689955,461
ENSG00000229747,199878049,199878776,727
ENSG00000202248,11701787,11701905,118
ENSG00000224864,20235248,20236293,1045
ENSG00000270656,147983307,147983593,286
ENSG00000263401,173157081,173157180,99
ENSG00000271826,114752490,114797058,44568
ENSG00000272108,140498262,140500347,2085
ENSG00000199303,100090113,100090223,110
ENSG00000212456,147994146,147994313,167
ENSG00000233266,54278471,54278897,426
ENSG00000224863,46912345,46915376,3031
ENSG00000223491,148000213,148000494,281
ENSG00000239899,11724899,11725176,277
ENSG00000254211,173213793,173236042,22249
ENSG00000254132,93904634,93905175,541
ENSG00000202491,199977633,199977735,102
ENSG00000233342,161347401,161348194,793
ENSG00000229315,100441820,100524289,82469
ENSG00000066136,41157320,41237275,79955
ENSG00000223612,148193172,148193875,703
ENSG00000202329,199983817,199983923,106
ENSG00000252441,114779969,114780049,80
ENSG00000252860,200023189,200023293,104
ENSG00000226715,102189298,102195170,5872
ENSG00000177839,140566893,140571111,4218
ENSG00000100478,31494312,31562818,68506
ENSG00000239112,9548948,9549017,69
ENSG00000225667,46921495,46948147,26652
ENSG00000270431,114894033,114894342,309
ENSG00000199466,126454765,126454866,101
ENSG00000221403,200113962,200114063,101
ENSG00000241114,54307111,54307417,306
ENSG00000228559,35512409,35513446,1037
ENSG00000252530,102194198,102194293,95
ENSG00000121207,155548097,155674270,126173
ENSG00000231863,161352112,161390803,38691
ENSG00000203457,126493333,126493557,224
ENSG00000229220,200116659,200117407,748
ENSG00000272157,24814135,24814624,489
ENSG00000269956,47004368,47035927,31559
ENSG00000183298,102251892,102254059,2167
ENSG00000253158,89551697,89552222,525
ENSG00000219023,35523650,35524041,391
ENSG00000267383,20236186,20432114,195928
ENSG00000227801,33052091,33081908,29817
ENSG00000227881,114899215,114900453,1238
ENSG00000271291,148229952,148230238,286
ENSG00000233827,200182656,200183643,987
ENSG00000265583,11747530,11747631,101
ENSG00000272841,161411350,161413374,2024
ENSG00000213946,192745908,192746931,1023
ENSG00000163449,216946589,216967506,20917
ENSG00000207494,126503527,126503631,104
ENSG00000219257,100498248,100499112,864
ENSG00000207501,148241465,148241628,163
ENSG00000183463,28551851,28562791,10940
ENSG00000248525,9621489,9658570,37081
ENSG00000214807,126556079,126556895,816
ENSG00000166415,53805938,54055075,249137
ENSG00000236140,148246959,148248104,1145
ENSG00000233647,47131582,47132047,465
ENSG00000221021,162036098,162036191,93
ENSG00000218749,35575405,35575711,306
ENSG00000230044,11805495,11806095,600
ENSG00000251340,93905245,93906381,1136
ENSG00000162552,22443798,22470462,26664
ENSG00000273093,200284563,200285095,532
ENSG00000227913,162989411,162990760,1349
ENSG00000189430,55417508,55427508,10000
ENSG00000229395,193494645,193510432,15787
ENSG00000127328,70132461,70216984,84523
ENSG00000272156,54309691,54312203,2512
ENSG00000253832,24849516,24867292,17776
ENSG00000213045,200298289,200298805,516
ENSG00000169057,153287024,153363212,76188
ENSG00000234398,131003544,131006343,2799
ENSG00000213177,100583940,100584539,599
ENSG00000228237,47139708,47157770,18062
ENSG00000146001,140613938,140617101,3163
ENSG00000249456,126605712,126631450,25738
ENSG00000253670,24998909,24999483,574
ENSG00000212579,35619595,35619722,127
ENSG00000217557,163378290,163378580,290
ENSG00000249410,54847713,54848382,669
ENSG00000234367,148349256,148349657,401
ENSG00000265527,35632494,35632566,72
ENSG00000226899,126633773,126635001,1228
ENSG00000232227,193508828,193510113,1285
ENSG00000252717,102325407,102325513,106
ENSG00000223063,35668780,35668915,135
ENSG00000035403,75757872,75879918,122046
ENSG00000271277,102348072,102348450,378
ENSG00000264572,126721352,126721439,87
ENSG00000252934,54394081,54394144,63
ENSG00000235360,31613489,31615961,2472
ENSG00000232909,35701644,35704724,3080
ENSG00000253870,89553057,89553501,444
ENSG00000236476,47208001,47208805,804
ENSG00000232464,26355040,26379492,24452
ENSG00000225437,163463589,163475193,11604
ENSG00000225792,26411764,26416321,4557
ENSG00000229002,148542873,148545128,2255
ENSG00000234785,114937131,114938440,1309
ENSG00000228108,54743185,54767834,24649
ENSG00000229730,110769842,110770178,336
ENSG00000214298,126855246,126855506,260
ENSG00000236595,131009141,131010132,991
ENSG00000223056,26359949,26360239,290
ENSG00000227212,148574653,148575051,398
ENSG00000203721,200311672,200343482,31810
ENSG00000220734,35733685,35734704,1019
ENSG00000232050,26402355,26402498,143
ENSG00000237722,131028169,131029845,1676
ENSG00000196431,27017928,27026636,8708
ENSG00000241811,25038946,25039235,289
ENSG00000236464,26557800,26560269,2469
ENSG00000154198,47308767,47366109,57342
ENSG00000251368,55046034,55046229,195
ENSG00000227418,193614571,193641625,27054
ENSG00000227136,80027085,80090352,63267
ENSG00000264759,114938132,114938187,55
ENSG00000211498,93914474,93914555,81
ENSG00000197121,197697728,197792520,94792
ENSG00000199322,55073297,55073415,118
ENSG00000237253,148598398,148599531,1133
ENSG00000253476,25283037,25284096,1059
ENSG00000162699,102358661,102359603,942
ENSG00000271304,35957292,35958213,921
ENSG00000229770,26557876,26559180,1304
ENSG00000248854,55134629,55135853,1224
ENSG00000232578,93928473,93930496,2023
ENSG00000239136,163647942,163648037,95
ENSG00000182208,1490687,1522477,31790
ENSG00000255927,114953100,114953685,585
ENSG00000237719,36059768,36060423,655
ENSG00000106268,2281857,2290781,8924
ENSG00000226675,148598464,148598976,512
ENSG00000237887,54756480,54756938,458
ENSG00000166483,9595228,9615004,19776
ENSG00000253109,173466754,173467243,489
ENSG00000226242,193638808,193639142,334
ENSG00000217514,163784242,163784495,253
ENSG00000224192,26637297,26650058,12761
ENSG00000095627,115939029,115992063,53034
ENSG00000207205,148604908,148605072,164
ENSG00000214870,26438213,26538594,100381
ENSG00000262096,140619518,140621864,2346
ENSG00000230623,200443048,200447421,4373
ENSG00000221743,36108275,36108365,90
ENSG00000050030,73952684,74145282,192598
ENSG00000271439,148616292,148616578,286
ENSG00000231954,131030052,131031084,1032
ENSG00000252267,26786633,26786742,109
ENSG00000260088,200638635,200663378,24743
ENSG00000253100,25543314,25545040,1726
ENSG00000246982,36114475,36164982,50507
ENSG00000110583,63706431,63724800,18369
ENSG00000231267,148644011,148644795,784
ENSG00000270419,163834097,163834992,895
ENSG00000216378,100625085,100626068,983
ENSG00000233359,102665295,102855186,189891
ENSG00000230203,26818037,26819159,1122
ENSG00000249381,139346677,139358023,11346
ENSG00000265682,110827538,110827619,81
ENSG00000252158,132445023,132445116,93
ENSG00000263074,66255298,66418847,163549
ENSG00000166169,103338639,103348027,9388
ENSG00000231333,200832936,200833280,344
ENSG00000262211,55231971,55237555,5584
ENSG00000254255,132724759,132725227,468
ENSG00000253244,173483063,173483588,525
ENSG00000255729,140699661,140700339,678
ENSG00000249781,9641417,9903938,262521
ENSG00000248305,139402409,139403250,841
ENSG00000228692,164007615,164009197,1582
ENSG00000230864,103228878,103319398,90520
ENSG00000229335,114957297,114959383,2086
ENSG00000236211,131031481,131033022,1541
ENSG00000145850,156346293,156390266,43973
ENSG00000228082,100874994,100885360,10366
ENSG00000261522,95339723,95350930,11207
ENSG00000235538,164124936,164180873,55937
ENSG00000237533,148736689,148737087,398
ENSG00000253521,133572745,133573726,981
ENSG00000261188,26908503,26910534,2031
ENSG00000232658,194121208,194122482,1274
ENSG00000253860,89575056,89575545,489
ENSG00000234943,54772505,54773814,1309
ENSG00000166863,57403784,57422667,18883
ENSG00000211513,47212550,47212602,52
ENSG00000232765,55307804,55315218,7414
ENSG00000266128,164261593,164261882,289
ENSG00000220695,100978152,100978928,776
ENSG00000248795,139481858,139483095,1237
ENSG00000264979,110844010,110844100,90
ENSG00000222570,133693146,133693248,102
ENSG00000233217,200890122,200935658,45536
ENSG00000253447,173508509,173513562,5053
ENSG00000234257,103565699,103566260,561
ENSG00000264281,55240458,55240856,398
ENSG00000260422,164505055,164506693,1638
ENSG00000269487,47231860,47235957,4097
ENSG00000141642,48494361,48514491,20130
ENSG00000270137,133838424,133839148,724
ENSG00000237343,148760504,148761583,1079
ENSG00000253342,25634195,25634972,777
ENSG00000200616,178815519,178815628,109
ENSG00000272070,140705777,140708924,3147
ENSG00000230627,164529652,164530726,1074
ENSG00000224666,36354608,36359771,5163
ENSG00000229102,178819154,178865761,46607
ENSG00000222614,47239569,47239676,107
ENSG00000254178,25691645,25697651,6006
ENSG00000253461,89586446,89586730,284
ENSG00000250977,139585879,139586723,844
ENSG00000201957,178886871,178886998,127
ENSG00000238018,54888148,54889929,1781
ENSG00000240733,36418692,36418978,286
ENSG00000233586,148760506,148761018,512
ENSG00000223697,133850375,133856543,6168
ENSG00000266328,55477928,55478015,87
ENSG00000269576,47312842,47313440,598
ENSG00000272700,178954479,178955163,684
ENSG00000264878,36478294,36478375,81
ENSG00000200635,55609166,55609267,101
ENSG00000260000,101329347,101330863,1516
ENSG00000235244,115033604,115085422,51818
ENSG00000206968,148766938,148767102,164
ENSG00000240621,143873833,143874235,402
ENSG00000250501,139694704,139722793,28089
ENSG00000239964,36489968,36490275,307
ENSG00000226739,164767522,164769677,2155
ENSG00000235136,55626096,55626539,443
ENSG00000260065,26917949,26921002,3053
ENSG00000269014,47330152,47331697,1545
ENSG00000212091,110884309,110884401,92
ENSG00000270239,148778320,148778606,286
ENSG00000263894,36590213,36590289,76
ENSG00000256178,143880548,143883173,2625
ENSG00000227908,55290995,55299477,8482
ENSG00000151948,129337972,129469509,131537
ENSG00000229353,31966588,32011521,44933
ENSG00000248731,25798739,25801385,2646
ENSG00000238554,36607322,36607449,127
ENSG00000226384,30866676,30872598,5922
ENSG00000163630,63213991,63602597,388606
ENSG00000201032,200902473,200902575,102
ENSG00000230582,148806015,148806799,784
ENSG00000230496,131033165,131033830,665
ENSG00000227455,165241239,165245119,3880
ENSG00000233370,110941631,110942756,1125
ENSG00000170037,7835419,7853236,17817
ENSG00000252071,47451546,47451631,85
ENSG00000251864,36640615,36640721,106
ENSG00000199620,25994396,25994514,118
ENSG00000221760,26951178,26951289,111
ENSG00000240237,134014850,134015320,470
ENSG00000270987,101337479,101338214,735
ENSG00000270133,93947611,93953827,6216
ENSG00000229594,55659464,55662089,2625
ENSG00000238971,139732832,139732920,88
ENSG00000236011,31616421,31621476,5055
ENSG00000229191,200993077,200997920,4843
ENSG00000263555,47582188,47582450,262
ENSG00000213500,36641594,36643047,1453
ENSG00000235218,194141393,194142339,946
ENSG00000266828,115108801,115109100,299
ENSG00000232990,131034080,131034760,680
ENSG00000213707,26956492,26957054,562
ENSG00000217878,165530684,165531013,329
ENSG00000265134,47730199,47730278,79
ENSG00000261381,95489421,95489682,261
ENSG00000231334,54974240,54975541,1301
ENSG00000270132,134241299,134241940,641
ENSG00000122025,28577411,28674729,97318
ENSG00000231371,115174736,115175671,935
ENSG00000250195,139741108,139933800,192692
ENSG00000249997,131034757,131035530,773
ENSG00000226912,27040853,27041300,447
ENSG00000199523,165823051,165823165,114
ENSG00000238999,101405036,101405139,103
ENSG00000234132,201004224,201012201,7977
ENSG00000235887,148852393,148853717,1324
ENSG00000243537,134338240,134338647,407
ENSG00000269619,47849965,47850584,619
ENSG00000108469,73622925,73663269,40344
ENSG00000206681,166131723,166131826,103
ENSG00000238145,47357311,47358502,1191
ENSG00000257966,56263832,56266386,2554
ENSG00000218475,101878287,101879429,1142
ENSG00000252507,55077426,55077489,63
ENSG00000253638,134404454,134404933,479
ENSG00000236627,166167677,166189268,21591
ENSG00000196290,201754050,201768655,14605
ENSG00000244198,143891951,143977640,85689
ENSG00000230548,131036330,131037683,1353
ENSG00000249213,26112399,26114144,1745
ENSG00000169164,55681142,55683447,2305
ENSG00000249175,94124494,94129304,4810
ENSG00000238326,55296346,55296449,103
ENSG00000223495,148853803,148854120,317
ENSG00000268061,47987539,48004854,17315
ENSG00000229821,201191241,201192251,1010
ENSG00000200086,55241554,55241657,103
ENSG00000254011,173600104,173608817,8713
ENSG00000249236,55354877,55363199,8322
ENSG00000250577,139845084,139845386,302
ENSG00000260813,95498403,95499591,1188
ENSG00000227048,201398103,201398489,386
ENSG00000223942,166186689,166188674,1985
ENSG00000047648,11136239,11683821,547582
ENSG00000231448,148854138,148891740,37602
ENSG00000234934,131037872,131039678,1806
ENSG00000264953,139938647,139938733,86
ENSG00000220349,36704827,36705763,936
ENSG00000266376,55335846,55335939,93
ENSG00000218536,102526747,102527430,683
ENSG00000252503,139976629,139976732,103
ENSG00000264280,48084280,48084576,296
ENSG00000232598,36907847,36912451,4604
ENSG00000203327,55441523,55443262,1739
ENSG00000240723,140021531,140021810,279
ENSG00000184677,22778344,22857650,79306
ENSG00000224818,201433511,201434274,763
ENSG00000268746,48110781,48236355,125574
ENSG00000223414,166322290,166401536,79246
ENSG00000179967,140036084,140036528,444
ENSG00000234558,115238174,115239683,1509
ENSG00000249722,173756615,173757506,891
ENSG00000269806,48118956,48129652,10696
ENSG00000187037,37723399,37873390,149991
ENSG00000253032,55421498,55421597,99
ENSG00000224219,194595279,194595413,134
ENSG00000265892,140106595,140106897,302
ENSG00000216412,37059088,37059582,494
ENSG00000253487,89594990,89595212,222
ENSG00000221803,48259110,48259219,109
ENSG00000248136,131039658,131040179,521
ENSG00000243592,55432806,55433358,552
ENSG00000260998,95501084,95501996,912
ENSG00000224536,201476369,201502736,26367
ENSG00000207384,140121549,140121667,118
ENSG00000228496,11821586,11823454,1868
ENSG00000259832,47433351,47433546,195
ENSG00000169184,28144265,28197486,53221
ENSG00000228451,26236775,26240469,3694
ENSG00000252362,140152180,140152273,93
ENSG00000269656,48260293,48272097,11804
ENSG00000151962,155702365,155749965,47600
ENSG00000227799,55451416,55453044,1628
ENSG00000206722,140177811,140177914,103
ENSG00000144036,72403113,73053170,650057
ENSG00000207339,56268462,56268625,163
ENSG00000223396,201487831,201499602,11771
ENSG00000200520,140239532,140239640,108
ENSG00000248449,140805853,140808219,2366
ENSG00000257569,56294084,56294402,318
ENSG00000261196,47460054,47460174,120
ENSG00000213035,48297724,48298147,423
ENSG00000249306,173763298,173959460,196162
ENSG00000252961,55930020,55930089,69
ENSG00000242150,201489184,201489677,493
ENSG00000227486,55934556,56041606,107050
ENSG00000260142,194763091,194764118,1027
ENSG00000225783,27042392,27072438,30046
ENSG00000273247,140333081,140375188,42107
ENSG00000271150,48297907,48298177,270
ENSG00000261593,47466570,47466759,189
ENSG00000242943,148864594,148865175,581
ENSG00000219757,102901242,102901667,425
ENSG00000224670,194892643,194892888,245
ENSG00000223003,55442566,55442673,107
ENSG00000252687,37151373,37151444,71
ENSG00000253592,89609655,89609901,246
ENSG00000207033,115532008,115532113,105
ENSG00000217120,103450389,103451772,1383
ENSG00000259108,48366740,48368598,1858
ENSG00000259893,95514329,95515040,711
ENSG00000251435,55488357,55489460,1103
ENSG00000238375,37218980,37219082,102
ENSG00000258554,56360622,56361258,636
ENSG00000252196,166355759,166355829,70
ENSG00000202283,104031010,104031143,133
ENSG00000105329,41807492,41859816,52324
ENSG00000236390,201642233,201643272,1039
ENSG00000242020,140858883,140859190,307
ENSG00000236077,115803778,115814271,10493
ENSG00000214745,55987641,55988915,1274
ENSG00000261290,47468667,47468820,153
ENSG00000239953,37328961,37329256,295
ENSG00000175658,148900615,148903715,3100
ENSG00000216817,104465508,104467623,2115
ENSG00000079246,216972187,217071026,98839
ENSG00000203643,11861745,11864348,2603
ENSG00000216624,166477779,166478788,1009
ENSG00000246422,140937878,140944830,6952
ENSG00000204110,37475124,37503392,28268
ENSG00000237493,56374216,56374819,603
ENSG00000162997,55509455,55511658,2203
ENSG00000221983,18682540,18688360,5820
ENSG00000215043,194994078,194994990,912
ENSG00000103202,446725,460367,13642
ENSG00000225154,47540450,47541651,1201
ENSG00000240974,140968502,140968709,207
ENSG00000221072,48401990,48402073,83
ENSG00000234135,56269370,56269842,472
ENSG00000231871,201657387,201798687,141300
ENSG00000221595,48554681,48554766,85
ENSG00000255990,56385991,56388469,2478
ENSG00000233550,131040252,131040902,650
ENSG00000175701,110969106,111002997,33891
ENSG00000214428,104473415,104474638,1223
ENSG00000229559,37511329,37515056,3727
ENSG00000243806,94161666,94162399,733
ENSG00000269420,48564628,48568202,3574
ENSG00000253430,26280109,26281445,1336
ENSG00000257449,56423433,56435590,12157
ENSG00000226915,131051395,131051978,583
ENSG00000230790,11881123,11885427,4304
ENSG00000261165,95523006,95524026,1020
ENSG00000249545,94314855,94316597,1742
ENSG00000142945,45205490,45233439,27949
ENSG00000225506,47562325,47644943,82618
ENSG00000237860,115822838,115824153,1315
ENSG00000257553,56498398,56507689,9291
ENSG00000103966,42190950,42264776,73826
ENSG00000271435,131071507,131071984,477
ENSG00000265056,11907570,11907651,81
ENSG00000230105,56644824,56650891,6067
ENSG00000236695,195052103,195053033,930
ENSG00000254009,89911273,89911512,239
ENSG00000264802,201688636,201688755,119
ENSG00000086289,37723446,37991543,268097
ENSG00000224352,131087715,131087858,143
ENSG00000225514,47630182,47631592,1410
ENSG00000218173,105135116,105135546,430
ENSG00000252944,105214697,105214801,104
ENSG00000251203,26290545,26291581,1036
ENSG00000235121,201692422,201706634,14212
ENSG00000227535,105279004,105293695,14691
ENSG00000204272,56755692,56844813,89121
ENSG00000222854,148913273,148913382,109
ENSG00000212265,55556160,55556273,113
ENSG00000200942,201702534,201702633,99
ENSG00000231297,166513153,166526761,13608
ENSG00000252827,96820978,96821264,286
ENSG00000269534,48621689,48630963,9274
ENSG00000221028,201777739,201777830,91
ENSG00000248781,55571131,55572457,1326
ENSG00000109686,152023903,152246784,222881
ENSG00000228737,140997981,141006048,8067
ENSG00000258776,57284288,57360428,76140
ENSG00000222054,9761019,9761125,106
ENSG00000271099,105308324,105309998,1674
ENSG00000225165,94775748,94776391,643
ENSG00000210678,55593391,55593516,125
ENSG00000232527,148928322,148951595,23273
ENSG00000223774,201862970,201869106,6136
ENSG00000265172,11977059,11977112,53
ENSG00000230159,115826878,115828156,1278
ENSG00000201292,166622891,166622994,103
ENSG00000249697,55609732,55617224,7492
ENSG00000203809,105384169,105388402,4233
ENSG00000226040,141275733,141276254,521
ENSG00000269321,48649165,48650670,1505
ENSG00000233365,166650457,166657197,6740
ENSG00000225539,195208993,195284369,75376
ENSG00000224805,47644922,47646011,1089
ENSG00000178162,131174328,131188936,14608
ENSG00000250787,55677608,55677902,294
ENSG00000163660,156864297,156878549,14252
ENSG00000206637,201947589,201947723,134
ENSG00000268583,48707340,48716411,9071
ENSG00000213536,166653778,166653981,203
ENSG00000226252,47691469,47696422,4953
ENSG00000206964,55513154,55513264,110
ENSG00000238003,201947770,201948077,307
ENSG00000212147,105493437,105493543,106
ENSG00000227920,37512921,37518636,5715
ENSG00000265665,55752865,55752965,100
ENSG00000233231,166748056,166748959,903
ENSG00000268001,48758932,48761456,2524
ENSG00000108175,80828792,81076276,247484
ENSG00000225762,47846600,47874149,27549
ENSG00000254362,26298007,26300111,2104
ENSG00000237748,56763675,56764010,335
ENSG00000243801,57291092,57291374,282
ENSG00000273478,201964824,201965480,656
ENSG00000253127,89925832,89926057,225
ENSG00000203808,105584183,105617820,33637
ENSG00000214930,137569824,137571030,1206
ENSG00000240401,55535628,55573185,37557
ENSG00000200818,57291704,57291810,106
ENSG00000234678,201969222,201979481,10259
ENSG00000232747,89934312,89934582,270
ENSG00000237424,47897805,47900313,2508
ENSG00000180957,28247657,28316122,68465
ENSG00000224217,115882498,115882845,347
ENSG00000263926,37523141,37523198,57
ENSG00000243388,57445127,57446339,1212
ENSG00000264107,29417805,29422468,4663
ENSG00000268186,48766157,48774540,8383
ENSG00000225259,134420249,134421471,1222
ENSG00000264022,149036312,149036377,65
ENSG00000224799,56999943,57001229,1286
ENSG00000225945,37783553,37786994,3441
ENSG00000225394,195319305,195319866,561
ENSG00000135469,56660642,56664750,4108
ENSG00000258758,57507603,57509222,1619
ENSG00000271355,47949370,47949834,464
ENSG00000268530,48968850,48972950,4100
ENSG00000203825,149036435,149067496,31061
ENSG00000265444,29421368,29421443,75
ENSG00000264560,195422898,195422998,100
ENSG00000095370,130500596,130541020,40424
ENSG00000253208,26405185,26405979,794
ENSG00000215048,32972757,32984034,11277
ENSG00000238509,43158519,43158625,106
ENSG00000261760,110988683,111043433,54750
ENSG00000261220,134585426,134586104,678
ENSG00000167258,37617764,37721160,103396
ENSG00000237708,57095347,57096118,771
ENSG00000261420,166796677,166798312,1635
ENSG00000226221,55800462,55800899,437
ENSG00000252517,195528831,195528898,67
ENSG00000255497,43169091,43169343,252
ENSG00000266371,29460200,29465536,5336
ENSG00000229554,47963566,47964013,447
ENSG00000212259,94857073,94857179,106
ENSG00000212273,134656841,134656968,127
ENSG00000259136,57511364,57511678,314
ENSG00000243313,37800698,37800961,263
ENSG00000230173,195595319,195626159,30840
ENSG00000232082,166874151,166878871,4720
ENSG00000240519,26629307,26629657,350
ENSG00000263535,29672539,29673205,666
ENSG00000253970,134767054,134767693,639
ENSG00000261682,33140637,33145820,5183
ENSG00000200597,37883349,37883518,169
ENSG00000250240,95036953,95067999,31046
ENSG00000221544,105629024,105629107,83
ENSG00000258592,57532978,57579378,46400
ENSG00000226310,57148095,57153676,5581
ENSG00000218521,37970608,37971089,481
ENSG00000232183,137709238,137709504,266
ENSG00000253916,134768088,134768889,801
ENSG00000252918,105644728,105644811,83
ENSG00000234553,55832410,55833653,1243
ENSG00000206752,115984807,115984913,106
ENSG00000259800,33141556,33141763,207
ENSG00000222958,166922842,166922921,79
ENSG00000272102,105721095,105721635,540
ENSG00000239595,29792561,29792848,287
ENSG00000249007,201980498,201984785,4287
ENSG00000213526,116097017,116097644,627
ENSG00000264094,43221856,43221930,74
ENSG00000253561,134783652,134826780,43128
ENSG00000200706,38175050,38175121,71
ENSG00000235272,166999612,166999965,353
ENSG00000221346,47968176,47968311,135
ENSG00000235056,195868435,195891094,22659
ENSG00000264862,29845450,29845745,295
ENSG00000231765,57255467,57255848,381
ENSG00000228650,56066626,56068130,1504
ENSG00000131269,74273115,74376567,103452
ENSG00000231628,105726891,105729630,2739
ENSG00000207800,137749872,137749954,82
ENSG00000238716,38326924,38327005,81
ENSG00000269423,48969623,48970237,614
ENSG00000227883,48015868,48016425,557
ENSG00000253165,134787794,134789595,1801
ENSG00000232296,201997734,201997820,86
ENSG00000235008,167114582,167116327,1745
ENSG00000260471,74254828,74255326,498
ENSG00000224099,196313256,196343649,30393
ENSG00000261536,33152171,33155118,2947
ENSG00000254342,43227702,43227820,118
ENSG00000259008,57822164,57826128,3964
ENSG00000226533,38449468,38450307,839
ENSG00000266459,29861901,29861989,88
ENSG00000235811,202008979,202009062,83
ENSG00000253813,26693334,26693817,483
ENSG00000216639,105746024,105746770,746
ENSG00000231831,57419079,57421842,2763
ENSG00000253501,89945567,89946056,489
ENSG00000259039,58045350,58048038,2688
ENSG00000227109,202065887,202066106,219
ENSG00000254313,134798336,134798511,175
ENSG00000207614,29887015,29887102,87
ENSG00000199938,38533726,38533831,105
ENSG00000269751,48983104,48985571,2467
ENSG00000113249,156456424,156486130,29706
ENSG00000215288,26868664,26869888,1224
ENSG00000253593,134898739,134914650,15911
ENSG00000271893,196316502,196380423,63921
ENSG00000226031,137793614,137798779,5165
ENSG00000221038,29890787,29890913,126
ENSG00000221447,48086765,48086849,84
ENSG00000179571,149089875,149130302,40427
ENSG00000261248,74316313,74321417,5104
ENSG00000217227,38555099,38556305,1206
ENSG00000231654,167317186,167318323,1137
ENSG00000265976,29902288,29902377,89
ENSG00000202206,196378760,196378866,106
ENSG00000263031,102421704,102455855,34151
ENSG00000258856,58096559,58097880,1321
ENSG00000227947,48154135,48169055,14920
ENSG00000269814,49016464,49016917,453
ENSG00000271240,134975235,134975502,267
ENSG00000223466,196397759,196403405,5646
ENSG00000259972,74339100,74369244,30144
ENSG00000199187,29902430,29902540,110
ENSG00000253627,135224108,135332690,108582
ENSG00000101199,61904137,61921142,17005
ENSG00000238066,116531901,116532169,268
ENSG00000223814,48226804,48231219,4415
ENSG00000254019,142264664,142266916,2252
ENSG00000266877,29910181,29964562,54381
ENSG00000234919,196434352,196437694,3342
ENSG00000248492,135610314,135612932,2618
ENSG00000219902,105750328,105750698,370
ENSG00000268093,49122529,49127389,4860
ENSG00000253191,89967232,89967677,445
ENSG00000197146,167357853,167360151,2298
ENSG00000201329,43233441,43233652,211
ENSG00000170430,131265448,131566271,300823
ENSG00000224314,116533415,116534044,629
ENSG00000225028,48283738,48285909,2171
ENSG00000266448,30036587,30036878,291
ENSG00000242110,33986283,34008220,21937
ENSG00000222630,43236787,43237091,304
ENSG00000170289,87566205,87755903,189698
ENSG00000267699,48494389,48584514,90125
ENSG00000227598,167383114,167412553,29439
ENSG00000236355,38681827,38682993,1166
ENSG00000239763,74346507,74347288,781
ENSG00000237567,106060542,106080071,19529
ENSG00000243323,202137179,202158583,21404
ENSG00000271048,135685374,135685755,381
ENSG00000267104,58039724,58096413,56689
ENSG00000213107,196447518,196448755,1237
ENSG00000267220,20242703,20262717,20014
ENSG00000250637,43298045,43308055,10010
ENSG00000204882,142366600,142377367,10767
ENSG00000221616,26906370,26906480,110
ENSG00000226133,48519217,48532873,13656
ENSG00000265828,167411295,167411400,105
ENSG00000260414,33165673,33165796,123
ENSG00000244297,38711862,38712159,297
ENSG00000202026,30040772,30040872,100
ENSG00000270716,20247742,20248042,300
ENSG00000219273,38730681,38732470,1789
ENSG00000219088,106114201,106115873,1672
ENSG00000260884,74347235,74349532,2297
ENSG00000272980,167412893,167552629,139736
ENSG00000265863,30086814,30088404,1590
ENSG00000102001,49061523,49089833,28310
ENSG00000185149,156129781,156138230,8449
ENSG00000215174,57703500,57706693,3193
ENSG00000251348,95104703,95106404,1701
ENSG00000201813,196535096,196535198,102
ENSG00000232871,49141328,49184461,43133
ENSG00000257593,33465695,33468861,3166
ENSG00000267641,20285822,20287872,2050
ENSG00000200198,106352248,106352562,314
ENSG00000142039,41816094,41830788,14694
ENSG00000203435,196858983,196860404,1421
ENSG00000269919,106548015,106548468,453
ENSG00000231413,48544459,48547868,3409
ENSG00000272713,28743697,28743804,107
ENSG00000263567,30089459,30096067,6608
ENSG00000212586,38790083,38790180,97
ENSG00000086288,37888199,37940003,51804
ENSG00000227427,57792753,57793725,972
ENSG00000230697,20049344,20049739,395
ENSG00000273023,28763753,28763816,63
ENSG00000237180,48555040,48555306,266
ENSG00000265046,30157750,30158769,1019
ENSG00000223223,59473530,59473856,326
ENSG00000244710,106731290,106731586,296
ENSG00000214331,74366300,74402138,35838
ENSG00000235668,28805655,28806792,1137
ENSG00000229468,20053944,20054098,154
ENSG00000252444,106752051,106752161,110
ENSG00000267771,20317653,20317763,110
ENSG00000263990,30200945,30213685,12740
ENSG00000254403,59495992,59496965,973
ENSG00000231150,38890805,38920875,30070
ENSG00000183439,165875598,165898820,23222
ENSG00000216966,167622119,167622385,266
ENSG00000233941,106806441,106807592,1151
ENSG00000271524,20332678,20333272,594
ENSG00000272456,135735190,135736192,1002
ENSG00000266745,20179057,20179133,76
ENSG00000213376,173940308,173941310,1002
ENSG00000234966,28827410,28831132,3722
ENSG00000253058,30290824,30290952,128
ENSG00000141294,45908993,45915079,6086
ENSG00000228004,57960271,57961237,966
ENSG00000271871,141331984,141332940,956
ENSG00000242267,48561764,48648100,86336
ENSG00000207499,106868581,106868682,101
ENSG00000253999,89968511,89969012,501
ENSG00000237485,20215736,20227919,12183
ENSG00000268620,20359861,20361104,1243
ENSG00000202386,106897256,106897372,116
ENSG00000234904,28829201,28829832,631
ENSG00000264300,30330129,30333707,3578
ENSG00000261244,78208864,78214361,5497
ENSG00000259820,135804263,135810515,6252
ENSG00000153147,144434616,144478639,44023
ENSG00000197442,136878185,137113656,235471
ENSG00000254743,59508798,59509522,724
ENSG00000254099,141350202,141362252,12050
ENSG00000200314,106902703,106902804,101
ENSG00000235975,137888536,137889253,717
ENSG00000249031,173988779,173989066,287
ENSG00000184489,142402093,142441620,39527
ENSG00000242066,78209065,78209324,259
ENSG00000200295,107055591,107055694,103
ENSG00000231720,167650996,167653968,2972
ENSG00000232017,28856780,28857854,1074
ENSG00000216977,107090338,107090803,465
ENSG00000250347,141416272,141416690,418
ENSG00000252442,20234274,20234366,92
ENSG00000220076,38895807,38895929,122
ENSG00000227878,196928036,196928687,651
ENSG00000214646,78232253,78236924,4671
ENSG00000213985,20368529,20370227,1698
ENSG00000264497,30351488,30351602,114
ENSG00000250256,174045167,174052778,7611
ENSG00000264835,49187292,49187563,271
ENSG00000205148,96831280,96831660,380
ENSG00000228648,167655379,167659404,4025
ENSG00000199577,20310457,20310562,105
ENSG00000255538,59516284,59517047,763
ENSG00000137766,54305101,54920806,615705
ENSG00000229654,107143410,107147869,4459
ENSG00000206758,49296409,49296515,106
ENSG00000231304,20383960,20392420,8460
ENSG00000269055,20378626,20379200,574
ENSG00000224607,90007677,90008154,477
ENSG00000217447,167760960,167761541,581
ENSG00000248929,174059935,174060212,277
ENSG00000266777,30366993,30369847,2854
ENSG00000235191,49414187,49422148,7961
ENSG00000220556,39007379,39007761,382
ENSG00000261734,20429741,20432054,2313
ENSG00000250486,165878100,165880273,2173
ENSG00000236835,28864474,28865264,790
ENSG00000254477,59520488,59522448,1960
ENSG00000206807,20549136,20549248,112
ENSG00000223720,48671637,48672515,878
ENSG00000251670,174178307,174277728,99421
ENSG00000177688,149721495,149722177,682
ENSG00000173954,138444199,138444541,342
ENSG00000221659,21179755,21179833,78
ENSG00000272549,168067520,168079950,12430
ENSG00000217165,39078097,39080728,2631
ENSG00000234964,59548786,59549195,409
ENSG00000269274,20405898,20414603,8705
ENSG00000266890,174178737,174178790,53
ENSG00000252306,21430025,21430109,84
ENSG00000272211,197015987,197019605,3618
ENSG00000260419,33202882,33206675,3793
ENSG00000260366,49429428,49429701,273
ENSG00000251144,174247030,174253327,6297
ENSG00000239161,197079943,197080046,103
ENSG00000263598,28883588,28883687,99
ENSG00000236380,21447218,21448175,957
ENSG00000272491,48693560,48695233,1673
ENSG00000204754,174346085,174422516,76431
ENSG00000267898,49467232,49468415,1183
ENSG00000270929,59665658,59666606,948
ENSG00000264597,28894881,28895162,281
ENSG00000235142,107165327,107235416,70089
ENSG00000260827,33215094,33217783,2689
ENSG00000203688,168080306,168084467,4161
ENSG00000197363,146024261,146036554,12293
ENSG00000225567,28994615,28995542,927
ENSG00000229056,197124748,197128928,4180
ENSG00000023902,150121373,150136916,15543
ENSG00000251122,174350093,174350948,855
ENSG00000255393,59792381,59798550,6169
ENSG00000272511,21453714,21455436,1722
ENSG00000185551,96869167,96883492,14325
ENSG00000229543,80053599,80060760,7161
ENSG00000224986,48790752,48791795,1043
ENSG00000133789,9685624,9774538,88914
ENSG00000251000,95170128,95170750,622
ENSG00000228635,29039754,29040529,775
ENSG00000266609,20413399,20413481,82
ENSG00000268655,49521504,49522741,1237
ENSG00000213065,168167763,168169248,1485
ENSG00000230229,80112354,80115857,3503
ENSG00000218986,39321523,39321948,425
ENSG00000206700,48809881,48809987,106
ENSG00000254069,43349080,43349905,825
ENSG00000176979,165953105,165962896,9791
ENSG00000271638,20434801,20435377,576
ENSG00000261403,78246417,78255996,9579
ENSG00000248293,174353544,174353720,176
ENSG00000201393,80127264,80127380,116
ENSG00000231276,39521587,39522719,1132
ENSG00000235105,48901639,48902895,1256
ENSG00000260138,95524521,95524863,342
ENSG00000255331,59844823,59845874,1051
ENSG00000225542,21584308,21621451,37143
ENSG00000253319,43366963,43367176,213
ENSG00000238070,29044503,29045098,595
ENSG00000228683,80455819,80456779,960
ENSG00000256120,24376205,24390899,14694
ENSG00000198221,168224556,168227389,2833
ENSG00000252990,39588121,39588240,119
ENSG00000253418,43368786,43369564,778
ENSG00000261143,78268384,78285399,17015
ENSG00000267019,49528718,49529277,559
ENSG00000223175,48913608,48913714,106
ENSG00000230646,131185304,131186798,1494
ENSG00000251409,95171647,95188425,16778
ENSG00000261531,95550435,95551008,573
ENSG00000206028,27063656,27068617,4961
ENSG00000221384,21871230,21871329,99
ENSG00000232514,48962935,48963408,473
ENSG00000232549,138529050,138529835,785
ENSG00000235033,39849580,39867847,18267
ENSG00000167634,55434877,55477680,42803
ENSG00000260713,95559555,95570199,10644
ENSG00000223351,21984058,22021320,37262
ENSG00000231205,20451078,20607775,156697
ENSG00000267099,49532983,49533598,615
ENSG00000228698,29105804,29106740,936
ENSG00000197503,24719898,24737102,17204
ENSG00000249403,174413298,174414053,755
ENSG00000231185,141704858,142051566,346708
ENSG00000254952,59927160,59928295,1135
ENSG00000113525,131877136,131892530,15394
ENSG00000254145,43394280,43394615,335
ENSG00000184545,1575274,1593150,17876
ENSG00000132967,22423310,22424420,1110
ENSG00000267685,49541736,49542295,559
ENSG00000110675,107461817,107537505,75688
ENSG00000141646,48494410,48611415,117005
ENSG00000239402,131187400,131199048,11648
ENSG00000268669,49545431,49545988,557
ENSG00000216114,138681375,138681462,87
ENSG00000175376,65764016,65769647,5631
ENSG00000234723,22711692,22712202,510
ENSG00000238485,138784446,138784549,103
ENSG00000269706,49553474,49554103,629
ENSG00000256852,24736495,24737483,988
ENSG00000229846,49513988,49653257,139269
ENSG00000249293,73073864,73082316,8452
ENSG00000244625,27068730,27176170,107440
ENSG00000271235,22852881,22853538,657
ENSG00000235994,168376604,168380456,3852
ENSG00000181995,60383209,60454622,71413
ENSG00000268108,49563870,49564389,519
ENSG00000253748,43395116,43396070,954
ENSG00000239144,49617064,49617175,111
ENSG00000226183,22945626,22946642,1016
ENSG00000164211,110831731,110848288,16557
ENSG00000268287,49567516,49568113,597
ENSG00000244662,24795621,24796100,479
ENSG00000184084,73099121,73099424,303
ENSG00000230114,49723083,49734957,11874
ENSG00000226028,149114655,149115188,533
ENSG00000266157,70917783,70920000,2217
ENSG00000006016,18683030,18718551,35521
ENSG00000231915,23031314,23033073,1759
ENSG00000229921,168393502,168397757,4255
ENSG00000238571,202166756,202166859,103
ENSG00000265675,49584589,49584885,296
ENSG00000255745,24857499,24927147,69648
ENSG00000239046,202200792,202200892,100
ENSG00000238913,73123837,73123898,61
ENSG00000225623,49839873,49937757,97884
ENSG00000124469,43084393,43099207,14814
ENSG00000180211,39926153,39926572,419
ENSG00000269009,49758729,49759359,630
ENSG00000215016,23175863,23176315,452
ENSG00000229120,202338654,202339273,619
ENSG00000164114,156263810,156298122,34312
ENSG00000259968,73248765,73249839,1074
ENSG00000170088,165995574,166129701,134127
ENSG00000159147,34931848,34961014,29166
ENSG00000220586,39960554,39967972,7418
ENSG00000236599,20340818,20341146,328
ENSG00000138435,175612320,175629200,16880
ENSG00000237478,50156934,50157195,261
ENSG00000240481,24859722,24860015,293
ENSG00000221375,138967640,138967762,122
ENSG00000233153,23236561,23244069,7508
ENSG00000248474,73379893,73399041,19148
ENSG00000202167,149146714,149146879,165
ENSG00000256482,24983355,24989492,6137
ENSG00000252719,138992063,138992193,130
ENSG00000207349,149194106,149194269,163
ENSG00000207633,139006307,139006390,83
ENSG00000222551,73567507,73567590,83
ENSG00000252826,149215166,149215300,134
ENSG00000255921,25102097,25113092,10995
ENSG00000232899,20344721,20346300,1579
ENSG00000074603,65734801,65810042,75241
ENSG00000176340,63742079,63744015,1936
ENSG00000248942,73602235,73604150,1915
ENSG00000253195,43397219,43399200,1981
ENSG00000248355,174717734,174718255,521
ENSG00000265023,49769740,49769825,85
ENSG00000206737,149224058,149224221,163
ENSG00000202285,107186823,107186929,106
ENSG00000213736,25120061,25120438,377
ENSG00000272262,202379236,202379335,99
ENSG00000234768,168595038,168605181,10143
ENSG00000235555,49778376,49778677,301
ENSG00000207577,107232000,107232095,95
ENSG00000227131,40239305,40243976,4671
ENSG00000244326,73613811,73614107,296
ENSG00000232721,149230716,149232554,1838
ENSG00000232626,202407524,202409085,1561
ENSG00000215887,50307493,50312072,4579
ENSG00000252125,107454275,107454374,99
ENSG00000237987,168625959,168627197,1238
ENSG00000251041,73617456,73635977,18521
ENSG00000260691,95578783,95620920,42137
ENSG00000229302,20438493,20439381,888
ENSG00000233145,139099427,139100196,769
ENSG00000214985,107547242,107547443,201
ENSG00000220379,29149439,29150374,935
ENSG00000178199,149768794,149806197,37403
ENSG00000258879,25164349,25173827,9478
ENSG00000235124,58011120,58012567,1447
ENSG00000249343,73618311,73624122,5811
ENSG00000261507,33217752,33231583,13831
ENSG00000203384,107549615,107549859,244
ENSG00000228361,168630412,168641395,10983
ENSG00000154743,12525931,12581122,55191
ENSG00000214653,139114503,139115665,1162
ENSG00000221746,50447887,50447967,80
ENSG00000204091,40302693,40347624,44931
ENSG00000239026,174877819,174877921,102
ENSG00000273461,72110212,72119084,8872
ENSG00000263337,33246423,33246597,174
ENSG00000265407,49812054,49812125,71
ENSG00000236439,202440937,202441258,321
ENSG00000203285,107550448,107550687,239
ENSG00000115042,96068469,96082364,13895
ENSG00000233595,50482764,50483175,411
ENSG00000255845,60581405,60589212,7807
ENSG00000270839,174910598,174911195,597
ENSG00000234647,168643618,168663261,19643
ENSG00000239350,72134240,72134438,198
ENSG00000265947,29169703,29169769,66
ENSG00000228945,20442064,20446647,4583
ENSG00000223779,149239531,149265510,25979
ENSG00000250446,73623820,73630591,6771
ENSG00000197813,49834874,49843865,8991
ENSG00000222111,175055191,175055465,274
ENSG00000233182,29183173,29184116,943
ENSG00000198663,36839646,36896740,57094
ENSG00000261009,33271714,33274156,2442
ENSG00000200648,175130901,175131007,106
ENSG00000255959,60603469,60610438,6969
ENSG00000220237,107550963,107551356,393
ENSG00000248673,73665201,73832801,167600
ENSG00000258546,25245649,25246834,1185
ENSG00000258345,56512752,56513723,971
ENSG00000250820,175333942,175385541,51599
ENSG00000230711,168687585,168690030,2445
ENSG00000253042,202496438,202496555,117
ENSG00000256813,60609279,60618554,9275
ENSG00000236852,61998720,61999796,1076
ENSG00000268157,49859409,49861026,1617
ENSG00000271704,20462311,20462888,577
ENSG00000226862,202573396,202574421,1025
ENSG00000169618,68870721,68882708,11987
ENSG00000268484,96904487,96904900,413
ENSG00000021461,99425636,99463718,38082
ENSG00000256066,131220959,131221267,308
ENSG00000207336,74020924,74021029,105
ENSG00000224633,29258648,29259590,942
ENSG00000258317,56513817,56523403,9586
ENSG00000230828,50580609,50580954,345
ENSG00000221295,43415811,43415916,105
ENSG00000251973,131255316,131255422,106
ENSG00000257052,60674261,60677214,2953
ENSG00000199645,74075134,74075238,104
ENSG00000224417,168698749,168702794,4045
ENSG00000268686,49871962,49891338,19376
ENSG00000203284,107555445,107555703,258
ENSG00000225620,202601556,202602039,483
ENSG00000258449,25249802,25253914,4112
ENSG00000221181,20473327,20473432,105
ENSG00000266083,175362212,175362304,92
ENSG00000253845,43527966,43528218,252
ENSG00000250071,74094819,74095925,1106
ENSG00000240429,178976816,178979061,2245
ENSG00000213167,107558468,107558747,279
ENSG00000237337,50639978,50641540,1562
ENSG00000238517,20510081,20510163,82
ENSG00000225819,131273570,131284264,10694
ENSG00000256944,60680638,60681524,886
ENSG00000273189,49977843,49990894,13051
ENSG00000235449,202736357,202736546,189
ENSG00000076604,27071002,27077974,6972
ENSG00000185594,97326619,97328845,2226
ENSG00000253198,43529413,43529734,321
ENSG00000203281,107584371,107584617,246
ENSG00000074706,154475631,154677926,202295
ENSG00000201439,25557222,25557362,140
ENSG00000221147,20579240,20579322,82
ENSG00000257809,56544580,56552004,7424
ENSG00000273190,179055910,179056371,461
ENSG00000255730,41856758,41930906,74148
ENSG00000081052,227867427,228028829,161402
ENSG00000257571,29267209,29267748,539
ENSG00000250801,175399614,175412859,13245
ENSG00000234206,107831007,107832925,1918
ENSG00000241846,25562227,25562379,152
ENSG00000241248,139168014,139168307,293
ENSG00000261079,74401360,74403724,2364
ENSG00000271714,74161718,74163679,1961
ENSG00000256196,60685941,60692869,6928
ENSG00000269372,20585356,20585532,176
ENSG00000226148,202765158,202766222,1064
ENSG00000233407,50671756,50688799,17043
ENSG00000230707,139173902,139174720,818
ENSG00000260771,168775377,168776035,658
ENSG00000260743,179058110,179059675,1565
ENSG00000258199,56556143,56584068,27925
ENSG00000261170,74456018,74469152,13134
ENSG00000232435,29297638,29299073,1435
ENSG00000212363,74178481,74178608,127
ENSG00000256079,25588515,25589172,657
ENSG00000207153,60752533,60752639,106
ENSG00000238420,108251292,108251386,94
ENSG00000255915,47172182,47172472,290
ENSG00000252439,20444739,20444833,94
ENSG00000201675,49993222,49993305,83
ENSG00000256100,63742092,63755818,13726
ENSG00000234080,50791803,50792682,879
ENSG00000255905,169067733,169068243,510
ENSG00000249856,74213551,74319753,106202
ENSG00000269728,179113877,179115965,2088
ENSG00000232778,108253004,108253458,454
ENSG00000256733,60823209,60835007,11798
ENSG00000260021,202779366,202779957,591
ENSG00000225341,131287848,131294755,6907
ENSG00000233522,20488139,20515096,26957
ENSG00000199631,49993872,49993956,84
ENSG00000231110,139298187,139298956,769
ENSG00000255988,25593809,25593986,177
ENSG00000272476,108278617,108281190,2573
ENSG00000268174,20599320,20599875,555
ENSG00000204092,40312083,40313890,1807
ENSG00000251953,20508009,20508124,115
ENSG00000223704,27254597,27261749,7152
ENSG00000260539,74481325,74483790,2465
ENSG00000202503,49994161,49994231,70
ENSG00000242609,72136039,72136876,837
ENSG00000228288,202780082,202781284,1202
ENSG00000224987,108306293,108306894,601
ENSG00000226070,40326483,40337213,10730
ENSG00000196390,74225705,74226391,686
ENSG00000256220,60994640,61016005,21365
ENSG00000252667,20509921,20510033,112
ENSG00000253425,47460711,47462424,1713
ENSG00000232408,131341122,131348036,6914
ENSG00000263204,33287358,33287592,234
ENSG00000235815,169116745,169123604,6859
ENSG00000229316,50864497,50865445,948
ENSG00000200259,49994432,49994517,85
ENSG00000251794,74490439,74490509,70
ENSG00000242612,451826,462487,10661
ENSG00000249571,29384836,29385782,946
ENSG00000252767,40375592,40375694,102
ENSG00000240823,61211602,61211899,297
ENSG00000257009,25738928,25745862,6934
ENSG00000200530,50000977,50001063,86
ENSG00000207525,74497786,74497886,100
ENSG00000249726,20548860,20551037,2177
ENSG00000253090,108306863,108306983,120
ENSG00000239517,74227487,74227642,155
ENSG00000255931,61263912,61267548,3636
ENSG00000236075,40469370,40470132,762
ENSG00000242539,179114749,179116979,2230
ENSG00000225879,169362705,169364436,1731
ENSG00000205869,1605572,1606513,941
ENSG00000272494,175433148,175434390,1242
ENSG00000125363,11311533,11318881,7348
ENSG00000231112,108307015,108307235,220
ENSG00000243083,72200408,72223483,23075
ENSG00000182383,74286014,74286462,448
ENSG00000242352,149261186,149263729,2543
ENSG00000222950,25932221,25932503,282
ENSG00000223243,80510359,80510454,95
ENSG00000266006,61276068,61276129,61
ENSG00000262090,33298410,33298560,150
ENSG00000225093,108325561,108326772,1211
ENSG00000249157,74302538,74302837,299
ENSG00000226454,40484075,40491672,7597
ENSG00000256686,25935640,25967105,31465
ENSG00000164256,23507264,23528706,21442
ENSG00000231369,27282872,27283511,639
ENSG00000256443,61306988,61309731,2743
ENSG00000251757,131380411,131380517,106
ENSG00000271734,108351453,108351922,469
ENSG00000229720,169434292,169435737,1445
ENSG00000263669,70302150,70302404,254
ENSG00000205867,1618409,1619524,1115
ENSG00000224596,80703085,80827652,124567
ENSG00000250992,175467747,175469881,2134
ENSG00000255725,25956137,25957460,1323
ENSG00000225671,50871102,50871696,594
ENSG00000224942,139479227,139480476,1249
ENSG00000170356,143947138,143950050,2912
ENSG00000233060,70316853,70323232,6379
ENSG00000238490,108382022,108382134,112
ENSG00000250230,61355966,61375022,19056
ENSG00000164074,128886461,128960866,74405
ENSG00000260626,33336283,33337443,1160
ENSG00000235271,27299255,27316574,17319
ENSG00000234519,169467913,169469519,1606
ENSG00000257010,131414572,131414880,308
ENSG00000270962,149279016,149279311,295
ENSG00000225174,108444719,108480596,35877
ENSG00000250889,74343544,74348668,5124
ENSG00000256440,25984350,25987116,2766
ENSG00000221826,43225790,43244721,18931
ENSG00000175395,38238500,38265561,27061
ENSG00000256256,26035888,26038788,2900
ENSG00000223485,169558187,169563019,4832
ENSG00000234856,29432158,29437368,5210
ENSG00000214081,131437623,131449264,11641
ENSG00000226067,149284645,149286975,2330
ENSG00000214796,202820956,202830748,9792
ENSG00000226362,20552880,20566932,14052
ENSG00000243742,61382508,61406921,24413
ENSG00000226505,70321026,70330352,9326
ENSG00000252105,149286177,149286322,145
ENSG00000146966,140218220,140373793,155573
ENSG00000259040,7881755,8064597,182842
ENSG00000235999,149287451,149291743,4292
ENSG00000248498,47490835,47526145,35310
ENSG00000238974,108564659,108564762,103
ENSG00000227668,29442587,29443633,1046
ENSG00000152520,28712643,28869475,156832
ENSG00000233430,149305910,149313076,7166
ENSG00000224143,31839421,31849264,9843
ENSG00000233511,108573418,108573604,186
ENSG00000244479,143948357,144053274,104917
ENSG00000006015,18699495,18703146,3651
ENSG00000138795,108968701,109090112,121411
ENSG00000261039,169575401,169582835,7434
ENSG00000200443,27431850,27431954,104
ENSG00000244045,26684604,26708716,24112
ENSG00000212044,149323331,149323422,91
ENSG00000212525,108573605,108573711,106
ENSG00000251209,98285448,98417780,132332
ENSG00000226445,169613349,169639660,26311
ENSG00000237503,149340659,149341066,407
ENSG00000251663,74521249,74521493,244
ENSG00000236858,27444106,27456480,12374
ENSG00000230248,108596846,108597750,904
ENSG00000225716,20602683,20603011,328
ENSG00000206974,108613970,108614073,103
ENSG00000096401,44355262,44418163,62901
ENSG00000247372,74615980,74632739,16759
ENSG00000238055,108639283,108639608,325
ENSG00000229406,20615036,20634023,18987
ENSG00000225392,70329683,70329994,311
ENSG00000265494,13812548,13814529,1981
ENSG00000253193,149369294,149378365,9071
ENSG00000233085,169686629,169689311,2682
ENSG00000233852,13836037,13843911,7874
ENSG00000271815,74659585,74660067,482
ENSG00000255947,61422137,61423174,1037
ENSG00000223376,29456833,29457238,405
ENSG00000266744,13861065,13870269,9204
ENSG00000234446,222502263,222506533,4270
ENSG00000168038,41288090,42003922,715832
ENSG00000251458,175551213,175558464,7251
ENSG00000231327,70351168,70352449,1281
ENSG00000224999,169696566,169698054,1488
ENSG00000238079,108693976,108694131,155
ENSG00000141028,13927831,13928805,974
ENSG00000233868,222808942,222809331,389
ENSG00000252831,141913820,141913910,90
ENSG00000251623,175564160,175582741,18581
ENSG00000233135,127162255,127162501,246
ENSG00000231405,27539439,27555840,16401
ENSG00000124915,61513965,61525127,11162
ENSG00000227072,108708716,108709284,568
ENSG00000225147,141946265,141946641,376
ENSG00000200799,108713277,108713381,104
ENSG00000242198,74670288,74670634,346
ENSG00000227494,20642973,20649286,6313
ENSG00000227886,29465072,29478119,13047
ENSG00000226194,169770093,169788480,18387
ENSG00000271608,108872221,108872410,189
ENSG00000142046,41856816,41889988,33172
ENSG00000207088,129116053,129116191,138
ENSG00000140450,98462784,98517068,54284
ENSG00000221238,70480050,70480137,87
ENSG00000120088,43699267,43913194,213927
ENSG00000263377,139486264,139486355,91
ENSG00000070886,22890057,22930087,40030
ENSG00000239437,129310192,129310488,296
ENSG00000246695,26092262,26112698,20436
ENSG00000228976,108939203,108939488,285
ENSG00000251724,74834423,74834483,60
ENSG00000237675,127262940,127267014,4074
ENSG00000238195,27600173,27601088,915
ENSG00000248659,129350862,129351335,473
ENSG00000263881,111042430,111042520,90
ENSG00000225758,139553031,139553439,408
ENSG00000266607,70943224,71114201,170977
ENSG00000272848,169826515,169827164,649
ENSG00000248881,74894307,74895205,898
ENSG00000134115,1134260,1445901,311641
ENSG00000202412,129537775,129537876,101
ENSG00000252968,142029565,142029647,82
ENSG00000226666,222826456,222828484,2028
ENSG00000252786,129538620,129538719,99
ENSG00000233521,27617310,27620688,3378
ENSG00000248596,175570088,175626298,56210
ENSG00000261757,142083347,142084986,1639
ENSG00000265654,170097344,170097429,85
ENSG00000231414,70480987,70481142,155
ENSG00000203644,129565893,129566800,907
ENSG00000264336,111058889,111058970,81
ENSG00000232640,170125187,170125950,763
ENSG00000233849,70528583,70529204,621
ENSG00000236714,142125165,142140563,15398
ENSG00000231500,33239787,33244287,4500
ENSG00000203801,109072857,109091145,18288
ENSG00000230668,139763271,139769870,6599
ENSG00000271270,129612714,129637418,24704
ENSG00000227704,170125600,170139088,13488
ENSG00000272040,74904642,74905808,1166
ENSG00000233857,29496990,29501138,4148
ENSG00000167770,63753325,63769283,15958
ENSG00000240929,149369722,149399226,29504
ENSG00000226991,111116367,111116703,336
ENSG00000266896,170170509,170172138,1629
ENSG00000221081,140008337,140008384,47
ENSG00000234996,202830882,202844369,13487
ENSG00000272849,122235417,122239878,4461
ENSG00000235289,70580142,70583047,2905
ENSG00000229214,170188886,170198921,10035
ENSG00000229269,140013903,140079613,65710
ENSG00000250643,129672948,129688137,15189
ENSG00000256811,122294165,122294965,800
ENSG00000100154,28374004,29075853,701849
ENSG00000243113,202842422,202843454,1032
ENSG00000254070,47583461,47583548,87
ENSG00000175334,65769550,65771620,2070
ENSG00000240118,32789894,32825298,35404
ENSG00000231690,170190417,170202969,12552
ENSG00000207333,75005320,75005424,104
ENSG00000234571,149372292,149379646,7354
ENSG00000248459,129717374,129717779,405
ENSG00000224361,23729913,23747214,17301
ENSG00000239082,122346009,122346069,60
ENSG00000207041,140212215,140212321,106
ENSG00000251078,75048395,75049304,909
ENSG00000255856,122445340,122457920,12580
ENSG00000207601,61559967,61560033,66
ENSG00000273213,149398877,149400540,1663
ENSG00000226272,142239169,142248487,9318
ENSG00000233574,27672201,27682310,10109
ENSG00000251470,47609252,47610310,1058
ENSG00000222326,61582633,61582712,79
ENSG00000230186,149400063,149429348,29285
ENSG00000236173,170209414,170210198,784
ENSG00000112419,143857982,144152322,294340
ENSG00000223726,27703444,27714499,11055
ENSG00000200898,61705366,61705472,106
ENSG00000252209,20648397,20648558,161
ENSG00000244176,61779223,61780074,851
ENSG00000230280,202880940,202881857,917
ENSG00000232197,170477741,170478251,510
ENSG00000268074,149424566,149424954,388
ENSG00000109466,166128770,166244308,115538
ENSG00000228993,29505274,29506357,1083
ENSG00000213658,28996147,29002104,5957
ENSG00000229229,70630066,70649810,19744
ENSG00000256546,122501212,122506522,5310
ENSG00000260338,5651170,5666197,15027
ENSG00000254424,61840354,61840524,170
ENSG00000226741,27706612,27713417,6805
ENSG00000214925,140232663,140233358,695
ENSG00000215996,70682662,70682756,94
ENSG00000171357,46669006,46686933,17927
ENSG00000144152,112895962,112945791,49829
ENSG00000273100,170493905,170494884,979
ENSG00000272699,179123236,179123732,496
ENSG00000248863,140347453,140352038,4585
ENSG00000212544,149514090,149514256,166
ENSG00000251419,75127080,75128589,1509
ENSG00000199471,202884008,202884108,100
ENSG00000255553,61844749,61849656,4907
ENSG00000239255,179170183,179170207,24
ENSG00000232049,29520811,29521758,947
ENSG00000271594,149524787,149525073,286
ENSG00000230650,111118185,111121314,3129
ENSG00000218716,170514993,170515482,489
ENSG00000219565,109103329,109108256,4927
ENSG00000234761,202955685,202957710,2025
ENSG00000221257,5810688,5810789,101
ENSG00000268544,149575345,149575767,422
ENSG00000270440,5888132,5888662,530
ENSG00000239005,140357522,140357648,126
ENSG00000236607,61936765,61937300,535
ENSG00000181260,179182134,179183116,982
ENSG00000226331,222909244,222909713,469
ENSG00000230051,27727748,27775226,47478
ENSG00000240861,74586149,74586644,495
ENSG00000224606,70694517,70695627,1110
ENSG00000249302,140467420,140467881,461
ENSG00000188428,8013800,8064647,50847
ENSG00000188626,28947100,28983530,36430
ENSG00000257180,6106976,6142955,35979
ENSG00000231547,202968866,202969480,614
ENSG00000253899,26921513,26922795,1282
ENSG00000254404,61980899,62028021,47122
ENSG00000272717,140477953,140478797,844
ENSG00000235035,70914274,70918956,4682
ENSG00000137876,55473004,55489265,16261
ENSG00000270945,74646494,74647119,625
ENSG00000227880,27853208,27856021,2813
ENSG00000266023,56588931,56589180,249
ENSG00000200291,117048207,117048308,101
ENSG00000230960,170563422,170571657,8235
ENSG00000255213,62098418,62099285,867
ENSG00000268421,131308884,131309525,641
ENSG00000239500,117250142,117250763,621
ENSG00000258260,56661577,56663888,2311
ENSG00000261268,140539290,140544386,5096
ENSG00000234775,203096387,203097082,695
ENSG00000228984,47696422,47697550,1128
ENSG00000249301,75206108,75206401,293
ENSG00000262904,74701404,74702604,1200
ENSG00000260835,6623768,6627360,3592
ENSG00000223853,29541490,29542417,927
ENSG00000116030,203070903,203103331,32428
ENSG00000269501,149575482,149616786,41304
ENSG00000271820,170575757,170585850,10093
ENSG00000255118,62104383,62105562,1179
ENSG00000257303,56693926,56708592,14666
ENSG00000224671,203113092,203122028,8936
ENSG00000259963,6771787,6771961,174
ENSG00000179104,83080659,83528649,447990
ENSG00000231559,109138883,109139129,246
ENSG00000267034,223181961,223183372,1411
ENSG00000249634,20652801,20656181,3380
ENSG00000221623,27005221,27005309,88
ENSG00000263661,74781109,74781209,100
ENSG00000201533,140606281,140606581,300
ENSG00000252080,6798909,6798970,61
ENSG00000253888,27041838,27068011,26173
ENSG00000254454,62138618,62140640,2022
ENSG00000228034,71030289,71030558,269
ENSG00000178458,140619298,140619708,410
ENSG00000218872,109177603,109177940,337
ENSG00000261458,74876485,74877781,1296
ENSG00000240253,131447706,131476404,28698
ENSG00000227508,170581562,170588975,7413
ENSG00000257740,56702652,56703233,581
ENSG00000200869,6923900,6924006,106
ENSG00000224027,27959800,27969534,9734
ENSG00000236523,203224871,203225603,732
ENSG00000133812,9800214,10315754,515540
ENSG00000230789,142572065,142573731,1666
ENSG00000108826,48445218,48450575,5357
ENSG00000212189,7054008,7054113,105
ENSG00000252233,140715279,140715587,308
ENSG00000237458,117262711,117262981,270
ENSG00000252206,56746171,56746234,63
ENSG00000237732,223182994,223217708,34714
ENSG00000240419,7176294,7176640,346
ENSG00000227838,28072556,28110959,38403
ENSG00000175772,111132715,111142019,9304
ENSG00000250698,141049169,141055719,6550
ENSG00000265696,62140128,62140191,63
ENSG00000185087,98980391,99057611,77220
ENSG00000248684,75206390,75207692,1302
ENSG00000259099,56774145,56776495,2350
ENSG00000255126,62158988,62160844,1856
ENSG00000224293,29545041,29545330,289
ENSG00000271234,170606964,170607463,499
ENSG00000252405,7481218,7481297,79
ENSG00000264164,30410198,30424084,13886
ENSG00000164167,147096837,147121152,24315
ENSG00000119778,23971534,24149984,178450
ENSG00000247033,75142499,75144610,2111
ENSG00000228834,109228818,109229076,258
ENSG00000235170,62062012,62062972,960
ENSG00000261198,7664232,7664994,762
ENSG00000252300,141196195,141196266,71
ENSG00000231386,71037930,71038606,676
ENSG00000105696,18718240,18731849,13609
ENSG00000188089,42273780,42343388,69608
ENSG00000234770,27417791,27446590,28799
ENSG00000255446,62189317,62194196,4879
ENSG00000266245,170639849,170639932,83
ENSG00000231479,31818512,31834373,15861
ENSG00000261058,75153456,75178098,24642
ENSG00000231507,203256280,203257929,1649
ENSG00000252138,7776843,7776953,110
ENSG00000228367,75216495,75217485,990
ENSG00000173838,60778675,60885705,107030
ENSG00000108001,131633547,131762105,128558
ENSG00000196951,141204878,141294535,89657
ENSG00000230290,109244179,109245306,1127
ENSG00000231579,142712170,142712804,634
ENSG00000261003,170723227,170728413,5186
ENSG00000260289,7938491,7944397,5906
ENSG00000238861,62231107,62231196,89
ENSG00000213318,75226363,75227145,782
ENSG00000271730,109319685,109320328,643
ENSG00000249429,142869420,142910915,41495
ENSG00000231495,28103578,28105929,2351
ENSG00000228182,62063167,62063776,609
ENSG00000250659,62304784,62309490,4706
ENSG00000222109,7949340,7949433,93
ENSG00000266379,30415179,30421952,6773
ENSG00000223349,131449816,131451343,1527
ENSG00000226169,28112468,28117665,5197
ENSG00000163219,68906733,69053965,147232
ENSG00000199944,109380712,109380817,105
ENSG00000257058,62313471,62315171,1700
ENSG00000260003,8326265,8345702,19437
ENSG00000234570,62098281,62104312,6031
ENSG00000226065,111140689,111142219,1530
ENSG00000265013,29549832,29549915,83
ENSG00000233908,109609643,109609765,122
ENSG00000237751,71115001,71117089,2088
ENSG00000254964,62373633,62373877,244
ENSG00000229797,131501111,131513452,12341
ENSG00000233791,203267886,203274437,6551
ENSG00000240338,75259972,75262093,2121
ENSG00000206597,62432894,62433042,148
ENSG00000261319,8348494,8349774,1280
ENSG00000133895,64570982,64578766,7784
ENSG00000222314,38712553,38712656,103
ENSG00000219700,109609774,109611706,1932
ENSG00000249777,75371356,75371745,389
ENSG00000249754,141235317,141235704,387
ENSG00000267811,62538592,62539078,486
ENSG00000005302,11776278,11793870,17592
ENSG00000264844,8359541,8359659,118
ENSG00000228882,38741915,38744293,2378
ENSG00000233368,149576594,149577296,702
ENSG00000175315,65779312,65780976,1664
ENSG00000230823,62519126,62519552,426
ENSG00000260058,8359964,8407862,47898
ENSG00000270989,175630317,175630713,396
ENSG00000229569,80760241,80763560,3319
ENSG00000269176,62553498,62554257,759
ENSG00000234524,117280026,117280524,498
ENSG00000269614,149587502,149587988,486
ENSG00000200822,223269704,223269814,110
ENSG00000241923,141287394,141288015,621
ENSG00000251667,175735066,175736016,950
ENSG00000202300,203288124,203288227,103
ENSG00000203496,38742109,38755104,12995
ENSG00000269463,62575154,62575535,381
ENSG00000235426,81142084,81169030,26946
ENSG00000259819,8419866,8426278,6412
ENSG00000228670,223317119,223317845,726
ENSG00000229652,203322493,203322779,286
ENSG00000229801,149590752,149591762,1010
ENSG00000260379,8558071,8558587,516
ENSG00000263369,30433349,30441144,7795
ENSG00000235954,28315364,28404569,89205
ENSG00000135077,156512843,156569880,57037
ENSG00000239064,71157470,71157545,75
ENSG00000138160,94353043,94415150,62107
ENSG00000259021,81259422,81259740,318
ENSG00000271588,203369394,203369709,315
ENSG00000253023,142922079,142922152,73
ENSG00000242102,141499079,141499374,295
ENSG00000232151,149605640,149633208,27568
ENSG00000252361,62583438,62583539,101
ENSG00000241317,81263829,81266037,2208
ENSG00000261066,8576551,8582015,5464
ENSG00000258691,96671181,96730266,59085
ENSG00000270619,117412122,117417330,5208
ENSG00000251205,142938784,142942113,3329
ENSG00000239322,71168947,71175740,6793
ENSG00000215151,38894549,38898740,4191
ENSG00000248621,141521555,141521729,174
ENSG00000264442,62584302,62584561,259
ENSG00000259084,96129593,96158967,29374
ENSG00000202016,223363010,223363117,107
ENSG00000085999,46713360,46744145,30785
ENSG00000243954,8777111,8777406,295
ENSG00000264567,117512907,117513007,100
ENSG00000272475,81270301,81270439,138
ENSG00000202496,149605917,149606079,162
ENSG00000256690,62599706,62601515,1809
ENSG00000232503,131534219,131534530,311
ENSG00000203799,109612231,109676266,64035
ENSG00000238417,8799313,8799374,61
ENSG00000249661,141562994,141566643,3649
ENSG00000234285,223368602,223369562,960
ENSG00000249881,142985193,143208337,223144
ENSG00000235437,62563106,62780951,217845
ENSG00000236035,203626097,203626888,791
ENSG00000260764,8825273,8825416,143
ENSG00000271985,81286264,81286387,123
ENSG00000268554,149626959,149637707,10748
ENSG00000002726,150521715,150558592,36877
ENSG00000207155,141621989,141622096,107
ENSG00000207582,135812763,135812850,87
ENSG00000252101,75320610,75320696,86
ENSG00000233221,131588551,131594567,6016
ENSG00000222328,62609091,62609281,190
ENSG00000233404,102508955,102511150,2195
ENSG00000248335,141633322,141637235,3913
ENSG00000259999,75355788,75358946,3158
ENSG00000225638,38929039,38931213,2174
ENSG00000199153,135817119,135817188,69
ENSG00000070031,626431,627143,712
ENSG00000232965,81303843,81304112,269
ENSG00000100739,96722161,96735304,13143
ENSG00000153822,68049570,68131749,82179
ENSG00000261783,75413716,75415158,1442
ENSG00000230596,111143954,111145740,1786
ENSG00000254028,135844990,135846725,1735
ENSG00000273472,141677682,141679075,1393
ENSG00000250857,47703687,47704686,999
ENSG00000251342,75374491,75375588,1097
ENSG00000219430,81342054,81344633,2579
ENSG00000253433,135850312,135854880,4568
ENSG00000222613,141700193,141700295,102
ENSG00000261428,223431624,223434438,2814
ENSG00000250909,175774944,175780587,5643
ENSG00000248747,142161893,142199943,38050
ENSG00000272910,179301050,179301550,500
ENSG00000261212,140267420,140267773,353
ENSG00000251218,135862178,135894142,31964
ENSG00000260350,8941507,8942581,1074
ENSG00000272660,179302059,179302198,139
ENSG00000248127,75377771,75380011,2240
ENSG00000213423,140355255,140358349,3094
ENSG00000175294,65784223,65793988,9765
ENSG00000221118,77414400,77414539,139
ENSG00000251414,175781209,175783171,1962
ENSG00000239903,149646785,149649302,2517
ENSG00000239096,179332563,179332666,103
ENSG00000238695,142218928,142219032,104
ENSG00000268265,34947431,34947645,214
ENSG00000252305,14080448,14080627,179
ENSG00000260276,8941962,8954274,12312
ENSG00000249278,77430437,77430872,435
ENSG00000226186,71183029,71183364,335
ENSG00000268467,107462471,107463949,1478
ENSG00000221464,175794949,175795034,85
ENSG00000213165,179343366,179345434,2068
ENSG00000231595,14113805,14121239,7434
ENSG00000241159,71192701,71192995,294
ENSG00000233751,223542396,223543008,612
ENSG00000244413,135991070,135991522,452
ENSG00000252829,131687335,131687457,122
ENSG00000248810,142240604,142253772,13168
ENSG00000252833,75387533,75387626,93
ENSG00000249209,34956993,35284635,327642
ENSG00000243977,179367282,179367988,706
ENSG00000230450,131935191,131936519,1328
ENSG00000196224,1628795,1629693,898
ENSG00000228384,71221573,71229884,8311
ENSG00000254083,136246374,136311962,65588
ENSG00000253314,47733859,47765929,32070
ENSG00000258729,96741383,96743060,1677
ENSG00000140443,99192200,99507759,315559
ENSG00000170290,107578104,107590419,12315
ENSG00000257301,30461233,30465132,3899
ENSG00000257275,96178084,96223993,45909
ENSG00000262786,14198829,14200917,2088
ENSG00000261200,33344309,33348279,3970
ENSG00000270178,179521851,179522154,303
ENSG00000207307,77453375,77453480,105
ENSG00000221373,175878763,175878873,110
ENSG00000069696,637293,640706,3413
ENSG00000266478,143059425,143059536,111
ENSG00000234232,149649060,149719362,70302
ENSG00000164902,125935960,125962944,26984
ENSG00000251668,75466755,75466928,173
ENSG00000263445,77494721,77494785,64
ENSG00000243959,175974436,175974727,291
ENSG00000243799,179593164,179599397,6233
ENSG00000266709,14207171,14208822,1651
ENSG00000225869,143131655,143132269,614
ENSG00000207420,175983705,175983806,101
ENSG00000265314,77496704,77496779,75
ENSG00000115590,102608306,102645006,36700
ENSG00000163492,179694484,179914813,220329
ENSG00000266378,14230652,14232791,2139
ENSG00000254893,75465911,75470171,4260
ENSG00000225448,131938726,131938942,216
ENSG00000124467,43256838,43359843,103005
ENSG00000265266,136252033,136252102,69
ENSG00000231335,77558776,77565521,6745
ENSG00000183323,68576002,68628636,52634
ENSG00000230647,14277456,14324343,46887
ENSG00000263357,96317818,96317927,109
ENSG00000254372,136468108,136469195,1087
ENSG00000241598,1642188,1643368,1180
ENSG00000266329,176056440,176056501,61
ENSG00000263364,96837258,96837327,69
ENSG00000244302,179616017,179639683,23666
ENSG00000258516,96321885,96332801,10916
ENSG00000238852,223562615,223562719,104
ENSG00000233860,77678113,77679627,1514
ENSG00000230897,14608393,14608851,458
ENSG00000261466,33350764,33356875,6111
ENSG00000250189,142326326,142328740,2414
ENSG00000258846,97294475,97296476,2001
ENSG00000253915,136637428,136638224,796
ENSG00000203531,223563342,223564203,861
ENSG00000224218,77679707,77723117,43410
ENSG00000236956,131947407,131955066,7659
ENSG00000199652,136754586,136754738,152
ENSG00000272632,142351985,142352438,453
ENSG00000185940,1651033,1652160,1127
ENSG00000250366,96342729,96391908,49179
ENSG00000250141,142491084,142497230,6146
ENSG00000264124,77775117,77775213,96
ENSG00000107651,121652223,121702014,49791
ENSG00000253248,137059264,137178365,119101
ENSG00000236469,71229661,71291873,62212
ENSG00000242134,143208070,143208778,708
ENSG00000270244,77807182,77807523,341
ENSG00000268602,107582998,107595135,12137
ENSG00000250835,143238391,143238699,308
ENSG00000261405,33365116,33373402,8286
ENSG00000242727,77812187,77812598,411
ENSG00000253839,137501691,137542119,40428
ENSG00000226130,14629046,14633003,3957
ENSG00000266029,71239461,71239537,76
ENSG00000227779,140474987,140475271,284
ENSG00000251248,143435599,143440136,4537
ENSG00000235225,223591176,223591553,377
ENSG00000264627,197154133,197154429,296
ENSG00000266186,71240219,71240287,68
ENSG00000205325,14670900,14683520,12620
ENSG00000237168,149664577,149664889,312
ENSG00000214306,107643129,107647344,4215
ENSG00000252923,197550872,197551054,182
ENSG00000247271,10879806,10928349,48543
ENSG00000249014,75537849,75538229,380
ENSG00000249806,143487172,143582103,94931
ENSG00000226574,140590843,140738057,147214
ENSG00000225636,197879714,197880739,1025
ENSG00000234036,77880013,77880322,309
ENSG00000224442,197893435,197894867,1432
ENSG00000254101,137543041,137997178,454137
ENSG00000223438,140713994,140714863,869
ENSG00000214305,107650219,107652316,2097
ENSG00000250326,143854348,144106014,251666
ENSG00000238212,14737955,14803871,65916
ENSG00000265812,71244154,71244239,85
ENSG00000131013,149825869,149867174,41305
ENSG00000252925,149671723,149671868,145
ENSG00000223759,149672997,149677289,4292
ENSG00000231621,198062715,198063997,1282
ENSG00000205847,71256158,71257023,865
ENSG00000231190,29550091,29550608,517
ENSG00000250041,10906432,10920869,14437
ENSG00000202368,97373306,97373407,101
ENSG00000066739,96747595,96830207,82612
ENSG00000197844,149689368,149689854,486
ENSG00000236205,141235648,141236652,1004
ENSG00000224121,223769358,223769773,415
ENSG00000258131,97379434,97579387,199953
ENSG00000226156,14851058,14851515,457
ENSG00000236977,198115582,198167243,51661
ENSG00000214062,78003556,78004279,723
ENSG00000263825,149708860,149708951,91
ENSG00000234485,71264815,71265833,1018
ENSG00000260950,260118,264367,4249
ENSG00000259939,8947169,8948204,1035
ENSG00000205864,1718425,1718985,560
ENSG00000129277,34430983,34433014,2031
ENSG00000254401,11139401,11205158,65757
ENSG00000257470,97417799,97444907,27108
ENSG00000226500,149725851,149726260,409
ENSG00000230888,29603636,29603919,283
ENSG00000232058,14918122,14955593,37471
ENSG00000261481,8963108,8963889,781
ENSG00000271676,78033648,78034611,963
ENSG00000251107,75576781,75577092,311
ENSG00000201641,78071481,78071590,109
ENSG00000034053,29129629,29410518,280889
ENSG00000259944,14934292,14935274,982
ENSG00000260979,9056563,9060847,4284
ENSG00000253828,47738850,47740031,1181
ENSG00000230482,198127835,198128259,424
ENSG00000254957,11157029,11159205,2176
ENSG00000270669,78137569,78138031,462
ENSG00000251300,143966239,143967031,792
ENSG00000255717,62619460,62623386,3926
ENSG00000144015,96257766,96265526,7760
ENSG00000250006,78232550,78233264,714
ENSG00000250348,75581367,75607287,25920
ENSG00000242663,149754433,149783312,28879
ENSG00000225979,198176117,198177464,1347
ENSG00000244242,1753640,1771821,18181
ENSG00000265163,15008554,15009504,950
ENSG00000248831,78271523,78272388,865
ENSG00000234193,223782105,223784081,1976
ENSG00000189180,38299578,38354016,54438
ENSG00000206678,138117595,138117701,106
ENSG00000233030,149757215,149764576,7361
ENSG00000249036,78315645,78415440,99795
ENSG00000264382,71266437,71266490,53
ENSG00000261392,9162411,9166269,3858
ENSG00000238806,15141102,15141200,98
ENSG00000270897,11203654,11203960,306
ENSG00000254076,138708967,138710710,1743
ENSG00000265621,223797312,223797401,89
ENSG00000213104,198244425,198245616,1191
ENSG00000225469,141260652,141261775,1123
ENSG00000262944,9198705,9200618,1913
ENSG00000234896,71282657,71283133,476
ENSG00000168286,67876213,67878097,1884
ENSG00000221711,78623900,78623957,57
ENSG00000265110,15154944,15155013,69
ENSG00000264207,149802876,149804109,1233
ENSG00000261321,289769,295730,5961
ENSG00000112242,20402398,20493941,91543
ENSG00000243125,224113219,224113512,293
ENSG00000163006,109403213,109501933,98720
ENSG00000236926,29675658,29676080,422
ENSG00000255123,11261306,11261827,521
ENSG00000260349,9199691,9201031,1340
ENSG00000266045,75627662,75629781,2119
ENSG00000250214,78785662,78785958,296
ENSG00000265445,15164332,15169024,4692
ENSG00000253288,138821687,139095813,274126
ENSG00000202434,198269442,198269578,136
ENSG00000233299,224262985,224263264,279
ENSG00000206836,198312469,198312575,106
ENSG00000250969,144207446,144251011,43565
ENSG00000220323,149814608,149815100,492
ENSG00000263244,9201098,9207038,5940
ENSG00000255260,11264735,11265262,527
ENSG00000230971,15170778,15175607,4829
ENSG00000249663,29687895,29688885,990
ENSG00000200049,144230619,144230719,100
ENSG00000261660,145059323,145094942,35619
ENSG00000231699,198398527,198398689,162
ENSG00000261716,149816065,149820591,4526
ENSG00000159337,42359207,42386752,27545
ENSG00000272735,71294649,71295255,606
ENSG00000252594,47742672,47742778,106
ENSG00000260707,254332,263814,9482
ENSG00000147789,146052849,146072894,20045
ENSG00000248926,78879154,78879934,780
ENSG00000255351,11373973,11374854,881
ENSG00000237377,15179879,15182794,2915
ENSG00000272993,149817383,149818053,670
ENSG00000237035,199052526,199056245,3719
ENSG00000175229,65809423,65816651,7228
ENSG00000254118,47749200,47750328,1128
ENSG00000090565,475619,573011,97392
ENSG00000178972,144256418,144258970,2552
ENSG00000254361,138864570,138941287,76717
ENSG00000237705,56137843,56157991,20148
ENSG00000233867,38934102,38982199,48097
ENSG00000248484,176134357,176153244,18887
ENSG00000203819,149821760,149822339,579
ENSG00000228491,29706644,29713883,7239
ENSG00000265623,144264613,144264688,75
ENSG00000262234,102455853,102538940,83087
ENSG00000200437,15214662,15214768,106
ENSG00000251235,75672500,75672974,474
ENSG00000108010,131934663,131982785,48122
ENSG00000255462,11591631,11595329,3698
ENSG00000248956,78885094,78885665,571
ENSG00000253988,139075511,139085483,9972
ENSG00000251446,176153943,176166459,12516
ENSG00000228981,144270428,144271270,842
ENSG00000223945,150025846,150027020,1174
ENSG00000236653,199164087,199239821,75734
ENSG00000266667,15283181,15321195,38014
ENSG00000233594,55662292,55662758,466
ENSG00000250625,141282138,141283276,1138
ENSG00000253432,140108548,140115073,6525
ENSG00000136807,130547958,130553066,5108
ENSG00000266645,11678198,11678269,71
ENSG00000248859,176170206,176170872,666
ENSG00000239888,15311701,15312003,302
ENSG00000248640,78909014,78909967,953
ENSG00000110660,107661717,107799019,137302
ENSG00000255309,11780648,11780980,332
ENSG00000231189,224363491,224369329,5838
ENSG00000250673,147145709,147150208,4499
ENSG00000240047,74968117,74968882,765
ENSG00000251744,140120673,140120777,104
ENSG00000234324,15346953,15347505,552
ENSG00000243175,144345906,144347166,1260
ENSG00000255492,11878037,11878406,369
ENSG00000253783,140126436,140140196,13760
ENSG00000225421,199417919,199637080,219161
ENSG00000264051,71352653,71352722,69
ENSG00000235610,224370194,224375651,5457
ENSG00000201000,141498839,141498957,118
ENSG00000251666,176478715,176479964,1249
ENSG00000233870,71405717,71405903,186
ENSG00000266187,150183930,150184221,291
ENSG00000254258,140472305,140475259,2954
ENSG00000252837,58304072,58304378,306
ENSG00000257589,32974007,32976386,2379
ENSG00000266319,141694646,141694731,85
ENSG00000252511,199431369,199431453,84
ENSG00000069974,55495164,55611311,116147
ENSG00000248128,78924297,78924593,296
ENSG00000226539,224569338,224570055,717
ENSG00000200779,71606885,71606988,103
ENSG00000205758,34961647,35016232,54585
ENSG00000222222,150209315,150209504,189
ENSG00000259969,58460263,58461243,980
ENSG00000240729,176691767,176692242,475
ENSG00000254156,47750410,47750827,417
ENSG00000253574,140923482,140928864,5382
ENSG00000231557,199747297,199936514,189217
ENSG00000212485,74991772,74991878,106
ENSG00000238717,56152975,56153078,103
ENSG00000254486,12052422,12083332,30910
ENSG00000250540,144418565,144419279,714
ENSG00000271845,150227489,150229681,2192
ENSG00000235863,33244917,33252609,7692
ENSG00000159840,143078173,143088204,10031
ENSG00000233971,72211312,72211564,252
ENSG00000258836,58567703,58568292,589
ENSG00000102898,67880635,67906470,25835
ENSG00000270706,176692581,176693589,1008
ENSG00000253115,75015751,75018979,3228
ENSG00000225230,56195868,56206541,10673
ENSG00000249072,78929666,78929842,176
ENSG00000254991,12088476,12094561,6085
ENSG00000238526,150234093,150234196,103
ENSG00000230407,199973307,199974811,1504
ENSG00000266089,176767675,176767919,244
ENSG00000238474,109612458,109612561,103
ENSG00000253983,75111631,75120676,9045
ENSG00000259891,141515912,141518142,2230
ENSG00000249565,79102020,79103200,1180
ENSG00000271828,56223701,56225400,1699
ENSG00000228126,150488233,150490508,2275
ENSG00000201023,109626697,109626798,101
ENSG00000239393,176773074,176773427,353
ENSG00000243023,58607997,58608378,381
ENSG00000113615,133984479,134063513,79034
ENSG00000239188,141961746,141961849,103
ENSG00000255400,12108438,12110988,2550
ENSG00000238698,200055782,200055843,61
ENSG00000218632,109648378,109649117,739
ENSG00000259758,141530255,141539600,9345
ENSG00000228802,224830418,224832423,2005
ENSG00000243430,29710385,29713963,3578
ENSG00000237781,150521040,150530200,9160
ENSG00000238619,55678140,55678235,95
ENSG00000245112,144434625,144435788,1163
ENSG00000257045,200190033,200194085,4052
ENSG00000253596,75259992,75262285,2293
ENSG00000254680,12282973,12284720,1747
ENSG00000250574,75806265,75806591,326
ENSG00000243700,58646489,58646779,290
ENSG00000107186,13105703,13279589,173886
ENSG00000204959,143969538,143991256,21718
ENSG00000238493,55683242,55683340,98
ENSG00000246334,176865504,176874700,9196
ENSG00000221183,79109490,79109577,87
ENSG00000169031,228029281,228179508,150227
ENSG00000207417,75288922,75289028,106
ENSG00000113522,131891711,131980313,88602
ENSG00000258519,58651294,58652225,931
ENSG00000224826,225034381,225036254,1873
ENSG00000248117,79300351,79300668,317
ENSG00000254983,12325080,12329763,4683
ENSG00000235635,56237134,56242979,5845
ENSG00000249713,75902433,75904795,2362
ENSG00000266502,75460778,75460852,74
ENSG00000260273,109703998,109704869,871
ENSG00000228202,29713203,29713427,224
ENSG00000264283,12366314,12366408,94
ENSG00000022556,55464498,55512510,48012
ENSG00000263277,33379962,33380091,129
ENSG00000200998,79553427,79553539,112
ENSG00000239160,109755377,109755443,66
ENSG00000253341,75515479,75516479,1000
ENSG00000254847,12559630,12562514,2884
ENSG00000254324,141742663,141742752,89
ENSG00000223878,15410180,15410668,488
ENSG00000238816,79561254,79561356,102
ENSG00000264646,29715285,29715386,101
ENSG00000223537,109809109,109828003,18894
ENSG00000254688,12843982,12845214,1232
ENSG00000228568,72515914,72516239,325
ENSG00000264553,150524405,150524490,85
ENSG00000225953,200322423,200341658,19235
ENSG00000252864,141950661,141950762,101
ENSG00000264849,55699880,55699977,97
ENSG00000233298,29715643,29716062,419
ENSG00000248924,144476235,144476736,501
ENSG00000177030,644233,706715,62482
ENSG00000258682,58731380,58736399,5019
ENSG00000264508,150539040,150539336,296
ENSG00000239189,55727086,55727191,105
ENSG00000255067,12870342,12870980,638
ENSG00000266538,15434087,15434403,316
ENSG00000253037,109825590,109825729,139
ENSG00000259882,33390406,33425011,34605
ENSG00000248796,131958715,131960514,1799
ENSG00000254080,75521933,75545555,23622
ENSG00000253266,142065389,142070695,5306
ENSG00000264584,150541449,150541745,296
ENSG00000252129,15477333,15477512,179
ENSG00000212175,55792839,55792986,147
ENSG00000252329,12926364,12926535,171
ENSG00000253047,150573015,150573135,120
ENSG00000251442,79567057,79603853,36796
ENSG00000206931,150674342,150674448,106
ENSG00000233943,56271420,56272051,631
ENSG00000203258,12942733,12944472,1739
ENSG00000236713,150752748,150753120,372
ENSG00000102755,28874489,29069265,194776
ENSG00000253706,75711019,75779174,68155
ENSG00000229194,29755699,29762471,6772
ENSG00000225407,75987264,76012040,24776
ENSG00000251381,12984057,13011095,27038
ENSG00000224690,150772949,150773507,558
ENSG00000257621,58732083,58764852,32769
ENSG00000238688,76079921,76080024,103
ENSG00000236296,144480625,144570458,89833
ENSG00000255653,94745022,94745696,674
ENSG00000264391,76132727,76133020,293
ENSG00000239985,64498750,64498943,193
ENSG00000256779,94770646,94771620,974
ENSG00000252684,76244616,76244695,79
ENSG00000257012,94773575,94774735,1160
ENSG00000211987,225104179,225104273,94
ENSG00000252122,75443230,75443364,134
ENSG00000253777,75716522,75717046,524
ENSG00000255855,94782586,94784109,1523
ENSG00000250615,76369706,76370345,639
ENSG00000272606,55845044,55845508,464
ENSG00000207344,64526377,64526510,133
ENSG00000261476,75492150,75493915,1765
ENSG00000200175,150785067,150785174,107
ENSG00000238217,200472791,200523855,51064
ENSG00000248996,176921996,176930648,8652
ENSG00000207062,64530916,64531050,134
ENSG00000228681,225159647,225160470,823
ENSG00000180771,94800056,94804388,4332
ENSG00000224800,150853712,150854159,447
ENSG00000222536,72948935,72949132,197
ENSG00000202344,56178789,56179149,360
ENSG00000254043,75803386,75808537,5151
ENSG00000266625,12985187,12985238,51
ENSG00000203472,75509794,75529305,19511
ENSG00000227113,64535401,64539158,3757
ENSG00000212378,72987663,72987731,68
ENSG00000228960,143991573,143998027,6454
ENSG00000272180,56179293,56408787,229494
ENSG00000254670,13022637,13030706,8069
ENSG00000212512,150854927,150855011,84
ENSG00000250852,131975976,132022250,46274
ENSG00000238961,76376259,76376396,137
ENSG00000254238,75938663,75941695,3032
ENSG00000262583,75533686,75550178,16492
ENSG00000229357,150876372,150876689,317
ENSG00000248652,56377572,56377778,206
ENSG00000272702,73340146,73343035,2889
ENSG00000253712,76079939,76088891,8952
ENSG00000155890,140396881,140419992,23111
ENSG00000226002,64544481,64560610,16129
ENSG00000189431,13030696,13032647,1951
ENSG00000270689,94876801,94878289,1488
ENSG00000249395,76135639,76236976,101337
ENSG00000249869,129732025,129732384,359
ENSG00000226702,56190326,56274461,84135
ENSG00000242978,144131919,144132407,488
ENSG00000250305,12803151,12889012,85861
ENSG00000246448,144621410,144786225,164815
ENSG00000259357,150937736,150938734,998
ENSG00000270578,94878601,94879168,567
ENSG00000259992,75575297,75642343,67046
ENSG00000227057,33246885,33257304,10419
ENSG00000269043,20615358,20711421,96063
ENSG00000255558,13076162,13156386,80224
ENSG00000156564,40359325,40555204,195879
ENSG00000250480,56416623,56418451,1828
ENSG00000180770,129740396,129741363,967
ENSG00000221507,144148774,144148910,136
ENSG00000253229,76214531,76214809,278
ENSG00000250345,144681552,144683246,1694
ENSG00000255018,13173747,13173895,148
ENSG00000251019,79570108,79570396,288
ENSG00000268335,20626021,20626531,510
ENSG00000272459,176981825,176982365,540
ENSG00000231073,150945599,150948010,2411
ENSG00000243746,144344279,144345668,1389
ENSG00000201822,179879674,179879765,91
ENSG00000240199,75732431,75732728,297
ENSG00000213938,200524274,200525452,1178
ENSG00000222162,13374755,13375070,315
ENSG00000260518,33489492,33500971,11479
ENSG00000269110,20736598,20844389,107791
ENSG00000154478,125425871,125454123,28252
ENSG00000254023,76288944,76289249,305
ENSG00000233760,26591441,26596819,5378
ENSG00000261424,75742954,75743713,759
ENSG00000213158,179918924,179930896,11972
ENSG00000200759,150995222,150995328,106
ENSG00000247679,177038254,177046755,8501
ENSG00000254583,13499880,13500584,704
ENSG00000245552,94883703,94967268,83565
ENSG00000233717,151084388,151085204,816
ENSG00000250641,31674681,31685695,11014
ENSG00000239793,79689653,79689904,251
ENSG00000120519,147175127,147443123,267996
ENSG00000268272,20765890,20766453,563
ENSG00000221029,76698600,76698695,95
ENSG00000255401,13510159,13510937,778
ENSG00000164669,64601603,64694600,92997
ENSG00000260278,79694808,79697127,2319
ENSG00000264073,28316513,28316600,87
ENSG00000238595,76805035,76805139,104
ENSG00000261313,75872528,75894765,22237
ENSG00000246596,177046060,177099210,53150
ENSG00000222231,77177778,77177967,189
ENSG00000239249,28452143,28452441,298
ENSG00000213787,26961729,26962531,802
ENSG00000250802,76382565,76462734,80169
ENSG00000171532,37759789,37766030,6241
ENSG00000201209,28628744,28628811,67
ENSG00000270866,77316233,77317326,1093
ENSG00000174501,96514587,96657541,142954
ENSG00000266270,79741906,79741975,69
ENSG00000228446,225364104,225364817,713
ENSG00000207548,56210102,56210211,109
ENSG00000087365,65818200,65836779,18579
ENSG00000261168,151102551,151104086,1535
ENSG00000228901,13631910,13632318,408
ENSG00000268560,20794365,20798195,3830
ENSG00000199797,28699742,28699838,96
ENSG00000257920,97666470,97669987,3517
ENSG00000176624,48700920,48744674,43754
ENSG00000242175,79820009,79820306,297
ENSG00000266503,29038969,29039258,289
ENSG00000269779,20874142,20880421,6279
ENSG00000207798,56216085,56216194,109
ENSG00000250644,1768897,1780281,11384
ENSG00000265753,151273143,151273439,296
ENSG00000199299,75894946,75895055,109
ENSG00000211520,56227849,56227930,81
ENSG00000254791,13690874,13691696,822
ENSG00000273481,151300425,151300905,480
ENSG00000226059,27022387,27022986,599
ENSG00000185009,75881524,75910821,29297
ENSG00000226471,29196671,29244547,47876
ENSG00000271167,77316293,77319373,3080
ENSG00000260223,76141181,76181704,40523
ENSG00000267302,58042193,58074333,32140
ENSG00000232732,200732119,200775882,43763
ENSG00000207293,56464935,56465036,101
ENSG00000224645,151313124,151314442,1318
ENSG00000240454,13707046,13707203,157
ENSG00000239880,180040895,180042847,1952
ENSG00000229805,56304552,56317517,12965
ENSG00000212199,131987180,131987286,106
ENSG00000266055,27062156,27062295,139
ENSG00000124602,40994772,41006928,12156
ENSG00000254300,77318889,77436591,117702
ENSG00000255794,97825431,97958813,133382
ENSG00000226807,142443929,142517330,73401
ENSG00000268416,20929729,20938056,8327
ENSG00000237976,151319443,151320503,1060
ENSG00000214869,27063356,27064526,1170
ENSG00000200685,13708097,13708205,108
ENSG00000200673,144546848,144547177,329
ENSG00000269885,20941246,20941758,512
ENSG00000224877,79213039,79215081,2042
ENSG00000248586,56613816,56615847,2031
ENSG00000167080,47209822,47247351,37529
ENSG00000241696,180131962,180140294,8332
ENSG00000263828,225875178,225875257,79
ENSG00000231431,132046326,132066641,20315
ENSG00000236343,144702151,144703228,1077
ENSG00000255075,13777574,13779107,1533
ENSG00000260983,76262283,76296263,33980
ENSG00000249307,79892902,80229952,337050
ENSG00000271894,56374765,56613306,238541
ENSG00000232784,226264426,226265304,878
ENSG00000213786,27087788,27088247,459
ENSG00000250961,56690887,56829251,138364
ENSG00000269040,20967402,20967958,556
ENSG00000228206,226562970,226563255,285
ENSG00000244485,76268953,76269521,568
ENSG00000238711,151411476,151411571,95
ENSG00000164318,38258511,38465123,206612
ENSG00000253661,77403435,77595513,192078
ENSG00000266156,20988317,20988400,83
ENSG00000252840,151500307,151500414,107
ENSG00000206506,29791932,29796106,4174
ENSG00000167487,18747775,18781309,33534
ENSG00000232536,151512992,151534331,21339
ENSG00000269373,21021321,21030223,8902
ENSG00000255088,13779658,13779892,234
ENSG00000252814,76321527,76321636,109
ENSG00000224564,29755878,29757912,2034
ENSG00000207606,151518272,151518367,95
ENSG00000255411,13806937,13869549,62612
ENSG00000164116,156587863,156653501,65638
ENSG00000264645,76413923,76414056,133
ENSG00000269012,21143914,21146176,2262
ENSG00000252022,76503405,76503492,87
ENSG00000233251,56400669,56412905,12236
ENSG00000273301,226563230,226568370,5140
ENSG00000223861,151529922,151530416,494
ENSG00000269147,21147641,21148000,359
ENSG00000254927,13848390,13901046,52656
ENSG00000250514,76668895,76692375,23480
ENSG00000272858,29210902,29211650,748
ENSG00000268326,21155068,21166016,10948
ENSG00000254930,13866409,13892163,25754
ENSG00000224256,29231881,29232125,244
ENSG00000230621,226857697,226857913,216
ENSG00000259995,76770239,76962066,191827
ENSG00000137221,43445261,43474294,29033
ENSG00000271598,21208721,21208847,126
ENSG00000250734,151584514,151585839,1325
ENSG00000233429,27135266,27139884,4618
ENSG00000201204,95206436,95206538,102
ENSG00000201856,13929031,13929137,106
ENSG00000266426,76902833,76902916,83
ENSG00000259930,29765075,29767083,2008
ENSG00000121898,125465723,125699783,234060
ENSG00000250390,95215570,95230717,15147
ENSG00000265650,21238809,21238886,77
ENSG00000254438,13942997,13946410,3413
ENSG00000206635,151601800,151601906,106
ENSG00000213953,187361840,187365393,3553
ENSG00000260797,76912171,76912833,662
ENSG00000268598,21246730,21247067,337
ENSG00000250308,56718291,56720218,1927
ENSG00000177108,77597613,77609077,11464
ENSG00000117984,1773982,1785222,11240
ENSG00000227045,151673502,151680862,7360
ENSG00000132128,46726868,46769280,42412
ENSG00000255605,95431250,95433787,2537
ENSG00000253681,77488786,77491580,2794
ENSG00000201035,21295934,21296042,108
ENSG00000249849,177109295,177140970,31675
ENSG00000268846,187367219,187367356,137
ENSG00000255552,31679548,31681842,2294
ENSG00000125447,73232694,73258444,25750
ENSG00000256240,21301321,21301529,208
ENSG00000264748,56777647,56777730,83
ENSG00000248943,177228205,177230345,2140
ENSG00000256885,95556681,95557336,655
ENSG00000254305,77515475,77516087,612
ENSG00000206980,151720073,151720176,103
ENSG00000235070,227044760,227050087,5327
ENSG00000248294,56869854,56910168,40314
ENSG00000261063,77235371,77283854,48483
ENSG00000269621,151728017,151732387,4370
ENSG00000222578,95573181,95573288,107
ENSG00000268357,21306620,21306991,371
ENSG00000069943,55611158,55647846,36688
ENSG00000226348,77254303,77255155,852
ENSG00000242993,95696383,95696788,405
ENSG00000263363,227523426,227523509,83
ENSG00000236940,151730135,151730918,783
ENSG00000154920,48450581,48458844,8263
ENSG00000199395,56462352,56462465,113
ENSG00000272622,227664862,227675745,10883
ENSG00000253416,77816827,77825635,8808
ENSG00000240522,21332451,21333241,790
ENSG00000231570,56977435,56977698,263
ENSG00000235786,29388709,29414608,25899
ENSG00000249436,56910216,56913258,3042
ENSG00000152268,13983914,14289646,305732
ENSG00000266192,96074602,96074690,88
ENSG00000261379,227668752,227669777,1025
ENSG00000250334,80413570,80497614,84044
ENSG00000266712,77879004,77879086,82
ENSG00000255679,96180296,96239990,59694
ENSG00000177993,29420987,29427464,6477
ENSG00000212391,227833705,227833838,133
ENSG00000238690,57243196,57243299,103
ENSG00000253952,77925987,77926264,277
ENSG00000221608,227988959,227989074,115
ENSG00000271115,57275485,57276471,986
ENSG00000114120,140660672,140698775,38103
ENSG00000249602,151735860,151741977,6117
ENSG00000222334,78199052,78199131,79
ENSG00000226772,29495029,29507671,12642
ENSG00000200411,96207736,96207856,120
ENSG00000252988,73525811,73525915,104
ENSG00000221195,56938722,56938813,91
ENSG00000244355,31683133,31685581,2448
ENSG00000268995,21371401,21371756,355
ENSG00000270569,57656683,57657828,1145
ENSG00000170089,177236408,177377733,141325
ENSG00000269883,77607026,77609339,2313
ENSG00000254366,78311308,78449526,138218
ENSG00000235696,31879619,31905301,25682
ENSG00000214484,73597147,73598020,873
ENSG00000256684,96241589,96247912,6323
ENSG00000232937,151738185,151738865,680
ENSG00000143401,150190717,150208504,17787
ENSG00000233982,29767855,29768651,796
ENSG00000268892,21404447,21405548,1101
ENSG00000236432,228085768,228189917,104149
ENSG00000257576,56904786,56906487,1701
ENSG00000249646,80508456,80509284,828
ENSG00000249198,57047019,57047544,525
ENSG00000254587,96461317,96584822,123505
ENSG00000268288,151738962,151739476,514
ENSG00000173372,22962999,22966101,3102
ENSG00000200871,29530002,29530108,106
ENSG00000269839,21407900,21428043,20143
ENSG00000171094,29415640,30144432,728792
ENSG00000214297,127355444,127356519,1075
ENSG00000266864,57168766,57168873,107
ENSG00000251952,29587685,29587796,111
ENSG00000230002,73683891,73686611,2720
ENSG00000188817,63638344,63664696,26352
ENSG00000254001,79060336,79066148,5812
ENSG00000255376,96513671,96514225,554
ENSG00000212168,57771670,57771734,64
ENSG00000109066,72772622,72835918,63296
ENSG00000123374,56360553,56366568,6015
ENSG00000242291,21416137,21416454,317
ENSG00000237015,29656878,29658026,1148
ENSG00000203288,151763280,151766878,3598
ENSG00000201579,56982302,56982405,103
ENSG00000251399,80517696,80518327,631
ENSG00000271615,57982563,57993187,10624
ENSG00000207031,57038811,57038885,74
ENSG00000233592,29777227,29777358,131
ENSG00000221087,73715706,73715787,81
ENSG00000252935,79310750,79310857,107
ENSG00000265574,30438581,30439609,1028
ENSG00000228021,127371798,127398627,26829
ENSG00000232122,29792044,29793023,979
ENSG00000255205,96871274,96871711,437
ENSG00000241217,57064236,57064530,294
ENSG00000269489,151770530,151771078,548
ENSG00000163016,73872046,73912703,40657
ENSG00000249584,57186154,57194989,8835
ENSG00000263985,30462748,30462833,85
ENSG00000153721,154708638,154831793,123155
ENSG00000254266,79338338,79470738,132400
ENSG00000268747,21458825,21459134,309
ENSG00000258679,57216769,57268052,51283
ENSG00000201134,151814212,151814313,101
ENSG00000270753,96957160,96957682,522
ENSG00000163138,20697905,20754530,56625
ENSG00000248408,80584915,80617991,33076
ENSG00000273216,29712733,29713209,476
ENSG00000265293,30477452,30478523,1071
ENSG00000234614,151814353,151822861,8508
ENSG00000198185,45129701,45142198,12497
ENSG00000238899,57366015,57366118,103
ENSG00000255039,97093644,97130987,37343
ENSG00000262971,95610280,95610386,106
ENSG00000251321,80748625,80798924,50299
ENSG00000268521,21472356,21472800,444
ENSG00000251738,58289716,58289800,84
ENSG00000239127,29729152,29729247,95
ENSG00000268322,21500963,21501521,558
ENSG00000223810,151921999,151923388,1389
ENSG00000199315,97528464,97528582,118
ENSG00000266282,30554909,30555127,218
ENSG00000234364,29816995,29817123,128
ENSG00000248132,57403909,57418168,14259
ENSG00000255502,97749781,97813762,63981
ENSG00000242156,29815144,29819182,4038
ENSG00000268731,21564022,21564723,701
ENSG00000212620,80764256,80764382,126
ENSG00000263674,30607406,30607972,566
ENSG00000266382,228336848,228336903,55
ENSG00000225120,29846327,29847295,968
ENSG00000260398,79518187,79521940,3753
ENSG00000236530,81000686,81002276,1590
ENSG00000262689,95632416,95711088,78672
ENSG00000204872,73927754,73928432,678
ENSG00000236116,228481714,228482506,792
ENSG00000258816,57249478,57249670,192
ENSG00000254555,97779253,97779537,284
ENSG00000229021,151967007,152015250,48243
ENSG00000207782,50004042,50004125,83
ENSG00000273063,58468484,58468821,337
ENSG00000165553,77731826,77737655,5829
ENSG00000265794,30651450,30687719,36269
ENSG00000225465,29832818,29874164,41346
ENSG00000254352,79636031,79636371,340
ENSG00000159189,22970123,22974603,4480
ENSG00000216073,97783797,97783889,92
ENSG00000224023,127389005,127408135,19130
ENSG00000273245,73977383,73977913,530
ENSG00000268681,50005689,50005896,207
ENSG00000250599,228497685,228513322,15637
ENSG00000168907,42433332,42448839,15507
ENSG00000233426,58478575,58479703,1128
ENSG00000255380,98000967,98001926,959
ENSG00000253919,79672377,79674666,2289
ENSG00000271536,74104693,74105989,1296
ENSG00000212383,57255159,57255292,133
ENSG00000213976,21565667,21569979,4312
ENSG00000261618,79749764,79752757,2993
ENSG00000247700,29846785,29849507,2722
ENSG00000248271,57457024,57457579,555
ENSG00000237883,74174769,74208568,33799
ENSG00000240667,151991138,151994984,3846
ENSG00000142459,7895119,7929862,34743
ENSG00000207073,50069929,50070029,100
ENSG00000254939,98435804,98437557,1753
ENSG00000264969,80009598,80009688,90
ENSG00000248874,23951457,24178372,226915
ENSG00000233661,62569525,62572057,2532
ENSG00000268636,50129251,50129696,445
ENSG00000253659,80209952,80226706,16754
ENSG00000264413,50185328,50185411,83
ENSG00000237098,29855591,29856722,1131
ENSG00000265139,30655460,30656414,954
ENSG00000253391,80432380,80432884,504
ENSG00000268119,21627043,21646710,19667
ENSG00000135637,74699113,74710535,11422
ENSG00000225226,58503012,58523683,20671
ENSG00000268677,50192110,50193830,1720
ENSG00000104059,29412457,29862927,450470
ENSG00000102076,153409698,153424507,14809
ENSG00000234208,29909878,29931379,21501
ENSG00000254097,90028797,90029031,234
ENSG00000231729,62890076,62891382,1306
ENSG00000201876,74195250,74195333,83
ENSG00000263767,129752301,129752388,87
ENSG00000231924,43370616,43383974,13358
ENSG00000240540,80483388,80484570,1182
ENSG00000248483,93070508,93077343,6835
ENSG00000235499,74212259,74213470,1211
ENSG00000233010,30004889,30005490,601
ENSG00000243829,50222755,50223338,583
ENSG00000206331,32073755,32079766,6011
ENSG00000236813,62986755,62987280,525
ENSG00000232678,152050428,152050687,259
ENSG00000103326,577717,604636,26919
ENSG00000255989,74213653,74220867,7214
ENSG00000254599,98547121,98554465,7344
ENSG00000178922,43916824,43919660,2836
ENSG00000272021,95185013,95185559,546
ENSG00000236265,29865562,29865928,366
ENSG00000254830,98809642,98815809,6167
ENSG00000257800,74347807,74350345,2538
ENSG00000222532,63005882,63005967,85
ENSG00000233723,58654934,59290901,635967
ENSG00000257599,29542227,29640421,98194
ENSG00000223269,98990906,98991220,314
ENSG00000234134,127407340,127407934,594
ENSG00000226716,152095010,152097541,2531
ENSG00000254345,90048212,90048737,525
ENSG00000092148,31569318,31677010,107692
ENSG00000232396,30101245,30115848,14603
ENSG00000266616,99295669,99295736,67
ENSG00000272138,80680377,80715077,34700
ENSG00000232794,63264185,63264938,753
ENSG00000239390,143520444,143520729,285
ENSG00000233792,152096914,152097556,642
ENSG00000255547,100207588,100208357,769
ENSG00000225439,74375136,74377188,2052
ENSG00000263749,30670793,30671143,350
ENSG00000268658,21666176,21686040,19864
ENSG00000249605,143748897,143764873,15976
ENSG00000256894,26278088,26279550,1462
ENSG00000157637,79218800,79269347,50547
ENSG00000206599,50267781,50267887,106
ENSG00000232649,29866801,29867663,862
ENSG00000269194,50312190,50312995,805
ENSG00000207928,30677128,30677221,93
ENSG00000272774,72227430,72227961,531
ENSG00000242165,100512709,100513004,295
ENSG00000236991,127433296,127440679,7383
ENSG00000237975,152140601,152339163,198562
ENSG00000228921,29988824,29989335,511
ENSG00000038358,67906926,67918406,11480
ENSG00000250972,143818769,143819041,272
ENSG00000266385,30738236,30739439,1203
ENSG00000255059,100537190,100537693,503
ENSG00000242618,72252095,72259043,6948
ENSG00000239446,30107809,30115703,7894
ENSG00000250362,95197490,95210223,12733
ENSG00000268006,50341896,50354933,13037
ENSG00000256234,26364097,26488789,124692
ENSG00000173369,22979255,22988031,8776
ENSG00000249328,80681607,80783994,102387
ENSG00000264083,30757986,30759860,1874
ENSG00000273471,111143988,111191250,47262
ENSG00000236746,30002851,30004812,1961
ENSG00000248027,100554893,100558686,3793
ENSG00000271358,96485821,96486102,281
ENSG00000255750,26383752,26472653,88901
ENSG00000257767,112191694,112229222,37528
ENSG00000268047,50356144,50358224,2080
ENSG00000221236,96603188,96603280,92
ENSG00000200976,30154747,30154848,101
ENSG00000253365,90049551,90049994,443
ENSG00000213488,143901703,143902551,848
ENSG00000258412,96677197,96681155,3958
ENSG00000265208,100665172,100665266,94
ENSG00000207455,30295576,30295682,106
ENSG00000265954,50357848,50357908,60
ENSG00000238884,80712368,80712430,62
ENSG00000129566,20833826,20881588,47762
ENSG00000200047,100710361,100710677,316
ENSG00000222316,76433792,76433901,109
ENSG00000235600,30017032,30018695,1663
ENSG00000238388,100805005,100805109,104
ENSG00000272518,80868700,80869616,916
ENSG00000212070,72311473,72311579,106
ENSG00000251566,76442393,76442990,597
ENSG00000183571,99511459,99551024,39565
ENSG00000164615,134074191,134087847,13656
ENSG00000255504,101018881,101080322,61441
ENSG00000269352,50360227,50362546,2319
ENSG00000260670,72370202,72373178,2976
ENSG00000138448,187454792,187545628,90836
ENSG00000244345,72553957,72599703,45746
ENSG00000233841,31227577,31230958,3381
ENSG00000263885,101390551,101390636,85
ENSG00000251400,76586093,76587625,1532
ENSG00000272264,80944959,80945535,576
ENSG00000133315,63766030,63933578,167548
ENSG00000221736,30340198,30340285,87
ENSG00000254205,81035087,81039905,4818
ENSG00000271257,57799122,57799527,405
ENSG00000254506,101455026,101465887,10861
ENSG00000251314,95297705,95966789,669084
ENSG00000201810,180260489,180260624,135
ENSG00000261155,69624992,69633792,8800
ENSG00000244019,76841222,76842091,869
ENSG00000241550,81116841,81117135,294
ENSG00000227117,30404731,30476469,71738
ENSG00000101203,61924538,61966203,41665
ENSG00000265699,57825870,57825936,66
ENSG00000184115,111160491,111192743,32252
ENSG00000244363,76878198,76879010,812
ENSG00000265588,81153624,81153708,84
ENSG00000260348,69723952,69725762,1810
ENSG00000236427,152178334,152179533,1199
ENSG00000241746,81177763,81178390,627
ENSG00000220793,9250219,9250761,542
ENSG00000248475,58037408,58112926,75518
ENSG00000260679,69736406,69741581,5175
ENSG00000221479,97885678,97885761,83
ENSG00000145491,10441636,10472141,30505
ENSG00000254534,101636666,101640692,4026
ENSG00000260819,69800644,69830583,29939
ENSG00000227415,152346430,152417932,71502
ENSG00000267896,50363139,50363771,632
ENSG00000179331,107799229,107834208,34979
ENSG00000251844,97945915,97946006,91
ENSG00000253238,81178389,81252075,73686
ENSG00000261547,69829626,69835827,6201
ENSG00000229798,74533855,74535135,1280
ENSG00000264694,9407692,9407761,69
ENSG00000226490,142524738,142528837,4099
ENSG00000207586,97957590,97957689,99
ENSG00000138029,26466038,26513336,47298
ENSG00000240412,58118330,58119541,1211
ENSG00000263462,50391432,50391487,55
ENSG00000183586,152372053,152372245,192
ENSG00000185261,93488671,93954309,465638
ENSG00000266492,9407764,9407831,67
ENSG00000213791,81213104,81213716,612
ENSG00000260980,69870998,69880139,9141
ENSG00000257157,98073657,98073825,168
ENSG00000265438,50436321,50436394,73
ENSG00000252214,74546526,74546628,102
ENSG00000261617,9449445,9501950,52505
ENSG00000139197,7341281,7371170,29889
ENSG00000248733,58142712,58159241,16529
ENSG00000221125,50452574,50452784,210
ENSG00000226947,152616869,152617193,324
ENSG00000234632,74577196,74578136,940
ENSG00000260606,69887202,69890201,2999
ENSG00000176834,118501398,118573831,72433
ENSG00000185115,29560353,29562033,1680
ENSG00000234599,30021353,30024652,3299
ENSG00000253765,90085628,90085889,261
ENSG00000261397,9535151,9538842,3691
ENSG00000131016,151561134,151679692,118558
ENSG00000176075,152627953,152629280,1327
ENSG00000247345,58335588,58359330,23742
ENSG00000254220,90091427,90092218,791
ENSG00000176542,113367232,113415493,48261
ENSG00000216937,32735068,32863492,128424
ENSG00000206649,81229174,81229304,130
ENSG00000262538,69890131,69890237,106
ENSG00000213763,77080705,77081827,1122
ENSG00000265092,127508309,127508391,82
ENSG00000251306,58824687,58825077,390
ENSG00000075420,171757418,172119455,362037
ENSG00000261075,9539867,9549362,9495
ENSG00000253237,81263367,81263651,284
ENSG00000252679,101927694,101927748,54
ENSG00000253572,77238581,77242262,3681
ENSG00000215972,127531513,127531598,85
ENSG00000227389,30039453,30039849,396
ENSG00000178894,90137998,90138233,235
ENSG00000161643,50472857,50479071,6214
ENSG00000239154,101929036,101929139,103
ENSG00000222629,127579135,127579247,112
ENSG00000227201,30442265,30443182,917
ENSG00000229713,152709994,152710344,350
ENSG00000260071,9560512,9611421,50909
ENSG00000225658,74578261,74578546,285
ENSG00000252884,81317751,81317844,93
ENSG00000202601,58999432,58999529,97
ENSG00000260008,101978617,101980573,1956
ENSG00000233819,152716775,152717082,307
ENSG00000267889,203104292,203104435,143
ENSG00000163531,204797779,204991950,194171
ENSG00000144161,112969102,113012713,43611
ENSG00000236113,30040681,30041558,877
ENSG00000251867,81396796,81397854,1058
ENSG00000250955,95300703,95322015,21312
ENSG00000234016,127648777,127648975,198
ENSG00000224308,152902516,152921686,19170
ENSG00000248935,59317076,59328847,11771
ENSG00000226573,30501083,30501397,314
ENSG00000253558,77337703,77339962,2259
ENSG00000254422,102100582,102101653,1071
ENSG00000200468,9658247,9658354,107
ENSG00000173660,46769303,46782448,13145
ENSG00000254162,81447241,81451370,4129
ENSG00000201423,143914917,143915233,316
ENSG00000252920,152984958,152985090,132
ENSG00000252927,9693954,9694085,131
ENSG00000243777,102165791,102166537,746
ENSG00000212365,14156532,14156646,114
ENSG00000111275,112204691,112247782,43091
ENSG00000249229,144381416,144385352,3936
ENSG00000254292,90160638,90161416,778
ENSG00000234262,152996438,152996736,298
ENSG00000260432,9847272,9851895,4623
ENSG00000122335,158530536,158589312,58776
ENSG00000231043,58687427,58689167,1740
ENSG00000052802,166248775,166264312,15537
ENSG00000254418,14284392,14295237,10845
ENSG00000260317,81453535,81455339,1804
ENSG00000164741,12940870,13373167,432297
ENSG00000270868,102176843,102177002,159
ENSG00000229035,153112967,153113185,218
ENSG00000244002,81082283,81083165,882
ENSG00000255074,14462333,14463223,890
ENSG00000271600,102179288,102179528,240
ENSG00000229699,153146994,153164152,17158
ENSG00000261810,10127541,10131154,3613
ENSG00000262446,155219647,155229865,10218
ENSG00000212466,102184453,102184560,107
ENSG00000248719,81104434,81111323,6889
ENSG00000221467,144577338,144577422,84
ENSG00000237737,74612613,74621009,8396
ENSG00000109072,26691290,26700110,8820
ENSG00000182253,99638420,99675798,37378
ENSG00000009830,77741299,77787227,45928
ENSG00000255337,102323650,102332739,9089
ENSG00000188856,81471105,81471992,887
ENSG00000261647,10205239,10206742,1503
ENSG00000251031,144602173,144608545,6372
ENSG00000232691,30047255,30107921,60666
ENSG00000232327,81307332,81309870,2538
ENSG00000261580,33571888,33572146,258
ENSG00000230779,153197556,153198482,926
ENSG00000251991,14500438,14500499,61
ENSG00000161992,610422,615528,5106
ENSG00000266439,10315634,10315930,296
ENSG00000215325,144608374,144609617,1243
ENSG00000223544,15492166,15492398,232
ENSG00000255040,14695152,14696101,949
ENSG00000260756,10445297,10446609,1312
ENSG00000213716,95308745,95309150,405
ENSG00000260308,33573502,33573715,213
ENSG00000256916,102477647,102498801,21154
ENSG00000171045,143293441,143484601,191160
ENSG00000264305,10499800,10500074,274
ENSG00000266261,15554904,15557803,2899
ENSG00000253179,14929064,14929532,468
ENSG00000261153,33611245,33613234,1989
ENSG00000253760,81480285,81480741,456
ENSG00000199482,10590129,10590231,102
ENSG00000156535,74405508,74538040,132532
ENSG00000202017,59599874,59599978,104
ENSG00000108452,15578790,15578957,167
ENSG00000250640,15009217,15010240,1023
ENSG00000213896,59725730,59726103,373
ENSG00000260468,10608699,10622059,13360
ENSG00000233966,15607546,15608214,668
ENSG00000253906,90218730,90219428,698
ENSG00000251059,82086094,82114549,28455
ENSG00000250842,144717495,144761233,43738
ENSG00000270924,33650943,33651111,168
ENSG00000222030,59444843,59506535,61692
ENSG00000223327,81497820,81498008,188
ENSG00000260916,55632230,55700708,68478
ENSG00000256013,10623297,10625939,2642
ENSG00000254181,81507050,81507938,888
ENSG00000248125,144809431,144830662,21231
ENSG00000253072,15503354,15503439,85
ENSG00000207321,153304098,153304204,106
ENSG00000233002,15638337,15652506,14169
ENSG00000271691,33654252,33654536,284
ENSG00000254946,15574401,15612644,38243
ENSG00000222085,77352448,77352570,122
ENSG00000260310,10670356,10672040,1684
ENSG00000237008,153352297,153353275,978
ENSG00000243424,81525779,81526061,282
ENSG00000214244,59755675,59756566,891
ENSG00000090372,47222764,47250251,27487
ENSG00000249372,77518008,77518341,333
ENSG00000227574,111206819,111208641,1822
ENSG00000254789,15593569,15643937,50368
ENSG00000254331,81557174,81557408,234
ENSG00000255282,102617699,102707497,89798
ENSG00000055044,203130439,203168389,37950
ENSG00000144619,2140497,3099645,959148
ENSG00000263279,10785130,10786830,1700
ENSG00000251605,77603327,77603738,411
ENSG00000249363,145107923,145108912,989
ENSG00000254695,15665431,15726914,61483
ENSG00000121579,113435307,113465147,29840
ENSG00000212429,81661796,81661928,132
ENSG00000250551,95385819,95551223,165404
ENSG00000243951,81688901,81689197,296
ENSG00000207065,82255457,82255572,115
ENSG00000263241,10812490,10813619,1129
ENSG00000260312,33660402,33661331,929
ENSG00000200331,77610740,77610849,109
ENSG00000152931,59783540,59843484,59944
ENSG00000267227,15652017,15652629,612
ENSG00000125779,3869486,3907605,38119
ENSG00000254645,15723509,15780444,56935
ENSG00000231583,111257677,111257812,135
ENSG00000206714,77612860,77612961,101
ENSG00000255858,26468648,26470746,2098
ENSG00000236516,132056793,132058017,1224
ENSG00000233193,15664928,15667083,2155
ENSG00000270318,33661363,33661819,456
ENSG00000262107,10813690,10813872,182
ENSG00000224784,153369067,153369247,180
ENSG00000251331,82523951,82965397,441446
ENSG00000245556,77638189,77656331,18142
ENSG00000265818,8015959,8102763,86804
ENSG00000227255,15668017,15668978,961
ENSG00000189099,152198323,152212605,14282
ENSG00000239774,180284506,180319723,35217
ENSG00000261904,10813872,10815321,1449
ENSG00000203781,153399496,153400877,1381
ENSG00000260525,33677506,33677935,429
ENSG00000133216,23037332,23241818,204486
ENSG00000227817,132085749,132088430,2681
ENSG00000186509,57791353,57949088,157735
ENSG00000248493,145376781,145377566,785
ENSG00000237677,90294146,90294339,193
ENSG00000235430,15672031,15674740,2709
ENSG00000254661,15932503,15948989,16486
ENSG00000199986,180298845,180298951,106
ENSG00000255968,26471886,26574395,102509
ENSG00000263841,153472943,153473240,297
ENSG00000241946,180307675,180307835,160
ENSG00000234047,90300126,90300402,276
ENSG00000262322,10815555,10816925,1370
ENSG00000251556,145478969,145499975,21006
ENSG00000238279,153506079,153507591,1512
ENSG00000254878,16044736,16053061,8325
ENSG00000251829,15685655,15685769,114
ENSG00000243187,180397872,180418237,20365
ENSG00000256185,26488797,26489883,1086
ENSG00000207578,95414842,95414916,74
ENSG00000231536,111368493,111369981,1488
ENSG00000221556,16145862,16145942,80
ENSG00000248282,82654539,82655361,822
ENSG00000227018,15686602,15687621,1019
ENSG00000225678,102621801,102625674,3873
ENSG00000242811,180454196,180454491,295
ENSG00000234521,74640147,74640608,461
ENSG00000213785,16505631,16506218,587
ENSG00000269091,50546453,50554319,7866
ENSG00000242068,180490538,180491702,1164
ENSG00000260781,33709886,33739634,29748
ENSG00000196796,29049923,29064047,14124
ENSG00000239602,145517318,145517944,626
ENSG00000253210,142136143,142140060,3917
ENSG00000241943,16598398,16598682,284
ENSG00000271853,153598808,153606816,8008
ENSG00000233155,74645249,74645569,320
ENSG00000262259,10816922,10817212,290
ENSG00000237474,90512495,90512771,276
ENSG00000199883,16863800,16864134,334
ENSG00000138709,128982423,129144086,161663
ENSG00000248448,82841148,82841540,392
ENSG00000225971,30532662,30533670,1008
ENSG00000204666,50553846,50570050,16204
ENSG00000251928,16995968,16996035,67
ENSG00000237261,90532368,90532626,258
ENSG00000263196,10817281,10817623,342
ENSG00000253307,142262385,142263391,1006
ENSG00000241473,180538332,180539400,1068
ENSG00000244398,16996240,16996560,320
ENSG00000224425,132109787,132110812,1025
ENSG00000179277,15689932,15690889,957
ENSG00000216867,111391524,111391910,386
ENSG00000206997,95545825,95545931,106
ENSG00000227264,38989555,38991356,1801
ENSG00000253516,81724377,81724816,439
ENSG00000252762,82849466,82849592,126
ENSG00000254197,142288327,142302961,14634
ENSG00000225676,30580633,30603098,22465
ENSG00000124802,8073593,8102811,29218
ENSG00000266493,17029425,17029515,90
ENSG00000248543,82931818,82934248,2430
ENSG00000269540,50562139,50563489,1350
ENSG00000264373,30761958,30762047,89
ENSG00000254291,142336229,142337236,1007
ENSG00000235881,111467152,111474172,7020
ENSG00000262158,10817693,10818474,781
ENSG00000239516,180545765,180547638,1873
ENSG00000254060,81949199,81953066,3867
ENSG00000117481,46805849,46830824,24975
ENSG00000232530,30635183,30636527,1344
ENSG00000184669,17035545,17074583,39038
ENSG00000265519,15691101,15691519,418
ENSG00000055118,150642049,150675403,33354
ENSG00000169933,12156585,12742642,586057
ENSG00000249746,95549050,95550779,1729
ENSG00000202100,30790392,30790500,108
ENSG00000268705,21704145,21704698,553
ENSG00000239317,145518334,145518571,237
ENSG00000253595,142350648,142354720,4072
ENSG00000155974,66741211,67197966,456755
ENSG00000233087,132118066,132121731,3665
ENSG00000254177,81970758,81979979,9221
ENSG00000266718,30822554,30826351,3797
ENSG00000236330,111725411,111726296,885
ENSG00000183248,7933605,7939326,5721
ENSG00000271955,59445815,60327335,881520
ENSG00000226615,91635931,91636149,218
ENSG00000267890,50578380,50579159,779
ENSG00000268812,30641984,30642987,1003
ENSG00000268081,21737442,21752039,14597
ENSG00000262381,10818477,10819153,676
ENSG00000257501,98107190,98155637,48447
ENSG00000253214,82066514,82076834,10320
ENSG00000213157,180605465,180605863,398
ENSG00000268555,21753624,21770124,16500
ENSG00000088053,55525073,55549632,24559
ENSG00000238374,145624754,145624816,62
ENSG00000265222,30836972,30850442,13470
ENSG00000227004,200736895,200737101,206
ENSG00000234541,39006326,39012360,6034
ENSG00000108599,19807615,19881656,74041
ENSG00000250826,83049688,83050809,1121
ENSG00000262488,10934241,10935401,1160
ENSG00000261655,142363503,142365465,1962
ENSG00000250025,145686661,145756526,69865
ENSG00000241528,30770930,30773862,2932
ENSG00000264378,17076459,17076554,95
ENSG00000267815,50813279,50813796,517
ENSG00000233891,59465851,59960531,494680
ENSG00000263717,30839887,30846368,6481
ENSG00000244998,142400039,142402674,2635
ENSG00000123810,41860326,41870078,9752
ENSG00000227679,39055226,39055622,396
ENSG00000221322,17095499,17095582,83
ENSG00000085365,77656339,77776562,120223
ENSG00000254014,82156391,82156573,182
ENSG00000262151,10958771,10982609,23838
ENSG00000272034,17096201,17096291,90
ENSG00000116096,73114489,73119287,4798
ENSG00000250158,95583480,95614455,30975
ENSG00000273350,30816501,30816901,400
ENSG00000266599,30845971,30858510,12539
ENSG00000233832,39076135,39076239,104
ENSG00000271959,142444645,142448054,3409
ENSG00000268240,21770234,21777430,7196
ENSG00000240302,200765806,200766100,294
ENSG00000201403,17097326,17097415,89
ENSG00000233285,132126635,132127284,649
ENSG00000222915,30817034,30817137,103
ENSG00000201649,201237898,201237992,94
ENSG00000163631,74262831,74287129,24298
ENSG00000229485,42644758,42644997,239
ENSG00000263013,11032743,11033901,1158
ENSG00000204581,111855922,111873165,17243
ENSG00000201586,17137199,17137310,111
ENSG00000238854,142457575,142457649,74
ENSG00000272689,30817195,30817525,330
ENSG00000265337,30856026,30857067,1041
ENSG00000264798,201251898,201251987,89
ENSG00000253605,142469175,142470131,956
ENSG00000165816,115999018,116051272,52254
ENSG00000262222,11034576,11036878,2302
ENSG00000240808,17159523,17159812,289
ENSG00000272030,153603914,153606873,2959
ENSG00000219041,91679087,91679734,647
ENSG00000202485,83095700,83095806,106
ENSG00000149635,45169585,45179213,9628
ENSG00000271182,21817635,21817977,342
ENSG00000273428,30831531,30832234,703
ENSG00000234568,83196224,83197753,1529
ENSG00000221123,143026860,143026986,126
ENSG00000196900,125967414,125971979,4565
ENSG00000229917,11120881,11121620,739
ENSG00000213779,17215036,17215855,819
ENSG00000203606,30831531,30832231,700
ENSG00000007541,616995,634136,17141
ENSG00000271724,145755154,145755782,628
ENSG00000254183,143049452,143050202,750
ENSG00000142937,45240923,45244451,3528
ENSG00000261710,143171188,143172980,1792
ENSG00000244301,201542956,201603504,60548
ENSG00000230499,111953540,111964071,10531
ENSG00000242565,153676564,153676859,295
ENSG00000268278,21820776,21839102,18326
ENSG00000265247,143257700,143257779,79
ENSG00000273156,83266029,83266693,664
ENSG00000230137,30835824,30836305,481
ENSG00000254206,29392675,29415350,22675
ENSG00000238518,95925896,95925980,84
ENSG00000227275,132127358,132127874,516
ENSG00000262020,11160353,11164959,4606
ENSG00000235015,153689779,153690823,1044
ENSG00000266992,58053370,58079745,26375
ENSG00000248842,145780544,145786922,6378
ENSG00000254008,143279717,143290364,10647
ENSG00000268433,21860352,21861023,671
ENSG00000214161,30877298,30877898,600
ENSG00000206505,29898417,29903057,4640
ENSG00000266008,21880209,21880317,108
ENSG00000263033,11290034,11318373,28339
ENSG00000268535,21892324,21892993,669
ENSG00000272677,83295454,83305180,9726
ENSG00000197149,17249817,17250698,881
ENSG00000181123,30879341,30888791,9450
ENSG00000131401,50837053,50848024,10971
ENSG00000268117,21902603,21902837,234
ENSG00000199565,153698728,153698829,101
ENSG00000263179,11336510,11337409,899
ENSG00000264129,96030235,96030335,100
ENSG00000181472,151685252,151712683,27431
ENSG00000243613,153719327,153723703,4376
ENSG00000253602,143328948,143329227,279
ENSG00000269845,21933549,21936240,2691
ENSG00000206728,23315298,23315401,103
ENSG00000183878,15360259,15592553,232294
ENSG00000261693,143485013,143488389,3376
ENSG00000265084,21935813,21935885,72
ENSG00000228171,23431152,23431400,248
ENSG00000271620,33740804,33741266,462
ENSG00000233222,153723459,153724652,1193
ENSG00000212549,26526531,26526666,135
ENSG00000227114,91685386,91685524,138
ENSG00000212228,11367970,11368093,123
ENSG00000225774,30938523,30940292,1769
ENSG00000221506,23440991,23441060,69
ENSG00000268184,21951574,21976662,25088
ENSG00000251303,59926341,59926800,459
ENSG00000164142,152330368,152584784,254416
ENSG00000234428,26776302,26802412,26110
ENSG00000261607,33750745,33751015,270
ENSG00000265645,23521988,23522069,81
ENSG00000260196,17402196,17405078,2882
ENSG00000249180,96076783,96078402,1619
ENSG00000261740,29454551,29465972,11421
ENSG00000223831,30994296,31002674,8378
ENSG00000232722,143648621,143653366,4745
ENSG00000269136,21983282,21984068,786
ENSG00000252562,23655152,23655250,98
ENSG00000256640,26953776,26954235,459
ENSG00000212269,23682980,23683083,103
ENSG00000268438,22009315,22010081,766
ENSG00000223892,30052365,30053360,995
ENSG00000172965,111953927,112252677,298750
ENSG00000256404,59960257,59960333,76
ENSG00000238511,153726600,153726703,103
ENSG00000238672,23809102,23809195,93
ENSG00000259842,33752443,33752887,444
ENSG00000250318,31049864,31050801,937
ENSG00000207039,153758196,153758297,101
ENSG00000235080,132127994,132129648,1654
ENSG00000223791,23845515,23848396,2881
ENSG00000261044,143701734,143702425,691
ENSG00000221653,59468756,59468837,81
ENSG00000136877,130556876,130576606,19730
ENSG00000247903,27124519,27132515,7996
ENSG00000231827,153767649,153774567,6918
ENSG00000132963,29233241,29253062,19821
ENSG00000250148,60039390,60040797,1407
ENSG00000257002,62677018,62685833,8815
ENSG00000269615,22123622,22124335,713
ENSG00000253753,143719949,143722027,2078
ENSG00000231395,23920472,23920989,517
ENSG00000203344,91693219,91693945,726
ENSG00000265012,27138867,27138918,51
ENSG00000271418,27246856,27247156,300
ENSG00000241082,62703456,62703706,250
ENSG00000226586,30052827,30056200,3373
ENSG00000202473,142178133,142178463,330
ENSG00000255035,17457219,17457728,509
ENSG00000224074,24137760,24144729,6969
ENSG00000271095,22180450,22181642,1192
ENSG00000255038,65834748,65837090,2342
ENSG00000237592,42680787,42681239,452
ENSG00000256041,62799975,62800575,600
ENSG00000253803,47782524,47783667,1143
ENSG00000145996,20534688,21232635,697947
ENSG00000256226,27258084,27314326,56242
ENSG00000231815,59662348,59669396,7048
ENSG00000254586,17716569,17719018,2449
ENSG00000101911,12809474,12842341,32867
ENSG00000199878,142285034,142285377,343
ENSG00000253547,62814257,62815598,1341
ENSG00000223599,153824582,153825890,1308
ENSG00000269504,22200761,22219117,18356
ENSG00000227303,142372754,142604631,231877
ENSG00000270447,59742025,59742259,234
ENSG00000242109,24138003,24138851,848
ENSG00000271650,42705438,42705831,393
ENSG00000256625,27274843,27300597,25754
ENSG00000269199,22226302,22232807,6505
ENSG00000272308,60162284,60162762,478
ENSG00000253745,47834183,47840454,6271
ENSG00000264398,42730351,42730423,72
ENSG00000234616,143738874,143763386,24512
ENSG00000242808,180707558,181554668,847110
ENSG00000229756,24472239,24472598,359
ENSG00000269742,22248630,22249200,570
ENSG00000252455,59760119,59760210,91
ENSG00000239924,62883352,62883810,458
ENSG00000236327,153863071,153863341,270
ENSG00000238283,58085798,58094859,9061
ENSG00000248734,96120481,96121703,1222
ENSG00000224822,24496627,24500925,4298
ENSG00000228755,42775182,42777267,2085
ENSG00000215032,60187762,60189404,1642
ENSG00000256863,63005429,63006586,1157
ENSG00000226064,142431769,142432378,609
ENSG00000104067,29991571,30261068,269497
ENSG00000155868,156564423,156586030,21607
ENSG00000269505,22311429,22314736,3307
ENSG00000228791,24535578,24541833,6255
ENSG00000089041,121570622,121623876,53254
ENSG00000171017,7953390,7966901,13511
ENSG00000253782,47842462,47846068,3606
ENSG00000249160,10505108,10522196,17088
ENSG00000200101,59874756,59874858,102
ENSG00000263422,58119722,58119803,81
ENSG00000273026,153938992,153939406,414
ENSG00000252726,59921897,59922004,107
ENSG00000266701,58119907,58119988,81
ENSG00000214164,91723049,91723916,867
ENSG00000256847,63010557,63011476,919
ENSG00000235539,142520836,142521752,916
ENSG00000126500,63870660,63886645,15985
ENSG00000265638,58120055,58120133,78
ENSG00000228590,60577730,60580151,2421
ENSG00000272554,24537763,24541071,3308
ENSG00000263820,58120166,58120243,77
ENSG00000272654,153950219,153951636,1417
ENSG00000265028,24562853,24562926,73
ENSG00000264049,58120386,58120466,80
ENSG00000272109,96140056,96141808,1752
ENSG00000233847,60213317,60215400,2083
ENSG00000267526,58140365,58142143,1778
ENSG00000233544,24597325,24597950,625
ENSG00000243478,201560640,201658962,98322
ENSG00000231416,153968108,153968436,328
ENSG00000264661,31127544,31127628,84
ENSG00000267416,58156670,58166056,9386
ENSG00000252669,153970517,153970627,110
ENSG00000237838,24729410,25215796,486386
ENSG00000186665,65987217,65989765,2548
ENSG00000237977,31298206,31298768,562
ENSG00000215179,47884099,47886240,2141
ENSG00000251279,60457897,60527867,69970
ENSG00000128656,175664091,175870097,206006
ENSG00000200220,154012392,154012498,106
ENSG00000260922,77268774,77324831,56057
ENSG00000231837,154051342,154052439,1097
ENSG00000256181,63033308,63033728,420
ENSG00000235989,31318295,31328436,10141
ENSG00000204420,31686371,31694491,8120
ENSG00000155906,151725989,151773259,47270
ENSG00000223929,60586351,60618510,32159
ENSG00000203520,63383780,63389143,5363
ENSG00000268116,22313127,22313291,164
ENSG00000261040,58160927,58169246,8319
ENSG00000263987,154076997,154077068,71
ENSG00000268140,22320733,22321783,1050
ENSG00000260701,77467279,77478233,10954
ENSG00000270269,63399705,63400192,487
ENSG00000117013,41249684,41306124,56440
ENSG00000213356,91734174,91734450,276
ENSG00000269575,22323334,22323919,585
ENSG00000102080,153424682,153445634,20952
ENSG00000264384,154138723,154139025,302
ENSG00000269345,22357568,22357993,425
ENSG00000235388,91740600,91740793,193
ENSG00000216131,77469907,77469999,92
ENSG00000250407,145942789,145996567,53778
ENSG00000230130,142522311,142523074,763
ENSG00000215938,154166141,154166219,78
ENSG00000256789,63405149,63426434,21285
ENSG00000249279,60497136,60560756,63620
ENSG00000117480,46859937,46879520,19583
ENSG00000261154,77624703,77644578,19875
ENSG00000252817,154226921,154226997,76
ENSG00000252793,145965662,145965763,101
ENSG00000248098,41884215,41930910,46695
ENSG00000221226,77744198,77744281,83
ENSG00000253741,143783670,143808391,24721
ENSG00000271100,63466068,63466236,168
ENSG00000201129,154232203,154232338,135
ENSG00000241291,146035966,146036258,292
ENSG00000261707,77775365,77776897,1532
ENSG00000252682,154260936,154261003,67
ENSG00000183336,29464914,29466285,1371
ENSG00000253677,82167105,82167464,359
ENSG00000248568,146085944,146087163,1219
ENSG00000253806,143808701,143809108,407
ENSG00000212292,154267979,154268077,98
ENSG00000222099,47979644,47979946,302
ENSG00000139508,29274201,29293107,18906
ENSG00000188070,63527364,63536113,8749
ENSG00000222457,154270126,154270224,98
ENSG00000230964,91766537,91766632,95
ENSG00000272425,82187634,82189805,2171
ENSG00000264231,47996975,47997049,74
ENSG00000261330,77926319,77926812,493
ENSG00000253196,143844534,143847845,3311
ENSG00000238365,154311219,154311278,59
ENSG00000175115,65837834,66012218,174384
ENSG00000261540,78048580,78093351,44771
ENSG00000248347,48001195,48110484,109289
ENSG00000237920,154349442,154351749,2307
ENSG00000253715,143866790,143893536,26746
ENSG00000260731,78082380,78083794,1414
ENSG00000265875,146114398,146114467,69
ENSG00000254027,82192106,82193681,1575
ENSG00000249553,146293770,146299069,5299
ENSG00000261652,55700746,55710962,10216
ENSG00000170921,61086917,61505060,418143
ENSG00000227836,96278003,96278888,885
ENSG00000253728,143915554,143916356,802
ENSG00000253352,31366663,31375381,8718
ENSG00000245311,27542722,27599558,56836
ENSG00000250343,146559767,146614422,54655
ENSG00000226855,154350683,154351565,882
ENSG00000113368,126112315,126172712,60397
ENSG00000113263,156569944,156682201,112257
ENSG00000256254,102637532,102638658,1126
ENSG00000272239,146781323,146781559,236
ENSG00000261600,91768393,91768920,527
ENSG00000206329,32078834,32089078,10244
ENSG00000253421,143939770,143940213,443
ENSG00000249518,147231207,147232222,1015
ENSG00000196166,38368352,38386180,17828
ENSG00000253859,82351671,82434053,82382
ENSG00000200884,96298360,96298461,101
ENSG00000261776,78089721,78090824,1103
ENSG00000135241,108110866,108210110,99244
ENSG00000256035,102677679,102678647,968
ENSG00000228013,154374804,154379040,4236
ENSG00000248362,147265649,147266441,792
ENSG00000214248,7963689,7968427,4738
ENSG00000247317,144063155,144099854,36699
ENSG00000253374,82433853,82445510,11657
ENSG00000251320,147266675,147267267,592
ENSG00000255651,63534816,63536113,1297
ENSG00000213702,96371586,96373214,1628
ENSG00000228264,154386845,154387613,768
ENSG00000260969,78271259,78275115,3856
ENSG00000112357,137143717,137235075,91358
ENSG00000250346,147301742,147302984,1242
ENSG00000264519,63565260,63565543,283
ENSG00000221505,142533993,142534122,129
ENSG00000260014,78389426,78389731,305
ENSG00000164236,10564442,10650308,85866
ENSG00000227675,142627592,142631882,4290
ENSG00000249503,147600923,147601205,282
ENSG00000256280,63602139,63602415,276
ENSG00000258821,74725815,74726494,679
ENSG00000110347,102733467,102745764,12297
ENSG00000213924,142760232,142761441,1209
ENSG00000273110,154452488,154453977,1489
ENSG00000248109,147618133,147622157,4024
ENSG00000202089,63650059,63650157,98
ENSG00000260733,78529823,78540465,10642
ENSG00000229780,154526085,154527493,1408
ENSG00000237264,82433917,82434467,550
ENSG00000207200,63737942,63738048,106
ENSG00000168439,63952744,63972015,19271
ENSG00000251178,129753396,129754382,986
ENSG00000272183,74728844,74729492,648
ENSG00000247199,147647870,147763346,115476
ENSG00000256824,63803442,63871125,67683
ENSG00000233875,154551541,154552139,598
ENSG00000261837,78568271,78569545,1274
ENSG00000172381,57798402,57799403,1001
ENSG00000251521,82517804,82543369,25565
ENSG00000257702,74729722,74731805,2083
ENSG00000253971,144077267,144077899,632
ENSG00000118298,150229554,150237478,7924
ENSG00000270361,154909846,154910535,689
ENSG00000243101,78859178,78859903,725
ENSG00000256481,63849162,63854647,5485
ENSG00000251610,129774567,129774763,196
ENSG00000233991,91777536,91809447,31911
ENSG00000250115,144138477,144139233,756
ENSG00000271380,154934301,154935099,798
ENSG00000200986,48043404,48043510,106
ENSG00000260816,78931062,78933541,2479
ENSG00000172377,57885972,57886916,944
ENSG00000180189,58751491,58752116,625
ENSG00000249834,147686861,147687821,960
ENSG00000188873,48068741,48069394,653
ENSG00000261537,79028242,79038627,10385
ENSG00000229470,30499388,30515186,15798
ENSG00000101236,3907956,3996229,88273
ENSG00000251330,147809722,147810370,648
ENSG00000264349,154948169,154948259,90
ENSG00000233872,74845983,74848106,2123
ENSG00000243328,144147332,144148004,672
ENSG00000113319,80256491,80525975,269484
ENSG00000252782,58759011,58759106,95
ENSG00000186513,57957906,57958990,1084
ENSG00000253297,148024250,148025953,1703
ENSG00000251287,129800674,129832070,31396
ENSG00000260694,79111273,79112131,858
ENSG00000232093,155017667,155018594,927
ENSG00000254151,82529455,82530795,1340
ENSG00000187231,179966419,180129517,163098
ENSG00000258658,58836741,58862359,25618
ENSG00000272411,148349903,148350216,313
ENSG00000237166,201577028,201599900,22872
ENSG00000225970,142840832,142911228,70396
ENSG00000260479,79123947,79135651,11704
ENSG00000227992,111961541,111963792,2251
ENSG00000258378,58865275,58893843,28568
ENSG00000158296,45186463,45304714,118251
ENSG00000108442,74855455,74856069,614
ENSG00000152804,94447945,94455403,7458
ENSG00000240427,82539504,82539852,348
ENSG00000235729,142889486,142889828,342
ENSG00000197887,57970674,57971653,979
ENSG00000075407,38383264,38414472,31208
ENSG00000260511,79139854,79144779,4925
ENSG00000205184,82546592,82547897,1305
ENSG00000252198,58908562,58908710,148
ENSG00000224646,74981797,74981946,149
ENSG00000213701,96392106,96393062,956
ENSG00000258650,58930689,58930854,165
ENSG00000253334,82704058,82727949,23891
ENSG00000261722,79246608,79263350,16742
ENSG00000206698,96511654,96511817,163
ENSG00000177106,694438,727727,33289
ENSG00000201737,201640307,201640473,166
ENSG00000231942,82720007,82720961,954
ENSG00000272711,75059782,75061114,1332
ENSG00000248531,48076493,48077147,654
ENSG00000076984,7968728,7979363,10635
ENSG00000252346,228627768,228627868,100
ENSG00000230408,201645218,201676893,31675
ENSG00000222244,79298351,79298470,119
ENSG00000238568,72622116,72622219,103
ENSG00000255469,102751222,102751576,354
ENSG00000251842,148437117,148437219,102
ENSG00000226718,228643226,228643451,225
ENSG00000202027,155092966,155093074,108
ENSG00000261472,79539500,79550190,10690
ENSG00000207714,148441876,148441972,96
ENSG00000238562,102774622,102774683,61
ENSG00000199469,72625842,72626005,163
ENSG00000204792,75145275,75165545,20270
ENSG00000172774,57982217,57983195,978
ENSG00000251780,155115747,155115808,61
ENSG00000239861,102915966,102916441,475
ENSG00000221330,79703552,79703634,82
ENSG00000239568,72632521,72632686,165
ENSG00000106483,37945543,38065297,119754
ENSG00000256061,55702723,55800432,97709
ENSG00000223452,155121020,155121295,275
ENSG00000224630,143391959,143392205,246
ENSG00000233409,127660757,127661695,938
ENSG00000250072,148442880,148489350,46470
ENSG00000260966,102921416,102926528,5112
ENSG00000260006,201689396,201692061,2665
ENSG00000236209,75146682,75151973,5291
ENSG00000260876,79710005,79841819,131814
ENSG00000174437,110718561,110788898,70337
ENSG00000254895,103272741,103273314,573
ENSG00000254348,48100928,48101183,255
ENSG00000229172,228666556,228669421,2865
ENSG00000271748,155164968,155165063,95
ENSG00000180475,57995354,57996390,1036
ENSG00000262666,155232400,155240678,8278
ENSG00000230836,75167385,75169797,2412
ENSG00000112115,52051185,52055436,4251
ENSG00000207116,201694732,201694839,107
ENSG00000235598,143392257,143392818,561
ENSG00000221530,201707909,201708022,113
ENSG00000143429,91805186,91847998,42812
ENSG00000231064,155166659,155175286,8627
ENSG00000224346,201708963,201710184,1221
ENSG00000172772,58034264,58035732,1468
ENSG00000254931,103273316,103274150,834
ENSG00000223092,201713761,201713867,106
ENSG00000146386,139349819,139364439,14620
ENSG00000255366,48102395,48104885,2490
ENSG00000253502,48105625,48105970,345
ENSG00000228765,30077975,30079265,1290
ENSG00000156110,75910960,76469061,558101
ENSG00000197786,58125597,58126542,945
ENSG00000248243,129808276,129813147,4871
ENSG00000271590,111968572,111970053,1481
ENSG00000215054,143922298,143923181,883
ENSG00000171219,64590859,64612041,21182
ENSG00000229118,112022860,112037457,14597
ENSG00000266849,129815216,129815281,65
ENSG00000172769,58169937,58170882,945
ENSG00000253817,48109655,48109946,291
ENSG00000264003,30135099,30135231,132
ENSG00000183514,228734799,228735360,561
ENSG00000225038,30151503,30160985,9482
ENSG00000222740,127834043,127834151,108
ENSG00000253540,129817935,129830315,12380
ENSG00000201912,144138628,144138957,329
ENSG00000213170,127961387,127961980,593
ENSG00000261390,79750622,79804460,53838
ENSG00000172365,58189738,58190786,1048
ENSG00000147380,153448107,153461633,13526
ENSG00000263517,30179082,30179244,162
ENSG00000233548,144258102,144258414,312
ENSG00000231777,132129867,132131223,1356
ENSG00000234574,30233017,30234826,1809
ENSG00000236263,155180942,155183610,2668
ENSG00000235180,128102438,128110448,8010
ENSG00000206899,98115494,98115600,106
ENSG00000272237,228752347,228752460,113
ENSG00000263909,75317939,75318041,102
ENSG00000200281,229034459,229034565,106
ENSG00000265861,98332834,98332899,65
ENSG00000172362,58206593,58207646,1053
ENSG00000055211,149887430,149912884,25454
ENSG00000270571,75381492,75417075,35583
ENSG00000142959,45249257,45253377,4120
ENSG00000215177,48114067,48114520,453
ENSG00000230887,30460941,30465545,4604
ENSG00000263890,98389161,98389226,65
ENSG00000203387,229216836,229217931,1095
ENSG00000258312,98506792,98686223,179431
ENSG00000061918,156680144,156728743,48599
ENSG00000238521,75645972,75646075,103
ENSG00000236167,75683120,75683704,584
ENSG00000198283,58274648,58275578,930
ENSG00000214351,177263435,177264647,1212
ENSG00000261082,79831947,79861047,29100
ENSG00000257580,98711519,98712127,608
ENSG00000249846,129831393,129839422,8029
ENSG00000166266,107879459,107978503,99044
ENSG00000109472,166282346,166419472,137126
ENSG00000132938,29598748,30077892,479144
ENSG00000182170,3239174,3240043,869
ENSG00000237293,75701579,75709705,8126
ENSG00000201296,98811674,98811816,142
ENSG00000234712,144314449,144315139,690
ENSG00000183765,29083731,29138410,54679
ENSG00000238410,75716702,75716836,134
ENSG00000227825,98847613,98850923,3310
ENSG00000249186,177284946,177298195,13249
ENSG00000231093,144711736,144713893,2157
ENSG00000231172,75751194,75769832,18638
ENSG00000248618,129886633,129886873,240
ENSG00000260237,80074559,80079642,5083
ENSG00000215193,18560689,18613905,53216
ENSG00000257108,616996,619495,2499
ENSG00000253330,48423596,48424703,1107
ENSG00000160766,155183616,155197214,13598
ENSG00000234057,30562497,30565448,2951
ENSG00000101204,61975420,62009753,34333
ENSG00000227661,132137726,132138486,760
ENSG00000141295,45915058,45918699,3641
ENSG00000257167,98906751,98910200,3449
ENSG00000205300,4050799,4055812,5013
ENSG00000187323,49866542,51057784,1191242
ENSG00000269924,48439959,48440710,751
ENSG00000112406,139456249,139501939,45690
ENSG00000184350,3248928,3253616,4688
ENSG00000266871,30630566,30630651,85
ENSG00000232023,229347977,229476111,128134
ENSG00000196664,12885202,12908499,23297
ENSG00000265446,30662465,30662541,76
ENSG00000251513,96519303,96772921,253618
ENSG00000110031,58294344,58345693,51349
ENSG00000255417,103274240,103274895,655
ENSG00000270709,144849613,144849860,247
ENSG00000251801,229452519,229452589,70
ENSG00000227655,30679868,30680134,266
ENSG00000059691,152591656,152682175,90519
ENSG00000251354,48459366,48460488,1122
ENSG00000135638,73143389,73162020,18631
ENSG00000228226,229548253,229549296,1043
ENSG00000269987,31372501,31374834,2333
ENSG00000248758,96523794,96537584,13790
ENSG00000237322,229618040,229618502,462
ENSG00000260706,80099733,80201474,101741
ENSG00000269972,31373502,31373844,342
ENSG00000167083,47280153,47287936,7783
ENSG00000221204,177335466,177335558,92
ENSG00000145833,134094469,134190823,96354
ENSG00000014257,132036211,132087142,50931
ENSG00000214035,144707054,144708086,1032
ENSG00000216032,145072385,145072455,70
ENSG00000265290,30694904,30694997,93
ENSG00000236590,132138489,132139163,674
ENSG00000252219,145074271,145074343,72
ENSG00000200807,60611740,60611898,158
ENSG00000240186,31455975,31456269,294
ENSG00000216075,145075793,145075869,76
ENSG00000266078,60614497,60614580,83
ENSG00000251054,96559075,96563661,4586
ENSG00000229575,30743070,30743799,729
ENSG00000250101,177366623,177410055,43432
ENSG00000255350,103275037,103276562,1525
ENSG00000254065,48504709,48505171,462
ENSG00000233953,60722821,60727099,4278
ENSG00000249761,96672562,96672744,182
ENSG00000259867,80188950,80597032,408082
ENSG00000230477,75825197,75825685,488
ENSG00000273387,31478142,31479551,1409
ENSG00000249684,177377336,177390961,13625
ENSG00000216005,145076302,145076378,76
ENSG00000235573,31509003,31509382,379
ENSG00000251682,60642953,60643543,590
ENSG00000201913,99928400,99928500,100
ENSG00000221638,75855079,75855293,214
ENSG00000207369,48580333,48580439,106
ENSG00000242158,60867840,60868135,295
ENSG00000207450,48717640,48717740,100
ENSG00000239018,75862267,75862370,103
ENSG00000233883,30749331,30759447,10116
ENSG00000226297,229868602,229869116,514
ENSG00000173065,27082996,27182250,99254
ENSG00000250461,60670939,60671682,743
ENSG00000215943,145078187,145078261,74
ENSG00000226247,75878414,75878753,339
ENSG00000211562,48802619,48802691,72
ENSG00000271134,60910008,60910379,371
ENSG00000214125,31551952,31552633,681
ENSG00000182242,153461812,153482755,20943
ENSG00000161509,72838162,72857627,19465
ENSG00000222522,48891974,48892081,107
ENSG00000242294,99933702,99949523,15821
ENSG00000010270,38217824,38270272,52448
ENSG00000213891,60686495,60687698,1203
ENSG00000197587,46972668,46979898,7230
ENSG00000251389,96704480,96706125,1645
ENSG00000216098,145078716,145078792,76
ENSG00000263290,155241174,155247625,6451
ENSG00000234480,132139413,132140070,657
ENSG00000266523,30782567,30782677,110
ENSG00000224226,34493061,34503996,10935
ENSG00000206290,33059284,33089101,29817
ENSG00000213495,60938619,60939055,436
ENSG00000253843,49106410,49107187,777
ENSG00000138190,94590935,94819250,228315
ENSG00000213079,155054459,155155192,100733
ENSG00000216064,145082571,145082649,78
ENSG00000224862,30885789,30894426,8637
ENSG00000223200,60853110,60853194,84
ENSG00000252718,60946775,60946876,101
ENSG00000253654,49206586,49207254,668
ENSG00000271707,60962030,60962850,820
ENSG00000163632,63805038,63834312,29274
ENSG00000253006,230101056,230101325,269
ENSG00000216056,145109312,145109390,78
ENSG00000237910,132140216,132141634,1418
ENSG00000238782,230470954,230471015,61
ENSG00000252710,49220487,49220590,103
ENSG00000248529,60954301,60994259,39958
ENSG00000164440,139561198,139613276,52078
ENSG00000235993,230566510,230566864,354
ENSG00000264141,31556048,31556105,57
ENSG00000224594,49297150,49297609,459
ENSG00000249977,96785062,96785445,383
ENSG00000254835,31601250,31601602,352
ENSG00000201594,145508974,145509090,116
ENSG00000222344,230759062,230759169,107
ENSG00000234748,145619053,145619566,513
ENSG00000250331,96840400,97006750,166350
ENSG00000265633,30910596,30910898,302
ENSG00000249129,177398317,177399282,965
ENSG00000252333,230802530,230802598,68
ENSG00000199695,31618731,31618839,108
ENSG00000231534,230807444,230809853,2409
ENSG00000202019,31626057,31626158,101
ENSG00000215146,42827314,42863422,36108
ENSG00000166160,153485225,153498755,13530
ENSG00000206725,230838031,230838137,106
ENSG00000227422,30913330,30922258,8928
ENSG00000234939,132142034,132143063,1029
ENSG00000199400,230922945,230923040,95
ENSG00000088826,4101627,4168394,66767
ENSG00000228839,31688485,31734007,45522
ENSG00000221270,129902366,129902466,100
ENSG00000268079,22385930,22386805,875
ENSG00000255335,17716814,17718487,1673
ENSG00000267872,22426056,22428149,2093
ENSG00000112238,100054606,100063454,8848
ENSG00000131771,37782993,37792879,9886
ENSG00000250580,129918551,129918761,210
ENSG00000228414,61052267,61108449,56182
ENSG00000225963,230990026,231038939,48913
ENSG00000268597,22442495,22444137,1642
ENSG00000248931,97013251,97014385,1134
ENSG00000255448,18022089,18044478,22389
ENSG00000173846,45265897,45271662,5765
ENSG00000197562,639357,679272,39915
ENSG00000263559,30937220,30937309,89
ENSG00000270191,22481779,22482670,891
ENSG00000264847,30978938,30979029,91
ENSG00000270190,112024445,112025050,605
ENSG00000218227,177482605,177483195,590
ENSG00000212542,31701390,31701498,108
ENSG00000255254,18128130,18128388,258
ENSG00000226928,112053206,112053623,417
ENSG00000268685,22545391,22545627,236
ENSG00000228448,30992301,30992681,380
ENSG00000272752,99933727,99965454,31727
ENSG00000243650,231371816,231372099,283
ENSG00000241524,61058800,61059063,263
ENSG00000266139,112078589,112078668,79
ENSG00000206615,31784719,31784823,104
ENSG00000124596,41001366,41065526,64160
ENSG00000228252,129931666,129992649,60983
ENSG00000236312,22551401,22551754,353
ENSG00000250011,231379738,231380353,615
ENSG00000237024,61079395,61079878,483
ENSG00000223973,112141329,112142569,1240
ENSG00000240591,31850237,31860190,9953
ENSG00000166787,18134019,18137679,3660
ENSG00000251211,177592703,177593563,860
ENSG00000257413,69176103,69215822,39719
ENSG00000101916,12924739,12941288,16549
ENSG00000222835,91862883,91862992,109
ENSG00000182632,42903616,42967688,64072
ENSG00000200161,148495741,148496043,302
ENSG00000187950,29565407,29650619,85212
ENSG00000151952,129556270,130388211,831941
ENSG00000257255,31044059,31044360,301
ENSG00000184303,91872473,91874507,2034
ENSG00000240350,112248850,112268567,19717
ENSG00000162456,47011316,47017199,5883
ENSG00000269796,22605315,22608847,3532
ENSG00000227132,31076239,31081035,4796
ENSG00000212215,60959972,60960066,94
ENSG00000270401,33768122,33768558,436
ENSG00000171016,55831088,55881145,50057
ENSG00000268830,22630736,22631579,843
ENSG00000251575,61028601,61031496,2895
ENSG00000224623,31857650,31860190,2540
ENSG00000234576,132143273,132143810,537
ENSG00000250325,83322731,83323609,878
ENSG00000264458,30954757,31013502,58745
ENSG00000248647,148543518,148656339,112821
ENSG00000254857,18174824,18175802,978
ENSG00000225629,31100520,31106180,5660
ENSG00000235419,231385309,231444721,59412
ENSG00000201178,31157237,31157347,110
ENSG00000202440,83323791,83323859,68
ENSG00000226377,31203777,31205655,1878
ENSG00000214988,83411976,83412788,812
ENSG00000224959,112249520,112252388,2868
ENSG00000270947,22638790,22639261,471
ENSG00000199248,31875369,31875475,106
ENSG00000201076,61138438,61138577,139
ENSG00000038295,166794410,167025047,230637
ENSG00000251193,97073598,97074617,1019
ENSG00000227304,83415939,83417431,1492
ENSG00000271635,112315990,112317514,1524
ENSG00000267520,61153044,61158745,5701
ENSG00000233733,31917185,31917578,393
ENSG00000221037,18204623,18204712,89
ENSG00000205452,33775379,33778813,3434
ENSG00000164530,36922209,36932613,10404
ENSG00000257037,27649870,27651522,1652
ENSG00000268717,22640131,22641014,883
ENSG00000224002,18210435,18211041,606
ENSG00000152034,100367786,100442123,74337
ENSG00000253406,148596086,148656368,60282
ENSG00000236377,31232680,31233602,922
ENSG00000255138,18210547,18211168,621
ENSG00000249960,83492290,83492967,677
ENSG00000225744,112365418,112370095,4677
ENSG00000183022,231437882,231438524,642
ENSG00000264598,31379125,31379885,760
ENSG00000269392,50869137,50872588,3451
ENSG00000254546,18218204,18218884,680
ENSG00000205542,12993227,12995346,2119
ENSG00000263474,31129315,31129414,99
ENSG00000269138,22646724,22655838,9114
ENSG00000226010,63364752,63366932,2180
ENSG00000266535,31438876,31458761,19885
ENSG00000253618,148727679,148737205,9526
ENSG00000264213,50900510,50900775,265
ENSG00000230572,91874128,91902771,28643
ENSG00000257326,31168918,31169087,169
ENSG00000160439,55550476,55582659,32183
ENSG00000249878,61127774,61128851,1077
ENSG00000248113,83501270,83502537,1267
ENSG00000268854,50983376,50986608,3232
ENSG00000237583,112432603,112432920,317
ENSG00000183785,18593097,18629321,36224
ENSG00000229169,31934338,31934575,237
ENSG00000236675,155200766,155204116,3350
ENSG00000255071,18252970,18270182,17212
ENSG00000265544,31856806,31860779,3973
ENSG00000264461,98918254,98918535,281
ENSG00000268518,50990067,50990895,828
ENSG00000244234,177612720,177614300,1580
ENSG00000253865,148751737,148754679,2942
ENSG00000270317,22684501,22684750,249
ENSG00000198555,33778506,33790097,11591
ENSG00000135436,49976668,49999422,22754
ENSG00000237522,61163954,61165184,1230
ENSG00000199791,231451836,231451942,106
ENSG00000225185,98984501,98984992,491
ENSG00000231782,83534266,83542590,8324
ENSG00000257263,31176745,31177007,262
ENSG00000235333,99949983,99951315,1332
ENSG00000260599,22703797,22710751,6954
ENSG00000226125,231555636,231565244,9608
ENSG00000253552,27147396,27173921,26525
ENSG00000227842,112475085,112475414,329
ENSG00000233504,31187044,31187230,186
ENSG00000271681,177771844,177772317,473
ENSG00000268231,51058627,51061226,2599
ENSG00000248199,61173936,61181956,8020
ENSG00000200336,18269936,18270053,117
ENSG00000253698,177777868,177779251,1383
ENSG00000237758,231589858,231590118,260
ENSG00000181625,29465822,29469540,3718
ENSG00000269364,22715428,22716296,868
ENSG00000212789,18283529,18284638,1109
ENSG00000273294,33987279,34124633,137354
ENSG00000105662,18794487,18893004,98517
ENSG00000124786,8413301,8435794,22493
ENSG00000269565,51261639,51262449,810
ENSG00000185904,42970991,42990784,19793
ENSG00000226831,132152790,132153115,325
ENSG00000232713,61165339,61165739,400
ENSG00000241357,100032880,100034133,1253
ENSG00000214093,31955469,31955925,456
ENSG00000270480,83612890,83613621,731
ENSG00000270696,75887588,75889334,1746
ENSG00000164620,141016517,141020644,4127
ENSG00000258900,58987941,58988706,765
ENSG00000249669,148786252,148808241,21989
ENSG00000075239,107992243,108018503,26260
ENSG00000005801,3360491,3400448,39957
ENSG00000240211,100033827,100036127,2300
ENSG00000230983,31220056,31224226,4170
ENSG00000242341,177804925,177805219,294
ENSG00000183733,71004442,71017775,13333
ENSG00000271452,75897115,75897580,465
ENSG00000207746,83674490,83674583,93
ENSG00000248202,97217124,97258399,41275
ENSG00000216109,155206540,155206628,88
ENSG00000201695,18287940,18288057,117
ENSG00000261341,51279398,51289467,10069
ENSG00000245688,177865682,177870095,4413
ENSG00000147526,38585704,38710546,124842
ENSG00000264758,100060452,100060725,273
ENSG00000251983,61442492,61442773,281
ENSG00000264603,18409334,18409407,73
ENSG00000270842,83696614,83697254,640
ENSG00000248909,77940088,77940668,580
ENSG00000266372,100081381,100081466,85
ENSG00000239510,59030864,59031334,470
ENSG00000199279,61739003,61739109,106
ENSG00000256006,18427156,18428278,1122
ENSG00000166450,55903744,56035288,131544
ENSG00000225855,155286654,155293967,7313
ENSG00000201044,231616856,231616962,106
ENSG00000225807,100107340,100117549,10209
ENSG00000222251,61225887,61226023,136
ENSG00000142949,43990858,44089343,98485
ENSG00000223631,132160474,132166622,6148
ENSG00000242251,32153188,32153482,294
ENSG00000270891,231701624,231702100,476
ENSG00000270462,75924709,75925122,413
ENSG00000265697,31861129,31868358,7229
ENSG00000241991,61857686,61858043,357
ENSG00000221427,59237870,59237964,94
ENSG00000256734,18471659,18472415,756
ENSG00000249101,97361669,97361843,174
ENSG00000207397,22738063,22738169,106
ENSG00000242101,100127987,100128282,295
ENSG00000268375,51295942,51296841,899
ENSG00000213598,59261372,59261747,375
ENSG00000254170,78004557,78011905,7348
ENSG00000236132,32212365,32213477,1112
ENSG00000184414,100167754,100168759,1005
ENSG00000271149,22778281,22778965,684
ENSG00000221381,51302289,51302379,90
ENSG00000234420,43008958,43048270,39312
ENSG00000256464,18511790,18512502,712
ENSG00000265125,31892783,31951141,58358
ENSG00000248901,97421964,97496897,74933
ENSG00000258734,59294397,59294894,497
ENSG00000221241,51302699,51302789,90
ENSG00000272047,158589384,158620376,30992
ENSG00000212978,61368732,61372104,3372
ENSG00000252464,178046729,178046999,270
ENSG00000220988,51305585,51305675,90
ENSG00000085231,68646811,68665840,19029
ENSG00000224729,100187025,100201829,14804
ENSG00000269332,22779059,22786352,7293
ENSG00000271627,91911049,91911631,582
ENSG00000256588,18529155,18530367,1212
ENSG00000233090,15696176,15696359,183
ENSG00000270996,75946246,75947144,898
ENSG00000258583,59294952,59484046,189094
ENSG00000249135,97538763,97540897,2134
ENSG00000256361,18532590,18533022,432
ENSG00000237057,15709555,15721056,11501
ENSG00000244006,63430570,63430866,296
ENSG00000106266,2291405,2393953,102548
ENSG00000188177,113033171,113097640,64469
ENSG00000250420,178191862,178245436,53574
ENSG00000112246,100832891,100912805,79914
ENSG00000251022,83814162,83822113,7951
ENSG00000223703,91924752,91955465,30713
ENSG00000256282,18617006,18621230,4224
ENSG00000213754,63524927,63526613,1686
ENSG00000223577,31244106,31250362,6256
ENSG00000233107,76333142,76334450,1308
ENSG00000101997,49091927,49106987,15060
ENSG00000222838,72740856,72740962,106
ENSG00000262247,54767820,54767928,108
ENSG00000227790,15732683,15767467,34784
ENSG00000251510,20653626,20709584,55958
ENSG00000228615,112500163,112502239,2076
ENSG00000241537,72821690,72822622,932
ENSG00000265384,55063157,55063228,71
ENSG00000253716,144362331,144363860,1529
ENSG00000254310,78049419,78049696,277
ENSG00000207720,155316141,155316236,95
ENSG00000264786,55139744,55139813,69
ENSG00000238000,97549106,97549825,719
ENSG00000252909,32233224,32233284,60
ENSG00000148926,10326227,10328944,2717
ENSG00000258442,57390043,57392225,2182
ENSG00000207134,155328503,155328609,106
ENSG00000152672,71035775,71047732,11957
ENSG00000262125,55302201,55302307,106
ENSG00000232520,231751215,231761806,10591
ENSG00000247595,18621334,18631802,10468
ENSG00000156510,70980059,71027315,47256
ENSG00000270762,43050888,43051172,284
ENSG00000240135,72925888,72927253,1365
ENSG00000227773,155365801,155366769,968
ENSG00000227813,32286330,32287420,1090
ENSG00000263832,57515445,57515545,100
ENSG00000228209,76485160,76486023,863
ENSG00000238805,155385349,155385453,104
ENSG00000267295,58191154,58198048,6894
ENSG00000259125,57538403,57541402,2999
ENSG00000267618,33338368,33448512,110144
ENSG00000207144,155389188,155389291,103
ENSG00000181790,143530791,143626370,95579
ENSG00000238067,20670463,20670954,491
ENSG00000196091,101962131,102079796,117665
ENSG00000266063,112528638,112528711,73
ENSG00000243686,15947935,15948275,340
ENSG00000238910,32349391,32349493,102
ENSG00000232531,91935966,91937021,1055
ENSG00000214890,78295935,78296947,1012
ENSG00000240436,61871778,61872098,320
ENSG00000256304,122806669,122808883,2214
ENSG00000204052,43474707,43478424,3717
ENSG00000230958,112623375,112623982,607
ENSG00000226408,31246516,31248313,1797
ENSG00000237872,155402969,155404053,1084
ENSG00000240713,22784247,22784539,292
ENSG00000230889,63652281,63654025,1744
ENSG00000217416,62072704,62073090,386
ENSG00000221790,22785508,22785590,82
ENSG00000166866,57422301,57444982,22681
ENSG00000233546,20691244,20691509,265
ENSG00000227519,32359344,32366387,7043
ENSG00000268823,22786071,22791303,5232
ENSG00000221717,128245532,128245633,101
ENSG00000267248,58203896,58213005,9109
ENSG00000271356,76487881,76488787,906
ENSG00000176183,97674448,97675536,1088
ENSG00000230377,20694212,20694542,330
ENSG00000110047,64619114,64655768,36654
ENSG00000249579,62318746,62319316,570
ENSG00000227261,63832512,63833142,630
ENSG00000123700,68164814,68176189,11375
ENSG00000236307,112645491,112646318,827
ENSG00000200488,76672205,76672536,331
ENSG00000233979,15987356,15987695,339
ENSG00000230866,32366810,32369462,2652
ENSG00000226502,63842997,63844453,1456
ENSG00000258097,31618146,31649536,31390
ENSG00000214760,122849327,122850176,849
ENSG00000272172,144372569,144372791,222
ENSG00000112116,52101479,52109335,7856
ENSG00000251947,76822539,76822804,265
ENSG00000184979,18632666,18660164,27498
ENSG00000133302,93954052,94075141,121089
ENSG00000248185,62597350,62597883,533
ENSG00000269025,22788541,22791013,2472
ENSG00000201955,78466057,78466158,101
ENSG00000139514,30083547,30169825,86278
ENSG00000271266,72933385,72933830,445
ENSG00000263660,144397091,144397176,85
ENSG00000127578,679239,684116,4877
ENSG00000200028,77000035,77000171,136
ENSG00000225814,63917758,63918427,669
ENSG00000240183,112687752,112688041,289
ENSG00000252383,16002018,16002121,103
ENSG00000212221,144432342,144432448,106
ENSG00000258058,31308228,31308595,367
ENSG00000089220,118573663,118583389,9726
ENSG00000269316,22792408,22793403,995
ENSG00000249829,78487372,78487570,198
ENSG00000199674,16041082,16041186,104
ENSG00000248285,63253720,63276870,23150
ENSG00000267095,58213123,58217442,4319
ENSG00000242960,72978195,72978744,549
ENSG00000254389,144448801,144450718,1917
ENSG00000236982,63946628,63946928,300
ENSG00000258788,96689445,96689684,239
ENSG00000239221,16095146,16095466,320
ENSG00000133597,140372953,140396061,23108
ENSG00000250951,20702866,20706014,3148
ENSG00000268038,22798359,22806773,8414
ENSG00000257043,18686597,18687095,498
ENSG00000236068,63700339,63782442,82103
ENSG00000266960,58250683,58251183,500
ENSG00000234653,77213091,77236917,23826
ENSG00000221355,16185328,16185402,74
ENSG00000226050,31320465,31323637,3172
ENSG00000261893,155248063,155263686,15623
ENSG00000253931,144494919,144499224,4305
ENSG00000237971,64404898,64407145,2247
ENSG00000252577,58308877,58309007,130
ENSG00000265401,16285466,16285983,517
ENSG00000238320,91951951,91952044,93
ENSG00000241157,58322649,58323008,359
ENSG00000149043,1848709,1858751,10042
ENSG00000265095,16294748,16295196,448
ENSG00000254338,144499849,144501320,1471
ENSG00000206592,78516765,78516896,131
ENSG00000254966,18728084,18762115,34031
ENSG00000225827,81355050,81355416,366
ENSG00000264739,16317838,16320003,2165
ENSG00000211984,77247462,77247547,85
ENSG00000236969,91963970,91969195,5225
ENSG00000225921,13615559,13632971,17412
ENSG00000254859,144624143,144631899,7756
ENSG00000239203,16330788,16332033,1245
ENSG00000250330,78525727,78526411,684
ENSG00000257097,122880089,122885404,5315
ENSG00000271889,61378568,61389240,10672
ENSG00000179862,41326729,41328018,1289
ENSG00000240647,32377132,32377414,282
ENSG00000222596,64435117,64435222,105
ENSG00000226676,81388513,81391944,3431
ENSG00000174996,66024765,66035331,10566
ENSG00000254144,144624280,144624570,290
ENSG00000130338,158733692,158932860,199168
ENSG00000232346,32435477,32435883,406
ENSG00000199321,128468271,128468343,72
ENSG00000225569,64490793,64492899,2106
ENSG00000174579,135867764,135916083,48319
ENSG00000263447,77268904,77268989,85
ENSG00000202487,128609376,128609472,96
ENSG00000255050,144655660,144659567,3907
ENSG00000227088,77879539,77881794,2255
ENSG00000244733,81420647,81437248,16601
ENSG00000235919,155531821,155533775,1954
ENSG00000182747,137243402,137246777,3375
ENSG00000234479,32517964,32529456,11492
ENSG00000213757,78579955,78580741,786
ENSG00000223528,128798541,128824771,26230
ENSG00000254741,144661806,144662840,1034
ENSG00000250221,97727774,97729234,1460
ENSG00000230968,77899341,77900918,1577
ENSG00000227656,31325200,31326399,1199
ENSG00000074755,3907739,4046314,138575
ENSG00000271912,144683416,144685394,1978
ENSG00000075043,62037542,62103993,66451
ENSG00000271267,155535841,155536097,256
ENSG00000213755,78806257,78806742,485
ENSG00000114573,113465866,113530903,65037
ENSG00000237439,32525676,32526599,923
ENSG00000146476,151773422,151791236,17814
ENSG00000226381,81422844,81526085,103241
ENSG00000233837,43062125,43062931,806
ENSG00000265940,18825955,18826033,78
ENSG00000242547,63835331,63835621,290
ENSG00000254812,144714241,144715926,1685
ENSG00000225082,155556435,155571988,15553
ENSG00000237077,78015508,78020213,4705
ENSG00000231309,31332382,31333836,1454
ENSG00000273302,61427114,61427904,790
ENSG00000254529,18885105,18886056,951
ENSG00000134046,51679079,51751158,72079
ENSG00000224212,32790967,32799736,8769
ENSG00000231857,64547868,64551113,3245
ENSG00000252075,144728080,144728139,59
ENSG00000201869,63869396,63869497,101
ENSG00000187268,13053737,13062801,9064
ENSG00000255511,18892536,18895009,2473
ENSG00000181097,144778324,144780583,2259
ENSG00000186625,149916009,149970108,54099
ENSG00000232707,32530015,32530120,105
ENSG00000223503,155560392,155561053,661
ENSG00000272373,43069633,43134016,64383
ENSG00000243160,78825125,78825916,791
ENSG00000228713,31352706,31353440,734
ENSG00000232519,155579567,155580171,604
ENSG00000215906,23279536,23291831,12295
ENSG00000149781,63974150,63991354,17204
ENSG00000237963,64576770,64577427,657
ENSG00000130731,684429,686358,1929
ENSG00000108798,47287589,47300587,12998
ENSG00000212443,98993413,98993661,248
ENSG00000207391,78830676,78830777,101
ENSG00000235235,92005797,92006650,853
ENSG00000239674,32537254,32539259,2005
ENSG00000254574,144791177,144795754,4577
ENSG00000250258,79070171,79112013,41842
ENSG00000257632,31381070,31381196,126
ENSG00000246203,155584517,155630036,45519
ENSG00000199530,83865891,83865998,107
ENSG00000228158,64627964,64628565,601
ENSG00000252834,83870321,83870397,76
ENSG00000230120,32555441,32556379,938
ENSG00000233605,78143060,78145135,2075
ENSG00000259036,96699768,96700438,670
ENSG00000254565,103276941,103277969,1028
ENSG00000251874,83924565,83924670,105
ENSG00000227429,31508507,31509970,1463
ENSG00000258793,96725748,96734961,9213
ENSG00000254548,144800416,144801061,645
ENSG00000250057,84154665,84168366,13701
ENSG00000115211,27587219,27593353,6134
ENSG00000238776,96790045,96790124,79
ENSG00000238254,79145375,79145669,294
ENSG00000227534,64688967,64690260,1293
ENSG00000214330,92028627,92031828,3201
ENSG00000250677,84158456,84158597,141
ENSG00000227868,23337327,23342343,5016
ENSG00000225918,144737092,144738034,942
ENSG00000082196,34019553,34043937,24384
ENSG00000265660,144815253,144815323,70
ENSG00000254127,32595906,32596221,315
ENSG00000016402,137321108,137366298,45190
ENSG00000203499,144816310,144828507,12197
ENSG00000168234,21572737,21715574,142837
ENSG00000248401,84168332,84169359,1027
ENSG00000226592,144966607,144967477,870
ENSG00000258685,59602206,59603139,933
ENSG00000079691,25279306,25620758,341452
ENSG00000228875,31620429,31628739,8310
ENSG00000263679,31540833,31540934,101
ENSG00000227673,155679889,155680354,465
ENSG00000173926,126203406,126366500,163094
ENSG00000227942,64770778,64772301,1523
ENSG00000115942,201773696,201828403,54707
ENSG00000250830,97738246,97738436,190
ENSG00000258996,59648311,59648658,347
ENSG00000242082,32601102,32665653,64551
ENSG00000253245,103278169,103279104,935
ENSG00000231839,145280290,145281910,1620
ENSG00000251647,84298516,84299229,713
ENSG00000231809,64992583,64993474,891
ENSG00000144120,120436743,120444083,7340
ENSG00000234539,32014365,32044486,30121
ENSG00000229706,31563620,31564431,811
ENSG00000230746,145372975,145378462,5487
ENSG00000213608,84398677,84399577,900
ENSG00000254973,144840323,144853992,13669
ENSG00000091181,3111233,3168297,57064
ENSG00000203761,155581011,155720105,139094
ENSG00000162980,152645498,152685006,39508
ENSG00000264018,145793180,145793471,291
ENSG00000252869,59866741,59866869,128
ENSG00000239525,84423852,84424187,335
ENSG00000221766,146593689,146593785,96
ENSG00000186660,58346584,58388515,41931
ENSG00000249990,97745379,97745804,425
ENSG00000258782,59945992,59992155,46163
ENSG00000214076,32665368,32669097,3729
ENSG00000236795,146778026,146794701,16675
ENSG00000214733,144871090,144872629,1539
ENSG00000201633,84557349,84557443,94
ENSG00000249171,84589663,84652908,63245
ENSG00000248100,27699983,27705706,5723
ENSG00000237085,92047410,92047507,97
ENSG00000254824,103280308,103280385,77
ENSG00000214077,132181374,132182440,1066
ENSG00000226857,146843434,146843848,414
ENSG00000182606,42055294,42267381,212087
ENSG00000171793,41445007,41478235,33228
ENSG00000211976,107210932,107211471,539
ENSG00000256056,27745394,27746972,1578
ENSG00000170619,146066427,146079121,12694
ENSG00000250546,84717589,85214565,496976
ENSG00000232391,146864436,146864664,228
ENSG00000236547,31572245,31572824,579
ENSG00000256557,27761666,27761979,313
ENSG00000217950,132200167,132202467,2300
ENSG00000254987,103546722,103765999,219277
ENSG00000001617,50192478,50226508,34030
ENSG00000213648,29467127,29476300,9173
ENSG00000221442,147075109,147075213,104
ENSG00000121871,164904508,164914897,10389
ENSG00000216090,144895127,144895212,85
ENSG00000264200,103720634,103720708,74
ENSG00000255343,144915440,144916233,793
ENSG00000230190,147368803,147370235,1432
ENSG00000224050,32669407,32673173,3766
ENSG00000224650,107218676,107219365,689
ENSG00000227497,92065995,92068221,2226
ENSG00000258164,29968112,29969556,1444
ENSG00000164442,139693393,139695757,2364
ENSG00000255548,103816276,103817274,998
ENSG00000112249,100956070,101329248,373178
ENSG00000263625,31580504,31580579,75
ENSG00000264144,144926240,144926325,85
ENSG00000266755,31585228,31585305,77
ENSG00000232742,132218533,132219150,617
ENSG00000207574,145019359,145019447,88
ENSG00000252251,104123307,104123343,36
ENSG00000273325,32680670,32681118,448
ENSG00000112977,10679342,10761384,82042
ENSG00000204791,145104030,145106423,2393
ENSG00000256422,104316596,104480049,163453
ENSG00000211979,107282792,107283280,488
ENSG00000234082,31586431,31587265,834
ENSG00000117362,150237804,150241980,4176
ENSG00000182824,18721427,18745407,23980
ENSG00000171873,4201329,4229721,28392
ENSG00000263324,155262778,155275043,12265
ENSG00000180279,51320937,51322134,1197
ENSG00000273073,132219394,132221188,1794
ENSG00000265231,5029587,5060223,30636
ENSG00000004487,23345941,23410182,64241
ENSG00000111540,56367697,56388490,20793
ENSG00000234626,32723158,32739092,15934
ENSG00000265575,132248733,132248809,76
ENSG00000112118,52128807,52149679,20872
ENSG00000271093,32752663,32752975,312
ENSG00000215398,19110203,19118336,8133
ENSG00000230736,32772651,32780330,7679
ENSG00000267968,51333786,51354345,20559
ENSG00000237026,64696164,64697097,933
ENSG00000229494,78315856,78354932,39076
ENSG00000206906,19119515,19119621,106
ENSG00000256394,156750881,156787425,36544
ENSG00000079277,47023090,47082515,59425
ENSG00000265754,31667152,31667283,131
ENSG00000270449,104553111,104553309,198
ENSG00000161103,18834324,18848562,14238
ENSG00000257171,19172103,19188741,16638
ENSG00000249253,130012180,130012603,423
ENSG00000254569,104743991,104744144,153
ENSG00000225390,31702389,31704781,2392
ENSG00000252759,201727875,201727970,95
ENSG00000197588,51385352,51399654,14302
ENSG00000206502,30016279,30022269,5990
ENSG00000250888,79232402,79263449,31047
ENSG00000201499,201746438,201746544,106
ENSG00000229064,64707972,64708122,150
ENSG00000175061,16342136,16381992,39856
ENSG00000252916,201763743,201763844,101
ENSG00000108179,81107225,81115093,7868
ENSG00000243519,32772669,32773122,453
ENSG00000263947,201792267,201792534,267
ENSG00000257356,19195252,19195750,498
ENSG00000225414,64721415,64721774,359
ENSG00000222683,130088070,130088187,117
ENSG00000214429,78639919,78640220,301
ENSG00000183308,201827986,201873825,45839
ENSG00000222783,130530612,130530939,327
ENSG00000152117,132250386,132279146,28760
ENSG00000265175,64728309,64728404,95
ENSG00000238442,19253848,19253930,82
ENSG00000262785,155275034,155286629,11595
ENSG00000254875,32079238,32097378,18140
ENSG00000232829,130546503,130547220,717
ENSG00000170848,43406231,43423715,17484
ENSG00000106263,2393721,2420380,26659
ENSG00000252102,64791632,64791729,97
ENSG00000257959,19332154,19372787,40633
ENSG00000258259,31703068,31704007,939
ENSG00000257721,19336524,19336668,144
ENSG00000200130,64792309,64792386,77
ENSG00000225695,201927812,201928774,962
ENSG00000235505,104772276,104789800,17524
ENSG00000226658,201931414,201931914,500
ENSG00000221625,98999652,98999738,86
ENSG00000241954,32779773,32781618,1845
ENSG00000250592,130618258,130648820,30562
ENSG00000215635,44537,47211,2674
ENSG00000258367,19339405,19345267,5862
ENSG00000228674,51430334,51430831,497
ENSG00000249448,97745939,97747496,1557
ENSG00000252148,201944565,201944667,102
ENSG00000112763,26458150,26476849,18699
ENSG00000265738,31707348,31707461,113
ENSG00000252894,130633185,130633296,111
ENSG00000232719,201966105,201967859,1754
ENSG00000264873,31745090,31745152,62
ENSG00000249098,130637070,130637964,894
ENSG00000232218,32782655,32782855,200
ENSG00000255073,58346645,58392112,45467
ENSG00000224672,201966812,201967680,868
ENSG00000251050,79315432,79315743,311
ENSG00000234937,155815158,155816415,1257
ENSG00000115282,74710200,74722013,11813
ENSG00000264951,31801028,31801130,102
ENSG00000269495,51453441,51466905,13464
ENSG00000237078,201973424,201973553,129
ENSG00000185254,153498930,153523796,24866
ENSG00000249778,79328994,79329125,131
ENSG00000244404,25061654,25061954,300
ENSG00000236054,32979286,32980190,904
ENSG00000146857,134916731,134943244,26513
ENSG00000072041,85253492,85307394,53902
ENSG00000201614,155864072,155864177,105
ENSG00000232133,202002239,202004750,2511
ENSG00000201713,25066498,25066617,119
ENSG00000251102,97912045,97912964,919
ENSG00000107779,88516407,88692595,176188
ENSG00000207475,155889700,155889836,136
ENSG00000251579,130646598,130647120,522
ENSG00000213877,25365665,25366150,485
ENSG00000249825,79348197,79379477,31280
ENSG00000252808,155895749,155895877,128
ENSG00000230385,231773567,231774817,1250
ENSG00000171453,43477440,43497323,19883
ENSG00000235765,31808387,31809665,1278
ENSG00000267879,51471466,51515385,43919
ENSG00000122042,30338508,30424821,86313
ENSG00000233833,65014187,65015677,1490
ENSG00000114200,165490692,165555260,64568
ENSG00000273002,155948590,155952777,4187
ENSG00000251890,33031088,33031184,96
ENSG00000235013,231822308,231822665,357
ENSG00000226312,202005007,202022546,17539
ENSG00000268739,51517630,51517990,360
ENSG00000183628,18893541,18901751,8210
ENSG00000223053,97974801,97974935,134
ENSG00000264887,31822894,31822982,88
ENSG00000250129,130772161,130791183,19022
ENSG00000268906,51533332,51537591,4259
ENSG00000229673,33179163,33180968,1805
ENSG00000105664,18893583,18902123,8540
ENSG00000201962,25393775,25393883,108
ENSG00000224276,155961181,155971578,10397
ENSG00000123594,13336770,13338518,1748
ENSG00000224296,63970680,63971214,534
ENSG00000238409,11387067,11387170,103
ENSG00000268390,51547063,51555334,8271
ENSG00000233649,31928014,31928307,293
ENSG00000229421,25482655,25482993,338
ENSG00000269570,58378589,58378759,170
ENSG00000222611,156047164,156047245,81
ENSG00000221801,11400297,11400384,87
ENSG00000251553,98015106,98017071,1965
ENSG00000252236,156161854,156161994,140
ENSG00000270470,78664976,78666047,1071
ENSG00000197047,33210035,33210372,337
ENSG00000199668,11408924,11409035,111
ENSG00000268581,51623244,51626222,2978
ENSG00000242689,58390146,58393198,3052
ENSG00000271146,61476915,61477756,841
ENSG00000228155,156293302,156293487,185
ENSG00000257825,19364751,19364792,41
ENSG00000263080,11435666,11439068,3402
ENSG00000223661,31978673,31985947,7274
ENSG00000230039,65041097,65042091,994
ENSG00000237390,156358018,156365401,7383
ENSG00000261217,33790873,33794018,3145
ENSG00000257672,19390865,19391038,173
ENSG00000183531,33256006,33256420,414
ENSG00000272370,64315865,64316378,513
ENSG00000116031,71057347,71062952,5605
ENSG00000134986,110998318,111333161,334843
ENSG00000238062,231849083,231860747,11664
ENSG00000207933,156390123,156390230,107
ENSG00000238829,202006627,202006689,62
ENSG00000262703,11442000,11443178,1178
ENSG00000164743,13424352,13425796,1444
ENSG00000228194,33410965,33411446,481
ENSG00000135577,142379467,142409936,30469
ENSG00000262734,155180970,155183462,2492
ENSG00000235579,202027207,202027403,196
ENSG00000178814,145106167,145118735,12568
ENSG00000234624,61644022,61644332,310
ENSG00000217835,65176131,65177038,907
ENSG00000258233,19400329,19403264,2935
ENSG00000236947,156416204,156426369,10165
ENSG00000272166,25597034,25597097,63
ENSG00000234431,202031688,202032269,581
ENSG00000238774,11442584,11442653,69
ENSG00000264219,25706364,25706430,66
ENSG00000266612,32001063,32001164,101
ENSG00000259990,33815861,33816297,436
ENSG00000262636,11474716,11474975,259
ENSG00000224639,32026249,32026275,26
ENSG00000227348,202077006,202077804,798
ENSG00000238225,25728387,25728614,227
ENSG00000267990,51641227,51641891,664
ENSG00000188396,45271585,45272957,1372
ENSG00000261905,155195549,155198898,3349
ENSG00000228622,33501369,33502045,676
ENSG00000262999,11559116,11567030,7914
ENSG00000225796,202078021,202079383,1362
ENSG00000185379,33426811,33448541,21730
ENSG00000237311,65219593,65220913,1320
ENSG00000254689,82797612,82835428,37816
ENSG00000235318,202079376,202079673,297
ENSG00000261197,33817729,33853828,36099
ENSG00000272354,64316441,64316816,375
ENSG00000272310,11561497,11561585,88
ENSG00000229856,32052157,32052675,518
ENSG00000254123,83010686,83072812,62126
ENSG00000074696,65822756,65870687,47931
ENSG00000265731,11571888,11572132,244
ENSG00000207439,64419196,64419301,105
ENSG00000213090,202275267,202278031,2764
ENSG00000267895,51647083,51647453,370
ENSG00000265115,31954046,31962076,8030
ENSG00000206651,156453890,156454002,112
ENSG00000206937,61644379,61644513,134
ENSG00000137409,36935917,36954074,18157
ENSG00000262420,11835766,11838362,2596
ENSG00000262561,33922937,33923144,207
ENSG00000207939,65238712,65238821,109
ENSG00000149124,58407899,58499447,91548
ENSG00000260460,156479646,156481473,1827
ENSG00000248288,64505748,64506775,1027
ENSG00000111432,130647004,130650285,3281
ENSG00000264643,32007596,32007902,306
ENSG00000133805,10329860,10529126,199266
ENSG00000231253,33504515,33512280,7765
ENSG00000215168,65275429,65276429,1000
ENSG00000225496,112697879,112698613,734
ENSG00000185053,13947373,15095848,1148475
ENSG00000202008,202288236,202288327,91
ENSG00000261440,33938203,33939259,1056
ENSG00000206228,83203859,83204614,755
ENSG00000265689,32015822,32016193,371
ENSG00000234842,202414354,202415030,676
ENSG00000269072,51656180,51685222,29042
ENSG00000213872,25790979,25791387,408
ENSG00000214329,92071102,92119740,48638
ENSG00000166887,42450899,42500514,49615
ENSG00000262117,11913686,11922702,9016
ENSG00000221699,32201337,32201477,140
ENSG00000224299,202415247,202415772,525
ENSG00000232277,112709721,112710248,527
ENSG00000233632,33533126,33533324,198
ENSG00000172366,691813,698474,6661
ENSG00000253503,83426803,83589388,162585
ENSG00000269681,51658545,51658881,336
ENSG00000227736,202417582,202418335,753
ENSG00000237294,65294677,65296189,1512
ENSG00000270820,61698323,61711265,12942
ENSG00000238951,113028848,113028944,96
ENSG00000224590,202418411,202418754,343
ENSG00000224140,32052838,32056696,3858
ENSG00000262788,69166418,69202911,36493
ENSG00000260087,33941656,33942010,354
ENSG00000253864,148786526,148793660,7134
ENSG00000234731,202418819,202419113,294
ENSG00000231356,65580608,65581618,1010
ENSG00000222009,45274154,45281257,7103
ENSG00000253836,83775014,83870931,95917
ENSG00000235258,113043634,113043999,365
ENSG00000249177,202419107,202420774,1667
ENSG00000226820,65657187,65660510,3323
ENSG00000174903,66036004,66044963,8959
ENSG00000259987,33943723,33944473,750
ENSG00000263629,60113680,60113738,58
ENSG00000062485,56665483,56694176,28693
ENSG00000227841,202421615,202422988,1373
ENSG00000261829,231916755,231917352,597
ENSG00000208035,148808481,148808586,105
ENSG00000261120,60386141,60387057,916
ENSG00000235892,65717590,65719266,1676
ENSG00000171101,51670585,51676780,6195
ENSG00000254394,83824339,83874161,49822
ENSG00000201574,231998176,231998344,168
ENSG00000248341,113089719,113091836,2117
ENSG00000260207,33944923,33945316,393
ENSG00000250732,64546954,64547611,657
ENSG00000237039,232120810,232121019,209
ENSG00000200108,85154810,85154916,106
ENSG00000231556,64800087,64800581,494
ENSG00000234877,78825037,78826532,1495
ENSG00000260001,7981030,7983982,2952
ENSG00000173163,62115859,62374382,258523
ENSG00000198759,13587724,13651694,63970
ENSG00000241790,202486369,202488153,1784
ENSG00000263307,11945506,11989468,43962
ENSG00000214980,85165156,85166641,1485
ENSG00000265616,33945949,33946021,72
ENSG00000205644,64711180,64712049,869
ENSG00000263641,232227419,232227504,85
ENSG00000253581,83891646,83892121,475
ENSG00000256642,33961052,33962503,1451
ENSG00000261560,11974932,11976426,1494
ENSG00000232906,64820847,64822089,1242
ENSG00000203805,122216466,122349367,132901
ENSG00000207986,33961652,33961766,114
ENSG00000185332,79285074,79304474,19400
ENSG00000202423,79109573,79109678,105
ENSG00000224376,232253687,232259702,6015
ENSG00000260318,11997780,11997994,214
ENSG00000261376,80213026,80214579,1553
ENSG00000254189,84012211,84013081,870
ENSG00000269936,148809849,148812397,2548
ENSG00000007350,153524024,153558700,34676
ENSG00000200434,33965426,33965577,151
ENSG00000200048,79109754,79109860,106
ENSG00000260183,80581739,80586411,4672
ENSG00000238124,64927984,64928351,367
ENSG00000248749,85292546,85301342,8796
ENSG00000115594,102681004,102796334,115330
ENSG00000253423,84113187,84114666,1479
ENSG00000260854,34213115,34214215,1100
ENSG00000251675,79424184,79439706,15522
ENSG00000261216,12002065,12002773,708
ENSG00000226767,64973686,64973857,171
ENSG00000258013,85465457,85465672,215
ENSG00000236555,113103588,113103835,247
ENSG00000266163,12009518,12009595,77
ENSG00000260737,80600691,80606705,6014
ENSG00000172799,232298634,232299137,503
ENSG00000235421,64990542,65019657,29115
ENSG00000260224,12062365,12062600,235
ENSG00000253898,84315993,84321135,5142
ENSG00000207383,113337061,113337161,100
ENSG00000261331,34213746,34213986,240
ENSG00000239466,85608881,85609171,290
ENSG00000230047,232301812,232302132,320
ENSG00000232073,33560049,33562425,2376
ENSG00000251260,85724411,85731544,7133
ENSG00000254202,84824948,85052518,227570
ENSG00000230551,148872949,148884233,11284
ENSG00000206885,232320511,232320647,136
ENSG00000230741,33716851,33718799,1948
ENSG00000256579,34232106,34232469,363
ENSG00000252062,85807539,85807639,100
ENSG00000207280,232321155,232321234,79
ENSG00000268589,22803285,22803526,241
ENSG00000254195,85074353,85074706,353
ENSG00000253725,178267098,178268135,1037
ENSG00000230386,65081990,65084127,2137
ENSG00000204787,79362629,79365553,2924
ENSG00000266012,33832568,33832655,87
ENSG00000202400,232325082,232325151,69
ENSG00000260488,12070708,12071707,999
ENSG00000243389,113346617,113372008,25391
ENSG00000268981,22848354,22899793,51439
ENSG00000180769,85887538,85932430,44892
ENSG00000263053,79369275,79375658,6383
ENSG00000253007,34100772,34100906,134
ENSG00000263774,232354915,232355000,85
ENSG00000206624,178311716,178311880,164
ENSG00000228251,113348373,113349516,1143
ENSG00000253362,85075684,85076799,1115
ENSG00000223198,232366701,232366912,211
ENSG00000232081,34119818,34120898,1080
ENSG00000221365,57588287,57588359,72
ENSG00000213328,178336711,178337610,899
ENSG00000241641,12175094,12175759,665
ENSG00000241112,148924946,148925373,427
ENSG00000198153,22867969,22869534,1565
ENSG00000181798,232373137,232379050,5913
ENSG00000231747,113379386,113379744,358
ENSG00000104976,7985201,7988135,2934
ENSG00000253869,178349065,178349717,652
ENSG00000260064,80661448,80662276,828
ENSG00000221185,85208238,85208323,85
ENSG00000261566,34257222,34258621,1399
ENSG00000258204,99188263,99188742,479
ENSG00000265341,80699358,80699460,102
ENSG00000241282,22882154,22882487,333
ENSG00000261293,12187484,12189164,1680
ENSG00000206701,85577994,85578100,106
ENSG00000221135,148983839,148983980,141
ENSG00000260594,80770257,80776202,5945
ENSG00000257458,99325460,99370434,44974
ENSG00000238685,12391054,12391180,126
ENSG00000231494,232424614,232425075,461
ENSG00000253137,85591033,85592077,1044
ENSG00000237753,113399409,113403267,3858
ENSG00000262885,34257710,34258136,426
ENSG00000261394,12460839,12466439,5600
ENSG00000189292,279558,288851,9293
ENSG00000222972,202511439,202511543,104
ENSG00000224973,34121000,34146830,25830
ENSG00000230799,202627460,202628296,836
ENSG00000222213,148986200,148986304,104
ENSG00000260896,80862632,80926492,63860
ENSG00000216671,34262756,34318684,55928
ENSG00000221043,149075312,149075522,210
ENSG00000248978,85740808,85741714,906
ENSG00000257065,144128229,144165754,37525
ENSG00000260723,12466669,12467756,1087
ENSG00000242928,149101633,149101933,300
ENSG00000154040,21718942,21741567,22625
ENSG00000232270,65112777,65180636,67859
ENSG00000221541,113601888,113601988,100
ENSG00000185894,27177048,27208695,31647
ENSG00000125207,130822432,130857182,34750
ENSG00000270475,22891636,22892116,480
ENSG00000199047,149112388,149112453,65
ENSG00000040731,24487209,24645087,157878
ENSG00000103852,99676528,99791428,114900
ENSG00000254212,85776903,85777142,239
ENSG00000265356,32258151,32263225,5074
ENSG00000260601,12639339,12640541,1202
ENSG00000202137,202673404,202673505,101
ENSG00000201901,86021649,86021976,327
ENSG00000238959,73076959,73077024,65
ENSG00000180152,113610905,113611699,794
ENSG00000146433,158957468,159056460,98992
ENSG00000213871,25796416,25797161,745
ENSG00000268789,22925726,22926212,486
ENSG00000156689,58601542,58671688,70146
ENSG00000238566,85832053,85832148,95
ENSG00000238416,73131138,73131241,103
ENSG00000263435,32303550,32307870,4320
ENSG00000248725,86167310,86168065,755
ENSG00000231124,202689271,202689555,284
ENSG00000180081,22934985,22937677,2692
ENSG00000252651,73141299,73141408,109
ENSG00000203413,85860820,85861909,1089
ENSG00000251583,149311577,149312231,654
ENSG00000226049,32363700,32366891,3191
ENSG00000120262,151815165,151942328,127163
ENSG00000259876,12650210,12651551,1341
ENSG00000269509,22956655,22957226,571
ENSG00000259899,12654613,12704901,50288
ENSG00000254750,104934072,104942268,8196
ENSG00000227368,113690202,113690748,546
ENSG00000253655,85892308,85892782,474
ENSG00000266421,86643621,86643686,65
ENSG00000260213,81050397,81069364,18967
ENSG00000264733,12814178,12814228,50
ENSG00000263385,25810151,25810202,51
ENSG00000263485,32407901,32409243,1342
ENSG00000221374,202705852,202705953,101
ENSG00000265774,86831631,86831696,65
ENSG00000200334,149319593,149319694,101
ENSG00000171282,79373540,79433357,59817
ENSG00000260378,12839730,12851692,11962
ENSG00000212184,202792162,202792266,104
ENSG00000273389,86921480,86921919,439
ENSG00000248696,149394348,149394717,369
ENSG00000265775,32445366,32445901,535
ENSG00000268696,23015003,23042224,27221
ENSG00000234158,26057160,26057860,700
ENSG00000246763,98105322,98109173,3851
ENSG00000253283,85998850,85999421,571
ENSG00000255430,104993388,104994066,678
ENSG00000221489,202817980,202818059,79
ENSG00000261496,86933449,86935027,1578
ENSG00000236124,113738743,113739011,268
ENSG00000273209,202897493,202898260,767
ENSG00000271655,23023234,23023723,489
ENSG00000252370,32447075,32447186,111
ENSG00000254998,105028654,105402424,373770
ENSG00000196150,146076632,146127553,50921
ENSG00000102781,30776767,30881621,104854
ENSG00000260493,86084312,86089297,4985
ENSG00000238770,202946598,202946701,103
ENSG00000261061,81064375,81065090,715
ENSG00000268541,23044105,23044396,291
ENSG00000239159,79535306,79535408,102
ENSG00000241907,149401130,149401484,354
ENSG00000264791,32469966,32474066,4100
ENSG00000261158,12853139,12855019,1880
ENSG00000222035,202978349,202981781,3432
ENSG00000249438,79584268,79585600,1332
ENSG00000268296,23089888,23097091,7203
ENSG00000254767,105065167,105065673,506
ENSG00000232090,113753094,113753514,420
ENSG00000161791,50031724,50101948,70224
ENSG00000199474,12936344,12936467,123
ENSG00000263571,32488756,32491270,2514
ENSG00000077348,41892279,41903384,11105
ENSG00000260643,81087270,81121256,33986
ENSG00000231903,203043383,203044114,731
ENSG00000238369,149408912,149409015,103
ENSG00000241932,12975027,12975350,323
ENSG00000254208,86089757,86090385,628
ENSG00000269458,23108179,23108349,170
ENSG00000272489,81422948,81424542,1594
ENSG00000184188,79595497,79598666,3169
ENSG00000214485,149473860,149474619,759
ENSG00000080802,135046547,135194875,148328
ENSG00000261156,32496391,32522956,26565
ENSG00000271661,23177770,23178649,879
ENSG00000263984,13137329,13137433,104
ENSG00000237603,26257813,26258368,555
ENSG00000262116,13291463,13298764,7301
ENSG00000253549,86354080,86377144,23064
ENSG00000254541,18908480,18909467,987
ENSG00000267849,44400472,44400720,248
ENSG00000255336,105117607,105117787,180
ENSG00000201805,113844382,113844488,106
ENSG00000261558,23197877,23206499,8622
ENSG00000255536,18931983,18932943,960
ENSG00000262801,13340173,13656775,316602
ENSG00000255403,105577025,105578663,1638
ENSG00000234174,113929112,113932937,3825
ENSG00000251828,79602054,79602187,133
ENSG00000261615,23229760,23244554,14794
ENSG00000230354,32057494,32058011,517
ENSG00000177234,122357721,122359629,1908
ENSG00000244076,79611490,79611645,155
ENSG00000255244,18956532,18961268,4736
ENSG00000174871,66045661,66052772,7111
ENSG00000221878,43428286,43441330,13044
ENSG00000202324,99477561,99477683,122
ENSG00000269543,23251275,23254278,3003
ENSG00000199409,149477969,149478069,100
ENSG00000263383,32501264,32501336,72
ENSG00000254738,18977602,18978562,960
ENSG00000108829,48452420,48474914,22494
ENSG00000264990,32503557,32505185,1628
ENSG00000254333,149855094,149865531,10437
ENSG00000258039,99487137,99498789,11652
ENSG00000225540,32076954,32080483,3529
ENSG00000254720,18993293,18994250,957
ENSG00000254380,86436128,86452740,16612
ENSG00000069869,56119120,56285944,166824
ENSG00000203733,142454227,142456288,2061
ENSG00000244444,32089983,32093681,3698
ENSG00000255424,19051244,19051985,741
ENSG00000267886,23258003,23283163,25160
ENSG00000257856,32116948,32117198,250
ENSG00000214203,100402830,100403616,786
ENSG00000253680,86529573,86529741,168
ENSG00000255308,19218322,19302973,84651
ENSG00000242335,31905279,31911713,6434
ENSG00000266726,32122728,32122848,120
ENSG00000222663,105695360,105695496,136
ENSG00000270971,86554958,86556701,1743
ENSG00000225237,32369506,32370465,959
ENSG00000263371,105804680,105804760,80
ENSG00000270479,23305990,23306890,900
ENSG00000257696,100536836,100538449,1613
ENSG00000254544,19296087,19296816,729
ENSG00000272628,86566862,86568611,1749
ENSG00000252081,105845553,105845658,105
ENSG00000197948,141018869,141030986,12117
ENSG00000227087,79627392,79628360,968
ENSG00000254433,105956717,105972702,15985
ENSG00000255160,19321430,19329905,8475
ENSG00000270416,86726454,86728113,1659
ENSG00000175093,140770244,140867453,97209
ENSG00000268105,23308467,23311345,2878
ENSG00000264557,32396819,32396925,106
ENSG00000271381,86775087,86776836,1749
ENSG00000230602,32434447,32437624,3177
ENSG00000189223,113969099,114034158,65059
ENSG00000254580,105983186,106002843,19657
ENSG00000248569,79646840,79647775,935
ENSG00000270375,86839131,86840877,1746
ENSG00000196284,44777054,45345690,568636
ENSG00000088179,120517207,120741394,224187
ENSG00000253154,86851934,86963312,111378
ENSG00000238105,100550135,100567437,17302
ENSG00000228260,32502893,32516548,13655
ENSG00000255270,19402031,19406561,4530
ENSG00000110046,64662007,64684722,22715
ENSG00000171867,4666882,4682236,15354
ENSG00000254811,106120746,106135632,14886
ENSG00000272319,43075172,43078220,3048
ENSG00000200687,19423419,19423528,109
ENSG00000272387,43078683,43078835,152
ENSG00000149308,108027942,108093369,65427
ENSG00000227753,87029048,87029355,307
ENSG00000255043,19524219,19528776,4557
ENSG00000267920,23309371,23310594,1223
ENSG00000160392,40825443,40854434,28991
ENSG00000228884,232450575,232451038,463
ENSG00000271831,43079215,43079241,26
ENSG00000251783,43100606,43100711,105
ENSG00000239202,232510711,232510984,273
ENSG00000232109,43156176,43157224,1048
ENSG00000230458,20740303,20740446,143
ENSG00000243761,87055331,87055736,405
ENSG00000254622,19532437,19541443,9006
ENSG00000135521,144164481,144184949,20468
ENSG00000258150,29476288,29479154,2866
ENSG00000237641,232654191,232654597,406
ENSG00000233515,43169645,43187171,17526
ENSG00000221478,23369034,23369139,105
ENSG00000269471,23386812,23387358,546
ENSG00000261096,232674556,232677062,2506
ENSG00000131007,20743092,20752407,9315
ENSG00000104723,15274724,15624158,349434
ENSG00000268469,23419110,23419653,543
ENSG00000260622,232675058,232675554,496
ENSG00000253675,87111194,87166454,55260
ENSG00000265210,19596857,19596919,62
ENSG00000169064,166958075,167099134,141059
ENSG00000231009,43189819,43210023,20204
ENSG00000184144,205012325,205047627,35302
ENSG00000207407,19612703,19612838,135
ENSG00000269837,23437855,23440741,2886
ENSG00000222246,232756952,232757008,56
ENSG00000261053,34320267,34320490,223
ENSG00000261141,81088906,81090031,1125
ENSG00000270607,19732480,19734165,1685
ENSG00000227191,38279181,38289173,9992
ENSG00000253699,87192647,87224465,31818
ENSG00000227033,232843198,232880430,37232
ENSG00000261838,81103459,81110203,6744
ENSG00000269107,23440057,23457034,16977
ENSG00000272431,178365678,178366224,546
ENSG00000260809,34324872,34339205,14333
ENSG00000264309,19781550,19781629,79
ENSG00000009844,142468367,142545826,77459
ENSG00000207626,233037363,233037457,94
ENSG00000254035,178396391,178417117,20726
ENSG00000245059,81110924,81112466,1542
ENSG00000254542,20000245,20002883,2638
ENSG00000254231,87345503,87355543,10040
ENSG00000252192,122976660,122976788,128
ENSG00000211687,38292981,38293030,49
ENSG00000251485,233207826,233208613,787
ENSG00000255972,123048282,123048309,27
ENSG00000252608,81140138,81140244,106
ENSG00000254453,20065392,20070849,5457
ENSG00000211688,38295938,38295997,59
ENSG00000254158,178424970,178425816,846
ENSG00000230122,233214464,233216019,1555
ENSG00000260495,81344336,81347028,2692
ENSG00000250569,87493983,87495231,1248
ENSG00000263672,100418651,100418886,235
ENSG00000256249,123171672,123200526,28854
ENSG00000213971,23442708,23457053,14345
ENSG00000254894,20141230,20142178,948
ENSG00000236305,100434936,100450238,15302
ENSG00000253144,178509681,178510195,514
ENSG00000273048,81418623,81418698,75
ENSG00000224516,233244345,233246384,2039
ENSG00000211689,38297480,38305279,7799
ENSG00000255291,20595732,20596496,764
ENSG00000239825,100503919,100504197,278
ENSG00000272923,81419068,81421165,2097
ENSG00000235926,100525990,100526160,170
ENSG00000253979,178804506,178805866,1360
ENSG00000202067,57621757,57621880,123
ENSG00000260229,81509628,81510124,496
ENSG00000254088,87515820,87517290,1470
ENSG00000254906,20691971,20692843,872
ENSG00000201198,57809079,57809186,107
ENSG00000120008,122610687,122669036,58349
ENSG00000239191,149923152,149923251,99
ENSG00000253163,178804532,178805762,1230
ENSG00000244280,233250460,233252167,1707
ENSG00000270634,147401386,147401667,281
ENSG00000240438,20743949,20790963,47014
ENSG00000267893,70036164,70036872,708
ENSG00000253852,149987990,149994916,6926
ENSG00000072756,3168600,3192563,23963
ENSG00000207318,147528862,147528969,107
ENSG00000253292,87605983,87606817,834
ENSG00000225946,100606878,100611410,4532
ENSG00000258001,57824899,57827718,2819
ENSG00000204121,233280528,233284526,3998
ENSG00000251936,147546976,147547074,98
ENSG00000201059,21022427,21022543,116
ENSG00000128487,19912657,20222339,309682
ENSG00000250309,150050220,150051952,1732
ENSG00000189077,75616155,75623977,7822
ENSG00000253617,178812820,178812993,173
ENSG00000242266,147637096,147637391,295
ENSG00000132591,27181956,27188085,6129
ENSG00000254816,21191294,21191683,389
ENSG00000205333,87669616,87672521,2905
ENSG00000117425,45285516,45308735,23219
ENSG00000169203,29495010,29517320,22310
ENSG00000154945,48770551,48785285,14734
ENSG00000199370,148086741,148086950,209
ENSG00000261218,81771853,81801311,29458
ENSG00000197083,150310207,150325851,15644
ENSG00000250674,178882416,178883096,680
ENSG00000171864,4702556,4709106,6550
ENSG00000255167,21281607,21284116,2509
ENSG00000243374,148135401,148135667,266
ENSG00000125398,70117161,70122561,5400
ENSG00000264205,178893834,178894126,292
ENSG00000214239,159047471,159049322,1851
ENSG00000213210,148277493,148277891,398
ENSG00000263231,155199568,155204076,4508
ENSG00000253652,178930323,178942580,12257
ENSG00000131037,55583388,55599291,15903
ENSG00000254298,150537667,150538023,356
ENSG00000225477,21305283,21525745,220462
ENSG00000223532,31312134,31315506,3372
ENSG00000270904,150698983,150699337,354
ENSG00000169129,116054583,116164515,109932
ENSG00000221137,87670098,87670180,82
ENSG00000224886,81444250,81444739,489
ENSG00000251545,178949458,178952075,2617
ENSG00000233915,87672753,87674150,1397
ENSG00000253897,150745994,150810913,64919
ENSG00000256377,27849321,27863703,14382
ENSG00000227053,100657601,100660889,3288
ENSG00000146425,159057506,159065771,8265
ENSG00000151790,156775890,156841558,65668
ENSG00000130598,1860219,1862910,2691
ENSG00000106991,130577291,130617035,39744
ENSG00000232935,128811765,128824739,12974
ENSG00000270134,123210623,123211051,428
ENSG00000263037,155216170,155219520,3350
ENSG00000256044,123234028,123234133,105
ENSG00000213209,148334271,148334679,408
ENSG00000252865,57904847,57904918,71
ENSG00000254115,87719775,87777251,57476
ENSG00000206914,123252646,123252747,101
ENSG00000264046,57907700,57908023,323
ENSG00000174851,66052051,66056641,4590
ENSG00000208028,57912946,57913042,96
ENSG00000256341,63885744,63886682,938
ENSG00000188722,129534323,129534969,646
ENSG00000253778,87778163,87830786,52623
ENSG00000225484,81563813,81586350,22537
ENSG00000270200,148346639,148347332,693
ENSG00000250062,87039065,87141079,102014
ENSG00000270778,129666145,129666751,606
ENSG00000273314,148393559,148395756,2197
ENSG00000180259,4711928,4721314,9386
ENSG00000256116,63996686,64001824,5138
ENSG00000232259,129727640,129732781,5141
ENSG00000224713,58005901,58013421,7520
ENSG00000252816,21405347,21405455,108
ENSG00000253568,87788707,87788866,159
ENSG00000222636,100701580,100701848,268
ENSG00000254820,22134994,22138547,3553
ENSG00000172288,27768264,27771049,2785
ENSG00000262403,155221944,155222032,88
ENSG00000260336,100737328,100741248,3920
ENSG00000264918,148427921,148428020,99
ENSG00000252270,150748005,150748076,71
ENSG00000255372,22282755,22283802,1047
ENSG00000253500,88554214,88767946,213732
ENSG00000251712,148518104,148518165,61
ENSG00000227076,129732962,129734431,1469
ENSG00000253472,150757564,150758201,637
ENSG00000256940,64013436,64015689,2253
ENSG00000239468,148587306,148587607,301
ENSG00000252757,87257471,87257767,296
ENSG00000254768,22305276,22359791,54515
ENSG00000271494,150759902,150761942,2040
ENSG00000234640,130114546,130118478,3932
ENSG00000252310,148638580,148638658,78
ENSG00000266515,87463635,87463705,70
ENSG00000200227,150857020,150857138,118
ENSG00000224190,130711143,130714535,3392
ENSG00000264425,100802754,100802836,82
ENSG00000224679,132292760,132294561,1801
ENSG00000271795,150889014,150892330,3316
ENSG00000253401,88587826,88588736,910
ENSG00000243312,87791344,87792557,1213
ENSG00000254540,22382759,22383840,1081
ENSG00000205267,100845043,100846807,1764
ENSG00000182481,66031635,66042958,11323
ENSG00000260581,151031836,151035010,3174
ENSG00000232985,130757036,130758326,1290
ENSG00000251563,88610690,88613862,3172
ENSG00000170613,156588857,156593275,4418
ENSG00000255323,22467234,22513565,46331
ENSG00000176896,13671225,13700083,28858
ENSG00000178531,7989372,7991051,1679
ENSG00000225424,131076515,131089986,13471
ENSG00000257086,64014411,64016966,2555
ENSG00000213394,100846895,100847776,881
ENSG00000266061,131286133,131286246,113
ENSG00000176769,132890654,133109984,219330
ENSG00000101265,4760669,4804291,43622
ENSG00000188279,49199649,49207818,8169
ENSG00000254376,88800790,88801916,1126
ENSG00000243130,43511808,43530664,18856
ENSG00000236759,31835086,31853014,17928
ENSG00000237224,131498729,131499821,1092
ENSG00000250202,87797491,87797805,314
ENSG00000257069,64059194,64072241,13047
ENSG00000253171,88986393,89031341,44948
ENSG00000255357,22513658,22524392,10734
ENSG00000205981,180701497,180707562,6065
ENSG00000222427,22709897,22709981,84
ENSG00000265685,5077546,5149878,72332
ENSG00000237087,233285371,233286171,800
ENSG00000203507,22766126,22768414,2288
ENSG00000168685,35852797,35879705,26908
ENSG00000149743,63991271,63993726,2455
ENSG00000251411,87834419,87835970,1551
ENSG00000135090,118587606,118810750,223144
ENSG00000272447,81585658,81587358,1700
ENSG00000253553,89339065,89749363,410298
ENSG00000223788,233306744,233312128,5384
ENSG00000262011,13425225,13426440,1215
ENSG00000246225,22850926,22966939,116013
ENSG00000185774,20730239,21950422,1220183
ENSG00000253520,178954225,178954514,289
ENSG00000214695,81620329,81621562,1233
ENSG00000266620,233415184,233415283,99
ENSG00000262235,13552183,13552555,372
ENSG00000109475,109541722,109551568,9846
ENSG00000262267,13823994,13873617,49623
ENSG00000204437,81630131,81633659,3528
ENSG00000249140,178999157,178999742,585
ENSG00000161996,699311,717833,18522
ENSG00000255418,23186446,23224707,38261
ENSG00000207024,64063509,64063610,101
ENSG00000236935,64092522,64096976,4454
ENSG00000244945,179022905,179030742,7837
ENSG00000242307,14016189,14016536,347
ENSG00000237126,233445658,233476681,31023
ENSG00000235043,87870818,87871276,458
ENSG00000221273,64136074,64136175,101
ENSG00000123595,13707244,13728625,21381
ENSG00000262732,14024534,14029492,4958
ENSG00000231680,64161814,64163303,1489
ENSG00000131023,149979289,150039392,60103
ENSG00000226481,92128694,92130496,1802
ENSG00000133195,70642088,71088851,446763
ENSG00000263234,14047012,14048682,1670
ENSG00000248196,88087996,88088886,890
ENSG00000231492,64187863,64200142,12279
ENSG00000259979,34352609,34353327,718
ENSG00000262097,14103137,14109873,6736
ENSG00000248180,88128244,88129238,994
ENSG00000222667,65896100,65896206,106
ENSG00000232500,64268325,64272858,4533
ENSG00000204434,132349325,132384839,35514
ENSG00000260724,34368885,34369446,561
ENSG00000237363,64298516,64300442,1926
ENSG00000095787,28821422,28912041,90619
ENSG00000260449,34375269,34375779,510
ENSG00000226280,66593415,66595362,1947
ENSG00000196104,167654535,168155947,501412
ENSG00000261856,14112737,14114934,2197
ENSG00000237410,64413871,64427153,13282
ENSG00000250572,88183083,88187974,4891
ENSG00000269038,64546426,64546877,451
ENSG00000261800,34378093,34379252,1159
ENSG00000101210,62119366,62130505,11139
ENSG00000262529,14285677,14294134,8457
ENSG00000188038,67918708,67922758,4050
ENSG00000263981,88221647,88221735,88
ENSG00000269290,64552393,64553092,699
ENSG00000104980,7991603,8008805,17202
ENSG00000255723,88238322,88266362,28040
ENSG00000205726,35014706,35272165,257459
ENSG00000230835,64649007,64649417,410
ENSG00000262470,14294214,14294836,622
ENSG00000261836,34378356,34378845,489
ENSG00000230519,27855271,27855839,568
ENSG00000171790,41481269,41488909,7640
ENSG00000203400,64657298,64657758,460
ENSG00000240966,88308038,88308326,288
ENSG00000144583,217122588,217236750,114162
ENSG00000256043,156845270,156875069,29799
ENSG00000257026,14359347,14360629,1282
ENSG00000267804,64658158,64658547,389
ENSG00000249262,88331796,88332540,744
ENSG00000261510,34383828,34384161,333
ENSG00000250162,98169086,98169415,329
ENSG00000256504,27857501,27861296,3795
ENSG00000141141,35969787,36003493,33706
ENSG00000163634,63819546,63849579,30033
ENSG00000207648,64658609,64658718,109
ENSG00000252585,27905807,27905919,112
ENSG00000256747,27932754,27934000,1246
ENSG00000229719,64658827,64660921,2094
ENSG00000201075,14369362,14369457,95
ENSG00000177191,41931264,41934635,3371
ENSG00000262454,14396145,14420210,24065
ENSG00000256512,27951574,27953641,2067
ENSG00000270775,64792862,64793987,1125
ENSG00000233710,66753005,66753829,824
ENSG00000201612,27959015,27959323,308
ENSG00000266123,64817249,64817511,262
ENSG00000065413,197831741,198175897,344156
ENSG00000256378,28088456,28088682,226
ENSG00000222610,98225435,98225537,102
ENSG00000254501,64878186,64879167,981
ENSG00000196459,13730363,13752754,22391
ENSG00000248489,98264875,98330717,65842
ENSG00000207639,14397824,14397906,82
ENSG00000257042,28111450,28122746,11296
ENSG00000255173,64884629,64884930,301
ENSG00000199130,14403142,14403228,86
ENSG00000234201,67011797,67012737,940
ENSG00000247934,28316231,28343299,27068
ENSG00000260009,14456966,14464123,7157
ENSG00000164674,159071046,159185908,114862
ENSG00000260873,69221025,69348087,127062
ENSG00000254455,64913162,64913443,281
ENSG00000260118,67233312,67234743,1431
ENSG00000263257,14501896,14512729,10833
ENSG00000261461,34404063,34404612,549
ENSG00000189275,133604734,133622535,17801
ENSG00000222477,64915055,64915249,194
ENSG00000198388,14548061,14548155,94
ENSG00000225526,12556433,12602558,46125
ENSG00000234898,92145462,92151636,6174
ENSG00000255058,64927665,64927853,188
ENSG00000228328,67290362,67291609,1247
ENSG00000261608,34407687,34408464,777
ENSG00000242430,14695684,14695951,267
ENSG00000251283,157555646,157563606,7960
ENSG00000200351,98272342,98272451,109
ENSG00000198576,143692405,143696833,4428
ENSG00000238964,14737645,14737706,61
ENSG00000255200,64941588,64943941,2353
ENSG00000261523,14789424,14800912,11488
ENSG00000260073,34427061,34430032,2971
ENSG00000262579,69209565,69209671,106
ENSG00000254609,14821139,14827204,6065
ENSG00000129493,31760994,31889788,128794
ENSG00000262354,69225018,69225118,100
ENSG00000252316,148660407,148660502,95
ENSG00000260590,34427706,34428105,399
ENSG00000179938,30375158,30385702,10544
ENSG00000159792,67927175,67963581,36406
ENSG00000202354,148680847,148680948,101
ENSG00000249251,64942506,64942973,467
ENSG00000241597,98290098,98290676,578
ENSG00000201098,148684228,148684340,112
ENSG00000266359,5237654,5261139,23485
ENSG00000202528,148730149,148730259,110
ENSG00000234565,148751053,148751265,212
ENSG00000271491,23391662,23399190,7528
ENSG00000108848,48796905,48833574,36669
ENSG00000240877,148822785,148823078,293
ENSG00000175470,133747955,133773331,25376
ENSG00000239719,148888135,148888315,180
ENSG00000257504,19406795,19410111,3316
ENSG00000255293,23425351,23427649,2298
ENSG00000249741,144832667,144833206,539
ENSG00000235147,92194706,92195147,441
ENSG00000271664,148972710,148975083,2373
ENSG00000260682,81993524,81996298,2774
ENSG00000254564,23453223,23453345,122
ENSG00000252145,67321910,67321974,64
ENSG00000257644,19407865,19427443,19578
ENSG00000264478,23493190,23493259,69
ENSG00000197847,64981311,65010228,28917
ENSG00000251600,144833484,144903607,70123
ENSG00000228125,67352710,67353279,569
ENSG00000198856,109571740,109588976,17236
ENSG00000142961,47073387,47082563,9176
ENSG00000265608,5407201,5416884,9683
ENSG00000254465,23499614,23501976,2362
ENSG00000124813,45295894,45632086,336192
ENSG00000261235,82077941,82173236,95295
ENSG00000174529,205052258,205053645,1387
ENSG00000249444,98825263,98835071,9808
ENSG00000109670,153242410,153457253,214843
ENSG00000257175,19411432,19413685,2253
ENSG00000206646,67580917,67581029,112
ENSG00000244560,148982372,148994403,12031
ENSG00000145431,157681606,157892546,210940
ENSG00000075975,12598513,12625212,26699
ENSG00000225925,67694552,67696716,2164
ENSG00000220157,79654899,79655859,960
ENSG00000240881,23541868,23542748,880
ENSG00000263636,82144658,82144758,100
ENSG00000179292,66059341,66064135,4794
ENSG00000258364,19412520,19413898,1378
ENSG00000181027,47249303,47280245,30942
ENSG00000263440,5435290,5447022,11732
ENSG00000260161,82154243,82155374,1131
ENSG00000248828,144874788,145047512,172724
ENSG00000206774,79661545,79661651,106
ENSG00000161513,72858619,72869156,10537
ENSG00000257731,19421521,19422698,1177
ENSG00000255193,23752134,23818516,66382
ENSG00000206324,32093612,32103496,9884
ENSG00000151353,667335,677439,10104
ENSG00000223816,92222172,92223026,854
ENSG00000249042,79778112,79783882,5770
ENSG00000261129,145427052,145430153,3101
ENSG00000258076,19422468,19422980,512
ENSG00000138375,217277137,217347776,70639
ENSG00000206747,67759285,67759391,106
ENSG00000261029,82203901,82209408,5507
ENSG00000254861,23782876,23826144,43268
ENSG00000113851,3190676,3221394,30718
ENSG00000124557,26501449,26510650,9201
ENSG00000236735,67819926,67820315,389
ENSG00000257558,19443726,19443847,121
ENSG00000251888,82226110,82226395,285
ENSG00000252519,23871324,23871428,104
ENSG00000250504,145493390,145494135,745
ENSG00000249035,151056506,151104343,47837
ENSG00000264502,82381112,82381184,72
ENSG00000254594,24257023,24283764,26741
ENSG00000259873,82468433,82468986,553
ENSG00000239200,19468509,19468885,376
ENSG00000105341,41937223,41946622,9399
ENSG00000174807,66081958,66084515,2557
ENSG00000168904,99791567,99930934,139367
ENSG00000257635,19475116,19476455,1339
ENSG00000206356,98858015,98861166,3151
ENSG00000256152,123349882,123351568,1686
ENSG00000234463,67865168,67865369,201
ENSG00000228409,65216129,65228341,12212
ENSG00000248890,145564074,145582509,18435
ENSG00000257224,19478758,19478940,182
ENSG00000224879,79385500,79412649,27149
ENSG00000235479,20811557,20812165,608
ENSG00000117222,205055270,205091143,35873
ENSG00000258395,113998307,113998987,680
ENSG00000232267,67991165,67992421,1256
ENSG00000257990,19485970,19495426,9456
ENSG00000147862,14081842,14398982,317140
ENSG00000229385,79720842,79727970,7128
ENSG00000234997,114182072,114182901,829
ENSG00000167311,3659733,3663546,3813
ENSG00000256028,123459867,123467454,7587
ENSG00000237383,95391419,95391680,261
ENSG00000230237,79800890,79802719,1829
ENSG00000272563,114190177,114193619,3442
ENSG00000222102,151083850,151084139,289
ENSG00000227762,98868332,98870315,1983
ENSG00000242706,79794353,79794790,437
ENSG00000234148,114270040,114273062,3022
ENSG00000249606,20817406,20818076,670
ENSG00000255065,106180772,106182518,1746
ENSG00000272112,151104392,151104917,525
ENSG00000252031,79863988,79864089,101
ENSG00000249193,145766777,145768496,1719
ENSG00000238436,58062727,58062822,95
ENSG00000240003,79796151,79797219,1068
ENSG00000265526,123495214,123495275,61
ENSG00000253921,151133553,151146808,13255
ENSG00000242990,58068448,58069033,585
ENSG00000264542,106672075,106672218,143
ENSG00000005007,18942747,18979045,36298
ENSG00000167653,143751726,143764142,12416
ENSG00000213252,106697118,106698616,1498
ENSG00000250406,145772724,145795939,23215
ENSG00000008283,61509665,61523739,14074
ENSG00000164040,129190397,129209984,19587
ENSG00000105223,40854363,40886346,31983
ENSG00000266436,79876420,79876485,65
ENSG00000242153,20835919,20901083,65164
ENSG00000257342,58087915,58115293,27378
ENSG00000255353,107047012,107048256,1244
ENSG00000231943,114285145,114300249,15104
ENSG00000257853,19498565,19502394,3829
ENSG00000263566,80021396,80021507,111
ENSG00000204323,73629514,73637484,7970
ENSG00000224731,80255138,80257677,2539
ENSG00000257499,58117544,58119448,1904
ENSG00000174791,66097713,66104311,6598
ENSG00000251452,145841865,145842316,451
ENSG00000222276,96850961,96851152,191
ENSG00000222594,145956284,145956588,304
ENSG00000251366,79899202,79899463,261
ENSG00000261098,107182858,107186997,4139
ENSG00000266465,58168032,58168101,69
ENSG00000152942,68665120,68710628,45508
ENSG00000259059,96890037,96890546,509
ENSG00000238713,146070689,146070801,112
ENSG00000270039,58197621,58198198,577
ENSG00000133687,29653773,29937692,283919
ENSG00000240992,146190962,146191710,748
ENSG00000189403,31032884,31191734,158850
ENSG00000240051,96922913,96923378,465
ENSG00000223427,80389554,80390261,707
ENSG00000206749,58199937,58200043,106
ENSG00000272727,146256415,146261573,5158
ENSG00000251221,79904442,79918343,13901
ENSG00000260806,96967147,96968658,1511
ENSG00000268059,13615728,13621126,5398
ENSG00000221179,80471748,80471843,95
ENSG00000251333,146296695,146297405,710
ENSG00000255478,65134909,65142770,7861
ENSG00000225215,107274130,107275315,1185
ENSG00000270969,107456627,107457629,1002
ENSG00000258702,97059070,97062099,3029
ENSG00000248745,146377157,146377996,839
ENSG00000237031,80802238,80845902,43664
ENSG00000255483,107471105,107471594,489
ENSG00000213433,151145420,151145939,519
ENSG00000245532,65190245,65213011,22766
ENSG00000250582,146418225,146424123,5898
ENSG00000138614,65871091,65903627,32536
ENSG00000269903,58208277,58208709,432
ENSG00000254758,107513613,107514597,984
ENSG00000091831,151977826,152450754,472928
ENSG00000206634,65220513,65220646,133
ENSG00000268794,23471422,23472147,725
ENSG00000238321,82487925,82488023,98
ENSG00000261247,30427352,30437770,10418
ENSG00000250902,146435767,146438270,2503
ENSG00000207789,58218392,58218475,83
ENSG00000206785,65225039,65225173,134
ENSG00000230985,30866734,30884964,18230
ENSG00000270978,151228447,151230352,1905
ENSG00000261285,82529598,82544524,14926
ENSG00000265603,123500727,123500976,249
ENSG00000215009,7456880,7481320,24440
ENSG00000248686,146520261,146521704,1443
ENSG00000268148,23473651,23473819,168
ENSG00000224316,65238607,65267054,28447
ENSG00000268336,51688161,51694065,5904
ENSG00000249655,79926132,79927409,1277
ENSG00000222308,151255127,151255253,126
ENSG00000251497,123565931,123569291,3360
ENSG00000254702,107606735,107609444,2709
ENSG00000149311,108093211,108239829,146618
ENSG00000249245,146545311,146547187,1876
ENSG00000267934,23506770,23511903,5133
ENSG00000248967,80042158,80042638,480
ENSG00000123472,47098409,47139539,41130
ENSG00000118491,144185573,144259483,73910
ENSG00000261176,82587654,82608815,21161
ENSG00000160886,143781529,143786545,5016
ENSG00000269431,23563119,23563678,559
ENSG00000248356,146563488,146571776,8288
ENSG00000251562,65265233,65273940,8707
ENSG00000254226,151329132,151650009,320877
ENSG00000240652,107779146,107779490,344
ENSG00000187553,94821021,94828454,7433
ENSG00000260862,82806924,82863243,56319
ENSG00000251687,146754270,146760732,6462
ENSG00000244630,80151326,80151662,336
ENSG00000268992,23567332,23568095,763
ENSG00000201314,146879280,146879392,112
ENSG00000235423,123736577,123746030,9453
ENSG00000200855,107955640,107955741,101
ENSG00000221395,82875691,82875805,114
ENSG00000260303,146973756,146977914,4158
ENSG00000255467,107975801,107992411,16610
ENSG00000270117,65265481,65265876,395
ENSG00000200670,65279659,65279762,103
ENSG00000263360,82878060,82878358,298
ENSG00000268652,51697374,51698796,1422
ENSG00000251450,80243516,80256726,13210
ENSG00000251024,146998998,147029309,30311
ENSG00000236529,65305199,65305583,384
ENSG00000260832,82986835,83023903,37068
ENSG00000270526,65281874,65282394,520
ENSG00000269416,23582035,23598877,16842
ENSG00000206967,108100230,108100331,101
ENSG00000260233,65337131,65337744,613
ENSG00000269253,51702111,51704705,2594
ENSG00000101751,51795774,51847636,51862
ENSG00000221607,108340182,108340279,97
ENSG00000261410,83416612,83431775,15163
ENSG00000230975,80926513,81097315,170802
ENSG00000240698,108561016,108561683,667
ENSG00000248809,147030607,147043065,12458
ENSG00000266041,65403781,65403840,59
ENSG00000176994,18218624,18226517,7893
ENSG00000100033,18900294,18924066,23772
ENSG00000254730,108598468,108600831,2363
ENSG00000265874,65416663,65416724,61
ENSG00000222299,83434148,83434220,72
ENSG00000010017,13621730,13711796,90066
ENSG00000256515,34522268,34524157,1889
ENSG00000263785,83541951,83542013,62
ENSG00000251001,80293002,80293866,864
ENSG00000268849,51714336,51715344,1008
ENSG00000239356,65463006,65463306,300
ENSG00000132518,7905912,7923657,17745
ENSG00000261103,83743784,83751503,7719
ENSG00000214659,65494410,65495685,1275
ENSG00000225398,114299514,114320875,21361
ENSG00000213740,68003315,68004909,1594
ENSG00000268908,23627064,23627991,927
ENSG00000236429,20903729,20903872,143
ENSG00000234429,81421461,81428308,6847
ENSG00000182952,26538633,26546482,7849
ENSG00000215642,180636,212206,31570
ENSG00000268100,23675230,23695458,20228
ENSG00000255379,108693060,108693377,317
ENSG00000249501,20938165,20941313,3148
ENSG00000273433,27168588,27192180,23592
ENSG00000125534,62152077,62153559,1482
ENSG00000172186,68393967,68394560,593
ENSG00000255557,65513200,65539056,25856
ENSG00000249772,80409204,80410671,1467
ENSG00000129744,3666358,3685646,19288
ENSG00000175827,65545092,65547316,2224
ENSG00000010803,41492872,41707826,214954
ENSG00000215162,68399400,68429767,30367
ENSG00000226516,114334959,114336429,1470
ENSG00000203334,108828445,108830523,2078
ENSG00000268595,51754485,51774433,19948
ENSG00000100209,29138019,29153503,15484
ENSG00000269980,123746607,123746949,342
ENSG00000231706,68705186,68705495,309
ENSG00000216055,147043356,147043436,80
ENSG00000169862,10971952,11904155,932203
ENSG00000268455,23778924,23780961,2037
ENSG00000046651,13752832,13787480,34648
ENSG00000247572,80499903,80597379,97476
ENSG00000254369,27169596,27195542,25946
ENSG00000255823,10529434,10530723,1289
ENSG00000251010,147162958,147164821,1863
ENSG00000255528,108873192,108908694,35502
ENSG00000228193,20949636,20949966,330
ENSG00000261398,34430150,34431915,1765
ENSG00000268318,51774520,51784488,9968
ENSG00000201243,108876244,108876350,106
ENSG00000207182,147501200,147501362,162
ENSG00000244384,233514559,233514845,286
ENSG00000264604,68724548,68724666,118
ENSG00000199845,123767463,123767581,118
ENSG00000261274,34442274,34442607,333
ENSG00000200613,108991605,108991713,108
ENSG00000264323,147560413,147560495,82
ENSG00000239170,233543673,233543775,102
ENSG00000228160,68789512,68790200,688
ENSG00000270113,123773656,123774230,574
ENSG00000234295,222730,407630,184900
ENSG00000248764,147855153,147866623,11470
ENSG00000264997,109134221,109134291,70
ENSG00000213055,233594233,233594908,675
ENSG00000197471,29674300,29682187,7887
ENSG00000269021,51784116,51786276,2160
ENSG00000240231,23780143,23780394,251
ENSG00000272351,68892323,68892441,118
ENSG00000255028,109225812,109454633,228821
ENSG00000248573,20952595,20952937,342
ENSG00000248346,147878590,147896609,18019
ENSG00000241409,233624856,233632659,7803
ENSG00000212434,68912800,68912998,198
ENSG00000233229,69157016,69157867,851
ENSG00000267905,51843949,51847371,3422
ENSG00000110315,10533225,10562777,29552
ENSG00000269320,23785369,23785908,539
ENSG00000252452,233647375,233647476,101
ENSG00000255120,65556522,65558339,1817
ENSG00000254890,109357694,109358150,456
ENSG00000214584,81651904,81652931,1027
ENSG00000211991,69242707,69242773,66
ENSG00000231292,114163973,114164486,513
ENSG00000123405,54685895,54694905,9010
ENSG00000260788,83754724,83806541,51817
ENSG00000260090,147926644,147930297,3653
ENSG00000199781,233693363,233693461,98
ENSG00000166664,30653443,30686052,32609
ENSG00000263941,234113845,234114121,276
ENSG00000226579,69340203,69341324,1121
ENSG00000267984,51848423,51856547,8124
ENSG00000221369,148265781,148265869,88
ENSG00000252010,234184373,234184648,275
ENSG00000242600,81664654,81710092,45438
ENSG00000241281,148347126,148347503,377
ENSG00000254482,109508194,109508854,660
ENSG00000268520,51864966,51868798,3832
ENSG00000251791,234197322,234197586,264
ENSG00000233836,23945746,24016116,70370
ENSG00000094841,74493920,74524435,30515
ENSG00000249004,148379876,148380473,597
ENSG00000155893,140947568,141013748,66180
ENSG00000095596,94833232,94837647,4415
ENSG00000259793,234259778,234262062,2284
ENSG00000268889,51897742,51906904,9162
ENSG00000230904,20973224,20973715,491
ENSG00000243637,234263220,234301045,37825
ENSG00000123600,172173919,172291312,117393
ENSG00000251254,148427243,148427917,674
ENSG00000207189,123833546,123833647,101
ENSG00000268144,51900009,51906780,6771
ENSG00000235382,69344822,69348921,4099
ENSG00000254659,109622168,109694573,72405
ENSG00000255404,65563417,65564690,1273
ENSG00000201560,65324647,65324753,106
ENSG00000256092,123848415,123850660,2245
ENSG00000201013,234288489,234288601,112
ENSG00000231722,81645847,81646426,579
ENSG00000272801,27186985,27192217,5232
ENSG00000251688,148488758,148515739,26981
ENSG00000224365,65469004,65469124,120
ENSG00000271639,234454128,234455678,1550
ENSG00000254867,65751150,65751802,652
ENSG00000242221,43568363,43587197,18834
ENSG00000229886,65490113,65496531,6418
ENSG00000235519,81689819,81694070,4251
ENSG00000254798,109777730,109778467,737
ENSG00000251298,148530703,148538396,7693
ENSG00000238752,65820615,65820699,84
ENSG00000227265,95400400,95401589,1189
ENSG00000238135,20987993,20991373,3380
ENSG00000103485,29674600,29710020,35420
ENSG00000238763,65920092,65920196,104
ENSG00000252951,148666454,148666568,114
ENSG00000228949,234494085,234494937,852
ENSG00000221055,114340536,114340673,137
ENSG00000200890,81723338,81723451,113
ENSG00000264274,148703746,148703819,73
ENSG00000255320,66012311,66013710,1399
ENSG00000207454,100913219,100913322,103
ENSG00000254760,51917552,51918219,667
ENSG00000233444,81893601,81893852,251
ENSG00000224776,109852918,109853769,851
ENSG00000252997,65521221,65521305,84
ENSG00000100744,96829814,96853625,23811
ENSG00000240014,148730077,148730358,281
ENSG00000214252,100930763,100933052,2289
ENSG00000254461,66027038,66029305,2267
ENSG00000205596,65535891,65536305,414
ENSG00000255441,51918978,51920679,1701
ENSG00000270387,148837680,148838537,857
ENSG00000242118,82194203,82194496,293
ENSG00000250354,149067622,149130031,62409
ENSG00000254855,66032248,66033137,889
ENSG00000231781,82210396,82232824,22428
ENSG00000227846,234512199,234513047,848
ENSG00000234185,65584590,65629998,45408
ENSG00000270423,109855969,109856386,417
ENSG00000270445,123926064,123926399,335
ENSG00000173960,24150155,24227779,77624
ENSG00000232301,100942894,100944551,1657
ENSG00000249515,98885136,98913661,28525
ENSG00000254762,66035106,66035600,494
ENSG00000251418,149447645,149448291,646
ENSG00000268711,51929601,51929922,321
ENSG00000252126,65809291,65809401,110
ENSG00000255224,145132905,145134168,1263
ENSG00000273372,81727969,81732969,5000
ENSG00000166840,58672871,58811000,138129
ENSG00000232445,100951627,100954266,2639
ENSG00000229560,82495551,82497051,1500
ENSG00000248236,98930033,98930444,411
ENSG00000227473,145196117,145198567,2450
ENSG00000201846,149479099,149479200,101
ENSG00000235924,81741595,81741968,373
ENSG00000245156,66037303,66045996,8693
ENSG00000233683,101032149,101032361,212
ENSG00000238953,91796,91912,116
ENSG00000179406,65841031,65866325,25294
ENSG00000177675,7499281,7632493,133212
ENSG00000252392,107278,107339,61
ENSG00000250357,149614184,149615475,1291
ENSG00000225100,81742666,81742996,330
ENSG00000238315,112237,112366,129
ENSG00000252897,82495736,82495830,94
ENSG00000269181,51945633,51945904,271
ENSG00000101213,62159778,62168723,8945
ENSG00000146556,114341664,114356655,14991
ENSG00000238602,415332,415454,122
ENSG00000234143,234556572,234557672,1100
ENSG00000233123,101206059,101212286,6227
ENSG00000265915,5037680,5039572,1892
ENSG00000264721,145210801,145210892,91
ENSG00000201311,82534191,82534292,101
ENSG00000254452,66044250,66044963,713
ENSG00000268957,51971614,51971890,276
ENSG00000225176,149624678,149624984,306
ENSG00000238421,544948,545107,159
ENSG00000213355,95403082,95403994,912
ENSG00000225119,38717074,38736820,19746
ENSG00000264987,145456008,145456099,91
ENSG00000237498,82706252,82765835,59583
ENSG00000268839,52008313,52008616,303
ENSG00000164089,109663196,109684210,21014
ENSG00000265501,32510103,32510154,51
ENSG00000254458,66080324,66086708,6384
ENSG00000248794,80538149,80538418,269
ENSG00000265614,32658881,32659247,366
ENSG00000249317,149862093,149863530,1437
ENSG00000258553,60435834,60558501,122667
ENSG00000131748,37793318,37819737,26419
ENSG00000269580,52011827,52012567,740
ENSG00000254756,66101965,66107346,5381
ENSG00000225582,32806331,32806976,645
ENSG00000226860,82836776,82837101,325
ENSG00000112212,41010293,41012076,1783
ENSG00000254736,66157080,66157639,559
ENSG00000248928,98930584,98931001,417
ENSG00000258896,60625694,60626042,348
ENSG00000224814,234602080,234617345,15265
ENSG00000202317,66160920,66161083,163
ENSG00000204771,145462709,145485885,23176
ENSG00000266815,5091004,5093862,2858
ENSG00000264174,33052528,33053189,661
ENSG00000249483,81147420,81148020,600
ENSG00000132155,12625100,12705725,80625
ENSG00000233445,234630168,234630711,543
ENSG00000239168,149912724,149912785,61
ENSG00000269662,23981726,23982279,553
ENSG00000254510,66176629,66184608,7979
ENSG00000234837,95416327,95417038,711
ENSG00000249752,149948597,149983674,35077
ENSG00000267979,172019438,172019686,248
ENSG00000264622,33164890,33186065,21175
ENSG00000267924,24000401,24057503,57102
ENSG00000214857,81188309,81188540,231
ENSG00000250252,150068954,150070932,1978
ENSG00000203443,172034218,172039513,5295
ENSG00000118292,150240600,150253327,12727
ENSG00000170631,146155744,146176274,20530
ENSG00000224113,33332107,33336762,4655
ENSG00000263428,5164279,5177418,13139
ENSG00000226700,83042108,83042640,532
ENSG00000269289,24101883,24140732,38849
ENSG00000259914,83759281,83759982,701
ENSG00000234864,43191483,43201901,10418
ENSG00000251716,88333380,88333498,118
ENSG00000248210,150075447,150199275,123828
ENSG00000259294,101465527,101468009,2482
ENSG00000250391,99283999,99285287,1288
ENSG00000264142,81274069,81274138,69
ENSG00000272856,88381959,88383432,1473
ENSG00000248114,234647598,234650603,3005
ENSG00000238858,33381407,33381513,106
ENSG00000260228,83823572,83841439,17867
ENSG00000185905,29753784,29757327,3543
ENSG00000225045,83042933,83044652,1719
ENSG00000259120,73642323,73644057,1734
ENSG00000267457,33400850,33401393,543
ENSG00000223564,95425004,95426024,1020
ENSG00000249001,88489187,88655108,165921
ENSG00000236447,81287814,81288300,486
ENSG00000243423,33403756,33404026,270
ENSG00000121853,172162923,172166246,3323
ENSG00000227802,234651396,234652661,1265
ENSG00000105281,47278140,47291851,13711
ENSG00000251495,81305421,81305913,492
ENSG00000159873,29168662,29185283,16621
ENSG00000224695,83044662,83045185,523
ENSG00000211690,38309092,38309141,49
ENSG00000070785,45316450,45452282,135832
ENSG00000234828,150273169,150817385,544216
ENSG00000261721,145072253,145075585,3332
ENSG00000248192,81368874,81369521,647
ENSG00000211691,38313188,38313248,60
ENSG00000227789,83045255,83046388,1133
ENSG00000146109,26597180,26600278,3098
ENSG00000049768,49106897,49121288,14391
ENSG00000270182,27197963,27198595,632
ENSG00000211692,38315860,38315919,59
ENSG00000164241,126378250,126409184,30934
ENSG00000129749,3686817,3692614,5797
ENSG00000200024,88665104,88665205,101
ENSG00000205020,34538310,34540280,1970
ENSG00000268777,52022985,52023514,529
ENSG00000253084,33420928,33420992,64
ENSG00000238652,88689637,88689733,96
ENSG00000211693,38331217,38331679,462
ENSG00000252328,33424579,33424676,97
ENSG00000265684,81374246,81374541,295
ENSG00000269130,52063375,52063843,468
ENSG00000066135,44115829,44171186,55357
ENSG00000249973,88707072,88707523,451
ENSG00000267782,33491262,33494031,2769
ENSG00000253187,27208238,27211534,3296
ENSG00000251374,81560976,81561078,102
ENSG00000228445,234655860,234656725,865
ENSG00000176171,133781578,133795435,13857
ENSG00000174992,29789561,29793096,3535
ENSG00000211694,38339412,38339923,511
ENSG00000266981,33515541,33518362,2821
ENSG00000174744,66104804,66112596,7792
ENSG00000149761,63993413,63998158,4745
ENSG00000183199,88812995,88815167,2172
ENSG00000268267,52067050,52068163,1113
ENSG00000168129,83083927,83084885,958
ENSG00000272219,101603396,101605174,1778
ENSG00000249963,99332251,99333636,1385
ENSG00000133059,205111632,205180727,69095
ENSG00000267744,33517980,33518721,741
ENSG00000174448,51850728,51884334,33606
ENSG00000272544,101676303,101677447,1144
ENSG00000211695,38356618,38358462,1844
ENSG00000202000,88921389,88921553,164
ENSG00000269388,52097814,52109403,11589
ENSG00000176974,18231187,18266856,35669
ENSG00000230465,26388172,26389129,957
ENSG00000230110,101804400,101804617,217
ENSG00000241853,89084731,89085119,388
ENSG00000130592,1874200,1913497,39297
ENSG00000248705,234659263,234662302,3039
ENSG00000266947,33558469,33569982,11513
ENSG00000248393,81841681,81842129,448
ENSG00000207584,27209099,27209183,84
ENSG00000201707,89122855,89122962,107
ENSG00000258040,101805576,101806076,500
ENSG00000221440,89127579,89127704,125
ENSG00000225386,26660821,26664181,3360
ENSG00000211696,38369944,38370536,592
ENSG00000223977,83446014,83446229,215
ENSG00000251285,89141721,89144989,3268
ENSG00000240990,27224137,27228912,4775
ENSG00000256295,101830099,101830319,220
ENSG00000267364,33640521,33651919,11398
ENSG00000250905,150587209,150632301,45092
ENSG00000199326,89147881,89147981,100
ENSG00000178836,234662951,234663991,1040
ENSG00000179593,7942335,7952452,10117
ENSG00000248870,81882595,81883230,635
ENSG00000234165,26753798,26754855,1057
ENSG00000200469,89196357,89196460,103
ENSG00000211697,38388956,38389623,667
ENSG00000155744,201838441,201936394,97953
ENSG00000251482,150711104,150711455,351
ENSG00000267271,33671250,33671583,333
ENSG00000199378,99357508,99357610,102
ENSG00000246375,89206094,89252573,46479
ENSG00000249100,82061223,82062152,929
ENSG00000221438,26795428,26795567,139
ENSG00000232548,83749938,83750626,688
ENSG00000159658,47124366,47184824,60458
ENSG00000202331,150828712,150828827,115
ENSG00000204220,33257079,33266178,9099
ENSG00000207480,89251328,89251430,102
ENSG00000211698,38393316,38394118,802
ENSG00000207121,150855528,150855635,107
ENSG00000232502,95426519,95426861,342
ENSG00000221079,89415084,89415168,84
ENSG00000250704,150877360,150879724,2364
ENSG00000240411,82073616,82074405,789
ENSG00000249934,89429742,89431554,1812
ENSG00000257953,58230875,58236528,5653
ENSG00000170340,62423248,62451866,28618
ENSG00000230425,43221305,43232607,11302
ENSG00000238721,151130858,151130920,62
ENSG00000224627,83822080,83822367,287
ENSG00000211699,38398113,38398763,650
ENSG00000245651,58263618,58290265,26647
ENSG00000249755,89448311,89449321,1010
ENSG00000248521,151343797,151344794,997
ENSG00000068971,64685025,64701945,16920
ENSG00000271626,58393195,58393576,381
ENSG00000121858,172223298,172241297,17999
ENSG00000260523,83831266,83834245,2979
ENSG00000224130,58672897,58676071,3174
ENSG00000252322,89504817,89505123,306
ENSG00000144040,73169165,73302747,133582
ENSG00000172315,45313004,45318418,5414
ENSG00000213228,58511039,58513357,2318
ENSG00000260932,83963401,83964828,1427
ENSG00000207524,89605999,89606105,106
ENSG00000257698,58325311,58329958,4647
ENSG00000270232,99381632,99382078,446
ENSG00000233306,38402465,38403119,654
ENSG00000248019,89630940,89651254,20314
ENSG00000199350,84073523,84073638,115
ENSG00000261695,14828542,14840034,11492
ENSG00000211701,38407187,38407770,583
ENSG00000270230,99382154,99382674,520
ENSG00000260018,84150656,84151176,520
ENSG00000249690,151500241,151502697,2456
ENSG00000255037,14860259,14863932,3673
ENSG00000260410,84152898,84154758,1860
ENSG00000270552,43242992,43244135,1143
ENSG00000221235,151560908,151561018,110
ENSG00000254690,145538253,145538801,548
ENSG00000224237,27256307,27256509,202
ENSG00000188385,133918175,133998313,80138
ENSG00000259869,43246626,43247593,967
ENSG00000183432,151642133,151642630,497
ENSG00000235571,95452433,95453006,573
ENSG00000264006,5196335,5227379,31044
ENSG00000271359,90032651,90033519,868
ENSG00000141086,67961543,67966317,4774
ENSG00000255277,14914649,14918563,3914
ENSG00000238732,43305675,43305778,103
ENSG00000216133,145619364,145619445,81
ENSG00000252416,43327895,43327998,103
ENSG00000189057,58874658,58894883,20225
ENSG00000271687,99382681,99384489,1808
ENSG00000270553,58590551,58590911,360
ENSG00000252451,151891823,151891934,111
ENSG00000234944,43366969,43369508,2539
ENSG00000221802,145625476,145625559,83
ENSG00000055163,156693089,156822606,129517
ENSG00000270734,14956237,14956606,369
ENSG00000235606,151948242,151948769,527
ENSG00000136682,114195268,114253766,58498
ENSG00000259349,58603654,58628159,24505
ENSG00000272115,145634876,145635360,484
ENSG00000229630,43474465,43476955,2490
ENSG00000257264,14995356,14996031,675
ENSG00000201264,152023209,152023280,71
ENSG00000270720,90040435,90041022,587
ENSG00000232600,145660602,145665354,4752
ENSG00000106992,130628759,130640022,11263
ENSG00000269879,24770273,24770632,359
ENSG00000207252,24477457,24477556,99
ENSG00000267678,58639371,58639522,151
ENSG00000208797,152024979,152025043,64
ENSG00000263795,43493011,43493129,118
ENSG00000166845,51884287,51911588,27301
ENSG00000255489,24722821,24723121,300
ENSG00000212226,90052003,90052104,101
ENSG00000204717,95461553,95472197,10644
ENSG00000266943,58642101,58643032,931
ENSG00000270681,152061143,152062255,1112
ENSG00000263918,15001574,15001638,64
ENSG00000273008,43632272,43633782,1510
ENSG00000265761,5249361,5249936,575
ENSG00000255368,25162079,25162569,490
ENSG00000270906,99384692,99386066,1374
ENSG00000113594,38475065,38608456,133391
ENSG00000258354,15003744,15005202,1458
ENSG00000092820,159186773,159240444,53671
ENSG00000144455,3742498,4508965,766467
ENSG00000254578,145689200,145690484,1284
ENSG00000135960,109510927,109605828,94901
ENSG00000224265,43819113,43823380,4267
ENSG00000249012,152180655,152184001,3346
ENSG00000265537,15005077,15005170,93
ENSG00000251095,90472507,90647654,175147
ENSG00000251904,89408666,89408776,110
ENSG00000265837,25558824,25558917,93
ENSG00000250350,152200182,152200344,162
ENSG00000250962,89497339,89498323,984
ENSG00000240298,25610021,25610389,368
ENSG00000255182,145721001,145730827,9826
ENSG00000252544,152221670,152221765,95
ENSG00000114054,135969148,136056738,87590
ENSG00000270265,152254927,152274376,19449
ENSG00000183458,15005408,15029565,24157
ENSG00000251611,152328703,152329987,1284
ENSG00000269397,24110590,24112089,1499
ENSG00000206501,30024068,30027692,3624
ENSG00000269421,24118022,24118975,953
ENSG00000255454,25652266,25652587,321
ENSG00000132952,31191830,31233686,41856
ENSG00000221657,152486875,152486961,86
ENSG00000253019,152497918,152498068,150
ENSG00000251603,152588376,152591654,3278
ENSG00000201966,24187160,24187309,149
ENSG00000254456,25756317,25803305,46988
ENSG00000229089,95476791,95523027,46236
ENSG00000271156,89820547,89821137,590
ENSG00000253621,90255630,90256022,392
ENSG00000268362,24216247,24249711,33464
ENSG00000261139,145721763,145725663,3900
ENSG00000251455,152595635,152599045,3410
ENSG00000226264,32880346,32898843,18497
ENSG00000204941,43670408,43690688,20280
ENSG00000265393,145737950,145739056,1106
ENSG00000182022,125767184,125853206,86022
ENSG00000254754,25945735,25948355,2620
ENSG00000156515,71029740,71161638,131898
ENSG00000248231,90424850,90427300,2450
ENSG00000249184,152720652,152722500,1848
ENSG00000255681,145774891,145775057,166
ENSG00000170324,49364601,49482941,118340
ENSG00000256822,145784429,145784599,170
ENSG00000255086,26067534,26069145,1611
ENSG00000268058,24281227,24281782,555
ENSG00000247775,90757559,90763129,5570
ENSG00000249708,152808695,152812415,3720
ENSG00000265295,145792691,145792776,85
ENSG00000268442,24345172,24346227,1055
ENSG00000249818,152826084,152849800,23716
ENSG00000197496,45338126,45364965,26839
ENSG00000079616,29802040,29816706,14666
ENSG00000267696,28129391,28137391,8000
ENSG00000255243,26210670,26229894,19224
ENSG00000169499,38758753,38831428,72675
ENSG00000252087,91291274,91291578,304
ENSG00000248991,152840620,152865085,24465
ENSG00000254819,26307258,26309554,2296
ENSG00000251401,91604147,91604274,127
ENSG00000201733,66200234,66200373,139
ENSG00000255505,26448598,26448959,361
ENSG00000078053,38423305,38671167,247862
ENSG00000254596,66221705,66222052,347
ENSG00000187653,91759652,91760263,611
ENSG00000251249,152877143,152890533,13390
ENSG00000261824,28175488,28284848,109360
ENSG00000254560,27068733,27241660,172927
ENSG00000251136,90621638,90769955,148317
ENSG00000100219,29190543,29196585,6042
ENSG00000255517,66240961,66247704,6743
ENSG00000141447,21742008,21977844,235836
ENSG00000253077,152892649,152892765,116
ENSG00000245954,153021906,153025872,3966
ENSG00000222364,65860178,65860273,95
ENSG00000248984,92029174,92033941,4767
ENSG00000254862,27493276,27503980,10704
ENSG00000109738,157997209,158093242,96033
ENSG00000251451,65872275,65874226,1951
ENSG00000267808,52102542,52103723,1181
ENSG00000177042,695428,705028,9600
ENSG00000249891,92806197,92806405,208
ENSG00000258093,101831879,101832108,229
ENSG00000244071,52124389,52124954,565
ENSG00000252824,101837356,101837444,88
ENSG00000249052,92809037,92825486,16449
ENSG00000264642,101881601,101881686,85
ENSG00000264675,101936369,101936453,84
ENSG00000166801,58910221,58922512,12291
ENSG00000242527,27505397,27505675,278
ENSG00000243469,52152115,52152863,748
ENSG00000269990,66303369,66305407,2038
ENSG00000186118,47134527,47139266,4739
ENSG00000250706,153067537,153099725,32188
ENSG00000170409,101967674,101969945,2271
ENSG00000077684,129730779,129796379,65600
ENSG00000197415,156977531,157251408,273877
ENSG00000238486,52172658,52172761,103
ENSG00000250105,66326337,66327855,1518
ENSG00000200552,101977281,101977382,101
ENSG00000178690,52254988,52266724,11736
ENSG00000114349,50229045,50233949,4904
ENSG00000269959,52188616,52196709,8093
ENSG00000206500,30027629,30033205,5576
ENSG00000228546,101977727,101979559,1832
ENSG00000199325,66382435,66382561,126
ENSG00000251377,153128573,153147022,18449
ENSG00000237441,33259431,33267101,7670
ENSG00000207550,52195865,52195934,69
ENSG00000090266,140390577,140422590,32013
ENSG00000258297,66433507,66435845,2338
ENSG00000130193,143808621,143818345,9724
ENSG00000261884,67963517,67969920,6403
ENSG00000145794,126626523,126801429,174906
ENSG00000183574,32103754,32106193,2439
ENSG00000198972,52196039,52196117,78
ENSG00000124701,41021043,41032250,11207
ENSG00000239553,66480192,66480480,288
ENSG00000245573,27528385,27719721,191336
ENSG00000208008,52196507,52196592,85
ENSG00000265913,5276550,5305600,29050
ENSG00000213409,66529046,66529870,824
ENSG00000163635,63850233,63989138,138905
ENSG00000266244,153149620,153149686,66
ENSG00000242080,151875279,151875578,299
ENSG00000244544,153185301,153185597,296
ENSG00000166667,101986192,101996889,10697
ENSG00000265622,5308225,5313428,5203
ENSG00000254984,66538717,66539138,421
ENSG00000270302,153229435,153231135,1700
ENSG00000239099,66687233,66687294,61
ENSG00000270883,153239054,153239516,462
ENSG00000266423,66701905,66701977,72
ENSG00000249484,151998525,152603103,604578
ENSG00000270750,153241696,153242196,500
ENSG00000252709,66762950,66763096,146
ENSG00000263758,5317365,5330662,13297
ENSG00000110011,63997750,64001758,4008
ENSG00000238892,66988379,66988487,108
ENSG00000270751,153258807,153259250,443
ENSG00000256514,67119043,67141055,22012
ENSG00000041353,52385091,52562747,177656
ENSG00000182310,52196593,52215640,19047
ENSG00000264678,153410479,153410568,89
ENSG00000175893,14611069,14693469,82400
ENSG00000201684,67129885,67130179,294
ENSG00000268471,153457416,153460415,2999
ENSG00000253349,90835776,90836030,254
ENSG00000253024,67162681,67162782,101
ENSG00000133800,10578513,10633236,54723
ENSG00000107863,24872538,25012597,140059
ENSG00000255949,67198838,67202870,4032
ENSG00000205220,67968405,67970990,2585
ENSG00000207359,90912949,90913052,103
ENSG00000125508,62172163,62178857,6694
ENSG00000269913,67227339,67227784,445
ENSG00000200013,58739694,58739798,104
ENSG00000112414,142622991,142767403,144412
ENSG00000253394,91233716,91581546,347830
ENSG00000243417,153472429,153473516,1087
ENSG00000239932,58773674,58773964,290
ENSG00000201550,130811665,130811771,106
ENSG00000223247,73160143,73160333,190
ENSG00000240669,153535027,153535485,458
ENSG00000270169,67229181,67229791,610
ENSG00000239969,102004609,102021080,16471
ENSG00000270350,99386063,99386354,291
ENSG00000224011,58804526,58804843,317
ENSG00000248571,153587520,153591259,3739
ENSG00000182921,73231652,73232442,790
ENSG00000244152,67309206,67309475,269
ENSG00000252534,58826301,58826407,106
ENSG00000229616,81777469,81777667,198
ENSG00000252937,73290940,73291047,107
ENSG00000255119,67372992,67374113,1121
ENSG00000250980,153717215,153717983,768
ENSG00000173567,26531041,26569685,38644
ENSG00000174684,66112843,66115163,2320
ENSG00000164867,150688083,150711676,23593
ENSG00000089057,4833002,4990939,157937
ENSG00000267083,58887526,58888823,1297
ENSG00000239119,73643091,73643153,62
ENSG00000266169,5346623,5347057,434
ENSG00000265157,91475555,91475604,49
ENSG00000224760,81784493,81784918,425
ENSG00000250999,179084763,179091433,6670
ENSG00000001167,41040684,41067715,27031
ENSG00000199354,91523356,91523468,112
ENSG00000211515,58888318,58888413,95
ENSG00000239677,73670864,73675149,4285
ENSG00000212289,27543152,27543273,121
ENSG00000231793,67380124,67383728,3604
ENSG00000254180,91546839,91632298,85459
ENSG00000254114,58928743,58929106,363
ENSG00000239486,102020912,102023184,2272
ENSG00000240036,27603227,27603602,375
ENSG00000253799,91605032,91618293,13261
ENSG00000132965,31309645,31338556,28911
ENSG00000264322,58977252,58977544,292
ENSG00000242364,73697550,73697958,408
ENSG00000221510,102046189,102046302,113
ENSG00000233801,31911716,31918721,7005
ENSG00000137397,30060243,30070446,10203
ENSG00000238799,59039151,59039254,103
ENSG00000239480,102067265,102075227,7962
ENSG00000267207,59111997,59147483,35486
ENSG00000246792,91658669,91668826,10157
ENSG00000064655,45523263,45817492,294229
ENSG00000225051,179106033,179121782,15749
ENSG00000242741,73857752,73952017,94265
ENSG00000254934,27639173,27656174,17001
ENSG00000165424,81142081,81205383,63302
ENSG00000207425,15009314,15009413,99
ENSG00000223887,30514898,30521735,6837
ENSG00000261819,15082116,15084017,1901
ENSG00000239454,74048956,74054760,5804
ENSG00000174132,99871009,99922445,51436
ENSG00000255496,27717859,27899195,181336
ENSG00000250685,84226164,84230659,4495
ENSG00000238728,15104178,15104254,76
ENSG00000255468,66115421,66132275,16854
ENSG00000221394,179225278,179225346,68
ENSG00000177447,27827990,27828543,553
ENSG00000260872,15111963,15114345,2382
ENSG00000222448,179272832,179273152,320
ENSG00000049769,49126306,49157929,31623
ENSG00000224287,234774083,234777090,3007
ENSG00000251956,132360363,132360469,106
ENSG00000260735,15188268,15203054,14786
ENSG00000252202,179274035,179274130,95
ENSG00000124766,21593972,21598847,4875
ENSG00000181827,56379478,56535483,156005
ENSG00000254182,91713310,91714104,794
ENSG00000223738,74150500,74152704,2204
ENSG00000224559,132394598,132407188,12590
ENSG00000204060,41827594,41849262,21668
ENSG00000256889,92949929,92950119,190
ENSG00000242979,179360805,179361196,391
ENSG00000248817,93103628,93105203,1575
ENSG00000213452,74185110,74186043,933
ENSG00000249876,179366457,179367132,675
ENSG00000249152,93189918,93198226,8308
ENSG00000270930,132404277,132405945,1668
ENSG00000147869,14719722,14722715,2993
ENSG00000254251,91818702,91871468,52766
ENSG00000251449,93623496,93623810,314
ENSG00000133069,205197304,205242471,45167
ENSG00000046653,13789150,13956757,167607
ENSG00000249412,179390615,179391419,804
ENSG00000150076,32832297,33171802,339505
ENSG00000249239,93743137,93744069,932
ENSG00000237581,234854790,234864079,9289
ENSG00000212585,74215203,74215290,87
ENSG00000188599,15198178,15225458,27280
ENSG00000213222,132480826,132481852,1026
ENSG00000263689,74583934,74584022,88
ENSG00000144959,172348039,172429008,80969
ENSG00000255456,145809424,145811872,2448
ENSG00000120253,150045451,150070801,25350
ENSG00000253358,92028816,92030883,2067
ENSG00000226442,235017725,235018125,400
ENSG00000241022,75133306,75134388,1082
ENSG00000248627,93754836,93759993,5157
ENSG00000262275,66263142,66287383,24241
ENSG00000254533,145923999,145924570,571
ENSG00000224411,27910385,27912580,2195
ENSG00000242638,75231907,75232199,292
ENSG00000198995,179442303,179442397,94
ENSG00000261298,235131482,235133158,1676
ENSG00000248750,93805814,93806258,444
ENSG00000110042,58938903,58976060,37157
ENSG00000149735,64701943,64703360,1417
ENSG00000102802,31480328,31499709,19381
ENSG00000266780,75263627,75263700,73
ENSG00000115966,175936978,176033110,96132
ENSG00000267449,59147217,59147717,500
ENSG00000223588,132534140,132534601,461
ENSG00000250908,94239774,94240937,1163
ENSG00000206289,33090190,33097291,7101
ENSG00000213300,75263782,75264787,1005
ENSG00000237784,235238127,235238482,355
ENSG00000253480,179512717,179514038,1321
ENSG00000227694,59147232,59147702,470
ENSG00000264988,65947001,65947862,861
ENSG00000255094,28000216,28041122,40906
ENSG00000252342,94741322,94741431,109
ENSG00000264027,65973814,65974084,270
ENSG00000267667,59208065,59213325,5260
ENSG00000228868,75377700,75388222,10522
ENSG00000255085,145925738,145933902,8164
ENSG00000228162,235346972,235370771,23799
ENSG00000140057,96858448,96955764,97316
ENSG00000266812,65989996,65992547,2551
ENSG00000246541,95038943,95128707,89764
ENSG00000229203,132587374,132589604,2230
ENSG00000267131,59439029,59477604,38575
ENSG00000264917,66091184,66091873,689
ENSG00000231682,235353234,235363239,10005
ENSG00000263782,75395290,75395366,76
ENSG00000258563,60646100,60646734,634
ENSG00000232690,235363801,235364427,626
ENSG00000263777,66092162,66097590,5428
ENSG00000229721,179653378,179654000,622
ENSG00000232760,132591356,132594105,2749
ENSG00000127129,41944446,41950344,5898
ENSG00000142973,47223510,47285085,61575
ENSG00000262206,66098024,66111634,13610
ENSG00000250897,95117091,95117664,573
ENSG00000235726,235742959,235822028,79069
ENSG00000243674,75396984,75397938,954
ENSG00000255210,109920253,109920885,632
ENSG00000174669,66129992,66139685,9693
ENSG00000241103,95290984,95291314,330
ENSG00000113100,26880709,27121257,240548
ENSG00000203436,95371802,95372043,241
ENSG00000254416,110225855,110277124,51269
ENSG00000253908,179684680,179685366,686
ENSG00000261770,28248092,28251757,3665
ENSG00000249951,95596396,95623721,27325
ENSG00000179799,75405667,75406654,987
ENSG00000263612,145939284,145940230,946
ENSG00000226542,235993466,235997230,3764
ENSG00000248367,179720245,179722253,2008
ENSG00000249599,95664951,95678684,13733
ENSG00000267297,66121893,66148584,26691
ENSG00000266685,75418410,75418497,87
ENSG00000244307,146010683,146010971,288
ENSG00000231032,236055660,236056144,484
ENSG00000233497,110658749,110659735,986
ENSG00000271474,96470280,96473608,3328
ENSG00000250509,179868559,179870238,1679
ENSG00000263640,146078798,146078907,109
ENSG00000230655,75419599,75420493,894
ENSG00000235293,236086540,236087549,1009
ENSG00000159208,150254953,150259505,4552
ENSG00000264973,132632204,132632480,276
ENSG00000242936,96566103,96566444,341
ENSG00000267575,28284371,28409771,125400
ENSG00000244337,132715850,132723108,7258
ENSG00000216002,236235002,236235095,93
ENSG00000200622,96789818,96789915,97
ENSG00000235529,236414395,236416210,1815
ENSG00000175664,31506840,31549639,42799
ENSG00000201744,97073448,97073554,106
ENSG00000200555,179871509,179871612,103
ENSG00000183579,29279580,29453475,173895
ENSG00000235615,132722304,132737446,15142
ENSG00000250655,97133430,97134251,821
ENSG00000236217,81791600,81792149,549
ENSG00000152990,22346694,22517677,170983
ENSG00000221704,236480575,236480647,72
ENSG00000168070,64704989,64739557,34568
ENSG00000250749,179961184,179961642,458
ENSG00000189120,45922279,45933240,10961
ENSG00000228499,236791006,236791137,131
ENSG00000127952,75625656,75677322,51666
ENSG00000255149,110747718,110747901,183
ENSG00000267294,66130791,66131720,929
ENSG00000220925,69368432,69369504,1072
ENSG00000236485,132741510,132751734,10224
ENSG00000267071,66148892,66155159,6267
ENSG00000238812,236945894,236945955,61
ENSG00000227515,81800377,81800800,423
ENSG00000120318,141032968,141061788,28820
ENSG00000264676,236980939,236981196,257
ENSG00000203588,69383692,69385056,1364
ENSG00000207049,237061715,237061816,101
ENSG00000144331,180306709,180726232,419523
ENSG00000263759,180009445,180009530,85
ENSG00000242657,69441858,69442164,306
ENSG00000230091,81806616,81838668,32052
ENSG00000267087,66186000,66188918,2918
ENSG00000233611,237076090,237203570,127480
ENSG00000200473,69472892,69473012,120
ENSG00000251352,180098892,180099598,706
ENSG00000213398,67973653,67978034,4381
ENSG00000267451,66195037,66195712,675
ENSG00000200168,110910822,110910932,110
ENSG00000231053,69581336,69582224,888
ENSG00000271390,110960594,110961092,498
ENSG00000269393,28111776,28114889,3113
ENSG00000226886,132795360,132795566,206
ENSG00000264506,66242745,66244054,1309
ENSG00000244699,75433210,75440961,7751
ENSG00000271584,110962656,110968081,5425
ENSG00000138246,132136370,132257876,121506
ENSG00000200745,237119016,237119191,175
ENSG00000248717,180111766,180113546,1780
ENSG00000201377,69616129,69616225,96
ENSG00000103978,42502730,42565861,63131
ENSG00000207874,28078362,28078457,95
ENSG00000200431,69670729,69670872,143
ENSG00000271332,28166454,28166751,297
ENSG00000239354,110976271,110976619,348
ENSG00000144369,187558698,187630685,71987
ENSG00000222385,28282741,28283066,325
ENSG00000231651,69672808,69675844,3036
ENSG00000272635,28284396,28475892,191496
ENSG00000271179,132837863,132838328,465
ENSG00000238149,28308782,28309172,390
ENSG00000203711,159290971,159331385,40414
ENSG00000225594,132844862,132860137,15275
ENSG00000240665,75444339,75444471,132
ENSG00000270202,110977784,110978474,690
ENSG00000244623,99473610,99474680,1070
ENSG00000242953,75444555,75444687,132
ENSG00000264032,111218482,111218549,67
ENSG00000230171,81885697,81886073,376
ENSG00000151575,56536207,56738195,201988
ENSG00000163545,205271187,205290883,19696
ENSG00000267264,28294446,28294968,522
ENSG00000236791,180119832,180120763,931
ENSG00000253099,111253817,111253944,127
ENSG00000255322,28373654,28548588,174934
ENSG00000118495,144261437,144385735,124298
ENSG00000230187,69892745,69893365,620
ENSG00000267323,28296331,28297113,782
ENSG00000255428,111284967,111288911,3944
ENSG00000227745,132890429,132897002,6573
ENSG00000254606,28538379,28540888,2509
ENSG00000237523,81967466,81979413,11947
ENSG00000167182,45973516,46006323,32807
ENSG00000255208,111320593,111322036,1443
ENSG00000267389,28303715,28387623,83908
ENSG00000248990,28700730,28705016,4286
ENSG00000257891,19505871,19519837,13966
ENSG00000234319,81975607,81975875,268
ENSG00000199769,70065931,70066145,214
ENSG00000199892,180156586,180156737,151
ENSG00000258265,19529958,19530898,940
ENSG00000207811,111383663,111383746,83
ENSG00000249867,28724162,29085368,361206
ENSG00000213747,70077013,70077352,339
ENSG00000260841,180211782,180214869,3087
ENSG00000270540,237276203,237277745,1542
ENSG00000207562,111384164,111384240,76
ENSG00000234382,81993420,82005123,11703
ENSG00000258252,19562689,19566731,4042
ENSG00000232893,237299717,237301031,1314
ENSG00000176571,87878670,88627447,748777
ENSG00000266977,28340638,28380130,39492
ENSG00000254980,111384768,111397480,12712
ENSG00000272882,29008182,29009045,863
ENSG00000196693,43084555,43133992,49437
ENSG00000230629,70182814,70183143,329
ENSG00000231546,237316489,237317720,1231
ENSG00000235286,111541680,111543128,1448
ENSG00000239108,132909816,132909922,106
ENSG00000257159,58360841,58362182,1341
ENSG00000266715,102106189,102106273,84
ENSG00000222210,58371748,58372060,312
ENSG00000038945,15965387,16424999,459612
ENSG00000230189,65874130,65955046,80916
ENSG00000229324,70236381,70236755,374
ENSG00000267623,28393503,28475651,82148
ENSG00000223324,111553835,111554148,313
ENSG00000257668,58377578,58378544,966
ENSG00000264471,102111916,102111978,62
ENSG00000234743,82006975,82007439,464
ENSG00000245060,180257957,180262726,4769
ENSG00000257541,58481675,58487145,5470
ENSG00000160408,130647600,130667687,20087
ENSG00000256604,102120179,102121095,916
ENSG00000254990,111639392,111649074,9682
ENSG00000232328,237642025,237663006,20981
ENSG00000175928,3841121,3889387,48266
ENSG00000212605,70240125,70240288,163
ENSG00000241423,58638161,58638648,487
ENSG00000271745,102120527,102120612,85
ENSG00000227536,70263064,70265320,2256
ENSG00000232950,82057476,82059411,1935
ENSG00000258133,58788379,58788921,542
ENSG00000202341,237923847,237923948,101
ENSG00000272949,102123791,102184211,60420
ENSG00000124835,237957242,237964810,7568
ENSG00000163636,63996225,64009658,13433
ENSG00000164946,14734664,14910993,176329
ENSG00000254450,111687938,111699936,11998
ENSG00000257259,58959743,59175529,215786
ENSG00000177156,747329,765024,17695
ENSG00000255951,28317891,28318595,704
ENSG00000254949,111734977,111735183,206
ENSG00000202174,133010727,133010878,151
ENSG00000176343,111759923,111760198,275
ENSG00000221288,133014539,133014653,114
ENSG00000238965,111799124,111799232,108
ENSG00000273318,52196614,52197610,996
ENSG00000235858,82093527,82094182,655
ENSG00000233786,133019901,133020615,714
ENSG00000255286,111816363,111817616,1253
ENSG00000177683,108194987,108210194,15207
ENSG00000235705,81266126,81270678,4552
ENSG00000252237,28472268,28472396,128
ENSG00000271738,82194765,82196869,2104
ENSG00000255334,111886031,111886848,817
ENSG00000172524,30093435,30106063,12628
ENSG00000202187,28658327,28658461,134
ENSG00000230803,133043368,133051950,8582
ENSG00000230911,111900582,111901091,509
ENSG00000244712,28717611,28718074,463
ENSG00000238444,111903223,111903322,99
ENSG00000253626,81272357,81276188,3831
ENSG00000231234,65888392,65888880,488
ENSG00000169629,113127669,113192065,64396
ENSG00000271025,111907351,111907587,236
ENSG00000256513,28974908,28978764,3856
ENSG00000254638,112035920,112043329,7409
ENSG00000238278,75464221,75471294,7073
ENSG00000165733,43278249,43330385,52136
ENSG00000222481,29273716,29273815,99
ENSG00000260958,34442308,34518517,76209
ENSG00000252265,65899494,65899605,111
ENSG00000018607,133066882,133076309,9427
ENSG00000268316,52343024,52344198,1174
ENSG00000182307,146277764,146281416,3652
ENSG00000125503,55602281,55628927,26646
ENSG00000257258,29296129,29301608,5479
ENSG00000272786,28730486,28730593,107
ENSG00000257443,59314420,59458019,143599
ENSG00000100249,29454660,29457832,3172
ENSG00000236928,65899621,65900465,844
ENSG00000169641,23410516,23504301,93785
ENSG00000214264,112051496,112053914,2418
ENSG00000161526,73663196,73704142,40946
ENSG00000187094,42299317,42307699,8382
ENSG00000269483,52343177,52346577,3400
ENSG00000173511,64002010,64006259,4249
ENSG00000264479,34442877,34442942,65
ENSG00000222852,180336838,180336927,89
ENSG00000272769,133103189,133104870,1681
ENSG00000268095,52391278,52403716,12438
ENSG00000260967,34455954,34456419,465
ENSG00000130363,159393903,159421219,27316
ENSG00000255231,112079324,112079621,297
ENSG00000243664,180372756,180372907,151
ENSG00000244510,65947788,65955095,7307
ENSG00000140983,718086,724174,6088
ENSG00000269235,52452387,52484620,32233
ENSG00000243930,112089049,112089443,394
ENSG00000230992,133110240,133112412,2172
ENSG00000185271,20896970,20903801,6831
ENSG00000127124,41972036,42501596,529560
ENSG00000260984,34466783,34470355,3572
ENSG00000260160,52561743,52566956,5213
ENSG00000249287,180394189,180397762,3573
ENSG00000243250,112106094,112106748,654
ENSG00000223802,18979361,19007536,28175
ENSG00000185303,81315608,81320153,4545
ENSG00000270248,52613571,52613979,408
ENSG00000248761,180394848,180395567,719
ENSG00000215954,112118553,112118647,94
ENSG00000212073,130830514,130830602,88
ENSG00000252705,133164325,133164431,106
ENSG00000265235,130907155,130907242,87
ENSG00000213234,112138013,112139094,1081
ENSG00000170364,4344988,4359251,14263
ENSG00000259897,34480287,34481905,1618
ENSG00000232349,133246127,133246661,534
ENSG00000267827,52633801,52674786,40985
ENSG00000250608,131043936,131100319,56383
ENSG00000174576,66188475,66194178,5703
ENSG00000231228,180409243,180409611,368
ENSG00000129595,111478138,111755013,276875
ENSG00000234495,28870783,28891771,20988
ENSG00000250303,112141472,112233257,91785
ENSG00000253508,27226192,27233067,6875
ENSG00000238630,52637506,52637593,87
ENSG00000268458,52645879,52647409,1530
ENSG00000261010,34489563,34490004,441
ENSG00000200718,133281190,133281509,319
ENSG00000183762,29469066,29564321,95255
ENSG00000138587,56713742,56757335,43593
ENSG00000221142,133281558,133281665,107
ENSG00000101892,119495967,119516226,20259
ENSG00000261752,34493001,34494000,999
ENSG00000230065,133418099,133424563,6464
ENSG00000120694,31710762,31736525,25763
ENSG00000221532,34510863,34510964,101
ENSG00000242976,153134942,153135238,296
ENSG00000206686,180434281,180434384,103
ENSG00000116035,71127720,71160576,32856
ENSG00000266934,59460146,59462041,1895
ENSG00000260846,34569648,34571260,1612
ENSG00000241870,180492086,180492677,591
ENSG00000251183,153266988,153278547,11559
ENSG00000114204,167159577,167196792,37215
ENSG00000228721,133668669,133668834,165
ENSG00000168062,64755415,64764517,9102
ENSG00000261382,153281019,153282783,1764
ENSG00000206772,112223279,112223385,106
ENSG00000046647,14026398,14048012,21614
ENSG00000179546,23516993,23521222,4229
ENSG00000214295,180526140,180527666,1526
ENSG00000137394,30109273,30118261,8988
ENSG00000125531,62184373,62188061,3688
ENSG00000205639,24232951,24286191,53240
ENSG00000162873,205305220,205326218,20998
ENSG00000233729,133673130,133689067,15937
ENSG00000261486,34578462,34578930,468
ENSG00000254968,112263841,112492452,228611
ENSG00000251710,153472864,153472939,75
ENSG00000267280,59470817,59488916,18099
ENSG00000089022,112279782,112334343,54561
ENSG00000260427,34581756,34582668,912
ENSG00000245275,153708997,153825410,116413
ENSG00000260480,34586853,34587393,540
ENSG00000248560,180541106,180542674,1568
ENSG00000072952,10594638,10715535,120897
ENSG00000248473,180618046,180618852,806
ENSG00000259841,34597783,34624955,27172
ENSG00000213233,112332191,112332643,452
ENSG00000221468,43837234,43837358,124
ENSG00000157093,42438570,42452092,13522
ENSG00000221400,43912698,43912888,190
ENSG00000267768,28399264,28399462,198
ENSG00000252375,153822118,153822231,113
ENSG00000255484,112404945,112426525,21580
ENSG00000253119,153717031,153718012,981
ENSG00000230555,43916186,43917548,1362
ENSG00000231841,153848598,153849359,761
ENSG00000226953,134022540,134042334,19794
ENSG00000267630,28409851,28420278,10427
ENSG00000196704,66243715,66253297,9582
ENSG00000111481,54694986,54745633,50647
ENSG00000249022,153955363,154012317,56954
ENSG00000260291,34618515,34619457,942
ENSG00000221070,153719592,153719686,94
ENSG00000252532,43953513,43953577,64
ENSG00000212397,112473077,112473175,98
ENSG00000221430,153726666,153726807,141
ENSG00000236114,44018704,44020665,1961
ENSG00000254626,112658027,112666577,8550
ENSG00000092094,20914570,20923264,8694
ENSG00000261689,34623574,34624374,800
ENSG00000252030,154186814,154186907,93
ENSG00000241963,153728988,153729283,295
ENSG00000206320,32106368,32109724,3356
ENSG00000266906,28473940,28474240,300
ENSG00000232169,30529391,30555197,25806
ENSG00000201786,154188061,154188162,101
ENSG00000260598,34640118,34641720,1602
ENSG00000247416,112830002,112834182,4180
ENSG00000252557,148983533,148983604,71
ENSG00000254293,153863477,153865710,2233
ENSG00000232004,44100291,44101699,1408
ENSG00000213406,154228944,154229869,925
ENSG00000066044,8023463,8070543,47080
ENSG00000173868,47300724,47308128,7404
ENSG00000267509,28556174,28616337,60163
ENSG00000231397,149018956,149019183,227
ENSG00000263596,154281685,154281806,121
ENSG00000089063,5080486,5093749,13263
ENSG00000223910,44124265,44170151,45886
ENSG00000243883,154302879,154303167,288
ENSG00000260812,34648650,34649118,468
ENSG00000215311,149031115,149031948,833
ENSG00000243680,52646296,52646589,293
ENSG00000250771,154561320,154602332,41012
ENSG00000260680,34654662,34655580,918
ENSG00000267927,52674411,52680255,5844
ENSG00000253886,153873136,153874303,1167
ENSG00000261299,34659735,34660854,1119
ENSG00000237389,44126330,44127012,682
ENSG00000227252,237968077,237994460,26383
ENSG00000115234,27593389,27599995,6606
ENSG00000250222,180618924,180621429,2505
ENSG00000146833,99474581,99517223,42642
ENSG00000187145,150266289,150281414,15125
ENSG00000266928,28785000,28804407,19407
ENSG00000268015,52725478,52734547,9069
ENSG00000110713,3692313,3819022,126709
ENSG00000253146,153938868,153940000,1132
ENSG00000244390,59413950,59414675,725
ENSG00000248208,154579724,154580805,1081
ENSG00000238263,44126395,44126830,435
ENSG00000224844,238031553,238032740,1187
ENSG00000181449,181429714,181432221,2507
ENSG00000214581,34681269,34683395,2126
ENSG00000257288,59446761,59447965,1204
ENSG00000258214,59759999,59804952,44953
ENSG00000249309,154641479,154648874,7395
ENSG00000264760,153975572,153975632,60
ENSG00000226245,44139320,44140495,1175
ENSG00000222032,238337563,238343465,5902
ENSG00000179528,74724644,74730443,5799
ENSG00000221552,154065336,154065421,85
ENSG00000257652,69313165,69363317,50152
ENSG00000250900,180622496,180630103,7607
ENSG00000212599,59762832,59762932,100
ENSG00000207265,52762329,52762440,111
ENSG00000065154,126085872,126107545,21673
ENSG00000230565,44141390,44143467,2077
ENSG00000263478,154083077,154083344,267
ENSG00000208002,52785050,52785146,96
ENSG00000252181,154794519,154794603,84
ENSG00000222449,238471808,238471913,105
ENSG00000272197,154097945,154098249,304
ENSG00000264137,155140061,155140145,84
ENSG00000261711,34711785,34714852,3067
ENSG00000227107,238521620,238535168,13548
ENSG00000269102,52788033,52801173,13140
ENSG00000241187,154108791,154109254,463
ENSG00000228151,149095295,149098547,3252
ENSG00000270580,15198580,15225458,26878
ENSG00000249200,155295038,155295499,461
ENSG00000263361,154209018,154209100,82
ENSG00000228426,44161116,44162453,1337
ENSG00000269535,52803946,52848482,44536
ENSG00000182389,152689290,152955593,266303
ENSG00000254526,29181503,29288281,106778
ENSG00000250609,155444639,155445959,1320
ENSG00000263723,238778547,238778625,78
ENSG00000253261,154373158,154374005,847
ENSG00000271173,44223665,44224176,511
ENSG00000251971,238937612,238937704,92
ENSG00000255450,29297202,29298112,910
ENSG00000221131,154404274,154404360,86
ENSG00000224162,44227782,44228032,250
ENSG00000200350,155465085,155465189,104
ENSG00000173486,64008475,64011604,3129
ENSG00000225057,239140325,239164274,23949
ENSG00000253646,154490744,154491884,1140
ENSG00000211499,29298236,29298352,116
ENSG00000176566,88882973,88886296,3323
ENSG00000248611,155476360,155477137,777
ENSG00000101958,14547420,14749934,202514
ENSG00000204978,41949063,41950670,1607
ENSG00000243766,27238194,27246878,8684
ENSG00000254530,29357425,29615842,258417
ENSG00000252688,134091401,134091502,101
ENSG00000222068,134148681,134148970,289
ENSG00000249074,155645738,155646032,294
ENSG00000232474,134189237,134191468,2231
ENSG00000113361,31193857,31329253,135396
ENSG00000232306,239207351,239209261,1910
ENSG00000271477,154776851,154777913,1062
ENSG00000126107,45468212,45477001,8789
ENSG00000213465,64781585,64789656,8071
ENSG00000174547,66202546,66234209,31663
ENSG00000270442,154870896,154873158,2262
ENSG00000223430,134311886,134315798,3912
ENSG00000255281,29413072,29415391,2319
ENSG00000249041,155675908,155703025,27117
ENSG00000202099,239321283,239321386,103
ENSG00000200275,155272447,155272538,91
ENSG00000130589,62189439,62205592,16153
ENSG00000229915,239335718,239336370,652
ENSG00000253370,155885408,155885517,109
ENSG00000200708,134353662,134353970,308
ENSG00000249692,155691720,155692068,348
ENSG00000268730,99859300,99859828,528
ENSG00000248514,180632361,180633120,759
ENSG00000225493,239419331,239463695,44364
ENSG00000254163,156131069,156166823,35754
ENSG00000250251,15219099,15248421,29322
ENSG00000263813,134884696,134884763,67
ENSG00000222582,155708270,155708430,160
ENSG00000070413,19023795,19109967,86172
ENSG00000255227,29467034,29478940,11906
ENSG00000234279,239628965,239649421,20456
ENSG00000253308,27278862,27280847,1985
ENSG00000252604,155711443,155711636,193
ENSG00000199468,156241141,156241245,104
ENSG00000115289,74732170,74735707,3537
ENSG00000222921,134988766,134988883,117
ENSG00000007129,42055886,42093197,37311
ENSG00000264732,180649566,180649633,67
ENSG00000224252,239643904,239644188,284
ENSG00000231989,156277549,156279539,1990
ENSG00000246082,131080742,131083966,3224
ENSG00000250538,156127681,156130179,2498
ENSG00000178075,113547029,113666021,118992
ENSG00000255029,29540623,29574186,33563
ENSG00000234060,135077225,135077649,424
ENSG00000253405,27281048,27286848,5800
ENSG00000125944,23630264,23670829,40565
ENSG00000156103,89044237,89340254,296017
ENSG00000255117,29616465,29652211,35746
ENSG00000226992,239697289,239698357,1068
ENSG00000247049,180651646,180657685,6039
ENSG00000244657,65950082,65951519,1437
ENSG00000255674,135213767,135214178,411
ENSG00000227744,239840998,239847965,6967
ENSG00000223473,65956083,65958553,2470
ENSG00000272296,180668814,180668892,78
ENSG00000213783,27308976,27309297,321
ENSG00000255047,29690433,29691175,742
ENSG00000131142,8117651,8127534,9883
ENSG00000236397,114356606,114359144,2538
ENSG00000237310,65958693,65960461,1768
ENSG00000224043,135493034,135676280,183246
ENSG00000264839,99386069,99386142,73
ENSG00000271480,99386423,99386767,344
ENSG00000254734,29735456,29903261,167805
ENSG00000270388,99386837,99387620,783
ENSG00000243505,29742946,29743238,292
ENSG00000240554,29747311,29748112,801
ENSG00000270307,99387624,99388301,677
ENSG00000264549,180670312,180670379,67
ENSG00000186998,29601840,29655586,53746
ENSG00000261340,30001660,30003939,2279
ENSG00000236569,27368226,27369153,927
ENSG00000250910,156197841,156302498,104657
ENSG00000179342,65970142,65971210,1068
ENSG00000233937,180673523,180699168,25645
ENSG00000270225,99388563,99389243,680
ENSG00000266655,124020956,124021081,125
ENSG00000254532,30065605,30105890,40285
ENSG00000227374,131567108,131567699,591
ENSG00000207294,15244554,15244653,99
ENSG00000271207,99389390,99390749,1359
ENSG00000215274,49160148,49176323,16175
ENSG00000255288,30188710,30188853,143
ENSG00000207251,27307071,27307174,103
ENSG00000264115,15248707,15248859,152
ENSG00000224151,20994888,21001199,6311
ENSG00000115827,172290727,172341562,50835
ENSG00000221573,27404057,27404149,92
ENSG00000266676,131641563,131641638,75
ENSG00000257391,15248760,15250877,2117
ENSG00000264625,27460829,27461125,296
ENSG00000242353,30389695,30390193,498
ENSG00000237489,131864638,131909081,44443
ENSG00000227523,27503997,27504307,310
ENSG00000058063,182511288,182639423,128135
ENSG00000270560,156351130,156351721,591
ENSG00000164691,159455500,159466184,10684
ENSG00000234500,65976543,66010053,33510
ENSG00000207077,99489376,99489483,107
ENSG00000254246,156531799,156541911,10112
ENSG00000224659,49178536,49185863,7327
ENSG00000234682,135554739,135555449,710
ENSG00000233122,131904273,131907095,2822
ENSG00000186007,205350506,205425082,74576
ENSG00000044012,42619092,42621495,2403
ENSG00000186399,30695943,30706463,10520
ENSG00000249787,99737145,99744603,7458
ENSG00000163026,24252210,24272445,20235
ENSG00000269834,52892095,52901019,8924
ENSG00000237597,49188094,49195366,7272
ENSG00000116039,71163012,71192536,29524
ENSG00000233319,131930034,131930505,471
ENSG00000247373,124066767,124069662,2895
ENSG00000236303,132237331,132281418,44087
ENSG00000267320,28807612,28877111,69499
ENSG00000222997,132303370,132303465,95
ENSG00000186889,62727356,62739029,11673
ENSG00000264803,132760851,132760931,80
ENSG00000205775,49197607,49204923,7316
ENSG00000206897,124101255,124101387,132
ENSG00000266057,132793569,132793650,81
ENSG00000247877,99785458,99870966,85508
ENSG00000269776,52929116,52929455,339
ENSG00000267238,28885758,28887335,1577
ENSG00000255839,124192149,124192933,784
ENSG00000230098,132893481,132894040,559
ENSG00000137384,30120533,30130023,9490
ENSG00000269349,53014535,53015595,1060
ENSG00000248275,180688213,180699308,11095
ENSG00000114353,50263724,50296787,33063
ENSG00000260725,28909390,28920397,11007
ENSG00000260153,34720137,34720596,459
ENSG00000260319,145094584,145129202,34618
ENSG00000265977,133489515,133489584,69
ENSG00000225351,28962606,28973138,10532
ENSG00000258052,70195449,70249143,53694
ENSG00000251970,20995615,20995776,161
ENSG00000242255,53067329,53067484,155
ENSG00000240257,49207160,49214420,7260
ENSG00000235010,133994729,133999466,4737
ENSG00000259836,34723608,34724583,975
ENSG00000238088,21010150,21029166,19016
ENSG00000137207,43479565,43484728,5163
ENSG00000261350,34725545,34726766,1221
ENSG00000268886,53079136,53088814,9678
ENSG00000267243,28926295,29218684,292389
ENSG00000229180,65991075,66007536,16461
ENSG00000260341,34726695,34727817,1122
ENSG00000255480,30447099,30450815,3716
ENSG00000265502,70304339,70304637,298
ENSG00000250806,99989816,99993674,3858
ENSG00000241465,49216659,49223943,7284
ENSG00000261445,34728125,34730828,2703
ENSG00000196924,153576892,153603006,26114
ENSG00000254489,30605677,30652055,46378
ENSG00000265597,70361035,70361156,121
ENSG00000228427,70403409,70418025,14616
ENSG00000212140,95512278,95512384,106
ENSG00000260857,34739464,34740833,1369
ENSG00000187048,47394849,47407156,12307
ENSG00000206288,33097048,33101042,3994
ENSG00000255591,70520580,70520897,317
ENSG00000133704,30781922,30848920,66998
ENSG00000269622,34740963,34741541,578
ENSG00000228098,135573932,135574159,227
ENSG00000123870,53091758,53100660,8902
ENSG00000251968,31195471,31195552,81
ENSG00000221629,31227306,31227441,135
ENSG00000239215,124205793,124206186,393
ENSG00000224208,70534762,70535729,967
ENSG00000263783,135615390,135615443,53
ENSG00000255370,31302219,31302534,315
ENSG00000251931,59844454,59844553,99
ENSG00000261733,34763493,34763688,195
ENSG00000242135,60679180,60679630,450
ENSG00000260189,145160798,145162819,2021
ENSG00000266724,59921840,59921922,82
ENSG00000230807,27527738,27528108,370
ENSG00000238337,135823202,135823304,102
ENSG00000270028,124410008,124410630,622
ENSG00000236249,49226182,49233481,7299
ENSG00000224322,27401462,27449557,48095
ENSG00000251841,2652790,2652894,104
ENSG00000265430,59921958,59922049,91
ENSG00000208308,135894198,135894325,127
ENSG00000257176,29433351,29470781,37430
ENSG00000259996,34777650,34778016,366
ENSG00000167107,48503519,48552206,48687
ENSG00000114812,42530791,42579059,48268
ENSG00000202471,59980574,59980724,150
ENSG00000213706,70572268,70572838,570
ENSG00000237659,2657868,2658369,501
ENSG00000270005,124420169,124420753,584
ENSG00000254718,60706839,60715483,8644
ENSG00000235651,136268116,136269513,1397
ENSG00000259848,95533231,95613086,79855
ENSG00000197273,42628362,42630389,2027
ENSG00000260994,34782288,34783200,912
ENSG00000201033,27555362,27555523,161
ENSG00000257146,60113479,60113725,246
ENSG00000233830,27497782,27498468,686
ENSG00000270130,124445264,124445791,527
ENSG00000068305,100017370,100256671,239301
ENSG00000232195,2696023,2696259,236
ENSG00000232167,27566844,27566885,41
ENSG00000261046,34787280,34788372,1092
ENSG00000217179,21033988,21034158,170
ENSG00000266893,28982771,29123635,140864
ENSG00000237176,60205883,60206357,474
ENSG00000227289,2749724,2751693,1969
ENSG00000201308,136414047,136414149,102
ENSG00000267423,29000145,29009635,9490
ENSG00000204217,203241659,203432474,190815
ENSG00000213781,27501385,27502588,1203
ENSG00000207654,136422967,136423048,81
ENSG00000186281,96687694,96705199,17505
ENSG00000260134,34809205,34809865,660
ENSG00000264437,60420552,60420638,86
ENSG00000258556,60789954,60790625,671
ENSG00000270048,124447102,124447364,262
ENSG00000231850,49235708,49242997,7289
ENSG00000200664,136567739,136567849,110
ENSG00000257294,60486645,60489632,2987
ENSG00000238912,27589248,27589349,101
ENSG00000269997,124450624,124451176,552
ENSG00000177225,767220,777488,10268
ENSG00000226806,136577761,136580657,2896
ENSG00000223968,27665693,27665947,254
ENSG00000229163,2797042,2799161,2119
ENSG00000260746,34872994,34879551,6557
ENSG00000258427,60864475,60864999,524
ENSG00000235574,27531301,27532384,1083
ENSG00000248105,82120703,82121003,300
ENSG00000244026,75470703,75484261,13558
ENSG00000173457,64011956,64014413,2457
ENSG00000199295,83884859,83884966,107
ENSG00000176728,21034387,21239302,204915
ENSG00000166268,70219084,70352877,133793
ENSG00000259169,60865652,60866731,1079
ENSG00000172554,946554,1371385,424831
ENSG00000180616,71161151,71167185,6034
ENSG00000248112,82215195,82216938,1743
ENSG00000229893,27773014,27780014,7000
ENSG00000229601,70633684,70633936,252
ENSG00000214070,136655525,136656548,1023
ENSG00000236737,49294472,49294588,116
ENSG00000258692,60960484,60963603,3119
ENSG00000252298,84085947,84086023,76
ENSG00000265382,27920106,27920397,291
ENSG00000213018,70639933,70640364,431
ENSG00000206623,28157732,28157838,106
ENSG00000236198,84101832,84103457,1625
ENSG00000136840,130670165,130679317,9152
ENSG00000113532,100142639,100238970,96331
ENSG00000255525,31327232,31336095,8863
ENSG00000166510,52568740,52626739,57999
ENSG00000226463,29012035,29013062,1027
ENSG00000237671,49296814,49304141,7327
ENSG00000249857,82236277,82236802,525
ENSG00000234336,28219941,28283536,63595
ENSG00000221338,31457017,31457110,93
ENSG00000207269,100068762,100069090,328
ENSG00000252525,70660367,70660477,110
ENSG00000221263,100152186,100152269,83
ENSG00000178115,30844183,30854704,10521
ENSG00000102383,74588262,74743337,155075
ENSG00000199751,70710916,70711017,101
ENSG00000223700,84104851,84105677,826
ENSG00000228061,31658875,31789501,130626
ENSG00000264318,100917534,100917830,296
ENSG00000258670,60981837,61021634,39797
ENSG00000233054,29054028,29055133,1105
ENSG00000243468,70711529,70712778,1249
ENSG00000228225,84258264,84259482,1218
ENSG00000258184,60609775,60610165,390
ENSG00000251261,101152179,101152484,305
ENSG00000174516,66234216,66244808,10592
ENSG00000258764,61011118,61011372,254
ENSG00000260226,145164762,145168388,3626
ENSG00000269938,124452570,124453126,556
ENSG00000173269,88695297,88729238,33941
ENSG00000248400,82264707,82272972,8265
ENSG00000105352,42125344,42133442,8098
ENSG00000078579,16849678,16859690,10012
ENSG00000249495,101312000,101312502,502
ENSG00000215120,70747664,70750075,2411
ENSG00000252607,60735605,60735722,117
ENSG00000270061,124454537,124454891,354
ENSG00000249664,82308104,82308928,824
ENSG00000231890,136742746,136779888,37142
ENSG00000251822,60757603,60757716,113
ENSG00000226271,29079708,29080643,935
ENSG00000228902,84267009,84267844,835
ENSG00000270095,124456004,124456261,257
ENSG00000256827,124490418,124490772,354
ENSG00000271862,82345195,82346783,1588
ENSG00000199786,101466711,101466839,128
ENSG00000237055,95565311,95566406,1095
ENSG00000264855,70845603,70845705,102
ENSG00000269923,124570308,124573142,2834
ENSG00000225550,29141357,29142397,1040
ENSG00000267537,29093286,29139210,45924
ENSG00000182814,84517806,84519326,1520
ENSG00000248261,101479781,101482276,2495
ENSG00000256596,124690774,124693564,2790
ENSG00000266976,29097595,29106136,8541
ENSG00000136213,2443223,2474242,31019
ENSG00000119782,24272571,24286551,13980
ENSG00000222987,101638208,101638514,306
ENSG00000172985,109745804,110262207,516403
ENSG00000267799,29281719,29283778,2059
ENSG00000197629,58975983,58980424,4441
ENSG00000232128,95566735,95567347,612
ENSG00000236927,29274489,29275605,1116
ENSG00000181355,9596343,10211841,615498
ENSG00000267617,29360703,29370077,9374
ENSG00000176495,59131885,59132921,1036
ENSG00000267528,29374337,29444152,69815
ENSG00000249017,101836245,101841374,5129
ENSG00000238835,82360023,82360156,133
ENSG00000074621,65903704,65953333,49629
ENSG00000267683,29383838,29386856,3018
ENSG00000243385,82497048,82497960,912
ENSG00000181544,14861529,14891191,29662
ENSG00000227488,49306370,49313697,7327
ENSG00000172324,59189416,59190449,1033
ENSG00000238514,29421910,29422012,102
ENSG00000233158,95578177,95578576,399
ENSG00000251552,82575740,82576463,723
ENSG00000137871,56922379,57210769,288390
ENSG00000267027,29440344,29441107,763
ENSG00000228272,84542232,84577898,35666
ENSG00000232289,29393366,29424928,31562
ENSG00000250958,101917072,101953293,36221
ENSG00000172320,59210617,59211667,1050
ENSG00000251395,82722495,82722849,354
ENSG00000248103,180708376,180710653,2277
ENSG00000152611,35904397,35938881,34484
ENSG00000231331,95618906,95619338,432
ENSG00000222533,180728968,180729071,103
ENSG00000216649,49315936,49323252,7316
ENSG00000259791,34874400,34874953,553
ENSG00000233373,84554386,84554691,305
ENSG00000249835,82827171,82877139,49968
ENSG00000166884,59224411,59225464,1053
ENSG00000238035,180733503,180755068,21565
ENSG00000260522,34956639,34956900,261
ENSG00000247402,101941339,101941901,562
ENSG00000267137,59537585,59540745,3160
ENSG00000257865,60812764,60813074,310
ENSG00000249924,156207314,156208288,974
ENSG00000109511,169013666,169108841,95175
ENSG00000196861,59667894,59668541,647
ENSG00000139531,56390964,56400425,9461
ENSG00000259056,84977893,84978355,462
ENSG00000250205,156302194,156302391,197
ENSG00000211566,239894624,239894706,82
ENSG00000257308,61624940,61626718,1778
ENSG00000230505,29407167,29408815,1648
ENSG00000250682,101944860,102007263,62403
ENSG00000254466,59244846,59245869,1023
ENSG00000273003,64781654,64808042,26388
ENSG00000202361,59951445,59951543,98
ENSG00000260506,239928722,239931139,2417
ENSG00000198815,42642210,42801548,159338
ENSG00000242398,60083100,60083348,248
ENSG00000251915,34968764,34968875,111
ENSG00000235847,85004383,85005347,964
ENSG00000266109,239990513,239990610,97
ENSG00000261794,30896329,30906764,10435
ENSG00000221302,60093218,60093298,80
ENSG00000222207,34969010,34969119,109
ENSG00000117360,150293925,150325671,31746
ENSG00000265332,239990615,239990708,93
ENSG00000200842,60114194,60114306,112
ENSG00000251924,34969743,34969842,99
ENSG00000250398,156304259,156305254,995
ENSG00000232559,66010634,66057373,46739
ENSG00000223299,97104524,97104851,327
ENSG00000266360,239990762,239990855,93
ENSG00000207123,60199681,60199782,101
ENSG00000176200,59271049,59271984,935
ENSG00000252624,34969996,34970104,108
ENSG00000135124,121647660,121671909,24249
ENSG00000258979,97207528,97256950,49422
ENSG00000106003,2552163,2568811,16648
ENSG00000263743,239990860,239990953,93
ENSG00000266066,60214333,60218000,3667
ENSG00000271606,156306504,156306644,140
ENSG00000232594,95626792,95627248,456
ENSG00000264103,239991056,239991149,93
ENSG00000249247,156372769,156373557,788
ENSG00000264518,239991154,239991247,93
ENSG00000250765,180756242,180769214,12972
ENSG00000249770,156373678,156374196,518
ENSG00000265979,239991301,239991394,93
ENSG00000212612,19564785,19564891,106
ENSG00000258825,97397704,97409917,12213
ENSG00000172742,59282386,59283330,944
ENSG00000248748,156374201,156375955,1754
ENSG00000266365,60308831,60324514,15683
ENSG00000264730,239991448,239991541,93
ENSG00000151640,134000404,134019280,18876
ENSG00000155970,16884747,16980153,95406
ENSG00000253073,82981685,82981837,152
ENSG00000181315,26636518,26659980,23462
ENSG00000258314,19611768,19643377,31609
ENSG00000248548,156376202,156377563,1361
ENSG00000233105,95630218,95630581,363
ENSG00000265891,240007394,240007492,98
ENSG00000225163,97409916,97411731,1815
ENSG00000206744,82999267,82999362,95
ENSG00000233070,2834885,2870667,35782
ENSG00000264810,240007523,240007622,99
ENSG00000251035,180805696,180806039,343
ENSG00000232491,66021203,66022052,849
ENSG00000249127,156377790,156378133,343
ENSG00000242858,83042207,83042808,601
ENSG00000265416,240008039,240008138,99
ENSG00000151466,129786076,130014764,228688
ENSG00000256301,180878878,180878968,90
ENSG00000224585,95637699,95637912,213
ENSG00000007306,42177235,42210895,33660
ENSG00000265215,240227157,240227240,83
ENSG00000257608,19614216,19615884,1668
ENSG00000259026,97576753,97585584,8831
ENSG00000177418,66021832,66022349,517
ENSG00000213285,180898964,180899431,467
ENSG00000229125,29425038,29432186,7148
ENSG00000249698,156378332,156379112,780
ENSG00000108439,46018872,46025654,6782
ENSG00000264292,240273419,240273499,80
ENSG00000213400,85101820,85102144,324
ENSG00000124067,67977377,68003504,26127
ENSG00000248420,156379113,156379792,679
ENSG00000225573,66071725,66072094,369
ENSG00000227459,240547392,240552533,5141
ENSG00000238998,112848075,112848142,67
ENSG00000223600,2863108,2863314,206
ENSG00000249386,156380022,156380715,693
ENSG00000258393,97582692,97587838,5146
ENSG00000175749,102368080,102368735,655
ENSG00000202157,83099373,83099504,131
ENSG00000259889,240656650,240657232,582
ENSG00000251223,156380856,156382389,1533
ENSG00000227487,113140254,113144623,4369
ENSG00000250013,83170985,83171640,655
ENSG00000264279,240882432,240882511,79
ENSG00000248907,156382785,156383815,1030
ENSG00000231535,2870953,2970313,99360
ENSG00000251407,156384025,156384975,950
ENSG00000231278,241018850,241019779,929
ENSG00000259110,97621194,97625073,3879
ENSG00000110048,59341871,59383617,41746
ENSG00000166685,71189129,71204646,15517
ENSG00000213048,241048519,241049469,950
ENSG00000233447,95640289,95640583,294
ENSG00000251244,156436879,156438611,1732
ENSG00000225210,19650018,19718563,68545
ENSG00000227479,241166977,241195452,28475
ENSG00000246084,97925153,98047938,122785
ENSG00000213399,85142910,85143789,879
ENSG00000248203,102581749,102589220,7471
ENSG00000260244,156655600,156658214,2614
ENSG00000221412,241201132,241201277,145
ENSG00000174495,28318830,28319319,489
ENSG00000255129,113149159,113185159,36000
ENSG00000110025,64794880,64808044,13164
ENSG00000255735,241390181,241391848,1667
ENSG00000240730,97996228,97996510,282
ENSG00000235186,95657625,95660107,2482
ENSG00000207611,241395418,241395506,88
ENSG00000005893,119561682,119603220,41538
ENSG00000225286,28654714,28655505,791
ENSG00000100263,29655841,29664198,8357
ENSG00000260942,241522117,241526116,3999
ENSG00000197176,98098984,98152995,54011
ENSG00000173930,101569690,101632253,62563
ENSG00000149782,64018995,64036622,17627
ENSG00000270179,113239200,113239839,639
ENSG00000250567,102744642,102748212,3570
ENSG00000219159,241625751,241629831,4080
ENSG00000255690,28992974,28998029,5055
ENSG00000216125,83269615,83269705,90
ENSG00000217896,21147061,21148284,1223
ENSG00000187951,30916697,31065196,148499
ENSG00000252861,83492701,83492807,106
ENSG00000142449,8130286,8214730,84444
ENSG00000155158,15163620,15307358,143738
ENSG00000256757,113276043,113282839,6796
ENSG00000169976,144416018,144416754,736
ENSG00000112474,33101245,33103438,2193
ENSG00000115504,62900986,63273622,372636
ENSG00000231705,134232587,134234457,1870
ENSG00000255965,124867927,124868056,129
ENSG00000234954,29454555,29455819,1264
ENSG00000250320,83680245,83786583,106338
ENSG00000258379,98252902,98255593,2691
ENSG00000265140,113320745,113320810,65
ENSG00000176734,28992974,28997934,4960
ENSG00000233392,241894034,241906868,12834
ENSG00000138135,90965694,90967071,1377
ENSG00000259097,98534577,98671480,136903
ENSG00000256091,113582442,113583120,678
ENSG00000242822,95669292,95669588,296
ENSG00000233850,95690938,95692454,1516
ENSG00000243353,113621838,113622008,170
ENSG00000258511,98602411,98605579,3168
ENSG00000131730,80529104,80562216,33112
ENSG00000222066,98797969,98798087,118
ENSG00000261122,34977639,34990886,13247
ENSG00000228421,28997283,28998961,1678
ENSG00000181904,134181370,134195427,14057
ENSG00000257070,113640382,113640716,334
ENSG00000241757,98817706,98818001,295
ENSG00000130150,14891563,14940449,48886
ENSG00000258795,98963469,98981135,17666
ENSG00000260840,85291231,85294470,3239
ENSG00000226926,102766107,102862319,96212
ENSG00000256603,113641115,113642413,1298
ENSG00000186710,113587663,113597081,9418
ENSG00000272568,29019583,29052983,33400
ENSG00000235463,85295932,85296154,222
ENSG00000237342,99311233,99311934,701
ENSG00000223991,241920932,241925489,4557
ENSG00000256167,113659953,113662088,2135
ENSG00000185275,21154353,21154595,242
ENSG00000176402,99520892,99527243,6351
ENSG00000225787,85329512,85329817,305
ENSG00000229996,241949462,241950161,699
ENSG00000233517,29026644,29028515,1871
ENSG00000259119,99391474,99394142,2668
ENSG00000225521,241955016,242003533,48517
ENSG00000232573,99439216,99439638,422
ENSG00000255870,113659964,113660749,785
ENSG00000229452,29119900,29122143,2243
ENSG00000214650,124997768,124999359,1591
ENSG00000169495,38831683,38846181,14498
ENSG00000166881,57449426,57481846,32420
ENSG00000174776,167196472,167371771,175299
ENSG00000235861,242058140,242058358,218
ENSG00000252094,34980360,34980465,105
ENSG00000252008,125386058,125386157,99
ENSG00000252182,34981403,34981511,108
ENSG00000257101,113662188,113662474,286
ENSG00000214853,84295738,84296113,375
ENSG00000175471,94039446,94620279,580833
ENSG00000252766,21180869,21180973,104
ENSG00000253055,34984432,34984546,114
ENSG00000223052,29127804,29127927,123
ENSG00000265345,125400093,125400205,112
ENSG00000256452,113688799,113693180,4381
ENSG00000252647,34985945,34986055,110
ENSG00000235669,29239156,29248586,9430
ENSG00000231134,85413532,85414376,844
ENSG00000252268,34986199,34986306,107
ENSG00000234529,21489455,21490459,1004
ENSG00000255710,113691578,113692607,1029
ENSG00000187676,31774073,31906413,132340
ENSG00000251760,34987197,34987313,116
ENSG00000249349,84408160,84408574,414
ENSG00000251717,34988167,34988301,134
ENSG00000201687,113730068,113730171,103
ENSG00000248674,84486447,84486648,201
ENSG00000221112,113957533,113957651,118
ENSG00000256947,114081338,114227293,145955
ENSG00000137313,30141750,30170728,28978
ENSG00000200701,85432049,85432155,106
ENSG00000115128,24290454,24299313,8859
ENSG00000135604,144471663,144509507,37844
ENSG00000236362,49325479,49332808,7329
ENSG00000203504,31705636,31707478,1842
ENSG00000230299,85489267,85489390,123
ENSG00000256195,114231357,114250767,19410
ENSG00000234311,134247237,134254988,7751
ENSG00000167103,130683158,130693076,9918
ENSG00000226900,134325130,134331695,6565
ENSG00000146904,143087382,143105985,18603
ENSG00000203418,31706615,31706873,258
ENSG00000261167,131173970,131177442,3472
ENSG00000244756,61038742,61039029,287
ENSG00000256533,114323786,114324845,1059
ENSG00000250253,84505878,84506721,843
ENSG00000272286,31807987,31808519,532
ENSG00000241354,61068864,61069251,387
ENSG00000229081,134334331,134335953,1622
ENSG00000215269,49335037,49342357,7320
ENSG00000103269,725666,728268,2602
ENSG00000117266,205473723,205501921,28198
ENSG00000253014,61073785,61073883,98
ENSG00000255982,114383428,114384153,725
ENSG00000204421,31686425,31689622,3197
ENSG00000261842,149119766,149121981,2215
ENSG00000221579,85526157,85526241,84
ENSG00000234531,134596683,134598269,1586
ENSG00000258952,61107448,61109307,1859
ENSG00000254584,32057527,32062864,5337
ENSG00000249792,84508776,84509432,656
ENSG00000249020,131197941,131198077,136
ENSG00000270204,114388586,114389093,507
ENSG00000258445,61246696,61247313,617
ENSG00000232903,134757471,134778793,21322
ENSG00000248468,131236675,131239724,3049
ENSG00000231062,95717140,95718921,1781
ENSG00000238724,114397851,114397954,103
ENSG00000249013,156927630,156928140,510
ENSG00000106009,2577511,2595361,17850
ENSG00000224902,49344586,49351904,7318
ENSG00000186377,47427036,47516423,89387
ENSG00000226659,82289353,82295698,6345
ENSG00000246575,85542164,85543652,1488
ENSG00000224758,134774844,134775741,897
ENSG00000256674,114453975,114455414,1439
ENSG00000266647,60337995,60339297,1302
ENSG00000254836,32074389,32074806,417
ENSG00000248530,131245291,131246023,732
ENSG00000258892,61346432,61449303,102871
ENSG00000125945,23685941,23695935,9994
ENSG00000105388,42212504,42233718,21214
ENSG00000221189,157217713,157217798,85
ENSG00000240707,134779038,134789858,10820
ENSG00000231082,82409553,82413488,3935
ENSG00000251447,131256415,131256529,114
ENSG00000251511,157507131,157511191,4060
ENSG00000254627,32086458,32093719,7261
ENSG00000252870,114998938,114999093,155
ENSG00000258485,61385958,61386873,915
ENSG00000155561,135242667,135333505,90838
ENSG00000265859,131704699,131704775,76
ENSG00000256925,134898748,134900201,1453
ENSG00000249479,157563732,157564721,989
ENSG00000212551,32103310,32103518,208
ENSG00000256972,115204296,115210981,6685
ENSG00000233353,82476239,82476824,585
ENSG00000233757,95873283,95881351,8068
ENSG00000240854,131894246,131895555,1309
ENSG00000189064,49354132,49361430,7298
ENSG00000133624,149244245,149321843,77598
ENSG00000255490,32106657,32107258,601
ENSG00000248912,157607816,157613788,5972
ENSG00000188755,60342066,60353016,10950
ENSG00000255580,115234348,115248649,14301
ENSG00000203268,134899473,134900137,664
ENSG00000242899,131962372,131963109,737
ENSG00000248629,157762511,157763388,877
ENSG00000235264,134958116,134958808,692
ENSG00000256315,115267474,115268376,902
ENSG00000255252,32118689,32126637,7948
ENSG00000258656,61438990,61439184,194
ENSG00000238392,102147650,102147734,84
ENSG00000164694,159590429,159693141,102712
ENSG00000101216,62218955,62258394,39439
ENSG00000250622,157893783,157894108,325
ENSG00000238997,102246813,102246897,84
ENSG00000248170,84533499,84533892,393
ENSG00000166889,59404189,59436453,32264
ENSG00000227160,32133595,32364955,231360
ENSG00000166917,135059982,135061395,1413
ENSG00000233297,102322283,102330916,8633
ENSG00000241713,31624311,31628739,4428
ENSG00000160396,40885178,40896094,10916
ENSG00000205777,49363628,49373139,9511
ENSG00000256281,115403040,115403671,631
ENSG00000257456,29672664,29682907,10243
ENSG00000252350,157907524,157907845,321
ENSG00000255375,32154245,32165125,10880
ENSG00000252524,157985709,157985815,106
ENSG00000257087,115409587,115410102,515
ENSG00000248667,84715846,84716269,423
ENSG00000199859,158122714,158122820,106
ENSG00000242986,29811309,29811731,422
ENSG00000228896,31918709,31929380,10671
ENSG00000249819,158125614,158126007,393
ENSG00000249023,84725520,84726002,482
ENSG00000263738,158281267,158281378,111
ENSG00000249842,84742792,84743576,784
ENSG00000198690,31196055,31235311,39256
ENSG00000183242,32457064,32480315,23251
ENSG00000255903,115448767,115448961,194
ENSG00000239143,85560018,85560119,101
ENSG00000234111,158493642,158497306,3664
ENSG00000243859,84760252,84761128,876
ENSG00000107829,103370423,103455052,84629
ENSG00000255689,115453015,115471057,18042
ENSG00000270532,85568404,85568961,557
ENSG00000249087,23695490,23698332,2842
ENSG00000237065,29251918,29252830,912
ENSG00000169490,38846327,38854343,8016
ENSG00000239153,115497800,115497903,103
ENSG00000215953,84823862,84823952,90
ENSG00000255599,115498783,115500461,1678
ENSG00000271014,85587921,85588048,127
ENSG00000107798,90973326,91174314,200988
ENSG00000263887,60359748,60374387,14639
ENSG00000042753,47341393,47354249,12856
ENSG00000251066,84845227,84845770,543
ENSG00000260254,115509281,115517680,8399
ENSG00000157764,140419127,140624564,205437
ENSG00000122852,81370695,81375196,4501
ENSG00000256717,115530376,115713864,183488
ENSG00000202382,85594708,85594809,101
ENSG00000112782,45868045,46048132,180087
ENSG00000265704,84930230,84930291,61
ENSG00000206287,33105102,33109329,4227
ENSG00000242095,85595405,85595701,296
ENSG00000132646,5095599,5107272,11673
ENSG00000250874,84959050,84960502,1452
ENSG00000258085,69394991,69419037,24046
ENSG00000254986,66247484,66277130,29646
ENSG00000104219,17013538,17082308,68770
ENSG00000264182,15252314,15252378,64
ENSG00000123064,113594979,113623284,28305
ENSG00000270903,32613339,32614317,978
ENSG00000252478,85600577,85600637,60
ENSG00000246100,115624966,115631345,6379
ENSG00000257769,15702331,15704420,2089
ENSG00000272690,75484499,75506637,22138
ENSG00000273196,85614197,85614269,72
ENSG00000268970,53100952,53102140,1188
ENSG00000272213,15737151,15737229,78
ENSG00000244535,32779814,32780160,346
ENSG00000241965,85058377,85058956,579
ENSG00000113621,134209493,134237215,27722
ENSG00000262380,15777147,15778427,1280
ENSG00000269825,53153690,53156537,2847
ENSG00000207207,85661630,85661742,112
ENSG00000268424,101569696,101571279,1583
ENSG00000255875,53313077,53313961,884
ENSG00000263335,15820531,15826850,6319
ENSG00000200615,33025796,33025891,95
ENSG00000163217,69092613,69098649,6036
ENSG00000213713,33097112,33098006,894
ENSG00000268225,53365060,53366119,1059
ENSG00000263065,15835008,15835648,640
ENSG00000252806,34988417,34988553,136
ENSG00000133105,32313674,32377009,63335
ENSG00000252673,34988926,34989059,133
ENSG00000100577,77787227,77797940,10713
ENSG00000252587,34989294,34989404,110
ENSG00000247151,33183203,33213144,29941
ENSG00000108753,36046435,36105237,58802
ENSG00000252936,34989548,34989656,108
ENSG00000213793,53418449,53426723,8274
ENSG00000260611,35019940,35021258,1318
ENSG00000261620,35037240,35037651,411
ENSG00000239959,75495920,75540353,44433
ENSG00000204219,23707554,23751233,43679
ENSG00000269646,53426635,53427328,693
ENSG00000261515,35071257,35072103,846
ENSG00000213801,53430388,53445854,15466
ENSG00000105227,40899675,40919273,19598
ENSG00000242140,180864021,180864251,230
ENSG00000206932,180949525,180949631,106
ENSG00000231738,85408094,85430055,21961
ENSG00000177181,42846466,42888249,41783
ENSG00000111530,67663061,67713731,50670
ENSG00000237806,180960133,180960689,556
ENSG00000184682,1910375,1912084,1709
ENSG00000128590,108210012,108215294,5282
ENSG00000269082,53459294,53484907,25613
ENSG00000241231,181138846,181160274,21428
ENSG00000261782,35113407,35113869,462
ENSG00000186160,47533160,47583991,50831
ENSG00000221580,35136344,35136453,109
ENSG00000163012,187692562,187713935,21373
ENSG00000231325,31631877,31639232,7355
ENSG00000242779,53471504,53541151,69647
ENSG00000257745,69564040,69580068,16028
ENSG00000136908,130697378,130700763,3385
ENSG00000221618,158509300,158509387,87
ENSG00000068985,49452053,49460596,8543
ENSG00000249275,158558839,158588196,29357
ENSG00000200521,158689165,158689265,100
ENSG00000197457,62271061,62284780,13719
ENSG00000163510,180809603,180871840,62237
ENSG00000249627,158736162,158736632,470
ENSG00000156650,76585340,76792380,207040
ENSG00000250475,158889564,158890767,1203
ENSG00000206808,33192927,33193036,109
ENSG00000132589,27206353,27224697,18344
ENSG00000241950,33211608,33212049,441
ENSG00000160007,47421933,47508334,86401
ENSG00000200485,33218093,33218183,90
ENSG00000241255,33258554,33258955,401
ENSG00000237265,70882845,70885603,2758
ENSG00000223134,33376011,33376091,80
ENSG00000248429,159091904,159124029,32125
ENSG00000254537,33424762,33425151,389
ENSG00000255207,33472192,33472489,297
ENSG00000234648,99439651,99439808,157
ENSG00000103266,730224,732870,2646
ENSG00000168061,64808373,64812300,3927
ENSG00000060709,130880682,131200826,320144
ENSG00000229402,99624753,99626006,1253
ENSG00000137628,169137444,169239958,102514
ENSG00000104312,90769975,90803291,33316
ENSG00000177575,7623409,7656489,33080
ENSG00000235785,99729285,99731072,1787
ENSG00000235245,135108691,135109481,790
ENSG00000258383,99791136,99798352,7216
ENSG00000066185,42896000,42921938,25938
ENSG00000230934,70911782,70912029,247
ENSG00000216173,99828628,99828716,88
ENSG00000270235,135137576,135138249,673
ENSG00000206778,15971020,15971123,103
ENSG00000272439,99910643,99910749,106
ENSG00000262171,15978886,15980015,1129
ENSG00000258749,99978838,99979913,1075
ENSG00000230306,135158147,135158410,263
ENSG00000258213,33130642,33142541,11899
ENSG00000215115,70934221,70938135,3914
ENSG00000102048,15253410,15288589,35179
ENSG00000200506,100049354,100049455,101
ENSG00000215003,16025554,16026151,597
ENSG00000203546,31803518,31926647,123129
ENSG00000251073,159103977,159104545,568
ENSG00000162365,47603107,47615413,12306
ENSG00000223746,44236885,44237798,913
ENSG00000226699,135159258,135164230,4972
ENSG00000247970,100070893,100092077,21184
ENSG00000250604,159120257,159121594,1337
ENSG00000183607,69172364,69180102,7738
ENSG00000265395,135185060,135185167,107
ENSG00000268282,53507293,53508403,1110
ENSG00000258672,100157782,100159985,2203
ENSG00000234972,34580902,34757050,176148
ENSG00000241067,16188049,16189066,1017
ENSG00000234973,44273010,44274273,1263
ENSG00000273327,135243898,135244822,924
ENSG00000267943,53510765,53516433,5668
ENSG00000199836,100411652,100411814,162
ENSG00000271198,100430866,100431715,849
ENSG00000268613,53638190,53638575,385
ENSG00000226790,44282860,44285865,3005
ENSG00000161911,41117080,41122075,4995
ENSG00000206870,61441045,61441153,108
ENSG00000262332,16316884,16318118,1234
ENSG00000242888,100440673,100441486,813
ENSG00000126088,45477819,45481247,3428
ENSG00000050393,13786789,13814800,28011
ENSG00000252380,61729679,61729750,71
ENSG00000263029,16354723,16355092,369
ENSG00000258693,100443452,100444435,983
ENSG00000247287,61764882,61789536,24654
ENSG00000226870,70938992,70939460,468
ENSG00000204187,44340754,44346070,5316
ENSG00000267240,29451413,29455850,4437
ENSG00000214279,135267432,135337062,69630
ENSG00000258560,100519140,100541215,22075
ENSG00000198791,17086737,17104387,17650
ENSG00000111799,75794042,75915767,121725
ENSG00000262848,16383992,16386099,2107
ENSG00000258926,62004226,62012005,7779
ENSG00000265154,100575756,100575851,95
ENSG00000269042,108130255,108136480,6225
ENSG00000238106,70939766,70940650,884
ENSG00000168615,38854388,38962663,108275
ENSG00000267339,29456038,29461781,5743
ENSG00000199082,100575992,100576090,98
ENSG00000263198,16386035,16388663,2628
ENSG00000237182,70956304,70956553,249
ENSG00000250548,62023031,62037371,14340
ENSG00000185899,143140546,143141502,956
ENSG00000257381,16394007,16394683,676
ENSG00000226808,44354859,44390881,36022
ENSG00000237717,70964678,70964927,249
ENSG00000129480,31915242,31926716,11474
ENSG00000233703,82509388,82510987,1599
ENSG00000260858,84288876,84294655,5779
ENSG00000258777,62147759,62162541,14782
ENSG00000264722,16400227,16400291,64
ENSG00000221684,70979235,70979305,70
ENSG00000231060,82535921,82537844,1923
ENSG00000236769,44396813,44407774,10961
ENSG00000201361,84296421,84296534,113
ENSG00000258982,100673744,100704892,31148
ENSG00000257366,16402399,16403857,1458
ENSG00000231774,70980625,70981509,884
ENSG00000227029,44407892,44409684,1792
ENSG00000266621,242184617,242184714,97
ENSG00000258667,62182276,62217815,35539
ENSG00000260530,84329104,84330591,1487
ENSG00000221855,143174966,143175889,923
ENSG00000100823,20923350,20925927,2577
ENSG00000265373,16403732,16403825,93
ENSG00000223374,242290755,242292519,1764
ENSG00000253620,14091,14320,229
ENSG00000233395,44434451,44439914,5463
ENSG00000115297,74740590,74744274,3684
ENSG00000260504,84376070,84377013,943
ENSG00000154059,22006580,22033499,26919
ENSG00000258964,62200856,62242978,42122
ENSG00000263752,242417320,242417397,77
ENSG00000258904,100730118,100731742,1624
ENSG00000234442,70981815,70982283,468
ENSG00000261286,84492865,84500967,8102
ENSG00000197019,40927499,40931932,4433
ENSG00000224232,242417731,242418408,677
ENSG00000252272,29492577,29492682,105
ENSG00000259052,100746296,100757793,11497
ENSG00000234235,242483818,242498392,14574
ENSG00000130751,47523077,47549033,25956
ENSG00000238957,44529988,44530059,71
ENSG00000227209,82700421,82700957,536
ENSG00000255202,33686766,33718247,31481
ENSG00000258882,62278692,62437037,158345
ENSG00000261243,84529205,84531101,1896
ENSG00000254193,100584,100728,144
ENSG00000237590,44755050,44757261,2211
ENSG00000267014,29493462,29504862,11400
ENSG00000176510,143208026,143209004,978
ENSG00000273113,242521337,242522141,804
ENSG00000166323,108179246,108338258,159012
ENSG00000238701,131999462,131999522,60
ENSG00000226466,82896296,82897091,795
ENSG00000197558,149473131,149531068,57937
ENSG00000261471,84627999,84630432,2433
ENSG00000240890,132105366,132107918,2552
ENSG00000207186,242524383,242524490,107
ENSG00000254508,33796245,33797216,971
ENSG00000260859,84861869,84862848,979
ENSG00000039560,34656342,34832732,176390
ENSG00000258504,100757454,100760993,3539
ENSG00000215113,70983140,70987054,3914
ENSG00000258956,62298579,62299087,508
ENSG00000229116,44787706,44789157,1451
ENSG00000214943,31952173,31953171,998
ENSG00000228989,242629829,242633704,3875
ENSG00000265249,84886574,84886673,99
ENSG00000235351,242664030,242665108,1078
ENSG00000265990,82904408,82904487,79
ENSG00000260340,84961959,84973209,11250
ENSG00000258842,62536236,62547872,11636
ENSG00000214089,44910097,44910601,504
ENSG00000206286,33146871,33168663,21792
ENSG00000221378,83810018,83810104,86
ENSG00000215692,242674130,242674913,783
ENSG00000255272,33797734,33801041,3307
ENSG00000271079,143268894,143271480,2586
ENSG00000213385,102395593,102396386,793
ENSG00000270313,85312426,85312641,215
ENSG00000258903,62570096,62583893,13797
ENSG00000267498,29704142,29706722,2580
ENSG00000252643,102475052,102475155,103
ENSG00000165731,43572475,43625799,53324
ENSG00000198984,100774196,100774293,97
ENSG00000234793,242694208,242695155,947
ENSG00000179219,85316564,85319569,3005
ENSG00000270767,44983783,44983893,110
ENSG00000073910,32605437,32870794,265357
ENSG00000243794,75570954,75571163,209
ENSG00000238324,102497897,102498202,305
ENSG00000138119,95066186,95242074,175888
ENSG00000234580,45086656,45097552,10896
ENSG00000215023,242740331,242741322,991
ENSG00000266307,85339832,85339931,99
ENSG00000259796,62577593,62579268,1675
ENSG00000230257,102613969,102629303,15334
ENSG00000255161,33808600,33809341,741
ENSG00000272710,75589200,75629150,39950
ENSG00000244257,16404198,16428047,23849
ENSG00000264203,85475029,85475098,69
ENSG00000244674,75591300,75592080,780
ENSG00000227395,45301891,45303671,1780
ENSG00000090060,96967770,97033448,65678
ENSG00000241604,29723999,29724292,293
ENSG00000270124,85613615,85617177,3562
ENSG00000258403,62581071,62584284,3213
ENSG00000221602,75598948,75599096,148
ENSG00000224272,242749407,242753111,3704
ENSG00000264045,102654703,102654802,99
ENSG00000169194,131991955,131996802,4847
ENSG00000255169,33826314,33827187,873
ENSG00000239383,75639449,75639800,351
ENSG00000236226,102670551,102671801,1250
ENSG00000224812,45306472,45455137,148665
ENSG00000198740,47366568,47439835,73267
ENSG00000167106,130702858,130742792,39934
ENSG00000264515,29777918,30016659,238741
ENSG00000244222,75647803,75648824,1021
ENSG00000260417,85625872,85629326,3454
ENSG00000254619,33831691,33832724,1033
ENSG00000253612,105274,105481,207
ENSG00000233025,102729111,102730057,946
ENSG00000263968,85692984,85693279,295
ENSG00000186369,62584197,62596352,12155
ENSG00000255464,150385,150562,177
ENSG00000172971,75668657,75673000,4343
ENSG00000255133,33836423,33843641,7218
ENSG00000222190,85775227,85775306,79
ENSG00000234504,45395062,45415668,20606
ENSG00000269898,85776893,85777831,938
ENSG00000253166,152660,152897,237
ENSG00000201867,34210721,34210822,101
ENSG00000182944,29663998,29696515,32517
ENSG00000235151,242786532,242787188,656
ENSG00000223462,45432956,45451173,18217
ENSG00000254708,34356665,34357550,885
ENSG00000223508,163186,182231,19045
ENSG00000224415,102781796,102782386,590
ENSG00000273363,45454365,45454906,541
ENSG00000220204,34426210,34426496,286
ENSG00000258336,61994231,61994624,393
ENSG00000267574,29938945,29939287,342
ENSG00000243422,75673837,75674304,467
ENSG00000233806,242823514,243020873,197359
ENSG00000242922,62169704,62170181,477
ENSG00000221795,75679914,75680009,95
ENSG00000266248,29980682,30017855,37173
ENSG00000144045,74745258,74753463,8205
ENSG00000269496,172361483,172361740,257
ENSG00000138439,203499901,203634480,134579
ENSG00000241532,75702712,75703924,1212
ENSG00000267433,30392603,30392776,173
ENSG00000224617,71009236,71009486,250
ENSG00000257528,62273099,62274553,1454
ENSG00000151413,31959162,32330430,371268
ENSG00000267258,30412089,30412560,471
ENSG00000226937,45497670,45642669,144999
ENSG00000229030,71068625,71068854,229
ENSG00000213363,62415351,62415955,604
ENSG00000272812,183119,183692,573
ENSG00000242100,30447276,30447895,619
ENSG00000272240,184347,184887,540
ENSG00000201392,71185822,71185924,102
ENSG00000169605,69201705,69208106,6401
ENSG00000237940,242912834,242919427,6593
ENSG00000127125,42921788,42939056,17268
ENSG00000196933,71264395,71264742,347
ENSG00000267006,30519648,30520823,1175
ENSG00000267692,30528192,30528318,126
ENSG00000170379,143318043,143427502,109459
ENSG00000266910,30528330,30529063,733
ENSG00000174485,65950384,66084631,134247
ENSG00000241129,125420001,125420441,440
ENSG00000126091,44171495,44396831,225336
ENSG00000273402,187045,187669,624
ENSG00000164823,90914087,90940116,26029
ENSG00000267223,30710573,30719622,9049
ENSG00000226423,242967334,242968327,993
ENSG00000213264,132120097,132120640,543
ENSG00000223148,31105127,31105227,100
ENSG00000254104,214315,214672,357
ENSG00000267760,31156181,31159554,3373
ENSG00000232002,242989846,243026289,36443
ENSG00000064989,188207856,188313187,105331
ENSG00000248345,71352000,71354556,2556
ENSG00000229458,83983969,83988935,4966
ENSG00000267081,31341882,31363414,21532
ENSG00000261186,243029505,243030608,1103
ENSG00000251614,132364675,132369227,4552
ENSG00000162366,47649265,47656716,7451
ENSG00000168958,228189867,228222550,32683
ENSG00000243137,43696854,43711451,14597
ENSG00000261316,31398106,31400062,1956
ENSG00000249868,255306,281026,25720
ENSG00000215580,21617317,21665039,47722
ENSG00000267378,31437488,31448098,10610
ENSG00000267777,31658422,31698569,40147
ENSG00000150995,4535032,4889524,354492
ENSG00000215933,71372186,71372264,78
ENSG00000165192,15298053,15333778,35725
ENSG00000225471,71364034,71381600,17566
ENSG00000119013,201936156,201950473,14317
ENSG00000130748,47549165,47551888,2723
ENSG00000220804,243030784,243102304,71520
ENSG00000160862,99564343,99573780,9437
ENSG00000267662,31839787,31908700,68913
ENSG00000168060,64812290,64826021,13731
ENSG00000267636,31912903,31918208,5305
ENSG00000248724,132440594,132593067,152473
ENSG00000182366,325931,333174,7243
ENSG00000267599,31956559,31957337,778
ENSG00000228294,19670480,19686002,15522
ENSG00000267407,32032945,32045703,12758
ENSG00000213846,27674467,27675211,744
ENSG00000248510,97231852,97740015,508163
ENSG00000271943,27679806,27680267,461
ENSG00000261400,32078946,32086626,7680
ENSG00000201640,97269889,97270189,300
ENSG00000232766,27744620,27745059,439
ENSG00000257227,19691780,19692374,594
ENSG00000236764,97823952,97824201,249
ENSG00000267465,32079102,32084687,5585
ENSG00000239577,71418562,71418898,336
ENSG00000256093,125540905,125541127,222
ENSG00000250355,132575913,132576068,155
ENSG00000223813,29553841,29603286,49445
ENSG00000272282,27754401,27755496,1095
ENSG00000264396,71443094,71443403,309
ENSG00000238926,71504795,71504895,100
ENSG00000249725,132733848,132755896,22048
ENSG00000256814,125634604,125635940,1336
ENSG00000253170,98041852,98056210,14358
ENSG00000101951,49593863,49598576,4713
ENSG00000222810,71596829,71597019,190
ENSG00000216708,34452427,34453196,769
ENSG00000167565,40946751,40950612,3861
ENSG00000257573,19719545,19720589,1044
ENSG00000241622,75707685,75708165,480
ENSG00000225548,27844253,27932792,88539
ENSG00000272293,400714,401343,629
ENSG00000271184,126384967,126386029,1062
ENSG00000251011,132964950,132976032,11082
ENSG00000254044,98255786,98554974,299188
ENSG00000236138,75718082,75719336,1254
ENSG00000225858,71880320,71880569,249
ENSG00000264667,34505983,34506085,102
ENSG00000130749,47567444,47617009,49565
ENSG00000270196,29591137,29591767,630
ENSG00000130595,1940792,1959936,19144
ENSG00000252780,32146262,32146367,105
ENSG00000249267,126443234,126467920,24686
ENSG00000115524,198254508,198299815,45307
ENSG00000242516,75721542,75728454,6912
ENSG00000255271,34554561,34579471,24910
ENSG00000152818,144606837,145174170,567333
ENSG00000272005,424455,427966,3511
ENSG00000257310,19740033,19742744,2711
ENSG00000201894,32278054,32278161,107
ENSG00000162367,47681962,47697892,15930
ENSG00000170915,52226219,52272575,46356
ENSG00000251620,98288077,98411315,123238
ENSG00000225264,29638411,29724871,86460
ENSG00000267315,33704435,33704697,262
ENSG00000267012,32377610,32399190,21580
ENSG00000258781,19742775,19758782,16007
ENSG00000229243,27872379,27875627,3248
ENSG00000231944,71908800,71932190,23390
ENSG00000262039,47448102,47554350,106248
ENSG00000167183,46029333,46035244,5911
ENSG00000271995,98407957,98408047,90
ENSG00000186522,110300559,110371783,71224
ENSG00000253052,30052836,30052940,104
ENSG00000225738,83988741,83992676,3935
ENSG00000271632,19787427,19787943,516
ENSG00000267711,33727897,33730025,2128
ENSG00000250293,98837504,98838552,1048
ENSG00000254207,675188,675877,689
ENSG00000257262,30353916,30370849,16933
ENSG00000267547,33730856,33731392,536
ENSG00000164975,15422702,15465951,43249
ENSG00000196143,19806437,19807415,978
ENSG00000163637,64079543,64431152,351609
ENSG00000242697,98946541,98947391,850
ENSG00000177311,141043055,141168634,125579
ENSG00000235493,28038701,28070095,31394
ENSG00000255427,34592423,34595529,3106
ENSG00000123411,56401443,56432219,30776
ENSG00000267745,33733703,33736787,3084
ENSG00000257756,30383712,30449640,65928
ENSG00000202482,71945976,71946190,214
ENSG00000223437,29665486,29665599,113
ENSG00000265592,75762167,75762465,298
ENSG00000173714,48912011,48919709,7698
ENSG00000271369,34731147,34731708,561
ENSG00000266396,75787431,75787514,83
ENSG00000171169,130823512,130830485,6973
ENSG00000258188,19812176,19859970,47794
ENSG00000270491,34764453,34764746,293
ENSG00000214904,98969706,98970194,488
ENSG00000234048,28469454,28469935,481
ENSG00000257749,19832617,19857070,24453
ENSG00000267648,33733967,33734837,870
ENSG00000207275,84100527,84100632,105
ENSG00000251862,34963384,34963467,83
ENSG00000251781,30459364,30459457,93
ENSG00000230480,28489216,28489564,348
ENSG00000237647,687651,1087777,400126
ENSG00000200774,84827718,84827827,109
ENSG00000200658,99094935,99095030,95
ENSG00000257932,30473767,30474550,783
ENSG00000234931,85071384,85074231,2847
ENSG00000002330,64037302,64052176,14874
ENSG00000090013,40953696,40971747,18051
ENSG00000214559,99172839,99182781,9942
ENSG00000255521,35154202,35159579,5377
ENSG00000267102,33736621,33737247,626
ENSG00000185294,43922256,43924438,2182
ENSG00000242013,49644470,49647166,2696
ENSG00000258202,30607852,30645235,37383
ENSG00000242318,99330441,99330914,473
ENSG00000265268,85196790,85196885,95
ENSG00000232569,29523504,29601074,77570
ENSG00000233945,85432162,85435195,3033
ENSG00000251523,99417515,99431086,13571
ENSG00000246331,30908008,30933673,25665
ENSG00000267312,33786500,33787569,1069
ENSG00000243976,100785408,100785707,299
ENSG00000223565,85495262,85496249,987
ENSG00000241837,35275757,35288284,12527
ENSG00000260641,99580055,99585701,5646
ENSG00000263519,100789165,100789270,105
ENSG00000212324,85524114,85524220,106
ENSG00000235884,30947977,30955645,7668
ENSG00000138018,26531415,26618759,87344
ENSG00000145626,35951112,36001130,50018
ENSG00000233258,85671410,85672678,1268
ENSG00000258666,100800127,100820398,20271
ENSG00000228214,28616282,28799831,183549
ENSG00000255443,35231890,35236532,4642
ENSG00000219626,24299396,24392509,93113
ENSG00000244306,19854098,19925348,71250
ENSG00000249764,99634955,99635122,167
ENSG00000258521,100806169,100806891,722
ENSG00000186092,69091,70008,917
ENSG00000105048,55644162,55660722,16560
ENSG00000088280,23755056,23811061,56005
ENSG00000213698,71947802,71948646,844
ENSG00000227118,99661893,99662382,489
ENSG00000164556,38724946,38726637,1691
ENSG00000273171,26691310,26695033,3723
ENSG00000258118,31014855,31015113,258
ENSG00000251194,35234097,35235554,1457
ENSG00000201271,71960530,71960693,163
ENSG00000237683,134901,139379,4478
ENSG00000141232,48939584,48945339,5755
ENSG00000249055,99830688,99830999,311
ENSG00000269911,71997432,71998921,1489
ENSG00000255004,35303360,35307556,4196
ENSG00000099204,116190872,116444762,253890
ENSG00000263923,99850048,99916145,66097
ENSG00000229583,72001689,72002484,795
ENSG00000165195,15337573,15353676,16103
ENSG00000258581,100832965,100833257,292
ENSG00000235249,367640,368634,994
ENSG00000238449,99851074,99851138,64
ENSG00000096093,52285106,52387892,102786
ENSG00000214886,99877133,99877918,785
ENSG00000159640,61554422,61599205,44783
ENSG00000104320,90945564,91015456,69892
ENSG00000206706,16407969,16408068,99
ENSG00000258620,100872936,100873950,1014
ENSG00000227827,16450081,16471364,21283
ENSG00000252548,99887966,99888024,58
ENSG00000185097,621059,622053,994
ENSG00000171365,49687225,49863892,176667
ENSG00000112096,160090089,160183561,93472
ENSG00000115598,102803433,102856462,53029
ENSG00000251437,99897951,99898268,317
ENSG00000258366,62289163,62328416,39253
ENSG00000254269,1054882,1212580,157698
ENSG00000146197,35182190,35220856,38666
ENSG00000167085,47481414,47492246,10832
ENSG00000265213,99918538,99918611,73
ENSG00000146701,75677369,75696826,19457
ENSG00000269831,738532,739137,605
ENSG00000252311,85815381,85815505,124
ENSG00000166912,31231144,31283810,52666
ENSG00000270184,85817988,85821223,3235
ENSG00000100056,19117792,19132197,14405
ENSG00000269308,818043,819983,1940
ENSG00000161999,731671,734529,2858
ENSG00000225396,72027259,72028044,785
ENSG00000270159,85826021,85826539,518
ENSG00000186675,75002823,75005079,2256
ENSG00000214860,18280976,18292961,11985
ENSG00000106261,99613204,99639312,26108
ENSG00000235294,181222863,181223667,804
ENSG00000198730,10772534,10801290,28756
ENSG00000095970,41126244,41130924,4680
ENSG00000205359,101707486,101834720,127234
ENSG00000227855,29689843,29782210,92367
ENSG00000239381,181251965,181253669,1704
ENSG00000270698,85848031,85848668,637
ENSG00000267094,32413790,32436304,22514
ENSG00000214259,85849479,85850142,663
ENSG00000102390,75392771,75398039,5268
ENSG00000221504,32417479,32417594,115
ENSG00000266317,181531189,181531488,299
ENSG00000268804,85968887,85969829,942
ENSG00000267684,32456548,32457875,1327
ENSG00000199839,181540660,181540778,118
ENSG00000130283,18979361,19006905,27544
ENSG00000004139,26691378,26728065,36687
ENSG00000206495,30283753,30304091,20338
ENSG00000254160,1196789,1198760,1971
ENSG00000239805,181565314,181565673,359
ENSG00000269667,86015356,86018329,2973
ENSG00000267489,32458005,32516697,58692
ENSG00000253640,1244292,1250829,6537
ENSG00000213155,181584139,181584942,803
ENSG00000261177,86115015,86123132,8117
ENSG00000226824,66119525,66134842,15317
ENSG00000260721,1316808,1317999,1191
ENSG00000268078,86191812,86192404,592
ENSG00000204119,72158003,72158798,795
ENSG00000267779,32516768,32547771,31003
ENSG00000198270,112369086,112450970,81884
ENSG00000268505,86226399,86232519,6120
ENSG00000187634,860260,879955,19695
ENSG00000272831,66204816,66205372,556
ENSG00000269186,86229787,86233326,3539
ENSG00000186409,42929001,43120335,191334
ENSG00000271064,66213825,66214064,239
ENSG00000242512,181670131,181728466,58335
ENSG00000238841,66255341,66255451,110
ENSG00000103495,29817427,29823649,6222
ENSG00000230583,66274980,66309813,34833
ENSG00000270058,86255029,86256335,1306
ENSG00000163661,157154578,157161417,6839
ENSG00000114346,172468472,172539264,70792
ENSG00000268754,86259186,86309351,50165
ENSG00000253267,1513675,1570583,56908
ENSG00000115307,74753772,74757066,3294
ENSG00000267204,32592994,32596822,3828
ENSG00000198934,75648046,75651744,3698
ENSG00000199949,86309036,86309129,93
ENSG00000268532,86320033,86326995,6962
ENSG00000088726,12775024,12810956,35932
ENSG00000148339,130830480,130871524,41044
ENSG00000267133,32594489,32597443,2954
ENSG00000254265,1678372,1679618,1246
ENSG00000258198,19854816,19855864,1048
ENSG00000226472,31149973,31158938,8965
ENSG00000196468,76709648,76712769,3121
ENSG00000232546,66313483,66323123,9640
ENSG00000174514,205538013,205572046,34033
ENSG00000257977,19882993,19883606,613
ENSG00000200738,32734871,32734989,118
ENSG00000256984,31165437,31168601,3164
ENSG00000112195,41158015,41168932,10917
ENSG00000212024,29720350,29720444,94
ENSG00000263960,32868188,32868273,85
ENSG00000238906,29952144,29952248,104
ENSG00000245614,31173697,31226781,53084
ENSG00000090263,140705854,140715028,9174
ENSG00000168367,86365450,86383289,17839
ENSG00000227014,30028216,30065276,37060
ENSG00000215394,19889386,19904890,15504
ENSG00000212533,31229801,31229950,149
ENSG00000270926,31258039,31259764,1725
ENSG00000131002,21729199,21768160,38961
ENSG00000151470,130014472,130037795,23323
ENSG00000006715,38762563,38971994,209431
ENSG00000257679,69676504,69699836,23332
ENSG00000167740,4046462,4090605,44143
ENSG00000139572,54756229,54758271,2042
ENSG00000177359,31264586,31359088,94502
ENSG00000257578,69242120,69242246,126
ENSG00000257931,19932012,19972292,40280
ENSG00000174899,157261035,157395538,134503
ENSG00000189167,32877837,32889481,11644
ENSG00000123473,47715811,47779819,64008
ENSG00000257067,115803492,115813713,10221
ENSG00000165197,15363713,15402498,38785
ENSG00000251429,159191530,159199828,8298
ENSG00000184009,79476997,79490873,13876
ENSG00000244259,115820914,115821519,605
ENSG00000243927,35445524,35515334,69810
ENSG00000239600,115821823,115822209,386
ENSG00000259142,62600867,62606691,5824
ENSG00000258287,69752901,69753179,278
ENSG00000269826,86380993,86383217,2224
ENSG00000165752,134020996,134145351,124355
ENSG00000270852,62617374,62618976,1602
ENSG00000238625,116191061,116191162,101
ENSG00000258638,62981590,62981841,251
ENSG00000236437,116367616,116371347,3731
ENSG00000230907,32044940,32046524,1584
ENSG00000186868,43971748,44105700,133952
ENSG00000199634,159316546,159316686,140
ENSG00000258877,63070831,63072435,1604
ENSG00000206203,19118321,19120134,1813
ENSG00000237937,116510139,116528969,18830
ENSG00000248387,159390738,159391854,1116
ENSG00000164985,15464064,15511017,46953
ENSG00000258995,63589725,63589919,194
ENSG00000173264,64037534,64056972,19438
ENSG00000252883,62511668,62511739,71
ENSG00000257880,62533780,62539424,5644
ENSG00000249901,159411918,159431060,19142
ENSG00000256349,66276550,66301084,24534
ENSG00000226645,116644105,116644921,816
ENSG00000259093,63589751,63594932,5181
ENSG00000258316,62628171,62629296,1125
ENSG00000271817,159621843,159622060,217
ENSG00000231611,116645826,116646592,766
ENSG00000200814,62727872,62727978,106
ENSG00000063515,19136089,19137796,1707
ENSG00000206703,159715742,159715848,106
ENSG00000265711,63699433,63699530,97
ENSG00000257568,62876129,62878712,2583
ENSG00000236267,116683920,116684719,799
ENSG00000221314,159921298,159921442,144
ENSG00000252257,181686247,181686469,222
ENSG00000160460,40972148,41082370,110222
ENSG00000105669,19010323,19030206,19883
ENSG00000258943,63764844,63766265,1421
ENSG00000142230,47616531,47713886,97355
ENSG00000248988,159928271,159928987,716
ENSG00000240478,181839672,181859925,20253
ENSG00000253982,1710156,1712668,2512
ENSG00000202034,62939362,62939459,97
ENSG00000235910,116706833,116726445,19612
ENSG00000242012,182082935,182086044,3109
ENSG00000231865,116756762,116761437,4675
ENSG00000249367,159947291,159947679,388
ENSG00000261059,136080664,136084628,3964
ENSG00000264344,116886146,116886245,99
ENSG00000226725,72218227,72222695,4468
ENSG00000200537,116886613,116886708,95
ENSG00000206978,159985449,159985550,101
ENSG00000242123,60397245,60397550,305
ENSG00000155975,17104080,17159936,55856
ENSG00000234268,116906513,116906767,254
ENSG00000266377,160044785,160044836,51
ENSG00000085224,76760356,77041702,281346
ENSG00000272962,35445870,35478561,32691
ENSG00000224077,116969703,116978886,9183
ENSG00000231963,72300006,72304474,4468
ENSG00000225236,116988510,116989897,1387
ENSG00000183668,43715943,43773682,57739
ENSG00000207826,1765397,1765473,76
ENSG00000198743,35445870,35478559,32689
ENSG00000254851,117006244,117009298,3054
ENSG00000230311,72442960,72443394,434
ENSG00000229544,126135592,126138753,3161
ENSG00000253696,1919563,1924644,5081
ENSG00000205174,108524032,108524644,612
ENSG00000161642,54762917,54785082,22165
ENSG00000229071,32064598,32070614,6016
ENSG00000215380,35395812,35396021,209
ENSG00000231519,30109274,30114731,5457
ENSG00000237014,72457483,72458545,1062
ENSG00000254678,117014607,117014907,300
ENSG00000230751,30180486,30181033,547
ENSG00000100075,19163095,19166343,3248
ENSG00000255542,35440604,35442549,1945
ENSG00000196628,52889562,53332018,442456
ENSG00000252992,117134515,117134668,153
ENSG00000139618,32889611,32973805,84194
ENSG00000262022,21915047,21959807,44760
ENSG00000239809,60459029,60459376,347
ENSG00000254669,35600978,35606858,5880
ENSG00000250699,117187078,117198754,11676
ENSG00000269185,108540389,108540655,266
ENSG00000271412,117206972,117207347,375
ENSG00000087842,15402921,15511687,108766
ENSG00000262618,21837956,21839341,1385
ENSG00000270403,117539198,117539573,375
ENSG00000253764,1920736,1922803,2067
ENSG00000254686,35678242,35682887,4645
ENSG00000263925,21889688,21889796,108
ENSG00000251981,60460465,60460527,62
ENSG00000254844,117689158,117693172,4014
ENSG00000265998,21945292,21945364,72
ENSG00000261355,35835882,35839557,3675
ENSG00000101290,5107432,5178533,71101
ENSG00000267554,33797088,33797647,559
ENSG00000225664,72494621,72495351,730
ENSG00000268842,53665681,53666816,1135
ENSG00000132570,134240596,134343649,103053
ENSG00000159197,35736323,35743688,7365
ENSG00000158711,205577071,205601090,24019
ENSG00000267349,33805013,33805463,450
ENSG00000167371,29823177,29827201,4024
ENSG00000186082,35881799,35883048,1249
ENSG00000269051,53700364,53714268,13904
ENSG00000254528,117704434,117709657,5223
ENSG00000270988,1922984,1923480,496
ENSG00000267046,33817028,33818257,1229
ENSG00000266590,35882204,35882294,90
ENSG00000253805,1981650,1983729,2079
ENSG00000127580,734622,740444,5822
ENSG00000254919,35936601,35940289,3688
ENSG00000267369,33825237,33826194,957
ENSG00000115129,24300303,24308731,8428
ENSG00000269001,53716241,53716649,408
ENSG00000111701,7801996,7818499,16503
ENSG00000207486,72617367,72617473,106
ENSG00000267809,53727226,53728132,906
ENSG00000267074,33826709,33837289,10580
ENSG00000163125,150335567,150449042,113475
ENSG00000233162,72694399,72694666,267
ENSG00000254672,35988560,35990226,1666
ENSG00000115602,102927962,102968497,40535
ENSG00000255987,33841785,33842205,420
ENSG00000184903,110303110,111202573,899463
ENSG00000270258,45551104,45551716,612
ENSG00000269288,53743928,53745166,1238
ENSG00000253444,2350992,2369693,18701
ENSG00000228462,45568594,45568989,395
ENSG00000267035,33867058,33867816,758
ENSG00000269758,53771123,53774185,3062
ENSG00000107902,126150403,126306457,156054
ENSG00000255256,35993978,36010557,16579
ENSG00000205670,35747779,35780164,32385
ENSG00000267359,33880224,33881786,1562
ENSG00000269904,72744111,72782921,38810
ENSG00000240303,132276982,132379567,102585
ENSG00000255274,117886487,117957508,71021
ENSG00000241228,36018776,36019225,449
ENSG00000133640,85430092,85657002,226910
ENSG00000189348,53784808,53788200,3392
ENSG00000267625,33888558,33889096,538
ENSG00000232554,45595614,45611549,15935
ENSG00000273336,135294742,135295274,532
ENSG00000242660,33893536,33893691,155
ENSG00000263389,36031648,36031754,106
ENSG00000224160,243062007,243062204,197
ENSG00000253855,2376124,2379308,3184
ENSG00000258500,100947289,100947611,322
ENSG00000272075,117937952,117938252,300
ENSG00000221770,100551034,100551116,82
ENSG00000244528,243064438,243064620,182
ENSG00000196559,36290834,36294909,4075
ENSG00000234652,3161849,3162867,1018
ENSG00000255163,118079647,118079926,279
ENSG00000253075,100953881,100954124,243
ENSG00000266547,135311055,135311140,85
ENSG00000271153,243160372,243160825,453
ENSG00000249694,2447076,2480453,33377
ENSG00000259031,101005276,101006746,1470
ENSG00000233685,135388626,135389535,909
ENSG00000249820,133128799,133129687,888
ENSG00000266610,100552275,100552521,246
ENSG00000213543,135450912,135451396,484
ENSG00000254566,36342708,36344990,2282
ENSG00000222883,76014131,76014220,89
ENSG00000254992,118193504,118193798,294
ENSG00000258576,101054112,101055663,1551
ENSG00000249993,133148113,133174620,26507
ENSG00000233435,135455590,135456398,808
ENSG00000212104,76467047,76467131,84
ENSG00000255186,36408071,36409800,1729
ENSG00000257489,100566974,100593561,26587
ENSG00000163638,64501333,64673676,172343
ENSG00000140262,57210821,57591479,380658
ENSG00000269944,118286692,118287236,544
ENSG00000267321,33895139,33901811,6672
ENSG00000003402,201980827,202041410,60583
ENSG00000237475,72755339,72756077,738
ENSG00000255060,36446997,36447672,675
ENSG00000263889,118301123,118301419,296
ENSG00000269118,53802304,53811897,9593
ENSG00000196273,101123587,101142406,18819
ENSG00000235690,45622766,45644362,21596
ENSG00000230146,72989083,72990258,1175
ENSG00000254498,36717867,36719417,1550
ENSG00000270641,73012040,73049066,37026
ENSG00000255435,118382626,118401809,19183
ENSG00000174677,53818390,53819296,906
ENSG00000251838,37723675,37723770,95
ENSG00000216777,3417693,3417851,158
ENSG00000241069,53889486,53889641,155
ENSG00000146457,160146617,160177351,30734
ENSG00000254319,2523591,2585991,62400
ENSG00000241098,182164758,182204152,39394
ENSG00000242834,37747216,37748006,790
ENSG00000232927,3550846,3551909,1063
ENSG00000254516,37960151,37976213,16062
ENSG00000243349,45642842,45666837,23995
ENSG00000244199,182178205,182178860,655
ENSG00000079689,25652464,25702011,49547
ENSG00000239912,53916443,53916598,155
ENSG00000207297,33900676,33900772,96
ENSG00000258717,101142267,101146221,3954
ENSG00000164418,101846664,102517958,671294
ENSG00000158715,205626979,205649587,22608
ENSG00000134489,22040593,22059921,19328
ENSG00000267592,33923923,33924147,224
ENSG00000172179,22287480,22297730,10250
ENSG00000273087,101203922,101204561,639
ENSG00000243431,118431405,118432295,890
ENSG00000254784,38232939,38234349,1410
ENSG00000267003,34006411,34011922,5511
ENSG00000249435,53929272,53929752,480
ENSG00000244247,182216052,182224912,8860
ENSG00000207185,118464703,118464808,105
ENSG00000255176,118507338,118508815,1477
ENSG00000239520,34046907,34047461,554
ENSG00000255477,38520545,38521736,1191
ENSG00000241015,53935237,53947923,12686
ENSG00000255175,38639814,38667906,28092
ENSG00000228766,182328462,182329202,740
ENSG00000255239,118558748,118561309,2561
ENSG00000229807,73040486,73072588,32102
ENSG00000222018,35772615,35773370,755
ENSG00000238837,182362002,182373668,11666
ENSG00000185928,29827285,29841948,14663
ENSG00000181381,169277886,169458937,181051
ENSG00000243627,35791013,35796264,5251
ENSG00000254562,38668026,38695791,27765
ENSG00000243378,182409716,182410073,357
ENSG00000127585,742500,755829,13329
ENSG00000207462,118573051,118573156,105
ENSG00000260377,182457457,182458636,1179
ENSG00000188056,41196062,41206620,10558
ENSG00000255422,118575316,118620973,45657
ENSG00000174483,66278077,66301098,23021
ENSG00000240063,182501024,182511182,10158
ENSG00000254478,118692604,118692793,189
ENSG00000266911,34084218,34085344,1126
ENSG00000270554,182561309,182562407,1098
ENSG00000267578,34135493,34135901,408
ENSG00000160336,53935227,53961515,26288
ENSG00000179564,50316458,50325545,9087
ENSG00000254621,118704555,118705265,710
ENSG00000263136,29827832,29831438,3606
ENSG00000240975,39183003,39183517,514
ENSG00000267213,32880956,32896466,15510
ENSG00000273261,182639028,182639726,698
ENSG00000179477,7975954,7991021,15067
ENSG00000267025,34143721,34157297,13576
ENSG00000201535,118706719,118706819,100
ENSG00000115705,1377995,1547483,169488
ENSG00000244346,182668571,182674095,5524
ENSG00000267347,34145403,34150717,5314
ENSG00000263780,32991762,32991847,85
ENSG00000245869,118756550,118758451,1901
ENSG00000267326,34188097,34188570,473
ENSG00000201591,39282657,39282763,106
ENSG00000243368,182734043,182735596,1553
ENSG00000201388,33099243,33099375,132
ENSG00000264020,39752359,39752453,94
ENSG00000138078,44543420,44589001,45581
ENSG00000180509,35818988,35884573,65585
ENSG00000242325,33126984,33127381,397
ENSG00000237805,34195971,34212867,16896
ENSG00000221804,39883056,39883144,88
ENSG00000264211,118781417,118781496,79
ENSG00000126233,143822362,143823829,1467
ENSG00000270588,39895332,39895938,606
ENSG00000239726,118801920,118802184,264
ENSG00000164244,126853301,126890781,37480
ENSG00000261084,35146491,35146887,396
ENSG00000264523,118821578,118824153,2575
ENSG00000255347,40105260,40106067,807
ENSG00000268473,86468436,86469490,1054
ENSG00000223255,34216562,34216808,246
ENSG00000222529,118841208,118841305,97
ENSG00000242436,33145920,33146214,294
ENSG00000206806,40373114,40373222,108
ENSG00000242712,118865044,118865343,299
ENSG00000266999,34220711,34238027,17316
ENSG00000267557,33157204,33164116,6912
ENSG00000254579,40466854,40468691,1837
ENSG00000255121,118865534,118868714,3180
ENSG00000135631,73300510,73383849,83339
ENSG00000267475,33177995,33182656,4661
ENSG00000251660,30197147,30199150,2003
ENSG00000197756,217362912,217443903,80991
ENSG00000267567,33209204,33210501,1297
ENSG00000225907,30207420,30207620,200
ENSG00000266972,34239639,34245014,5375
ENSG00000113360,31400604,31532303,131699
ENSG00000266526,40635652,40635765,113
ENSG00000267245,33315048,33315411,363
ENSG00000250731,53982604,53983345,741
ENSG00000227017,30216003,30218630,2627
ENSG00000221357,40781072,40781155,83
ENSG00000239527,60474758,60475503,745
ENSG00000240970,118873722,118874156,434
ENSG00000268388,86508135,86542705,34570
ENSG00000252922,41144457,41144562,105
ENSG00000261239,46503253,46603009,99756
ENSG00000267555,33322201,33324074,1873
ENSG00000248369,133356957,133368390,11433
ENSG00000207771,30329410,30329506,96
ENSG00000197353,143831568,143833952,2384
ENSG00000255132,41416145,41448054,31909
ENSG00000201967,33353706,33353998,292
ENSG00000241434,53999141,53999291,150
ENSG00000254428,118874452,118875603,1151
ENSG00000158290,119658464,119709649,51185
ENSG00000266930,33366831,33369327,2496
ENSG00000254909,118876437,118876644,207
ENSG00000235859,30410987,30412357,1370
ENSG00000172289,59480296,59481337,1041
ENSG00000266398,118889654,118889722,68
ENSG00000069275,205681947,205719404,37457
ENSG00000185340,29702572,29708774,6202
ENSG00000239988,33454405,33454771,366
ENSG00000138650,134070470,134129356,58886
ENSG00000267460,34282481,34282601,120
ENSG00000213777,54006646,54015941,9295
ENSG00000225653,3646038,3647587,1549
ENSG00000267657,34290506,34292480,1974
ENSG00000239246,60593682,60594128,446
ENSG00000102010,15482369,15574652,92283
ENSG00000218410,3719265,3720910,1645
ENSG00000229518,3734347,3734763,416
ENSG00000139597,32974861,33002315,27454
ENSG00000269641,54107656,54111705,4049
ENSG00000267566,34328458,34338658,10200
ENSG00000267611,33542421,33542607,186
ENSG00000270020,86553989,86557503,3514
ENSG00000267725,33558081,33558339,258
ENSG00000198795,22641890,22932154,290264
ENSG00000267431,34339544,34339931,387
ENSG00000214548,101245747,101327368,81621
ENSG00000206790,100651466,100651568,102
ENSG00000269608,54120056,54120508,452
ENSG00000171960,43124096,43142429,18333
ENSG00000264355,33667978,33668061,83
ENSG00000238748,100795923,100796028,105
ENSG00000243697,86559063,86559858,795
ENSG00000242668,54132967,54133246,279
ENSG00000267054,33668962,33669557,595
ENSG00000229308,3904538,3968361,63823
ENSG00000013364,29831715,29859355,27640
ENSG00000256276,126468248,126470780,2532
ENSG00000147081,49955406,49965664,10258
ENSG00000264546,60627087,60629482,2395
ENSG00000200393,54156939,54157045,106
ENSG00000178202,108342832,108369159,26327
ENSG00000271177,100918964,100919198,234
ENSG00000260944,86598751,86601367,2616
ENSG00000272638,30464288,30465028,740
ENSG00000273420,33698035,33698545,510
ENSG00000270347,54160654,54161716,1062
ENSG00000103260,765115,769655,4540
ENSG00000207382,60738982,60739086,104
ENSG00000256342,126580538,126588481,7943
ENSG00000252900,4043026,4043131,105
ENSG00000199697,60761266,60761371,105
ENSG00000148334,130882972,130890741,7769
ENSG00000260387,86669934,86670751,817
ENSG00000267714,33708723,33712076,3353
ENSG00000111596,70636774,70748773,111999
ENSG00000173114,110731062,110765510,34448
ENSG00000257803,100972522,100973975,1453
ENSG00000261161,86679907,86702529,22622
ENSG00000207645,54169927,54170024,97
ENSG00000265702,60776605,60815283,38678
ENSG00000253853,2584858,2680004,95146
ENSG00000225878,4669726,4670889,1163
ENSG00000270212,33774884,33776645,1761
ENSG00000207644,54172411,54172508,97
ENSG00000256763,126652781,126656212,3431
ENSG00000260026,86754294,86755560,1266
ENSG00000267580,33790840,33792074,1234
ENSG00000253162,3230875,3232748,1873
ENSG00000221017,54175222,54175294,72
ENSG00000180155,143845752,143859640,13888
ENSG00000239036,101049500,101049582,82
ENSG00000261175,86755697,86771432,15735
ENSG00000222546,3558014,3558150,136
ENSG00000207869,54177451,54177574,123
ENSG00000230259,33790853,33793430,2577
ENSG00000252468,4887117,4887307,190
ENSG00000255778,126675924,126709860,33936
ENSG00000003436,188328957,188430487,101530
ENSG00000264588,4250344,4250612,268
ENSG00000207599,54178965,54179051,86
ENSG00000202502,182976088,182976204,116
ENSG00000257325,101246109,101253040,6931
ENSG00000265000,60885861,60913732,27871
ENSG00000207616,54182257,54182339,82
ENSG00000267727,33792185,33792846,661
ENSG00000257061,126842580,126843442,862
ENSG00000231341,5075256,5076110,854
ENSG00000254244,4644854,4646106,1252
ENSG00000260795,86939781,86940078,297
ENSG00000264907,60918462,60919006,544
ENSG00000207810,54183194,54183277,83
ENSG00000166900,59480929,59573354,92425
ENSG00000162368,47799469,47844511,45042
ENSG00000240024,183165396,183173801,8405
ENSG00000232190,87091390,87097597,6207
ENSG00000267296,33793763,33795960,2197
ENSG00000214706,50325163,50330349,5186
ENSG00000263931,61012763,61044171,31408
ENSG00000150093,33189247,33294720,105473
ENSG00000196295,30555925,30634425,78500
ENSG00000207555,54185413,54185499,86
ENSG00000255595,126843848,126845611,1763
ENSG00000207552,61021576,61021673,97
ENSG00000267881,42212531,42265190,52659
ENSG00000236848,102792454,102792772,318
ENSG00000261363,87100311,87103354,3043
ENSG00000207615,54188263,54188345,82
ENSG00000178863,33793976,33795656,1680
ENSG00000265262,61028192,61028549,357
ENSG00000207788,54189723,54189809,86
ENSG00000111450,131274145,131323811,49666
ENSG00000171916,18380051,18398259,18208
ENSG00000256494,126885338,126890074,4736
ENSG00000261095,87245728,87260036,14308
ENSG00000266411,61044178,61045910,1732
ENSG00000221421,54191735,54191821,86
ENSG00000267130,33795942,33800293,4351
ENSG00000173267,88718375,88723017,4642
ENSG00000110321,10818597,10830657,12060
ENSG00000207594,54194135,54194219,84
ENSG00000270324,61055855,61056202,347
ENSG00000261651,87249521,87250058,537
ENSG00000256927,126910536,126918554,8018
ENSG00000243864,33831592,33832890,1298
ENSG00000207580,54197647,54197729,82
ENSG00000272164,61082033,61082513,480
ENSG00000086548,42254885,42276113,21228
ENSG00000272383,61165523,61166558,1035
ENSG00000207825,54198467,54198547,80
ENSG00000141337,66255323,66418872,163549
ENSG00000261697,87296365,87326044,29679
ENSG00000264513,61194380,61208308,13928
ENSG00000254535,135117488,135122903,5415
ENSG00000137700,118894824,118901616,6792
ENSG00000207711,54200787,54200871,84
ENSG00000266651,16343793,16344266,473
ENSG00000264529,61259527,61260178,651
ENSG00000208016,54201639,54201725,86
ENSG00000266803,16461299,16462583,1284
ENSG00000207706,54203269,54203355,86
ENSG00000266899,33851406,33852354,948
ENSG00000233635,61271291,61416414,145123
ENSG00000235554,16520162,16521195,1033
ENSG00000266985,34046474,34048376,1902
ENSG00000207722,54204481,54204541,60
ENSG00000214043,126927027,126957336,30309
ENSG00000159200,35885440,35987441,102001
ENSG00000207862,54205991,54206073,82
ENSG00000169826,43633934,43680756,46822
ENSG00000120437,160181360,160200144,18784
ENSG00000264765,16557218,16558101,883
ENSG00000207629,54209506,54209590,84
ENSG00000232429,34080112,34080594,482
ENSG00000108465,46045176,46059140,13964
ENSG00000170629,102815580,102920857,105277
ENSG00000207738,54210707,54210793,86
ENSG00000264359,16569421,16570432,1011
ENSG00000214999,7982800,7984883,2083
ENSG00000258539,126305649,126480296,174647
ENSG00000207553,54211989,54212089,100
ENSG00000231458,16586752,16587541,789
ENSG00000207977,54214256,54214342,86
ENSG00000252446,16595112,16595221,109
ENSG00000207734,54215522,54215608,86
ENSG00000103254,770581,772601,2020
ENSG00000265680,16613373,16613673,300
ENSG00000241394,32894331,32898843,4512
ENSG00000240626,34418268,34418530,262
ENSG00000065029,35226686,35263762,37076
ENSG00000207981,54216601,54216688,87
ENSG00000239253,34512564,34512800,236
ENSG00000207549,54219848,54219934,86
ENSG00000251843,54222318,54222419,101
ENSG00000238470,29052733,29052827,94
ENSG00000207735,54223350,54223436,86
ENSG00000268313,205682497,205684153,1656
ENSG00000215004,29128887,29130090,1203
ENSG00000263501,61382623,61390882,8259
ENSG00000207837,54224330,54224396,66
ENSG00000258007,101432198,101432872,674
ENSG00000235904,29305685,29332217,26532
ENSG00000234798,31929439,31931921,2482
ENSG00000207799,54225420,54225509,89
ENSG00000271919,61409345,61409900,555
ENSG00000199448,46590001,46590103,102
ENSG00000106012,2598632,2654368,55736
ENSG00000216169,29410828,29410912,84
ENSG00000204936,43857811,43867480,9669
ENSG00000207925,54228696,54228780,84
ENSG00000164989,15552895,16061661,508766
ENSG00000235001,5205786,5207005,1219
ENSG00000261356,46605449,46606048,599
ENSG00000226216,29432339,29432709,370
ENSG00000249987,34513561,34514332,771
ENSG00000211532,54230176,54230240,64
ENSG00000100276,29708922,29715668,6746
ENSG00000226797,61458592,61491673,33081
ENSG00000207987,54233092,54233179,87
ENSG00000073598,33448598,33457751,9153
ENSG00000203506,29657466,29684300,26834
ENSG00000207803,54234260,54234344,84
ENSG00000260251,46607675,46609006,1331
ENSG00000252734,54236235,54236337,102
ENSG00000189184,138440072,138453648,13576
ENSG00000258033,101460512,101463010,2498
ENSG00000227795,29839143,29839316,173
ENSG00000101292,5282317,5297378,15061
ENSG00000207747,54238131,54238217,86
ENSG00000207414,101593049,101593155,106
ENSG00000235593,29968302,29975647,7345
ENSG00000207946,54240099,54240188,89
ENSG00000255388,41540445,41735998,195553
ENSG00000241744,101621919,101622654,735
ENSG00000026036,62290653,62330037,39384
ENSG00000131732,80597409,80609116,11707
ENSG00000207699,54242587,54242673,86
ENSG00000203652,30030355,30031951,1596
ENSG00000214207,5441186,5442472,1286
ENSG00000207838,54244567,54244661,94
ENSG00000119801,30369807,30383399,13592
ENSG00000238800,101752526,101752627,101
ENSG00000264178,30179739,30179806,67
ENSG00000189319,126307861,126432838,124977
ENSG00000207861,54245766,54245853,87
ENSG00000242729,41559984,41560536,552
ENSG00000257543,101802150,101802838,688
ENSG00000266546,30180451,30180524,73
ENSG00000258474,32414059,32419588,5529
ENSG00000252025,54248258,54248359,101
ENSG00000199927,30345813,30346027,214
ENSG00000255563,41681580,41681771,191
ENSG00000227260,30566237,30568677,2440
ENSG00000207634,54251890,54251976,86
ENSG00000261181,16488769,16492451,3682
ENSG00000117280,205737114,205744588,7474
ENSG00000252059,5441969,5442060,91
ENSG00000261362,16635074,16635704,630
ENSG00000252191,54253105,54253205,100
ENSG00000179148,7999218,8022365,23147
ENSG00000235175,5661341,5661778,437
ENSG00000227549,30566482,30567705,1223
ENSG00000258386,32476108,32487891,11783
ENSG00000255171,41736118,41857992,121874
ENSG00000207806,54254465,54254551,86
ENSG00000179600,63779549,63785593,6044
ENSG00000264752,16731112,16731387,275
ENSG00000207992,54255651,54255735,84
ENSG00000224618,30667915,30668289,374
ENSG00000260126,16752084,16757992,5908
ENSG00000222890,101805135,101805237,102
ENSG00000170956,42300369,42315591,15222
ENSG00000239413,101818219,101818469,250
ENSG00000207979,54257272,54257356,84
ENSG00000261748,17046359,17047325,966
ENSG00000251879,5742287,5742379,92
ENSG00000237195,6026843,6027306,463
ENSG00000254668,41819093,41819514,421
ENSG00000111707,118814185,118855840,41655
ENSG00000206929,101840603,101840710,107
ENSG00000261468,30739153,30741068,1915
ENSG00000163596,203640690,203736708,96018
ENSG00000260675,17188208,17188784,576
ENSG00000255279,41877470,41897547,20077
ENSG00000112273,22569678,22571892,2214
ENSG00000265376,31203196,31203279,83
ENSG00000236442,45646893,45647363,470
ENSG00000213854,31223243,31224142,899
ENSG00000255284,777578,784297,6719
ENSG00000230501,45652223,45672373,20150
ENSG00000125772,5525085,5591672,66587
ENSG00000254822,41898184,41898628,444
ENSG00000263644,61468552,61508450,39898
ENSG00000168671,36035119,36071460,36341
ENSG00000003987,17155539,17271037,115498
ENSG00000255300,42014935,42185401,170466
ENSG00000271749,61470716,61470947,231
ENSG00000237632,102902447,102902758,311
ENSG00000182450,64058774,64067503,8729
ENSG00000261115,140774032,141180180,406148
ENSG00000263476,45659462,45659536,74
ENSG00000235354,102989048,102989218,170
ENSG00000146670,64833772,64851636,17864
ENSG00000227683,45659676,45676875,17199
ENSG00000251275,6109809,6111670,1861
ENSG00000268193,19017822,19045206,27384
ENSG00000270766,31397374,31397619,245
ENSG00000202249,101860483,101860598,115
ENSG00000249948,22694537,22821198,126661
ENSG00000243517,31404926,31405531,605
ENSG00000251852,103073908,103074008,100
ENSG00000255109,42204842,42275262,70420
ENSG00000207071,45684238,45684344,106
ENSG00000252366,101866117,101866234,117
ENSG00000232850,130890612,130891481,869
ENSG00000115109,120770581,120936695,166114
ENSG00000252047,103075441,103075539,98
ENSG00000270395,31407295,31407379,84
ENSG00000234993,45727474,45742809,15335
ENSG00000237069,6110487,6111651,1164
ENSG00000168779,157814948,157824292,9344
ENSG00000260405,17190059,17190278,219
ENSG00000238661,31456651,31456750,99
ENSG00000234715,103085654,103154454,68800
ENSG00000224402,45753633,45754571,938
ENSG00000268358,111755280,111756310,1030
ENSG00000256176,31464551,31464963,412
ENSG00000261448,17228361,17232593,4232
ENSG00000257514,102040498,102053748,13250
ENSG00000231964,45940018,45948569,8551
ENSG00000256232,31516415,31522235,5820
ENSG00000101040,45837859,45985567,147708
ENSG00000222040,96778707,96781984,3277
ENSG00000260945,17634188,17634842,654
ENSG00000130234,15579156,15620271,41115
ENSG00000186790,47881744,47883723,1979
ENSG00000250204,6111336,6113324,1988
ENSG00000260748,144778324,144780583,2259
ENSG00000254914,42961325,42961548,223
ENSG00000261555,17919109,17920763,1654
ENSG00000188716,76797594,76818272,20678
ENSG00000230869,46174140,46195980,21840
ENSG00000264995,63929724,63930021,297
ENSG00000244754,33006554,33112970,106416
ENSG00000252463,63944492,63944557,65
ENSG00000188517,109731877,110223813,491936
ENSG00000271028,43085187,43087482,2295
ENSG00000260301,144791177,144795754,4577
ENSG00000228071,18026577,18027132,555
ENSG00000252800,63945990,63946131,141
ENSG00000148671,88727949,88743691,15742
ENSG00000261242,64010287,64011382,1095
ENSG00000196510,110810705,110841535,30830
ENSG00000186564,47901689,47906363,4674
ENSG00000260056,144800416,144801061,645
ENSG00000264143,144815253,144815323,70
ENSG00000207477,31519222,31519300,78
ENSG00000205767,64034671,64035027,356
ENSG00000200388,31549324,31549435,111
ENSG00000237840,46201879,46222679,20800
ENSG00000260333,144816310,144828507,12197
ENSG00000184524,787104,790123,3019
ENSG00000239033,31603104,31603207,103
ENSG00000203437,31617996,31618776,780
ENSG00000168955,228226872,228246711,19839
ENSG00000253262,4930167,4930391,224
ENSG00000259908,144840323,144853992,13669
ENSG00000206661,4985801,4985934,133
ENSG00000110723,108376158,108464465,88307
ENSG00000242079,4999933,5000229,296
ENSG00000100852,32545320,32628934,83614
ENSG00000269113,48226200,48462567,236367
ENSG00000162004,772582,776954,4372
ENSG00000271248,5312740,5313187,447
ENSG00000261164,144871090,144872629,1539
ENSG00000182707,73094903,73095470,567
ENSG00000242726,30302412,30304165,1753
ENSG00000261512,46656773,46658363,1590
ENSG00000240486,5334070,5334488,418
ENSG00000199933,102113586,102113696,110
ENSG00000253510,5363590,5366648,3058
ENSG00000107643,49514698,49647403,132705
ENSG00000148346,130911350,130915734,4384
ENSG00000234830,6124308,6131994,7686
ENSG00000259929,18027046,18245452,218406
ENSG00000201229,183169645,183169776,131
ENSG00000105671,19030484,19039436,8952
ENSG00000185128,36283971,36294915,10944
ENSG00000257707,28706709,28709409,2700
ENSG00000259856,46660316,46660904,588
ENSG00000253092,183170355,183170552,197
ENSG00000199363,183171602,183171732,130
ENSG00000258264,28730493,28730600,107
ENSG00000166902,59573608,59578345,4737
ENSG00000222255,102159184,102159287,103
ENSG00000260909,46683038,46683761,723
ENSG00000251730,183171916,183172050,134
ENSG00000260242,18096663,18266920,170257
ENSG00000225470,73164159,73290243,126084
ENSG00000273395,48226979,48227290,311
ENSG00000271682,183180639,183180989,350
ENSG00000260933,18264213,18264816,603
ENSG00000115457,217497551,217529159,31608
ENSG00000242522,183266523,183270114,3591
ENSG00000269709,48569306,48569878,572
ENSG00000261131,46694608,46695503,895
ENSG00000243584,183331408,183334530,3122
ENSG00000226478,16648945,16650075,1130
ENSG00000065978,43148098,43168020,19922
ENSG00000255318,67385750,67394775,9025
ENSG00000261788,46737281,46737937,656
ENSG00000144785,56679700,56709843,30143
ENSG00000159212,36041688,36090525,48837
ENSG00000216166,183520263,183520341,78
ENSG00000235178,28962576,28973107,10531
ENSG00000213626,30454397,30546596,92199
ENSG00000227834,67419047,67420875,1828
ENSG00000233885,183524245,183528571,4326
ENSG00000205746,18428257,18488396,60139
ENSG00000243509,62328021,62330037,2016
ENSG00000152954,24126350,24155128,28778
ENSG00000260782,46823810,46825952,2142
ENSG00000239559,67450243,67450529,286
ENSG00000006530,141250989,141355044,104055
ENSG00000243705,87301791,87301943,152
ENSG00000164508,25726291,25726790,499
ENSG00000207767,54259995,54260084,89
ENSG00000184795,67479173,67483476,4303
ENSG00000239186,87348326,87348429,103
ENSG00000260889,46876544,46878530,1986
ENSG00000188933,16689803,16707769,17966
ENSG00000270006,87351115,87351643,528
ENSG00000265569,54261123,54261223,100
ENSG00000141380,23596578,23671181,74603
ENSG00000256125,126943008,126943338,330
ENSG00000221548,54261486,54261572,86
ENSG00000270082,87360593,87361190,597
ENSG00000186008,34583445,34584215,770
ENSG00000254007,5517201,5527599,10398
ENSG00000255853,126995456,126996257,801
ENSG00000252063,54263341,54263442,101
ENSG00000261725,46884911,46885166,255
ENSG00000269901,87396142,87401082,4940
ENSG00000207620,54264387,54264476,89
ENSG00000235855,67489954,67490926,972
ENSG00000261592,87430310,87433901,3591
ENSG00000261173,47007900,47012894,4994
ENSG00000253571,5706219,5707214,995
ENSG00000146047,25727137,25727573,436
ENSG00000269842,54265215,54267453,2238
ENSG00000132341,131356424,131362223,5799
ENSG00000266451,67501992,67502079,87
ENSG00000259821,47038424,47069296,30872
ENSG00000254447,67503079,67504030,951
ENSG00000260750,87526161,87549241,23080
ENSG00000079393,76854192,76868979,14787
ENSG00000222589,5768467,5768758,291
ENSG00000259983,47047868,47048276,408
ENSG00000271321,143452182,143454789,2607
ENSG00000270849,34617878,34618328,450
ENSG00000252979,54269788,54269886,98
ENSG00000254883,67511793,67512116,323
ENSG00000253189,5893955,5894496,541
ENSG00000256310,127008794,127009172,378
ENSG00000237589,54271225,54271807,582
ENSG00000238834,47154830,47154932,102
ENSG00000255147,67516514,67524439,7925
ENSG00000090661,8271620,8327305,55685
ENSG00000269935,87634132,87635796,1664
ENSG00000253880,5901875,6115058,213183
ENSG00000260281,47178234,47196658,18424
ENSG00000257074,34787181,34787645,464
ENSG00000260671,87773369,87781312,7943
ENSG00000184344,7842378,7848372,5994
ENSG00000109819,23756664,23905712,149048
ENSG00000229000,54275760,54276534,774
ENSG00000246089,6261072,6264663,3591
ENSG00000227620,67552744,67559806,7062
ENSG00000267219,34839261,34850317,11056
ENSG00000260498,87807094,87812980,5886
ENSG00000264317,34912921,34913216,295
ENSG00000238150,54278853,54279136,283
ENSG00000263270,34659228,34671054,11826
ENSG00000267024,34917017,34919178,2161
ENSG00000100280,29723669,29819168,95499
ENSG00000260177,87813740,87840082,26342
ENSG00000239210,35024332,35024989,657
ENSG00000253550,6331366,6331809,443
ENSG00000173744,228336868,228425930,89062
ENSG00000260466,87870138,87871269,1131
ENSG00000228702,46221142,46221486,344
ENSG00000271743,6473125,6474719,1594
ENSG00000258363,19959517,19961162,1645
ENSG00000160172,67559119,67572807,13688
ENSG00000260603,87926544,87927291,747
ENSG00000270434,46308096,46308392,296
ENSG00000268179,861264,866445,5181
ENSG00000269877,54290851,54291423,572
ENSG00000249898,6475996,6565730,89734
ENSG00000257868,20004410,20004527,117
ENSG00000187569,7864050,7870155,6105
ENSG00000146039,25754927,25781419,26492
ENSG00000270385,87926561,87927341,780
ENSG00000134812,59596741,59612974,16233
ENSG00000199031,54290929,54290995,66
ENSG00000248830,35033367,35036300,2933
ENSG00000260443,87978664,87978808,144
ENSG00000239883,46349541,46411619,62078
ENSG00000258276,20006913,20010958,4045
ENSG00000258230,102166892,102167533,641
ENSG00000199095,54291144,54291210,66
ENSG00000183103,42341148,42348760,7612
ENSG00000198420,143548468,143599291,50823
ENSG00000261193,88112767,88120989,8222
ENSG00000199143,54291959,54292027,68
ENSG00000212516,20008753,20008859,106
ENSG00000260166,88120993,88121538,545
ENSG00000269564,54292036,54292422,386
ENSG00000201168,102173592,102173707,115
ENSG00000257162,20071068,20074896,3828
ENSG00000043093,182655862,182703741,47879
ENSG00000101246,62329996,62339377,9381
ENSG00000238235,6134634,6137316,2682
ENSG00000221584,35051691,35051801,110
ENSG00000228323,54357835,54372361,14526
ENSG00000205037,88121647,88134591,12944
ENSG00000228906,73168808,73169393,585
ENSG00000268751,35067638,35068606,968
ENSG00000224298,34400226,34417480,17254
ENSG00000117834,48688357,48714316,25959
ENSG00000232324,54368017,54369394,1377
ENSG00000134982,112043195,112181936,138741
ENSG00000133065,205758221,205782876,24655
ENSG00000120438,160199530,160210781,11251
ENSG00000260162,88210895,88212252,1357
ENSG00000206256,32069682,32082453,12771
ENSG00000232220,54377880,54379303,1423
ENSG00000238940,102183593,102183693,100
ENSG00000222932,102190188,102190280,92
ENSG00000271049,35125749,35126622,873
ENSG00000105327,47724081,47736023,11942
ENSG00000223046,102230598,102230705,107
ENSG00000071967,172378757,172414643,35886
ENSG00000261327,88210904,88219696,8792
ENSG00000252230,35128601,35128686,85
ENSG00000252863,102265520,102265579,59
ENSG00000188976,879584,894689,15105
ENSG00000268683,35129027,35131594,2567
ENSG00000234583,6171998,6173115,1117
ENSG00000254792,67608413,67608520,107
ENSG00000156453,141232938,141258811,25873
ENSG00000151012,139085251,139163503,78252
ENSG00000261816,88225092,88227273,2181
ENSG00000258153,102267094,102267401,307
ENSG00000251637,67653948,67673821,19873
ENSG00000260420,88227920,88228823,903
ENSG00000219435,64067863,64072242,4379
ENSG00000239840,47184043,47184477,434
ENSG00000188100,88780063,88784487,4424
ENSG00000243317,135347244,135378166,30922
ENSG00000206587,67663102,67663208,106
ENSG00000261273,88268391,88336117,67726
ENSG00000243672,67693122,67693902,780
ENSG00000260744,47230222,47236340,6118
ENSG00000177679,75831216,75916605,85389
ENSG00000221553,67700685,67700833,148
ENSG00000178105,108535752,108811657,275905
ENSG00000147082,49967364,50094909,127545
ENSG00000260012,47296652,47297411,759
ENSG00000254610,67702034,67707245,5211
ENSG00000104325,91013633,91064320,50687
ENSG00000166886,57482677,57489259,6582
ENSG00000254850,67703029,67703397,368
ENSG00000261369,47333358,47351725,18367
ENSG00000162300,64851695,64855870,4175
ENSG00000159216,36160098,37376965,1216867
ENSG00000257202,102317188,102318497,1309
ENSG00000255230,67733344,67733698,354
ENSG00000073536,33455772,33469334,13562
ENSG00000255554,67741757,67742714,957
ENSG00000235094,6174083,6175961,1878
ENSG00000269811,35136567,35136975,408
ENSG00000256383,35166998,35168486,1488
ENSG00000162415,45482071,45771881,289810
ENSG00000070371,19166986,19279239,112253
ENSG00000241917,102329994,102330452,458
ENSG00000221115,35213329,35213429,100
ENSG00000270281,35270316,35270925,609
ENSG00000242879,6175751,6177628,1877
ENSG00000258027,20078033,20146082,68049
ENSG00000258308,102348776,102356168,7392
ENSG00000267767,35279486,35323773,44287
ENSG00000167656,143866296,143868008,1712
ENSG00000205549,16203933,16276311,72378
ENSG00000223744,6196093,6211364,15271
ENSG00000142025,42348806,42356401,7595
ENSG00000134827,59620273,59634048,13775
ENSG00000266129,16690549,16691455,906
ENSG00000083642,33160564,33352157,191593
ENSG00000272815,16691371,16719854,28483
ENSG00000226898,29523504,29527818,4314
ENSG00000200789,85763088,85763235,147
ENSG00000105321,47759237,47775210,15973
ENSG00000212769,85841185,85841751,566
ENSG00000103769,66018392,66184329,165937
ENSG00000124571,43490072,43543812,53740
ENSG00000104499,143915663,143997922,82259
ENSG00000264673,16691562,16692548,986
ENSG00000177542,790475,798316,7841
ENSG00000266486,16692215,16692721,506
ENSG00000256732,127094580,127174864,80284
ENSG00000185722,4067201,4167274,100073
ENSG00000173153,64073044,64084215,11171
ENSG00000230468,135470739,135474139,3400
ENSG00000164707,135365985,135414006,48021
ENSG00000270878,64060749,64062009,1260
ENSG00000093183,42589461,42642572,53111
ENSG00000222386,103124655,103124986,331
ENSG00000224319,29555796,29556858,1062
ENSG00000113520,132009678,132018368,8690
ENSG00000258800,64065592,64065966,374
ENSG00000147003,15645441,15683154,37713
ENSG00000197258,104308196,104310023,1827
ENSG00000222983,31270207,31270339,132
ENSG00000258645,64068227,64068532,305
ENSG00000230111,31310499,31310898,399
ENSG00000238727,31437429,31437523,94
ENSG00000006534,67776048,67796744,20696
ENSG00000227339,31494324,31497386,3062
ENSG00000255900,127100890,127101100,210
ENSG00000139644,50101508,50158717,57209
ENSG00000202490,64084761,64084862,101
ENSG00000255944,127112718,127174868,62150
ENSG00000171159,130922539,130926207,3668
ENSG00000206822,64088478,64088589,111
ENSG00000128849,57668165,57842925,174760
ENSG00000226869,104379044,104444554,65510
ENSG00000271199,73177894,73189320,11426
ENSG00000207172,64097396,64097499,103
ENSG00000256062,136125799,136150736,24937
ENSG00000200693,64118015,64118217,202
ENSG00000214301,133209668,133210349,681
ENSG00000255998,127175025,127180378,5353
ENSG00000271927,6503576,6506025,2449
ENSG00000232490,31745550,31763144,17594
ENSG00000272832,133261908,133262310,402
ENSG00000258778,64201415,64202641,1226
ENSG00000250983,133264915,133265116,201
ENSG00000201827,133270030,133270159,129
ENSG00000242337,133380842,133473420,92578
ENSG00000189238,127210816,127230798,19982
ENSG00000265563,144895127,144895212,85
ENSG00000215998,54485561,54485651,90
ENSG00000261565,144915440,144916233,793
ENSG00000237017,54622891,54628722,5831
ENSG00000222767,47346938,47347032,94
ENSG00000148672,88810243,88854623,44380
ENSG00000257727,56703626,56710120,6494
ENSG00000263747,144926238,144926323,85
ENSG00000230590,73183790,73513409,329619
ENSG00000212290,47484258,47484372,114
ENSG00000263094,145027361,145027449,88
ENSG00000268816,54697731,54698394,663
ENSG00000160882,143953772,143961262,7490
ENSG00000222268,47539343,47539454,111
ENSG00000186603,45792545,45794347,1802
ENSG00000129116,169418217,169849608,431391
ENSG00000223660,54703321,54703838,517
ENSG00000262038,47563101,47563827,726
ENSG00000167775,8367011,8373240,6229
ENSG00000224579,54712960,54713286,326
ENSG00000269524,54728395,54728753,358
ENSG00000152705,134303596,134347392,43796
ENSG00000172954,30670092,30867091,196999
ENSG00000237606,104466783,104467243,460
ENSG00000223965,31835962,31837667,1705
ENSG00000259866,47595218,47596391,1173
ENSG00000235081,54732911,54734088,1177
ENSG00000141096,68009566,68014732,5166
ENSG00000243352,104552364,104552644,280
ENSG00000143374,150459887,150480078,20191
ENSG00000261336,47599001,47600795,1794
ENSG00000235670,32071688,32072170,482
ENSG00000169239,15706953,15805747,98794
ENSG00000225329,104558007,104567077,9070
ENSG00000201701,32079018,32079145,127
ENSG00000162877,205797150,205819260,22110
ENSG00000259918,47632565,47632907,342
ENSG00000167536,27224799,27230089,5290
ENSG00000252641,133383779,133383878,99
ENSG00000257704,47778142,47778979,837
ENSG00000173068,16409501,16870841,461340
ENSG00000252398,32087365,32087471,106
ENSG00000201394,133428920,133429011,91
ENSG00000237513,104581510,104602781,21271
ENSG00000170298,20352708,20370852,18144
ENSG00000249189,54749953,54751181,1228
ENSG00000251590,32105466,32108103,2637
ENSG00000129991,55663137,55669141,6004
ENSG00000244062,133479144,133481207,2063
ENSG00000214013,42565431,42645864,80433
ENSG00000236732,32192575,32193387,812
ENSG00000261231,47758479,47942342,183863
ENSG00000267793,21760074,21760643,569
ENSG00000238646,32214148,32214252,104
ENSG00000243832,133774100,133776492,2392
ENSG00000198178,7882011,7904201,22190
ENSG00000237433,32232239,32233119,880
ENSG00000257354,62996532,63007855,11323
ENSG00000230678,32923568,32927227,3659
ENSG00000268164,54753289,54753907,618
ENSG00000261572,32278180,32280070,1890
ENSG00000197405,47793280,47825323,32043
ENSG00000228393,104590762,104653491,62729
ENSG00000199179,62997466,62997550,84
ENSG00000212314,54767805,54767913,108
ENSG00000270377,32285339,32285510,171
ENSG00000260497,47794691,47794832,141
ENSG00000238475,63044955,63045058,103
ENSG00000234737,32300432,32301722,1290
ENSG00000240042,54771858,54772896,1038
ENSG00000119922,91061712,91069033,7321
ENSG00000241941,63052603,63053005,402
ENSG00000207857,32301220,32301311,91
ENSG00000261325,47883225,47921041,37816
ENSG00000251911,104611734,104611805,71
ENSG00000258881,71166448,71222466,56018
ENSG00000213849,32549447,32549817,370
ENSG00000239569,104653872,104654768,896
ENSG00000213352,63149007,63150013,1006
ENSG00000264135,32557218,32557312,94
ENSG00000226955,32634464,32634804,340
ENSG00000240296,54771859,54772899,1040
ENSG00000260450,47999583,48005598,6015
ENSG00000231552,32662395,32663394,999
ENSG00000231845,133889331,133889929,598
ENSG00000148985,3818954,3847601,28647
ENSG00000256159,31630440,31630921,481
ENSG00000240006,134032418,134040013,7595
ENSG00000261017,48093582,48093906,324
ENSG00000237676,32676714,32677046,332
ENSG00000201228,31659237,31659338,101
ENSG00000134830,47835404,47846606,11202
ENSG00000179941,76738254,76742222,3968
ENSG00000225349,31687649,31688181,532
ENSG00000251224,32772127,32778946,6819
ENSG00000260633,134066130,134068075,1945
ENSG00000261538,48198863,48201149,2286
ENSG00000264703,54785964,54786035,71
ENSG00000213842,32794402,32795393,991
ENSG00000269291,15418467,15429181,10714
ENSG00000165782,20925878,20929771,3893
ENSG00000240197,54797902,54798219,317
ENSG00000266038,6602685,6602765,80
ENSG00000261754,35302493,35305249,2756
ENSG00000240793,48368382,48368765,383
ENSG00000271933,85898176,85900338,2162
ENSG00000227337,32827138,32827608,470
ENSG00000251431,54808714,54809423,709
ENSG00000271666,35316318,35316900,582
ENSG00000197114,62338817,62367494,28677
ENSG00000223899,33075355,33076302,947
ENSG00000229404,86039736,86054415,14679
ENSG00000154620,15815447,15817904,2457
ENSG00000234436,54813047,54817309,4262
ENSG00000003989,17354597,17428082,73485
ENSG00000221108,135473084,135473179,95
ENSG00000269086,35328793,35346208,17415
ENSG00000118513,135502453,135540311,37858
ENSG00000186530,6666038,6693166,27128
ENSG00000237635,135477931,135478609,678
ENSG00000241000,1481,1563,82
ENSG00000248166,54820182,54848439,28257
ENSG00000233189,86148926,86149382,456
ENSG00000258911,135480654,135481921,1267
ENSG00000272918,104743285,104745930,2645
ENSG00000240779,3055,3137,82
ENSG00000260197,21853827,21856492,2665
ENSG00000244656,3772,3853,81
ENSG00000258434,135483662,135488584,4922
ENSG00000237997,22148461,22149738,1277
ENSG00000254725,43087236,43087626,390
ENSG00000263760,3916,3999,83
ENSG00000249654,54831476,54832484,1008
ENSG00000225423,86150664,86151801,1137
ENSG00000144031,71205510,71212626,7116
ENSG00000270764,104829637,104830261,624
ENSG00000232522,22163071,22174090,11019
ENSG00000187961,895967,901095,5128
ENSG00000271482,104845047,104845306,259
ENSG00000251557,43142312,43290943,148631
ENSG00000105372,42363988,42376994,13006
ENSG00000169249,15808595,15841383,32788
ENSG00000225928,86214435,86215812,1377
ENSG00000203442,35331917,35332118,201
ENSG00000271109,35340182,35351480,11298
ENSG00000261306,136206251,136211933,5682
ENSG00000187066,64852451,64856847,4396
ENSG00000259902,145131299,145133692,2393
ENSG00000124635,27093676,27100541,6865
ENSG00000178429,86320199,86321019,820
ENSG00000213084,35343055,35343524,469
ENSG00000099256,25137536,25241533,103997
ENSG00000198915,43689983,43762367,72384
ENSG00000267812,37270353,37270727,374
ENSG00000270624,35357256,35357823,567
ENSG00000134815,47852538,47885961,33423
ENSG00000268098,37402368,37417818,15450
ENSG00000254907,43350298,43380846,30548
ENSG00000271649,35382933,35389847,6914
ENSG00000234096,29624887,29640277,15390
ENSG00000232119,119727865,119754929,27064
ENSG00000007968,23832922,23857712,24790
ENSG00000180537,13924677,13980533,55856
ENSG00000252652,43352811,43352906,95
ENSG00000261479,145133436,145146004,12568
ENSG00000238469,86623021,86623118,97
ENSG00000255340,43400432,43407221,6789
ENSG00000270544,35393106,35395099,1993
ENSG00000237267,86953177,86957714,4537
ENSG00000112110,160210844,160219468,8624
ENSG00000254577,43411833,43417045,5212
ENSG00000271171,35395296,35395961,665
ENSG00000213722,31694815,31698394,3579
ENSG00000252355,43456682,43456947,265
ENSG00000223993,87191699,87192271,572
ENSG00000269037,35396219,35399092,2873
ENSG00000254463,43487942,43488421,479
ENSG00000250507,54839544,54842706,3162
ENSG00000164187,36098514,36152063,53549
ENSG00000270876,35414203,35417716,3513
ENSG00000103253,776936,785525,8589
ENSG00000196787,27100832,27103070,2238
ENSG00000001561,46097730,46114436,16706
ENSG00000213697,43543586,43544814,1228
ENSG00000269303,35489137,35491074,1937
ENSG00000271032,35505865,35516239,10374
ENSG00000205857,7917812,7926717,8905
ENSG00000257432,20097282,20098616,1334
ENSG00000245857,6693076,6742798,49722
ENSG00000267874,35527238,35527964,726
ENSG00000103502,29869678,29875057,5379
ENSG00000235661,43578308,43591945,13637
ENSG00000257357,20105463,20109540,4077
ENSG00000224504,87192619,87208718,16099
ENSG00000227392,35549963,35597208,47245
ENSG00000250752,6756400,6756990,590
ENSG00000268802,54862991,54864894,1903
ENSG00000211568,43581206,43581303,97
ENSG00000230962,87209349,87251753,42404
ENSG00000237955,54891093,54891564,471
ENSG00000197728,56435637,56438116,2479
ENSG00000199077,43602944,43603033,89
ENSG00000179142,143991975,143999259,7284
ENSG00000227407,54941832,54945878,4046
ENSG00000137203,10393419,10419892,26473
ENSG00000270223,73229224,73231303,2079
ENSG00000258324,20121785,20121904,119
ENSG00000243721,43740226,43740696,470
ENSG00000223064,87297136,87297240,104
ENSG00000268496,54945363,54945845,482
ENSG00000254625,6786130,6787995,1865
ENSG00000252730,87318481,87318829,348
ENSG00000128250,29834572,29838444,3872
ENSG00000257493,20132257,20151836,19579
ENSG00000234942,87365150,87366263,1113
ENSG00000254512,43755309,43756114,805
ENSG00000233984,73251297,73251655,358
ENSG00000182287,15843929,15873054,29125
ENSG00000117318,23884409,23886285,1876
ENSG00000197903,27106073,27114619,8546
ENSG00000106211,75931861,75933612,1751
ENSG00000230295,66345695,66347968,2273
ENSG00000257751,20136701,20137215,514
ENSG00000257846,20136988,20138162,1174
ENSG00000246250,43851259,43902276,51017
ENSG00000173113,64083932,64085556,1624
ENSG00000151014,139936943,139966906,29963
ENSG00000212568,66356175,66356278,103
ENSG00000273142,66367844,66371284,3440
ENSG00000100285,29876219,29887379,11160
ENSG00000265077,48448689,48448970,281
ENSG00000259139,135487297,135488539,1242
ENSG00000259069,20145803,20147175,1372
ENSG00000112796,46126924,46138708,11784
ENSG00000239138,48455038,48455114,76
ENSG00000167261,68021297,68034489,13192
ENSG00000214289,134070694,134075403,4709
ENSG00000261802,48481815,48482309,494
ENSG00000145730,102089685,102366809,277124
ENSG00000257884,20145996,20148263,2267
ENSG00000258617,135490272,135495193,4921
ENSG00000214788,59705928,59712807,6879
ENSG00000260688,48504864,48505044,180
ENSG00000257395,20149579,20152898,3319
ENSG00000188886,96789589,96804175,14586
ENSG00000115461,217536828,217560248,23420
ENSG00000213693,43919006,43921186,2180
ENSG00000197140,38964509,39142430,177921
ENSG00000239013,48526309,48526412,103
ENSG00000132122,48761044,48937845,176801
ENSG00000240809,76483169,76484579,1410
ENSG00000198339,27107076,27108418,1342
ENSG00000260347,48530901,48532512,1611
ENSG00000200296,63244518,63244681,163
ENSG00000258080,20156420,20159353,2933
ENSG00000199520,77141208,77141314,106
ENSG00000252660,63329481,63329582,101
ENSG00000223629,6808248,6809121,873
ENSG00000149507,59807748,59815517,7769
ENSG00000180318,85673885,85695562,21677
ENSG00000234371,183602712,183606237,3525
ENSG00000244926,43930842,43942494,11652
ENSG00000185742,109292846,109299840,6994
ENSG00000139239,63359095,63359764,669
ENSG00000157890,66187417,66546085,358668
ENSG00000213450,77365903,77366749,846
ENSG00000258514,135493906,135495148,1242
ENSG00000261267,48593572,48621314,27742
ENSG00000206891,77860892,77860995,103
ENSG00000139405,113623331,113630173,6842
ENSG00000203397,73285918,73286427,509
ENSG00000264841,77975856,77975937,81
ENSG00000257142,20168638,20168809,171
ENSG00000243609,48611435,48612280,845
ENSG00000235950,135496888,135498492,1604
ENSG00000234969,73289111,73290667,1556
ENSG00000244461,78087856,78095945,8089
ENSG00000157856,26624784,26679579,54795
ENSG00000258453,20181104,20182079,975
ENSG00000260033,48634087,48634555,468
ENSG00000149823,64856796,64879332,22536
ENSG00000233238,6816811,6817683,872
ENSG00000129864,16097652,16098393,741
ENSG00000124731,41235664,41254457,18793
ENSG00000197880,23907985,23967058,59073
ENSG00000136457,48541857,48546327,4470
ENSG00000085382,105175968,105307794,131826
ENSG00000146453,160221298,160241736,20438
ENSG00000184825,27114861,27115317,456
ENSG00000255306,67792277,67797928,5651
ENSG00000259912,48654230,48655944,1714
ENSG00000254409,43942609,44022707,80098
ENSG00000223650,73325407,73327793,2386
ENSG00000235978,4855978,4928977,72999
ENSG00000252749,64203162,64203223,61
ENSG00000266737,67801364,67801448,84
ENSG00000260086,48657347,48778553,121206
ENSG00000185917,37406839,37451687,44848
ENSG00000232928,73340847,73351758,10911
ENSG00000258411,64228731,64228867,136
ENSG00000203403,35628549,35630484,1935
ENSG00000270912,64275264,64275450,186
ENSG00000255031,67818207,67821229,3022
ENSG00000221857,35629728,35642239,12511
ENSG00000198774,86198331,86230348,32017
ENSG00000202182,64314979,64315080,101
ENSG00000244953,43965337,43968756,3419
ENSG00000257779,63396249,63396575,326
ENSG00000221537,64561742,64561843,101
ENSG00000255165,44093012,44093953,941
ENSG00000260052,48671054,48672630,1576
ENSG00000233531,6825663,6826635,972
ENSG00000214770,64796149,64805317,9168
ENSG00000250517,63397333,63400682,3349
ENSG00000255236,67889520,67897985,8465
ENSG00000272545,48674384,48674963,579
ENSG00000255451,44490014,44491979,1965
ENSG00000111704,7940390,7948655,8265
ENSG00000220993,48685242,48685334,92
ENSG00000044459,17134980,17503921,368941
ENSG00000254856,68256077,68256308,231
ENSG00000263806,100714,100791,77
ENSG00000255106,44561328,44562243,915
ENSG00000187583,901877,911245,9368
ENSG00000239038,48692292,48692396,104
ENSG00000104327,91070836,91107703,36867
ENSG00000244180,107448,107561,113
ENSG00000260726,48751994,48753054,1060
ENSG00000214513,73429386,73439641,10255
ENSG00000149289,109964087,110042566,78479
ENSG00000222339,68273040,68273119,79
ENSG00000264827,107909,108088,179
ENSG00000234911,64812889,64841384,28495
ENSG00000262497,35723194,35723906,712
ENSG00000266219,108280,108340,60
ENSG00000212093,68273551,68273634,83
ENSG00000163915,185430316,185447575,17259
ENSG00000254693,44626058,44626887,829
ENSG00000272060,109078,110946,1868
ENSG00000271366,35742343,35744542,2199
ENSG00000260808,68380367,68384179,3812
ENSG00000242716,112025,112177,152
ENSG00000255092,44627720,44629651,1931
ENSG00000268947,35753749,35755707,1958
ENSG00000266658,113348,118417,5069
ENSG00000118007,136055077,136471220,416143
ENSG00000244267,44650907,44651224,317
ENSG00000160932,144099399,144105249,5850
ENSG00000158050,96808905,96811179,2274
ENSG00000269553,35821746,35822823,1077
ENSG00000263932,183604588,183604673,85
ENSG00000174502,205882176,205912588,30412
ENSG00000149516,59824060,59838601,14541
ENSG00000261034,145160174,145161437,1263
ENSG00000188199,81462983,81474437,11454
ENSG00000266854,68386967,68387063,96
ENSG00000263397,35836416,35836530,114
ENSG00000126010,16141679,16171144,29465
ENSG00000069011,134363425,134370503,7078
ENSG00000243151,151420,151533,113
ENSG00000255079,44716413,44717851,1438
ENSG00000105369,42381190,42385439,4249
ENSG00000250508,68638132,68642010,3878
ENSG00000233441,183613688,183628724,15036
ENSG00000265807,151881,152060,179
ENSG00000161638,54789045,54813244,24199
ENSG00000255741,68708971,68710320,1349
ENSG00000255032,44740942,44758242,17300
ENSG00000265525,152252,152312,60
ENSG00000254681,18458147,18495797,37650
ENSG00000134107,5020801,5027008,6207
ENSG00000235424,33118696,33118983,287
ENSG00000133116,33590207,33640282,50075
ENSG00000261625,68768233,68769516,1283
ENSG00000118245,217724181,217724787,606
ENSG00000254654,44995453,44999579,4126
ENSG00000263587,33144500,33144796,296
ENSG00000248377,134104039,134104336,297
ENSG00000144712,12837971,12913415,75444
ENSG00000228764,22551937,22558682,6745
ENSG00000272149,33185596,33189213,3617
ENSG00000248757,102865377,102877686,12309
ENSG00000230119,33231725,33231820,95
ENSG00000221313,134128886,134128982,96
ENSG00000214288,134156447,134157053,606
ENSG00000261276,68771862,68772568,706
ENSG00000182798,16185604,16189587,3983
ENSG00000263554,134156669,134156748,79
ENSG00000254664,45237366,45256843,19477
ENSG00000126432,64085560,64089283,3723
ENSG00000249691,134229373,134230255,882
ENSG00000256508,68779751,68785915,6164
ENSG00000273154,62340216,62370456,30240
ENSG00000235129,96034255,96034633,378
ENSG00000253087,134499369,134499469,100
ENSG00000254497,45275435,45276200,765
ENSG00000201413,134502278,134502397,119
ENSG00000241335,155997,156149,152
ENSG00000240086,135074909,135158730,83821
ENSG00000254427,45376922,45387672,10750
ENSG00000265539,68850644,68850726,82
ENSG00000108786,40701232,40707231,5999
ENSG00000251026,103415612,103441104,25492
ENSG00000260895,68870961,68876562,5601
ENSG00000096264,41303393,41318625,15232
ENSG00000129862,16168097,16168838,741
ENSG00000100296,29901868,29951205,49337
ENSG00000261070,68914696,68939032,24336
ENSG00000253004,135518536,135518622,86
ENSG00000142676,24018269,24022915,4646
ENSG00000119917,91087651,91100728,13077
ENSG00000233051,31358053,31374512,16459
ENSG00000255267,45392948,45410059,17111
ENSG00000242222,135644733,135645009,276
ENSG00000158352,50334647,50557302,222655
ENSG00000259799,68923378,68927220,3842
ENSG00000226880,135505635,135505917,282
ENSG00000135632,73441350,73454365,13015
ENSG00000256425,135656150,135656226,76
ENSG00000248821,96079204,96080044,840
ENSG00000235744,32949907,32955340,5433
ENSG00000255041,45408766,45535352,126586
ENSG00000112812,27215480,27224403,8923
ENSG00000213147,135515571,135516024,453
ENSG00000241905,135678117,135678432,315
ENSG00000213275,69070879,69071274,395
ENSG00000254651,45420998,45422078,1080
ENSG00000075073,71163659,71176623,12964
ENSG00000151320,32798479,33300567,502088
ENSG00000260877,69186231,69187279,1048
ENSG00000131437,132028320,132073330,45010
ENSG00000227267,135774026,135774606,580
ENSG00000201910,103434575,103434739,164
ENSG00000257235,63398118,63400321,2203
ENSG00000203896,62366815,62370456,3641
ENSG00000233275,96100507,96100861,354
ENSG00000259854,69229075,69231600,2525
ENSG00000254746,45511239,45564024,52785
ENSG00000176732,24338241,24346347,8106
ENSG00000273455,135806317,135806755,438
ENSG00000179131,66379568,66379930,362
ENSG00000239808,103596234,103596527,293
ENSG00000107831,103529899,103535854,5955
ENSG00000255980,69240458,69244389,3931
ENSG00000241438,135874391,135874838,447
ENSG00000227120,96101881,96102304,423
ENSG00000109381,139949266,140098372,149106
ENSG00000255606,69253133,69259511,6378
ENSG00000264761,66445107,66445395,288
ENSG00000186792,50330262,50336899,6637
ENSG00000233383,66554244,66554457,213
ENSG00000261347,69282366,69284473,2107
ENSG00000266525,66579309,66579384,75
ENSG00000255774,69291901,69294708,2807
ENSG00000235676,31642141,31658607,16466
ENSG00000133193,71203492,71232892,29400
ENSG00000265024,66604058,66604157,99
ENSG00000047230,16606126,16731059,124933
ENSG00000206927,18491794,18491893,99
ENSG00000256441,69552066,69552785,719
ENSG00000257563,18496003,18497461,1458
ENSG00000230358,66744765,66751606,6841
ENSG00000166578,113633246,113658899,25653
ENSG00000255191,69831982,69861921,29939
ENSG00000222170,48765615,48765712,97
ENSG00000164007,43198764,43205925,7161
ENSG00000261579,136216440,136223666,7226
ENSG00000266291,18496035,18496128,93
ENSG00000236287,10833621,10880343,46722
ENSG00000254605,69860964,69867165,6201
ENSG00000265776,18499555,18499619,64
ENSG00000258288,102357679,102358118,439
ENSG00000257527,18505166,18505708,542
ENSG00000251574,103718999,104728671,1009672
ENSG00000257222,102457133,102468598,11465
ENSG00000248844,69902336,69911477,9141
ENSG00000256128,127214333,127256957,42624
ENSG00000266454,18505751,18505834,83
ENSG00000229643,6225260,6229454,4194
ENSG00000262974,18544740,18545139,399
ENSG00000254417,69918540,69921539,2999
ENSG00000260550,18581770,18583005,1235
ENSG00000067601,66752528,66767894,15366
ENSG00000167774,8373167,8386263,13096
ENSG00000269873,54949192,54949528,336
ENSG00000202070,69921469,69921575,106
ENSG00000255143,69975403,69995729,20326
ENSG00000267838,54949847,54950362,515
ENSG00000130368,160327974,160329108,1134
ENSG00000174165,66288108,66313709,25601
ENSG00000254902,70033894,70034615,721
ENSG00000229236,22627554,22681114,53560
ENSG00000114999,113239731,113299316,59585
ENSG00000127334,68042118,68059186,17068
ENSG00000226696,54955991,54960223,4232
ENSG00000256340,18582484,18609650,27166
ENSG00000214026,1968508,2005752,37244
ENSG00000254721,70052397,70053496,1099
ENSG00000133121,33677272,33924767,247495
ENSG00000252700,33455642,33455703,61
ENSG00000244740,135924382,135924757,375
ENSG00000202175,33533475,33533590,115
ENSG00000091039,76745577,76953589,208012
ENSG00000225624,22889140,22904786,15646
ENSG00000268222,35873074,35874954,1880
ENSG00000200571,136148926,136149025,99
ENSG00000255867,31742857,31768600,25743
ENSG00000235681,54958008,54958225,217
ENSG00000238008,33596128,33596351,223
ENSG00000078070,182733006,182833863,100857
ENSG00000051128,19040010,19052070,12060
ENSG00000200843,136307051,136307153,102
ENSG00000255329,70125027,70125403,376
ENSG00000213016,55032906,55033214,308
ENSG00000228112,33768742,33769096,354
ENSG00000267855,8373490,8386280,12790
ENSG00000252390,31747027,31747140,113
ENSG00000224482,22970662,22973695,3033
ENSG00000254604,70128473,70209474,81001
ENSG00000227707,33813455,33813787,332
ENSG00000267110,55666125,55672039,5914
ENSG00000231788,31750048,31750343,295
ENSG00000235181,55063253,55063539,286
ENSG00000221333,70130061,70130176,115
ENSG00000271324,33835136,33835637,501
ENSG00000205786,35890413,35910287,19874
ENSG00000254484,70166034,70167521,1487
ENSG00000271643,33837180,33838442,1262
ENSG00000110328,11292423,11643552,351129
ENSG00000134108,5163905,5222596,58691
ENSG00000255519,45535737,45536001,264
ENSG00000255539,70170977,70173315,2338
ENSG00000257664,63449055,63449545,490
ENSG00000233381,31768702,31769373,671
ENSG00000271020,33838641,33839173,532
ENSG00000254514,45604075,45605024,949
ENSG00000144043,71213068,71222075,9007
ENSG00000269271,55100906,55101752,846
ENSG00000206493,30446762,30451500,4738
ENSG00000254495,70204304,70204783,479
ENSG00000257332,63665184,63666116,932
ENSG00000204705,96111911,96122840,10929
ENSG00000238094,55119337,55119843,506
ENSG00000166529,99647390,99662661,15271
ENSG00000255091,45673079,45674241,1162
ENSG00000170027,75956116,75988348,32232
ENSG00000266482,31866684,31866782,98
ENSG00000104213,17433942,17501580,67638
ENSG00000226320,34200826,34604369,403543
ENSG00000265830,158123,158214,91
ENSG00000246889,70218352,70244594,26242
ENSG00000256843,31901034,31901174,140
ENSG00000273047,62369623,62371751,2128
ENSG00000236250,31930804,31941075,10271
ENSG00000254519,45743858,45765801,21943
ENSG00000223874,217735495,217736362,867
ENSG00000084090,96850597,96874563,23966
ENSG00000223722,31907651,31908055,404
ENSG00000187642,910579,917497,6918
ENSG00000264799,55140843,55140914,71
ENSG00000234903,96134611,96135526,915
ENSG00000227726,70323382,70323697,315
ENSG00000255426,45755545,45757317,1772
ENSG00000242856,55159393,55160302,909
ENSG00000148337,130928343,130966662,38319
ENSG00000252421,31955892,31956024,132
ENSG00000226627,70477199,70481595,4396
ENSG00000255226,45772374,45773422,1048
ENSG00000237323,55163535,55163680,145
ENSG00000252204,31964022,31964124,102
ENSG00000148814,134145614,134195010,49396
ENSG00000260017,18814405,18823503,9098
ENSG00000236452,34244736,34310303,65567
ENSG00000256372,32005955,32006341,386
ENSG00000225370,55182682,55184042,1360
ENSG00000065361,56473641,56497289,23648
ENSG00000255447,45834770,45846809,12039
ENSG00000186094,48998527,50489585,1491058
ENSG00000238329,18881488,18881591,103
ENSG00000144010,96142715,96150479,7764
ENSG00000236262,70492270,70493667,1397
ENSG00000264554,102611098,102611391,293
ENSG00000255760,32030013,32040137,10124
ENSG00000227498,34566310,34585372,19062
ENSG00000260352,18938185,18948365,10180
ENSG00000266118,24347236,24413305,66069
ENSG00000258142,102623805,102624311,506
ENSG00000146700,76018651,76039012,20361
ENSG00000207196,70551272,70551374,102
ENSG00000265515,18941518,18941604,86
ENSG00000235534,34914133,34915346,1213
ENSG00000224186,134368970,134691744,322774
ENSG00000171671,70708895,70711220,2325
ENSG00000264400,35905787,35906051,264
ENSG00000207167,19023479,19023585,106
ENSG00000233214,35914964,35915554,590
ENSG00000129816,6258472,6279605,21133
ENSG00000186152,55208383,55212683,4300
ENSG00000124568,25783125,25832287,49162
ENSG00000125520,62371214,62374858,3644
ENSG00000232680,35923859,35925544,1685
ENSG00000263744,70718375,70718473,98
ENSG00000257254,102907029,102907433,404
ENSG00000171155,119759648,119764005,4357
ENSG00000103245,779753,791329,11576
ENSG00000108932,66263167,66287408,24241
ENSG00000139767,119419300,119600856,181556
ENSG00000172900,71093647,71134469,40822
ENSG00000212856,6274285,6292186,17901
ENSG00000165246,16634518,16957530,323012
ENSG00000081791,141303373,141321612,18239
ENSG00000008294,49039535,49198226,158691
ENSG00000236144,36031640,36036931,5291
ENSG00000186453,24397938,24423718,25780
ENSG00000228767,35257197,35258641,1444
ENSG00000258169,103203058,103218177,15119
ENSG00000233927,8386042,8388224,2182
ENSG00000248746,66313866,66330800,16934
ENSG00000167646,55670031,55678090,8059
ENSG00000238162,96151289,96151553,264
ENSG00000228790,55215730,55216013,283
ENSG00000236446,120006457,120009779,3322
ENSG00000266427,55218008,55218077,69
ENSG00000065308,52362200,52441713,79513
ENSG00000260184,48883830,48883926,96
ENSG00000254598,11373489,11374904,1415
ENSG00000260067,49100478,49100640,162
ENSG00000170858,55219700,55224955,5255
ENSG00000253776,104109342,104135473,26131
ENSG00000146038,24171984,24358280,186296
ENSG00000268242,11747060,11747257,197
ENSG00000077380,172543919,172604930,61011
ENSG00000261421,49193419,49195934,2515
ENSG00000226685,120011344,120066151,54807
ENSG00000254682,71159720,71163203,3483
ENSG00000107295,17579080,17797127,218047
ENSG00000261815,49204463,49205697,1234
ENSG00000254924,71217107,71217426,319
ENSG00000137710,110045605,110167447,121842
ENSG00000244480,30562759,30564151,1392
ENSG00000223917,96152228,96154375,2147
ENSG00000260614,49321341,49324138,2797
ENSG00000248903,71279726,71279980,254
ENSG00000256465,32046304,32046636,332
ENSG00000198805,20937113,20945253,8140
ENSG00000249387,71290774,71290894,120
ENSG00000259957,49328797,49330647,1850
ENSG00000244436,32050754,32051057,303
ENSG00000184055,71304500,71305428,928
ENSG00000252881,104115989,104116090,101
ENSG00000134160,31293264,31453476,160212
ENSG00000244101,136327892,136328444,552
ENSG00000106536,39017598,39532694,515096
ENSG00000252584,32068570,32068641,71
ENSG00000226929,120067700,120071012,3312
ENSG00000242314,32101268,32101761,493
ENSG00000255562,71314306,71319086,4780
ENSG00000253584,104253193,104582065,328872
ENSG00000251708,136351990,136352048,58
ENSG00000259839,49370594,49371256,662
ENSG00000252914,136440236,136440337,101
ENSG00000111229,110872630,110888227,15597
ENSG00000260769,49371078,49372904,1826
ENSG00000240695,136455342,136456071,729
ENSG00000259858,141607613,141806547,198934
ENSG00000262950,49476821,49487989,11168
ENSG00000215765,55236001,55309738,73737
ENSG00000137878,57884106,58006943,122837
ENSG00000261758,136471472,136474622,3150
ENSG00000197081,160390131,160534539,144408
ENSG00000242968,136527393,136528465,1072
ENSG00000237308,96161770,96162279,509
ENSG00000263110,49488140,49491180,3040
ENSG00000196550,206136916,206155151,18235
ENSG00000223882,183724126,183729207,5081
ENSG00000262513,161851384,161854351,2967
ENSG00000255261,71331066,71332078,1012
ENSG00000262922,161904897,161904999,102
ENSG00000273486,136556180,136557863,1683
ENSG00000261623,49500017,49503786,3769
ENSG00000255415,71340091,71340467,376
ENSG00000258438,20201514,20230044,28530
ENSG00000242473,55266475,55278823,12348
ENSG00000138802,110354928,110462052,107124
ENSG00000262156,39353528,39358842,5314
ENSG00000221458,71373593,71373741,148
ENSG00000224719,96168539,96170807,2268
ENSG00000239481,71380566,71381343,777
ENSG00000115604,102927989,103015218,87229
ENSG00000254805,71401499,71401703,204
ENSG00000215378,6844700,6847243,2543
ENSG00000162373,49193195,49242641,49446
ENSG00000176312,20228027,20228947,920
ENSG00000254972,71412314,71416450,4136
ENSG00000238492,20232066,20232166,100
ENSG00000114209,167401086,167452727,51641
ENSG00000230986,73352839,73352949,110
ENSG00000258564,20264504,20265419,915
ENSG00000180694,91634223,91803860,169637
ENSG00000223235,71417525,71417624,99
ENSG00000213719,31698358,31707540,9182
ENSG00000232159,104435174,104435799,625
ENSG00000136527,185633694,185655924,22230
ENSG00000228304,20315526,20316422,896
ENSG00000255319,71422786,71492229,69443
ENSG00000232039,6863815,6864911,1096
ENSG00000136444,48556161,48563336,7175
ENSG00000239152,46351755,46351870,115
ENSG00000251180,12836,34543,21707
ENSG00000262453,39317232,39320713,3481
ENSG00000176290,20336401,20337302,901
ENSG00000234178,6886163,6887011,848
ENSG00000117385,43212006,43232755,20749
ENSG00000262536,39345118,39345132,14
ENSG00000221807,103320292,103320383,91
ENSG00000229328,29012004,29013031,1027
ENSG00000268509,5229227,5229982,755
ENSG00000262679,39357616,39364275,6659
ENSG00000237563,6311475,6315118,3643
ENSG00000166888,57489191,57525922,36731
ENSG00000257703,103474728,103572453,97725
ENSG00000226185,96180575,96185855,5280
ENSG00000159228,37442239,37445464,3225
ENSG00000184117,29950797,29977326,26529
ENSG00000224430,73380897,73382363,1466
ENSG00000248671,71505409,71529284,23875
ENSG00000258541,20374076,20374759,683
ENSG00000169906,16668281,16672793,4512
ENSG00000150175,46657135,46681603,24468
ENSG00000160410,41082757,41097305,14548
ENSG00000206042,6896093,6896961,868
ENSG00000168071,64107695,64125006,17311
ENSG00000147753,6317509,6325947,8438
ENSG00000231549,73393725,73393901,176
ENSG00000270002,87403830,87407823,3993
ENSG00000189320,135413096,135433594,20498
ENSG00000254978,71511587,71515686,4099
ENSG00000252292,87409769,87410017,248
ENSG00000258117,63686409,63753817,67408
ENSG00000255273,6940493,6940850,357
ENSG00000236606,87468517,87468924,407
ENSG00000249753,64017568,64189498,171930
ENSG00000174891,157823644,158263519,439875
ENSG00000258286,30460511,30464409,3898
ENSG00000134109,5229331,5261642,32311
ENSG00000204113,73405764,73406990,1226
ENSG00000198049,206223976,206231639,7663
ENSG00000264091,71513631,71513695,64
ENSG00000200487,87812205,87812323,118
ENSG00000262970,76571911,76737841,165930
ENSG00000216844,23005142,23005596,454
ENSG00000199104,88024451,88024545,94
ENSG00000234120,6969836,6971250,1414
ENSG00000131126,43905648,43922763,17115
ENSG00000214534,71525091,71532594,7503
ENSG00000255923,127349011,127349968,957
ENSG00000238803,88062583,88062678,95
ENSG00000231672,218148742,218621316,472574
ENSG00000212332,88248203,88248306,103
ENSG00000188290,934342,935552,1210
ENSG00000169895,16737755,16783459,45704
ENSG00000239164,103507812,103507865,53
ENSG00000227896,88281702,88284858,3156
ENSG00000238909,103632176,103632253,77
ENSG00000229551,23023223,23024223,1000
ENSG00000201790,105258695,105258809,114
ENSG00000109606,24519064,24586173,67109
ENSG00000271430,73420064,73461983,41919
ENSG00000257415,103897159,103898714,1555
ENSG00000228570,81601114,81610632,9518
ENSG00000145623,38845960,38945698,99738
ENSG00000216206,6973421,6973570,149
ENSG00000230507,88390582,88391385,803
ENSG00000228492,73422669,73424430,1761
ENSG00000196533,206238872,206288647,49775
ENSG00000257994,103899189,103899952,763
ENSG00000251204,105751277,105752942,1665
ENSG00000173262,7965108,8043744,78636
ENSG00000224089,120072561,120075873,3312
ENSG00000259016,20376255,20376808,553
ENSG00000185700,6338814,6341671,2857
ENSG00000252189,88505597,88505706,109
ENSG00000228744,6980379,6981226,847
ENSG00000252902,71556242,71556291,49
ENSG00000272631,88509511,88516055,6544
ENSG00000258822,20424759,20425727,968
ENSG00000255157,71567323,71574704,7381
ENSG00000250145,105878767,105880031,1264
ENSG00000265199,20501820,20501923,103
ENSG00000249873,127354036,127359236,5200
ENSG00000256987,32106823,32108202,1379
ENSG00000159231,37507210,37518864,11654
ENSG00000262264,76745442,76753017,7575
ENSG00000213077,18427880,18430160,2280
ENSG00000225805,71589499,71595607,6108
ENSG00000076351,26721661,26734215,12554
ENSG00000271533,73429811,73433495,3684
ENSG00000128512,111366166,111846466,480300
ENSG00000254683,7001154,7001363,209
ENSG00000257094,32160061,32160369,308
ENSG00000170242,11862970,11980870,117900
ENSG00000258899,20512075,20512986,911
ENSG00000202566,73438212,73438296,84
ENSG00000228915,71604456,71605479,1023
ENSG00000206492,30498660,30514458,15798
ENSG00000257852,32225668,32225814,146
ENSG00000212027,73438382,73438453,71
ENSG00000042304,228474806,228498036,23230
ENSG00000254593,71614240,71615127,887
ENSG00000271357,32253419,32253669,250
ENSG00000099282,71211229,71267425,56196
ENSG00000230106,7028072,7028263,191
ENSG00000171984,5731039,5844558,113519
ENSG00000257530,32257051,32260462,3411
ENSG00000225736,29053997,29055102,1105
ENSG00000227858,29640388,29641038,650
ENSG00000214268,7048423,7049085,662
ENSG00000110888,30862486,30907885,45399
ENSG00000204010,91137813,91144962,7149
ENSG00000172348,46188475,46459709,271234
ENSG00000258134,32380344,32381088,744
ENSG00000263456,88535326,88535439,113
ENSG00000265727,73462445,73462736,291
ENSG00000257005,64045407,64045710,303
ENSG00000261744,88579368,88597461,18093
ENSG00000207820,73506939,73507044,105
ENSG00000187608,948803,949920,1117
ENSG00000227839,50459990,50461874,1884
ENSG00000221567,7055962,7056110,148
ENSG00000167264,68021649,68113223,91574
ENSG00000229866,29079681,29080616,935
ENSG00000130584,62375019,62462597,87578
ENSG00000272913,96190857,96192450,1593
ENSG00000255583,64078523,64118715,40192
ENSG00000231930,7058278,7058379,101
ENSG00000223529,183744157,183745544,1387
ENSG00000123119,91803778,91971636,167858
ENSG00000199168,73507121,73507192,71
ENSG00000260630,88729706,88753594,23888
ENSG00000189375,18538319,18565263,26944
ENSG00000255025,7095808,7096153,345
ENSG00000229689,96191093,96198153,7060
ENSG00000233576,183794567,183802007,7440
ENSG00000212442,35298332,35298438,106
ENSG00000205279,126984736,126994322,9586
ENSG00000226515,73562548,73562695,147
ENSG00000185745,91152303,91163745,11442
ENSG00000177306,7104248,7105874,1626
ENSG00000207351,183804579,183804691,112
ENSG00000238020,183812906,183822966,10060
ENSG00000196188,206317459,206332104,14645
ENSG00000112149,14117872,14137149,19277
ENSG00000205955,183833140,183835686,2546
ENSG00000213269,73595960,73596720,760
ENSG00000117407,44398992,44402913,3921
ENSG00000262875,76777976,76835592,57616
ENSG00000259813,88762909,88765018,2109
ENSG00000273181,183850730,183851349,619
ENSG00000252337,105882366,105882504,138
ENSG00000265672,88782686,88782745,59
ENSG00000149809,64879317,64883856,4539
ENSG00000239745,73610527,73610822,295
ENSG00000135917,228549926,228582728,32802
ENSG00000234218,31453328,31466366,13038
ENSG00000113648,134669590,134735604,66014
ENSG00000251027,106150898,106346715,195817
ENSG00000226504,23069230,23069448,218
ENSG00000232945,29141329,29142369,1040
ENSG00000070540,66417089,66453654,36565
ENSG00000230045,7114426,7117436,3010
ENSG00000256286,127359367,127360778,1411
ENSG00000150201,43867090,43871783,4693
ENSG00000254488,23200175,23206610,6435
ENSG00000237777,29274457,29275573,1116
ENSG00000257021,127396580,127396868,288
ENSG00000124466,43964939,43969812,4873
ENSG00000089199,5892076,5906007,13931
ENSG00000236431,96201865,96202243,378
ENSG00000133119,34392186,34540695,148509
ENSG00000270874,88614453,88615993,1540
ENSG00000142197,37529080,37666572,137492
ENSG00000237427,23292756,23293067,311
ENSG00000076928,42387228,42434302,47074
ENSG00000269223,62474779,62475273,494
ENSG00000174938,29882480,29910868,28388
ENSG00000221910,143632259,143633372,1113
ENSG00000200176,88649326,88649490,164
ENSG00000233312,31941653,31962310,20657
ENSG00000183260,62492566,62494341,1775
ENSG00000250273,106530857,106531033,176
ENSG00000242022,29341259,29417808,76549
ENSG00000249345,127399766,127544946,145180
ENSG00000272734,88725102,88731068,5966
ENSG00000273305,96203717,96204217,500
ENSG00000213215,143657027,143658108,1081
ENSG00000188157,955503,991496,35993
ENSG00000273413,88729994,88730583,589
ENSG00000240027,64154138,64154392,254
ENSG00000230665,73616706,73619385,2679
ENSG00000268858,62492879,62493217,338
ENSG00000221813,143701022,143702068,1046
ENSG00000227446,29364252,29365320,1068
ENSG00000255850,64202625,64215936,13311
ENSG00000249959,107035536,107052542,17006
ENSG00000271880,88730498,88769883,39385
ENSG00000232634,23382992,23383975,983
ENSG00000149534,59855734,59863444,7710
ENSG00000255642,64215801,64217675,1874
ENSG00000213695,73629353,73629935,582
ENSG00000265796,64224534,64224603,69
ENSG00000151322,33404139,34273382,869243
ENSG00000242087,64265519,64265824,305
ENSG00000102158,77081861,77151090,69229
ENSG00000252999,20558289,20558386,97
ENSG00000264531,73673458,73673691,233
ENSG00000233037,96208478,96208978,500
ENSG00000258641,20561512,20562422,910
ENSG00000231206,73692852,73693788,936
ENSG00000152778,91174343,91180758,6415
ENSG00000251885,20614276,20614314,38
ENSG00000259074,20617391,20617904,513
ENSG00000264520,30565347,30573229,7882
ENSG00000240573,78136555,78141421,4866
ENSG00000144713,12875984,12883087,7103
ENSG00000086712,16804550,16862642,58092
ENSG00000129422,17501304,17658426,157122
ENSG00000133661,81697496,81742370,44874
ENSG00000132781,45794835,45806142,11307
ENSG00000226874,30583669,30584047,378
ENSG00000233132,7122048,7132680,10632
ENSG00000168992,96212279,96213315,1036
ENSG00000105887,135611509,135662101,50592
ENSG00000240089,88752010,88760192,8182
ENSG00000092529,42640301,42704516,64215
ENSG00000107833,103541082,103543170,2088
ENSG00000272721,183851807,183853026,1219
ENSG00000162374,50513686,50669458,155772
ENSG00000115009,228678558,228682272,3714
ENSG00000228205,183867492,183868223,731
ENSG00000131018,152442819,152958936,516117
ENSG00000125630,113299492,113334635,35143
ENSG00000248827,107060662,107062818,2156
ENSG00000221120,183959193,183959277,84
ENSG00000146233,46517541,46620523,102982
ENSG00000111537,68548548,68553527,4979
ENSG00000226600,120077421,120080733,3312
ENSG00000266859,71616153,71616240,87
ENSG00000178031,18473892,18910948,437056
ENSG00000186815,113658855,113736390,77535
ENSG00000152137,119616447,119658936,42489
ENSG00000255296,71649717,71650590,873
ENSG00000230673,73802923,73803381,458
ENSG00000269810,100038447,100038578,131
ENSG00000226918,23473154,23480781,7627
ENSG00000199885,73899888,73899994,106
ENSG00000232717,96240647,96246512,5865
ENSG00000133636,86268073,86276770,8697
ENSG00000089195,5917881,5931182,13301
ENSG00000271589,73989474,73989633,159
ENSG00000251143,71725337,71731956,6619
ENSG00000229661,74421326,74421625,299
ENSG00000259095,20641791,20641972,181
ENSG00000144366,189156396,189460653,304257
ENSG00000206783,71758919,71758997,78
ENSG00000258468,20647348,20648315,967
ENSG00000249005,7129670,7132680,3010
ENSG00000256001,127629617,127631077,1460
ENSG00000263742,71783274,71783348,74
ENSG00000258625,20677399,20678369,970
ENSG00000212089,71789376,71789466,90
ENSG00000266336,20685313,20685398,85
ENSG00000238768,71815120,71815216,96
ENSG00000199601,74422538,74422644,106
ENSG00000258768,20728639,20732467,3828
ENSG00000257075,71842328,71842953,625
ENSG00000232186,74546607,74547834,1227
ENSG00000183060,100255902,100273766,17864
ENSG00000101150,62496596,62522898,26302
ENSG00000233254,74604181,74604663,482
ENSG00000238091,114204992,114205429,437
ENSG00000256518,71869866,71870905,1039
ENSG00000239708,107070476,107070767,291
ENSG00000239776,127650616,127650672,56
ENSG00000230830,35691689,35693453,1764
ENSG00000251732,107146330,107146625,295
ENSG00000212158,184043484,184043559,75
ENSG00000236338,135611542,135613214,1672
ENSG00000244245,107929310,107929668,358
ENSG00000260121,88785023,88786867,1844
ENSG00000223885,7137292,7140766,3474
ENSG00000064651,127419458,127525380,105922
ENSG00000227509,184222901,184226187,3286
ENSG00000256762,44076616,44077060,444
ENSG00000258459,20773889,20774970,1081
ENSG00000184492,114256661,114258728,2067
ENSG00000224888,88797588,88807826,10238
ENSG00000230347,120082282,120085594,3312
ENSG00000230215,184264502,184274706,10204
ENSG00000207625,35785968,35786051,83
ENSG00000204971,71874366,71920285,45919
ENSG00000272970,184451863,184456737,4874
ENSG00000267697,135612022,135612198,176
ENSG00000256292,127759012,127768828,9816
ENSG00000255860,71883483,71889086,5603
ENSG00000273403,184459725,184460250,525
ENSG00000260617,88808039,88808775,736
ENSG00000272523,108063526,108063961,435
ENSG00000135473,56710007,56727837,17830
ENSG00000272922,184460606,184461072,466
ENSG00000182376,88809175,88812156,2981
ENSG00000230083,96256717,96256954,237
ENSG00000229433,184474177,184490943,16766
ENSG00000169604,69240310,69476459,236149
ENSG00000223637,23556877,23563471,6594
ENSG00000228286,71960900,71962332,1432
ENSG00000237089,74757382,74758537,1155
ENSG00000115507,63277192,63284971,7779
ENSG00000213365,71991195,71992222,1027
ENSG00000177335,144120626,144141359,20733
ENSG00000224775,74802511,74805341,2830
ENSG00000259881,88947446,88953544,6098
ENSG00000066468,123237848,123357972,120124
ENSG00000258809,64825486,64846036,20550
ENSG00000011007,24069645,24088549,18904
ENSG00000249921,108119799,108121253,1454
ENSG00000255843,72013183,72014009,826
ENSG00000215373,7144914,7148476,3562
ENSG00000123977,228735770,228789060,53290
ENSG00000228517,120087142,120090454,3312
ENSG00000169926,31619058,31727868,108810
ENSG00000201565,66762640,66762741,101
ENSG00000271511,64828110,64828355,245
ENSG00000143369,150480538,150486265,5727
ENSG00000151303,88752163,88769960,17797
ENSG00000256739,72062391,72064254,1863
ENSG00000236026,96272672,96272900,228
ENSG00000183273,119772517,119978852,206335
ENSG00000258824,64889653,64915275,25622
ENSG00000261226,89003187,89006059,2872
ENSG00000255672,72065560,72074599,9039
ENSG00000106610,66767608,66786513,18905
ENSG00000272909,64907087,64908956,1869
ENSG00000272508,88753189,88784489,31300
ENSG00000256403,72121760,72123123,1363
ENSG00000259989,89050440,89061777,11337
ENSG00000272828,64929946,64930175,229
ENSG00000237408,72189265,72190281,1016
ENSG00000181072,136553416,136705002,151586
ENSG00000256982,89112580,89119373,6793
ENSG00000135956,96914254,96931732,17478
ENSG00000163486,206516200,206637783,121583
ENSG00000238048,72231030,72232777,1747
ENSG00000214819,20483037,20484224,1187
ENSG00000110077,59939081,59952139,13058
ENSG00000261546,89179583,89181687,2104
ENSG00000207176,32548984,32549081,97
ENSG00000250383,108153742,108166491,12749
ENSG00000253063,32630316,32630405,89
ENSG00000180422,89225554,89230653,5099
ENSG00000271003,96272821,96282340,9519
ENSG00000257643,32845438,32845782,344
ENSG00000115145,152973315,153032506,59191
ENSG00000214397,100255908,100258029,2121
ENSG00000253250,91970865,91997485,26620
ENSG00000201563,32858337,32858440,103
ENSG00000215105,74960541,74966749,6208
ENSG00000259116,64980872,65007086,26214
ENSG00000243477,50333833,50336852,3019
ENSG00000141219,71228372,71245091,16719
ENSG00000257511,32879317,32880321,1004
ENSG00000244743,33016052,33016367,315
ENSG00000259363,100347228,100417353,70125
ENSG00000233063,75104381,75104971,590
ENSG00000207404,108227138,108227247,109
ENSG00000257316,33138772,33140004,1232
ENSG00000270193,96282240,96282981,741
ENSG00000182050,86372516,87232681,860165
ENSG00000196277,6811688,7783215,971527
ENSG00000205212,20739760,20799453,59693
ENSG00000250441,108230048,108230329,281
ENSG00000226753,75108535,75108723,188
ENSG00000204699,96285392,96296321,10929
ENSG00000233295,7152536,7155546,3010
ENSG00000079308,218664512,218867718,203206
ENSG00000237957,120092019,120100198,8179
ENSG00000206593,108350535,108350641,106
ENSG00000117408,44412611,44433694,21083
ENSG00000176857,108387013,108388158,1145
ENSG00000255752,75119639,75119715,76
ENSG00000227804,30558418,30576630,18212
ENSG00000261667,144161874,144164418,2544
ENSG00000169918,31775329,32162992,387663
ENSG00000259160,65002420,65002597,177
ENSG00000229215,29845529,29850151,4622
ENSG00000102854,810762,818865,8103
ENSG00000235959,96305929,96306352,423
ENSG00000137463,140187317,140201492,14175
ENSG00000259076,65019412,65063254,43842
ENSG00000249476,108572821,108662070,89249
ENSG00000176531,43979106,44009087,29981
ENSG00000223358,184880659,184909743,29084
ENSG00000176956,144239331,144242128,2797
ENSG00000136295,2671585,2704436,32851
ENSG00000236750,96307382,96307728,346
ENSG00000140470,100511794,100882210,370416
ENSG00000248867,108784050,108784764,714
ENSG00000257093,141356528,141401953,45425
ENSG00000264813,61562184,61599209,37025
ENSG00000102054,16857406,16888537,31131
ENSG00000255498,45927492,45928012,520
ENSG00000235584,96331832,96334463,2631
ENSG00000226854,75122940,75124693,1753
ENSG00000263539,46134673,46134769,96
ENSG00000254653,46138129,46138869,740
ENSG00000168619,39442008,39587583,145575
ENSG00000232332,75249730,75250165,435
ENSG00000144134,114384806,114400973,16167
ENSG00000251367,108803054,108803653,599
ENSG00000057757,24104895,24114722,9827
ENSG00000254871,46164267,46165145,878
ENSG00000255314,46193498,46198656,5158
ENSG00000237510,96455402,96465914,10512
ENSG00000169813,43881065,43904614,23549
ENSG00000155099,92006024,92053292,47268
ENSG00000008324,42623332,42636606,13274
ENSG00000215374,7159133,7212876,53743
ENSG00000222489,20791338,20791485,147
ENSG00000188372,76026835,76071388,44553
ENSG00000238344,20794609,20794685,76
ENSG00000255269,46235372,46237409,2037
ENSG00000259001,20811207,20811844,637
ENSG00000039139,13690440,13944652,254212
ENSG00000254639,46259933,46260818,885
ENSG00000255007,46277906,46296098,18192
ENSG00000264102,46397952,46398034,82
ENSG00000259010,65066961,65068362,1401
ENSG00000237252,75443036,75443496,460
ENSG00000254846,20812392,20815047,2655
ENSG00000145439,169784921,169931426,146505
ENSG00000244313,46450163,46450700,537
ENSG00000186575,29999545,30094587,95042
ENSG00000206034,7170368,7177473,7105
ENSG00000200225,20883146,20883257,111
ENSG00000173991,37820440,37822808,2368
ENSG00000248876,108806544,108807287,743
ENSG00000263155,57884139,57977562,93423
ENSG00000259162,20906141,20909427,3286
ENSG00000261465,19073821,19079013,5192
ENSG00000256571,64272567,64273254,687
ENSG00000248440,108833578,108834809,1231
ENSG00000265014,46473355,46473439,84
ENSG00000120071,44107282,44302733,195451
ENSG00000263540,46774675,46774742,67
ENSG00000256399,64281159,64282378,1219
ENSG00000214794,108924039,108925293,1254
ENSG00000252427,46780316,46780423,107
ENSG00000212135,46783939,46784049,110
ENSG00000255780,64426192,64426445,253
ENSG00000154611,23713816,23773319,59503
ENSG00000247675,46867963,46895947,27984
ENSG00000266090,109021281,109021393,112
ENSG00000271849,109023503,109024030,527
ENSG00000202512,109035201,109035535,334
ENSG00000271350,47062578,47063496,918
ENSG00000273419,149555489,149559581,4092
ENSG00000232931,96472866,96481963,9097
ENSG00000159256,37692487,37758446,65959
ENSG00000255520,47144655,47152352,7697
ENSG00000261357,19077313,19078016,703
ENSG00000229704,184963248,184964229,981
ENSG00000241127,39605975,39649919,43944
ENSG00000270060,47189832,47191114,1282
ENSG00000204934,149564786,149577699,12913
ENSG00000260430,19098178,19109432,11254
ENSG00000264614,184970998,184971060,62
ENSG00000172568,156768608,156772729,4121
ENSG00000243802,47212732,47213093,361
ENSG00000229638,185135283,185136566,1283
ENSG00000261759,19131298,19132951,1653
ENSG00000249068,109175829,109176393,564
ENSG00000266540,47227396,47227672,276
ENSG00000239146,185160007,185160107,100
ENSG00000005059,110481361,110609874,128513
ENSG00000124422,20902910,20947073,44163
ENSG00000253224,109220311,109221124,813
ENSG00000256897,47241769,47243302,1533
ENSG00000249459,18561742,18585575,23833
ENSG00000221436,109849530,109849616,86
ENSG00000256746,47292208,47293661,1453
ENSG00000243039,96670313,96670601,288
ENSG00000207177,110020495,110020628,133
ENSG00000109390,140188034,140223705,35671
ENSG00000141744,37824234,37826728,2494
ENSG00000231584,96676299,96689128,12829
ENSG00000255197,47404699,47430741,26042
ENSG00000008083,15246527,15522252,275725
ENSG00000213361,104885099,104885417,318
ENSG00000226023,120092025,120095337,3312
ENSG00000244490,104941969,104942533,564
ENSG00000125885,5931298,5975852,44554
ENSG00000264257,55297807,55301770,3963
ENSG00000242154,104944724,104947089,2365
ENSG00000199308,55380394,55380500,106
ENSG00000064607,19101697,19144832,43135
ENSG00000224910,36088809,36092403,3594
ENSG00000174080,66330934,66336312,5378
ENSG00000268734,55402039,55402786,747
ENSG00000201179,104973237,104973343,106
ENSG00000258515,20919464,20920077,613
ENSG00000267502,55463002,55463961,959
ENSG00000223886,105170656,105171118,462
ENSG00000267626,36099187,36103568,4381
ENSG00000101152,62526518,62567384,40866
ENSG00000258908,20942948,20945248,2300
ENSG00000243494,55485185,55485785,600
ENSG00000266455,36155398,36155724,326
ENSG00000272604,105211530,105214107,2577
ENSG00000258456,20992446,20993581,1135
ENSG00000226510,36158850,36164193,5343
ENSG00000258863,20996274,20997118,844
ENSG00000231167,105222705,105223703,998
ENSG00000267190,36174680,36175103,423
ENSG00000273293,149578448,149578669,221
ENSG00000230594,120101746,120105058,3312
ENSG00000273011,149587828,149588505,677
ENSG00000142700,50883222,50889172,5950
ENSG00000265910,47407633,47407733,100
ENSG00000205015,89232791,89235555,2764
ENSG00000258573,21055803,21075296,19493
ENSG00000264583,47422521,47422593,72
ENSG00000226624,105459938,105460547,609
ENSG00000252327,47461557,47461617,60
ENSG00000265467,47507374,47507465,91
ENSG00000242562,105765817,105767146,1329
ENSG00000259877,89281638,89284061,2423
ENSG00000270072,47535157,47536441,1284
ENSG00000267265,55517561,55559454,41893
ENSG00000260659,89293215,89295100,1885
ENSG00000201796,105848613,105848713,100
ENSG00000265559,47579088,47579385,297
ENSG00000273320,105925926,105926772,846
ENSG00000200376,47598023,47598140,117
ENSG00000260637,89323587,89333938,10351
ENSG00000115155,26680071,26781566,101495
ENSG00000223187,47636450,47636546,96
ENSG00000260279,89363916,89364724,808
ENSG00000200090,47748446,47748544,98
ENSG00000243438,105955671,105956189,518
ENSG00000264729,16707941,16709021,1080
ENSG00000136449,48585745,48608862,23117
ENSG00000252447,47749098,47749189,91
ENSG00000105663,36208921,36229779,20858
ENSG00000206491,30514170,30521007,6837
ENSG00000271543,47817721,47817931,210
ENSG00000267149,55538961,55565296,26335
ENSG00000264892,16715761,16715965,204
ENSG00000252941,47825848,47825954,106
ENSG00000111452,131438452,131626014,187562
ENSG00000243797,106012697,106410653,397956
ENSG00000261253,89387541,89391518,3977
ENSG00000252874,47841755,47841844,89
ENSG00000011009,24117460,24122029,4569
ENSG00000182851,144295068,144299044,3976
ENSG00000271557,47862876,47863234,358
ENSG00000137166,41514164,41570122,55958
ENSG00000226145,16721297,16725893,4596
ENSG00000254780,47926875,47927159,284
ENSG00000177595,799179,809753,10574
ENSG00000254879,48035958,48037407,1449
ENSG00000267507,55630618,55631751,1133
ENSG00000227467,72281704,72284273,2569
ENSG00000270779,110243983,110244412,429
ENSG00000261574,89458783,89478972,20189
ENSG00000267577,55670307,55688908,18601
ENSG00000263693,48118334,48118410,76
ENSG00000248966,110283728,110286479,2751
ENSG00000243289,46717127,46733073,15946
ENSG00000255514,48248981,48249862,881
ENSG00000261692,89486483,89488634,2151
ENSG00000248428,110306650,110344598,37948
ENSG00000256633,72295616,72299023,3407
ENSG00000252887,89509726,89509832,106
ENSG00000239137,55678539,55678642,103
ENSG00000270832,89525278,89525845,567
ENSG00000272036,72326107,72326174,67
ENSG00000267649,55728028,55732984,4956
ENSG00000261118,89558425,89570868,12443
ENSG00000155100,92082424,92099323,16899
ENSG00000251919,72332810,72332871,61
ENSG00000255808,72354281,72370451,16170
ENSG00000114857,42642106,42690227,48121
ENSG00000135074,156822542,157002783,180241
ENSG00000229412,29384997,29408664,23667
ENSG00000252579,89599924,89599962,38
ENSG00000163795,27600098,27603657,3559
ENSG00000256007,72396120,72404853,8733
ENSG00000200084,89627842,89627925,83
ENSG00000198399,24425733,24583583,157850
ENSG00000266462,55745495,55745564,69
ENSG00000245148,72411519,72416652,5133
ENSG00000261373,89778264,89784573,6309
ENSG00000251627,110319262,110320165,903
ENSG00000268729,55823397,55823863,466
ENSG00000244134,72419231,72419610,379
ENSG00000269275,55888947,55889493,546
ENSG00000221836,143747461,143748473,1012
ENSG00000253613,110412619,110427813,15194
ENSG00000267048,89972565,89984641,12076
ENSG00000204177,46737612,46761205,23593
ENSG00000181638,144328991,144344875,15884
ENSG00000267093,55911113,55911787,674
ENSG00000256390,89985273,89987375,2102
ENSG00000202522,72477049,72477161,112
ENSG00000221933,143771275,143772288,1013
ENSG00000261011,88761393,88769662,8269
ENSG00000269859,55987350,55987849,499
ENSG00000265064,72494575,72494637,62
ENSG00000267730,56088136,56088780,644
ENSG00000206638,72580589,72580695,106
ENSG00000229969,88769542,88775539,5997
ENSG00000201826,75465367,75465473,106
ENSG00000234751,72651543,72652157,614
ENSG00000221858,143792141,143793186,1045
ENSG00000162949,30945637,31043408,97771
ENSG00000230549,7189909,7191501,1592
ENSG00000271573,88786941,88787234,293
ENSG00000108448,18601311,18639431,38120
ENSG00000213684,75555240,75556244,1004
ENSG00000250728,110490942,110491850,908
ENSG00000267523,56173267,56186081,12814
ENSG00000200253,88800995,88801098,103
ENSG00000256568,72887739,72892741,5002
ENSG00000166526,99661656,99680171,18515
ENSG00000237280,88873711,88875280,1569
ENSG00000221989,143806607,143807657,1050
ENSG00000215841,72926043,72926958,915
ENSG00000266323,88913843,88914126,283
ENSG00000267096,56181998,56183435,1437
ENSG00000236125,7194637,7196229,1592
ENSG00000260401,72950020,72953380,3360
ENSG00000172497,80625824,80689998,64174
ENSG00000211571,56196138,56196282,144
ENSG00000175344,32322691,32464722,142031
ENSG00000221938,143826151,143827162,1011
ENSG00000223259,75875410,75875528,118
ENSG00000155875,18927656,19033251,105595
ENSG00000256347,72959824,72960912,1088
ENSG00000267117,56205484,56205924,440
ENSG00000235778,7199348,7200464,1116
ENSG00000129990,55682567,55691809,9242
ENSG00000257762,103941572,103953593,12021
ENSG00000235447,75875899,75876960,1061
ENSG00000257038,73018280,73020406,2126
ENSG00000267183,56207251,56209196,1945
ENSG00000259006,89986235,89989070,2835
ENSG00000252497,65376206,65376498,292
ENSG00000255529,57884231,58074960,190729
ENSG00000225932,143880559,143883146,2587
ENSG00000261317,90036199,90038952,2753
ENSG00000215371,7230636,7235022,4386
ENSG00000114378,50337320,50349812,12492
ENSG00000214784,110527924,110528740,816
ENSG00000267018,56207681,56208795,1114
ENSG00000212594,103985890,103986021,131
ENSG00000223482,88963632,89102369,138737
ENSG00000207995,76225829,76225926,97
ENSG00000235895,6361017,6364798,3781
ENSG00000203305,56208088,56208594,506
ENSG00000272158,65470043,65470485,442
ENSG00000266866,73068180,73068286,106
ENSG00000185104,50905150,51425935,520785
ENSG00000255128,7276513,7278068,1555
ENSG00000264620,65481433,65481532,99
ENSG00000115520,198318147,198340032,21885
ENSG00000267689,56217344,56217538,194
ENSG00000256928,73106604,73107481,877
ENSG00000266531,65511406,65511487,81
ENSG00000213214,143883176,143991230,108054
ENSG00000268593,56218707,56219330,623
ENSG00000256448,73116342,73121727,5385
ENSG00000201447,76287130,76287248,118
ENSG00000257737,104048558,104051773,3215
ENSG00000154227,100940600,101085200,144600
ENSG00000234404,76594675,76601782,7107
ENSG00000257766,104062353,104063184,831
ENSG00000143466,206643791,206670223,26432
ENSG00000255786,73163065,73163389,324
ENSG00000228873,96811341,96812751,1410
ENSG00000232620,6388504,6388970,466
ENSG00000267865,56220176,56220486,310
ENSG00000138794,110609785,110624739,14954
ENSG00000144711,12938719,13114617,175898
ENSG00000256148,73221703,73221865,162
ENSG00000269574,56220529,56220899,370
ENSG00000249318,110601507,110605787,4280
ENSG00000236126,120106606,120109918,3312
ENSG00000146049,24357131,24358512,1381
ENSG00000222524,56248651,56248966,315
ENSG00000212807,143929004,143929936,932
ENSG00000216194,7315478,7315572,94
ENSG00000231726,73291298,73291562,264
ENSG00000255886,64432342,64491398,59056
ENSG00000204685,96874154,96908359,34205
ENSG00000238914,104114720,104114822,102
ENSG00000255238,56288919,56290266,1347
ENSG00000260089,49551673,49552512,839
ENSG00000248944,7406575,7409584,3009
ENSG00000154447,170015407,170192256,176849
ENSG00000224953,6587003,6587221,218
ENSG00000270323,73351524,73352082,558
ENSG00000267522,56578050,56590167,12117
ENSG00000255817,64502543,64514269,11726
ENSG00000155876,19049372,19051019,1647
ENSG00000243896,143955700,143956815,1115
ENSG00000252732,73375560,73375642,82
ENSG00000221134,49713131,49713212,81
ENSG00000236660,7414222,7417234,3012
ENSG00000255629,64540168,64541637,1469
ENSG00000255928,73433394,73433739,345
ENSG00000260024,49741917,49742154,237
ENSG00000223060,56616785,56616879,94
ENSG00000257681,104140093,104162636,22543
ENSG00000259978,49798365,49798599,234
ENSG00000212298,64598573,64598679,106
ENSG00000242411,56728537,56729146,609
ENSG00000256034,73471608,73472115,507
ENSG00000265708,49850596,49850695,99
ENSG00000186994,8387468,8408146,20678
ENSG00000267298,56823297,56823855,558
ENSG00000265282,61507829,61509572,1743
ENSG00000244693,143963794,143966381,2587
ENSG00000199975,73543427,73543735,308
ENSG00000071282,8543393,8609805,66412
ENSG00000261751,49954641,49958065,3424
ENSG00000243024,64616117,64790845,174728
ENSG00000130385,50653784,50659607,5823
ENSG00000256681,73561514,73562256,742
ENSG00000265971,61532354,61533178,824
ENSG00000267549,56826072,56852656,26584
ENSG00000256898,73632710,73633241,531
ENSG00000226489,35913358,35913690,332
ENSG00000228979,61548965,61549456,491
ENSG00000244551,49968939,49969263,324
ENSG00000243957,78164309,78164606,297
ENSG00000256360,73639578,73641417,1839
ENSG00000237106,76983344,76983557,213
ENSG00000222574,78210849,78211143,294
ENSG00000255847,73674702,73681332,6630
ENSG00000261301,141618617,141619709,1092
ENSG00000259843,50080340,50100135,19795
ENSG00000223959,90038994,90068569,29575
ENSG00000240241,78316090,78343881,27791
ENSG00000224353,61584417,61597167,12750
ENSG00000200906,77092786,77092892,106
ENSG00000263410,77140874,77141127,253
ENSG00000122824,51075083,51080377,5294
ENSG00000248503,77166238,77220387,54149
ENSG00000162006,819428,833370,13942
ENSG00000200646,56827893,56828005,112
ENSG00000258472,26782770,26941215,158445
ENSG00000239226,78574251,78574635,384
ENSG00000213014,56828546,56829377,831
ENSG00000248268,110613215,110638265,25050
ENSG00000198276,62571186,62587769,16583
ENSG00000236158,36211259,36211940,681
ENSG00000197681,36337711,36358166,20455
ENSG00000266907,56831159,56833679,2520
ENSG00000246859,110847924,111075423,227499
ENSG00000267145,56849657,56850017,360
ENSG00000234749,7421320,7440175,18855
ENSG00000260501,136223749,136226961,3212
ENSG00000266932,56853801,56854788,987
ENSG00000169891,16964814,17171395,206581
ENSG00000267429,56858450,56859552,1102
ENSG00000240752,78808124,78808524,400
ENSG00000203791,126436718,126480439,43721
ENSG00000267606,56865862,56879422,13560
ENSG00000234347,29393220,29424782,31562
ENSG00000105419,47906381,47922780,16399
ENSG00000240964,78987155,78987442,287
ENSG00000172915,35516424,36247159,730735
ENSG00000265193,79557037,79557119,82
ENSG00000068120,40713485,40718295,4810
ENSG00000216116,79633742,79633834,92
ENSG00000230747,96973001,96987469,14468
ENSG00000106976,130965658,131017527,51869
ENSG00000243877,80006716,80007292,576
ENSG00000133678,81838402,81852313,13911
ENSG00000132470,73717408,73753899,36491
ENSG00000267439,36237958,36244316,6358
ENSG00000261180,141627157,141646807,19650
ENSG00000238405,46742028,46742143,115
ENSG00000221310,110891593,110891678,85
ENSG00000271389,80212477,80213945,1468
ENSG00000227194,46772794,46778894,6100
ENSG00000267328,36245467,36246391,924
ENSG00000151023,25270908,25305089,34181
ENSG00000145604,36152091,36184421,32330
ENSG00000267049,36260046,36261930,1884
ENSG00000132768,44435672,44439041,3369
ENSG00000182791,66357640,66360554,2914
ENSG00000239699,80265411,80266384,973
ENSG00000264668,144329280,144358573,29293
ENSG00000159259,37757676,37791313,33637
ENSG00000147874,19053141,19103117,49976
ENSG00000225872,36279778,36288787,9009
ENSG00000242586,80491231,80491455,224
ENSG00000113971,132276986,132441303,164317
ENSG00000223592,77421193,77427919,6726
ENSG00000242828,80810193,80838114,27921
ENSG00000187690,51149767,51151687,1920
ENSG00000167244,2150342,2170833,20491
ENSG00000124532,24403153,24425810,22657
ENSG00000224755,77775090,77775683,593
ENSG00000105894,136912088,137028611,116523
ENSG00000242781,80814048,80838505,24457
ENSG00000260696,141672431,141673573,1142
ENSG00000240225,56879468,56891197,11729
ENSG00000221970,144015218,144016150,932
ENSG00000163121,97163383,97173846,10463
ENSG00000243694,81043019,81144798,101779
ENSG00000243968,36372792,36373053,261
ENSG00000235061,77809909,77810248,339
ENSG00000267786,36438017,36450094,12077
ENSG00000196368,51232863,51239448,6585
ENSG00000271433,77954881,77955388,507
ENSG00000242145,81257344,81258065,721
ENSG00000182810,68055179,68057770,2591
ENSG00000267113,36448023,36448284,261
ENSG00000215365,7429517,7432528,3011
ENSG00000267388,36451414,36454965,3551
ENSG00000241593,81295730,81346496,50766
ENSG00000248101,36499540,36505137,5597
ENSG00000258864,112162910,112203279,40369
ENSG00000109610,24791534,24802464,10930
ENSG00000100084,19318221,19435224,117003
ENSG00000173992,66360292,66373490,13198
ENSG00000250571,144349603,144359101,9498
ENSG00000232984,29424892,29432039,7147
ENSG00000227645,78018723,78019396,673
ENSG00000081051,74296855,74321891,25036
ENSG00000244281,81416141,81417172,1031
ENSG00000222389,81558627,81558815,188
ENSG00000200560,61650603,61650706,103
ENSG00000241737,7437166,7440175,3009
ENSG00000267698,36505410,36536874,31464
ENSG00000241319,81661389,81661956,567
ENSG00000270587,61688132,61688544,412
ENSG00000227322,33082997,33090260,7263
ENSG00000263883,61713961,61714473,512
ENSG00000240404,81661941,81662223,282
ENSG00000242190,81811857,81813907,2050
ENSG00000270760,36634983,36639250,4267
ENSG00000007376,834974,838397,3423
ENSG00000267005,36664308,36664755,447
ENSG00000242009,81889698,81972012,82314
ENSG00000264276,36680096,36680380,284
ENSG00000231382,36657498,36678949,21451
ENSG00000200179,36694249,36694361,112
ENSG00000239327,21084803,21085150,347
ENSG00000236489,185324363,185324661,298
ENSG00000199461,21147570,21147671,101
ENSG00000267053,36795482,36803570,8088
ENSG00000265470,185485635,185485692,57
ENSG00000239440,82035289,82512826,477537
ENSG00000231925,33267471,33282164,14693
ENSG00000182545,20973696,20979328,5632
ENSG00000232168,78340433,78341345,912
ENSG00000050327,144052381,144077725,25344
ENSG00000153291,46620678,46645930,25252
ENSG00000249619,110907799,110907936,137
ENSG00000135617,73455134,73460366,5232
ENSG00000271005,78432697,78433165,468
ENSG00000112559,41604620,41621984,17364
ENSG00000215097,46773447,46775206,1759
ENSG00000225025,78578943,78580714,1771
ENSG00000100580,77801364,77843452,42088
ENSG00000137714,110300607,110335605,34998
ENSG00000170627,54849734,54867386,17652
ENSG00000228745,46790404,46791522,1118
ENSG00000095739,28966271,28971868,5597
ENSG00000232677,36803969,36822620,18651
ENSG00000251099,110907933,110908095,162
ENSG00000261791,141811549,141921088,109539
ENSG00000214787,59968726,60010561,41835
ENSG00000253057,111055466,111055758,292
ENSG00000233176,7449528,7450438,910
ENSG00000249439,111181747,111182263,516
ENSG00000254796,7458526,7458789,263
ENSG00000140471,101099574,101143435,43861
ENSG00000230761,46797868,46809021,11153
ENSG00000181982,24807739,24981826,174087
ENSG00000167772,8428173,8439257,11084
ENSG00000204410,31707725,31732622,24897
ENSG00000206490,30528662,30554466,25804
ENSG00000250095,111248205,111353006,104801
ENSG00000251788,64622340,64622455,115
ENSG00000170035,181831975,181941312,109337
ENSG00000162888,206664449,206671061,6612
ENSG00000185730,144371846,144380231,8385
ENSG00000222730,36821351,36821449,98
ENSG00000266973,36868930,36869734,804
ENSG00000129873,19989290,19992100,2810
ENSG00000189369,51486481,51489324,2843
ENSG00000188655,21024252,21029090,4838
ENSG00000174276,64883875,64885170,1295
ENSG00000267363,36870253,36871814,1561
ENSG00000125046,8661086,8786726,125640
ENSG00000267142,36912438,36913436,998
ENSG00000100583,77843032,77857840,14808
ENSG00000267309,36980551,36981942,1391
ENSG00000096092,52535907,52551386,15479
ENSG00000187772,105404923,105531207,126284
ENSG00000140009,64550950,64804830,253880
ENSG00000267091,36987818,36989061,1243
ENSG00000256192,64660193,64660546,353
ENSG00000235480,97193677,97198043,4366
ENSG00000171658,185677732,185698658,20926
ENSG00000228629,37019220,37026137,6917
ENSG00000141384,23805900,23971649,165749
ENSG00000165805,88373816,88427814,53998
ENSG00000006451,39663082,39747723,84641
ENSG00000123080,51426417,51440305,13888
ENSG00000256189,73702328,73703225,897
ENSG00000198142,110371911,110376563,4652
ENSG00000233527,37063972,37085610,21638
ENSG00000237330,1006346,1009687,3341
ENSG00000136653,206680879,206762616,81737
ENSG00000256723,73706017,73707196,1179
ENSG00000258451,21161639,21175279,13640
ENSG00000105755,44010871,44031396,20525
ENSG00000256098,73853196,73853403,207
ENSG00000256293,64731958,64732577,619
ENSG00000200649,73909793,73909899,106
ENSG00000206913,73963459,73963597,138
ENSG00000259144,21188901,21191286,2385
ENSG00000272869,112196885,112228776,31891
ENSG00000144381,198351305,198381461,30156
ENSG00000246211,74022407,74035750,13343
ENSG00000266935,37119695,37121092,1397
ENSG00000197150,150725510,150744869,19359
ENSG00000165555,77860364,77889860,29496
ENSG00000149806,64888100,64889945,1845
ENSG00000166938,66585555,66626236,40681
ENSG00000164134,140222609,140341187,118578
ENSG00000260736,141951963,141957878,5915
ENSG00000257435,33141697,33146688,4991
ENSG00000159261,37832919,37948867,115948
ENSG00000123739,110631145,110651233,20088
ENSG00000224032,111496223,111499973,3750
ENSG00000239213,136560568,136580896,20328
ENSG00000238911,33194659,33194755,96
ENSG00000188477,19316203,19322269,6066
ENSG00000251863,33515518,33515590,72
ENSG00000259937,33557810,33558831,1021
ENSG00000212961,74065488,74066765,1277
ENSG00000259871,19326486,19327848,1362
ENSG00000265029,33565465,33565546,81
ENSG00000259925,19354969,19413015,58046
ENSG00000254631,74108594,74196787,88193
ENSG00000241367,82368323,82369430,1107
ENSG00000112276,105544697,105585049,40352
ENSG00000260681,19422051,19422984,933
ENSG00000264402,74110282,74110378,96
ENSG00000244067,52614897,52628367,13470
ENSG00000080031,55692616,55720874,28258
ENSG00000224982,120031264,120079363,48099
ENSG00000255440,74120105,74127424,7319
ENSG00000260309,142000747,142001255,508
ENSG00000171813,134210672,134231367,20695
ENSG00000260592,19488238,19499221,10983
ENSG00000254928,74166393,74167870,1477
ENSG00000143951,63348518,64054977,706459
ENSG00000222750,19509932,19510069,137
ENSG00000260222,142008365,142008871,506
ENSG00000214283,136617918,136618918,1000
ENSG00000260934,19513011,19513608,597
ENSG00000255444,74193295,74193587,292
ENSG00000249407,136677967,136701038,23071
ENSG00000254974,74196625,74197096,471
ENSG00000261312,19717673,19726705,9032
ENSG00000115607,103035149,103069025,33876
ENSG00000201325,137236976,137237097,121
ENSG00000254837,74204411,74209578,5167
ENSG00000188158,17393543,17754114,360571
ENSG00000204006,51567906,51613752,45846
ENSG00000261195,19772494,19777421,4927
ENSG00000267976,37858165,37860058,1893
ENSG00000241095,82855666,82857172,1506
ENSG00000254500,74363681,74363956,275
ENSG00000223202,74396269,74396550,281
ENSG00000242195,83986196,83987387,1191
ENSG00000064300,47572655,47592379,19724
ENSG00000174945,2719156,2815134,95978
ENSG00000185162,74409389,74409869,480
ENSG00000261939,19830826,19830950,124
ENSG00000243660,43932282,43991517,59235
ENSG00000212277,74427732,74427794,62
ENSG00000265524,19901823,19901919,96
ENSG00000261835,50080407,50081709,1302
ENSG00000015568,110550335,110615272,64937
ENSG00000265902,74431313,74431382,69
ENSG00000144021,96931870,96939087,7217
ENSG00000263253,20220247,20220847,600
ENSG00000174325,189598882,189654831,55949
ENSG00000241097,74449523,74449841,318
ENSG00000227624,20250294,20250569,275
ENSG00000162302,64126620,64139687,13067
ENSG00000267776,56888073,56888653,580
ENSG00000176472,44029649,44040282,10633
ENSG00000227615,74456761,74457159,398
ENSG00000263237,20397279,20402486,5207
ENSG00000260298,50092061,50093142,1081
ENSG00000267459,56888406,56889161,755
ENSG00000256496,127802254,127804531,2277
ENSG00000261941,76813883,76814375,492
ENSG00000267781,56897595,56898059,464
ENSG00000123091,51701943,51739127,37184
ENSG00000262995,20451588,20458322,6734
ENSG00000179111,8023908,8027410,3502
ENSG00000065883,39989636,40136733,147097
ENSG00000267192,56898781,56899793,1012
ENSG00000264095,74464519,74464629,110
ENSG00000157680,137065783,137531838,466055
ENSG00000221380,84339263,84339404,141
ENSG00000262925,76835714,76837198,1484
ENSG00000242999,74556955,74557251,296
ENSG00000205089,132083137,132089856,6719
ENSG00000266652,84545727,84545814,87
ENSG00000267052,106211393,106239354,27961
ENSG00000202124,50132175,50132269,94
ENSG00000159263,38071433,38122218,50785
ENSG00000241170,74587331,74631067,43736
ENSG00000260381,50134250,50155854,21604
ENSG00000177820,106300345,106301342,997
ENSG00000137727,110447766,110583912,136146
ENSG00000260201,20592210,20598006,5796
ENSG00000242641,84687557,84930830,243273
ENSG00000267454,56905025,56910541,5516
ENSG00000266461,101280828,101280911,83
ENSG00000260031,50185191,50185488,297
ENSG00000258663,101300769,101327363,26594
ENSG00000091164,54264439,54318831,54392
ENSG00000228742,106415457,106436010,20553
ENSG00000168090,99686577,99689823,3246
ENSG00000255114,118914899,118916205,1306
ENSG00000260762,20597872,20618429,20557
ENSG00000252526,50185553,50185642,89
ENSG00000271751,118935974,118936388,414
ENSG00000238544,50386100,50386203,103
ENSG00000272186,118938085,118938409,324
ENSG00000265344,74657026,74657123,97
ENSG00000261393,50402491,50405391,2900
ENSG00000200152,74679234,74679337,103
ENSG00000251978,106422046,106422161,115
ENSG00000261092,50424827,50429044,4217
ENSG00000234611,74782193,74783097,904
ENSG00000243193,106717671,106774178,56507
ENSG00000260573,50441612,50442424,812
ENSG00000224016,149588280,149606793,18513
ENSG00000152779,91190051,91316398,126347
ENSG00000243886,137254414,137254984,570
ENSG00000213333,74790310,74791176,866
ENSG00000252077,50532072,50532141,69
ENSG00000185236,8454865,8469318,14453
ENSG00000242070,137442616,137443385,769
ENSG00000235443,29963516,29969520,6004
ENSG00000260029,50585735,50587851,2116
ENSG00000224914,89102493,89117639,15146
ENSG00000260555,149697841,149702213,4372
ENSG00000266631,56907685,56907770,85
ENSG00000255395,74810217,74851193,40976
ENSG00000183475,101142739,101191910,49171
ENSG00000072736,68118654,68263162,144508
ENSG00000205414,50639987,50647595,7608
ENSG00000264756,61917343,61917644,301
ENSG00000254475,74842183,74842925,742
ENSG00000239513,137490791,137499720,8929
ENSG00000260510,20754985,20777942,22957
ENSG00000214954,92114060,92231464,117404
ENSG00000184307,113666748,113684248,17500
ENSG00000166770,56988619,57012035,23416
ENSG00000261685,50679720,50683160,3440
ENSG00000200893,20795831,20795937,106
ENSG00000160695,118938403,118952688,14285
ENSG00000263331,21132079,21141429,9350
ENSG00000255136,74919099,74952218,33119
ENSG00000240280,61926652,61941739,15087
ENSG00000262983,21206168,21217298,11130
ENSG00000153820,228844666,229046361,201695
ENSG00000260249,50700122,50705550,5428
ENSG00000089248,112451120,112461255,10135
ENSG00000175003,160542821,160579750,36929
ENSG00000115241,27604061,27632554,28493
ENSG00000267848,62585007,62585495,488
ENSG00000168542,189839046,189877472,38426
ENSG00000189149,21312170,21329912,17742
ENSG00000270120,50746755,50747500,745
ENSG00000131591,1017198,1051741,34543
ENSG00000143486,206744620,206785904,41284
ENSG00000256070,33607280,33608387,1107
ENSG00000261644,50769624,50774627,5003
ENSG00000249931,32684983,32695396,10413
ENSG00000007216,26800311,26824799,24488
ENSG00000253089,127805900,127806074,174
ENSG00000212475,33729030,33729135,105
ENSG00000128918,58245622,58790065,544443
ENSG00000256362,127808700,127824617,15917
ENSG00000270807,33870788,33871152,364
ENSG00000233634,6705748,6706293,545
ENSG00000207026,34076309,34076415,106
ENSG00000236615,23567656,23567881,225
ENSG00000260929,50774821,50776726,1905
ENSG00000201624,34135400,34135501,101
ENSG00000245482,34175216,34199352,24136
ENSG00000127586,838046,850737,12691
ENSG00000073050,44047192,44084625,37433
ENSG00000264947,50776216,50776288,72
ENSG00000179222,51546103,51645453,99350
ENSG00000257403,21358460,21363459,4999
ENSG00000264446,34180203,34180297,94
ENSG00000165874,46897592,46939143,41551
ENSG00000260616,50817770,50837249,19479
ENSG00000227300,16733313,16736147,2834
ENSG00000259533,61963211,61963411,200
ENSG00000256538,34190373,34209675,19302
ENSG00000229685,33010288,33026494,16206
ENSG00000161395,37827375,37853050,25675
ENSG00000259333,61978003,61978239,236
ENSG00000257754,104213388,104215863,2475
ENSG00000196700,62588055,62680113,92058
ENSG00000255628,34302774,34315173,12399
ENSG00000263489,62050280,62066782,16502
ENSG00000261703,50840579,50841540,961
ENSG00000256986,34315397,34315903,506
ENSG00000158482,21391313,21403412,12099
ENSG00000237701,6768794,6769413,619
ENSG00000131174,77154935,77162870,7935
ENSG00000260042,50890525,50913189,22664
ENSG00000250788,34317708,34319889,2181
ENSG00000199771,50903366,50903486,120
ENSG00000047634,17755588,17773105,17517
ENSG00000263082,50914120,50918012,3892
ENSG00000228515,29454408,29455672,1264
ENSG00000125445,73257755,73262454,4699
ENSG00000261241,50918120,50934962,16842
ENSG00000260380,190861943,190884359,22416
ENSG00000117410,44440159,44443967,3808
ENSG00000255652,34343972,34371788,27816
ENSG00000264977,46900386,46900669,283
ENSG00000132182,13357737,13461809,104072
ENSG00000118160,47931274,47975425,44151
ENSG00000272430,46914145,46917230,3085
ENSG00000272435,34358634,34358752,118
ENSG00000258794,34361350,34362610,1260
ENSG00000229927,46914151,46914706,555
ENSG00000214198,104237527,104323989,86462
ENSG00000236371,120111460,120119642,8182
ENSG00000256614,34402416,34402893,477
ENSG00000131885,16744057,16749197,5140
ENSG00000261637,51051669,51069688,18019
ENSG00000257794,37935814,37936188,374
ENSG00000229227,46937463,46951699,14236
ENSG00000257899,37938087,37938386,299
ENSG00000180747,21458004,21531765,73761
ENSG00000259808,190945506,190948412,2906
ENSG00000257933,37938409,37938600,191
ENSG00000146192,36973422,36996846,23424
ENSG00000260605,51069029,51072675,3646
ENSG00000138442,203739505,203879521,140016
ENSG00000180251,103089762,103150431,60669
ENSG00000129965,2153768,2182439,28671
ENSG00000173826,61600695,61626338,25643
ENSG00000124357,71291474,71306935,15461
ENSG00000242362,120111466,120114778,3312
ENSG00000259118,65548752,65560930,12178
ENSG00000159267,38123189,38362536,239347
ENSG00000232583,6968774,6974543,5769
ENSG00000260155,190992387,190993946,1559
ENSG00000110079,60048014,60076445,28431
ENSG00000205312,16750949,16756091,5142
ENSG00000164402,132086509,132142933,56424
ENSG00000261755,190995680,190997180,1500
ENSG00000256502,127828803,127828947,144
ENSG00000099725,7142013,7249589,107576
ENSG00000162298,64889252,64902004,12752
ENSG00000260376,190998973,191000255,1282
ENSG00000100314,30116073,30127828,11755
ENSG00000237269,23592583,23599131,6548
ENSG00000130590,62605466,62611361,5895
ENSG00000165240,77166194,77305892,139698
ENSG00000184254,101417919,101456831,38912
ENSG00000249715,97308474,97370624,62150
ENSG00000113555,141323150,141349304,26154
ENSG00000132429,105606155,105627870,21715
ENSG00000260665,191002273,191003549,1276
ENSG00000214102,141408153,141431071,22918
ENSG00000233314,29971320,29974944,3624
ENSG00000261784,191005567,191007067,1500
ENSG00000091073,76090993,76135312,44319
ENSG00000255945,128082713,128084260,1547
ENSG00000134504,24034874,24237365,202491
ENSG00000199584,128103881,128103992,111
ENSG00000204365,29135337,29170827,35490
ENSG00000235719,23627270,23629049,1779
ENSG00000260620,51088639,51090310,1671
ENSG00000260129,191008860,191010142,1282
ENSG00000261282,51141482,51141932,450
ENSG00000228019,66772592,66773343,751
ENSG00000100319,30126945,30163000,36055
ENSG00000257035,128108698,128110812,2114
ENSG00000258368,37969251,37970186,935
ENSG00000261201,191012160,191013719,1559
ENSG00000241776,84740832,84741742,910
ENSG00000261238,51183150,51183730,580
ENSG00000261047,51277965,51278034,69
ENSG00000169849,23630044,23632569,2525
ENSG00000222985,65591070,65591260,190
ENSG00000260818,51311763,51313023,1260
ENSG00000112499,160592093,160698670,106577
ENSG00000255002,65679611,65689065,9454
ENSG00000272072,106833004,106833745,741
ENSG00000179094,8043790,8059824,16034
ENSG00000147872,19108373,19149288,40915
ENSG00000174939,29911696,29931185,19489
ENSG00000242339,84934087,84942530,8443
ENSG00000221356,106935330,106935396,66
ENSG00000256022,128115793,128121012,5219
ENSG00000228341,107090528,107090807,279
ENSG00000135624,73460548,73480149,19601
ENSG00000265072,104324203,104324333,130
ENSG00000260596,191094929,191107097,12168
ENSG00000268156,77882741,77883115,374
ENSG00000266025,84954830,84954896,66
ENSG00000258878,65701233,65701819,586
ENSG00000272854,107220002,107220502,500
ENSG00000215976,104378889,104378982,93
ENSG00000264084,85434860,85434942,82
ENSG00000216285,104424557,104425321,764
ENSG00000238832,107243808,107243952,144
ENSG00000129521,34393437,34931980,538543
ENSG00000156671,76859344,76941881,82537
ENSG00000260850,51388367,51390443,2076
ENSG00000182415,20137667,20140477,2810
ENSG00000225975,37176342,37178351,2009
ENSG00000258963,21202737,21203170,433
ENSG00000085377,105725440,105850959,125519
ENSG00000120563,29577990,29607257,29267
ENSG00000263683,30589833,30591185,1352
ENSG00000184076,30163358,30166402,3044
ENSG00000258810,21252047,21252452,405
ENSG00000144962,172607148,172859058,251910
ENSG00000238954,21468647,21468750,103
ENSG00000222249,119160272,119160387,115
ENSG00000169811,23655405,23663854,8449
ENSG00000260730,190701490,190861426,159936
ENSG00000223419,30782047,30782434,387
ENSG00000265462,21517370,21517456,86
ENSG00000252119,119194003,119194119,116
ENSG00000252633,7192338,7192636,298
ENSG00000259130,21338437,21341751,3314
ENSG00000238440,64749542,64749645,103
ENSG00000263488,34437543,34437838,295
ENSG00000245385,119206959,119208019,1060
ENSG00000091157,54318574,54698828,380254
ENSG00000251996,7209572,7209683,111
ENSG00000258186,21531151,21531686,535
ENSG00000261492,190894754,190895002,248
ENSG00000255566,64836290,64837110,820
ENSG00000252155,7246713,7246820,107
ENSG00000267118,34443570,34504870,61300
ENSG00000267353,37264614,37266810,2196
ENSG00000143382,150521884,150533413,11529
ENSG00000252472,7291095,7291199,104
ENSG00000261027,190903678,190906026,2348
ENSG00000254740,119243416,119252323,8907
ENSG00000229263,30836307,30843026,6719
ENSG00000258642,21342464,21343927,1463
ENSG00000257639,21544266,21561694,17428
ENSG00000199415,104519014,104519134,120
ENSG00000254647,2181009,2182571,1562
ENSG00000232887,31158898,31159186,288
ENSG00000267254,37288420,37319017,30597
ENSG00000256199,64900946,64927418,26472
ENSG00000263086,190936293,190936410,117
ENSG00000238073,7539784,7544065,4281
ENSG00000267181,34488982,34490296,1314
ENSG00000147606,92221722,92410378,188656
ENSG00000221751,31356612,31356738,126
ENSG00000106028,141438121,141487722,49601
ENSG00000263308,190938851,190938969,118
ENSG00000258918,21366144,21404414,38270
ENSG00000271027,31370325,31370510,185
ENSG00000245248,119252488,119397374,144886
ENSG00000258772,21384925,21396739,11814
ENSG00000231418,31454259,31460900,6641
ENSG00000267488,34510615,34523870,13255
ENSG00000101161,62612488,62664453,51965
ENSG00000257193,104564173,104571437,7264
ENSG00000136315,21387500,21388458,958
ENSG00000236967,29974877,29980498,5621
ENSG00000223070,31833862,31833959,97
ENSG00000257732,104656092,104674500,18408
ENSG00000198457,31965200,32001297,36097
ENSG00000182533,8775486,8883492,108006
ENSG00000236460,31980874,31981196,322
ENSG00000223422,7546940,7549069,2129
ENSG00000206669,37349129,37349231,102
ENSG00000088766,5986736,6020699,33963
ENSG00000243817,21431738,21432024,286
ENSG00000226468,32496575,32497370,795
ENSG00000255460,74939367,74939702,335
ENSG00000172468,20708557,20750849,42292
ENSG00000243297,37392644,37393019,375
ENSG00000258599,21451314,21453225,1911
ENSG00000267330,34552690,34554250,1560
ENSG00000177600,809647,812880,3233
ENSG00000254429,74971171,74972069,898
ENSG00000213442,104659056,104659669,613
ENSG00000267086,34569147,34569252,105
ENSG00000258471,21463996,21467322,3326
ENSG00000211574,101318727,101318824,97
ENSG00000254963,74975333,74976214,881
ENSG00000226421,32511125,32512021,896
ENSG00000201315,36726531,36726860,329
ENSG00000267043,34746595,34747203,608
ENSG00000242384,34581086,34808061,226975
ENSG00000207989,101335397,101335485,88
ENSG00000199090,75046136,75046230,94
ENSG00000267345,37566015,37569507,3492
ENSG00000183145,38378450,38391959,13509
ENSG00000201792,34773400,34773506,106
ENSG00000199151,101340830,101340922,92
ENSG00000206941,75111435,75111582,147
ENSG00000230067,36808608,36825658,17050
ENSG00000252912,34847043,34847166,123
ENSG00000229358,32620561,32801399,180838
ENSG00000233812,32694108,32695493,1385
ENSG00000254590,119273502,119274798,1296
ENSG00000267672,37582243,37583466,1223
ENSG00000207445,75115465,75115610,145
ENSG00000272291,101341370,101341441,71
ENSG00000241449,149737610,149773744,36134
ENSG00000267437,37619581,37632542,12961
ENSG00000050165,11984653,12031316,46663
ENSG00000254460,75217982,75219436,1454
ENSG00000208001,101347344,101347457,113
ENSG00000236002,34930301,34931164,863
ENSG00000236435,7555780,7557589,1809
ENSG00000207569,101348220,101348343,123
ENSG00000254892,119274673,119274937,264
ENSG00000267882,45947246,45949467,2221
ENSG00000255326,75294241,75305710,11469
ENSG00000207608,101349316,101349412,96
ENSG00000263873,119288661,119289824,1163
ENSG00000226686,37742814,37756437,13623
ENSG00000272458,101350820,101350913,93
ENSG00000255434,75307189,75308315,1126
ENSG00000166926,60102304,60164069,61765
ENSG00000261305,150038860,150039696,836
ENSG00000207942,101351034,101351125,91
ENSG00000270268,78624861,78625662,801
ENSG00000255377,119315701,119316229,528
ENSG00000254630,75346928,75349632,2704
ENSG00000013561,141337893,141369856,31963
ENSG00000240449,150060866,150069679,8813
ENSG00000085831,51752930,51810788,57858
ENSG00000257173,38472331,38472801,470
ENSG00000230716,119473587,119475018,1431
ENSG00000258111,104907807,104908217,410
ENSG00000254889,7554352,7554615,263
ENSG00000255280,75353645,75353934,289
ENSG00000239377,150076943,150080973,4030
ENSG00000264295,104985411,104985494,83
ENSG00000237004,32768181,32768623,442
ENSG00000167110,131018108,131038274,20166
ENSG00000206127,32737307,32747835,10528
ENSG00000215104,79528830,79565669,36839
ENSG00000258399,101361107,101402336,41229
ENSG00000263993,75453174,75453469,295
ENSG00000267067,34990527,34991156,629
ENSG00000258278,38475848,38477884,2036
ENSG00000261157,190942562,190943820,1258
ENSG00000222019,90106169,90114181,8012
ENSG00000247867,75469500,75479692,10192
ENSG00000260709,190959071,190959554,483
ENSG00000254561,119479135,119529994,50859
ENSG00000242258,150130742,150145228,14486
ENSG00000267499,35041203,35041578,375
ENSG00000220023,53831,99642,45811
ENSG00000261162,190962497,190964569,2072
ENSG00000131831,17818169,17879457,61288
ENSG00000241648,85849137,85877200,28063
ENSG00000111536,68595131,68619601,24470
ENSG00000267785,35078894,35082651,3757
ENSG00000254826,75486949,75487974,1025
ENSG00000122859,71331454,71332994,1540
ENSG00000261591,190979057,190984160,5103
ENSG00000184428,144386554,144442149,55595
ENSG00000254715,7562704,7564413,1709
ENSG00000239519,86041333,86077157,35824
ENSG00000099785,8478154,8503901,25747
ENSG00000254814,75511922,75514460,2538
ENSG00000199843,38555268,38555384,116
ENSG00000255509,35218935,35293960,75025
ENSG00000199217,119527021,119527126,105
ENSG00000243915,86061711,86064270,2559
ENSG00000201708,38557205,38557317,112
ENSG00000180089,55738007,55741647,3640
ENSG00000255247,119580630,119584635,4005
ENSG00000267605,37756841,37762420,5579
ENSG00000271582,150181149,150182223,1074
ENSG00000254381,38595368,38597594,2226
ENSG00000185875,25305587,25315593,10006
ENSG00000266404,190981535,190981630,95
ENSG00000223294,64969445,64969521,76
ENSG00000236690,7558552,7560719,2167
ENSG00000260020,190986386,190987070,684
ENSG00000189393,7572965,7575975,3010
ENSG00000254854,119600293,119610333,10040
ENSG00000213205,150209647,150210927,1280
ENSG00000256670,64992858,65003239,10381
ENSG00000255507,75514476,75526451,11975
ENSG00000221077,101369934,101370053,119
ENSG00000261806,190989171,190990605,1434
ENSG00000222579,105245602,105245696,94
ENSG00000243853,150238842,150239186,344
ENSG00000224542,30015058,30017715,2657
ENSG00000265054,105345538,105345624,86
ENSG00000207546,65016289,65016385,96
ENSG00000258760,65703198,65785508,82310
ENSG00000271568,150300649,150301732,1083
ENSG00000171224,71390007,71393352,3345
ENSG00000261914,191116882,191117345,463
ENSG00000225520,7567398,7569288,1890
ENSG00000250474,107268998,107269943,945
ENSG00000225195,65022124,65023756,1632
ENSG00000267682,37828138,37828645,507
ENSG00000254406,119692013,119692838,825
ENSG00000201410,86174366,86174437,71
ENSG00000256314,65047840,65048799,959
ENSG00000267381,37978901,37979554,653
ENSG00000257758,105370527,105371805,1278
ENSG00000258613,65733356,65734408,1052
ENSG00000185808,38431470,38445470,14000
ENSG00000251773,86284471,86284574,103
ENSG00000232361,150311149,150311852,703
ENSG00000143479,206808881,206857764,48883
ENSG00000272191,35297346,35300755,3409
ENSG00000225935,107283210,107283468,258
ENSG00000239767,86313705,86316511,2806
ENSG00000215159,65153301,65173098,19797
ENSG00000260528,90168679,90244752,76073
ENSG00000254863,119858663,119865746,7083
ENSG00000270990,150373921,150375006,1085
ENSG00000214759,65735547,65735816,269
ENSG00000153012,25000469,25032501,32032
ENSG00000222934,86411282,86411624,342
ENSG00000261146,137510815,137515520,4705
ENSG00000267306,35337466,35337721,255
ENSG00000224578,51679667,51681043,1376
ENSG00000233705,107294421,107302596,8175
ENSG00000234795,7581026,7677302,96276
ENSG00000266916,37988063,37997948,9885
ENSG00000241328,86531093,86546146,15053
ENSG00000152782,91342745,91405215,62470
ENSG00000241478,137599137,137601079,1942
ENSG00000259078,65745985,65747884,1899
ENSG00000177590,150443981,150444816,835
ENSG00000267798,35355897,35357333,1436
ENSG00000241293,87100342,87101888,1546
ENSG00000187959,71244588,71258491,13903
ENSG00000123338,54891495,54937726,46231
ENSG00000106410,144094333,144107320,12987
ENSG00000272609,137723491,137723964,473
ENSG00000234073,36921675,36922220,545
ENSG00000180914,8792094,8811314,19220
ENSG00000266141,35391042,35391110,68
ENSG00000207573,32772593,32772689,96
ENSG00000255216,119879313,119882867,3554
ENSG00000240668,137820320,137821759,1439
ENSG00000264119,87275339,87275427,88
ENSG00000267479,35391965,35400550,8585
ENSG00000241764,107383262,107385026,1764
ENSG00000273014,32798494,32798965,471
ENSG00000266740,65801835,65801901,66
ENSG00000200256,75546260,75546368,108
ENSG00000239829,87372418,87373873,1455
ENSG00000264954,62073431,62077259,3828
ENSG00000199362,75548589,75548690,101
ENSG00000259541,120120468,120136641,16173
ENSG00000180662,65934525,65935059,534
ENSG00000250756,32827946,32828054,108
ENSG00000240902,87643988,87644526,538
ENSG00000241134,150446824,150487837,41013
ENSG00000255255,75622248,75622672,424
ENSG00000266895,35402760,35410075,7315
ENSG00000263936,47191,47266,75
ENSG00000251999,32831426,32831558,132
ENSG00000271609,21549808,21550115,307
ENSG00000207781,65937820,65937904,84
ENSG00000240255,87679451,87680769,1318
ENSG00000177324,18181051,18239024,57973
ENSG00000267115,37994808,37995367,559
ENSG00000229626,107449179,107450013,834
ENSG00000252798,21598948,21599185,237
ENSG00000260692,136227290,136232211,4921
ENSG00000255081,75625245,75626257,1012
ENSG00000182575,47653220,47661189,7969
ENSG00000239572,87780552,87842779,62227
ENSG00000231952,32852369,32878182,25813
ENSG00000258980,65995548,65996292,744
ENSG00000261596,21638063,21638723,660
ENSG00000273055,107582561,107583185,624
ENSG00000230247,79784536,79785526,990
ENSG00000223013,75645980,75646083,103
ENSG00000180458,38036372,38040073,3701
ENSG00000239581,35497536,35498349,813
ENSG00000238592,65154648,65154753,105
ENSG00000207248,21653375,21653481,106
ENSG00000238297,107640237,107640427,190
ENSG00000254915,75653173,75653479,306
ENSG00000243020,65261736,65262479,743
ENSG00000258629,66346310,66347788,1478
ENSG00000207042,21653615,21653721,106
ENSG00000172782,72873428,72889708,16280
ENSG00000255006,120490643,120490976,333
ENSG00000216085,107677291,107677381,90
ENSG00000165660,126490354,126525239,34885
ENSG00000151025,25463991,25891155,427164
ENSG00000228051,79815645,79817553,1908
ENSG00000260306,21805416,21807080,1664
ENSG00000223168,51705147,51705474,327
ENSG00000266112,107998751,107998849,98
ENSG00000177105,3848208,3862213,14005
ENSG00000255421,75848359,75848775,416
ENSG00000258960,66367650,66368169,519
ENSG00000168303,40165622,40174258,8636
ENSG00000255693,65277174,65371302,94128
ENSG00000231006,108150677,108151420,743
ENSG00000166927,60145955,60163424,17469
ENSG00000117308,24122089,24127271,5182
ENSG00000235645,71444655,71452208,7553
ENSG00000228612,79827370,79830106,2736
ENSG00000260057,51796430,51807084,10654
ENSG00000254933,75901769,75906115,4346
ENSG00000250493,120738642,120765506,26864
ENSG00000238876,66478359,66478451,92
ENSG00000225647,108238819,108254711,15892
ENSG00000254735,120806811,120807363,552
ENSG00000145687,80708840,81047616,338776
ENSG00000174715,138362716,138363536,820
ENSG00000224861,66479548,66480507,959
ENSG00000255362,75922000,75927069,5069
ENSG00000225715,79965427,79966204,777
ENSG00000248124,21807951,21831731,23780
ENSG00000267470,38039816,38078249,38433
ENSG00000270425,108361052,108362045,993
ENSG00000254515,121109013,121109397,384
ENSG00000075131,66628544,66679084,50540
ENSG00000111846,10492456,10629601,137145
ENSG00000248995,65314625,65376304,61679
ENSG00000100325,30184597,30234271,49674
ENSG00000239207,138496674,138497652,978
ENSG00000229603,108549510,108592723,43213
ENSG00000272301,76100692,76101172,480
ENSG00000261470,52112534,52114401,1867
ENSG00000224496,30040743,30053350,12607
ENSG00000258502,66578299,66592565,14266
ENSG00000199005,101377476,101377550,74
ENSG00000110931,121675497,121736111,60614
ENSG00000242321,138515693,138516082,389
ENSG00000244400,121120979,121121687,708
ENSG00000271757,76103240,76103949,709
ENSG00000251769,101382173,101382230,57
ENSG00000260268,52116977,52119021,2044
ENSG00000260507,90171503,90172724,1221
ENSG00000252873,101383915,101383982,67
ENSG00000201756,76115184,76115296,112
ENSG00000202191,101391161,101391229,68
ENSG00000127318,68642022,68647387,5365
ENSG00000261172,90176982,90234633,57651
ENSG00000255135,76152382,76155700,3318
ENSG00000268759,32774822,32780287,5465
ENSG00000232460,121232559,121233574,1015
ENSG00000231656,7580613,7591823,11210
ENSG00000127588,848041,850733,2692
ENSG00000254755,76302067,76302255,188
ENSG00000179604,71279763,71308314,28551
ENSG00000222359,90211000,90211103,103
ENSG00000151445,77893018,77924295,31277
ENSG00000174943,29916333,29938356,22023
ENSG00000168917,136537489,136574734,37245
ENSG00000154518,176040986,176049335,8349
ENSG00000271022,121297354,121298125,771
ENSG00000261749,52119192,52132979,13787
ENSG00000133641,88427623,88443937,16314
ENSG00000257886,105466264,105467799,1535
ENSG00000246790,121318040,121323722,5682
ENSG00000239150,163853,163928,75
ENSG00000260975,52231924,52261868,29944
ENSG00000238303,164278,164360,82
ENSG00000153037,112196919,112205485,8566
ENSG00000257999,105496250,105500957,4707
ENSG00000266402,62223330,62223836,506
ENSG00000260478,52271994,52303352,31358
ENSG00000103569,58430368,58478110,47742
ENSG00000252556,121875063,121875159,96
ENSG00000238600,168106,168180,74
ENSG00000181908,64216546,64219126,2580
ENSG00000239060,171364,171439,75
ENSG00000257642,105698645,105720795,22150
ENSG00000114853,42695176,42709072,13896
ENSG00000269730,31471969,31472444,475
ENSG00000199753,62223443,62223512,69
ENSG00000232653,32885657,32896179,10522
ENSG00000238664,173994,174069,75
ENSG00000264749,105721684,105721770,86
ENSG00000256358,62385676,62386050,374
ENSG00000109016,21026677,21096578,69901
ENSG00000226923,31483952,31485467,1515
ENSG00000237048,7672965,7678724,5759
ENSG00000251949,101392317,101392388,71
ENSG00000239306,66384053,66394818,10765
ENSG00000257859,106097981,106137840,39859
ENSG00000256826,62487640,62487906,266
ENSG00000212384,101393679,101393750,71
ENSG00000201700,101396256,101396328,72
ENSG00000153823,229715242,230136001,420759
ENSG00000169760,173114074,174004434,890360
ENSG00000167945,855443,863861,8418
ENSG00000201672,101402828,101402902,74
ENSG00000255248,121899063,121987031,87968
ENSG00000215603,7721727,7722917,1190
ENSG00000117411,44444615,44456840,12225
ENSG00000237703,30056560,30065548,8988
ENSG00000221564,65332803,65332897,94
ENSG00000210181,37009682,37009807,125
ENSG00000267224,57046668,57047132,464
ENSG00000272334,37014608,37015163,555
ENSG00000019995,126630692,126676758,46066
ENSG00000236165,37017807,37018331,524
ENSG00000102098,18257434,18372847,115413
ENSG00000257773,106409675,106410784,1109
ENSG00000162889,206858289,206907628,49339
ENSG00000225746,101403738,101426536,22798
ENSG00000070950,8817088,9005457,188369
ENSG00000267421,57047525,57049944,2419
ENSG00000244246,7781463,7782131,668
ENSG00000271835,37026534,37026975,441
ENSG00000229745,7801038,7805681,4643
ENSG00000272127,37027357,37028273,916
ENSG00000146477,160769300,160876014,106714
ENSG00000257890,106444739,106452032,7293
ENSG00000167323,3875757,4114439,238682
ENSG00000169953,20893326,20990548,97222
ENSG00000269808,55738587,55741647,3060
ENSG00000168065,64323098,64340347,17249
ENSG00000239008,80112575,80112701,126
ENSG00000269696,57056935,57078780,21845
ENSG00000272905,32885006,32885673,667
ENSG00000212623,80156256,80156363,107
ENSG00000225454,30889843,30890665,822
ENSG00000073905,80184999,80185846,847
ENSG00000125872,6021424,6034695,13271
ENSG00000122376,88853918,88951225,97307
ENSG00000268847,57100863,57101649,786
ENSG00000187957,230222345,230579274,356929
ENSG00000212546,80191933,80192039,106
ENSG00000205763,32956427,32982788,26361
ENSG00000264374,80496319,80496400,81
ENSG00000118162,47978401,47987525,9124
ENSG00000237710,33021645,33032912,11267
ENSG00000231875,80618767,80619669,902
ENSG00000237112,29523343,29600923,77580
ENSG00000268036,57125178,57125319,141
ENSG00000224523,80664437,80682775,18338
ENSG00000259060,21051051,21077954,26903
ENSG00000242259,19338891,19435755,96864
ENSG00000254982,35500531,35501387,856
ENSG00000268352,57183636,57196021,12385
ENSG00000268568,57183942,57185269,1327
ENSG00000111231,110890289,110907073,16784
ENSG00000124151,46130601,46285621,155020
ENSG00000105063,55741148,55770363,29215
ENSG00000265695,62496891,62496957,66
ENSG00000237740,89136653,89138238,1585
ENSG00000266241,62497332,62497431,99
ENSG00000269793,57202054,57311014,108960
ENSG00000104755,39601254,39695808,94554
ENSG00000266566,62526893,62526975,82
ENSG00000271779,62568947,62569199,252
ENSG00000151655,7745232,7791483,46251
ENSG00000232251,30899496,30912715,13219
ENSG00000180176,2185159,2193107,7948
ENSG00000236417,89146442,89149960,3518
ENSG00000203883,62679076,62680994,1918
ENSG00000270714,62743382,62743610,228
ENSG00000166035,58702768,58861151,158383
ENSG00000171885,24432002,24445782,13780
ENSG00000207971,121970465,121970552,87
ENSG00000121067,47676246,47755596,79350
ENSG00000153347,94727048,94786158,59110
ENSG00000103227,903634,1031318,127684
ENSG00000198975,122017229,122017301,72
ENSG00000198671,65411248,65413586,2338
ENSG00000155903,141205889,141334184,128295
ENSG00000215769,62745781,62778117,32336
ENSG00000127362,141463897,141464997,1100
ENSG00000207994,122022937,122023016,79
ENSG00000207099,65489529,65489635,106
ENSG00000265070,57230571,57230655,84
ENSG00000227968,108634088,108635086,998
ENSG00000255700,65528468,65529053,585
ENSG00000268067,57272301,57272583,282
ENSG00000180066,134257831,134262912,5081
ENSG00000175600,40174575,40900362,725787
ENSG00000241200,7859028,7859847,819
ENSG00000173464,21051054,21078043,26989
ENSG00000200860,66644245,66644353,108
ENSG00000230941,108962377,108966372,3995
ENSG00000255090,122026130,122293579,267449
ENSG00000124564,25833294,25882514,49220
ENSG00000268407,57304416,57304617,201
ENSG00000258561,66679528,66976112,296584
ENSG00000101311,6055492,6104191,48699
ENSG00000234273,109162038,109237223,75185
ENSG00000257438,106496941,106499943,3002
ENSG00000229477,7588261,7591271,3010
ENSG00000173933,66384097,66434153,50056
ENSG00000268654,57352270,57359924,7654
ENSG00000230192,109300151,109300859,708
ENSG00000158092,136581050,136668665,87615
ENSG00000163617,113682984,113775460,92476
ENSG00000127364,141478242,141479235,993
ENSG00000269786,57433386,57433581,195
ENSG00000137601,170314426,170533780,219354
ENSG00000164327,38938021,39074510,136489
ENSG00000182040,72912176,72919351,7175
ENSG00000266820,62746036,62754721,8685
ENSG00000224710,7595909,7598918,3009
ENSG00000180660,36047926,36050832,2906
ENSG00000255479,76336506,76337878,1372
ENSG00000268483,57576702,57577507,805
ENSG00000172548,156887027,156901725,14698
ENSG00000255363,76339140,76341407,2267
ENSG00000127366,141490017,141491166,1149
ENSG00000243955,52656462,52668708,12246
ENSG00000254810,76365213,76367756,2543
ENSG00000255015,122165646,122172471,6825
ENSG00000228055,89156780,89184549,27769
ENSG00000182890,120181462,120183794,2332
ENSG00000236304,76368100,76374910,6810
ENSG00000255219,122165898,122178727,12829
ENSG00000252683,57645418,57645635,217
ENSG00000270293,57661881,57662346,465
ENSG00000252776,122319918,122320039,121
ENSG00000185608,19419425,19423598,4173
ENSG00000231569,89167801,89168015,214
ENSG00000254975,76386123,76414239,28116
ENSG00000253035,122322182,122322307,125
ENSG00000270790,57662955,57663228,273
ENSG00000223265,122449913,122450015,102
ENSG00000257611,106563782,106566215,2433
ENSG00000222192,89322845,89322943,98
ENSG00000268379,57686601,57689289,2688
ENSG00000223761,89351364,89365781,14417
ENSG00000254572,122484152,122485194,1042
ENSG00000239893,7936937,7938764,1827
ENSG00000225913,89367742,89419036,51294
ENSG00000273448,66798034,66799370,1336
ENSG00000268713,57772722,57774106,1384
ENSG00000196566,89369920,89419760,49840
ENSG00000254935,122489559,122489982,423
ENSG00000233446,80855571,80856805,1234
ENSG00000235475,66800963,66805011,4048
ENSG00000196553,66953072,66965271,12199
ENSG00000267871,57778588,57791702,13114
ENSG00000239079,122596916,122597019,103
ENSG00000265600,66821667,66821766,99
ENSG00000199709,122797742,122797881,139
ENSG00000268205,57815673,57819930,4257
ENSG00000068001,50355221,50360337,5116
ENSG00000197321,29746267,30025710,279443
ENSG00000258355,106639391,106640734,1343
ENSG00000226392,67092818,67093006,188
ENSG00000254944,122831035,122831794,759
ENSG00000260745,142013007,142013489,482
ENSG00000238609,106676705,106676767,62
ENSG00000242429,35519530,35520053,523
ENSG00000047579,15523032,15663289,140257
ENSG00000237466,67093009,67093336,327
ENSG00000257711,107074536,107078478,3942
ENSG00000268723,57828576,57828930,354
ENSG00000206826,81256669,81256776,107
ENSG00000213184,122888346,122889369,1023
ENSG00000233423,67156045,67162016,5971
ENSG00000260227,142020496,142021363,867
ENSG00000235259,30067805,30077295,9490
ENSG00000228041,81753118,81753373,255
ENSG00000268678,57862216,57863380,1164
ENSG00000136634,206940947,206945839,4892
ENSG00000223948,67234616,67235455,839
ENSG00000108946,66507921,66547460,39539
ENSG00000008086,18443703,18671749,228046
ENSG00000243669,122906575,122906932,357
ENSG00000268545,57971280,57971488,208
ENSG00000260923,90252405,90289086,36681
ENSG00000233813,30575727,30584413,8686
ENSG00000225209,67485240,67497677,12437
ENSG00000146535,2767746,2883958,116212
ENSG00000261506,142028121,142028610,489
ENSG00000268266,57989017,57994364,5347
ENSG00000213653,81761883,81762261,378
ENSG00000266942,35743821,35744861,1040
ENSG00000244641,122920495,122921061,566
ENSG00000227204,7995171,8012244,17073
ENSG00000267613,35768023,35768681,658
ENSG00000268392,58136400,58138318,1918
ENSG00000236531,67556210,67584196,27986
ENSG00000260407,142032006,142032527,521
ENSG00000267562,35814273,35815033,760
ENSG00000099783,8509651,8553998,44347
ENSG00000232975,67562724,67563237,513
ENSG00000178053,158288952,158325041,36089
ENSG00000233541,122921869,122922109,240
ENSG00000269097,58175648,58176407,759
ENSG00000198408,103544200,103578696,34496
ENSG00000259829,142045252,142045816,564
ENSG00000264453,58249833,58249918,85
ENSG00000267542,35969787,35973886,4099
ENSG00000200879,122928785,122928869,84
ENSG00000115216,27650657,27665126,14469
ENSG00000268361,44058844,44097188,38344
ENSG00000226829,67615270,67753220,137950
ENSG00000269304,58337829,58338146,317
ENSG00000207118,122929617,122929703,86
ENSG00000260885,142049015,142049495,480
ENSG00000267668,36002976,36044255,41279
ENSG00000202252,122930043,122930130,87
ENSG00000267319,38184181,38184465,284
ENSG00000237754,67706624,67707254,630
ENSG00000255342,123006631,123007084,453
ENSG00000267152,38219487,38221544,2057
ENSG00000259825,142062481,142062934,453
ENSG00000223535,7603556,7614766,11210
ENSG00000225959,67731306,67731846,540
ENSG00000267380,36009162,36010922,1760
ENSG00000254710,123059510,123098985,39475
ENSG00000259549,36105206,36108563,3357
ENSG00000261626,142070668,142071148,480
ENSG00000267422,38270326,38283505,13179
ENSG00000133083,36345478,36705443,359965
ENSG00000228429,68105785,68106571,786
ENSG00000137145,19230433,19374139,143706
ENSG00000237184,36158869,36162759,3890
ENSG00000200496,123172098,123172231,133
ENSG00000224858,37058011,37058505,494
ENSG00000102119,153607557,153609883,2326
ENSG00000261785,142074311,142074850,539
ENSG00000254823,123184382,123185478,1096
ENSG00000267671,36187925,36244363,56438
ENSG00000068383,134351324,134596979,245655
ENSG00000222428,68188898,68189035,137
ENSG00000234465,44080952,44088116,7164
ENSG00000267640,38307999,38317278,9279
ENSG00000233689,68505139,68511790,6651
ENSG00000261287,142102303,142102758,455
ENSG00000171703,62681189,62703700,22511
ENSG00000206645,37134624,37134725,101
ENSG00000149792,64889655,64894843,5188
ENSG00000200189,68590257,68590363,106
ENSG00000175029,126676421,126849739,173318
ENSG00000198670,160952515,161087407,134892
ENSG00000254407,123210882,123211422,540
ENSG00000225558,37176149,37176593,444
ENSG00000236839,68652820,68654305,1485
ENSG00000260080,142105845,142106351,506
ENSG00000265655,68655128,68655211,83
ENSG00000225718,68689683,68895909,206226
ENSG00000257918,107108702,107126844,18142
ENSG00000181652,150709297,150721586,12289
ENSG00000261237,142110713,142111179,466
ENSG00000265357,123252148,123252220,72
ENSG00000258436,21058352,21058982,630
ENSG00000255414,123325106,123331118,6012
ENSG00000261031,142113402,142113923,521
ENSG00000258604,21492331,21497430,5099
ENSG00000225868,38314362,38345855,31493
ENSG00000230654,68795684,68796364,680
ENSG00000254449,123468654,123470160,1506
ENSG00000198826,32907345,32932150,24805
ENSG00000261700,142121373,142121890,517
ENSG00000229031,68796821,68798619,1798
ENSG00000181803,21108855,21109850,995
ENSG00000258714,21558546,21560491,1945
ENSG00000254467,123539207,123542345,3138
ENSG00000125675,122318006,122624766,306760
ENSG00000112695,75947391,75960039,12648
ENSG00000183034,72920370,72930007,9637
ENSG00000178107,21576202,21584862,8660
ENSG00000225996,150521897,150524367,2470
ENSG00000202183,81816650,81816796,146
ENSG00000266814,123579381,123579478,97
ENSG00000260437,142129179,142129643,464
ENSG00000023892,35265595,35289548,23953
ENSG00000200197,123634635,123634797,162
ENSG00000236365,82130657,82130893,236
ENSG00000252423,68866188,68866289,101
ENSG00000254613,123711714,123712584,870
ENSG00000258722,21578454,21581631,3177
ENSG00000200857,68972496,68972608,112
ENSG00000266210,69001035,69001303,268
ENSG00000260546,142146452,142146952,500
ENSG00000090006,41098789,41135725,36936
ENSG00000229481,38320191,38322797,2606
ENSG00000254430,123732530,123733229,699
ENSG00000232735,82253707,82254244,537
ENSG00000165076,141536086,141541287,5201
ENSG00000234215,69060944,69062434,1490
ENSG00000256922,128278072,128305728,27656
ENSG00000268051,38454493,38455430,937
ENSG00000261412,142172447,142172948,501
ENSG00000142224,206972215,207016324,44109
ENSG00000258818,21152259,21168761,16502
ENSG00000226461,123880362,123880719,357
ENSG00000272066,82761031,82764222,3191
ENSG00000255757,128361544,128362061,517
ENSG00000221258,38544518,38544605,87
ENSG00000236978,70302724,70302999,275
ENSG00000200102,21581798,21581904,106
ENSG00000150750,111126707,111157126,30419
ENSG00000268764,38599140,38600173,1033
ENSG00000272294,82766304,82767135,831
ENSG00000203804,150533480,150533969,489
ENSG00000259913,142176673,142177134,461
ENSG00000259102,21630672,21631902,1230
ENSG00000256597,128366162,128367536,1374
ENSG00000103994,42705021,42783321,78300
ENSG00000269653,38675016,38676905,1889
ENSG00000265878,70772658,70772742,84
ENSG00000157119,42727011,42734036,7025
ENSG00000260843,142184418,142185083,665
ENSG00000196511,144149034,144533488,384454
ENSG00000268499,38690476,38691574,1098
ENSG00000258906,21652500,21653118,618
ENSG00000266688,70775445,70775537,92
ENSG00000070010,19437433,19466738,29305
ENSG00000199940,71150437,71150732,295
ENSG00000137845,58887403,59042177,154774
ENSG00000266428,38690874,38691170,296
ENSG00000256193,128399917,128436097,36180
ENSG00000201014,71378723,71378841,118
ENSG00000257119,107295061,107295762,701
ENSG00000200209,38785184,38785276,92
ENSG00000237122,7611204,7614214,3010
ENSG00000260116,142191056,142191532,476
ENSG00000235581,71407244,71407453,209
ENSG00000258441,21668238,21675059,6821
ENSG00000268913,38822274,38822716,442
ENSG00000240631,107304535,107304887,352
ENSG00000269867,58378406,58379540,1134
ENSG00000238838,38839649,38839750,101
ENSG00000228769,71568166,71569194,1028
ENSG00000260329,107347807,107349275,1468
ENSG00000260732,142204064,142204535,471
ENSG00000266963,38852435,38853124,689
ENSG00000236870,82814904,82815320,416
ENSG00000266772,72138047,72138146,99
ENSG00000257548,107487076,107517092,30016
ENSG00000132773,45805342,45809647,4305
ENSG00000270804,58379253,58380202,949
ENSG00000215102,83003833,83004947,1114
ENSG00000264494,72162874,72162949,75
ENSG00000234192,89402364,89402711,347
ENSG00000105676,19144384,19170563,26179
ENSG00000167378,44088521,44100287,11766
ENSG00000267090,38876162,38877399,1237
ENSG00000260429,142209379,142209811,432
ENSG00000257444,107665171,107665623,452
ENSG00000270694,72187850,72188054,204
ENSG00000267473,38888821,38890521,1700
ENSG00000226784,77223458,77225135,1677
ENSG00000196167,111164114,111175770,11656
ENSG00000270555,72233812,72234205,393
ENSG00000260216,142213648,142214185,537
ENSG00000269445,39017594,39019195,1601
ENSG00000095777,26223196,26501456,278260
ENSG00000237962,30942199,30948389,6190
ENSG00000223820,89577685,89605369,27684
ENSG00000266569,72293477,72293750,273
ENSG00000243234,58464526,58465127,601
ENSG00000229749,16757249,16757623,374
ENSG00000268055,39026157,39027768,1611
ENSG00000132388,4172554,4269923,97369
ENSG00000260106,142221545,142222051,506
ENSG00000102104,18658030,18690229,32199
ENSG00000267291,39086986,39092334,5348
ENSG00000265853,16796512,16796743,231
ENSG00000059804,8071826,8088871,17045
ENSG00000225648,72300004,72307909,7905
ENSG00000235974,58523957,58537294,13337
ENSG00000261463,142228898,142229326,428
ENSG00000243782,89592578,89592855,277
ENSG00000268660,58555960,58558137,2177
ENSG00000133816,12115543,12285334,169791
ENSG00000167566,50184929,50222533,37604
ENSG00000224745,89638449,89640184,1735
ENSG00000267375,39174513,39184246,9733
ENSG00000184923,88985205,88996665,11460
ENSG00000270837,58560414,58560714,300
ENSG00000128438,16826229,16838153,11924
ENSG00000261022,142233142,142233643,501
ENSG00000267892,39228924,39230503,1579
ENSG00000213613,89705259,89705781,522
ENSG00000243642,58581338,58581607,269
ENSG00000214290,111169565,111179460,9895
ENSG00000268293,58648080,58648421,341
ENSG00000261484,142241604,142242070,466
ENSG00000143384,150547032,150552066,5034
ENSG00000162891,207038699,207042568,3869
ENSG00000196220,9022275,9404737,382462
ENSG00000260074,142248910,142249342,432
ENSG00000261571,142253486,142254008,522
ENSG00000269236,58677533,58678512,979
ENSG00000266135,72312017,72312305,288
ENSG00000162571,1109264,1133315,24051
ENSG00000197467,71561644,71724031,162387
ENSG00000179994,72333321,72341076,7755
ENSG00000198286,2945775,3083579,137804
ENSG00000228881,30089025,30118001,28976
ENSG00000261563,142261249,142262208,959
ENSG00000124444,44100544,44105309,4765
ENSG00000250814,9854489,9890049,35560
ENSG00000260890,142270879,142271415,536
ENSG00000204710,64937625,64940715,3090
ENSG00000230709,16879313,16884667,5354
ENSG00000085832,51819935,51985000,165065
ENSG00000171931,18647326,18682662,35336
ENSG00000260143,142277448,142277943,495
ENSG00000230969,16891643,16893491,1848
ENSG00000122194,161123270,161174347,51077
ENSG00000180113,46655612,46672056,16444
ENSG00000166928,60146003,60185161,39158
ENSG00000200897,107768524,107768604,80
ENSG00000260328,16915228,16918304,3076
ENSG00000222302,107880288,107880412,124
ENSG00000261601,142285819,142286316,497
ENSG00000205403,110661852,110723335,61483
ENSG00000261361,136232087,136236704,4617
ENSG00000225442,16979352,16981066,1714
ENSG00000197891,64358113,64369820,11707
ENSG00000224184,11988748,12718474,729726
ENSG00000125457,73262309,73267308,4999
ENSG00000260705,142296465,142296947,482
ENSG00000263624,17071260,17088868,17608
ENSG00000269047,1031252,1031663,411
ENSG00000110777,111222977,111326355,103378
ENSG00000182938,72931814,72946087,14273
ENSG00000206859,17073397,17073503,106
ENSG00000260904,142302038,142302543,505
ENSG00000243370,17081729,17082020,291
ENSG00000153827,230628554,230787955,159401
ENSG00000169032,66679155,66784650,105495
ENSG00000266498,17138747,17139432,685
ENSG00000165389,34901995,34931562,29567
ENSG00000005513,1031808,1036979,5171
ENSG00000259824,142305349,142305854,505
ENSG00000226359,17145324,17146200,876
ENSG00000175854,131037658,131051269,13611
ENSG00000163536,167453031,167543356,90325
ENSG00000178307,21100593,21117937,17344
ENSG00000115616,103236166,103327777,91611
ENSG00000213013,58727546,58727927,381
ENSG00000162892,207070788,207077484,6696
ENSG00000268866,58735872,58736835,963
ENSG00000200891,89754375,89754452,77
ENSG00000227905,89807892,89809580,1688
ENSG00000236104,33282183,33285719,3536
ENSG00000201548,90345395,90345490,95
ENSG00000268516,58768639,58790174,21535
ENSG00000238363,111497182,111497314,132
ENSG00000237205,90377980,90378691,711
ENSG00000271408,90459440,90460158,718
ENSG00000213182,123925577,123926414,837
ENSG00000226358,90487242,90488671,1429
ENSG00000254614,64945077,64949305,4228
ENSG00000186268,123964289,123965239,950
ENSG00000129518,34985135,35008916,23781
ENSG00000257579,108003811,108011498,7687
ENSG00000213181,123975807,123976675,868
ENSG00000196403,124029128,124030063,935
ENSG00000102144,77320685,77384793,64108
ENSG00000225809,8132490,8145229,12739
ENSG00000268201,58778001,58779051,1050
ENSG00000239426,124077890,124078822,932
ENSG00000265109,17145878,17145961,83
ENSG00000144320,176788620,176867567,78947
ENSG00000162009,1122756,1131454,8698
ENSG00000109118,27232268,27278789,46521
ENSG00000250882,111509267,111511245,1978
ENSG00000215030,17286691,17287326,635
ENSG00000255425,124085346,124086394,1048
ENSG00000224573,32991038,32991268,230
ENSG00000227158,17325995,17327018,1023
ENSG00000104760,17721889,17767874,45985
ENSG00000252821,33041562,33041666,104
ENSG00000142396,58816715,58827023,10308
ENSG00000229054,33075824,33075994,170
ENSG00000241429,138543905,138545171,1266
ENSG00000222160,108044566,108044669,103
ENSG00000113552,141371314,141392606,21292
ENSG00000100749,97263641,97398059,134418
ENSG00000181214,124095437,124096365,928
ENSG00000240441,108113376,108113910,534
ENSG00000241420,33085412,33085702,290
ENSG00000100330,30279144,30426855,147711
ENSG00000249807,10137250,10138477,1227
ENSG00000111725,120105558,120119435,13877
ENSG00000252706,33155178,33155242,64
ENSG00000250280,65675437,65680508,5071
ENSG00000258136,108130332,108153745,23413
ENSG00000184471,1140005,1146244,6239
ENSG00000228015,33168600,33168755,155
ENSG00000242244,138608097,138608799,702
ENSG00000254845,124109121,124110228,1107
ENSG00000222741,33217352,33217450,98
ENSG00000215208,65812511,65813807,1296
ENSG00000086717,18694029,18846039,152010
ENSG00000251187,111527717,111545836,18119
ENSG00000244578,138654031,138662862,8831
ENSG00000255116,124143866,124144477,611
ENSG00000254976,124194767,124195685,918
ENSG00000255225,124208679,124209558,879
ENSG00000154080,24495595,24765281,269686
ENSG00000260515,10195233,10197740,2507
ENSG00000151553,116581503,116659591,78088
ENSG00000250748,65860600,66036152,175552
ENSG00000255030,124227456,124228365,909
ENSG00000251137,138800496,138801219,723
ENSG00000227737,124235530,124236447,917
ENSG00000232416,138823027,138844009,20982
ENSG00000229254,124246773,124247697,924
ENSG00000268211,131062367,131064212,1845
ENSG00000271998,10195299,10197734,2435
ENSG00000272656,139067866,139068213,347
ENSG00000251076,111563980,111593006,29026
ENSG00000196193,10201621,10201960,339
ENSG00000252245,139107119,139107206,87
ENSG00000257292,38599188,38599814,626
ENSG00000078081,182840001,182881627,41626
ENSG00000258360,38600033,38600994,961
ENSG00000248932,139108657,139302161,193504
ENSG00000117305,24128375,24165110,36735
ENSG00000244607,42734155,42814745,80590
ENSG00000272417,10203712,10204152,440
ENSG00000207296,39287642,39287749,107
ENSG00000253016,38668250,38668351,101
ENSG00000268756,39310806,39313863,3057
ENSG00000248968,10248437,10250027,1590
ENSG00000265298,62746538,62747429,891
ENSG00000266333,38715368,38715462,94
ENSG00000167112,131071382,131085021,13639
ENSG00000269688,39335369,39336139,770
ENSG00000256878,38866646,38866722,76
ENSG00000221515,52289363,52289461,98
ENSG00000269050,39360799,39364403,3604
ENSG00000260887,52292476,52314211,21735
ENSG00000248350,111699153,111699363,210
ENSG00000003400,202047604,202094129,46525
ENSG00000257645,38926697,38926852,155
ENSG00000272843,72394956,72395663,707
ENSG00000269486,39425976,39429272,3296
ENSG00000238503,12170429,12170498,69
ENSG00000267992,39521076,39521963,887
ENSG00000248790,139185272,139185637,365
ENSG00000249231,52586002,52686017,100015
ENSG00000271980,10264709,10267258,2549
ENSG00000112293,24424793,24495433,70640
ENSG00000178631,139212651,139213779,1128
ENSG00000251709,39540545,39540607,62
ENSG00000260830,21852451,21853079,628
ENSG00000269172,39625522,39627103,1581
ENSG00000189129,81891438,81905115,13677
ENSG00000120669,36742345,36871979,129634
ENSG00000248430,111788400,111788686,286
ENSG00000199436,21860309,21860412,103
ENSG00000257335,141607613,141806547,198934
ENSG00000268510,39727073,39727933,860
ENSG00000264089,12339256,12339327,71
ENSG00000200785,21865451,21865560,109
ENSG00000106133,72418120,72425329,7209
ENSG00000111554,68666223,68726161,59938
ENSG00000207183,12551524,12551627,103
ENSG00000241035,21867084,21867441,357
ENSG00000260481,142322555,142323065,510
ENSG00000070759,45809555,45956872,147317
ENSG00000213926,39745556,39745909,353
ENSG00000260963,52641261,52647820,6559
ENSG00000258870,21887779,21888119,340
ENSG00000248643,66384097,66413940,29843
ENSG00000128923,59063391,59154099,90708
ENSG00000272311,39755022,39756457,1435
ENSG00000174446,66782473,66790151,7678
ENSG00000263621,21897669,21897965,296
ENSG00000260915,142329504,142329995,491
ENSG00000271715,10269601,10270030,429
ENSG00000268262,39805291,39811498,6207
ENSG00000214274,21152336,21167130,14794
ENSG00000257096,21989234,21990794,1560
ENSG00000167325,4115937,4160106,44169
ENSG00000251014,111882670,111883202,532
ENSG00000256737,22031950,22033215,1265
ENSG00000269246,39832413,39832585,172
ENSG00000261414,142334564,142335109,545
ENSG00000079557,74347400,74369691,22291
ENSG00000256971,128425140,128434705,9565
ENSG00000110944,56732663,56734193,1530
ENSG00000256081,22053414,22054404,990
ENSG00000241983,39859793,39860086,293
ENSG00000223360,12739113,12745271,6158
ENSG00000182670,38445526,38575413,129887
ENSG00000256643,128508333,128511711,3378
ENSG00000266670,185699825,185700083,258
ENSG00000266559,39900263,39900318,55
ENSG00000260028,142339652,142340105,453
ENSG00000260393,52641674,52642070,396
ENSG00000234197,185796959,185798736,1777
ENSG00000269410,39916575,39919055,2480
ENSG00000112561,41651716,41703997,52281
ENSG00000169202,22070049,22070976,927
ENSG00000242393,23670185,23672356,2171
ENSG00000261261,52656027,52665000,8973
ENSG00000261112,142343262,142343994,732
ENSG00000269792,40023052,40025062,2010
ENSG00000252341,10292153,10292260,107
ENSG00000271368,109403631,109404414,783
ENSG00000230865,17359741,17360573,832
ENSG00000234548,186158134,186168485,10351
ENSG00000269584,40025103,40025661,558
ENSG00000237064,109599275,109600241,966
ENSG00000256385,22080078,22080535,457
ENSG00000260204,142357299,142357998,699
ENSG00000252671,10337389,10337498,109
ENSG00000115232,182321929,182400914,78985
ENSG00000256551,128571530,128602677,31147
ENSG00000232199,109638491,109639681,1190
ENSG00000234337,52689216,52689962,746
ENSG00000250358,111964133,111967797,3664
ENSG00000261117,12855541,12856353,812
ENSG00000269588,40043674,40045996,2322
ENSG00000255664,22117944,22118553,609
ENSG00000147403,153618315,153637504,19189
ENSG00000226965,110072296,110174811,102515
ENSG00000260424,142360432,142361115,683
ENSG00000259171,21152746,21168735,15989
ENSG00000133265,55773599,55791749,18150
ENSG00000170558,25530930,25757410,226480
ENSG00000180636,22138203,22139150,947
ENSG00000269188,40074682,40077129,2447
ENSG00000228540,110364215,110365881,1666
ENSG00000260050,142368231,142368981,750
ENSG00000260326,52968725,52969547,822
ENSG00000181035,19174808,19223697,48889
ENSG00000259802,10352813,10353713,900
ENSG00000100714,64854749,64926722,71973
ENSG00000221279,110568374,110568453,79
ENSG00000228257,23693725,23695897,2172
ENSG00000173914,66432469,66445392,12923
ENSG00000238922,110749324,110749413,89
ENSG00000260076,142387533,142388029,496
ENSG00000243621,111034931,111035099,168
ENSG00000181562,21214051,21216539,2488
ENSG00000260258,52976051,52977376,1325
ENSG00000256350,22167176,22167373,197
ENSG00000256659,128602762,128606497,3735
ENSG00000226614,33089852,33093846,3994
ENSG00000227948,111051375,111051939,564
ENSG00000260767,142396838,142397350,512
ENSG00000014216,64948037,64979477,31440
ENSG00000248358,22183018,22184486,1468
ENSG00000260939,53044307,53045198,891
ENSG00000227989,23717738,23719956,2218
ENSG00000225572,111448572,111461829,13257
ENSG00000240954,22218553,22219830,1277
ENSG00000264370,12877493,12877570,77
ENSG00000261913,142406772,142408166,1394
ENSG00000250045,112113327,112113858,531
ENSG00000265061,128729051,128729118,67
ENSG00000261550,53069602,53086785,17183
ENSG00000149932,29952206,29984373,32167
ENSG00000260486,142411213,142411717,504
ENSG00000212370,112114060,112114166,106
ENSG00000199594,37181818,37181921,103
ENSG00000261291,53202434,53203362,928
ENSG00000184991,23745486,23756552,11066
ENSG00000254778,32070086,32088232,18146
ENSG00000222346,111593708,111593820,112
ENSG00000212582,53284742,53284835,93
ENSG00000234358,111611277,111612043,766
ENSG00000157827,153191751,153506348,314597
ENSG00000181552,21236586,21239107,2521
ENSG00000265635,128778637,128778723,86
ENSG00000261110,142455848,142456363,515
ENSG00000225649,13106910,13147138,40228
ENSG00000255093,111322064,111328876,6812
ENSG00000202406,111928678,111929007,329
ENSG00000271123,23793569,23793901,332
ENSG00000249947,112220791,112221442,651
ENSG00000205021,34623842,34625731,1889
ENSG00000125845,6748311,6760927,12616
ENSG00000226851,111968244,112049678,81434
ENSG00000238895,128882977,128883067,90
ENSG00000257025,128884523,128889359,4836
ENSG00000162894,207077731,207096592,18861
ENSG00000226042,23799361,23800927,1566
ENSG00000226479,120978854,120980984,2130
ENSG00000230999,112012702,112013784,1082
ENSG00000204209,33286335,33297046,10711
ENSG00000270067,112229030,112229698,668
ENSG00000228075,54814293,54817531,3238
ENSG00000232922,112013788,112014305,517
ENSG00000138380,203776937,203851786,74849
ENSG00000105404,42460833,42463542,2709
ENSG00000151276,65339200,66024509,685309
ENSG00000169413,21249210,21250626,1416
ENSG00000236232,112014379,112015484,1105
ENSG00000137707,111338251,111383079,44828
ENSG00000180019,112086219,112086430,211
ENSG00000256630,128922323,128923751,1428
ENSG00000182158,137559725,137686813,127088
ENSG00000170581,56735381,56753939,18558
ENSG00000230308,30302488,30322825,20337
ENSG00000272389,112233720,112234068,348
ENSG00000237023,23823812,23835894,12082
ENSG00000177511,55018044,55038962,20918
ENSG00000250600,10441402,10441904,502
ENSG00000266499,112241335,112241434,99
ENSG00000224406,186172771,186211450,38679
ENSG00000246016,10479483,10482421,2938
ENSG00000186666,50231573,50236912,5339
ENSG00000129538,21269387,21271437,2050
ENSG00000167113,131084815,131096351,11536
ENSG00000244361,10488932,10489254,322
ENSG00000235017,31853114,31901001,47887
ENSG00000221749,129154425,129154519,94
ENSG00000177694,174156363,175523428,1367065
ENSG00000255838,129428819,129429748,929
ENSG00000144118,120997640,121052289,54649
ENSG00000232633,112658725,112772871,114146
ENSG00000249166,10493403,10494206,803
ENSG00000249396,10493639,10502840,9201
ENSG00000165637,76969912,76991206,21294
ENSG00000256581,129497881,129501208,3327
ENSG00000169435,74437267,74486348,49081
ENSG00000250709,36742931,36871979,129048
ENSG00000179163,24171567,24194784,23217
ENSG00000201283,36267501,36267607,106
ENSG00000261056,53332136,53333704,1568
ENSG00000270399,36333639,36333776,137
ENSG00000196557,1203241,1271771,68530
ENSG00000207212,36387075,36387176,101
ENSG00000229370,13677798,13749293,71495
ENSG00000134077,9404526,9428475,23949
ENSG00000266103,36566042,36566302,260
ENSG00000251741,112829532,112829657,125
ENSG00000238645,53368474,53368576,102
ENSG00000196793,44051792,44070066,18274
ENSG00000202193,53371365,53371483,118
ENSG00000064545,19229978,19249322,19344
ENSG00000229416,23839132,23843004,3872
ENSG00000255048,124274130,124274998,868
ENSG00000119547,55102917,55158529,55612
ENSG00000259962,53395931,53397590,1659
ENSG00000260833,36606638,36608688,2050
ENSG00000251628,113391703,113392871,1168
ENSG00000174353,72440227,72476445,36218
ENSG00000171700,62704534,62711323,6789
ENSG00000230448,13850656,14541087,690431
ENSG00000129515,35030300,35099389,69089
ENSG00000255510,124330430,124331381,951
ENSG00000222706,113589210,113589451,241
ENSG00000069188,71330523,71640228,309705
ENSG00000229386,124350895,124351819,924
ENSG00000137154,19375713,19380252,4539
ENSG00000249196,129594174,129597839,3665
ENSG00000260078,53398894,53406995,8101
ENSG00000254646,124386207,124387138,931
ENSG00000255315,124401521,124401806,285
ENSG00000246316,113824694,114004107,179413
ENSG00000254937,124408396,124409230,834
ENSG00000135472,50260679,50298000,37321
ENSG00000214179,10541568,10541807,239
ENSG00000261804,53407405,53418657,11252
ENSG00000255341,124471480,124472134,654
ENSG00000230029,23858456,23860106,1650
ENSG00000262714,53420856,53422997,2141
ENSG00000206489,30557688,30575899,18211
ENSG00000226859,186194516,186196159,1643
ENSG00000200278,124506355,124506488,133
ENSG00000110076,64373646,64490660,117014
ENSG00000255045,124614530,124616233,1703
ENSG00000250106,10627372,10628337,965
ENSG00000236524,186359299,186383496,24197
ENSG00000252569,53477140,53477244,104
ENSG00000259926,53482660,53483502,842
ENSG00000250073,124629025,124635832,6807
ENSG00000129625,112212084,112258236,46152
ENSG00000225175,186405118,186410295,5177
ENSG00000254509,124661124,124661556,432
ENSG00000227718,13863173,13898277,35104
ENSG00000143420,150573327,150602088,28761
ENSG00000226724,186416309,186426363,10054
ENSG00000245498,124670346,124704383,34037
ENSG00000251542,113911738,113915667,3929
ENSG00000157450,59157374,59389618,232244
ENSG00000115317,74756504,74760472,3968
ENSG00000254941,124677718,124678165,447
ENSG00000173898,66452719,66496697,43978
ENSG00000251132,114366970,114367591,621
ENSG00000197099,186435038,186478330,43292
ENSG00000215942,124712964,124713043,79
ENSG00000242715,36801182,36871977,70795
ENSG00000254568,124753587,124757685,4098
ENSG00000251196,10652323,10656037,3714
ENSG00000203306,124958377,124960411,2034
ENSG00000250242,114423589,114424172,583
ENSG00000149930,29984962,30003582,18620
ENSG00000066926,55215515,55254004,38489
ENSG00000187686,124983057,124996677,13620
ENSG00000114125,141457046,141466402,9356
ENSG00000272016,10654332,10657928,3596
ENSG00000183644,111385510,111407756,22246
ENSG00000258796,67227250,67227736,486
ENSG00000078674,17780349,17885478,105129
ENSG00000085511,161412759,161538417,125658
ENSG00000250472,114484461,114485341,880
ENSG00000255475,125002743,125009483,6740
ENSG00000235150,90545357,90546818,1461
ENSG00000244405,185764097,185828107,64010
ENSG00000125510,62711526,62731996,20470
ENSG00000254880,125028357,125034505,6148
ENSG00000258490,67435755,67436533,778
ENSG00000249791,114524260,114524629,369
ENSG00000228454,31974391,31995048,20657
ENSG00000259290,125058011,125061300,3289
ENSG00000234256,90636207,90637301,1094
ENSG00000251859,14414746,14414849,103
ENSG00000258988,67665779,67667044,1265
ENSG00000248175,114539713,114541943,2230
ENSG00000163914,129247483,129254012,6529
ENSG00000199755,67806785,67806893,108
ENSG00000224946,33316446,33316703,257
ENSG00000198298,44101855,44113351,11496
ENSG00000228505,14756552,14770316,13764
ENSG00000238090,33419576,33420498,922
ENSG00000227481,33769904,33771676,1772
ENSG00000154035,21142183,21156722,14539
ENSG00000271797,114598202,114599145,943
ENSG00000182965,112160543,112161725,1182
ENSG00000044446,18910418,19002716,92298
ENSG00000236494,33832780,33842768,9988
ENSG00000198677,94799599,94890711,91112
ENSG00000223646,112262433,112348135,85702
ENSG00000114383,50357458,50365682,8224
ENSG00000233219,33908113,33913843,5730
ENSG00000251548,10664607,10665225,618
ENSG00000243304,114600366,114601161,795
ENSG00000177076,19408925,19452018,43093
ENSG00000105402,47990894,48018497,27603
ENSG00000250197,114624733,114625027,294
ENSG00000225358,112375221,112378748,3527
ENSG00000162896,207101863,207119811,17948
ENSG00000249026,114725340,114728067,2727
ENSG00000222776,22248785,22248866,81
ENSG00000158553,27253682,27279949,26267
ENSG00000174444,66790355,66816870,26515
ENSG00000256474,22297692,22298223,531
ENSG00000109534,110736666,110745893,9227
ENSG00000272324,10761177,10770406,9229
ENSG00000265993,67908572,67908647,75
ENSG00000256379,22371257,22371778,521
ENSG00000259502,68077703,68080581,2878
ENSG00000200703,87791693,87791799,106
ENSG00000248722,114738077,114738659,582
ENSG00000146070,46671938,46703430,31492
ENSG00000221059,87959370,87959495,125
ENSG00000258482,22418629,22418877,248
ENSG00000249944,114825331,114825628,297
ENSG00000241535,88144558,88145118,560
ENSG00000258557,22431047,22431270,223
ENSG00000259648,68081646,68083343,1697
ENSG00000249433,114829254,114829518,264
ENSG00000242159,88366306,88368172,1866
ENSG00000176635,30476163,30573064,96901
ENSG00000188822,24197016,24285549,88533
ENSG00000258705,22480149,22483203,3054
ENSG00000264333,58822283,58822368,85
ENSG00000235127,15026771,15047788,21017
ENSG00000257411,56495115,56503073,7958
ENSG00000269794,58830643,58831855,1212
ENSG00000201741,17363758,17363836,78
ENSG00000229087,15537559,15537906,347
ENSG00000166922,32933877,32989299,55422
ENSG00000225073,31485454,31501810,16356
ENSG00000265511,17410665,17411622,957
ENSG00000250444,114847774,114849391,1617
ENSG00000250576,10775170,10777174,2004
ENSG00000206730,17481945,17482053,108
ENSG00000124613,27342394,27371683,29289
ENSG00000264666,17494742,17513799,19057
ENSG00000268230,58858220,58874117,15897
ENSG00000171695,62714733,62715712,979
ENSG00000201529,68084019,68084132,113
ENSG00000223979,17577340,17581002,3662
ENSG00000258626,68119017,68119331,314
ENSG00000234022,15704294,15713992,9698
ENSG00000178804,129262057,129270310,8253
ENSG00000249249,114937754,114956356,18602
ENSG00000163517,13521224,13547916,26692
ENSG00000141736,37844167,37886679,42512
ENSG00000237328,17662468,17674135,11667
ENSG00000189266,24285599,24289952,4353
ENSG00000241779,30321146,30322899,1753
ENSG00000207312,11027312,11027419,107
ENSG00000226746,17680000,17682843,2843
ENSG00000264167,17681095,17682408,1313
ENSG00000212305,12297511,12297616,105
ENSG00000263647,62758030,62758828,798
ENSG00000166930,60197062,60222687,25625
ENSG00000242038,32080837,32084535,3698
ENSG00000207839,17717150,17717245,95
ENSG00000224194,15808808,15820608,11800
ENSG00000125522,62737173,62738524,1351
ENSG00000197815,17761583,17762295,712
ENSG00000173905,167726465,167813763,87298
ENSG00000265982,62774960,62775055,95
ENSG00000198380,69546905,69614382,67477
ENSG00000148826,134598297,134599556,1259
ENSG00000151576,113724680,113807269,82589
ENSG00000249021,115027159,115027864,705
ENSG00000268895,58859117,58866549,7432
ENSG00000230273,17884506,17884886,380
ENSG00000248783,12554002,12574749,20747
ENSG00000155886,19507450,19786926,279476
ENSG00000152939,68710939,68740157,29218
ENSG00000154237,101459420,101610317,150897
ENSG00000201378,17904415,17904509,94
ENSG00000167114,131102925,131123749,20824
ENSG00000232344,17913957,17915136,1179
ENSG00000248709,115091341,115091983,642
ENSG00000141161,33474836,33516364,41528
ENSG00000237326,15941871,15951001,9130
ENSG00000251118,115106283,115106686,403
ENSG00000238634,22610887,22610964,77
ENSG00000214176,62775377,62833272,57895
ENSG00000258835,22623012,22623571,559
ENSG00000222598,115110016,115110199,183
ENSG00000238691,18049866,18049969,103
ENSG00000248131,12574969,12804475,229506
ENSG00000266677,18075939,18088067,12128
ENSG00000174093,36337717,36421858,84141
ENSG00000068028,50367219,50378411,11192
ENSG00000096654,27418522,27440897,22375
ENSG00000248295,115310210,115311972,1762
ENSG00000268275,41653964,41654127,163
ENSG00000268049,58869365,58870969,1604
ENSG00000269054,58873951,58877958,4007
ENSG00000165832,116697952,116737430,39478
ENSG00000202160,16005059,16005175,116
ENSG00000105409,42470734,42501649,30915
ENSG00000252211,58874805,58874929,124
ENSG00000266640,58898137,58898225,88
ENSG00000128342,30636436,30642840,6404
ENSG00000180245,110749150,110765760,16610
ENSG00000268307,58911588,58912046,458
ENSG00000221778,115365715,115365808,93
ENSG00000220996,115378868,115378958,90
ENSG00000232098,58915605,58919851,4246
ENSG00000214657,16010063,16010367,304
ENSG00000196132,62783144,62873604,90460
ENSG00000185641,115387607,115387986,379
ENSG00000238371,16043792,16043895,103
ENSG00000171928,18684308,18710027,25719
ENSG00000039600,157052687,157098488,45801
ENSG00000130508,1635659,1748624,112965
ENSG00000264921,12599735,12599812,77
ENSG00000268543,58929927,58930677,750
ENSG00000096088,41704449,41721847,17398
ENSG00000268912,58939999,58942515,2516
ENSG00000262655,13984236,14289351,305115
ENSG00000034152,21187984,21218552,30568
ENSG00000269473,58951815,58957216,5401
ENSG00000223850,16060521,16076139,15618
ENSG00000269106,58986722,58987130,408
ENSG00000163083,121103719,121109384,5665
ENSG00000252334,58995116,58995210,94
ENSG00000156738,60223225,60238233,15008
ENSG00000204381,111411005,111432264,21259
ENSG00000265272,59002214,59002488,274
ENSG00000251112,12794212,12794843,631
ENSG00000162897,207131310,207143970,12660
ENSG00000264910,59054670,59054945,275
ENSG00000226763,44100769,44118649,17880
ENSG00000272265,115413807,115414267,460
ENSG00000267858,59070496,59086164,15668
ENSG00000099985,30658818,30662829,4011
ENSG00000263804,62813308,62813597,289
ENSG00000271918,115419504,115421113,1609
ENSG00000103067,68263014,68272005,8991
ENSG00000252242,62821883,62821937,54
ENSG00000144028,96940074,96971297,31223
ENSG00000272400,62843504,62843846,342
ENSG00000264840,62867622,62867902,280
ENSG00000138182,91461367,91534700,73333
ENSG00000260647,18171394,18172142,748
ENSG00000249053,12794843,12795634,791
ENSG00000272134,62877209,62877299,90
ENSG00000205838,34838938,34899561,60623
ENSG00000225543,31072775,31074111,1336
ENSG00000185130,27775257,27775709,452
ENSG00000272220,62888846,62888963,117
ENSG00000228000,18215218,18215965,747
ENSG00000233718,16061159,16082371,21212
ENSG00000265218,62888847,62906298,17451
ENSG00000237382,18216074,18216847,773
ENSG00000212457,115524152,115524249,97
ENSG00000268194,121221911,121223697,1786
ENSG00000232916,115553723,115553992,269
ENSG00000213753,59084870,59111168,26298
ENSG00000109101,26833261,26865914,32653
ENSG00000267350,18227536,18229211,1675
ENSG00000250015,115638051,115639831,1780
ENSG00000131116,44111371,44124026,12655
ENSG00000262489,14299511,14386053,86542
ENSG00000226976,37012607,37013177,570
ENSG00000264177,18283169,18292298,9129
ENSG00000185710,21890659,21930477,39818
ENSG00000233439,31076302,31101556,25254
ENSG00000267441,18292185,18292773,588
ENSG00000256121,115780104,115780830,726
ENSG00000204471,18296794,18304275,7481
ENSG00000266644,62895884,62896834,950
ENSG00000262307,14156533,14156647,114
ENSG00000262344,14284393,14295238,10845
ENSG00000128805,49654077,49864310,210233
ENSG00000231187,46951472,46966835,15363
ENSG00000137193,37137979,37143202,5223
ENSG00000206412,30517400,30529581,12181
ENSG00000248445,115783243,115843972,60729
ENSG00000134762,28569974,28622781,52807
ENSG00000105767,44126520,44143991,17471
ENSG00000180139,90692400,90700368,7968
ENSG00000197822,68788119,68853931,65812
ENSG00000268784,59093391,59093976,585
ENSG00000269032,59097525,59097723,198
ENSG00000223477,47011753,47174018,162265
ENSG00000171843,20341663,20622542,280879
ENSG00000261438,90775593,90776816,1223
ENSG00000272474,101404524,101404601,77
ENSG00000239282,30681106,30685616,4510
ENSG00000248457,12914180,13032998,118818
ENSG00000269600,59105263,59110722,5459
ENSG00000258869,98215601,98230326,14725
ENSG00000109572,170533784,170644824,111040
ENSG00000252144,101405405,101405475,70
ENSG00000269084,21737895,21738068,173
ENSG00000238991,90820788,90820888,100
ENSG00000213412,47133338,47133898,560
ENSG00000200215,101405893,101405968,75
ENSG00000265375,90823092,90823168,76
ENSG00000186891,1138888,1142071,3183
ENSG00000122641,41724712,41742706,17994
ENSG00000255866,65953371,65954669,1298
ENSG00000249048,22645170,22645761,591
ENSG00000251918,101406904,101406974,70
ENSG00000233292,90898801,90899215,414
ENSG00000200632,101407463,101407539,76
ENSG00000258905,22653458,22653953,495
ENSG00000270369,47174442,47174739,297
ENSG00000256268,65996649,66006777,10128
ENSG00000200367,101409788,101409861,73
ENSG00000258812,22658052,22658607,555
ENSG00000057657,106534195,106557814,23619
ENSG00000224919,47186203,47192185,5982
ENSG00000260181,136236984,136251634,14650
ENSG00000071203,60260251,60274903,14652
ENSG00000118156,48023942,48059113,35171
ENSG00000259068,22733632,22734147,515
ENSG00000197262,34639793,34641846,2053
ENSG00000222717,13174877,13174960,83
ENSG00000264157,97464015,97464090,75
ENSG00000167580,50344524,50352664,8140
ENSG00000254929,47207805,47243502,35697
ENSG00000248145,13175958,13179684,3726
ENSG00000133104,36875775,36944317,68542
ENSG00000273265,97477976,97479394,1418
ENSG00000242608,13250347,13250774,427
ENSG00000244253,40079595,40079765,170
ENSG00000248462,13553763,13554075,312
ENSG00000252845,97622445,97622552,107
ENSG00000252877,47222341,47222456,115
ENSG00000092531,42783431,42837547,54116
ENSG00000109103,26873725,26879686,5961
ENSG00000182557,4336983,4391503,54520
ENSG00000243581,40081621,40081791,170
ENSG00000143919,44589089,44999731,410642
ENSG00000238760,97647019,97647121,102
ENSG00000116176,1271651,1275257,3606
ENSG00000074047,121493199,121750229,257030
ENSG00000248134,97684080,97684341,261
ENSG00000243744,13638028,13638490,462
ENSG00000251079,47228366,47241942,13576
ENSG00000014138,65029233,65073060,43827
ENSG00000182795,207191866,207206101,14235
ENSG00000239320,40088472,40088642,170
ENSG00000183423,110769358,110793471,24113
ENSG00000239528,115898258,115898626,368
ENSG00000236212,34249138,34295955,46817
ENSG00000251423,13860447,13897880,37433
ENSG00000107518,116853124,117708503,855379
ENSG00000133246,8554940,8567996,13056
ENSG00000202431,34337108,34337210,102
ENSG00000269519,40121940,40122086,146
ENSG00000265985,34352562,34352657,95
ENSG00000243541,16090812,16091103,291
ENSG00000246223,98391947,98444461,52514
ENSG00000268153,40129325,40133041,3716
ENSG00000167118,131133598,131153015,19417
ENSG00000177666,818902,825573,6671
ENSG00000263632,108193412,108193497,85
ENSG00000248791,14620129,14621422,1293
ENSG00000144188,97691718,97697373,5655
ENSG00000215601,8148239,8150250,2011
ENSG00000204979,60282886,60310194,27308
ENSG00000230930,33108368,33138186,29818
ENSG00000257141,108226635,108228807,2172
ENSG00000197085,34386124,34911194,525070
ENSG00000224634,8218972,8220184,1212
ENSG00000226764,16137171,16203007,65836
ENSG00000268243,40135142,40135252,110
ENSG00000257398,108233068,108258339,25271
ENSG00000111300,112464500,112546826,82326
ENSG00000271974,62902001,62902136,135
ENSG00000250526,14639535,14641127,1592
ENSG00000109618,25121627,25162204,40577
ENSG00000079102,92967203,93115514,148311
ENSG00000249167,115910178,115927094,16916
ENSG00000263620,8054134,8066293,12159
ENSG00000011422,44150247,44174699,24452
ENSG00000263538,139213460,139213543,83
ENSG00000197253,1277272,1280214,2942
ENSG00000264057,62923752,62930321,6569
ENSG00000214280,139301770,139302435,665
ENSG00000203880,62887094,62926855,39761
ENSG00000258119,38937979,38983614,45635
ENSG00000214562,89117425,89130452,13027
ENSG00000265130,36757302,36758954,1652
ENSG00000236289,16190549,16225923,35374
ENSG00000186827,1146706,1149518,2812
ENSG00000257718,39300253,39303394,3141
ENSG00000265081,36777453,36777733,280
ENSG00000180667,207217194,207226325,9131
ENSG00000197575,116051929,116052387,458
ENSG00000137776,59171244,59225852,54608
ENSG00000252801,39307042,39307128,86
ENSG00000265930,36858515,36858584,69
ENSG00000257586,39388605,39390684,2079
ENSG00000261005,36858705,36861000,2295
ENSG00000266155,62932603,62936347,3744
ENSG00000166923,33010175,33026870,16695
ENSG00000220205,8062467,8066864,4397
ENSG00000266040,36859733,36862514,2781
ENSG00000171811,134621896,134756327,134431
ENSG00000227222,30635497,30649062,13565
ENSG00000272346,62936700,62937105,405
ENSG00000257237,39451830,39453735,1905
ENSG00000263975,36871581,36876525,4944
ENSG00000234520,112594701,112635689,40988
ENSG00000259851,142461162,142461662,500
ENSG00000232457,62936720,62952664,15944
ENSG00000230343,97700179,97700443,264
ENSG00000266632,36875944,36876001,57
ENSG00000251311,116078687,116097905,19218
ENSG00000250182,14652047,14653438,1391
ENSG00000258144,39481515,39486676,5161
ENSG00000200115,36888055,36888173,118
ENSG00000252278,36911532,36911653,121
ENSG00000168137,9439299,9520924,81625
ENSG00000235379,34750369,34751092,723
ENSG00000261450,142480719,142481407,688
ENSG00000225457,112740718,112786385,45667
ENSG00000237123,31076642,31081981,5339
ENSG00000064489,19256376,19302967,46591
ENSG00000270718,39564448,39564682,234
ENSG00000188529,24291294,24307417,16123
ENSG00000252974,39836850,39836918,68
ENSG00000010282,42734155,42744319,10164
ENSG00000186765,79495422,79504156,8734
ENSG00000265912,62939380,62947172,7792
ENSG00000122966,120123595,120315095,191500
ENSG00000270997,113055744,113056377,633
ENSG00000004399,129274018,129325661,51643
ENSG00000272006,62947616,62947727,111
ENSG00000236580,113937169,113937484,315
ENSG00000236847,97701198,97703286,2088
ENSG00000187658,157098561,157107151,8590
ENSG00000236989,16225344,16245963,20619
ENSG00000261473,142489985,142493589,3604
ENSG00000214174,62962668,62971694,9026
ENSG00000230356,34789865,34791665,1800
ENSG00000120664,36920568,36943738,23170
ENSG00000223955,8231577,8232000,423
ENSG00000205584,72440345,72442258,1913
ENSG00000224595,114054299,114059930,5631
ENSG00000138798,110834040,110933422,99382
ENSG00000012817,21865751,21906825,41074
ENSG00000114124,141496990,141537332,40342
ENSG00000234179,8232073,8233191,1118
ENSG00000202334,114253842,114253961,119
ENSG00000242653,34793036,34793333,297
ENSG00000201950,101411986,101412057,71
ENSG00000266229,114269910,114270011,101
ENSG00000261360,14661917,14664713,2796
ENSG00000251802,34932029,34932161,132
ENSG00000182793,52696453,52710893,14440
ENSG00000272230,114293400,114293510,110
ENSG00000221669,34980372,34980446,74
ENSG00000135953,103332299,103353347,21048
ENSG00000233607,114701591,114871409,169818
ENSG00000113272,157158205,157168456,10251
ENSG00000189212,35119601,35225934,106333
ENSG00000225535,114719012,114766368,47356
ENSG00000161798,50355653,50359464,3811
ENSG00000160469,55793440,55823901,30461
ENSG00000133250,8575462,8579048,3586
ENSG00000174564,136665072,136729927,64855
ENSG00000248751,30681227,30695471,14244
ENSG00000217455,3179868,3214287,34419
ENSG00000229061,30584860,30604840,19980
ENSG00000172738,37179956,37225931,45975
ENSG00000262739,142531859,142535452,3593
ENSG00000226962,114776529,114777274,745
ENSG00000112033,35310335,35395968,85633
ENSG00000238712,21900888,21900991,103
ENSG00000112425,145822719,146057160,234441
ENSG00000257408,21950186,21956451,6265
ENSG00000199764,114847948,114848050,102
ENSG00000244565,115143421,115144135,714
ENSG00000228712,33094049,33096234,2185
ENSG00000271315,16330519,16330662,143
ENSG00000248905,33057747,33486897,429150
ENSG00000026652,161551011,161695093,144082
ENSG00000202377,115221369,115221496,127
ENSG00000260395,22009631,22010977,1346
ENSG00000078808,1152288,1167411,15123
ENSG00000167861,72946838,72969261,22423
ENSG00000133101,37005967,37017019,11052
ENSG00000176605,99177950,99184098,6148
ENSG00000167123,131174030,131199626,25596
ENSG00000143457,150618701,150669630,50929
ENSG00000260277,22094577,22103552,8975
ENSG00000069849,141594966,141645356,50390
ENSG00000251704,16380471,16380563,92
ENSG00000226041,16383698,16385494,1796
ENSG00000138829,127593601,127994878,401277
ENSG00000065970,8185299,8208099,22800
ENSG00000255743,172864,172940,76
ENSG00000203624,30574996,30583682,8686
ENSG00000232127,31099052,31100868,1816
ENSG00000272874,247827,249498,1671
ENSG00000172236,1290697,1292555,1858
ENSG00000247315,278214,280961,2747
ENSG00000228876,16405315,16410408,5093
ENSG00000063169,48111453,48206533,95080
ENSG00000262134,142552587,142554261,1674
ENSG00000225377,300957,328868,27911
ENSG00000149798,65082289,65089900,7611
ENSG00000266598,63048027,63049426,1399
ENSG00000230341,30652415,30663921,11506
ENSG00000206797,431307,431406,99
ENSG00000263470,63096930,63107176,10246
ENSG00000261830,142557258,142557307,49
ENSG00000101278,820090,820620,530
ENSG00000086159,50360977,50370922,9945
ENSG00000261339,142557453,142557503,50
ENSG00000249485,14797234,14798509,1275
ENSG00000265883,63181437,63181600,163
ENSG00000259960,142557590,142557635,45
ENSG00000265189,63416701,63416778,77
ENSG00000272253,68123822,68123928,106
ENSG00000260535,142557740,142557788,48
ENSG00000263520,63453659,63454526,867
ENSG00000271587,63640426,63640735,309
ENSG00000261119,142557891,142557940,49
ENSG00000166508,99690351,99699563,9212
ENSG00000215388,1141228,1142341,1113
ENSG00000270870,63651032,63651513,481
ENSG00000177685,826144,831991,5847
ENSG00000260373,142558012,142558059,47
ENSG00000231266,16408295,16409462,1167
ENSG00000266707,64193811,64194356,545
ENSG00000234684,1306049,1359378,53329
ENSG00000260712,142558132,142558184,52
ENSG00000123836,207222801,207254369,31568
ENSG00000260783,142558349,142558395,46
ENSG00000264792,14826038,14826121,83
ENSG00000124449,44220162,44224173,4011
ENSG00000260881,142561934,142563641,1707
ENSG00000232444,16497592,16500834,3242
ENSG00000175018,127265091,127371713,106622
ENSG00000199575,101416170,101416241,71
ENSG00000200823,101418193,101418270,77
ENSG00000255991,39860244,39861147,903
ENSG00000272057,14872441,14872822,381
ENSG00000131203,39759794,39785963,26169
ENSG00000201839,101419686,101419760,74
ENSG00000168827,158362067,158410364,48297
ENSG00000200832,101420711,101420785,74
ENSG00000261262,142573479,142574292,813
ENSG00000199798,101421707,101421776,69
ENSG00000224400,16535524,16613970,78446
ENSG00000133808,12297627,12380691,83064
ENSG00000200150,101422577,101422649,72
ENSG00000201263,101423503,101423574,71
ENSG00000221996,4388493,4389616,1123
ENSG00000131873,101715928,101792137,76209
ENSG00000133884,65101225,65120720,19495
ENSG00000249928,14874509,14874820,311
ENSG00000270273,39933383,39933653,270
ENSG00000229728,1342266,1343229,963
ENSG00000177565,176737143,176915261,178118
ENSG00000146555,3341080,4308632,967552
ENSG00000232018,101426846,101433377,6531
ENSG00000223082,40200897,40200976,79
ENSG00000266085,1469195,1469292,97
ENSG00000196747,27775899,27776429,530
ENSG00000179029,8076555,8079717,3162
ENSG00000199571,40213552,40213685,133
ENSG00000242324,1497405,1538299,40894
ENSG00000229014,40462045,40462392,347
ENSG00000099992,30687979,30723035,35056
ENSG00000250662,14877776,14878028,252
ENSG00000099250,33466420,33625190,158770
ENSG00000260943,40534728,40536678,1950
ENSG00000199390,101429391,101429467,76
ENSG00000223914,40550041,40561509,11468
ENSG00000201240,101432366,101432437,71
ENSG00000252103,1509702,1509805,103
ENSG00000200279,101433389,101433460,71
ENSG00000271523,1572038,1572494,456
ENSG00000271417,101433989,101452987,18998
ENSG00000225342,40579811,40617605,37794
ENSG00000237914,1614154,1629118,14964
ENSG00000149929,30003645,30007757,4112
ENSG00000103066,68279207,68294961,15754
ENSG00000229899,40680091,40680464,373
ENSG00000134440,55267888,55289445,21557
ENSG00000258167,40789655,40837649,47994
ENSG00000170515,56498103,56507691,9588
ENSG00000249150,116156689,116165883,9194
ENSG00000207492,40947963,40948069,106
ENSG00000223750,1645929,1688846,42917
ENSG00000257680,41122613,41123699,1086
ENSG00000200608,101434448,101434522,74
ENSG00000057663,106632351,106773666,141315
ENSG00000270748,97712325,97712628,303
ENSG00000168875,137483579,137484396,817
ENSG00000257228,41803269,41867312,64043
ENSG00000237633,16704444,16710655,6211
ENSG00000120049,103585731,103603677,17946
ENSG00000115318,74759541,74782817,23276
ENSG00000206355,31103949,31119721,15772
ENSG00000242348,1647006,1647284,278
ENSG00000138180,95256389,95288849,32460
ENSG00000220161,18314473,18317694,3221
ENSG00000250650,116355244,116355375,131
ENSG00000260195,142615936,142632056,16120
ENSG00000236550,1657308,1657553,245
ENSG00000056050,170650616,170679104,28488
ENSG00000271402,97716466,97716765,299
ENSG00000224080,37185003,37185449,446
ENSG00000106571,42000548,42277469,276921
ENSG00000202270,101435285,101435359,74
ENSG00000252364,42052478,42052595,117
ENSG00000234282,1702691,1703183,492
ENSG00000228854,30664073,30667446,3373
ENSG00000258239,42092297,42092984,687
ENSG00000223536,16909391,16948822,39431
ENSG00000205266,18319042,18328411,9369
ENSG00000257858,42093193,42094053,860
ENSG00000212036,14910667,14910749,82
ENSG00000271461,1737402,1739586,2184
ENSG00000250949,116366896,116374265,7369
ENSG00000171860,8210898,8219067,8169
ENSG00000095917,1306060,1308532,2472
ENSG00000271993,37223598,37224225,627
ENSG00000170145,111473115,111601577,128462
ENSG00000250247,14960341,14961502,1161
ENSG00000257784,42157991,42159383,1392
ENSG00000180440,37248049,37271976,23927
ENSG00000232528,1748603,1760641,12038
ENSG00000105771,44235301,44259142,23841
ENSG00000158089,31133333,31378068,244735
ENSG00000231449,37237695,37238157,462
ENSG00000204670,97725682,97726152,470
ENSG00000024422,48216600,48246391,29791
ENSG00000066405,137717577,137752494,34917
ENSG00000257239,42223700,42326394,102694
ENSG00000134755,28645940,28682378,36438
ENSG00000238929,37238232,37238335,103
ENSG00000271653,37258270,37259479,1209
ENSG00000270194,37283280,37285668,2388
ENSG00000205318,10633993,10647501,13508
ENSG00000133111,37393361,37403241,9880
ENSG00000176354,37283303,37285686,2383
ENSG00000224604,17035087,17036551,1464
ENSG00000230839,1784662,1798252,13590
ENSG00000261630,54015141,54015824,683
ENSG00000257128,42305058,42306014,956
ENSG00000230409,37317087,37318089,1002
ENSG00000266162,18321509,18321620,111
ENSG00000263791,36982091,36982145,54
ENSG00000243758,116636800,116637138,338
ENSG00000260194,54032225,54033881,1656
ENSG00000240279,18324133,18328200,4067
ENSG00000252699,37007777,37007912,135
ENSG00000271379,42463737,42464427,690
ENSG00000233896,1927892,1988163,60271
ENSG00000261049,54067909,54088495,20586
ENSG00000199293,37009116,37009247,131
ENSG00000222208,37383140,37383257,117
ENSG00000244086,37011567,37011923,356
ENSG00000237670,17151301,17155764,4463
ENSG00000239105,37614642,37614704,62
ENSG00000260936,54073305,54074638,1333
ENSG00000227663,2056201,2056468,267
ENSG00000202269,15110895,15111029,134
ENSG00000263466,37059957,37060853,896
ENSG00000222842,17304108,17304407,299
ENSG00000263452,2137858,2137927,69
ENSG00000265784,37075054,37078022,2968
ENSG00000248663,116751205,116881993,130788
ENSG00000214696,54146970,54148378,1408
ENSG00000226644,2187863,2193797,5934
ENSG00000166959,60467047,60483284,16237
ENSG00000263874,37081421,37084310,2889
ENSG00000259759,54273605,54274566,961
ENSG00000179761,27277531,27384234,106703
ENSG00000127152,99635624,99737861,102237
ENSG00000249332,15112486,15117116,4630
ENSG00000235257,37786923,37903271,116348
ENSG00000212643,112227313,112228791,1478
ENSG00000261803,54399919,54404611,4692
ENSG00000265428,37152576,37152877,301
ENSG00000214843,17465559,17466162,603
ENSG00000188352,20658308,20995954,337646
ENSG00000229725,24017478,24019697,2219
ENSG00000207305,2433656,2433763,107
ENSG00000170417,103353367,103460352,106985
ENSG00000251806,2443608,2443683,75
ENSG00000266588,37159501,37169285,9784
ENSG00000251618,24041541,24043706,2165
ENSG00000243566,76139745,76648340,508595
ENSG00000221062,2633423,2633488,65
ENSG00000248486,15192248,15266650,74402
ENSG00000188383,97746835,97748986,2151
ENSG00000221116,2634858,2634932,74
ENSG00000185345,161768452,163148803,1380351
ENSG00000120693,37418968,37494902,75934
ENSG00000266013,37182968,37183363,395
ENSG00000237649,33359313,33377701,18388
ENSG00000227444,24065082,24067253,2171
ENSG00000271798,2635713,2635844,131
ENSG00000261113,22298029,22300059,2030
ENSG00000264079,54583215,54583308,93
ENSG00000212498,2636743,2636828,85
ENSG00000261171,54881159,54882145,986
ENSG00000203813,27777842,27778314,472
ENSG00000229686,2637270,2637340,70
ENSG00000236348,17566358,17567684,1326
ENSG00000226572,2637585,2637656,71
ENSG00000158106,144451057,144466390,15333
ENSG00000038210,25162263,25280714,118451
ENSG00000228293,2644998,2646520,1522
ENSG00000260635,22376442,22380368,3926
ENSG00000214553,37183530,37209458,25928
ENSG00000251477,117054935,117057792,2857
ENSG00000180344,2677351,2677781,430
ENSG00000260790,22386180,22389501,3321
ENSG00000131871,101811022,101817705,6683
ENSG00000226217,2761260,2761687,427
ENSG00000245694,54952775,54963101,10326
ENSG00000085276,168801287,169381406,580119
ENSG00000212455,18221872,18221999,127
ENSG00000230872,22393757,22418749,24992
ENSG00000201247,101436216,101436289,73
ENSG00000263905,3074861,3075153,292
ENSG00000182611,27782112,27782607,495
ENSG00000199593,101438440,101438514,74
ENSG00000235958,3087559,3131513,43954
ENSG00000242421,97766321,97766609,288
ENSG00000201557,101439007,101439078,71
ENSG00000248834,15384329,15384962,633
ENSG00000270187,97987331,97987617,286
ENSG00000199914,101439932,101440001,69
ENSG00000204262,189896622,190044605,147983
ENSG00000257951,108275019,108277159,2140
ENSG00000226529,8239704,8240071,367
ENSG00000257122,22430090,22449036,18946
ENSG00000266792,3261065,3261355,290
ENSG00000257392,108281507,108283663,2156
ENSG00000249582,117114521,117115227,706
ENSG00000201294,3340683,3340789,106
ENSG00000228696,44352150,44439130,86980
ENSG00000188452,182401403,182545392,143989
ENSG00000226632,3342527,3342971,444
ENSG00000234850,8240282,8240751,469
ENSG00000266048,37190179,37190295,116
ENSG00000173825,65122238,65125084,2846
ENSG00000201346,3364876,3365086,210
ENSG00000271226,97996726,97997025,299
ENSG00000266355,3384863,3384932,69
ENSG00000260331,18728652,18729470,818
ENSG00000263818,37213272,37269443,56171
ENSG00000196374,27782822,27783267,445
ENSG00000225116,3445824,3446091,267
ENSG00000257426,108293415,108293592,177
ENSG00000214782,60496789,60511685,14896
ENSG00000230568,3470176,3471652,1476
ENSG00000258072,108297047,108297725,678
ENSG00000249797,117260703,117601730,341027
ENSG00000227830,8281078,8282095,1017
ENSG00000157538,38595721,38640262,44541
ENSG00000264957,3487654,3487759,105
ENSG00000213999,19256377,19303400,47023
ENSG00000207170,18764633,18764734,101
ENSG00000229539,3868886,3869515,629
ENSG00000108788,40719086,40725257,6171
ENSG00000257129,108304180,108306397,2217
ENSG00000199024,3898141,3898218,77
ENSG00000259711,54968825,54988577,19752
ENSG00000224626,18966073,18969018,2945
ENSG00000197238,27791884,27792257,373
ENSG00000207316,88480341,88480459,118
ENSG00000259725,54971698,54972583,885
ENSG00000242365,88650211,88650552,341
ENSG00000226608,4004552,4005091,539
ENSG00000216824,8286832,8287941,1109
ENSG00000174469,145813453,148118090,2304637
ENSG00000089775,64915824,64971931,56107
ENSG00000103275,1355548,1377019,21471
ENSG00000248699,15450810,15451920,1110
ENSG00000174279,176942200,176948641,6441
ENSG00000242705,88997292,89000078,2786
ENSG00000260147,55041894,55042218,324
ENSG00000237296,22448329,22503541,55212
ENSG00000152620,36192694,36242381,49687
ENSG00000271015,98000864,98001167,303
ENSG00000259283,55293881,55367500,73619
ENSG00000215063,4040280,4040760,480
ENSG00000239555,55325293,55325587,294
ENSG00000197702,12398732,12552348,153616
ENSG00000263207,55366267,55366879,612
ENSG00000230176,4173712,4176590,2878
ENSG00000166961,60524426,60544205,19779
ENSG00000240760,55386633,55387000,367
ENSG00000257281,108674880,108676012,1132
ENSG00000197914,27798952,27799305,353
ENSG00000236387,4411808,4412320,512
ENSG00000242072,115287515,115316383,28868
ENSG00000238282,4456285,4505846,49561
ENSG00000250427,117618270,117620477,2207
ENSG00000222494,37237318,37237440,122
ENSG00000232348,8506335,8512883,6548
ENSG00000260135,55461470,55496209,34739
ENSG00000169592,30006615,30017114,10499
ENSG00000241861,89096592,89097584,992
ENSG00000266101,37329543,37333756,4213
ENSG00000182776,51793956,51797351,3395
ENSG00000228210,4571639,4571946,307
ENSG00000240973,115319399,115322672,3273
ENSG00000181061,42798669,42846023,47354
ENSG00000247213,108827907,108886362,58455
ENSG00000240951,89637036,89637720,684
ENSG00000235482,37789601,37790391,790
ENSG00000265460,37394719,37407071,12352
ENSG00000243345,115429783,115431103,1320
ENSG00000271569,98018364,98018640,276
ENSG00000183734,2289725,2292182,2457
ENSG00000240309,89637864,89639247,1383
ENSG00000226948,4610073,4610865,792
ENSG00000268432,157160003,157161727,1724
ENSG00000236204,19167729,19546509,378780
ENSG00000180979,42834720,42841000,6280
ENSG00000199224,115473327,115473427,100
ENSG00000173715,66511922,66610987,99065
ENSG00000212598,90079434,90079644,210
ENSG00000256221,22801352,22803115,1763
ENSG00000243243,115877983,115967950,89967
ENSG00000099995,30727977,30752936,24959
ENSG00000256915,66038114,66057079,18965
ENSG00000222490,90233784,90233883,99
ENSG00000233699,8551411,8551919,508
ENSG00000168228,25314407,25372005,57598
ENSG00000120697,37523912,37574398,50486
ENSG00000137434,10671651,10695030,23379
ENSG00000155858,157170703,157187717,17014
ENSG00000250891,117803851,117897812,93961
ENSG00000189002,90251466,90306565,55099
ENSG00000231071,4716315,4717319,1004
ENSG00000232419,8572513,8573324,811
ENSG00000162241,65142663,65151172,8509
ENSG00000186188,95326422,95364237,37815
ENSG00000137713,111597632,111637151,39519
ENSG00000237813,115878314,116139519,261205
ENSG00000251002,22849083,22951948,102865
ENSG00000252096,4849630,4849764,134
ENSG00000261997,55572112,55575939,3827
ENSG00000252058,4863030,4863122,92
ENSG00000271024,90310564,90310858,294
ENSG00000234573,4994166,4994370,204
ENSG00000089818,8234807,8250367,15560
ENSG00000186831,18330175,18335162,4987
ENSG00000125611,113341817,113346852,5035
ENSG00000237870,115915660,115926788,11128
ENSG00000266199,5006365,5006628,263
ENSG00000260765,55762027,55784023,21996
ENSG00000128714,176957619,176960666,3047
ENSG00000212536,5079033,5079122,89
ENSG00000252367,5094639,5094729,90
ENSG00000212517,5102063,5102185,122
ENSG00000225022,5273034,5273477,443
ENSG00000204856,110906169,110928190,22021
ENSG00000132109,4406127,4414926,8799
ENSG00000216076,115985909,115985998,89
ENSG00000226603,31662096,31673108,11012
ENSG00000270252,98024520,98024800,280
ENSG00000252672,116073268,116073354,86
ENSG00000250250,15602298,15607457,5159
ENSG00000200313,5326652,5326806,154
ENSG00000235427,116182772,116192023,9251
ENSG00000243220,116203648,116211288,7640
ENSG00000266753,37408897,37410550,1653
ENSG00000226995,5407541,5451740,44199
ENSG00000270450,98037725,98038028,303
ENSG00000236592,35208836,35209150,314
ENSG00000226788,33097900,33102125,4225
ENSG00000170178,176964458,176966408,1950
ENSG00000226063,35297992,35299340,1348
ENSG00000206488,30584129,30604110,19981
ENSG00000093009,19466982,19508135,41153
ENSG00000013563,153629579,153640449,10870
ENSG00000266738,19548190,19548266,76
ENSG00000169429,74606223,74609433,3210
ENSG00000164729,33519539,33521412,1873
ENSG00000110900,31079362,31149534,70172
ENSG00000233822,27806323,27823487,17164
ENSG00000216077,15935291,15935369,78
ENSG00000230563,5451853,5455828,3975
ENSG00000222884,42473563,42473684,121
ENSG00000249551,117911270,117917019,5749
ENSG00000241710,42636017,42636316,299
ENSG00000232567,47253595,47259683,6088
ENSG00000234597,19657981,19668722,10741
ENSG00000234012,30675831,30693912,18081
ENSG00000257674,42680713,42682362,1649
ENSG00000235464,35535631,35549873,14242
ENSG00000222312,16033338,16033465,127
ENSG00000110665,2316875,2324279,7404
ENSG00000271122,35734824,35739023,4199
ENSG00000265904,37453658,37453742,84
ENSG00000122787,137687070,137802732,115662
ENSG00000157992,27665233,27669348,4115
ENSG00000266469,37558046,37562486,4440
ENSG00000271630,98041867,98042166,299
ENSG00000205181,5476713,5485259,8546
ENSG00000237992,19675211,19688611,13400
ENSG00000252917,42740863,42741016,153
ENSG00000180910,8651351,8685423,34072
ENSG00000199886,42792352,42792453,101
ENSG00000157456,59397277,59417244,19967
ENSG00000250981,16129287,16141711,12424
ENSG00000081923,55313658,55470333,156675
ENSG00000123843,207262187,207273338,11151
ENSG00000180061,55824169,55845416,21247
ENSG00000257376,42825467,42827159,1692
ENSG00000184348,27805658,27806117,459
ENSG00000181963,4470525,4471591,1066
ENSG00000251727,93562608,93562706,98
ENSG00000201339,93686770,93686864,94
ENSG00000112039,35420138,35434880,14742
ENSG00000187243,51804923,51812368,7445
ENSG00000200366,93695873,93695979,106
ENSG00000136197,42948325,42951904,3579
ENSG00000115541,198364718,198368181,3463
ENSG00000196778,4510109,4511138,1029
ENSG00000249128,117931883,117963787,31904
ENSG00000113282,157212751,157286183,73432
ENSG00000235911,19911476,19917337,5861
ENSG00000166750,33570055,33600674,30619
ENSG00000239614,93707478,93707790,312
ENSG00000213403,20026010,20026336,326
ENSG00000226652,186478893,186479564,671
ENSG00000266908,5479762,5483527,3765
ENSG00000207505,186489630,186489736,106
ENSG00000197790,4566421,4567374,953
ENSG00000225640,5488521,5490648,2127
ENSG00000230951,186490378,186491265,887
ENSG00000152348,81267844,81572676,304832
ENSG00000101323,7863628,7921121,57493
ENSG00000263826,186499569,186501968,2399
ENSG00000225831,5513524,5513981,457
ENSG00000242457,93794756,93796019,1263
ENSG00000250448,16180347,16185694,5347
ENSG00000271351,98051276,98051562,286
ENSG00000238942,186502585,186502653,68
ENSG00000228695,55794460,55828070,33610
ENSG00000235820,5514274,5516535,2261
ENSG00000171987,4592653,4599050,6397
ENSG00000107789,89264632,89313217,48585
ENSG00000200418,186504112,186504234,122
ENSG00000221420,186504464,186504641,177
ENSG00000233578,5529486,5530127,641
ENSG00000200320,186505089,186505220,131
ENSG00000156959,9543481,9595486,52005
ENSG00000202380,5870701,5870858,157
ENSG00000263776,186505401,186505538,137
ENSG00000138207,95351444,95361501,10057
ENSG00000112530,163148164,163736524,588360
ENSG00000215589,5908731,5909964,1233
ENSG00000253062,93817351,93817410,59
ENSG00000207380,5945184,5945296,112
ENSG00000143452,150670536,150693364,22828
ENSG00000226288,4608021,4609135,1114
ENSG00000231961,5945826,5946157,331
ENSG00000178660,94225610,94226464,854
ENSG00000103064,68298433,68335722,37289
ENSG00000169740,44139307,44144304,4997
ENSG00000118496,146114638,146135889,21251
ENSG00000161800,50370706,50426919,56213
ENSG00000263755,5982379,5982674,295
ENSG00000233402,6181636,6182838,1202
ENSG00000242911,94654604,94654964,360
ENSG00000228784,20068621,20084808,16187
ENSG00000188676,39792133,39873910,81777
ENSG00000232268,4615037,4616243,1206
ENSG00000234241,6194346,6196028,1682
ENSG00000234629,94655930,94656868,938
ENSG00000223091,37638739,37638843,104
ENSG00000222777,37702357,37702497,140
ENSG00000271565,6199846,6200090,244
ENSG00000214546,37775866,37778766,2900
ENSG00000236411,37831412,37831936,524
ENSG00000169397,21359558,21360507,949
ENSG00000231724,186525481,186535910,10429
ENSG00000221449,6209441,6209595,154
ENSG00000229876,6427370,6509106,81736
ENSG00000232233,186528669,186543310,14641
ENSG00000199075,38010895,38010971,76
ENSG00000128713,176968944,176974722,5778
ENSG00000251380,134779905,134783038,3133
ENSG00000200579,38056059,38056160,101
ENSG00000228482,6711905,6716783,4878
ENSG00000231982,186544338,186545126,788
ENSG00000239589,94657016,94871353,214337
ENSG00000231668,38093250,38093886,636
ENSG00000251833,6841661,6841755,94
ENSG00000226482,186569675,186573912,4237
ENSG00000232271,7050261,7127303,77042
ENSG00000165410,35179593,35184029,4436
ENSG00000223803,186617987,186618346,359
ENSG00000227544,35754644,35774497,19853
ENSG00000169385,21423611,21424595,984
ENSG00000215065,47254247,47256007,1760
ENSG00000228888,7127114,7234849,107735
ENSG00000255833,134779908,134788089,8181
ENSG00000167333,4619902,4629489,9587
ENSG00000241542,68172671,68172972,301
ENSG00000258618,68181262,68181921,659
ENSG00000231210,116211014,116254874,43860
ENSG00000172689,60552821,60568778,15957
ENSG00000232438,47271222,47272342,1120
ENSG00000222670,11451,11589,138
ENSG00000198374,27833034,27833606,572
ENSG00000238102,7237227,7238861,1634
ENSG00000265178,37882748,37882814,66
ENSG00000120699,37572953,37583750,10797
ENSG00000228878,35791466,35840226,48760
ENSG00000261249,7282703,7288079,5376
ENSG00000264198,37913974,37920089,6115
ENSG00000224711,7328114,7348279,20165
ENSG00000240008,31662077,31665787,3710
ENSG00000264663,37991290,37992333,1043
ENSG00000271697,68201912,68202067,155
ENSG00000177697,832843,839831,6988
ENSG00000248403,16192197,16192818,621
ENSG00000240584,7614211,7614498,287
ENSG00000226117,37995622,37995777,155
ENSG00000221726,7677533,7677624,91
ENSG00000235945,116513508,116516430,2922
ENSG00000257221,109022463,109035094,12631
ENSG00000237837,98069548,98071970,2422
ENSG00000215586,7812445,7812969,524
ENSG00000227310,47279073,47289833,10760
ENSG00000136485,61627822,61671639,43817
ENSG00000125827,7957995,8000476,42481
ENSG00000107562,44793038,44881941,88903
ENSG00000259042,22886826,22887645,819
ENSG00000114126,141663277,141868386,205109
ENSG00000174156,52761437,52774483,13046
ENSG00000129048,132316081,132337811,21730
ENSG00000264968,38083995,38095854,11859
ENSG00000249446,22945296,22945352,56
ENSG00000228207,8769244,8771317,2073
ENSG00000229766,7999870,8024159,24289
ENSG00000250688,22950686,22950742,56
ENSG00000189014,47379727,47420712,40985
ENSG00000238904,118093906,118093969,63
ENSG00000248150,16373470,16440190,66720
ENSG00000184357,27834570,27835359,789
ENSG00000187860,30752624,30774647,22023
ENSG00000238457,109062224,109062284,60
ENSG00000201569,101441143,101441217,74
ENSG00000200060,109132260,109132380,120
ENSG00000198838,33603163,34158303,555140
ENSG00000225683,163586446,163612840,26394
ENSG00000126391,65154070,65180996,26926
ENSG00000256699,129693146,129697207,4061
ENSG00000249426,118096169,118121154,24985
ENSG00000182759,144501352,144512576,11224
ENSG00000128710,176973518,176984670,11152
ENSG00000182572,27839623,27840099,476
ENSG00000110104,60609544,60618554,9010
ENSG00000249737,16428645,16432545,3900
ENSG00000226262,8078471,8080421,1950
ENSG00000264710,47382464,47382747,283
ENSG00000252792,68212084,68212191,107
ENSG00000239820,68217947,68218261,314
ENSG00000226964,47396223,47396822,599
ENSG00000258759,68265721,68266326,605
ENSG00000214856,18335365,18346209,10844
ENSG00000136811,131217465,131263571,46106
ENSG00000173357,8774265,8784114,9849
ENSG00000244048,94890764,94891221,457
ENSG00000226667,47570513,47573872,3359
ENSG00000225479,8229351,8237564,8213
ENSG00000258837,68591721,68596913,5192
ENSG00000179841,64932217,64941221,9004
ENSG00000226092,24073668,24083297,9629
ENSG00000246214,16616035,16630078,14043
ENSG00000244677,68616337,68616625,288
ENSG00000221201,8589827,8589912,85
ENSG00000215044,47594379,47595651,1272
ENSG00000198558,27840926,27841289,363
ENSG00000176681,44370099,44415160,45061
ENSG00000222298,8590801,8590887,86
ENSG00000178591,67891,77735,9844
ENSG00000201348,8811833,8812040,207
ENSG00000196562,46285092,46415360,130268
ENSG00000176022,1167629,1170421,2792
ENSG00000201600,139302947,139303287,340
ENSG00000228438,8910542,8910685,143
ENSG00000244692,139328513,139328781,268
ENSG00000176907,40010989,40012821,1832
ENSG00000252819,9047481,9047555,74
ENSG00000271991,20101786,20102330,544
ENSG00000256085,130005848,130007308,1460
ENSG00000014164,144519825,144623623,103798
ENSG00000261763,139397462,139401406,3944
ENSG00000137814,42841008,42862192,21184
ENSG00000225988,9485827,9495645,9818
ENSG00000265799,38168479,38170958,2479
ENSG00000250415,16617334,16621385,4051
ENSG00000266769,91024097,91024163,66
ENSG00000256646,42948872,42971773,22901
ENSG00000237968,24086159,24087740,1581
ENSG00000250543,139407245,139408184,939
ENSG00000125788,123010,126392,3382
ENSG00000232738,9556255,9558336,2081
ENSG00000232110,91043522,91051882,8360
ENSG00000256137,130165972,130182772,16800
ENSG00000243961,9966736,9987764,21028
ENSG00000227210,20189978,20203971,13993
ENSG00000251471,139556062,139578736,22674
ENSG00000270757,198365137,198415450,50313
ENSG00000183134,60618413,60623444,5031
ENSG00000231159,24118460,24151496,33036
ENSG00000157540,38738092,38889753,151661
ENSG00000224289,91122051,91123244,1193
ENSG00000184163,1177826,1182102,4276
ENSG00000250161,139563920,139564253,333
ENSG00000263959,140122262,140122345,83
ENSG00000201370,16623113,16623204,91
ENSG00000095464,95372345,95425767,53422
ENSG00000227906,10002620,10349424,346804
ENSG00000249290,140168277,140179193,10916
ENSG00000125676,122734412,122866906,132494
ENSG00000223734,20251895,20254257,2362
ENSG00000064201,2323227,2339430,16203
ENSG00000237578,130231933,130232437,504
ENSG00000088782,138111,139804,1693
ENSG00000234452,91215821,91227897,12076
ENSG00000198755,35436185,35438562,2377
ENSG00000230606,98081083,98099107,18024
ENSG00000174100,36452989,36479101,26112
ENSG00000264690,130263853,130264126,273
ENSG00000126804,64970430,65000408,29978
ENSG00000243536,47605211,47644793,39582
ENSG00000253093,16854103,16854223,120
ENSG00000112697,75962640,75994684,32044
ENSG00000165061,40388109,40755352,367243
ENSG00000172795,112312399,112356667,44268
ENSG00000198997,91352500,91352586,86
ENSG00000243538,16902403,16902750,347
ENSG00000149506,60635035,60643166,8131
ENSG00000249962,91404360,91404980,620
ENSG00000233565,186640075,186640542,467
ENSG00000136463,61678231,61685725,7494
ENSG00000268821,172560844,172567314,6470
ENSG00000251058,140179842,140181667,1825
ENSG00000264599,10036968,10037063,95
ENSG00000203632,186650337,186652182,1845
ENSG00000232936,91405039,91410424,5385
ENSG00000230506,10154168,10177638,23470
ENSG00000087111,26880401,26898890,18489
ENSG00000185982,168494,170322,1828
ENSG00000142347,8585674,8642461,56787
ENSG00000216184,140208894,140208986,92
ENSG00000198491,186914878,186925417,10539
ENSG00000250433,140224453,140227631,3178
ENSG00000232448,10160883,10166423,5540
ENSG00000264043,109171920,109174194,2274
ENSG00000128815,49892921,50191001,298080
ENSG00000112297,106959730,107018326,58596
ENSG00000144648,42846244,42929466,83222
ENSG00000249305,140338536,140338679,143
ENSG00000239093,187141103,187141207,104
ENSG00000237005,10315067,10315346,279
ENSG00000207622,109230684,109230782,98
ENSG00000261826,140583917,140586625,2708
ENSG00000234378,20263617,20306590,42973
ENSG00000225836,91406046,91410579,4533
ENSG00000224085,140621036,140621493,457
ENSG00000260987,109301517,109303778,2261
ENSG00000201436,16941952,16942060,108
ENSG00000125903,207899,210527,2628
ENSG00000235100,91426938,91459428,32490
ENSG00000123838,207277607,207318317,40710
ENSG00000214835,10329805,10330276,471
ENSG00000112337,25912982,25930946,17964
ENSG00000104783,44270685,44285409,14724
ENSG00000123360,54943134,54973023,29889
ENSG00000248773,140691586,140692097,511
ENSG00000240996,91454052,91457685,3633
ENSG00000201324,109320211,109320317,106
ENSG00000260489,136251902,136281631,29729
ENSG00000238424,109425360,109425450,90
ENSG00000099999,30773835,30817760,43925
ENSG00000213729,20355379,20355818,439
ENSG00000081307,132373290,132396941,23651
ENSG00000256262,109490155,109491757,1602
ENSG00000232229,91589267,91600618,11351
ENSG00000169599,69622882,69664760,41878
ENSG00000271892,17107469,17107898,429
ENSG00000124370,71336814,71357369,20555
ENSG00000186458,238377,241737,3360
ENSG00000266059,20375107,20375397,290
ENSG00000270670,91597369,91599091,1722
ENSG00000226159,91675246,91717130,41884
ENSG00000146707,76239303,76256578,17275
ENSG00000122359,81910645,81965328,54683
ENSG00000163719,9691117,9744077,52960
ENSG00000200763,20375566,20375670,104
ENSG00000228938,91738474,91738827,353
ENSG00000206814,17117685,17117795,110
ENSG00000235411,20439653,20440807,1154
ENSG00000115840,172640880,172864766,223886
ENSG00000198944,132149033,132152488,3455
ENSG00000197153,27858093,27860884,2791
ENSG00000105373,48248779,48260315,11536
ENSG00000181965,134869991,134871639,1648
ENSG00000113456,34905369,34919094,13725
ENSG00000173698,19007427,19140755,133328
ENSG00000112531,163835032,163999628,164596
ENSG00000173727,65222728,65234028,11300
ENSG00000254901,19287712,19303400,15688
ENSG00000222451,91923408,91923717,309
ENSG00000215196,17130137,17217156,87019
ENSG00000236373,92162278,92300562,138284
ENSG00000233224,27860477,27860963,486
ENSG00000133247,55851221,55859488,8267
ENSG00000115540,198380295,198418423,38128
ENSG00000145824,134906373,134914969,8596
ENSG00000201965,38166783,38166885,102
ENSG00000251270,140833966,140843024,9058
ENSG00000197744,118309491,118309817,326
ENSG00000238735,20446087,20446148,61
ENSG00000237982,38311774,38312258,484
ENSG00000241400,140977260,140977621,361
ENSG00000251990,17157080,17157180,100
ENSG00000049283,48609904,48621111,11207
ENSG00000249417,140986195,141085979,99784
ENSG00000238793,38183795,38183898,103
ENSG00000104518,144635377,144645232,9855
ENSG00000251536,130336753,130339489,2736
ENSG00000221555,38306389,38306475,86
ENSG00000249540,141026454,141026775,321
ENSG00000252216,20553403,20553477,74
ENSG00000200735,38399475,38399571,96
ENSG00000249494,118342042,118406585,64543
ENSG00000157483,59427113,59665099,237986
ENSG00000261650,130509038,130529501,20463
ENSG00000215606,141189476,141190744,1268
ENSG00000106588,42956460,42971822,15362
ENSG00000128709,176987088,176989853,2765
ENSG00000250816,17202383,17203254,871
ENSG00000232475,24194701,24195494,793
ENSG00000117859,52042851,52254889,212038
ENSG00000250170,141243975,141244963,988
ENSG00000053524,182895831,183146566,250735
ENSG00000229553,24195902,24204260,8358
ENSG00000249986,141319118,141319421,303
ENSG00000223179,118343266,118343363,97
ENSG00000242104,141382041,141439915,57874
ENSG00000250678,118345755,118346237,482
ENSG00000232800,20586147,20596349,10202
ENSG00000164403,132157833,132166590,8757
ENSG00000270145,38459457,38460909,1452
ENSG00000214039,130517999,130529602,11603
ENSG00000201862,72453891,72453991,100
ENSG00000160087,1189289,1209265,19976
ENSG00000265666,38497119,38499388,2269
ENSG00000252908,17240720,17240824,104
ENSG00000165792,21457929,21465189,7260
ENSG00000241899,141427858,141428674,816
ENSG00000053900,25378835,25420120,41285
ENSG00000264655,38524204,38524690,486
ENSG00000212171,20601388,20601485,97
ENSG00000239172,22492795,22492898,103
ENSG00000229018,72476064,72555749,79685
ENSG00000198909,61699775,61773663,73888
ENSG00000185296,17306490,17307069,579
ENSG00000257838,22557019,22588186,31167
ENSG00000228950,20650803,20652708,1905
ENSG00000145832,135170338,135224326,53988
ENSG00000252653,64263861,64263966,105
ENSG00000244044,64360147,64360436,289
ENSG00000264630,64394187,64412972,18785
ENSG00000038382,14143811,14532235,388424
ENSG00000142661,24382525,24438665,56140
ENSG00000201715,17345725,17346064,339
ENSG00000004838,50378541,50384283,5742
ENSG00000175879,176994422,176997423,3001
ENSG00000200829,20680605,20680716,111
ENSG00000182621,8112824,8949003,836179
ENSG00000124383,71357444,71377231,19787
ENSG00000164330,158122928,158526769,403841
ENSG00000223361,17353804,17354733,929
ENSG00000188921,20995306,21031635,36329
ENSG00000014641,63815743,63834331,18588
ENSG00000184113,19510547,19515068,4521
ENSG00000260973,22621852,22623517,1665
ENSG00000065491,37225548,37300746,75198
ENSG00000260905,22623864,22624804,940
ENSG00000196504,153508107,153574511,66404
ENSG00000131507,141488070,141534005,45935
ENSG00000197428,4660945,4662068,1123
ENSG00000265058,22647776,22648065,289
ENSG00000261090,23031658,23034932,3274
ENSG00000267937,38888740,38888973,233
ENSG00000100003,30792846,30821305,28459
ENSG00000260566,23072727,23075494,2767
ENSG00000212138,109497791,109497905,114
ENSG00000180785,4664650,4676718,12068
ENSG00000260741,23206199,23224425,18226
ENSG00000115084,114462588,114514400,51812
ENSG00000252838,23424905,23425197,292
ENSG00000157542,38979678,39288749,309071
ENSG00000212593,23453162,23453242,80
ENSG00000259782,23457767,23458603,836
ENSG00000137218,41737914,41754280,16366
ENSG00000227047,20699331,20701071,1740
ENSG00000252618,38530341,38530428,87
ENSG00000260136,23464079,23468927,4848
ENSG00000224156,30696223,30701448,5225
ENSG00000222881,38547484,38547590,106
ENSG00000240125,38595719,38596169,450
ENSG00000261528,23512226,23512951,725
ENSG00000167332,4701401,4719084,17683
ENSG00000186908,77157368,77247476,90108
ENSG00000246379,56126899,56225006,98107
ENSG00000260247,23548382,23548877,495
ENSG00000269976,20786008,20786446,438
ENSG00000082074,39105338,39274630,169292
ENSG00000260751,23579994,23581017,1023
ENSG00000261723,23617162,23635428,18266
ENSG00000202142,101442162,101442233,71
ENSG00000260482,23681332,23684448,3116
ENSG00000144136,113403434,113421404,17970
ENSG00000230062,46714654,46727243,12589
ENSG00000243546,68702962,68703256,294
ENSG00000199942,101442814,101442888,74
ENSG00000201500,101443726,101443803,77
ENSG00000104763,17913934,17942494,28560
ENSG00000240210,68805445,68806258,813
ENSG00000260041,56143449,56170912,27463
ENSG00000259806,23683453,23686820,3367
ENSG00000201036,101445339,101445427,88
ENSG00000231948,20790535,20792308,1773
ENSG00000184029,39323728,39493454,169726
ENSG00000201710,101446329,101446403,74
ENSG00000261266,23698370,23699665,1295
ENSG00000171855,21077104,21077943,839
ENSG00000248223,17354019,17355008,989
ENSG00000202048,101447341,101447412,71
ENSG00000261583,23723311,23724114,803
ENSG00000258477,68888415,68888913,498
ENSG00000261013,56217638,56220218,2580
ENSG00000110107,60658202,60674060,15858
ENSG00000272344,101448312,101448383,71
ENSG00000202293,101449263,101449334,71
ENSG00000260264,24247425,24264184,16759
ENSG00000261439,56226526,56228430,1904
ENSG00000167346,4726157,5013659,287502
ENSG00000224750,92213927,92262725,48798
ENSG00000200406,101450213,101450284,71
ENSG00000177047,21140631,21142144,1513
ENSG00000265281,56279432,56279535,103
ENSG00000259038,69093883,69095162,1279
ENSG00000260198,56334528,56336816,2288
ENSG00000238291,92222474,92227709,5235
ENSG00000258623,69150128,69152282,2154
ENSG00000201541,24344736,24344868,132
ENSG00000233416,20806040,20806414,374
ENSG00000137080,21165636,21166659,1023
ENSG00000222305,92639797,92639936,139
ENSG00000272372,56385798,56387436,1638
ENSG00000239081,24411377,24411438,61
ENSG00000164291,94890778,94940768,49990
ENSG00000242941,69159807,69160300,493
ENSG00000142186,65292548,65306175,13627
ENSG00000201604,92682488,92682592,104
ENSG00000260396,20877569,20879005,1436
ENSG00000261493,136281597,136293579,11982
ENSG00000264465,24450309,24450408,99
ENSG00000187678,141689992,141706020,16028
ENSG00000207089,69202639,69202745,106
ENSG00000260621,56443232,56445595,2363
ENSG00000225519,92754377,92766147,11770
ENSG00000260072,24484119,24506498,22379
ENSG00000263694,69312519,69312772,253
ENSG00000260823,56643413,56645287,1874
ENSG00000249199,17369334,17375686,6352
ENSG00000270975,69328479,69329242,763
ENSG00000259888,24621587,24652278,30691
ENSG00000224310,24672743,24682383,9640
ENSG00000236637,21186617,21187598,981
ENSG00000270100,20878014,20878692,678
ENSG00000260549,56651388,56652730,1342
ENSG00000258565,69334574,69336668,2094
ENSG00000250822,17379015,17387419,8404
ENSG00000198054,39493545,39560110,66565
ENSG00000112818,46761127,46807515,46388
ENSG00000064490,19303008,19312678,9670
ENSG00000261669,24814772,24831060,16288
ENSG00000214042,21201468,21202204,736
ENSG00000258967,69354502,69354801,299
ENSG00000236436,21059531,21061421,1890
ENSG00000256439,24930714,24932325,1611
ENSG00000258531,69403319,69403581,262
ENSG00000229526,18353558,18379234,25676
ENSG00000260714,25027299,25032344,5045
ENSG00000158163,137780832,137834660,53828
ENSG00000248455,17404128,17441803,37675
ENSG00000255986,56669651,56670998,1347
ENSG00000258083,141618617,141619709,1092
ENSG00000186803,21206180,21207142,962
ENSG00000262587,25043202,25069430,26228
ENSG00000196352,207494853,207534311,39458
ENSG00000241526,141443267,141443368,101
ENSG00000262155,25078258,25080264,2006
ENSG00000265391,141506753,141506851,98
ENSG00000013573,31226779,31257725,30946
ENSG00000271105,25080891,25081430,539
ENSG00000259062,69446399,69454180,7781
ENSG00000261012,21222185,21223789,1604
ENSG00000228398,141583849,141584121,272
ENSG00000263326,25082811,25084048,1237
ENSG00000151577,113847499,113918254,70755
ENSG00000147885,21216372,21217310,938
ENSG00000271629,21421390,21421768,378
ENSG00000200389,141621766,141621872,106
ENSG00000260448,25096913,25122876,25963
ENSG00000244124,141637094,141637863,769
ENSG00000233005,21444047,22193831,749784
ENSG00000124593,41748087,41757879,9792
ENSG00000269905,141663270,141666233,2963
ENSG00000248366,22956171,22956233,62
ENSG00000249662,17444119,17484055,39936
ENSG00000211874,22998580,22998641,61
ENSG00000205361,56677617,56678698,1081
ENSG00000233597,141762465,141763040,575
ENSG00000234829,21227242,21228221,979
ENSG00000259054,23025205,23025956,751
ENSG00000262700,25104708,25106576,1868
ENSG00000206604,141864296,141864397,101
ENSG00000188069,4790209,4791168,959
ENSG00000272565,141876369,141880820,4451
ENSG00000228313,23064715,23067855,3140
ENSG00000260034,25151898,25160353,8455
ENSG00000231204,21540532,21784185,243653
ENSG00000113578,141971743,142077617,105874
ENSG00000007516,1383602,1399439,15837
ENSG00000228083,21239201,21239978,777
ENSG00000161583,34745936,34808104,62168
ENSG00000251804,142126499,142126579,80
ENSG00000252685,64634389,64634492,103
ENSG00000258227,141627157,141646807,19650
ENSG00000176937,4824663,4825847,1184
ENSG00000251698,64635387,64635501,114
ENSG00000147873,21304613,21305312,699
ENSG00000229330,64672490,64673522,1032
ENSG00000177700,837356,842545,5189
ENSG00000251304,17486336,17486938,602
ENSG00000184702,19701987,19712295,10308
ENSG00000207943,64783190,64783286,96
ENSG00000176925,4842551,4843686,1135
ENSG00000268799,17491470,17491878,408
ENSG00000176922,4869427,4870514,1087
ENSG00000270654,21585164,21586897,1733
ENSG00000198642,21329670,21335379,5709
ENSG00000244681,95373267,95402037,28770
ENSG00000235537,21853420,21859181,5761
ENSG00000250667,17495767,17495935,168
ENSG00000262607,120780,232475,111695
ENSG00000176904,4880886,4881794,908
ENSG00000185041,17498334,17498936,602
ENSG00000112511,33378176,33384230,6054
ENSG00000228538,21861303,21872435,11132
ENSG00000196476,251504,271390,19886
ENSG00000176900,4903049,4904113,1064
ENSG00000259942,47656084,47657233,1149
ENSG00000273124,92757237,92757470,233
ENSG00000248205,17502152,17502472,320
ENSG00000266166,25196528,25196808,280
ENSG00000224851,92806923,92821916,14993
ENSG00000259955,25249639,25250608,969
ENSG00000224708,31667522,31668998,1476
ENSG00000229621,21910306,21933495,23189
ENSG00000120235,21349834,21351377,1543
ENSG00000204150,47708307,47730235,21928
ENSG00000261636,25431135,25435490,4355
ENSG00000176895,4928600,4929538,938
ENSG00000220585,92812808,92814804,1996
ENSG00000153832,230787018,230877825,90807
ENSG00000249620,17511942,17512347,405
ENSG00000105737,42502473,42573650,71177
ENSG00000260690,25465660,25465968,308
ENSG00000127314,69004619,69054372,49753
ENSG00000198948,170907748,170954182,46434
ENSG00000234043,92912362,92913106,744
ENSG00000264192,22145865,22146160,295
ENSG00000266088,38673278,38683254,9976
ENSG00000233816,21367371,21368075,704
ENSG00000176893,4935900,4936922,1022
ENSG00000231200,22156208,22753977,597769
ENSG00000102710,37583449,37633850,50401
ENSG00000271385,93224335,93224465,130
ENSG00000199514,38345264,38345370,106
ENSG00000237262,136835462,136836083,621
ENSG00000223876,93304609,93304855,246
ENSG00000271876,38821876,38821975,99
ENSG00000230123,38366728,38370561,3833
ENSG00000176879,4944531,4945637,1106
ENSG00000267531,55851254,55856561,5307
ENSG00000213449,93426537,93427539,1002
ENSG00000188379,21384254,21385396,1142
ENSG00000202125,142139047,142139211,164
ENSG00000224244,38843290,38845612,2322
ENSG00000227347,136956684,136958073,1389
ENSG00000248861,17518475,17519069,594
ENSG00000221477,95885661,95885746,85
ENSG00000256139,109549023,109563399,14376
ENSG00000255637,142160528,142160604,76
ENSG00000104332,41119481,41167016,47535
ENSG00000271671,95963576,95964179,603
ENSG00000229589,38492518,38496311,3793
ENSG00000239492,47740330,47747200,6870
ENSG00000230037,137087011,137087483,472
ENSG00000229028,38873487,38878184,4697
ENSG00000228759,93525656,93526953,1297
ENSG00000243547,96068398,96069783,1385
ENSG00000228999,22167481,22188423,20942
ENSG00000242479,142168944,142170991,2047
ENSG00000216136,96152159,96152254,95
ENSG00000256560,109791888,109797293,5405
ENSG00000251976,137147902,137148239,337
ENSG00000241815,96285201,96285947,746
ENSG00000249339,17521910,17522504,594
ENSG00000237393,47965760,47967323,1563
ENSG00000216081,137301941,137302050,109
ENSG00000207512,38546971,38547072,101
ENSG00000120242,21409146,21410184,1038
ENSG00000229568,137302282,137303112,830
ENSG00000126803,65002623,65009955,7332
ENSG00000230683,38556939,38557321,382
ENSG00000223691,22411208,22413185,1977
ENSG00000224036,48157041,48158148,1107
ENSG00000244327,142184157,142191179,7022
ENSG00000197919,21440440,21441315,875
ENSG00000198604,35221937,35344853,122916
ENSG00000242390,142299752,142301241,1489
ENSG00000221762,137402678,137402762,84
ENSG00000201899,101451114,101451185,71
ENSG00000212425,138269668,138269780,112
ENSG00000200612,101452394,101452465,71
ENSG00000222394,138472902,138473011,109
ENSG00000184995,21480841,21482312,1471
ENSG00000200413,101453383,101453454,71
ENSG00000159871,44300081,44331358,31277
ENSG00000160471,55860674,55866182,5508
ENSG00000234007,138636324,138683977,47653
ENSG00000112539,165693153,165723096,29943
ENSG00000200636,101454498,101454567,69
ENSG00000252745,142310519,142310633,114
ENSG00000224231,138859454,138863475,4021
ENSG00000200480,101455467,101455538,71
ENSG00000239641,142373626,142375587,1961
ENSG00000173653,66610306,66614017,3711
ENSG00000128652,177001340,177037830,36490
ENSG00000201689,101456428,101456497,69
ENSG00000199319,142392439,142392746,307
ENSG00000232439,38568293,38568816,523
ENSG00000251787,142520049,142520110,61
ENSG00000201318,101458256,101458327,71
ENSG00000186487,1792885,2335032,542147
ENSG00000157551,39529128,39679279,150151
ENSG00000250055,17525344,17525938,594
ENSG00000165807,65016620,65056098,39478
ENSG00000200089,101459573,101459647,74
ENSG00000272877,62310,63501,1191
ENSG00000222095,101460594,101460667,73
ENSG00000124875,74702214,74714781,12567
ENSG00000252009,101463990,101464061,71
ENSG00000230060,31673784,31681900,8116
ENSG00000222185,101464804,101464878,74
ENSG00000228952,187166633,187167238,605
ENSG00000242293,69489867,69490025,158
ENSG00000199088,101488366,101488491,125
ENSG00000240950,142545938,142546570,632
ENSG00000259165,69550115,69552106,1991
ENSG00000223401,187461474,187463208,1734
ENSG00000130347,107018903,107077373,58470
ENSG00000199109,101489662,101489757,95
ENSG00000250296,17528778,17529372,594
ENSG00000183576,99864083,99947216,83133
ENSG00000206768,69610569,69610670,101
ENSG00000207749,101490114,101490215,101
ENSG00000243818,142645517,142661376,15859
ENSG00000224049,187513975,187523046,9071
ENSG00000234189,22539925,22540116,191
ENSG00000198682,89419370,89507462,88092
ENSG00000258957,69649737,69680809,31072
ENSG00000228850,24210845,24211859,1014
ENSG00000175336,56754353,56756607,2254
ENSG00000236864,187650552,187664009,13457
ENSG00000258520,69705883,69727284,21401
ENSG00000264488,38959996,38965548,5552
ENSG00000262435,64522,82015,17493
ENSG00000224187,187676563,187694195,17632
ENSG00000265359,39007052,39019534,12482
ENSG00000256298,130531677,130532921,1244
ENSG00000244237,70027736,70028187,451
ENSG00000221060,70270920,70271048,128
ENSG00000250807,17585271,17585876,605
ENSG00000234477,39077682,39132178,54496
ENSG00000232029,24214967,24215298,331
ENSG00000188282,218899683,218955304,55621
ENSG00000242071,70352057,70352869,812
ENSG00000206882,22561758,22561875,117
ENSG00000256906,130554870,130557230,2360
ENSG00000163131,150702672,150738433,35761
ENSG00000250088,17587399,17587632,233
ENSG00000099810,21802542,21931646,129104
ENSG00000170734,43543887,43586701,42814
ENSG00000198982,101491331,101491441,110
ENSG00000058866,185823457,186080026,256569
ENSG00000109272,74718906,74719872,966
ENSG00000258422,70653840,70696904,43064
ENSG00000124374,71409869,71454213,44344
ENSG00000221745,101491901,101491988,87
ENSG00000111237,110928902,110939922,11020
ENSG00000199069,101492069,101492154,85
ENSG00000107938,127408084,127452712,44628
ENSG00000211582,101492357,101492444,87
ENSG00000234207,22600466,22704876,104410
ENSG00000270610,70701212,70701812,600
ENSG00000171444,112357796,112824527,466731
ENSG00000149927,30016830,30034591,17761
ENSG00000250558,17590473,17591069,596
ENSG00000233587,22759351,22761160,1809
ENSG00000235812,70712208,70714518,2310
ENSG00000147533,41347915,41368499,20584
ENSG00000268091,131514221,131514769,548
ENSG00000267819,131780067,131782763,2696
ENSG00000163739,74735110,74736959,1849
ENSG00000257138,141672431,141673573,1142
ENSG00000110108,60681346,60690915,9569
ENSG00000007866,35441374,35464853,23479
ENSG00000241592,142679214,142679385,171
ENSG00000259033,70742013,70758576,16563
ENSG00000249427,17593907,17594503,596
ENSG00000214063,842808,867116,24308
ENSG00000222616,23084424,23084756,332
ENSG00000249590,30805244,30824977,19733
ENSG00000177764,277737,280965,3228
ENSG00000241570,142681796,142720401,38605
ENSG00000141127,18743398,18834581,91183
ENSG00000205497,4967355,4968356,1001
ENSG00000249329,17597341,17597937,596
ENSG00000163737,74846794,74847841,1047
ENSG00000213344,66039772,66040242,470
ENSG00000232451,23240997,23421927,180930
ENSG00000205496,4976002,4976943,941
ENSG00000102125,153639854,153650065,10211
ENSG00000241749,66151800,66220754,68954
ENSG00000268538,30814212,30814469,257
ENSG00000205360,56682160,56683426,1266
ENSG00000177732,306207,310865,4658
ENSG00000103061,68318406,68344849,26443
ENSG00000176798,5020213,5021160,947
ENSG00000131876,101821715,101835487,13772
ENSG00000259923,56682793,56686548,3755
ENSG00000211577,66251793,66251912,119
ENSG00000205495,5067756,5068691,935
ENSG00000256083,66328557,66342259,13702
ENSG00000109576,170981373,171012850,31477
ENSG00000259827,56716382,56721719,5337
ENSG00000163736,74852755,74853914,1159
ENSG00000248422,17598541,17598668,127
ENSG00000256259,66421505,66424846,3341
ENSG00000242114,30821518,30825045,3527
ENSG00000257743,141811549,141922124,110575
ENSG00000125454,73269073,73285591,16518
ENSG00000176787,5079880,5080857,977
ENSG00000261429,56720763,56721964,1201
ENSG00000134765,28709199,28742819,33620
ENSG00000135205,76751751,76958850,207099
ENSG00000213343,66431015,66431494,479
ENSG00000251857,66460001,66460118,117
ENSG00000226467,32084466,32094350,9884
ENSG00000261302,56742684,56763880,21196
ENSG00000239335,66524531,66528229,3698
ENSG00000111602,56810903,56843187,32284
ENSG00000273085,5090802,5091727,925
ENSG00000112541,165740776,166400091,659315
ENSG00000196331,27861203,27861669,466
ENSG00000064012,202098166,202152434,54268
ENSG00000249282,17601991,17602243,252
ENSG00000207649,56892430,56892513,83
ENSG00000243988,56940446,56940868,422
ENSG00000199286,96327658,96327761,103
ENSG00000171944,5152922,5153872,950
ENSG00000249357,17604866,17605486,620
ENSG00000218754,96338148,96338675,527
ENSG00000261270,56974190,56975254,1064
ENSG00000163735,74861359,74864496,3137
ENSG00000212031,96385038,96385123,85
ENSG00000261114,56974940,56975638,698
ENSG00000256977,110656005,110677180,21175
ENSG00000252115,116549931,116550018,87
ENSG00000061936,132195626,132284282,88656
ENSG00000168131,27878963,27880174,1211
ENSG00000241018,96472029,96473515,1486
ENSG00000222150,116584340,116584468,128
ENSG00000006118,60691935,60704631,12696
ENSG00000227199,116592500,116594388,1888
ENSG00000182070,5172239,5207612,35373
ENSG00000086848,111652919,111742305,89386
ENSG00000176243,96495789,96496527,738
ENSG00000163053,230899698,230933715,34017
ENSG00000125841,327426,340304,12878
ENSG00000249156,17611099,17611692,593
ENSG00000213050,116612219,116612965,746
ENSG00000176742,5220965,5221930,965
ENSG00000223530,23553535,23554915,1380
ENSG00000115112,121974163,122042783,68620
ENSG00000163734,74902306,74904524,2218
ENSG00000119392,131266979,131304567,37588
ENSG00000227919,18356269,18356376,107
ENSG00000226367,116712126,116786534,74408
ENSG00000267492,18356888,18357053,165
ENSG00000244734,5246694,5250625,3931
ENSG00000226776,39160733,39161012,279
ENSG00000271296,17614890,17615220,330
ENSG00000005243,46103533,46115392,11859
ENSG00000237230,39228198,39228593,395
ENSG00000121073,47778305,47786376,8071
ENSG00000251439,39343196,39343388,192
ENSG00000233714,23570525,23574735,4210
ENSG00000230025,8839792,8842136,2344
ENSG00000248807,39368958,39369489,531
ENSG00000229351,39427563,39428087,524
ENSG00000173599,66615704,66725847,110143
ENSG00000255655,109883215,109885302,2087
ENSG00000237183,39436856,39437062,206
ENSG00000081041,74962752,74965010,2258
ENSG00000186468,81569177,81574396,5219
ENSG00000225422,66627859,66629014,1155
ENSG00000136750,26505236,26593487,88251
ENSG00000200274,110005780,110005920,140
ENSG00000170166,177015950,177017954,2004
ENSG00000266539,66629336,66629402,66
ENSG00000231988,8898635,8908029,9394
ENSG00000256072,66645525,66651214,5689
ENSG00000200794,110100668,110100988,320
ENSG00000250351,17620642,17621048,406
ENSG00000256777,66669720,66670431,711
ENSG00000118407,76001575,76203454,201879
ENSG00000255650,110171971,110211313,39342
ENSG00000222744,66686463,66686767,304
ENSG00000238528,66739499,66739602,103
ENSG00000233014,39479679,39485797,6118
ENSG00000264545,21802635,22032985,230350
ENSG00000256285,66957304,66957474,170
ENSG00000110651,2397407,2418649,21242
ENSG00000108516,39490884,39491985,1101
ENSG00000256420,66957747,66962974,5227
ENSG00000234859,39558668,39581301,22633
ENSG00000144550,9745491,9771592,26101
ENSG00000256248,67285656,67462942,177286
ENSG00000225590,33139671,33161430,21759
ENSG00000224854,21967137,21967738,601
ENSG00000223634,23580387,23583247,2860
ENSG00000124657,27925019,27925960,941
ENSG00000250386,17625660,17626068,408
ENSG00000257083,67429288,67490186,60898
ENSG00000232235,9003694,9005311,1617
ENSG00000146414,146185381,146285559,100178
ENSG00000198707,88442793,88535993,93200
ENSG00000135643,70760056,70828072,68016
ENSG00000268327,59439899,59440054,155
ENSG00000128645,177053307,177055688,2381
ENSG00000224408,9021303,9023412,2109
ENSG00000157554,39751949,40033704,281755
ENSG00000171989,59499042,59500705,1663
ENSG00000235497,23598100,23604170,6070
ENSG00000238154,9027238,9042220,14982
ENSG00000196544,8091652,8093564,1912
ENSG00000134760,28898052,28936992,38940
ENSG00000185504,79506911,79520987,14076
ENSG00000231209,48169665,48175810,6145
ENSG00000258644,70793069,70883701,90632
ENSG00000249666,17632197,17632792,595
ENSG00000260119,142632169,142646705,14536
ENSG00000225438,39562764,39568027,5263
ENSG00000222640,70827609,70827805,196
ENSG00000257759,70892529,71014181,121652
ENSG00000100012,30843946,30868036,24090
ENSG00000259158,70935598,70950473,14875
ENSG00000215024,48173347,48175106,1759
ENSG00000170899,52842751,52860176,17425
ENSG00000263510,110271153,110271241,88
ENSG00000230662,18363705,18366369,2664
ENSG00000250782,17634569,17635162,593
ENSG00000251070,48187416,48199256,11840
ENSG00000178015,94955782,94957846,2064
ENSG00000224464,24095138,24095884,746
ENSG00000256351,110297572,110298225,653
ENSG00000167494,18400886,18404348,3462
ENSG00000236236,32000781,32027628,26847
ENSG00000201282,72481665,72481766,101
ENSG00000252754,48206895,48207010,115
ENSG00000241413,110304021,110304314,293
ENSG00000163738,74979891,75168816,188925
ENSG00000270119,48249334,48262214,12880
ENSG00000147889,21967751,21995300,27549
ENSG00000249094,110318481,110326272,7791
ENSG00000198305,72490260,72500313,10053
ENSG00000232924,9068524,9068856,332
ENSG00000271217,48254606,48254905,299
ENSG00000082213,31532373,31555165,22792
ENSG00000236951,24246961,24293631,46670
ENSG00000226044,48324788,48332197,7409
ENSG00000157470,59664892,59815748,150856
ENSG00000264626,110798255,110798551,296
ENSG00000248471,17643071,17643337,266
ENSG00000251172,97200021,97200350,329
ENSG00000261292,97478367,97480374,2007
ENSG00000228865,48357926,48358600,674
ENSG00000273018,18414535,18455019,40484
ENSG00000197038,9148739,9160483,11744
ENSG00000248160,17647821,17648053,232
ENSG00000266000,48387524,48387622,98
ENSG00000250750,97772218,97772583,365
ENSG00000223654,30703731,30706525,2794
ENSG00000249225,97818752,97866978,48226
ENSG00000251090,97823598,97824516,918
ENSG00000144868,132757235,133116636,359401
ENSG00000250208,130634894,130646801,11907
ENSG00000197704,48844036,48868504,24468
ENSG00000238111,24123563,24124019,456
ENSG00000273291,42850938,43097363,246425
ENSG00000167637,44331444,44353307,21863
ENSG00000248365,97838035,97838575,540
ENSG00000267706,55863669,55870884,7215
ENSG00000249321,97916055,97916982,927
ENSG00000132600,68344877,68392466,47589
ENSG00000178999,8108056,8113918,5862
ENSG00000249975,97926267,97927185,918
ENSG00000128654,177134123,177202753,68630
ENSG00000157765,25656923,25680370,23447
ENSG00000248507,97940888,97941810,922
ENSG00000148690,95427640,95462329,34689
ENSG00000258210,110825268,110883353,58085
ENSG00000187079,12695969,12966298,270329
ENSG00000251088,97952495,98176742,224247
ENSG00000248542,17649155,17649752,597
ENSG00000174473,172733405,173962710,1229305
ENSG00000187900,97957196,97958125,929
ENSG00000248337,17654482,17654752,270
ENSG00000258011,110867764,110868087,323
ENSG00000111729,8276228,8291203,14975
ENSG00000234946,24166716,24167221,505
ENSG00000241680,110898793,110899167,374
ENSG00000131548,24291113,24292978,1865
ENSG00000117322,207627575,207663240,35665
ENSG00000244653,98152878,98153691,813
ENSG00000202335,110934157,110934226,69
ENSG00000135899,231032009,231090444,58435
ENSG00000142303,8645126,8675620,30494
ENSG00000248839,98241414,98244178,2764
ENSG00000263537,111063452,111063722,270
ENSG00000180043,55866276,55874628,8352
ENSG00000221246,111070409,111070498,89
ENSG00000250562,98243905,98244118,213
ENSG00000232808,9167489,9172441,4952
ENSG00000240827,98338909,98339462,553
ENSG00000266233,98342793,98342888,95
ENSG00000229159,24329997,24332168,2171
ENSG00000207142,42848522,42848623,101
ENSG00000257268,111269583,111283767,14184
ENSG00000244153,98376646,98379414,2768
ENSG00000257225,42853168,42859930,6762
ENSG00000173557,26785450,26802400,16950
ENSG00000269466,17655237,17655647,410
ENSG00000242963,130701352,130701702,350
ENSG00000260255,25836031,25837651,1620
ENSG00000225560,9185120,9193010,7890
ENSG00000239445,98433174,98451495,18321
ENSG00000265005,26036558,26036631,73
ENSG00000199929,26040233,26040346,113
ENSG00000138002,27667238,27712656,45418
ENSG00000225615,24344576,24349859,5283
ENSG00000229767,30861248,30865452,4204
ENSG00000230330,26043860,26044132,272
ENSG00000259862,130734224,130751270,17046
ENSG00000241286,111279342,111280191,849
ENSG00000237140,26074071,26074418,347
ENSG00000229234,24355478,24362727,7249
ENSG00000240747,42850975,42984284,133309
ENSG00000256391,166307330,166309725,2395
ENSG00000243847,24219667,24219955,288
ENSG00000213199,150745379,150749843,4464
ENSG00000222940,24268705,24268808,103
ENSG00000249274,98501032,98502037,1005
ENSG00000231876,26329428,26345749,16321
ENSG00000232642,24388753,24397874,9121
ENSG00000206712,98523822,98523928,106
ENSG00000175065,28956740,28994875,38135
ENSG00000108950,66531254,66597530,66276
ENSG00000263441,56991177,56991273,96
ENSG00000151892,117816444,118032979,216535
ENSG00000259922,57046983,57048012,1029
ENSG00000115368,190306159,190340291,34132
ENSG00000225058,187715210,187721778,6568
ENSG00000236183,31673838,31677035,3197
ENSG00000223609,5253908,5256600,2692
ENSG00000112343,25963030,25987384,24354
ENSG00000261264,142668776,142694414,25638
ENSG00000260145,57086417,57092409,5992
ENSG00000142677,24446261,24469611,23350
ENSG00000236412,187719488,187721194,1706
ENSG00000228480,26366117,26369676,3559
ENSG00000176082,70935877,70937825,1948
ENSG00000234238,187824884,187864808,39924
ENSG00000260148,57125125,57126215,1090
ENSG00000101255,361261,378203,16942
ENSG00000113460,34915481,34926101,10620
ENSG00000270959,187868994,187871845,2851
ENSG00000260038,57281262,57282404,1142
ENSG00000164458,166571144,166582188,11044
ENSG00000252263,70962824,70962927,103
ENSG00000224563,188280026,188286454,6428
ENSG00000250715,17670277,17670680,403
ENSG00000260946,57282459,57286664,4205
ENSG00000259115,71060031,71107921,47890
ENSG00000264114,188348429,188348490,61
ENSG00000204164,48901102,48950972,49870
ENSG00000260965,57355264,57356029,765
ENSG00000207651,188406569,188406654,85
ENSG00000236481,26596076,26606134,10058
ENSG00000095752,55875757,55881831,6074
ENSG00000234076,188659504,188665428,5924
ENSG00000258951,71061269,71062487,1218
ENSG00000271456,57366291,57366511,220
ENSG00000260580,26733195,26740447,7252
ENSG00000236182,188707171,188707924,753
ENSG00000245466,71075515,71108015,32500
ENSG00000260557,142699949,142701464,1515
ENSG00000264935,26747550,26747638,88
ENSG00000260345,57494967,57496649,1682
ENSG00000230115,188956475,188958383,1908
ENSG00000234186,27078028,27080486,2458
ENSG00000240837,71076803,71077094,291
ENSG00000260828,57637049,57637609,560
ENSG00000269515,44873687,44878739,5052
ENSG00000258689,71165415,71178870,13455
ENSG00000261482,27078249,27079179,930
ENSG00000261633,57655946,57665559,9613
ENSG00000227971,189363116,189363255,139
ENSG00000261557,27144804,27146500,1696
ENSG00000260467,57715036,57735642,20606
ENSG00000231350,30959727,30965917,6190
ENSG00000239462,98621268,98737406,116138
ENSG00000222719,38841787,38841885,98
ENSG00000207761,101493122,101493201,79
ENSG00000231243,38865393,38866793,1400
ENSG00000249937,17684693,17955966,271273
ENSG00000261045,27169775,27187908,18133
ENSG00000207762,101493437,101493520,83
ENSG00000184185,21279509,21323179,43670
ENSG00000187783,45406648,45432450,25802
ENSG00000194717,101495971,101496051,80
ENSG00000242061,23163307,23163744,437
ENSG00000259940,27224631,27226314,1683
ENSG00000163520,13573824,13679922,106098
ENSG00000215941,38948805,38948880,75
ENSG00000221036,101496389,101496466,77
ENSG00000145839,135227935,135231516,3581
ENSG00000260040,142701710,142723277,21567
ENSG00000206708,39067478,39067584,106
ENSG00000235213,23171352,23172274,922
ENSG00000143387,150768684,150780799,12115
ENSG00000215034,39255684,39256163,479
ENSG00000212040,101498324,101498401,77
ENSG00000259954,27458990,27464714,5724
ENSG00000256064,130904080,130905564,1484
ENSG00000207743,101500092,101500173,81
ENSG00000258458,23171820,23235771,63951
ENSG00000262912,82418,82555,137
ENSG00000007520,1399241,1401912,2671
ENSG00000265032,101505680,101505774,94
ENSG00000215560,24442945,24445023,2078
ENSG00000262927,86667,88073,1406
ENSG00000271946,101506017,101506102,85
ENSG00000261736,27654520,27655984,1464
ENSG00000270367,39327476,39329411,1935
ENSG00000251764,64891608,64891689,81
ENSG00000106591,42971799,42988557,16758
ENSG00000207934,101506556,101506636,80
ENSG00000221528,27673221,27673339,118
ENSG00000264491,65016050,65017859,1809
ENSG00000228168,39376470,39377430,960
ENSG00000256725,131112861,131200826,87965
ENSG00000269559,75023327,75024085,758
ENSG00000265664,65028525,65029406,881
ENSG00000105732,42572629,42585701,13072
ENSG00000261329,27690261,27730104,39843
ENSG00000258823,23192685,23195781,3096
ENSG00000099284,71812552,71872036,59484
ENSG00000118017,137842560,137851229,8669
ENSG00000264421,65220419,65221657,1238
ENSG00000212302,23225970,23226038,68
ENSG00000112701,76311225,76427997,116772
ENSG00000212335,23321825,23321937,112
ENSG00000199716,23337027,23337126,99
ENSG00000176222,44376515,44405537,29022
ENSG00000147883,22002902,22009362,6460
ENSG00000259153,71276922,71282120,5198
ENSG00000160472,55888204,55889612,1408
ENSG00000229940,24452072,24454098,2026
ENSG00000201371,27733605,27733713,108
ENSG00000213180,65220844,65221157,313
ENSG00000212382,27874572,27874677,105
ENSG00000223754,24422708,24424567,1859
ENSG00000207266,28009616,28009722,106
ENSG00000185436,24480647,24514449,33802
ENSG00000237054,23388665,23396105,7440
ENSG00000109586,174089904,174245118,155214
ENSG00000261686,142786754,142787791,1037
ENSG00000243040,24455006,24467972,12966
ENSG00000260452,28122494,28122968,474
ENSG00000176381,166719168,166721936,2768
ENSG00000101333,9049410,9461889,412479
ENSG00000216058,189547711,189547798,87
ENSG00000200652,28190419,28190544,125
ENSG00000230077,189686819,189687650,831
ENSG00000200138,28194639,28194751,112
ENSG00000261323,142812926,142813953,1027
ENSG00000264882,101507104,101507206,102
ENSG00000265045,189831723,189832061,338
ENSG00000250982,28251014,28251989,975
ENSG00000229117,56510370,56511727,1357
ENSG00000215957,101507700,101507782,82
ENSG00000260791,141562660,141563537,877
ENSG00000225764,189838753,189862635,23882
ENSG00000260438,57747694,57748869,1175
ENSG00000168056,65306276,65326401,20125
ENSG00000183474,68856035,68890550,34515
ENSG00000180432,42897497,42917633,20136
ENSG00000174255,113953483,113956425,2942
ENSG00000252733,189861445,189861532,87
ENSG00000242628,24437250,24444385,7135
ENSG00000233493,55890613,55895966,5353
ENSG00000260363,141586948,141587892,944
ENSG00000256343,131135916,131153778,17862
ENSG00000212489,189883206,189883312,106
ENSG00000175449,94982458,95020477,38019
ENSG00000206833,57864440,57864546,106
ENSG00000182585,75174190,75181024,6834
ENSG00000238077,189884553,189885440,887
ENSG00000265209,57908288,57908434,146
ENSG00000144063,110841447,110874143,32696
ENSG00000207173,58116972,58117072,100
ENSG00000260935,141611017,141611743,726
ENSG00000238083,44588877,44633016,44139
ENSG00000259247,24476599,24478647,2048
ENSG00000124459,44416781,44439430,22649
ENSG00000261151,58125957,58126851,894
ENSG00000231047,190342384,190342958,574
ENSG00000256250,131295151,131296983,1832
ENSG00000223117,190359952,190360292,340
ENSG00000198818,166733216,166756079,22863
ENSG00000260545,58150789,58153257,2468
ENSG00000273370,190377005,190377539,534
ENSG00000260446,141940559,141946886,6327
ENSG00000138231,137879854,137893791,13937
ENSG00000237902,24546550,24548715,2165
ENSG00000266473,65240953,65241922,969
ENSG00000260927,58163433,58193037,29604
ENSG00000176399,22446840,22455739,8899
ENSG00000228730,190415712,190416637,925
ENSG00000200619,65264226,65264344,118
ENSG00000207410,65267585,65267723,138
ENSG00000256299,131295366,131297167,1801
ENSG00000264093,65272234,65272467,233
ENSG00000260491,141965650,141972054,6404
ENSG00000251805,24496483,24496610,127
ENSG00000082641,46125691,46138849,13158
ENSG00000162572,1215816,1227409,11593
ENSG00000238612,65403959,65404062,103
ENSG00000180138,37677398,37679803,2405
ENSG00000181847,113995760,114029135,33375
ENSG00000235059,24585087,24631739,46652
ENSG00000201547,65404890,65404997,107
ENSG00000113396,127873706,128369335,495629
ENSG00000258068,42879155,42883821,4666
ENSG00000182983,42947223,42960825,13602
ENSG00000228701,93542596,93558048,15452
ENSG00000244610,65453141,65453406,265
ENSG00000232963,24553271,24553543,272
ENSG00000126822,65170820,65213610,42790
ENSG00000207688,65467605,65467701,96
ENSG00000257510,43009305,43040300,30995
ENSG00000205464,81575281,81682796,107515
ENSG00000262764,111597632,111637151,39519
ENSG00000264754,65520597,65521538,941
ENSG00000180581,93565803,93567253,1450
ENSG00000133488,30884900,30901698,16798
ENSG00000110446,60704556,60720002,15446
ENSG00000257687,43020810,43020939,129
ENSG00000200394,65736785,65736915,130
ENSG00000090581,1401924,1413352,11428
ENSG00000266858,65770707,65773440,2733
ENSG00000257405,43030617,43030913,296
ENSG00000238822,131299898,131299995,97
ENSG00000272817,93667888,93669105,1217
ENSG00000125826,388142,411610,23468
ENSG00000122779,138145079,138274738,129659
ENSG00000222438,131354281,131354382,101
ENSG00000258431,71325561,71326146,585
ENSG00000252993,93835999,93836122,123
ENSG00000206850,131391383,131391494,111
ENSG00000240785,18049659,18049981,322
ENSG00000255976,67525347,67525985,638
ENSG00000256204,131462107,131463313,1206
ENSG00000214549,93878421,93878921,500
ENSG00000258930,71498403,71498687,284
ENSG00000237766,67659622,67660746,1124
ENSG00000257164,43040385,43080503,40118
ENSG00000124610,26017260,26018040,780
ENSG00000258966,71511092,71511357,265
ENSG00000105245,41172596,41196877,24281
ENSG00000212278,18236232,18236305,73
ENSG00000213179,65780869,65781409,540
ENSG00000213934,5269313,5271122,1809
ENSG00000233747,24557381,24558021,640
ENSG00000231179,31477173,31490193,13020
ENSG00000258571,71552199,71552550,351
ENSG00000256037,67745216,67745819,603
ENSG00000256151,131474683,131478521,3838
ENSG00000164404,132196873,132202576,5703
ENSG00000222548,65809698,65809770,72
ENSG00000256355,67818052,67818766,714
ENSG00000256172,67834778,67836339,1561
ENSG00000241552,18547421,18547712,291
ENSG00000111845,10694928,10710015,15087
ENSG00000248693,18704542,18746282,41740
ENSG00000232736,35807732,35808250,518
ENSG00000107105,23690102,23826335,136233
ENSG00000131538,24585740,24587605,1865
ENSG00000236473,39604435,39610307,5872
ENSG00000134757,29027758,29058665,30907
ENSG00000221156,35882499,35882583,84
ENSG00000107551,45454855,45491339,36484
ENSG00000260099,136289893,136334921,45028
ENSG00000202430,24787499,24787607,108
ENSG00000200446,35969768,35969874,106
ENSG00000206732,24899178,24899284,106
ENSG00000228383,9205412,9235047,29635
ENSG00000226102,35985904,36013282,27378
ENSG00000238674,18844006,18844109,103
ENSG00000198366,26020718,26021186,468
ENSG00000223125,39624208,39624398,190
ENSG00000233327,18414576,18429244,14668
ENSG00000229732,39657235,39658661,1426
ENSG00000226629,39705858,39710747,4889
ENSG00000271936,25048479,25049586,1107
ENSG00000249191,18886731,18887204,473
ENSG00000198598,132312938,132336328,23390
ENSG00000157557,40177231,40196879,19648
ENSG00000213484,93896632,93898127,1495
ENSG00000256810,131515115,131520032,4917
ENSG00000221525,101509314,101509399,85
ENSG00000212719,21428051,21477722,49671
ENSG00000112130,37321748,37362514,40766
ENSG00000154545,51927919,51935364,7445
ENSG00000234131,24663389,24663720,331
ENSG00000214514,39782579,39796451,13872
ENSG00000221614,101510535,101510620,85
ENSG00000147536,41386725,41402565,15840
ENSG00000237953,25191827,25192093,266
ENSG00000198839,111846643,111983151,136508
ENSG00000264076,93919329,93919429,100
ENSG00000258861,101511494,101518132,6638
ENSG00000221042,93963986,93964063,77
ENSG00000204603,131649556,131697476,47920
ENSG00000199020,101512257,101512331,74
ENSG00000167194,30034655,30039057,4402
ENSG00000183018,4402133,4442330,40197
ENSG00000238267,39379620,39380370,750
ENSG00000156983,9773413,9789702,16289
ENSG00000207754,101512792,101512875,83
ENSG00000249927,18894011,18894277,266
ENSG00000202560,101513658,101513735,77
ENSG00000240759,43072675,43072926,251
ENSG00000223668,39400036,39401413,1377
ENSG00000060762,166778407,166796486,18079
ENSG00000216099,101514238,101514316,78
ENSG00000202479,25192257,25192346,89
ENSG00000257114,43086018,43110653,24635
ENSG00000207587,101514995,101515085,90
ENSG00000206760,39449880,39450030,150
ENSG00000262634,47901365,47920543,19178
ENSG00000207646,101515887,101515983,96
ENSG00000224873,24666828,24667842,1014
ENSG00000202363,39452545,39452697,152
ENSG00000162944,198432948,198540769,107821
ENSG00000271272,43323651,43324382,731
ENSG00000265250,101518340,101518436,96
ENSG00000264724,39458971,39459056,85
ENSG00000258529,111657010,111750149,93139
ENSG00000185847,111374389,111396012,21623
ENSG00000230757,39685129,39686196,1067
ENSG00000257849,43359925,43361156,1231
ENSG00000239672,49230897,49239789,8892
ENSG00000269927,71607842,71609970,2128
ENSG00000224165,25194259,25262563,68304
ENSG00000201570,40011616,40011757,141
ENSG00000257373,43373057,43390289,17232
ENSG00000259907,71648173,71648823,650
ENSG00000265327,40250496,40250793,297
ENSG00000202517,40280099,40280232,133
ENSG00000257927,43447892,43448189,297
ENSG00000196176,26021907,26022278,371
ENSG00000206487,30604326,30610490,6164
ENSG00000197279,28048753,28057341,8588
ENSG00000223797,40355293,40494820,139527
ENSG00000258517,71679350,71684933,5583
ENSG00000109089,72983727,73001895,18168
ENSG00000124529,26027124,26027480,356
ENSG00000159905,44455375,44471861,16486
ENSG00000198914,105471969,105476929,4960
ENSG00000269945,71685817,71689441,3624
ENSG00000172716,33677324,33700720,23396
ENSG00000259146,71759442,71788531,29089
ENSG00000258331,43549118,43556913,7795
ENSG00000255561,111744780,111751967,7187
ENSG00000230814,24674428,24682786,8358
ENSG00000215993,43685298,43685383,85
ENSG00000046604,29078006,29128971,50965
ENSG00000002746,43152198,43605600,453402
ENSG00000243433,150725868,150726841,973
ENSG00000230274,40364206,40364770,564
ENSG00000108107,55896713,55914612,17899
ENSG00000262132,47845372,47845490,118
ENSG00000272452,40507957,40510078,2121
ENSG00000258223,141951963,141957878,5915
ENSG00000174695,82348665,82373682,25017
ENSG00000244151,150771829,150773617,1788
ENSG00000262326,47927311,47927418,107
ENSG00000196812,28092338,28097860,5522
ENSG00000226356,131776613,131777721,1108
ENSG00000262892,47991472,47992380,908
ENSG00000258240,111389487,111395616,6129
ENSG00000149926,30035748,30064299,28551
ENSG00000203618,19710468,19712294,1826
ENSG00000127329,70910630,71031220,120590
ENSG00000135972,105654441,105716418,61977
ENSG00000197177,134884433,134945179,60746
ENSG00000112041,35465651,35480715,15064
ENSG00000225228,31507785,31509300,1515
ENSG00000183016,150888067,150902582,14515
ENSG00000124693,26031817,26032288,471
ENSG00000205442,24542950,24545944,2994
ENSG00000249285,18908975,18909652,677
ENSG00000144130,113479063,113500456,21393
ENSG00000144061,110879888,110962643,82755
ENSG00000228571,24683194,24683996,802
ENSG00000069122,46820249,46922680,102431
ENSG00000246465,28296206,28303385,7179
ENSG00000248703,131780655,131782517,1862
ENSG00000133794,13298199,13408813,110614
ENSG00000271623,28376021,28376654,633
ENSG00000230476,24727136,24760228,33092
ENSG00000204920,44472014,44502477,30463
ENSG00000075292,71503691,71662199,158508
ENSG00000261089,28425024,28426339,1315
ENSG00000184058,19744226,19771116,26890
ENSG00000205133,93895758,94029901,134143
ENSG00000214491,30918786,30942669,23883
ENSG00000249174,18965970,19142455,176485
ENSG00000238703,28453987,28454090,103
ENSG00000140479,101840818,102065405,224587
ENSG00000270118,28465462,28465832,370
ENSG00000212251,131784185,131784296,111
ENSG00000271495,28559652,28559979,327
ENSG00000184162,19312225,19314233,2008
ENSG00000211517,150935507,150935624,117
ENSG00000251487,19035306,19038908,3602
ENSG00000135148,112563305,112591407,28102
ENSG00000183527,40546695,40555777,9082
ENSG00000261419,28671017,28752102,81085
ENSG00000198680,25676396,25678856,2460
ENSG00000137259,26033320,26033796,476
ENSG00000272661,150937485,150938058,573
ENSG00000238684,28683554,28683657,103
ENSG00000170819,133118839,133194066,75227
ENSG00000109107,26900133,26904282,4149
ENSG00000243018,150946411,150951476,5065
ENSG00000227689,18430871,18431775,904
ENSG00000136490,61773262,61778532,5270
ENSG00000259982,28711615,28712861,1246
ENSG00000028277,42590263,42700737,110474
ENSG00000265086,65840061,65840130,69
ENSG00000270424,28761280,28761916,636
ENSG00000100591,77924213,77935817,11604
ENSG00000242654,19041118,19041495,377
ENSG00000266717,65947001,65947862,861
ENSG00000170522,110967002,111120355,153353
ENSG00000114388,50384761,50388522,3761
ENSG00000238352,28797731,28797834,103
ENSG00000251417,28814097,28829149,15052
ENSG00000243836,151106247,151110440,4193
ENSG00000265052,65973814,65974084,270
ENSG00000214736,41755400,41757636,2236
ENSG00000182645,118083940,118139541,55601
ENSG00000266176,65989996,65992547,2551
ENSG00000230294,131832015,131852100,20085
ENSG00000240634,28825301,28825994,693
ENSG00000151164,110939460,110969891,30431
ENSG00000266117,66091209,66091898,689
ENSG00000249557,19233475,19234596,1121
ENSG00000221259,111511772,111511893,121
ENSG00000256484,131851205,131855604,4399
ENSG00000260796,28831891,28833354,1463
ENSG00000120159,26840683,26892802,52119
ENSG00000232610,190432600,190434188,1588
ENSG00000265055,66092187,66097615,5428
ENSG00000260570,28841933,28848521,6588
ENSG00000224657,24795392,24805025,9633
ENSG00000264455,28855240,28855328,88
ENSG00000214147,190548754,190549962,1208
ENSG00000261766,28873487,28874661,1174
ENSG00000167862,73008765,73017356,8591
ENSG00000264928,19735619,19735670,51
ENSG00000233308,190931080,190952394,21314
ENSG00000237854,66098049,66111659,13610
ENSG00000248766,20158771,20159065,294
ENSG00000118271,29171689,29178974,7285
ENSG00000260442,28890278,28891241,963
ENSG00000158055,24645812,24690972,45160
ENSG00000223812,191275113,191308145,33032
ENSG00000262577,111652919,111742304,89385
ENSG00000256209,131953856,131977496,23640
ENSG00000252461,28892801,28892928,127
ENSG00000201860,191358924,191359026,102
ENSG00000164104,174252846,174256276,3430
ENSG00000241456,151124769,151136210,11441
ENSG00000200270,191359118,191359213,95
ENSG00000260853,28968008,28978204,10196
ENSG00000207069,25231714,25231815,101
ENSG00000237653,191670138,191670615,477
ENSG00000172432,43573053,43596899,23846
ENSG00000240913,25280901,25281196,295
ENSG00000265810,151130575,151130725,150
ENSG00000196226,26043455,26043885,430
ENSG00000173621,66624118,66627946,3828
ENSG00000216020,191693743,191693813,70
ENSG00000267023,66121918,66148609,26691
ENSG00000241959,151161738,151162024,286
ENSG00000111843,10723148,10731362,8214
ENSG00000240132,151198964,151200549,1585
ENSG00000232353,191747669,191754346,6677
ENSG00000255704,132081402,132081660,258
ENSG00000182446,79523913,79615495,91582
ENSG00000214132,20304154,20305557,1403
ENSG00000059145,1413206,1464752,51546
ENSG00000242048,151503744,151507906,4162
ENSG00000063015,27281919,27333458,51539
ENSG00000071242,166822852,167319939,497087
ENSG00000222583,191810911,191811225,314
ENSG00000221386,111740604,111740703,99
ENSG00000135482,56511943,56516278,4335
ENSG00000257285,23398818,23424771,25953
ENSG00000253080,111777331,111777425,94
ENSG00000229593,25302770,25304558,1788
ENSG00000231383,191955826,192000886,45060
ENSG00000257595,111807086,111841114,34028
ENSG00000196565,5274420,5667019,392599
ENSG00000237889,31509287,31518252,8965
ENSG00000239911,151574127,151576299,2172
ENSG00000130348,107077453,107116292,38839
ENSG00000270889,36010757,36011177,420
ENSG00000265037,23426159,23426238,79
ENSG00000230126,192232811,192234362,1551
ENSG00000232930,36069221,36095041,25820
ENSG00000181722,114056941,114866118,809177
ENSG00000188656,9215731,9218480,2749
ENSG00000203710,207669492,207813992,144500
ENSG00000226709,192234620,192239187,4567
ENSG00000258457,23451907,23468287,16380
ENSG00000145826,135257968,135290723,32755
ENSG00000154874,18441117,18528930,87813
ENSG00000261184,36134882,36140263,5381
ENSG00000238902,192251798,192251901,103
ENSG00000212219,151597360,151597459,99
ENSG00000131828,19362011,19379823,17812
ENSG00000200184,192447344,192447505,161
ENSG00000222941,151613412,151613503,91
ENSG00000267352,66130816,66131745,929
ENSG00000257539,111819671,111823442,3771
ENSG00000227562,151647471,151652070,4599
ENSG00000173237,66742748,66744475,1727
ENSG00000228815,36148634,36150482,1848
ENSG00000232130,192862253,192894653,32400
ENSG00000164663,41757634,41863099,105465
ENSG00000239045,151765985,151766090,105
ENSG00000267708,66148917,66155184,6267
ENSG00000271117,36186451,36187633,1182
ENSG00000252114,23486367,23486590,223
ENSG00000229591,151817086,151818802,1716
ENSG00000236229,192873245,192874997,1752
ENSG00000207765,23502739,23502847,108
ENSG00000042286,71857979,71892690,34711
ENSG00000133110,38136720,38172981,36261
ENSG00000249854,20305674,20331565,25891
ENSG00000202229,23625518,23625623,105
ENSG00000164916,4683388,4811074,127686
ENSG00000236508,193025033,193032151,7118
ENSG00000130287,19322782,19363042,40260
ENSG00000213188,151825964,151826771,807
ENSG00000240131,23699170,23699325,155
ENSG00000164188,36248536,36302216,53680
ENSG00000252347,23728669,23728775,106
ENSG00000225473,193271002,193272877,1875
ENSG00000270405,152063848,152064100,252
ENSG00000270433,23763061,23765007,1946
ENSG00000267731,66186025,66188943,2918
ENSG00000204894,152064256,152064345,89
ENSG00000267472,66195062,66195737,675
ENSG00000169857,34158428,34331377,172949
ENSG00000259018,23825615,23826212,597
ENSG00000241007,152064604,152065746,1142
ENSG00000236297,193296601,193310879,14278
ENSG00000164105,174291120,174298683,7563
ENSG00000265100,66242770,66244079,1309
ENSG00000251629,20611949,20937800,325851
ENSG00000199157,23857799,23857881,82
ENSG00000253088,152099865,152099978,113
ENSG00000263563,21729601,21731762,2161
ENSG00000237802,9225731,9233636,7905
ENSG00000258444,23884548,23884895,347
ENSG00000241735,152133980,152140272,6292
ENSG00000224855,193336398,193345126,8728
ENSG00000267009,66409764,66521090,111326
ENSG00000215991,23887196,23887272,76
ENSG00000140297,59887074,59932438,45364
ENSG00000128242,30950622,30970574,19952
ENSG00000138792,111286889,111486441,199552
ENSG00000207370,193341978,193342090,112
ENSG00000201920,39874406,39874512,106
ENSG00000262742,94039446,94636885,597439
ENSG00000243991,193458262,193458510,248
ENSG00000157306,23980969,24029987,49018
ENSG00000239542,39886381,39886657,276
ENSG00000223986,193483470,193483792,322
ENSG00000263830,39993316,39993580,264
ENSG00000221454,152136306,152136393,87
ENSG00000187325,77385245,77395203,9958
ENSG00000173227,66774249,66818334,44085
ENSG00000259623,40004770,40007699,2929
ENSG00000020219,152142562,152144235,1673
ENSG00000229155,193560349,193561813,1464
ENSG00000259079,71797059,71797455,396
ENSG00000151657,7792925,7829990,37065
ENSG00000207444,71865054,71865124,70
ENSG00000261455,152160871,152162634,1763
ENSG00000204815,40086888,40117648,30760
ENSG00000242330,71915406,71915673,267
ENSG00000214146,193675161,193721448,46287
ENSG00000266869,72315323,72375147,59824
ENSG00000137055,26904081,26947461,43380
ENSG00000200298,72489124,72489233,109
ENSG00000261452,25380063,25382006,1943
ENSG00000258871,73019288,73061833,42545
ENSG00000124882,75230860,75254468,23608
ENSG00000231139,152287726,152288026,300
ENSG00000230452,25427182,25432071,4889
ENSG00000238043,193698403,193723887,25484
ENSG00000206751,73319932,73320039,107
ENSG00000138138,89511269,89601100,89831
ENSG00000258727,24030306,24037282,6976
ENSG00000199404,152290058,152290176,118
ENSG00000256618,22022437,22023991,1554
ENSG00000238557,152293008,152293115,107
ENSG00000272048,25450724,25451090,366
ENSG00000225416,152299298,152299977,679
ENSG00000238972,73376145,73376231,86
ENSG00000221445,25551509,25551590,81
ENSG00000250928,118347166,118347751,585
ENSG00000258464,24198247,24198950,703
ENSG00000137200,37400995,37450603,49608
ENSG00000228405,32094614,32097047,2433
ENSG00000212590,152306398,152306519,121
ENSG00000265439,152435527,152435815,288
ENSG00000259043,24218445,24220359,1914
ENSG00000235072,25592042,25598714,6672
ENSG00000214003,152446164,152446820,656
ENSG00000241251,43954587,43955100,513
ENSG00000197694,131314866,131395941,81075
ENSG00000118276,29202210,29265799,63589
ENSG00000249490,20612734,20614874,2140
ENSG00000244328,152454747,152455034,287
ENSG00000257813,43963572,43965841,2269
ENSG00000239011,118404992,118405095,103
ENSG00000265275,152753822,152753904,82
ENSG00000248885,118462477,118464139,1662
ENSG00000224104,152841398,152841673,275
ENSG00000271508,44026896,44027084,188
ENSG00000179061,25592818,25593185,367
ENSG00000198885,96991069,96994091,3022
ENSG00000257907,44053630,44054904,1274
ENSG00000207331,98627303,98627408,105
ENSG00000089053,121746048,121837699,91651
ENSG00000206486,30610400,30630349,19949
ENSG00000240476,98699902,98701940,2038
ENSG00000159882,44507100,44518078,10978
ENSG00000257742,44112796,44117803,5007
ENSG00000242802,4815253,4833943,18690
ENSG00000248308,20830275,20831056,781
ENSG00000185838,19770747,19842462,71715
ENSG00000234722,153097005,153111048,14043
ENSG00000135447,54969171,54982443,13272
ENSG00000241305,98934068,98935110,1042
ENSG00000257896,44130431,44134870,4439
ENSG00000105988,93976089,93976550,461
ENSG00000240572,99045221,99045396,175
ENSG00000224220,25643986,25650512,6526
ENSG00000248979,118468346,118468577,231
ENSG00000199881,94031904,94032007,103
ENSG00000266030,99085645,99085733,88
ENSG00000109321,75310851,75320726,9875
ENSG00000202297,94094220,94094321,101
ENSG00000243296,99219191,99224352,5161
ENSG00000232709,94178424,94180632,2208
ENSG00000206786,118474554,118474660,106
ENSG00000013725,60739115,60787849,48734
ENSG00000264536,118490332,118490411,79
ENSG00000207895,94200968,94201061,93
ENSG00000132382,4442192,4458926,16734
ENSG00000144426,203879602,204091101,211499
ENSG00000243089,99226031,99245957,19926
ENSG00000140307,59930261,59949740,19479
ENSG00000184111,94356609,94357044,435
ENSG00000258212,44402423,44403946,1523
ENSG00000261640,141985579,141988698,3119
ENSG00000187664,19366450,19373605,7155
ENSG00000269657,66539369,66542970,3601
ENSG00000244464,99316908,99342664,25756
ENSG00000248286,21196829,21196969,140
ENSG00000260474,141987080,141991423,4343
ENSG00000264313,94418801,94419055,254
ENSG00000266587,118593035,118593132,97
ENSG00000201160,25919945,25920057,112
ENSG00000260168,141999017,141999300,283
ENSG00000249359,21323982,21341484,17502
ENSG00000260849,142059022,142059481,459
ENSG00000243333,118642039,118642326,287
ENSG00000202092,118781411,118781528,117
ENSG00000260925,142080131,142080409,278
ENSG00000199906,40540382,40540494,112
ENSG00000164405,132202252,132203723,1471
ENSG00000222070,25945061,25945165,104
ENSG00000234067,40628026,40628919,893
ENSG00000259951,142094141,142094414,273
ENSG00000196532,26045639,26046097,458
ENSG00000239084,118804654,118804750,96
ENSG00000226845,40637698,40638985,1287
ENSG00000260554,142107887,142108157,270
ENSG00000187536,26032794,26033525,731
ENSG00000109046,25621102,25640657,19555
ENSG00000226302,40644616,40646918,2302
ENSG00000128708,172778958,172848599,69641
ENSG00000224403,193711120,193711774,654
ENSG00000176597,182971032,183016292,45260
ENSG00000177830,867357,915058,47701
ENSG00000213663,118882826,118883301,475
ENSG00000171798,134973951,135039916,65965
ENSG00000260215,142136731,142137173,442
ENSG00000229072,40740557,40740829,272
ENSG00000270618,24236871,24238207,1336
ENSG00000137720,111749659,111756699,7040
ENSG00000234287,40803036,40803290,254
ENSG00000222931,24261139,24261445,306
ENSG00000249919,118890945,118891353,408
ENSG00000213931,5289582,5526847,237265
ENSG00000224917,24816763,24819006,2243
ENSG00000258887,24294845,24296605,1760
ENSG00000231873,40807698,40904117,96419
ENSG00000239067,118945897,118946000,103
ENSG00000256258,132106436,132107748,1312
ENSG00000259334,24391456,24403777,12321
ENSG00000250895,118988218,118988695,477
ENSG00000230727,24908998,24915934,6936
ENSG00000213996,19375173,19384200,9027
ENSG00000230102,193723226,193788759,65533
ENSG00000256424,132131658,132132666,1008
ENSG00000127951,76822688,76829143,6455
ENSG00000215256,24407940,24458048,50108
ENSG00000241481,98086678,98100408,13730
ENSG00000145819,142149949,142608576,458627
ENSG00000187837,26055968,26056699,731
ENSG00000144649,43020759,43101703,80944
ENSG00000226634,31682228,31685807,3579
ENSG00000185829,44594068,44657088,63020
ENSG00000228240,24997731,24998862,1131
ENSG00000227532,116827602,116827794,192
ENSG00000183666,21341942,21589481,247539
ENSG00000174109,1469745,1479345,9600
ENSG00000212154,132145608,132145719,111
ENSG00000084676,24714783,24993571,278788
ENSG00000234259,119015892,119016775,883
ENSG00000184984,34260921,34357291,96370
ENSG00000230785,116902972,116904942,1970
ENSG00000230066,9334896,9342768,7872
ENSG00000251293,119581143,119669197,88054
ENSG00000236493,94428502,94429500,998
ENSG00000251975,119673244,119673348,104
ENSG00000270073,9345205,9347784,2579
ENSG00000255152,31707797,31732628,24831
ENSG00000171428,18027986,18081198,53212
ENSG00000107669,123499939,123688316,188377
ENSG00000228978,31555632,31557434,1802
ENSG00000261036,119681602,119740532,58930
ENSG00000201412,94470256,94470365,109
ENSG00000225118,94637849,94638046,197
ENSG00000159885,44529494,44537265,7771
ENSG00000101966,122993574,123047829,54255
ENSG00000226425,94819420,94820183,763
ENSG00000135413,55024595,55028679,4084
ENSG00000196946,8290733,8341133,50400
ENSG00000232805,94866629,94867140,511
ENSG00000109846,111779289,111794446,15157
ENSG00000131584,1227756,1244989,17233
ENSG00000134153,34376218,34394149,17931
ENSG00000237417,94966614,94969384,2770
ENSG00000233489,153146514,153146960,446
ENSG00000165507,45466429,45474258,7829
ENSG00000226509,153665750,153665911,161
ENSG00000180901,73028670,73061984,33314
ENSG00000231314,31559653,31561620,1967
ENSG00000197599,1484384,1494557,10173
ENSG00000177885,73314157,73401790,87633
ENSG00000091490,25749055,25865382,116327
ENSG00000213432,95043761,95044315,554
ENSG00000212396,95270305,95270437,132
ENSG00000221352,95368343,95368456,113
ENSG00000233096,41012032,41013069,1037
ENSG00000227995,95641050,95641695,645
ENSG00000144647,43120724,43147568,26844
ENSG00000233919,41203778,41210038,6260
ENSG00000114026,9791628,9829903,38275
ENSG00000180764,95717948,95721297,3349
ENSG00000221337,41690747,41690828,81
ENSG00000145860,158584417,158637061,52644
ENSG00000141338,66863433,66951533,88100
ENSG00000235956,32123003,32129017,6014
ENSG00000252895,95806795,95806882,87
ENSG00000222406,48931789,48931904,115
ENSG00000183251,5322244,5323226,982
ENSG00000006652,112063023,112121072,58049
ENSG00000207558,101518783,101518862,79
ENSG00000173465,65337901,65341413,3512
ENSG00000207742,101520638,101520723,85
ENSG00000266173,61780192,61819330,39138
ENSG00000164406,132208014,132210738,2724
ENSG00000207993,101521008,101521110,102
ENSG00000184881,5344541,5345582,1041
ENSG00000227781,48952491,48980269,27778
ENSG00000208027,101521738,101521848,110
ENSG00000197584,177990720,178562217,571497
ENSG00000140299,59951345,59981733,30388
ENSG00000170279,148287657,148312952,25295
ENSG00000214711,31395924,31456724,60800
ENSG00000267022,44529506,44591471,61965
ENSG00000203837,118187379,118237469,50090
ENSG00000100029,30972612,31003070,30458
ENSG00000205572,69321074,69338940,17866
ENSG00000208004,101522556,101522637,81
ENSG00000242180,5363744,5364809,1065
ENSG00000172765,129366635,129612419,245784
ENSG00000141437,29339525,29340843,1318
ENSG00000207561,66420592,66420689,97
ENSG00000207978,101526092,101526175,83
ENSG00000203585,67913609,67960906,47297
ENSG00000267461,66553657,66578718,25061
ENSG00000066583,128430444,128449721,19277
ENSG00000176239,5372738,5373676,938
ENSG00000269048,166945369,166947709,2340
ENSG00000217643,26045338,26045819,481
ENSG00000267659,66587937,66760023,172086
ENSG00000256077,67964977,67983767,18790
ENSG00000249141,167271582,167369612,98030
ENSG00000235872,68052771,68064699,11928
ENSG00000157927,4836686,4923350,86664
ENSG00000266269,111925282,111925382,100
ENSG00000218682,26079330,26079835,505
ENSG00000272215,112002625,112002687,62
ENSG00000263690,66762614,66762700,86
ENSG00000255970,68102827,68123255,20428
ENSG00000178386,44555520,44572144,16624
ENSG00000267250,66789690,66793963,4273
ENSG00000234803,9355208,9364506,9298
ENSG00000231749,67000855,67014464,13609
ENSG00000197721,207818458,207911761,93303
ENSG00000217718,26109833,26110075,242
ENSG00000176973,65339820,65341669,1849
ENSG00000232913,95841707,95868571,26864
ENSG00000186088,76940068,77045717,105649
ENSG00000267361,67090430,67091640,1210
ENSG00000260867,58231016,58251709,20693
ENSG00000240863,58233474,58233740,266
ENSG00000007944,16129356,16148479,19123
ENSG00000265331,67095683,67095797,114
ENSG00000263810,99410324,99410415,91
ENSG00000170276,111782966,111789574,6608
ENSG00000203343,58315593,58316079,486
ENSG00000237629,26217663,26217950,287
ENSG00000273374,99521543,99524902,3359
ENSG00000103056,68392231,68482591,90360
ENSG00000249926,132147141,132149249,2108
ENSG00000260241,142155394,142155893,499
ENSG00000267203,67314874,67315102,228
ENSG00000264897,99683158,99683242,84
ENSG00000212379,58411956,58412052,96
ENSG00000261078,58416893,58417702,809
ENSG00000261533,99898411,99900574,2163
ENSG00000252352,67351274,67351359,85
ENSG00000261214,142162383,142162825,442
ENSG00000252271,58418346,58418446,100
ENSG00000267653,67473280,67497896,24616
ENSG00000259903,142195614,142196085,471
ENSG00000199872,26265544,26265650,106
ENSG00000238377,99940365,99940436,71
ENSG00000260186,58455230,58496374,41144
ENSG00000215537,25012691,25013903,1212
ENSG00000267194,67547499,67550002,2503
ENSG00000243974,99944218,99944917,699
ENSG00000078618,52254863,52344477,89614
ENSG00000100883,35451163,35498773,47610
ENSG00000260768,142378492,142378952,460
ENSG00000222017,198557830,198639547,81717
ENSG00000273488,100080031,100080481,450
ENSG00000205595,75480629,75490486,9857
ENSG00000261619,142383314,142383764,450
ENSG00000252989,100364965,100365041,76
ENSG00000235440,26324186,26325005,819
ENSG00000254445,111783460,111797595,14135
ENSG00000200556,58530812,58530918,106
ENSG00000227517,67573392,67899141,325749
ENSG00000243495,100383894,100384320,426
ENSG00000207493,58582403,58582537,134
ENSG00000149300,111788756,111797596,8840
ENSG00000247626,198570087,198573113,3026
ENSG00000184698,5410607,5411664,1057
ENSG00000260794,142421876,142422330,454
ENSG00000206952,58593700,58593835,135
ENSG00000215012,19833661,19842419,8758
ENSG00000260346,142436169,142436653,484
ENSG00000213431,100629819,100631019,1200
ENSG00000231655,26363132,26364133,1001
ENSG00000260865,58631493,58631849,356
ENSG00000188888,36481413,36499730,18317
ENSG00000261106,142445732,142458950,13218
ENSG00000169607,113493930,113522254,28324
ENSG00000184321,5423827,5424777,950
ENSG00000201642,100671471,100671577,106
ENSG00000239121,58652579,58652668,89
ENSG00000242573,100881938,100882830,892
ENSG00000267184,67703334,67703514,180
ENSG00000245768,58767816,59142878,375062
ENSG00000167360,5443341,5444436,1095
ENSG00000261735,142451885,142452425,540
ENSG00000252100,67945002,67945088,86
ENSG00000096872,26947037,27062928,115891
ENSG00000174442,66797297,66842115,44818
ENSG00000204839,144648357,144655141,6784
ENSG00000260353,142462860,142463266,406
ENSG00000214465,26372073,26373600,1527
ENSG00000237560,67957848,67979679,21831
ENSG00000196912,98108978,98206428,97450
ENSG00000261225,142500930,142504458,3528
ENSG00000167359,5461800,5462744,944
ENSG00000212999,93895865,93898013,2148
ENSG00000187918,5474638,5475707,1069
ENSG00000260250,142511506,142515082,3576
ENSG00000164106,174305852,174327531,21679
ENSG00000227133,26382892,26384005,1113
ENSG00000026297,167342992,167370679,27687
ENSG00000178980,48281829,48287943,6114
ENSG00000254318,94146324,94179079,32755
ENSG00000169764,64068074,64118696,50622
ENSG00000154485,127455022,127464390,9368
ENSG00000262987,142521598,142525182,3584
ENSG00000177917,153574407,153617767,43360
ENSG00000181609,5509915,5510979,1064
ENSG00000255772,68323015,68363797,40782
ENSG00000224042,116903971,116904442,471
ENSG00000261808,142539536,142540431,895
ENSG00000268080,94241867,94242388,521
ENSG00000235915,31565222,31568007,2785
ENSG00000261805,142636796,142653708,16912
ENSG00000256835,68371887,68372167,280
ENSG00000230605,116904447,116904584,137
ENSG00000237951,26384925,26385423,498
ENSG00000175520,5528530,5531215,2685
ENSG00000225766,24505662,24520580,14918
ENSG00000260829,142807823,142808190,367
ENSG00000108106,55912652,55919145,6493
ENSG00000184281,2421718,2425106,3388
ENSG00000238202,116940915,116962290,21375
ENSG00000255733,68383225,68628466,245241
ENSG00000173442,65343509,65360121,16612
ENSG00000260632,142822936,142824191,1255
ENSG00000138083,45168902,45173216,4314
ENSG00000214684,117080036,117080834,798
ENSG00000124641,41873092,41888877,15785
ENSG00000130349,107349407,107372546,23139
ENSG00000164107,174446120,174451380,5260
ENSG00000049759,55711599,56068772,357173
ENSG00000225378,26894122,26897332,3210
ENSG00000199801,67982127,67982235,108
ENSG00000180815,19378174,19533379,155205
ENSG00000176043,73396320,73396638,318
ENSG00000001460,24683489,24743424,59935
ENSG00000230258,68013465,68125000,111535
ENSG00000156006,18248755,18258728,9973
ENSG00000233974,21481436,21484120,2684
ENSG00000260513,57187307,57207557,20250
ENSG00000072364,132211071,132299326,88255
ENSG00000103249,1494935,1525581,30646
ENSG00000267603,68047418,68064236,16818
ENSG00000264537,56933773,56933842,69
ENSG00000225024,26901087,26901378,291
ENSG00000261676,56943078,56949839,6761
ENSG00000115977,69688532,69901481,212949
ENSG00000123384,57522276,57607134,84858
ENSG00000186026,44576297,44593766,17469
ENSG00000174111,36508111,36556019,47908
ENSG00000244432,68395174,68395328,154
ENSG00000185658,40556102,40693485,137383
ENSG00000161634,55038375,55042277,3902
ENSG00000261137,57008034,57012046,4012
ENSG00000152430,198591603,198651486,59883
ENSG00000270114,153723372,153735689,12317
ENSG00000203563,21493692,21494062,370
ENSG00000153339,29409136,29533099,123963
ENSG00000272130,21569864,21570154,290
ENSG00000187902,55940107,55954230,14123
ENSG00000143437,150782181,150849244,67063
ENSG00000203335,153752670,153756646,3976
ENSG00000236946,68429547,68430633,1086
ENSG00000233363,153789286,153793128,3842
ENSG00000256708,68537098,68537470,372
ENSG00000236408,154630098,154657193,27095
ENSG00000112514,33384219,33386094,1875
ENSG00000164332,158690089,158713044,22955
ENSG00000266788,57023478,57023557,79
ENSG00000145835,27050037,27050388,351
ENSG00000272760,154742936,154743898,962
ENSG00000175518,5535623,5537935,2312
ENSG00000273183,154748139,154748817,678
ENSG00000251301,68726668,68845443,118775
ENSG00000200424,58778155,58778261,106
ENSG00000273344,154795158,154797413,2255
ENSG00000253766,21616371,21779631,163260
ENSG00000244003,58804428,58804722,294
ENSG00000006282,48620419,48633213,12794
ENSG00000164616,135266006,135287280,21274
ENSG00000164117,175157809,175205415,47606
ENSG00000260451,58810444,58811467,1023
ENSG00000238168,112019179,112019607,428
ENSG00000228727,31730576,31732628,2052
ENSG00000144741,66119285,66438540,319255
ENSG00000212122,112768251,112770728,2477
ENSG00000242423,58859795,58860272,477
ENSG00000170577,45232300,45236569,4269
ENSG00000258099,112037302,112038060,758
ENSG00000230286,27173176,27232675,59499
ENSG00000180871,218990012,219001976,11964
ENSG00000264816,57032941,57033200,259
ENSG00000221615,21734320,21734413,93
ENSG00000261638,58881711,58914117,32406
ENSG00000125875,416124,443197,27073
ENSG00000141741,37884749,37887040,2291
ENSG00000267680,44598492,44612479,13987
ENSG00000157884,26804070,26864236,60166
ENSG00000244043,59122741,59122995,254
ENSG00000178928,48304500,48322308,17808
ENSG00000261144,59200855,59201056,201
ENSG00000137198,16238811,16295780,56969
ENSG00000238601,59448677,59448749,72
ENSG00000200062,59574030,59574170,140
ENSG00000205500,27207644,27237480,29836
ENSG00000270222,59689506,59690240,734
ENSG00000063241,55964352,55973710,9358
ENSG00000260013,59788365,59788930,565
ENSG00000074054,122095352,122407163,311811
ENSG00000188690,127477146,127511817,34671
ENSG00000261807,59889257,60087875,198618
ENSG00000228770,36268230,36268493,263
ENSG00000261278,60058482,60059045,563
ENSG00000010704,26087509,26098571,11062
ENSG00000157703,138279030,138386097,107067
ENSG00000229679,36268889,36270716,1827
ENSG00000237974,117127791,117127983,192
ENSG00000261590,60391118,60391378,260
ENSG00000178971,8130191,8151362,21171
ENSG00000232661,117200787,117204730,3943
ENSG00000234457,36345240,36345513,273
ENSG00000234001,117226261,117226470,209
ENSG00000261436,60393746,60476149,82403
ENSG00000228806,154898110,154898361,251
ENSG00000083622,117244845,117287469,42624
ENSG00000181616,5565719,5566779,1060
ENSG00000260070,36359384,36360088,704
ENSG00000201066,154973591,154973894,303
ENSG00000224136,117522913,117523729,816
ENSG00000182612,79604197,79615779,11582
ENSG00000201432,36377276,36377387,111
ENSG00000237400,36502632,36544121,41489
ENSG00000187747,5602107,5603114,1007
ENSG00000173156,66824289,66839484,15195
ENSG00000105705,19386827,19431653,44826
ENSG00000163788,43328004,43466256,138252
ENSG00000230539,36637440,36639726,2286
ENSG00000174384,72507941,72515008,7067
ENSG00000115325,74776153,74784681,8528
ENSG00000221561,36681752,36681849,97
ENSG00000112144,52866077,52926600,60523
ENSG00000272984,36773609,36774140,531
ENSG00000227600,32127544,32146625,19081
ENSG00000199913,72509641,72509742,101
ENSG00000213430,21882694,21884421,1727
ENSG00000266868,28969904,28969982,78
ENSG00000047188,112849380,112930982,81602
ENSG00000229424,36790292,36802686,12394
ENSG00000188343,94710789,94743755,32966
ENSG00000112294,24495080,24537435,42355
ENSG00000149925,30064411,30081778,17367
ENSG00000205580,72518503,72525485,6982
ENSG00000235728,36820613,36822394,1781
ENSG00000261067,28986125,29002096,15971
ENSG00000260039,57059581,57076842,17261
ENSG00000163464,219027568,219031718,4150
ENSG00000262226,160539,165865,5326
ENSG00000178409,107386386,107436473,50087
ENSG00000172667,178735011,178790067,55056
ENSG00000225739,36858564,36859295,731
ENSG00000156011,18384811,18942240,557429
ENSG00000154764,13857755,13921618,63863
ENSG00000263137,191426,203184,11758
ENSG00000230831,36878577,36880978,2401
ENSG00000221325,36958962,36959037,75
ENSG00000260367,28986294,28990145,3851
ENSG00000261756,57081978,57087966,5988
ENSG00000224101,37037401,37053235,15834
ENSG00000148925,13409548,13484844,75296
ENSG00000262016,218679,220336,1657
ENSG00000261552,29000461,29002099,1638
ENSG00000262193,220871,236414,15543
ENSG00000221157,37145128,37145215,87
ENSG00000268129,142719749,142720309,560
ENSG00000145757,94987885,95034415,46530
ENSG00000224706,37156384,37156790,406
ENSG00000185339,31002825,31023265,20440
ENSG00000260908,29065053,29119429,54376
ENSG00000171303,26915619,26956288,40669
ENSG00000253104,22139356,22141577,2221
ENSG00000243733,142830644,142831201,557
ENSG00000238772,37209283,37209384,101
ENSG00000158669,41434706,41482520,47814
ENSG00000222869,37390747,37390846,99
ENSG00000241679,142842204,142850735,8531
ENSG00000238699,29077576,29077679,103
ENSG00000213744,37415125,37415626,501
ENSG00000231636,27272551,27273132,581
ENSG00000211483,142884490,142884579,89
ENSG00000147813,144656955,144660819,3864
ENSG00000244171,142895127,142897307,2180
ENSG00000200113,37459231,37459370,139
ENSG00000139324,88536073,88593664,57591
ENSG00000201566,37474718,37474819,101
ENSG00000178503,37625103,37625932,829
ENSG00000240888,143031909,143033271,1362
ENSG00000225314,37860812,37861212,400
ENSG00000164494,107473761,107780768,307007
ENSG00000240012,143061088,143065913,4825
ENSG00000172809,72199721,72206794,7073
ENSG00000168967,22142461,22152465,10004
ENSG00000121236,5617339,5634188,16849
ENSG00000171956,60296421,60353929,57508
ENSG00000103472,29086163,29128039,41876
ENSG00000244493,143100180,143101003,823
ENSG00000204396,31733367,31745108,11741
ENSG00000114098,137906109,138017231,111122
ENSG00000243033,143222117,143223115,998
ENSG00000233369,72569033,72619657,50624
ENSG00000079257,158363611,158390482,26871
ENSG00000243759,143235965,143237071,1106
ENSG00000156521,71897737,71906432,8695
ENSG00000150764,111797868,111893308,95440
ENSG00000248374,143339370,143346532,7162
ENSG00000139641,56512034,56538455,26421
ENSG00000235110,143574581,143574985,404
ENSG00000236315,31567993,31572083,4090
ENSG00000110448,60869867,60895324,25457
ENSG00000234826,117638912,117644099,5187
ENSG00000259321,24608654,24609653,999
ENSG00000163466,219081817,219119079,37262
ENSG00000257947,44638177,44657765,19588
ENSG00000222226,118102553,118102648,95
ENSG00000199804,24627812,24627931,119
ENSG00000257864,44642215,44642787,572
ENSG00000165794,21467414,21470030,2616
ENSG00000229982,118520157,118521342,1185
ENSG00000260669,24678852,24685193,6341
ENSG00000201788,45274651,45274752,101
ENSG00000257319,45444684,45496890,52206
ENSG00000124126,47240790,47444420,203630
ENSG00000257331,45457256,45459134,1878
ENSG00000070985,2425745,2444275,18530
ENSG00000257572,45465552,45466626,1074
ENSG00000068784,45615819,45839304,223485
ENSG00000272056,27276486,27277144,658
ENSG00000230520,118590440,118591313,873
ENSG00000229122,27283906,27284683,777
ENSG00000135973,105858200,105859924,1724
ENSG00000270516,118818231,118819203,972
ENSG00000231202,38335364,38335834,470
ENSG00000263692,119124379,119124463,84
ENSG00000231916,38350984,38351409,425
ENSG00000172551,55224303,55252177,27874
ENSG00000225992,38362047,38362331,284
ENSG00000256882,119209294,119209370,76
ENSG00000184434,26993134,27005691,12557
ENSG00000272908,38365671,38369244,3573
ENSG00000225546,119344610,119547429,202819
ENSG00000213699,26987152,27004099,16947
ENSG00000199556,45511554,45511671,117
ENSG00000164118,175204828,175254531,49703
ENSG00000213066,167412670,167466201,53531
ENSG00000272148,27285296,27285775,479
ENSG00000173120,66886740,67025558,138818
ENSG00000249978,38374642,38375115,473
ENSG00000134297,45566847,45609824,42977
ENSG00000226212,38380301,38380599,298
ENSG00000188501,66839517,66858317,18800
ENSG00000236099,27381431,27382097,666
ENSG00000133107,38210773,38444562,233789
ENSG00000256273,68738444,68743739,5295
ENSG00000268556,105867759,105869601,1842
ENSG00000238312,100920676,100920779,103
ENSG00000261107,57128283,57128994,711
ENSG00000218497,42781,68787,26006
ENSG00000241738,101076136,101078086,1950
ENSG00000252409,41729360,41729525,165
ENSG00000177169,132379196,132407712,28516
ENSG00000256075,68867521,68868682,1161
ENSG00000222942,41808107,41808411,304
ENSG00000232830,101133072,101133477,405
ENSG00000223513,41900842,41901086,244
ENSG00000256917,68881467,68881643,176
ENSG00000134072,9799026,9811676,12650
ENSG00000197483,55987699,55995854,8155
ENSG00000251986,41910490,41910587,97
ENSG00000213686,48963181,48964127,946
ENSG00000240087,68946775,68947662,887
ENSG00000212145,41940603,41940745,142
ENSG00000170144,178077291,178088686,11395
ENSG00000172123,33738079,33760302,22223
ENSG00000201554,101177374,101177470,96
ENSG00000234270,41996937,41997255,318
ENSG00000238525,101220999,101221101,102
ENSG00000234945,27558402,27565466,7064
ENSG00000228418,48980162,48981273,1111
ENSG00000235339,42018500,42019526,1026
ENSG00000236575,93511,119608,26097
ENSG00000234040,69020650,69020967,317
ENSG00000089060,113736564,113797298,60734
ENSG00000135966,105880871,105946491,65620
ENSG00000113302,158741791,158757895,16104
ENSG00000175841,101237711,101242731,5020
ENSG00000258359,112107656,112108166,510
ENSG00000229339,42092673,42093186,513
ENSG00000234562,42187138,42187863,725
ENSG00000236786,9385717,9388290,2573
ENSG00000222872,42263332,42263457,125
ENSG00000242299,101295333,101295791,458
ENSG00000231280,42362497,42364187,1690
ENSG00000257877,112250597,112251224,627
ENSG00000229631,149787,180454,30667
ENSG00000100036,31031639,31065003,33364
ENSG00000232426,48988121,48998766,10645
ENSG00000243396,101318087,101318488,401
ENSG00000238476,18464,18566,102
ENSG00000231436,9448180,9458885,10705
ENSG00000090971,55996371,55998935,2564
ENSG00000251784,110776,110888,112
ENSG00000252348,101334670,101334772,102
ENSG00000101266,459116,524465,65349
ENSG00000212319,101347154,101347250,96
ENSG00000201511,101366265,101366366,101
ENSG00000243678,49230920,49249108,18188
ENSG00000201121,101380904,101381008,104
ENSG00000256628,101395274,101398061,2787
ENSG00000177519,154333852,154335322,1470
ENSG00000244119,101431316,101432035,719
ENSG00000105392,48322703,48346587,23884
ENSG00000249474,101542637,101543842,1205
ENSG00000234608,112277571,112280706,3135
ENSG00000077420,26727132,26856732,129600
ENSG00000214407,101659703,101716770,57067
ENSG00000152422,82373317,82649606,276289
ENSG00000249206,22580334,22580928,594
ENSG00000174808,75669969,75719896,49927
ENSG00000145808,128795958,129074376,278418
ENSG00000202177,101673921,101674029,108
ENSG00000249404,23013157,23014636,1479
ENSG00000241280,101679202,101716770,37568
ENSG00000264118,23201554,23201836,282
ENSG00000233523,72602009,72602776,767
ENSG00000225485,36584662,36668628,83966
ENSG00000167065,31048038,31063877,15839
ENSG00000170214,159343790,159399551,55761
ENSG00000167987,60897728,60929089,31361
ENSG00000120156,27109139,27230173,121034
ENSG00000228668,38384631,38385100,469
ENSG00000257738,45594600,45595334,734
ENSG00000231575,95868873,95880864,11991
ENSG00000241756,38570643,38570939,296
ENSG00000160746,43396351,43733086,336735
ENSG00000257368,45838549,45839221,672
ENSG00000227404,38694805,38696213,1408
ENSG00000234724,95897505,95899257,1752
ENSG00000250319,23262268,23263294,1026
ENSG00000257657,45875654,46004403,128749
ENSG00000233854,39023843,39053151,29308
ENSG00000182487,72634611,72649979,15368
ENSG00000206631,95915396,95915502,106
ENSG00000120708,135364584,135399507,34923
ENSG00000154025,18853658,18925908,72250
ENSG00000206912,23299264,23299371,107
ENSG00000070182,65213002,65346601,133599
ENSG00000228553,95984917,95987045,2128
ENSG00000234110,9461792,9463961,2169
ENSG00000120029,103605356,103815950,210594
ENSG00000250332,23303674,23305252,1578
ENSG00000226223,9477858,9478325,467
ENSG00000165757,30301729,30404423,102694
ENSG00000268894,96039034,96046828,7794
ENSG00000232617,9502838,9506619,3781
ENSG00000259471,66874528,66978132,103604
ENSG00000183385,9528709,9531566,2857
ENSG00000249289,23329536,23330001,465
ENSG00000133401,31639517,32111037,471520
ENSG00000123815,41197434,41224112,26678
ENSG00000169116,75858305,75975325,117020
ENSG00000165644,76993727,76995788,2061
ENSG00000248591,23456577,23456959,382
ENSG00000118849,158414681,158450485,35804
ENSG00000113312,159436120,159492550,56430
ENSG00000251692,1535887,1538982,3095
ENSG00000273450,96074664,96075084,420
ENSG00000267365,68163102,68165543,2441
ENSG00000182405,34394274,34396591,2317
ENSG00000244332,96337196,96370995,33799
ENSG00000267170,68237465,68237902,437
ENSG00000090061,99947506,100001381,53875
ENSG00000235746,96406121,96407753,1632
ENSG00000259009,48337701,48364769,27068
ENSG00000248594,112277571,112279211,1640
ENSG00000249607,23689036,23689495,459
ENSG00000230338,96533913,96534390,477
ENSG00000252083,23972297,23972403,106
ENSG00000256294,44616334,44637027,20693
ENSG00000162992,182537815,182545603,7788
ENSG00000173198,77526961,77583048,56087
ENSG00000234072,27579113,27590489,11376
ENSG00000235199,96625609,96632886,7277
ENSG00000105398,48373723,48389654,15931
ENSG00000137834,66994566,67074338,79772
ENSG00000206485,30633702,30645208,11506
ENSG00000147761,9544433,9552871,8438
ENSG00000267109,68308972,68365057,56085
ENSG00000179028,51942963,51946358,3395
ENSG00000267471,68625058,68625406,348
ENSG00000233345,31735723,31742275,6552
ENSG00000155622,52112173,52118823,6650
ENSG00000271239,68774745,68775371,626
ENSG00000001461,24742284,24799466,57182
ENSG00000117335,207925402,207968858,43456
ENSG00000271101,69008138,69009728,1590
ENSG00000234865,23980696,23981047,351
ENSG00000228521,154995857,154996899,1042
ENSG00000241754,102382007,102392757,10750
ENSG00000225612,155059009,155059762,753
ENSG00000201065,102473908,102474014,106
ENSG00000273117,155087628,155089251,1623
ENSG00000201922,102878804,102878968,164
ENSG00000188334,48471303,48495427,24124
ENSG00000236691,102959831,102960074,243
ENSG00000100726,1543345,1560458,17113
ENSG00000200600,23994611,23994712,101
ENSG00000260426,155192617,155194477,1860
ENSG00000226432,24170479,24171355,876
ENSG00000267229,111657010,111750144,93134
ENSG00000179954,55999771,56030465,30694
ENSG00000167863,73034958,73043080,8122
ENSG00000221838,99699172,99707968,8796
ENSG00000263002,44645710,44663156,17446
ENSG00000134152,34432875,34502297,69422
ENSG00000213453,27615651,27616234,583
ENSG00000230210,49087398,49094515,7117
ENSG00000266481,39333906,39334005,99
ENSG00000164093,111538579,111563279,24700
ENSG00000138449,190425305,190448484,23179
ENSG00000266197,49090136,49090419,283
ENSG00000115163,26987157,27023935,36778
ENSG00000206947,39368602,39368733,131
ENSG00000079332,71907045,71930279,23234
ENSG00000175535,118305443,118327367,21924
ENSG00000224122,39444197,39445945,1748
ENSG00000270010,40190250,40190752,502
ENSG00000179296,49217898,49239729,21831
ENSG00000250694,24352418,24353552,1134
ENSG00000108468,46147414,46178883,31469
ENSG00000169393,48497908,48528410,30502
ENSG00000179300,77911566,77914825,3259
ENSG00000227172,39585245,39605838,20593
ENSG00000267221,40192731,40195135,2404
ENSG00000172578,183205319,183273477,68158
ENSG00000235267,27678023,27678729,706
ENSG00000236015,39608975,39609797,822
ENSG00000147010,19552093,19905719,353626
ENSG00000267658,40306618,40307990,1372
ENSG00000204382,52235228,52243954,8726
ENSG00000231951,39649209,39649889,680
ENSG00000153292,46965440,47010099,44659
ENSG00000251294,24554127,24613331,59204
ENSG00000106540,39649316,39649879,563
ENSG00000267758,40420605,40421825,1220
ENSG00000252149,49248476,49248591,115
ENSG00000228554,39739940,39742895,2955
ENSG00000265167,60463552,60463637,85
ENSG00000032389,3192696,3381653,188957
ENSG00000229572,42382080,42383859,1779
ENSG00000112320,107811162,107981357,170195
ENSG00000243899,49256241,49268060,11819
ENSG00000261310,60520723,60557154,36431
ENSG00000236194,40422535,40424701,2166
ENSG00000270741,119993772,119994066,294
ENSG00000239181,42463638,42463730,92
ENSG00000125869,9495005,9511171,16166
ENSG00000188185,39773231,39832691,59460
ENSG00000222609,120046393,120046535,142
ENSG00000235787,42511132,42511371,239
ENSG00000259844,60688139,60690553,2414
ENSG00000221020,40551027,40551109,82
ENSG00000248927,120116913,120126473,9560
ENSG00000238704,40592216,40592277,61
ENSG00000200003,27698361,27698462,101
ENSG00000264314,40646791,40646848,57
ENSG00000249562,24578403,24578670,267
ENSG00000265127,60803883,60803987,104
ENSG00000126542,49272334,49327498,55164
ENSG00000267222,40647885,40648568,683
ENSG00000261178,60959637,60962445,2808
ENSG00000171148,9821544,9834695,13151
ENSG00000262028,111744779,111751966,7187
ENSG00000267632,40661802,40663537,1735
ENSG00000265611,40666206,40666325,119
ENSG00000224631,61089303,61089868,565
ENSG00000252480,39807940,39808043,103
ENSG00000221531,27804756,27804813,57
ENSG00000256929,40673736,40674065,329
ENSG00000270797,39828566,39828903,337
ENSG00000267185,40685550,40686027,477
ENSG00000226220,39836192,39837510,1318
ENSG00000251135,120375785,120379727,3942
ENSG00000159374,74785010,74875465,90455
ENSG00000259080,27805913,27858041,52128
ENSG00000266929,40688528,40714080,25552
ENSG00000237251,39856148,39907739,51591
ENSG00000260600,61725660,61727654,1994
ENSG00000163743,76404247,76439974,35727
ENSG00000206484,30645360,30648733,3373
ENSG00000201289,61777058,61777380,322
ENSG00000226906,25082602,25119431,36829
ENSG00000233225,39872813,39874544,1731
ENSG00000260115,61952225,61974601,22376
ENSG00000265328,103242877,103242960,83
ENSG00000243499,132152037,132152791,754
ENSG00000207441,62221444,62221550,106
ENSG00000244000,25163210,25163968,758
ENSG00000137210,10747992,10852986,104994
ENSG00000237901,62391275,62391650,375
ENSG00000248853,120394939,120396648,1709
ENSG00000238507,62438155,62438258,103
ENSG00000222778,143905747,143905862,115
ENSG00000244060,112317142,112318053,911
ENSG00000231589,62630276,62632353,2077
ENSG00000260332,62842126,62842610,484
ENSG00000232462,49363368,49364177,809
ENSG00000244024,145241325,145242202,877
ENSG00000250847,120531675,120531905,230
ENSG00000152266,13513602,13517728,4126
ENSG00000223123,62859865,62859952,87
ENSG00000236544,155213901,155249794,35893
ENSG00000147145,78003206,78012591,9385
ENSG00000225482,49500742,49501460,718
ENSG00000261502,63090690,63163558,72868
ENSG00000241695,145402359,145402879,520
ENSG00000227365,155302978,155311318,8340
ENSG00000239797,145542044,145542526,482
ENSG00000255933,132241511,132242592,1081
ENSG00000269986,63100430,63100894,464
ENSG00000221113,155664585,155664701,116
ENSG00000112486,167525295,167553184,27889
ENSG00000200516,132285860,132285979,119
ENSG00000207061,155978816,155978917,101
ENSG00000214544,72656902,72694143,37241
ENSG00000184470,19863040,19929341,66301
ENSG00000261199,63214514,63214975,461
ENSG00000244358,145657699,145679323,21624
ENSG00000229855,120535399,120693093,157694
ENSG00000169972,1243947,1247057,3110
ENSG00000260658,63348168,63651950,303782
ENSG00000250099,24749483,24749881,398
ENSG00000205476,99977603,100070363,92760
ENSG00000271739,119646030,119646155,125
ENSG00000233417,119781070,119783050,1980
ENSG00000241808,63384667,63385053,386
ENSG00000186367,129083772,129102425,18653
ENSG00000248156,24786951,24787133,182
ENSG00000164292,95049226,95160087,110861
ENSG00000261743,63402748,63403360,612
ENSG00000259864,63737387,63737569,182
ENSG00000261014,63764181,63788661,24480
ENSG00000248682,49718568,49719632,1064
ENSG00000113580,142657496,142815077,157581
ENSG00000261653,63969682,63970810,1128
ENSG00000223004,24811590,24811657,67
ENSG00000231906,49754517,49754758,241
ENSG00000184792,31089769,31303811,214042
ENSG00000248908,24835389,24840692,5303
ENSG00000260715,64189073,64190478,1405
ENSG00000262176,111749658,111756698,7040
ENSG00000261028,64276512,64377813,101301
ENSG00000172878,172864490,172947158,82668
ENSG00000244088,120911543,120912015,472
ENSG00000138434,182756560,182795465,38905
ENSG00000260668,64294474,64295143,669
ENSG00000229859,60970779,60980570,9791
ENSG00000168724,34929698,34959069,29371
ENSG00000259846,64398684,64634150,235466
ENSG00000205571,69345350,69374349,28999
ENSG00000207141,24821263,24821363,100
ENSG00000206731,27864910,27865036,126
ENSG00000073969,44668035,44834830,166795
ENSG00000167380,44669226,44682534,13308
ENSG00000258657,25064929,25126980,62051
ENSG00000154760,33762115,33775856,13741
ENSG00000259859,64769828,64770707,879
ENSG00000184939,68563993,68609975,45982
ENSG00000198108,129240165,129522327,282162
ENSG00000115091,114647537,114720173,72636
ENSG00000197601,13690217,13753893,63676
ENSG00000260187,64770691,64771183,492
ENSG00000258098,25593693,25596204,2511
ENSG00000213661,120951942,120952502,560
ENSG00000260068,64772226,64772467,241
ENSG00000121879,178865902,178957881,91979
ENSG00000257179,25736270,25736542,272
ENSG00000263243,39017555,39023462,5907
ENSG00000166984,167559902,167610401,50499
ENSG00000249600,121007068,121007567,499
ENSG00000259847,65175659,65210616,34957
ENSG00000270846,28118983,28120062,1079
ENSG00000247311,121464457,121490551,26094
ENSG00000150768,111895538,111935114,39576
ENSG00000250524,24882052,24885570,3518
ENSG00000108278,34842473,34855154,12681
ENSG00000260834,65224876,65268817,43941
ENSG00000263057,39032193,39041479,9286
ENSG00000260364,65266959,65466723,199764
ENSG00000179038,66963391,66964638,1247
ENSG00000260517,29127448,29229181,101733
ENSG00000120160,27284656,27297137,12481
ENSG00000249610,121490191,121491710,1519
ENSG00000264619,31737296,31743982,6686
ENSG00000265321,28219234,28219316,82
ENSG00000261742,65318402,65610203,291801
ENSG00000166949,67356101,67487533,131432
ENSG00000259807,29228491,29231352,2861
ENSG00000199911,24910703,24910804,101
ENSG00000078589,78200829,78217451,16622
ENSG00000196927,29259550,29261449,1899
ENSG00000251413,49832049,49833138,1089
ENSG00000270528,28238644,28239349,705
ENSG00000207961,101526910,101527011,101
ENSG00000260953,29273594,29275800,2206
ENSG00000236800,49872244,49880469,8225
ENSG00000250803,121493063,121518353,25290
ENSG00000198106,29262829,29519817,256988
ENSG00000228754,49953590,49954173,583
ENSG00000251273,25126414,25190765,64351
ENSG00000172020,115342171,115440337,98166
ENSG00000261818,65614571,65680850,66279
ENSG00000228403,50086067,50086694,627
ENSG00000241577,50092000,50143258,51258
ENSG00000235650,33161393,33165893,4500
ENSG00000079263,231067826,231223762,155936
ENSG00000104611,19171128,19253729,82601
ENSG00000223522,28530558,28533326,2768
ENSG00000165511,45493146,45496336,3190
ENSG00000120436,167569759,167571817,2058
ENSG00000173020,67033881,67054027,20146
ENSG00000169213,52373628,52456436,82808
ENSG00000121152,97001525,97039583,38058
ENSG00000260413,29323671,29342598,18927
ENSG00000255692,120137573,120138816,1243
ENSG00000141738,37894180,37903544,9364
ENSG00000227861,31741930,31743982,2052
ENSG00000169567,130494720,130507428,12708
ENSG00000239178,45948373,45948442,69
ENSG00000135426,55341802,55378530,36728
ENSG00000273015,46119510,46121558,2048
ENSG00000271699,29362067,29381593,19526
ENSG00000055130,148395006,148498128,103122
ENSG00000245662,25190791,25306281,115490
ENSG00000053918,2465914,2870339,404425
ENSG00000164543,43622357,43666385,44028
ENSG00000263007,111779288,111794445,15157
ENSG00000112494,167684657,167729507,44850
ENSG00000198692,22737611,22755040,17429
ENSG00000265093,46267812,46268111,299
ENSG00000108785,40698782,40700724,1942
ENSG00000270429,46274733,46276049,1316
ENSG00000164885,150750899,150755617,4718
ENSG00000268809,105882490,105882585,95
ENSG00000266962,40704456,40706766,2310
ENSG00000239397,46397821,46398468,647
ENSG00000267189,40799852,40800161,309
ENSG00000120162,27325207,27529779,204572
ENSG00000254634,29437121,29465435,28314
ENSG00000267132,40800196,40800756,560
ENSG00000227077,18476045,18476415,370
ENSG00000225991,28531028,28531437,409
ENSG00000171847,8373856,8380214,6358
ENSG00000251654,25219082,25298721,79639
ENSG00000128463,34517200,34522357,5157
ENSG00000267042,40831981,40834038,2057
ENSG00000264948,18508369,18508669,300
ENSG00000262262,18541332,18541683,351
ENSG00000135127,120427673,120532298,104625
ENSG00000174977,18553508,18554855,1347
ENSG00000135974,105953816,105965668,11852
ENSG00000264885,18570942,18572774,1832
ENSG00000240445,18574259,18576186,1927
ENSG00000229951,28607276,28617539,10263
ENSG00000238639,29448818,29448921,103
ENSG00000272139,121646992,121647368,376
ENSG00000224126,18580574,18581070,496
ENSG00000260335,29460512,29460946,434
ENSG00000105507,48533210,48547310,14100
ENSG00000147138,78426469,78427726,1257
ENSG00000265693,18607953,18608082,129
ENSG00000225354,96642311,96643100,789
ENSG00000257148,31112259,31112376,117
ENSG00000110881,50451331,50477394,26063
ENSG00000260280,29466412,29476283,9871
ENSG00000249621,121656986,121659053,2067
ENSG00000173064,112597992,112819896,221904
ENSG00000233377,96700010,96700878,868
ENSG00000249916,121705457,121719263,13806
ENSG00000164120,175411328,175444305,32977
ENSG00000187535,1560428,1662111,101683
ENSG00000260761,25319943,25321455,1512
ENSG00000228460,96766883,96767313,430
ENSG00000233665,50184599,50201091,16492
ENSG00000257691,29486385,29486676,291
ENSG00000205578,72707497,72716496,8999
ENSG00000241553,9834179,9849410,15231
ENSG00000260863,96769431,96769569,138
ENSG00000226576,50192609,50226942,34333
ENSG00000233890,31120050,31125719,5669
ENSG00000257506,29490200,29493912,3712
ENSG00000147896,27524312,27526496,2184
ENSG00000264800,50193557,50193632,75
ENSG00000011052,49230951,49249105,18154
ENSG00000248605,25404842,25446034,41192
ENSG00000078596,78615881,78623164,7283
ENSG00000205846,8608522,8630926,22404
ENSG00000234736,50329884,50359592,29708
ENSG00000205534,29538889,29606395,67506
ENSG00000250328,121772192,121814782,42590
ENSG00000117602,24829387,24867530,38143
ENSG00000124198,47538427,47653230,114803
ENSG00000258588,5617955,5665628,47673
ENSG00000270640,28619682,28619977,295
ENSG00000112578,41888926,41900784,11858
ENSG00000238203,31744721,31756461,11740
ENSG00000200483,132299808,132299913,105
ENSG00000206650,69021014,69021155,141
ENSG00000258096,46765246,46767561,2315
ENSG00000205581,40714241,40721573,7332
ENSG00000256955,132341965,132348596,6631
ENSG00000234925,69036299,69036773,474
ENSG00000270210,28648812,28649586,774
ENSG00000096060,35541362,35696360,154998
ENSG00000187550,56041100,56048456,7356
ENSG00000257261,46777462,46850051,72589
ENSG00000232764,25171741,25172810,1069
ENSG00000227938,28671034,28673051,2017
ENSG00000124688,43597277,43608689,11412
ENSG00000120686,38923986,38937140,13154
ENSG00000255992,132409281,132413896,4615
ENSG00000237012,30605056,30611220,6164
ENSG00000062038,68670092,68756519,86427
ENSG00000117862,52485803,52521843,36040
ENSG00000257496,46778016,46780774,2758
ENSG00000227268,89618918,89623194,4276
ENSG00000233126,25195394,25197342,1948
ENSG00000147894,27546544,27573864,27320
ENSG00000272369,46931285,47046333,115048
ENSG00000227251,25204177,25205333,1156
ENSG00000228890,9555262,9558905,3643
ENSG00000272963,46986356,46987088,732
ENSG00000271905,132486235,132486320,85
ENSG00000166527,8662071,8674962,12891
ENSG00000086544,41223008,41246765,23757
ENSG00000120440,167738574,167772991,34417
ENSG00000208892,132515769,132515904,135
ENSG00000201016,25701326,25701433,107
ENSG00000270018,112335140,112335710,570
ENSG00000271642,47075854,47076496,642
ENSG00000157851,27070615,27173219,102604
ENSG00000205936,25525631,25538844,13213
ENSG00000229186,112337067,112340042,2975
ENSG00000258352,47529281,47532153,2872
ENSG00000251593,25909612,25911343,1731
ENSG00000231274,56052023,56056909,4886
ENSG00000257000,132562348,132565005,2657
ENSG00000251925,25569246,25569383,137
ENSG00000124788,16299343,16761722,462379
ENSG00000256804,132611006,132611309,303
ENSG00000212855,9578193,9596085,17892
ENSG00000242915,28683123,28683228,105
ENSG00000225189,25608612,25618427,9815
ENSG00000256576,132671287,132674240,2953
ENSG00000184454,24882602,24935819,53217
ENSG00000151327,35514113,35582336,68223
ENSG00000165655,77157588,77161664,4076
ENSG00000233969,119808399,119826118,17719
ENSG00000251538,121964647,122066380,101733
ENSG00000187021,118349897,118368687,18790
ENSG00000230730,28856148,28887406,31258
ENSG00000252023,120312925,120313029,104
ENSG00000230073,25669468,25671516,2048
ENSG00000165512,45495923,45500774,4851
ENSG00000236208,50504157,50507063,2906
ENSG00000259015,73427303,73428701,1398
ENSG00000222560,26012998,26013134,136
ENSG00000231295,120386792,120392568,5776
ENSG00000218891,56088899,56092211,3312
ENSG00000256312,132674758,132675542,784
ENSG00000222232,28906842,28906949,107
ENSG00000105499,48551100,48614074,62974
ENSG00000101695,29598335,29653176,54841
ENSG00000119333,131395940,131419066,23126
ENSG00000202225,120621480,120621607,127
ENSG00000215540,25683455,25693089,9634
ENSG00000171862,89622870,89731687,108817
ENSG00000234927,120690981,120691257,276
ENSG00000231968,29523343,29527656,4313
ENSG00000135622,74881355,74909186,27831
ENSG00000249099,26382628,26399928,17300
ENSG00000256574,45798102,45811056,12954
ENSG00000185527,79617489,79630142,12653
ENSG00000118855,158449987,158547508,97521
ENSG00000212628,120723754,120723867,113
ENSG00000256943,132851977,132854915,2938
ENSG00000203690,167770521,167797998,27477
ENSG00000207090,120835002,120835111,109
ENSG00000179943,56102746,56113336,10590
ENSG00000213310,121038506,121038821,315
ENSG00000235939,50627323,50680949,53626
ENSG00000226833,28931819,28959071,27252
ENSG00000150773,111934734,111944998,10264
ENSG00000240058,122011490,122012450,960
ENSG00000271237,50759354,50760698,1344
ENSG00000229094,31120916,31132215,11299
ENSG00000188493,41246761,41257458,10697
ENSG00000229680,29555643,29556705,1062
ENSG00000212114,122112126,122112222,96
ENSG00000227371,121059126,121059899,773
ENSG00000252295,122131820,122131922,102
ENSG00000165066,41502697,41508855,6158
ENSG00000091527,133292574,133309105,16531
ENSG00000171794,135043778,135045062,1284
ENSG00000260686,122168051,122170228,2177
ENSG00000226389,50979887,50981345,1458
ENSG00000181786,8807751,8809172,1421
ENSG00000236647,25695956,25697532,1576
ENSG00000101349,9518036,9819689,301653
ENSG00000234985,121080888,121081315,427
ENSG00000198315,28109688,28127250,17562
ENSG00000230571,26669455,26669845,390
ENSG00000166523,8685901,8693559,7658
ENSG00000260004,65635004,65635601,597
ENSG00000147408,19261672,19615540,353868
ENSG00000199015,101528343,101528476,133
ENSG00000151650,135050908,135055433,4525
ENSG00000225466,25727742,25760787,33045
ENSG00000260695,65895015,65897687,2672
ENSG00000248426,26669820,26670098,278
ENSG00000216179,101530832,101530915,83
ENSG00000261234,65972092,65972356,264
ENSG00000199107,101531637,101531715,78
ENSG00000199012,101531784,101531874,90
ENSG00000181733,8841316,8842371,1055
ENSG00000256542,132853935,132855447,1512
ENSG00000250703,26670443,26670590,147
ENSG00000186687,130506503,130541119,34616
ENSG00000239103,122345237,122345335,98
ENSG00000237885,96791397,96791805,408
ENSG00000199025,101531918,101532024,106
ENSG00000263432,122358184,122358478,294
ENSG00000231829,96901682,96928182,26500
ENSG00000199092,101532249,101532328,79
ENSG00000221690,121214723,121214808,85
ENSG00000273233,29033147,29033572,425
ENSG00000207959,101533061,101533138,77
ENSG00000227743,121283388,121290414,7026
ENSG00000239974,32139229,32142928,3699
ENSG00000224169,25803986,25805205,1219
ENSG00000225533,96943410,96943974,564
ENSG00000249996,122371966,122390362,18396
ENSG00000252704,121376497,121376779,282
ENSG00000234026,96988000,96990901,2901
ENSG00000163013,73481810,73511559,29749
ENSG00000223403,101536248,101539274,3026
ENSG00000223407,25805613,25813969,8356
ENSG00000150893,39261266,39460074,198808
ENSG00000251033,26711660,26750106,38446
ENSG00000247363,69068151,69081535,13384
ENSG00000233272,121482422,121485185,2763
ENSG00000214362,97354355,97355129,774
ENSG00000263654,122406477,122406773,296
ENSG00000258275,25826970,25827895,925
ENSG00000144278,154728426,155310361,581935
ENSG00000181016,112120908,112131117,10209
ENSG00000134758,29671818,29711524,39706
ENSG00000229183,60989688,61018929,29241
ENSG00000133422,31321117,31364284,43167
ENSG00000258659,5640994,5665628,24634
ENSG00000255916,132906436,132908161,1725
ENSG00000257976,25900399,25901440,1041
ENSG00000230805,101540206,101544247,4041
ENSG00000264994,29136530,29136614,84
ENSG00000131470,40724333,40729849,5516
ENSG00000223652,122422943,122425994,3051
ENSG00000228333,33139275,33146375,7100
ENSG00000160570,42702750,42724292,21542
ENSG00000212270,26275854,26275918,64
ENSG00000241825,69078375,69080088,1713
ENSG00000167785,8920380,8943004,22624
ENSG00000257986,26305064,26612511,307447
ENSG00000146521,168185217,168197539,12322
ENSG00000226688,97512963,97849995,337032
ENSG00000249616,26739862,26741292,1430
ENSG00000212037,26641372,26641464,92
ENSG00000233560,69099414,69100846,1432
ENSG00000265145,29149933,29150010,77
ENSG00000257503,26677242,26677630,388
ENSG00000259004,101587193,101589879,2686
ENSG00000115641,105974169,106054970,80801
ENSG00000174482,27948076,28670283,722207
ENSG00000213655,122571773,122572064,291
ENSG00000206761,101611818,101612032,214
ENSG00000232354,42548016,42574750,26734
ENSG00000225005,72728107,72729213,1106
ENSG00000256678,69198791,69199259,468
ENSG00000258681,101683709,101684578,869
ENSG00000262119,27061953,27063723,1770
ENSG00000198841,52497775,52499488,1713
ENSG00000222224,29150109,29150206,97
ENSG00000256325,69221898,69222333,435
ENSG00000206709,72753097,72753203,106
ENSG00000258497,101723669,101744655,20986
ENSG00000269155,168196210,168198927,2717
ENSG00000207261,27111676,27111781,105
ENSG00000202035,72818118,72818219,101
ENSG00000257842,27067618,27275673,208055
ENSG00000250539,122736616,122738038,1422
ENSG00000252713,72921538,72921604,66
ENSG00000115896,198669426,199437305,767879
ENSG00000265724,73125647,73125727,80
ENSG00000231116,31756648,31775083,18435
ENSG00000129845,9590765,9611898,21133
ENSG00000241709,73146901,73147201,300
ENSG00000249400,122804475,122805123,648
ENSG00000265706,29150849,29150926,77
ENSG00000135517,56843286,56862950,19664
ENSG00000177192,132413745,132428406,14661
ENSG00000225969,73149368,73150384,1016
ENSG00000230084,42643455,42695880,52425
ENSG00000248490,27412720,27436518,23798
ENSG00000226469,112364822,112366821,1999
ENSG00000270584,156056241,156056496,255
ENSG00000200283,29195280,29195387,107
ENSG00000202105,122846130,122846231,101
ENSG00000228569,156225217,156228527,3310
ENSG00000239193,29550583,29550686,103
ENSG00000267765,40835205,40851484,16279
ENSG00000261467,73400322,73403097,2775
ENSG00000175183,77252495,77272840,20345
ENSG00000266758,29610500,29610586,86
ENSG00000233878,156230483,156238282,7799
ENSG00000079215,36606457,36688436,81979
ENSG00000114395,50388126,50395891,7765
ENSG00000146285,108025308,108145521,120213
ENSG00000263957,29304136,29304217,81
ENSG00000235275,122971804,122973097,1293
ENSG00000260727,29624425,29624961,536
ENSG00000239671,40866317,40866661,344
ENSG00000232415,73473906,73476614,2708
ENSG00000250862,123556272,123556770,498
ENSG00000115008,113531492,113542167,10675
ENSG00000240203,42717684,42717983,299
ENSG00000260133,29630106,29647649,17543
ENSG00000207741,73605528,73605624,96
ENSG00000106603,43648055,43769316,121261
ENSG00000230970,42744145,42748154,4009
ENSG00000258460,101798853,101800668,1815
ENSG00000250151,9834766,9877085,42319
ENSG00000252538,73672856,73672946,90
ENSG00000133226,24958207,24999758,41551
ENSG00000238391,73901758,73901870,112
ENSG00000259023,101872324,101874259,1935
ENSG00000260514,29635838,29636146,308
ENSG00000252378,73985677,73985754,77
ENSG00000173811,42774067,42788260,14193
ENSG00000182648,156264890,156433286,168396
ENSG00000259082,101908413,101910652,2239
ENSG00000222375,29742372,29742725,353
ENSG00000253807,123641923,123740772,98849
ENSG00000151651,135075907,135090372,14465
ENSG00000273069,74021239,74021625,386
ENSG00000214578,40904898,40905817,919
ENSG00000260719,29756568,29759620,3052
ENSG00000250337,27472399,27496508,24109
ENSG00000100593,77940740,77965210,24470
ENSG00000225611,42812104,42815127,3023
ENSG00000262756,29793246,29794294,1048
ENSG00000232729,74103273,74143339,40066
ENSG00000251421,123731296,123736088,4792
ENSG00000239544,73430353,73430716,363
ENSG00000185565,115521235,117716095,2194860
ENSG00000235288,42846696,42893920,47224
ENSG00000259952,29817817,29819053,1236
ENSG00000108479,73747675,73761792,14117
ENSG00000241487,73507329,73507622,293
ENSG00000176422,56862301,56864763,2462
ENSG00000134717,52521797,52556388,34591
ENSG00000258813,73525139,73526123,984
ENSG00000238045,29819966,29823306,3340
ENSG00000119335,131445703,131458679,12976
ENSG00000273328,42850906,42949597,98691
ENSG00000197291,40905932,40913275,7343
ENSG00000226660,142000747,142001255,508
ENSG00000201999,66335712,66335843,131
ENSG00000251662,123731640,123736348,4708
ENSG00000236459,42930853,42931798,945
ENSG00000246898,66442427,66446038,3611
ENSG00000261962,29820250,29831687,11437
ENSG00000259166,101913979,101923454,9475
ENSG00000232210,74155796,74156460,664
ENSG00000258448,73534816,73535326,510
ENSG00000235833,98140412,98141439,1027
ENSG00000132623,9966774,10037410,70636
ENSG00000206552,42975744,42978277,2533
ENSG00000131115,44711700,44741421,29721
ENSG00000259109,73656471,73656712,241
ENSG00000260146,66484901,66485254,353
ENSG00000141540,72209653,72258155,48502
ENSG00000226936,33166523,33168208,1685
ENSG00000184378,169484709,169487683,2974
ENSG00000258376,73710726,73712687,1961
ENSG00000261690,29829301,29832573,3272
ENSG00000261656,66503699,66515133,11434
ENSG00000105929,138391040,138484305,93265
ENSG00000196850,110969120,111021125,52005
ENSG00000237702,142008365,142008871,506
ENSG00000248600,123791066,123795791,4725
ENSG00000258498,102018558,102026768,8210
ENSG00000173681,19930978,19988416,57438
ENSG00000272104,50388323,50405354,17031
ENSG00000252839,73713526,73713588,62
ENSG00000260785,69093916,69198318,104402
ENSG00000260755,66543340,66543951,611
ENSG00000258944,73738890,73740789,1899
ENSG00000229224,29319709,29320391,682
ENSG00000261519,66583183,66585092,1909
ENSG00000129933,19431490,19469563,38073
ENSG00000211710,142013007,142013489,482
ENSG00000133115,39540062,39565203,25141
ENSG00000251214,123795605,123796242,637
ENSG00000260650,66613886,66614619,733
ENSG00000229870,51023142,51023608,466
ENSG00000251393,73929129,73943880,14751
ENSG00000266310,29726773,29726859,86
ENSG00000155749,202152994,202222121,69127
ENSG00000260465,66754800,66765688,10888
ENSG00000242699,29903895,29904189,294
ENSG00000224075,9638762,9650854,12092
ENSG00000160828,74112305,74306731,194426
ENSG00000260558,66772166,66773229,1063
ENSG00000211734,142020496,142021363,867
ENSG00000230737,30113237,30115220,1983
ENSG00000170948,8943074,8954016,10942
ENSG00000258373,112430800,112431679,879
ENSG00000246777,66785655,66788643,2988
ENSG00000228970,98253060,98254266,1206
ENSG00000252003,121721774,121721835,61
ENSG00000197644,30122463,30130065,7602
ENSG00000093010,19929130,19957498,28368
ENSG00000170468,73957644,73960105,2461
ENSG00000172426,43612783,43640336,27553
ENSG00000258122,66875336,66887351,12015
ENSG00000232375,43078613,43078943,330
ENSG00000226636,121799354,121802297,2943
ENSG00000265478,18713269,18714253,984
ENSG00000228379,9650924,9655122,4198
ENSG00000233862,30273932,30366670,92738
ENSG00000261705,66921918,66922834,916
ENSG00000255242,73957669,73960096,2427
ENSG00000145723,102421704,102455855,34151
ENSG00000250438,123805284,123805594,310
ENSG00000250111,18739020,18745677,6657
ENSG00000258443,73983937,73987352,3415
ENSG00000204237,79632066,79633665,1599
ENSG00000261088,66923072,66924996,1924
ENSG00000204221,33168491,33178914,10423
ENSG00000248296,123828468,123872041,43573
ENSG00000122729,32384618,32454767,70149
ENSG00000257624,112438543,112438789,246
ENSG00000211706,142028121,142028610,489
ENSG00000265408,66976615,66997159,20544
ENSG00000264485,18743931,18744231,300
ENSG00000266370,112475403,112475519,116
ENSG00000114796,183353356,183402265,48909
ENSG00000264273,18762667,18764779,2112
ENSG00000258695,73989582,73997314,7732
ENSG00000265918,67053422,67053718,296
ENSG00000229208,9669027,9684305,15278
ENSG00000207948,67236224,67236298,74
ENSG00000258408,74005925,74006485,560
ENSG00000111732,8754762,8765467,10705
ENSG00000262691,67295011,67297687,2676
ENSG00000221721,27986282,27986392,110
ENSG00000204379,52255219,52260363,5144
ENSG00000211707,142032006,142032527,521
ENSG00000221383,30288990,30289079,89
ENSG00000201201,67355561,67355890,329
ENSG00000206481,30657119,30675200,18081
ENSG00000234418,121856401,121858491,2090
ENSG00000239194,67424594,67424753,159
ENSG00000258524,74037863,74038371,508
ENSG00000258323,112501713,112503559,1846
ENSG00000213302,121874585,121874957,372
ENSG00000200688,112506908,112507013,105
ENSG00000211745,142045252,142045816,564
ENSG00000250079,28213466,28214666,1200
ENSG00000200135,112587164,112587276,112
ENSG00000167625,42724423,42732353,7930
ENSG00000182093,40752170,40800454,48284
ENSG00000231874,9707273,9708390,1117
ENSG00000170234,159488808,159546430,57622
ENSG00000258603,74083412,74100644,17232
ENSG00000137185,28192664,28201260,8596
ENSG00000148459,26986588,27035727,49139
ENSG00000257494,112694604,112696895,2291
ENSG00000185298,79633394,79640934,7540
ENSG00000182218,100111447,100146906,35459
ENSG00000229200,142099455,142099977,522
ENSG00000230316,121943712,121950131,6419
ENSG00000263838,47581595,47581674,79
ENSG00000225943,30299959,30301138,1179
ENSG00000261320,67464570,67465367,797
ENSG00000258972,74098179,74098723,544
ENSG00000180817,71962586,71993667,31081
ENSG00000133818,14299472,14386052,86580
ENSG00000203401,67466595,67468931,2336
ENSG00000116044,178092323,178257425,165102
ENSG00000211732,142104121,142104553,432
ENSG00000131634,1578689,1605581,26892
ENSG00000256783,133033746,133036610,2864
ENSG00000270049,67515217,67521153,5936
ENSG00000211731,142111393,142111859,466
ENSG00000207187,30410300,30410432,132
ENSG00000247774,47599681,47610239,10558
ENSG00000259202,67435072,67439277,4205
ENSG00000251907,74126267,74126363,96
ENSG00000230166,51117659,51117988,329
ENSG00000226873,25820526,25821539,1013
ENSG00000258660,74164806,74167054,2248
ENSG00000183020,924894,1012239,87345
ENSG00000231712,30432861,30433173,312
ENSG00000253291,142119820,142120321,501
ENSG00000174059,208057594,208084747,27153
ENSG00000270568,51211725,51212022,297
ENSG00000256875,133038828,133039442,614
ENSG00000184277,102161847,102192594,30747
ENSG00000120685,39584003,39612252,28249
ENSG00000214986,51214507,51216406,1899
ENSG00000264741,74225450,74225522,72
ENSG00000249785,28286496,28287772,1276
ENSG00000167741,4460222,4464113,3891
ENSG00000179921,219124219,219128582,4363
ENSG00000171443,56111388,56114504,3116
ENSG00000253534,142124137,142124565,428
ENSG00000259065,74254063,74269973,15910
ENSG00000170190,73083822,73102257,18435
ENSG00000256261,30481193,30482893,1700
ENSG00000170231,159614374,159665742,51368
ENSG00000215689,49252,88375,39123
ENSG00000261221,56116771,56128635,11864
ENSG00000171121,178957530,178984790,27260
ENSG00000229510,86545,86855,310
ENSG00000103591,67493371,67547533,54162
ENSG00000105723,42734338,42746777,12439
ENSG00000252867,28624764,28624870,106
ENSG00000179922,56132108,56135967,3859
ENSG00000157077,52608046,52812358,204312
ENSG00000250453,28782785,28809356,26571
ENSG00000181143,8959520,9092018,132498
ENSG00000135423,56864736,56882198,17462
ENSG00000235997,30569525,30575297,5772
ENSG00000234729,32097222,32100578,3356
ENSG00000240107,103257479,103259331,1852
ENSG00000148655,77360998,78319925,958927
ENSG00000270495,28808645,28809362,717
ENSG00000243195,103349505,103349756,251
ENSG00000265076,103773552,103773640,88
ENSG00000132256,5684425,5959849,275424
ENSG00000214405,103781883,103782426,543
ENSG00000221377,30655219,30655314,95
ENSG00000163781,133317019,133380737,63718
ENSG00000231198,39872885,39873392,507
ENSG00000213015,56146382,56154835,8453
ENSG00000228486,98280680,98319527,38847
ENSG00000175741,39894093,39894655,562
ENSG00000143379,150898739,150937213,38474
ENSG00000132475,73772515,73781974,9459
ENSG00000271035,28897892,28898381,489
ENSG00000188176,4487294,4511614,24320
ENSG00000242855,39927972,39928261,289
ENSG00000259826,39987121,39989354,2233
ENSG00000092020,35554673,35591723,37050
ENSG00000238759,69294297,69294359,62
ENSG00000085274,169490619,169507504,16885
ENSG00000230118,30969310,30969567,257
ENSG00000224979,31776526,31786115,9589
ENSG00000222563,69307309,69307383,74
ENSG00000170893,129693148,129696781,3633
ENSG00000204394,31745295,31763730,18435
ENSG00000225818,69592479,69593420,941
ENSG00000197701,53179,88099,34920
ENSG00000273444,40146887,40147053,166
ENSG00000162685,28925707,28927696,1989
ENSG00000234450,156426049,156426481,432
ENSG00000240527,97593265,97633515,40250
ENSG00000270577,40155284,40155542,258
ENSG00000224903,156446879,156450387,3508
ENSG00000198937,37450696,37467698,17002
ENSG00000227805,97759535,97760000,465
ENSG00000199273,40167720,40167831,111
ENSG00000007545,1662326,1727909,65583
ENSG00000171425,56146825,56156988,10163
ENSG00000248711,40191212,40193750,2538
ENSG00000266407,97824072,97824156,84
ENSG00000206938,156664772,156664912,140
ENSG00000230033,156737415,156738339,924
ENSG00000234579,31209805,31214292,4487
ENSG00000200728,97872504,97872608,104
ENSG00000201428,112704881,112705198,317
ENSG00000203446,40577726,40586527,8801
ENSG00000187657,9743204,9745748,2544
ENSG00000214021,9849770,9896822,47052
ENSG00000227658,40815157,40824816,9659
ENSG00000216093,31258419,31258510,91
ENSG00000257845,27244701,27291313,46612
ENSG00000213152,112739674,112740467,793
ENSG00000038427,82767284,82878122,110838
ENSG00000177853,97889472,97965044,75572
ENSG00000232458,41004266,41019537,15271
ENSG00000230685,31685771,31694945,9174
ENSG00000013016,31456880,31492313,35433
ENSG00000226400,28927136,28927391,255
ENSG00000257658,112759563,112760893,1330
ENSG00000126062,50392180,50397041,4861
ENSG00000224017,41141202,41173105,31903
ENSG00000220823,92420,92496,76
ENSG00000255783,95248,95324,76
ENSG00000196535,27400528,27507430,106902
ENSG00000256974,96645,96721,76
ENSG00000236310,41706766,41744933,38167
ENSG00000228118,69617119,69617577,458
ENSG00000239225,9748407,9749571,1164
ENSG00000201671,31451178,31451276,98
ENSG00000264723,169660,169941,281
ENSG00000257925,47631517,47672804,41287
ENSG00000257181,69235068,69237017,1949
ENSG00000224116,41733514,41818986,85472
ENSG00000234950,9789162,9797032,7870
ENSG00000252127,175230,175324,94
ENSG00000256664,69235726,69236164,438
ENSG00000249226,29001867,29003464,1597
ENSG00000240499,121968523,122080410,111887
ENSG00000170929,9203855,9204889,1034
ENSG00000258181,47641907,47651322,9415
ENSG00000178921,8150936,8173809,22873
ENSG00000228639,70017992,70030233,12241
ENSG00000228892,32142859,32152743,9884
ENSG00000196843,97202480,97218375,15895
ENSG00000104529,144661867,144681711,19844
ENSG00000213721,42152964,42153219,255
ENSG00000260105,41017939,41026386,8447
ENSG00000261396,67572460,67574009,1549
ENSG00000221560,113132839,113132981,142
ENSG00000170923,9212945,9213982,1037
ENSG00000258116,47735397,47735872,475
ENSG00000238284,42701325,42746046,44721
ENSG00000257452,113345433,113455556,110123
ENSG00000157828,22918050,22942918,24868
ENSG00000256124,70026432,70034889,8457
ENSG00000259945,67576026,67576866,840
ENSG00000229161,42834505,42842093,7588
ENSG00000150776,111944810,111955874,11064
ENSG00000185751,52380351,52387001,6650
ENSG00000173581,56152428,56164527,12099
ENSG00000236718,9860098,9871796,11698
ENSG00000260894,67576207,67576475,268
ENSG00000231539,42869271,42884037,14766
ENSG00000199566,47739949,47740080,131
ENSG00000161807,9225274,9226439,1165
ENSG00000213620,31513628,31514470,842
ENSG00000261019,42940871,42942238,1367
ENSG00000261386,67583117,67597861,14744
ENSG00000257924,47747537,47763718,16181
ENSG00000264906,47757969,47758052,83
ENSG00000234983,42958340,42959683,1343
ENSG00000100596,77972340,78083116,110776
ENSG00000257906,47808791,47813962,5171
ENSG00000184368,20024831,20135035,110204
ENSG00000170920,9236688,9237626,938
ENSG00000258159,113453412,113453903,491
ENSG00000226704,31788760,31794206,5446
ENSG00000183963,31460091,31500743,40652
ENSG00000235029,156799001,156799826,825
ENSG00000258369,47856870,47857404,534
ENSG00000160447,131464802,131483197,18395
ENSG00000243479,156803499,156809120,5621
ENSG00000127837,219128850,219134980,6130
ENSG00000025796,108188960,108279393,90433
ENSG00000049319,31747550,31806136,58586
ENSG00000257807,47878472,47879505,1033
ENSG00000184924,25012603,25016251,3648
ENSG00000039068,68771128,68869451,98323
ENSG00000186777,264464,299110,34646
ENSG00000129757,2904443,2907111,2668
ENSG00000236102,156850403,156851208,805
ENSG00000252770,69305701,69305762,61
ENSG00000257905,47986991,47987223,232
ENSG00000234623,29624714,29640106,15392
ENSG00000257289,69307584,69307802,218
ENSG00000229365,156880649,156881237,588
ENSG00000227587,31499694,31502076,2382
ENSG00000173221,95087023,95158709,71686
ENSG00000263910,69350186,69350266,80
ENSG00000257433,48099868,48136077,36209
ENSG00000225224,156985062,156985526,464
ENSG00000125538,113587328,113594480,7152
ENSG00000257336,69351157,69351457,300
ENSG00000235941,31794605,31797087,2482
ENSG00000188811,39612443,39624246,11803
ENSG00000130803,9251056,9274100,23044
ENSG00000252547,69511348,69511432,84
ENSG00000269215,39105358,39107350,1992
ENSG00000236018,156990294,156991205,911
ENSG00000258140,69605903,69618022,12119
ENSG00000177728,73437240,73496171,58931
ENSG00000224629,157055716,157055923,207
ENSG00000229660,157074230,157075380,1150
ENSG00000112139,37600284,37667082,66798
ENSG00000257818,69678177,69679265,1088
ENSG00000165891,77415027,77459360,44333
ENSG00000257764,69747273,69748005,732
ENSG00000187626,28212401,28227011,14610
ENSG00000011258,49254786,49337524,82738
ENSG00000145451,175558065,175750465,192400
ENSG00000232804,31806879,31809393,2514
ENSG00000185418,102193801,102264807,71006
ENSG00000157578,40777770,40817731,39961
ENSG00000183146,23544840,23548246,3406
ENSG00000232006,42993734,43099149,105415
ENSG00000266185,69794683,69794978,295
ENSG00000211728,142131412,142131918,506
ENSG00000201933,43136331,43136443,112
ENSG00000241765,69816436,69816775,339
ENSG00000233418,30611130,30631079,19949
ENSG00000181211,43157495,43202786,45291
ENSG00000257507,69843250,69854504,11254
ENSG00000238330,74265718,74265821,103
ENSG00000227245,43128971,43129560,589
ENSG00000211727,142139278,142139815,537
ENSG00000259804,67595314,67596212,898
ENSG00000222331,43252233,43252363,130
ENSG00000252601,29070603,29070717,114
ENSG00000127054,1246965,1260071,13106
ENSG00000241939,43356443,43356745,302
ENSG00000237718,67648284,67649245,961
ENSG00000132639,10199478,10288066,88588
ENSG00000258586,74289262,74296838,7576
ENSG00000271941,43388415,43389135,720
ENSG00000270165,67772491,67773825,1334
ENSG00000076356,208195587,208417665,222078
ENSG00000248687,29104987,29105545,558
ENSG00000234617,43391136,43393454,2318
ENSG00000127947,77166592,77269388,102796
ENSG00000262141,67889858,67890014,156
ENSG00000264069,43190494,43190593,99
ENSG00000253188,142143652,142144084,432
ENSG00000158125,31557187,31637581,80394
ENSG00000251811,43513969,43514088,119
ENSG00000252983,43234020,43234081,61
ENSG00000213373,41026687,41050751,24064
ENSG00000270576,74307223,74307312,89
ENSG00000223916,43526464,43527372,908
ENSG00000221526,67911560,67911643,83
ENSG00000223258,43247361,43247465,104
ENSG00000153157,10748027,10979553,231526
ENSG00000223300,74324764,74324868,104
ENSG00000263126,67916364,67920270,3906
ENSG00000235886,43820453,43821474,1021
ENSG00000270430,29105675,29106968,1293
ENSG00000228680,43278665,43288867,10202
ENSG00000267660,67977450,67978423,973
ENSG00000113600,39284364,39424970,140606
ENSG00000242875,23673224,23687672,14448
ENSG00000150779,111955524,111957522,1998
ENSG00000211725,142148928,142149399,471
ENSG00000256713,61008514,61018920,10406
ENSG00000262962,68036335,68038855,2520
ENSG00000234728,31813742,31818898,5156
ENSG00000258891,74362867,74404817,41950
ENSG00000101972,123094062,123556514,462452
ENSG00000104613,19674651,19709594,34943
ENSG00000112576,41902671,42018095,115424
ENSG00000263201,68047339,68049814,2475
ENSG00000214725,29874914,29879371,4457
ENSG00000211724,142161931,142162407,476
ENSG00000259786,29143610,29172465,28855
ENSG00000202336,68051613,68051720,107
ENSG00000230099,142168380,142169045,665
ENSG00000205045,33791268,33864880,73612
ENSG00000252039,41043355,41043452,97
ENSG00000200510,41084865,41084959,94
ENSG00000270140,74371970,74372339,369
ENSG00000212149,41092592,41092719,127
ENSG00000105486,48618702,48673860,55158
ENSG00000254827,2909010,2924970,15960
ENSG00000199472,74373019,74373130,111
ENSG00000261732,1682260,1736716,54456
ENSG00000183722,39917029,40177665,260636
ENSG00000253409,142176329,142176790,461
ENSG00000172752,130064359,130203688,139329
ENSG00000260502,136335502,136346383,10881
ENSG00000259114,74498500,74549566,51066
ENSG00000243635,104221544,104222110,566
ENSG00000244652,106044584,106045140,556
ENSG00000200610,106234744,106234845,101
ENSG00000200361,106407525,106407626,101
ENSG00000249112,124043520,124046430,2910
ENSG00000144749,66429221,66551687,122466
ENSG00000228563,31752012,31788534,36522
ENSG00000211721,142180515,142181016,501
ENSG00000221789,68089682,68089787,105
ENSG00000242759,106555658,106959488,403830
ENSG00000261864,68111243,68156174,44931
ENSG00000229769,142206511,142207011,500
ENSG00000270422,31876450,31876931,481
ENSG00000268643,42738735,42759284,20549
ENSG00000211720,142223820,142224284,464
ENSG00000248391,29380403,29396088,15685
ENSG00000201850,68123352,68123446,94
ENSG00000239910,74641159,74641454,295
ENSG00000107201,32455300,32526322,71022
ENSG00000260114,29930957,29933226,2269
ENSG00000212445,68223190,68223324,134
ENSG00000258513,74659292,74659526,234
ENSG00000165629,7830092,7849778,19686
ENSG00000107672,123716603,123734732,18129
ENSG00000247735,29938157,29940254,2097
ENSG00000262514,68233698,68234884,1186
ENSG00000204370,111957497,111990353,32856
ENSG00000223647,32018892,32029049,10157
ENSG00000250616,30107751,30115437,7686
ENSG00000138092,25016005,25045245,29240
ENSG00000211717,142231573,142232090,517
ENSG00000204957,42746927,42749125,2198
ENSG00000188000,9296279,9299493,3214
ENSG00000240435,68243345,68243681,336
ENSG00000258559,74755830,74761128,5298
ENSG00000174667,9324526,9325542,1016
ENSG00000154222,52811395,52831865,20470
ENSG00000238448,32035264,32035357,93
ENSG00000211716,142239537,142240058,521
ENSG00000248418,29600783,29600975,192
ENSG00000258737,74772128,74772766,638
ENSG00000159433,42867857,43013179,145322
ENSG00000237521,9361606,9362820,1214
ENSG00000237007,32047660,32048505,845
ENSG00000183311,30677512,30682738,5226
ENSG00000130396,168227602,168372703,145101
ENSG00000211715,142242281,142242747,466
ENSG00000166189,103825147,103827792,2645
ENSG00000165383,50117528,50143242,25714
ENSG00000254148,70030248,70053871,23623
ENSG00000177776,74844521,74845121,600
ENSG00000105722,42751724,42759309,7585
ENSG00000159917,44732882,44809199,76317
ENSG00000235672,18811592,18812178,586
ENSG00000206053,1728257,1752281,24024
ENSG00000077312,41256542,41271294,14752
ENSG00000211714,142247109,142247615,506
ENSG00000212618,18847312,18847386,74
ENSG00000250984,29796045,29796375,330
ENSG00000196110,9404951,9420514,15563
ENSG00000196893,18854938,18857462,2524
ENSG00000182718,60639333,60695082,55749
ENSG00000270000,74938633,74939063,430
ENSG00000265267,32048087,32048175,88
ENSG00000264405,69978502,69978603,101
ENSG00000234899,70033455,70217977,184522
ENSG00000211713,142250703,142251158,455
ENSG00000133103,40229764,40365802,136038
ENSG00000262037,20959110,20990226,31116
ENSG00000259005,74940710,74941567,857
ENSG00000165633,50222290,50323554,101264
ENSG00000107951,30598730,30663377,64647
ENSG00000249744,29848791,29849325,534
ENSG00000211746,142326363,142327046,683
ENSG00000230873,17102489,17131603,29114
ENSG00000263045,18889461,18889647,186
ENSG00000265649,74946836,74946907,71
ENSG00000242272,32048482,32048886,404
ENSG00000265185,18965225,18965807,582
ENSG00000258769,74949688,74950138,450
ENSG00000108231,95517566,95557916,40350
ENSG00000228691,31836794,31842041,5247
ENSG00000198728,103867317,103880210,12893
ENSG00000211747,142334163,142334913,750
ENSG00000141140,34851477,34899284,47807
ENSG00000273165,32078045,32078492,447
ENSG00000137261,24544332,24646383,102051
ENSG00000211749,142353468,142353964,496
ENSG00000262562,21112510,21139919,27409
ENSG00000160446,131483148,131486406,3258
ENSG00000247131,70107413,70132348,24935
ENSG00000233787,29881816,29883052,1236
ENSG00000255292,111957627,112064528,106901
ENSG00000258425,75018884,75026751,7867
ENSG00000262074,18966762,18967449,687
ENSG00000221326,32144931,32145018,87
ENSG00000223136,29948935,29949237,302
ENSG00000148498,34398488,35104253,705765
ENSG00000271228,32238130,32238437,307
ENSG00000204038,82009466,82013395,3929
ENSG00000226101,70068474,70089622,21148
ENSG00000185437,40817781,40887433,69652
ENSG00000183495,132434508,132565005,130497
ENSG00000250587,30248457,30249000,543
ENSG00000159915,44754318,44779470,25152
ENSG00000213717,43313758,43314181,423
ENSG00000144355,172949468,172954405,4937
ENSG00000112146,52916789,52965671,48882
ENSG00000231638,43548327,43562141,13814
ENSG00000017373,36686251,36762183,75932
ENSG00000252308,43618487,43618571,84
ENSG00000151224,82031576,82049440,17864
ENSG00000263802,32313373,32313460,87
ENSG00000229497,43806889,43807198,309
ENSG00000110628,2920951,2946476,25525
ENSG00000261367,30118996,30121862,2866
ENSG00000272716,32390115,32390826,711
ENSG00000237972,43958296,43959653,1357
ENSG00000227036,70319264,70636611,317347
ENSG00000099889,19957419,20004331,46912
ENSG00000261416,30194826,30196278,1452
ENSG00000214783,43980494,44058774,78280
ENSG00000250118,30365512,30365791,279
ENSG00000204852,111051832,111087235,35403
ENSG00000188321,9434448,9461838,27390
ENSG00000229816,32426669,32429068,2399
ENSG00000106605,43798279,43846939,48660
ENSG00000241668,31053672,31054260,588
ENSG00000253940,31066077,31066239,162
ENSG00000266453,157098487,157098765,278
ENSG00000146802,112402437,112430647,28210
ENSG00000124207,47662849,47713489,50640
ENSG00000234210,157258925,157292410,33485
ENSG00000063244,56165512,56186081,20569
ENSG00000201113,32439525,32439631,106
ENSG00000223872,157294016,157296271,2255
ENSG00000213599,30205213,30215631,10418
ENSG00000272754,32546707,32548071,1364
ENSG00000140199,34525460,34630261,104801
ENSG00000254138,31094084,31267717,173633
ENSG00000236320,33875144,33885117,9973
ENSG00000229417,97949122,97949975,853
ENSG00000233191,157305988,157309535,3547
ENSG00000207960,157367028,157367114,86
ENSG00000263249,21209842,21223406,13564
ENSG00000231515,157531702,157533148,1446
ENSG00000167491,19496635,19619740,123105
ENSG00000230197,18981088,18991191,10103
ENSG00000229418,98052442,98066452,14010
ENSG00000170633,121837844,121868389,30545
ENSG00000233038,157647221,157658784,11563
ENSG00000141068,25783670,25953461,169791
ENSG00000135083,159678659,159772403,93744
ENSG00000261927,20857729,20879339,21610
ENSG00000103599,67547138,67794598,247460
ENSG00000062370,44830708,44871377,40669
ENSG00000264682,20988332,20988414,82
ENSG00000238850,183252,183364,112
ENSG00000183778,40928369,41045064,116695
ENSG00000267230,41127706,41129292,1586
ENSG00000262975,20998050,21005050,7000
ENSG00000272839,157661230,157661846,616
ENSG00000273432,43991509,44058750,67241
ENSG00000200127,41149933,41150024,91
ENSG00000231980,157820065,157823820,3755
ENSG00000267267,41181274,41184051,2777
ENSG00000265746,18985750,18988147,2397
ENSG00000189134,28227098,28228736,1638
ENSG00000240828,41231319,41231797,478
ENSG00000140326,43015757,43029324,13567
ENSG00000257815,70297813,70637140,339327
ENSG00000155329,132332677,132362296,29619
ENSG00000160445,131492065,131534693,42628
ENSG00000263102,21027635,21036574,8939
ENSG00000198496,41277627,41305688,28061
ENSG00000261444,30225730,30226020,290
ENSG00000108733,33901814,33905882,4068
ENSG00000261203,30229541,30233251,3710
ENSG00000262059,21150279,21154362,4083
ENSG00000183461,52511761,52516905,5144
ENSG00000169504,25071848,25170815,98967
ENSG00000263394,18994382,18995138,756
ENSG00000268975,41277553,41292590,15037
ENSG00000244393,51253146,51371338,118192
ENSG00000173674,20142636,20159962,17326
ENSG00000262202,19015313,19015949,636
ENSG00000184809,40969074,40984748,15674
ENSG00000106462,148504475,148581413,76938
ENSG00000137338,28249314,28270326,21012
ENSG00000262319,19044330,19047002,2672
ENSG00000156990,9879533,9886286,6753
ENSG00000011198,43731605,43775863,44258
ENSG00000266664,19053592,19054599,1007
ENSG00000049130,88886570,88974628,88058
ENSG00000138381,190526111,190535557,9446
ENSG00000262292,19064102,19065587,1485
ENSG00000183604,30234230,30346695,112465
ENSG00000112183,17281577,17294106,12529
ENSG00000157343,35704809,35716856,12047
ENSG00000115844,172964167,172967628,3461
ENSG00000183067,41117334,41174023,56689
ENSG00000145861,159774758,159797648,22890
ENSG00000260891,68246304,68255574,9270
ENSG00000241057,44001189,44012924,11735
ENSG00000158985,130581186,130734140,152954
ENSG00000263276,68258616,68261637,3021
ENSG00000235677,98319942,98320679,737
ENSG00000235336,31842327,31858180,15853
ENSG00000262160,68259872,68263048,3176
ENSG00000239556,44024593,44029806,5213
ENSG00000257185,27278623,27305664,27041
ENSG00000227915,25824651,25824982,331
ENSG00000261469,68270748,68271570,822
ENSG00000202047,98379133,98379240,107
ENSG00000214087,79648204,79650954,2750
ENSG00000198832,31500758,31516055,15297
ENSG00000227032,98380634,98381464,830
ENSG00000260441,68290065,68294346,4281
ENSG00000138834,1756184,1820318,64134
ENSG00000228434,44043645,44047465,3820
ENSG00000266311,19067522,19077749,10227
ENSG00000149923,30087299,30096698,9399
ENSG00000204583,133179736,133187037,7301
ENSG00000252026,68318126,68318221,95
ENSG00000258081,27305934,27629626,323692
ENSG00000207287,98502924,98503030,106
ENSG00000238343,68347142,68347243,101
ENSG00000259797,68350704,68352939,2235
ENSG00000236552,98510045,98510675,630
ENSG00000272655,44053161,44058769,5608
ENSG00000197579,32540542,32552551,12009
ENSG00000261987,19070209,19072981,2772
ENSG00000002919,46180719,46200436,19717
ENSG00000222177,68363290,68363432,142
ENSG00000144847,118619404,118864915,245511
ENSG00000257612,27342339,27383949,41610
ENSG00000199263,68508456,68508567,111
ENSG00000241334,68511140,68511473,333
ENSG00000263934,19091329,19092027,698
ENSG00000207976,98588426,98588521,95
ENSG00000228903,44066550,44081491,14941
ENSG00000232875,98675390,98675659,269
ENSG00000159399,75061108,75120486,59378
ENSG00000169763,25827587,25840726,13139
ENSG00000265165,27377848,27377931,83
ENSG00000222899,27396859,27396981,122
ENSG00000269120,41111138,41111323,185
ENSG00000132274,5710919,5758319,47400
ENSG00000029534,41510739,41754280,243541
ENSG00000145725,102455853,102548500,92647
ENSG00000183036,41239243,41301322,62079
ENSG00000258932,27727923,28314492,586569
ENSG00000150907,41129804,41240734,110930
ENSG00000229964,193809350,193826963,17613
ENSG00000146072,47199268,47277641,78373
ENSG00000008118,209757062,209787283,30221
ENSG00000185404,231191899,231268447,76548
ENSG00000129083,14464986,14521573,56587
ENSG00000232874,193848405,193848990,585
ENSG00000165264,32552997,32573160,20163
ENSG00000270617,43906157,43946188,40031
ENSG00000239624,28800,28881,81
ENSG00000242201,193863463,193863756,293
ENSG00000240688,35214,35296,82
ENSG00000265117,35452,35534,82
ENSG00000225742,193920805,193967942,47137
ENSG00000272225,51253787,51262426,8639
ENSG00000196586,76458909,76629254,170345
ENSG00000258548,28081794,28108842,27048
ENSG00000222100,51255380,51255495,115
ENSG00000236882,95187936,95195837,7901
ENSG00000238097,193965437,193975561,10124
ENSG00000062582,43906157,43909492,3335
ENSG00000225784,51287081,51371070,83989
ENSG00000235109,28292470,28324048,31578
ENSG00000161905,4534197,4545589,11392
ENSG00000167992,61025762,61062896,37134
ENSG00000261857,41277553,41283395,5842
ENSG00000257241,70340323,70340861,538
ENSG00000102738,41303432,41345309,41877
ENSG00000257139,70574118,70595784,21666
ENSG00000103047,68877507,69119083,241576
ENSG00000080709,113696642,113832337,135695
ENSG00000257613,70612912,70615642,2730
ENSG00000267681,41296973,41297272,299
ENSG00000227277,32153001,32155440,2439
ENSG00000222405,70837564,70837703,139
ENSG00000162989,155554811,155714863,160052
ENSG00000267002,41316200,41322420,6220
ENSG00000268721,70840240,70841365,1125
ENSG00000168594,175750819,175899331,148512
ENSG00000148680,92500578,92617671,117093
ENSG00000131127,331603,378653,47050
ENSG00000188522,18872102,18908117,36015
ENSG00000012779,45869661,45941561,71900
ENSG00000258168,70861860,70932859,70999
ENSG00000242461,113491867,113492240,373
ENSG00000199899,113594570,113594666,96
ENSG00000243643,9873804,9875984,2180
ENSG00000225795,122316634,122316865,231
ENSG00000233796,113596556,113596917,361
ENSG00000079432,42772689,42799949,27260
ENSG00000258976,75081396,75083350,1954
ENSG00000241043,32566787,32568619,1832
ENSG00000107021,131549483,131572711,23228
ENSG00000201208,113616228,113616324,96
ENSG00000235459,122321344,122321757,413
ENSG00000225685,9904163,9906760,2597
ENSG00000261768,136346630,136354672,8042
ENSG00000211750,142364198,142364710,512
ENSG00000118985,95220802,95297775,76973
ENSG00000138031,25042038,25142708,100670
ENSG00000270672,142374104,142375550,1446
ENSG00000257286,113623429,113629966,6537
ENSG00000148734,72007085,72043432,36347
ENSG00000258439,75124752,75125293,541
ENSG00000096080,43639040,43655528,16488
ENSG00000122728,32629452,32635667,6215
ENSG00000257935,113909808,113918429,8621
ENSG00000211751,142378572,142379076,504
ENSG00000115993,202241930,202316302,74372
ENSG00000227573,122489800,122490406,606
ENSG00000235193,9925635,9927195,1560
ENSG00000188133,32783497,32787397,3900
ENSG00000251766,9928019,9928137,118
ENSG00000222604,75178654,75178748,94
ENSG00000238487,114040596,114040658,62
ENSG00000177189,20168029,20285523,117494
ENSG00000235691,9928411,9928816,405
ENSG00000226680,122709303,122743643,34340
ENSG00000085840,52838501,52870131,31630
ENSG00000170788,82095861,82116511,20650
ENSG00000249550,114117264,114211488,94224
ENSG00000102743,41363548,41384247,20699
ENSG00000167578,41284121,41302847,18726
ENSG00000223595,122870174,122870795,621
ENSG00000143418,150933059,150947479,14420
ENSG00000264657,28102411,28102484,73
ENSG00000223164,28459211,28459321,110
ENSG00000201469,133300531,133300643,112
ENSG00000182903,419604,492945,73341
ENSG00000197358,28733596,28735180,1584
ENSG00000239997,106567518,106568107,589
ENSG00000256108,133321742,133322315,573
ENSG00000241787,106613199,106614565,1366
ENSG00000187288,9908398,9921938,13540
ENSG00000252289,9930484,9930602,118
ENSG00000232524,123096683,123099910,3227
ENSG00000226975,10007397,10007923,526
ENSG00000232888,133402287,133402772,485
ENSG00000171587,41382926,42219065,836139
ENSG00000239632,106614576,106615255,679
ENSG00000242214,106615330,106615668,338
ENSG00000221886,159820155,159827104,6949
ENSG00000106608,43915493,43966010,50517
ENSG00000242836,106615738,106616518,780
ENSG00000259658,102277302,102285913,8611
ENSG00000236620,25862069,25872955,10886
ENSG00000249580,106616518,106617115,597
ENSG00000252079,133411960,133412086,126
ENSG00000257869,28787347,28887818,100471
ENSG00000224866,25880340,25882396,2056
ENSG00000240179,28959116,28959568,452
ENSG00000184719,90033621,90344287,310666
ENSG00000243658,106617736,106619438,1702
ENSG00000258175,29061429,29082829,21400
ENSG00000240034,106619440,106619702,262
ENSG00000196878,209788215,209825811,37596
ENSG00000236617,133464428,133465169,741
ENSG00000250630,106619701,106619928,227
ENSG00000255703,133476570,133476954,384
ENSG00000184140,102345902,102346876,974
ENSG00000239586,106619915,106620812,897
ENSG00000185133,31518717,31530682,11965
ENSG00000232424,25886405,25892840,6435
ENSG00000240796,106621020,106621370,350
ENSG00000091513,133464800,133497850,33050
ENSG00000100601,78138747,78174363,35616
ENSG00000252626,106726415,106726517,102
ENSG00000182854,102358366,102359350,984
ENSG00000214128,138482695,138522846,40151
ENSG00000228271,193994471,194005157,10686
ENSG00000207637,158325410,158325505,95
ENSG00000239455,106823758,106825847,2089
ENSG00000153234,157180944,157198860,17916
ENSG00000225365,158330187,158332571,2384
ENSG00000036530,100150641,100193638,42997
ENSG00000177693,102462245,102463298,1053
ENSG00000250790,133488056,133489173,1117
ENSG00000172538,50339199,50342053,2854
ENSG00000128881,43030932,43213007,182075
ENSG00000214145,194014254,194030592,16338
ENSG00000232715,158383321,158383812,491
ENSG00000178093,19623227,19626838,3611
ENSG00000265598,158384308,158384388,80
ENSG00000270011,9434850,9493293,58443
ENSG00000121864,179040779,179053323,12544
ENSG00000224324,158415880,158416141,261
ENSG00000215567,20083769,20093074,9305
ENSG00000267595,41320187,41320266,79
ENSG00000164609,159828648,159848718,20070
ENSG00000228030,158512421,158512852,431
ENSG00000150625,176554085,176923815,369730
ENSG00000267340,41321897,41322094,197
ENSG00000231411,10009199,10010334,1135
ENSG00000263309,39078948,39093886,14938
ENSG00000123307,55413729,55423798,10069
ENSG00000271483,194192652,194192814,162
ENSG00000231419,158799213,158822886,23673
ENSG00000233058,194208183,194239008,30825
ENSG00000234414,23673258,23711212,37954
ENSG00000226061,10011462,10011816,354
ENSG00000257662,29062985,29063125,140
ENSG00000237447,10027986,10029907,1921
ENSG00000244675,194217046,194222232,5186
ENSG00000236383,41368960,41383338,14378
ENSG00000125863,10381657,10414870,33213
ENSG00000252053,194254232,194254312,80
ENSG00000201241,20088867,20088969,102
ENSG00000257231,114227347,114227612,265
ENSG00000232873,194283707,194284730,1023
ENSG00000239114,30290569,30290672,103
ENSG00000260219,30366762,30367848,1086
ENSG00000103044,69139467,69152622,13155
ENSG00000171135,9932238,9936033,3795
ENSG00000120690,41506056,41635576,129520
ENSG00000199787,30430946,30431080,134
ENSG00000267173,44833848,44905774,71926
ENSG00000202476,30465318,30465418,100
ENSG00000251966,10033981,10034093,112
ENSG00000011260,49337889,49375297,37408
ENSG00000222701,30482908,30483024,116
ENSG00000225840,10036113,10036711,598
ENSG00000231770,194304740,194310989,6249
ENSG00000261346,30488501,30500674,12173
ENSG00000251705,10037764,10037915,151
ENSG00000260487,30491909,30492667,758
ENSG00000271365,13262741,13262939,198
ENSG00000183597,20004537,20053449,48912
ENSG00000154016,18923986,18950950,26964
ENSG00000196975,69871557,70053596,182039
ENSG00000257359,114370374,114375060,4686
ENSG00000251706,30494456,30494516,60
ENSG00000271309,13263065,13263272,207
ENSG00000261332,30510087,30510875,788
ENSG00000270570,13263395,13263563,168
ENSG00000257603,114514938,114517707,2769
ENSG00000266305,30515240,30515322,82
ENSG00000267508,44886459,44905774,19315
ENSG00000084764,27193480,27250064,56584
ENSG00000119705,78174414,78227447,53033
ENSG00000119004,204103663,204163009,59346
ENSG00000125449,73106047,73126360,20313
ENSG00000163872,183415606,183530413,114807
ENSG00000135625,73518058,73520833,2775
ENSG00000018510,178257372,178408564,151192
ENSG00000134748,52870236,52886511,16275
ENSG00000167136,131580753,131584956,4203
ENSG00000071553,153656978,153664862,7884
ENSG00000258919,102095321,102098867,3546
ENSG00000221465,98680459,98680548,89
ENSG00000184956,1012821,1036706,23885
ENSG00000231025,98752207,98755716,3509
ENSG00000258404,102100791,102197445,96654
ENSG00000153071,39371780,39462402,90622
ENSG00000173769,44283378,44373590,90212
ENSG00000241494,102144280,102144717,437
ENSG00000263502,13340359,13340440,81
ENSG00000259088,102262892,102276658,13766
ENSG00000252855,13340551,13340633,82
ENSG00000234855,98862513,98863504,991
ENSG00000257997,114518186,114551294,33108
ENSG00000207208,102269564,102269668,104
ENSG00000207338,123098042,123098148,106
ENSG00000149346,10415951,10617477,201526
ENSG00000256705,102299772,102305868,6096
ENSG00000151687,190539016,190625919,86903
ENSG00000186010,19626545,19644285,17740
ENSG00000230442,123224913,123265011,40098
ENSG00000258567,13462594,13463857,1263
ENSG00000201164,68569418,68569561,143
ENSG00000111737,120532899,120555306,22407
ENSG00000260084,68607685,68623415,15730
ENSG00000167383,44921685,44952766,31081
ENSG00000259154,13470597,13471863,1266
ENSG00000252040,68664126,68664257,131
ENSG00000252640,68664754,68664871,117
ENSG00000231398,99034769,99037854,3085
ENSG00000119042,200134223,200335989,201766
ENSG00000237169,99068895,99069715,820
ENSG00000272686,123389122,123391220,2098
ENSG00000201104,123430659,123430765,106
ENSG00000228211,123454193,123469306,15113
ENSG00000123689,209848765,209849733,968
ENSG00000225850,99094321,99102770,8449
ENSG00000120688,41635410,41658137,22727
ENSG00000198917,131581930,131592100,10170
ENSG00000149922,30097114,30103208,6094
ENSG00000258282,29142447,29142933,486
ENSG00000225583,123572186,123572513,327
ENSG00000113492,34998206,35048198,49992
ENSG00000170605,55523465,55524586,1121
ENSG00000174227,492989,533985,40996
ENSG00000129084,14515329,14665181,149852
ENSG00000063245,56186592,56221224,34632
ENSG00000257126,29198289,29234483,36194
ENSG00000198087,47445525,47594999,149474
ENSG00000241345,123634676,123667713,33037
ENSG00000137074,32972604,33025166,52562
ENSG00000114982,97258907,97308524,49617
ENSG00000117594,209859510,209908295,48785
ENSG00000076382,26904588,26926297,21709
ENSG00000179919,55614809,55615759,950
ENSG00000101384,10618332,10654694,36362
ENSG00000066117,50478755,50494495,15740
ENSG00000268519,77949297,77950568,1271
ENSG00000197706,55640982,55642086,1104
ENSG00000242593,123672259,124035172,362913
ENSG00000235560,30546073,30548465,2392
ENSG00000257056,29252697,29254993,2296
ENSG00000229334,194353652,194366130,12478
ENSG00000175497,115199876,116603328,1403452
ENSG00000188324,55688072,55689016,944
ENSG00000260494,30548523,30549552,1029
ENSG00000103024,1820287,1821731,1444
ENSG00000204161,50362773,50396630,33857
ENSG00000167384,44979854,45004576,24722
ENSG00000125337,168396921,168445769,48848
ENSG00000239791,30583571,30595181,11610
ENSG00000206480,30685021,30700042,15021
ENSG00000213139,186256230,186264491,8261
ENSG00000260167,30597228,30619914,22686
ENSG00000271192,44038388,44038935,547
ENSG00000172058,70196492,70214357,17865
ENSG00000257207,111160511,111230652,70141
ENSG00000261588,30598983,30599241,258
ENSG00000172932,67056018,67069956,13938
ENSG00000272121,44039573,44040641,1068
ENSG00000252980,44112579,44112678,99
ENSG00000123965,74306894,74366314,59420
ENSG00000168802,69151913,69166487,14574
ENSG00000171570,41284147,41314103,29956
ENSG00000259606,75310727,75322378,11651
ENSG00000207954,44155704,44155802,98
ENSG00000211752,142423173,142423688,515
ENSG00000188629,9435021,9493293,58272
ENSG00000258587,75340387,75340957,570
ENSG00000163701,9944296,9958086,13790
ENSG00000257302,71065698,71066636,938
ENSG00000211753,142428484,142428984,500
ENSG00000149970,21392536,21672813,280277
ENSG00000258646,75471422,75475184,3762
ENSG00000007402,50400233,50541675,141442
ENSG00000207387,71300697,71300798,101
ENSG00000156639,37787275,38122400,335125
ENSG00000257265,71401553,71425863,24310
ENSG00000260678,30626577,30627000,423
ENSG00000232869,142448053,142448741,688
ENSG00000229435,159024125,159026067,1942
ENSG00000261680,30635606,30636035,429
ENSG00000257454,71427902,71498306,70404
ENSG00000206924,75487464,75487570,106
ENSG00000234530,31502098,31514044,11946
ENSG00000196748,35744371,35747329,2958
ENSG00000260113,30638297,30638499,202
ENSG00000091409,173292082,173371181,79099
ENSG00000256671,111222628,111230511,7883
ENSG00000141456,4574679,4607632,32953
ENSG00000232045,31858893,31876828,17935
ENSG00000204983,142457319,142460923,3604
ENSG00000252074,30686621,30686723,102
ENSG00000141441,29704840,30050447,345607
ENSG00000100078,31530795,31536593,5798
ENSG00000179152,44379611,44450943,71332
ENSG00000229802,33146132,33150126,3994
ENSG00000159459,43235095,43398311,163216
ENSG00000257761,71976073,71977632,1559
ENSG00000261585,136100292,136103978,3686
ENSG00000122778,138516126,138666064,149938
ENSG00000185792,56219798,56249768,29970
ENSG00000183808,94741584,94753245,11661
ENSG00000116127,73612886,73837920,225034
ENSG00000188825,41447213,41466567,19354
ENSG00000181023,5757681,5758768,1087
ENSG00000262164,39114796,39123271,8475
ENSG00000181074,5775923,5776959,1036
ENSG00000258978,75583129,75583303,174
ENSG00000262279,112831997,113149158,317161
ENSG00000259138,75593856,75603633,9777
ENSG00000272453,136125799,136131098,5299
ENSG00000133665,82104501,82127829,23328
ENSG00000262937,136178005,136178098,93
ENSG00000252013,75668784,75668872,88
ENSG00000181009,5798864,5799897,1033
ENSG00000261016,136193329,136194004,675
ENSG00000182240,42539728,42654445,114717
ENSG00000258820,75726114,75738653,12539
ENSG00000113838,186263862,186288332,24470
ENSG00000262546,136213263,136213359,96
ENSG00000269858,41304901,41314338,9437
ENSG00000259879,136214525,136215000,475
ENSG00000181001,5809084,5810046,962
ENSG00000119660,75758809,75761016,2207
ENSG00000266834,136224931,136225005,74
ENSG00000138942,31556168,31603005,46837
ENSG00000236787,51339438,51339770,332
ENSG00000265941,136225630,136225703,73
ENSG00000180988,5841544,5842578,1034
ENSG00000243701,106959539,107045811,86272
ENSG00000259687,75761107,75763341,2234
ENSG00000266284,136225991,136226063,72
ENSG00000174749,113066553,113116412,49859
ENSG00000090238,30103635,30108236,4601
ENSG00000265651,136226382,136226447,65
ENSG00000223182,51383526,51383726,200
ENSG00000260299,136344395,136346293,1898
ENSG00000259029,13477233,13478499,1266
ENSG00000228326,51532102,51532572,470
ENSG00000125899,11008408,11010014,1606
ENSG00000211764,142494049,142494098,49
ENSG00000257300,114535487,114536028,541
ENSG00000212998,94752349,94753001,652
ENSG00000250067,19627036,19648390,21354
ENSG00000107949,127512115,127542264,30149
ENSG00000230553,51535126,51535474,348
ENSG00000258991,13488005,13489271,1266
ENSG00000259319,75890386,75894444,4058
ENSG00000153303,168456425,168482237,25812
ENSG00000074071,1821891,1823156,1265
ENSG00000223638,56270380,56274541,4161
ENSG00000216588,45116940,45140081,23141
ENSG00000257915,114542347,114543736,1389
ENSG00000223111,51611024,51611224,200
ENSG00000204140,35748794,35761452,12658
ENSG00000170606,132387654,132442141,54487
ENSG00000211765,142494244,142494294,50
ENSG00000261786,44158791,44163857,5066
ENSG00000270455,13491303,13493369,2066
ENSG00000211766,142494381,142494426,45
ENSG00000229292,56280507,56284545,4038
ENSG00000224721,76041231,76045931,4700
ENSG00000212461,72033135,72033263,128
ENSG00000271937,44379433,44380044,611
ENSG00000211767,142494531,142494579,48
ENSG00000239828,106991458,107101007,109549
ENSG00000225873,44462619,44465499,2880
ENSG00000176273,95653730,95715819,62089
ENSG00000124214,47729878,47804904,75026
ENSG00000242951,76062148,76062549,401
ENSG00000141434,29765032,29800367,35335
ENSG00000164603,112459202,112579971,120769
ENSG00000138660,113152893,113191203,38310
ENSG00000264774,44556708,44556793,85
ENSG00000211768,142494682,142494731,49
ENSG00000185359,79650356,79670168,19812
ENSG00000171097,131595221,131644773,49552
ENSG00000009790,209929377,209955668,26291
ENSG00000214825,44566236,44567297,1061
ENSG00000201096,76070516,76070621,105
ENSG00000259103,76280845,76314041,33196
ENSG00000113658,135468534,135524435,55901
ENSG00000257476,114676775,114679575,2800
ENSG00000152503,114460459,114516243,55784
ENSG00000205409,5862158,5863182,1024
ENSG00000211769,142494803,142494850,47
ENSG00000211770,142494923,142494975,52
ENSG00000252882,41473361,41473459,98
ENSG00000204022,90346510,90366733,20223
ENSG00000242488,76304500,76305457,957
ENSG00000183269,5877904,5878964,1060
ENSG00000150782,112013974,112034840,20866
ENSG00000236869,44598849,44727145,128296
ENSG00000158497,143191726,143200284,8558
ENSG00000214820,44621430,44622518,1088
ENSG00000259161,102309731,102310459,728
ENSG00000132640,11871371,11907257,35886
ENSG00000180974,5905501,5906527,1026
ENSG00000211771,142495140,142495186,46
ENSG00000271780,102414684,102415762,1078
ENSG00000233509,44658620,44666289,7669
ENSG00000067066,231280657,231408805,128148
ENSG00000272077,44708904,44710856,1952
ENSG00000165572,41701705,41706882,5177
ENSG00000211772,142498725,142500432,1707
ENSG00000184478,5968570,5969591,1021
ENSG00000272444,102418753,102419400,647
ENSG00000235805,44750803,44752378,1575
ENSG00000259013,102435701,102435938,237
ENSG00000258876,76437267,76437930,663
ENSG00000238958,44834507,44834597,90
ENSG00000171757,169511216,169530774,19558
ENSG00000207783,44903380,44903473,93
ENSG00000237254,142510271,142511084,813
ENSG00000258959,102502652,102532565,29913
ENSG00000143412,150954493,150968110,13617
ENSG00000235845,44940670,44942417,1747
ENSG00000120696,41763969,41768702,4733
ENSG00000255399,114845996,114850636,4640
ENSG00000258578,76480022,76480486,464
ENSG00000227123,44979165,44979974,809
ENSG00000183054,111271389,111334762,63373
ENSG00000175426,95726119,95769847,43728
ENSG00000252410,45075966,45076080,114
ENSG00000240457,102543520,102543810,290
ENSG00000265677,102807306,102807406,100
ENSG00000224094,45201266,45201667,401
ENSG00000239061,102825136,102825239,103
ENSG00000134744,52873954,53019159,145205
ENSG00000212330,102968013,102968116,103
ENSG00000178550,45266617,45267519,902
ENSG00000164604,112718386,112727833,9447
ENSG00000145817,143537723,143550278,12555
ENSG00000266015,103005981,103006063,82
ENSG00000259230,103011591,103022163,10572
ENSG00000202268,45296902,45297112,210
ENSG00000197705,30252634,30353025,100391
ENSG00000232455,45525466,45551037,25571
ENSG00000197774,1823208,1831709,8501
ENSG00000237405,32155615,32158971,3356
ENSG00000239224,103049227,103049514,287
ENSG00000230988,103128577,103129045,468
ENSG00000251927,45633747,45633819,72
ENSG00000202459,103161725,103161832,107
ENSG00000230530,45720535,45730626,10091
ENSG00000161405,37921198,38020441,99243
ENSG00000259508,103236377,103241128,4751
ENSG00000089094,121866900,122018920,152020
ENSG00000238853,103255828,103255928,100
ENSG00000073008,45147098,45166850,19752
ENSG00000261840,30709030,30710379,1349
ENSG00000179873,56296770,56348166,51396
ENSG00000206969,103332193,103332300,107
ENSG00000211990,103345958,103346075,117
ENSG00000263203,69152757,69154331,1574
ENSG00000254405,31695130,31720011,24881
ENSG00000259515,103399911,103403514,3603
ENSG00000272707,194358234,194358393,159
ENSG00000222287,30712658,30712756,98
ENSG00000213176,103507806,103508431,625
ENSG00000266447,194370319,194370419,100
ENSG00000206755,30721858,30721986,128
ENSG00000259444,103561060,103565222,4162
ENSG00000221718,194387894,194387945,51
ENSG00000260899,30751988,30762702,10714
ENSG00000132478,73780681,73821886,41205
ENSG00000233987,194426277,194427693,1416
ENSG00000259717,103587184,103589344,2160
ENSG00000120662,41790505,41837742,47237
ENSG00000259374,103606012,103608296,2284
ENSG00000262026,30789770,30791473,1703
ENSG00000150783,112038095,112043282,5187
ENSG00000125458,73126320,73127890,1570
ENSG00000238130,31527243,31529513,2270
ENSG00000259535,103614934,103615745,811
ENSG00000172830,67070919,67080078,9159
ENSG00000164889,150754297,150773614,19317
ENSG00000164953,94767072,94831462,64390
ENSG00000259525,103650541,103651376,835
ENSG00000240095,145679542,145681410,1868
ENSG00000137270,52991762,53013627,21865
ENSG00000228835,30349758,30354376,4618
ENSG00000067798,78224685,78606790,382105
ENSG00000174652,9523272,9546254,22982
ENSG00000264026,70339081,70351277,12196
ENSG00000261051,145777372,145779466,2094
ENSG00000251533,103653558,103655365,1807
ENSG00000262845,39134095,39143514,9419
ENSG00000263680,70422080,70424993,2913
ENSG00000165406,45950035,46090354,140319
ENSG00000243415,145781829,145822991,41162
ENSG00000243514,70623370,70623763,393
ENSG00000239117,103669523,103669601,78
ENSG00000263893,70638870,70640629,1759
ENSG00000270705,103674085,103674126,41
ENSG00000242837,103707829,103708309,480
ENSG00000200783,70659962,70660291,329
ENSG00000272790,112041253,112071394,30141
ENSG00000006125,33905065,34053436,148371
ENSG00000240032,145784131,145786972,2841
ENSG00000270938,103745560,103746292,732
ENSG00000222545,70710522,70710610,88
ENSG00000106123,142552792,142568847,16055
ENSG00000252274,70814975,70815111,136
ENSG00000243596,146060783,146066267,5484
ENSG00000264196,70835178,70835857,679
ENSG00000240624,103749270,103749805,535
ENSG00000163424,118864997,118878889,13892
ENSG00000266501,71064009,71064427,418
ENSG00000241358,146109150,146134390,25240
ENSG00000265469,71159174,71159498,324
ENSG00000264860,71161116,71192732,31616
ENSG00000257748,29269290,29299410,30120
ENSG00000260248,71171622,71172772,1150
ENSG00000237900,31854934,31857319,2385
ENSG00000263101,39149809,39150512,703
ENSG00000205330,55714346,55715408,1062
ENSG00000189227,67813406,67819628,6222
ENSG00000182541,31608225,31676066,67841
ENSG00000263296,39155572,39156273,701
ENSG00000199812,146289264,146289370,106
ENSG00000241457,146307389,146308112,723
ENSG00000258038,29299450,29437606,138156
ENSG00000262068,39164900,39175703,10803
ENSG00000125878,584441,591042,6601
ENSG00000257320,31866341,31866586,245
ENSG00000243620,146627472,147088443,460971
ENSG00000244357,45784167,45784460,293
ENSG00000141076,69165194,69265033,99839
ENSG00000162032,1826713,1843701,16988
ENSG00000236930,45925132,45925605,473
ENSG00000242671,146639710,146643005,3295
ENSG00000261862,39182405,39183581,1176
ENSG00000135541,135604670,135818914,214244
ENSG00000201635,45944679,45944790,111
ENSG00000226933,46064788,46065648,860
ENSG00000263242,39186076,39186483,407
ENSG00000185453,48673949,48700877,26928
ENSG00000229515,46183850,46185169,1319
ENSG00000237222,194429150,194502897,73747
ENSG00000198788,1074875,1104419,29544
ENSG00000262347,39190263,39191234,971
ENSG00000256563,133548924,133549476,552
ENSG00000185915,21673609,21676448,2839
ENSG00000252269,133571776,133571888,112
ENSG00000262808,39196936,39197838,902
ENSG00000183844,42676139,42729358,53219
ENSG00000252681,25887089,25887252,163
ENSG00000271303,627259,634014,6755
ENSG00000012660,53132196,53213947,81751
ENSG00000246394,133606975,133613808,6833
ENSG00000234805,194476318,194478151,1833
ENSG00000205329,55725485,55726420,935
ENSG00000181322,137980279,138048728,68449
ENSG00000261852,39202918,39203693,775
ENSG00000225312,33150329,33152518,2189
ENSG00000183313,6007122,6008215,1093
ENSG00000230401,194485967,194489441,3474
ENSG00000150627,176986985,177103978,116993
ENSG00000102886,30116131,30125177,9046
ENSG00000232910,25897335,25897907,572
ENSG00000187857,55758895,55759833,938
ENSG00000204376,52528159,52533303,5144
ENSG00000091482,21724090,21776281,52191
ENSG00000238031,194548619,194553321,4702
ENSG00000262731,39210879,39211741,862
ENSG00000183389,6023216,6024424,1208
ENSG00000270299,627270,656444,29174
ENSG00000233303,194815317,194816786,1469
ENSG00000262862,39215722,39216596,874
ENSG00000205328,55794214,55795289,1075
ENSG00000265333,194855235,194855309,74
ENSG00000180934,6047901,6048971,1070
ENSG00000244314,194867459,194867732,273
ENSG00000183826,38136227,38607924,471697
ENSG00000215397,642240,656823,14583
ENSG00000185821,55820038,55820976,938
ENSG00000230266,194868600,194873519,4919
ENSG00000145365,113195698,113207059,11361
ENSG00000141699,40731531,40762641,31110
ENSG00000178150,48675575,48790865,115290
ENSG00000180919,6128914,6130065,1151
ENSG00000125571,113670548,113676459,5911
ENSG00000231508,99152954,99153304,350
ENSG00000179695,55845998,55846936,938
ENSG00000206600,194935516,194935622,106
ENSG00000180913,6149840,6150706,866
ENSG00000257515,72102951,72104154,1203
ENSG00000231970,99160872,99179281,18409
ENSG00000251763,41489795,41489898,103
ENSG00000184954,55862984,55863922,938
ENSG00000180909,6173006,6173818,812
ENSG00000197580,112046190,112095422,49232
ENSG00000267151,41522075,41528568,6493
ENSG00000200737,99180952,99181064,112
ENSG00000264677,99242426,99242530,104
ENSG00000255307,6190560,6191638,1078
ENSG00000239754,31900979,31907413,6434
ENSG00000258065,29326590,29327907,1317
ENSG00000227356,99588235,99609555,21320
ENSG00000101276,740724,749131,8407
ENSG00000265398,99635569,99635654,85
ENSG00000164488,168693510,168720434,26924
ENSG00000175485,6220376,6221489,1113
ENSG00000230928,100011780,100016332,4552
ENSG00000136802,131644391,131680318,35927
ENSG00000205327,55886147,55887100,953
ENSG00000221419,100154975,100155064,89
ENSG00000264610,100191049,100191117,68
ENSG00000180878,6226796,6232362,5566
ENSG00000012174,21857754,21903542,45788
ENSG00000236818,100772860,100773709,849
ENSG00000179626,55944983,55946028,1045
ENSG00000162757,209955661,209957904,2243
ENSG00000078967,43966037,43995735,29698
ENSG00000158987,130759614,130970929,211315
ENSG00000234109,100807396,100808076,680
ENSG00000119777,27255778,27264563,8785
ENSG00000166960,30517366,31021065,503699
ENSG00000228157,18996287,19000150,3863
ENSG00000086061,33025209,33039905,14696
ENSG00000089154,120565007,120632513,67506
ENSG00000148840,103892787,103910082,17295
ENSG00000262377,113185251,113254266,69015
ENSG00000148688,92631473,92668312,36839
ENSG00000234000,30634431,30645937,11506
ENSG00000117595,209959036,209979465,20429
ENSG00000127838,219135115,219211516,76401
ENSG00000137764,67835047,68099461,264414
ENSG00000207164,29370442,29370553,111
ENSG00000066629,100204030,100408397,204367
ENSG00000258028,29406095,29497969,91874
ENSG00000125898,814358,838106,23748
ENSG00000179615,55968199,55969128,929
ENSG00000130640,135093135,135125841,32706
ENSG00000112186,17393447,17558023,164576
ENSG00000263091,39221598,39222361,763
ENSG00000257523,29445042,29448130,3088
ENSG00000270242,13551375,13552752,1377
ENSG00000175482,67118248,67124443,6195
ENSG00000266286,39240638,39241794,1156
ENSG00000051009,6232565,6255941,23376
ENSG00000175398,56030644,56031638,994
ENSG00000271375,13629403,13629913,510
ENSG00000234385,13901758,13903233,1475
ENSG00000261968,39254169,39254756,587
ENSG00000222982,114942681,114942992,311
ENSG00000252065,29451509,29451616,107
ENSG00000265161,13947443,13947512,69
ENSG00000255830,114986659,114987657,998
ENSG00000257522,29734031,29850501,116470
ENSG00000215583,14043242,14044475,1233
ENSG00000259775,103798011,103798704,693
ENSG00000112562,168841831,169073984,232153
ENSG00000272533,103804186,103804311,125
ENSG00000198028,9577183,9609283,32100
ENSG00000259428,103830576,103831157,581
ENSG00000243904,103840370,103841253,883
ENSG00000230797,21874105,21876845,2740
ENSG00000244691,103878456,103879098,642
ENSG00000170439,56075330,56078395,3065
ENSG00000258454,76702160,76729817,27657
ENSG00000224934,101190948,101197874,6926
ENSG00000101280,853296,896977,43681
ENSG00000258402,76747286,76776409,29123
ENSG00000106290,99704693,99717464,12771
ENSG00000212061,76814398,76814481,83
ENSG00000175445,19759228,19824769,65541
ENSG00000263880,76821072,76821352,280
ENSG00000265010,71239232,71240845,1613
ENSG00000259124,76961706,77193055,231349
ENSG00000264985,71509824,71514909,5085
ENSG00000182333,90424198,90438571,14373
ENSG00000271423,77100057,77100371,314
ENSG00000257582,101286107,101290934,4827
ENSG00000265780,71515985,71517546,1561
ENSG00000242952,77101118,77102004,886
ENSG00000264750,71637165,71639245,2080
ENSG00000150628,177105789,177116822,11033
ENSG00000258566,77156482,77157085,603
ENSG00000265935,71658707,71659987,1280
ENSG00000258569,77177001,77227731,50730
ENSG00000228778,101286838,101288018,1180
ENSG00000189152,19030782,19062489,31707
ENSG00000263574,71733993,71752696,18703
ENSG00000259081,77240627,77247861,7234
ENSG00000238588,101361537,101361637,100
ENSG00000260082,30832389,30833431,1042
ENSG00000260475,101380812,101381675,863
ENSG00000138193,95753746,96092580,338834
ENSG00000175287,131683174,131704320,21146
ENSG00000258610,77245295,77248592,3297
ENSG00000143409,150969025,150980851,11826
ENSG00000229278,101411746,101413662,1916
ENSG00000076067,56915713,56984745,69032
ENSG00000177338,71746469,71824659,78190
ENSG00000258301,77248083,77253067,4984
ENSG00000264940,19092978,19093558,580
ENSG00000233690,101457164,101457706,542
ENSG00000260083,30886543,30906541,19998
ENSG00000175505,67131639,67141648,10009
ENSG00000241081,77352720,77353093,373
ENSG00000117597,210001352,210030910,29558
ENSG00000223174,77356606,77356956,350
ENSG00000081087,108362613,108487058,124445
ENSG00000236022,19107138,19117358,10220
ENSG00000259058,77388183,77390992,2809
ENSG00000258674,19627036,19646885,19849
ENSG00000162959,32090129,32236299,146170
ENSG00000073331,113206665,113363776,157111
ENSG00000130818,9638667,9649303,10636
ENSG00000258602,77425981,77432145,6164
ENSG00000265991,30886587,30886644,57
ENSG00000262721,30887087,30906537,19450
ENSG00000102172,21958691,22025798,67107
ENSG00000234721,71782941,71796932,13991
ENSG00000211591,30905224,30905306,82
ENSG00000266728,25950390,25967803,17413
ENSG00000100100,31677579,31688520,10941
ENSG00000230447,30915669,30921529,5860
ENSG00000164122,177134824,177198722,63898
ENSG00000172766,41885341,41951166,65825
ENSG00000265927,71827711,71832158,4447
ENSG00000260852,30930640,30934590,3950
ENSG00000172731,72058729,72142382,83653
ENSG00000183486,42733870,42781317,47447
ENSG00000266765,71890888,71908017,17129
ENSG00000156113,78629359,79398353,768994
ENSG00000101282,939095,982907,43812
ENSG00000167986,61066923,61110068,43145
ENSG00000262852,111782965,111784816,1851
ENSG00000261487,30959707,30967832,8125
ENSG00000228520,33154182,33158409,4227
ENSG00000266357,72039591,72150351,110760
ENSG00000260911,31054471,31061201,6730
ENSG00000262978,111783459,111797594,14135
ENSG00000261124,31076816,31080567,3751
ENSG00000224051,1260136,1264277,4141
ENSG00000136754,27035522,27150016,114494
ENSG00000252809,31120551,31120634,83
ENSG00000262766,31129399,31130068,669
ENSG00000258463,20104587,20104812,225
ENSG00000258289,65381079,65411309,30230
ENSG00000160161,19649057,19657468,8411
ENSG00000258706,20172667,20173605,938
ENSG00000262032,12574969,12824618,249649
ENSG00000261385,31142754,31143198,444
ENSG00000262600,111788755,111797595,8840
ENSG00000259337,20178035,20178471,436
ENSG00000263343,31176969,31177248,279
ENSG00000262366,31185894,31186143,249
ENSG00000100890,35591052,35743271,152219
ENSG00000259769,20251549,20253247,1698
ENSG00000197961,9671029,9695209,24180
ENSG00000229341,32052787,32065237,12450
ENSG00000115226,27714750,27718112,3362
ENSG00000260304,31193832,31194606,774
ENSG00000258397,20278952,20279587,635
ENSG00000196465,56546040,56553431,7391
ENSG00000265632,114988567,114988654,87
ENSG00000239471,20300988,20301282,294
ENSG00000260060,31207452,31208284,832
ENSG00000258244,115025999,115026607,608
ENSG00000258410,20333998,20353206,19208
ENSG00000261925,31237281,31238481,1200
ENSG00000235649,14077914,14108092,30178
ENSG00000172062,70220768,70249769,29001
ENSG00000122692,33041762,33076665,34903
ENSG00000258780,20359029,20366079,7050
ENSG00000258254,115059566,115060727,1161
ENSG00000095906,1832902,1839192,6290
ENSG00000125695,61780205,61829457,49252
ENSG00000236477,14365457,14366162,705
ENSG00000258628,20433873,20482756,48883
ENSG00000105483,48684027,48759203,75176
ENSG00000199220,115095754,115095867,113
ENSG00000237335,33178689,33187788,9099
ENSG00000206478,30700508,30701863,1355
ENSG00000257817,115151616,115205762,54146
ENSG00000089876,127524906,127585005,60099
ENSG00000232226,14373025,14378737,5712
ENSG00000252459,115175509,115175603,94
ENSG00000204375,52541053,52546197,5144
ENSG00000257517,115206479,115209656,3177
ENSG00000259156,20487997,20496839,8842
ENSG00000238056,32127476,32133491,6015
ENSG00000243980,14394177,14394465,288
ENSG00000150787,112097088,112140678,43590
ENSG00000257958,115515130,115517958,2828
ENSG00000125818,1093906,1160596,66690
ENSG00000186567,45165545,45187631,22086
ENSG00000183775,143550396,143865249,314853
ENSG00000232730,14442350,14443562,1212
ENSG00000262277,111797867,111893307,95440
ENSG00000257519,115700975,115708401,7426
ENSG00000164611,159848829,159855748,6919
ENSG00000172613,67159176,67165881,6705
ENSG00000105717,19672522,19729725,57203
ENSG00000224060,14460540,14468226,7686
ENSG00000251800,146671746,146671865,119
ENSG00000207156,146714394,146714500,106
ENSG00000138443,204192942,204312446,119504
ENSG00000239412,146994555,146995039,484
ENSG00000241218,107046677,107048044,1367
ENSG00000108588,61822610,61853711,31101
ENSG00000271579,115737393,115738513,1120
ENSG00000241202,147104754,147105240,486
ENSG00000258654,20549989,20564419,14430
ENSG00000129128,177241115,177253396,12281
ENSG00000225117,14474827,14499123,24296
ENSG00000240804,147308783,147309622,839
ENSG00000239661,147561910,147564444,2534
ENSG00000116157,53068044,53074723,6679
ENSG00000239083,20557339,20557434,95
ENSG00000258108,116007469,116019544,12075
ENSG00000257410,72187635,72193407,5772
ENSG00000265002,20563361,20563434,73
ENSG00000221431,147629193,147629288,95
ENSG00000082146,202252581,202345569,92988
ENSG00000258280,116014481,116015420,939
ENSG00000257991,72228814,72229176,362
ENSG00000239922,147657791,147724542,66751
ENSG00000143469,210111538,210337636,226098
ENSG00000166947,43398423,43513481,115058
ENSG00000257802,72243008,72244208,1200
ENSG00000206159,14475147,14532255,57108
ENSG00000260285,103991347,103995409,4062
ENSG00000186340,169615875,169654139,38264
ENSG00000197283,33387847,33421466,33619
ENSG00000252469,104016682,104016743,61
ENSG00000258851,104019758,104028214,8456
ENSG00000243574,123914733,123927598,12865
ENSG00000201184,104033742,104033882,140
ENSG00000113384,32124810,32174456,49646
ENSG00000264904,104042305,104042396,91
ENSG00000241324,123977434,123989914,12480
ENSG00000246451,104148699,104150352,1653
ENSG00000107968,30722866,30750762,27896
ENSG00000100105,31721790,31742218,20428
ENSG00000262942,22362752,22379435,16683
ENSG00000257407,116019866,116077539,57673
ENSG00000230268,124116425,124117009,584
ENSG00000177354,50507187,50535537,28350
ENSG00000257365,65381203,65529368,148165
ENSG00000262774,22311550,22313125,1575
ENSG00000266553,77433863,77434108,245
ENSG00000241656,116030409,116030788,379
ENSG00000262856,22320733,22321783,1050
ENSG00000243225,77435026,77435488,462
ENSG00000182183,53099016,53135355,36339
ENSG00000240205,116155530,116155816,286
ENSG00000141431,31158579,31331156,172577
ENSG00000257781,116193067,116237741,44674
ENSG00000174796,76439156,76475683,36527
ENSG00000175066,141882414,141944449,62035
ENSG00000228425,33195972,33217749,21777
ENSG00000229325,195001452,195003470,2018
ENSG00000180834,183533664,183543382,9718
ENSG00000150630,177604689,177713881,109192
ENSG00000155660,148700154,148725733,25579
ENSG00000227433,195070393,195070759,366
ENSG00000188771,112118876,112131583,12707
ENSG00000136688,113730780,113743242,12462
ENSG00000207368,195140165,195140275,110
ENSG00000262520,39258173,39258880,707
ENSG00000121104,47787694,47866542,78848
ENSG00000262121,39262003,39263159,1156
ENSG00000255807,133610089,133610542,453
ENSG00000144867,133502877,133544616,41739
ENSG00000180229,20587869,20711433,123564
ENSG00000232845,25908985,25911730,2745
ENSG00000263229,39273915,39275094,1179
ENSG00000268472,112130988,112132117,1129
ENSG00000258115,72439929,72451157,11228
ENSG00000064547,19734477,19739739,5262
ENSG00000263236,39279811,39280887,1076
ENSG00000200066,133664099,133664201,102
ENSG00000136206,44040488,44049721,9233
ENSG00000132259,6255995,6265659,9664
ENSG00000271963,133692278,133698926,6648
ENSG00000236333,72647288,72668687,21399
ENSG00000264450,39007052,39019534,12482
ENSG00000237302,25917379,25944297,26918
ENSG00000162377,53152508,53164038,11530
ENSG00000252586,14482123,14482230,107
ENSG00000227447,14551845,14619171,67326
ENSG00000169962,1266694,1270686,3992
ENSG00000240991,133702065,133702538,473
ENSG00000137413,42018251,42055199,36948
ENSG00000257683,116248164,116323942,75778
ENSG00000200112,116290453,116290523,70
ENSG00000255919,133793796,133794261,465
ENSG00000102882,30125426,30134827,9401
ENSG00000231540,25954968,25955206,238
ENSG00000226863,14649708,14656818,7110
ENSG00000239190,133814921,133815024,103
ENSG00000172671,46111043,46168228,57185
ENSG00000238443,133815041,133815135,94
ENSG00000223362,26001669,26003238,1569
ENSG00000258034,116398992,116400538,1546
ENSG00000171132,45878484,46415129,536645
ENSG00000200665,116520375,116520481,106
ENSG00000214194,112756773,112758668,1895
ENSG00000233774,14730915,14746333,15418
ENSG00000139318,89741009,89747048,6039
ENSG00000231026,26063388,26063870,482
ENSG00000250317,25863452,25931435,67983
ENSG00000207967,116586365,116586459,94
ENSG00000224571,26066052,26067657,1605
ENSG00000272597,107048277,107048809,532
ENSG00000125895,1161205,1166059,4854
ENSG00000220989,107084029,107084134,105
ENSG00000251184,131703757,131719300,15543
ENSG00000154975,49707674,50237377,529703
ENSG00000273125,107149777,107182759,32982
ENSG00000226369,26081100,26086248,5148
ENSG00000148730,72164135,72188374,24239
ENSG00000174792,76481258,76491095,9837
ENSG00000112333,108487262,108510013,22751
ENSG00000203879,153665266,153671814,6548
ENSG00000175283,131707809,131709898,2089
ENSG00000246548,77507407,77535846,28439
ENSG00000227871,26092074,26098440,6366
ENSG00000086062,33104080,33167354,63274
ENSG00000171109,179065480,179112719,47239
ENSG00000168807,69221032,69342955,121923
ENSG00000213892,45202421,45213986,11565
ENSG00000251917,26092765,26092918,153
ENSG00000213888,31742875,31744670,1795
ENSG00000215595,1184098,1188918,4820
ENSG00000171595,72270386,72311023,40637
ENSG00000231423,26102716,26106365,3649
ENSG00000157601,42792231,42831141,38910
ENSG00000162378,53192126,53293014,100888
ENSG00000241469,107559075,107600847,41772
ENSG00000251012,118866222,118906654,40432
ENSG00000182117,34633917,34635378,1461
ENSG00000156574,72192071,72207707,15636
ENSG00000107404,1270656,1284730,14074
ENSG00000153233,71031853,71314623,282770
ENSG00000167524,26934982,26941218,6236
ENSG00000197604,72194585,72196314,1729
ENSG00000099769,1840414,1844972,4558
ENSG00000138769,76503215,76555900,52685
ENSG00000185721,31795509,31924726,129217
ENSG00000246731,72206119,72209481,3362
ENSG00000236649,32132559,32151099,18540
ENSG00000244588,1206700,1277065,70365
ENSG00000107719,72238577,72328205,89628
ENSG00000114638,118892364,118924000,31636
ENSG00000264272,72253035,72258159,5124
ENSG00000172296,12989627,13147411,157784
ENSG00000189159,73131343,73164376,33033
ENSG00000122145,79270255,79287268,17013
ENSG00000110148,6280966,6293357,12391
ENSG00000102174,22050559,22269427,218868
ENSG00000036565,20002366,20040717,38351
ENSG00000204392,31765173,31774761,9588
ENSG00000214982,51623417,51732824,109407
ENSG00000184507,34635516,34649938,14422
ENSG00000241131,147795946,147805816,9870
ENSG00000082497,210406144,210419976,13832
ENSG00000095319,131709978,131769375,59397
ENSG00000128191,20067755,20099400,31645
ENSG00000221457,147798620,147798709,89
ENSG00000241792,147810962,147845020,34058
ENSG00000263206,19111897,19114672,2775
ENSG00000229464,51654977,51655307,330
ENSG00000150722,182818968,182996125,177157
ENSG00000227351,101548321,101549167,846
ENSG00000244650,147878698,147944393,65695
ENSG00000149294,112831997,113149158,317161
ENSG00000178440,51732523,51741813,9290
ENSG00000205412,147884131,147885085,954
ENSG00000235397,19199909,19209574,9665
ENSG00000222108,51739425,51739540,115
ENSG00000265263,19237621,19239440,1819
ENSG00000243347,147913516,147997885,84369
ENSG00000235618,51780942,51827563,46621
ENSG00000227695,101686767,101718138,31371
ENSG00000221540,19247819,19247887,68
ENSG00000242440,147998678,148117743,119065
ENSG00000184465,169857307,170102159,244852
ENSG00000265126,19315099,19316431,1332
ENSG00000100603,78183942,78227550,43608
ENSG00000258488,20721492,20725870,4378
ENSG00000227078,19322348,19327670,5322
ENSG00000135424,56078352,56109827,31475
ENSG00000241993,148413781,148413991,210
ENSG00000141293,46210802,46507637,296835
ENSG00000265335,19323592,19323655,63
ENSG00000235314,44078770,44081905,3135
ENSG00000244089,148542569,148543174,605
ENSG00000226631,51784895,51787123,2228
ENSG00000258797,20750883,20754751,3868
ENSG00000235979,19342456,19364308,21852
ENSG00000239775,44104507,44105678,1171
ENSG00000240521,148568720,148677899,109179
ENSG00000233011,51910363,51912047,1684
ENSG00000089639,19740285,19754476,14191
ENSG00000225137,52024738,52026575,1837
ENSG00000257287,72825502,72825855,353
ENSG00000241627,148703655,148705455,1800
ENSG00000137842,43415477,43477344,61867
ENSG00000264652,44150448,44150511,63
ENSG00000257723,73004458,73005096,638
ENSG00000180644,72357104,72362531,5427
ENSG00000252848,44165351,44165472,121
ENSG00000189343,19349246,19350169,923
ENSG00000225303,52232574,52234006,1432
ENSG00000181984,20767700,20781019,13319
ENSG00000239718,148804119,148820610,16491
ENSG00000270108,104153913,104154464,551
ENSG00000122711,33218363,33248565,30202
ENSG00000146677,44507441,44507939,498
ENSG00000251950,52345310,52345463,153
ENSG00000201031,148812140,148812249,109
ENSG00000269910,104160853,104161387,534
ENSG00000238523,52350412,52350472,60
ENSG00000240511,148817286,148817602,316
ENSG00000118322,159990127,160279221,289094
ENSG00000269940,104160897,104161507,610
ENSG00000163702,9958758,9975314,16556
ENSG00000200456,44543372,44543478,106
ENSG00000269958,104162690,104163500,810
ENSG00000225443,44550624,44550931,307
ENSG00000236294,113091127,113091457,330
ENSG00000261999,112830002,112834182,4180
ENSG00000271586,44640631,44641086,455
ENSG00000269963,104179904,104180586,682
ENSG00000236843,30646089,30649462,3373
ENSG00000164190,36876861,37066515,189654
ENSG00000101298,1246960,1289972,43012
ENSG00000253096,104192065,104192162,97
ENSG00000263285,112848075,112848142,67
ENSG00000270591,104229140,104229614,474
ENSG00000165862,118380465,118404654,24189
ENSG00000262033,113140254,113144623,4369
ENSG00000202275,104263609,104263685,76
ENSG00000176454,34651106,34659479,8373
ENSG00000063854,1845621,1877195,31574
ENSG00000258735,104314058,104324386,10328
ENSG00000151176,113796371,113827203,30832
ENSG00000262659,113149159,113185159,36000
ENSG00000258534,104320703,104346448,25745
ENSG00000258914,104341392,104343815,2423
ENSG00000122378,82167585,82192753,25168
ENSG00000264439,104447135,104447220,85
ENSG00000102760,42031695,42045018,13323
ENSG00000242894,104479979,104480268,289
ENSG00000069399,45250962,45263301,12339
ENSG00000207568,104583742,104583851,109
ENSG00000266106,72303349,72305929,2580
ENSG00000252620,195249885,195250019,134
ENSG00000252785,72303826,72303947,121
ENSG00000203995,53308183,53360670,52487
ENSG00000200021,72413733,72413843,110
ENSG00000223711,195270871,195277400,6529
ENSG00000128694,190611386,190627953,16567
ENSG00000125434,8191081,8198661,7580
ENSG00000236770,72545538,72548876,3338
ENSG00000136279,44084239,44109055,24816
ENSG00000101230,13202418,13281298,78880
ENSG00000231027,72556855,72563482,6627
ENSG00000236844,195281428,195281901,473
ENSG00000138162,123748689,124014060,265371
ENSG00000171853,3383446,3488865,105419
ENSG00000115350,75185619,75197255,11636
ENSG00000197362,148766735,148787874,21139
ENSG00000261222,72595979,72603368,7389
ENSG00000236425,195288085,195288450,365
ENSG00000107262,33247818,33264761,16943
ENSG00000242443,20776218,20776496,278
ENSG00000224769,195341818,195347104,5286
ENSG00000221354,20777370,20777452,82
ENSG00000264659,72668851,72673739,4888
ENSG00000258916,20798818,20804500,5682
ENSG00000272792,195366861,195367331,470
ENSG00000138757,76567966,76649709,81743
ENSG00000271662,195377017,195378343,1326
ENSG00000258707,20832122,20832668,546
ENSG00000168961,25956824,25976586,19762
ENSG00000229178,195382436,195384798,2362
ENSG00000175809,22291065,22292574,1509
ENSG00000270685,20844768,20845194,426
ENSG00000151033,30900718,30918691,17973
ENSG00000092929,73823306,73840798,17492
ENSG00000124767,38643701,38670917,27216
ENSG00000231477,19360393,19361712,1319
ENSG00000054392,210501596,210849638,348042
ENSG00000184735,23018087,23020204,2117
ENSG00000258590,20862967,20893737,30770
ENSG00000262487,39077682,39132305,54623
ENSG00000263726,19374432,19396273,21841
ENSG00000262616,39160860,39161139,279
ENSG00000111581,69080514,69136785,56271
ENSG00000228331,19400256,19400841,585
ENSG00000262376,39228430,39228825,395
ENSG00000240216,148947143,149009587,62444
ENSG00000258748,104603487,104604235,748
ENSG00000266079,19460524,19461224,700
ENSG00000260409,20935076,20961512,26436
ENSG00000258913,104689921,104754406,64485
ENSG00000165186,23352133,23422489,70356
ENSG00000236736,46352082,46353413,1331
ENSG00000223552,46406446,46448550,42104
ENSG00000233864,14774265,14804162,29897
ENSG00000264306,46591996,46592047,51
ENSG00000258598,104842867,104845288,2421
ENSG00000256354,46667272,46667698,426
ENSG00000256206,14515329,14541890,26561
ENSG00000240423,107602095,107647754,45659
ENSG00000186314,144851362,145214932,363570
ENSG00000198231,61850963,61896677,45714
ENSG00000165606,50572237,50603497,31260
ENSG00000257979,116606850,116607063,213
ENSG00000271856,107844668,107857457,12789
ENSG00000258337,116612307,116619100,6793
ENSG00000215522,30838342,30857525,19183
ENSG00000089123,13246709,13619587,372878
ENSG00000263768,116693688,116693793,105
ENSG00000221724,108039239,108039325,86
ENSG00000258346,116806569,116827276,20707
ENSG00000115159,157291802,157470247,178445
ENSG00000243188,108044367,108045661,1294
ENSG00000145681,82933624,83017432,83808
ENSG00000175193,183547173,183602721,55548
ENSG00000170955,6340176,6341877,1701
ENSG00000154415,113516832,113715975,199143
ENSG00000238472,101779351,101779456,105
ENSG00000198796,56148479,56296189,147710
ENSG00000204021,90484301,90512543,28242
ENSG00000158186,138066539,138124375,57836
ENSG00000232230,101874174,101874980,806
ENSG00000178403,113434672,113437328,2656
ENSG00000260914,69333585,69354614,21029
ENSG00000164219,114546527,114598569,52042
ENSG00000270623,101902822,101903752,930
ENSG00000143363,150980896,151008189,27293
ENSG00000258235,73121703,73122624,921
ENSG00000197614,8789942,8815484,25542
ENSG00000123131,23682379,23704516,22137
ENSG00000244468,149002569,149051440,48871
ENSG00000124228,47835884,47860614,24730
ENSG00000216084,73184231,73184425,194
ENSG00000102763,42140973,42535256,394283
ENSG00000243822,149074956,149075332,376
ENSG00000242086,195384933,195460422,75489
ENSG00000069018,135548999,135732730,183731
ENSG00000213296,124120578,124121449,871
ENSG00000258294,73509737,73537638,27901
ENSG00000187754,52673140,52683950,10810
ENSG00000152270,14665269,14892350,227081
ENSG00000132612,69345259,69358949,13690
ENSG00000207214,124287773,124287876,103
ENSG00000184012,42836478,42903043,66565
ENSG00000164393,47624172,47665533,41361
ENSG00000262769,19463424,19501235,37811
ENSG00000225830,50663414,50747584,84170
ENSG00000224897,124569927,124819369,249442
ENSG00000240389,32143703,32147402,3699
ENSG00000228983,19483256,19499371,16115
ENSG00000136694,113763038,113765621,2583
ENSG00000128915,60711808,60771359,59551
ENSG00000142273,45281126,45303891,22765
ENSG00000121310,53361656,53392884,31228
ENSG00000185127,170102233,170106401,4168
ENSG00000143952,64119280,64246206,126926
ENSG00000160505,56347944,56393220,45276
ENSG00000228411,14913906,14915763,1857
ENSG00000167588,50497602,50505102,7500
ENSG00000263107,19485429,19485588,159
ENSG00000241476,52725946,52736239,10293
ENSG00000236308,101949793,101950504,711
ENSG00000264037,116866057,116866123,66
ENSG00000172531,67165654,67188654,23000
ENSG00000266179,19504173,19504658,485
ENSG00000112335,108532426,108582464,50038
ENSG00000227492,101989424,101993757,4333
ENSG00000258018,116955663,116956625,962
ENSG00000086065,33264940,33281977,17037
ENSG00000266036,72743458,72745051,1593
ENSG00000264624,72744752,72744838,86
ENSG00000184708,31832963,31892094,59131
ENSG00000212464,101996913,101997059,146
ENSG00000165863,118423207,118429775,6568
ENSG00000263586,72966799,72971823,5024
ENSG00000099899,20099389,20104915,5526
ENSG00000230224,102008028,102008852,824
ENSG00000207362,102018328,102018434,106
ENSG00000222761,104867280,104867385,105
ENSG00000231188,102095320,102106147,10827
ENSG00000213159,104917316,104917770,454
ENSG00000252545,73027192,73027281,89
ENSG00000168214,26165077,26436541,271464
ENSG00000239607,73037830,73038102,272
ENSG00000270993,73056586,73056715,129
ENSG00000183621,31109136,31320866,211730
ENSG00000256545,102121397,102123376,1979
ENSG00000232724,73070401,73075644,5243
ENSG00000235823,102133372,102143125,9753
ENSG00000271900,19505153,19505569,416
ENSG00000150712,32227100,32313115,86015
ENSG00000130024,170104001,170124151,20150
ENSG00000227225,19505572,19506521,949
ENSG00000212325,102158109,102158203,94
ENSG00000206713,73085957,73086069,112
ENSG00000273030,102172691,102173178,487
ENSG00000265800,73134511,73137445,2934
ENSG00000111802,24650205,24667261,17056
ENSG00000242752,19506587,19506658,71
ENSG00000171469,9715356,9732075,16719
ENSG00000222072,102666931,102667037,106
ENSG00000263786,73141356,73142641,1285
ENSG00000228725,19507110,19508361,1251
ENSG00000252042,73141765,73141857,92
ENSG00000163376,67048727,67061634,12907
ENSG00000128699,190635049,190649097,14048
ENSG00000265242,73161681,73163344,1663
ENSG00000239069,74311936,74312037,101
ENSG00000084734,27719709,27746554,26845
ENSG00000182379,57610578,57620232,9654
ENSG00000138658,113460492,113558151,97659
ENSG00000184616,74320406,74331163,10757
ENSG00000186104,14899553,14913798,14245
ENSG00000153294,47653600,47689757,36157
ENSG00000164176,83236373,83680611,444238
ENSG00000172175,56338618,56417371,78753
ENSG00000213380,69354043,69373570,19527
ENSG00000136504,47865917,47906458,40541
ENSG00000180185,1876968,1890208,13240
ENSG00000175868,14926543,15103888,177345
ENSG00000123130,23720370,23784592,64222
ENSG00000230046,32602699,32604667,1968
ENSG00000020633,25226002,25291612,65610
ENSG00000147416,20054878,20084330,29452
ENSG00000135537,108616098,108847999,231901
ENSG00000166311,6411655,6416228,4573
ENSG00000257488,48220637,48231681,11044
ENSG00000165178,74572445,74587848,15403
ENSG00000112715,43737921,43754224,16303
ENSG00000101746,31431064,31804916,373852
ENSG00000139146,31433518,31479992,46474
ENSG00000205537,48276432,48295308,18876
ENSG00000272572,102670860,102672496,1636
ENSG00000273476,102727445,102727892,447
ENSG00000258203,48399060,48405010,5950
ENSG00000135926,219138915,219157309,18394
ENSG00000173572,56403065,56443702,40637
ENSG00000143473,210856555,211307457,450902
ENSG00000164951,94870035,94938294,68259
ENSG00000007202,26941458,26972472,31014
ENSG00000120094,46605888,46608359,2471
ENSG00000110680,14988214,14993900,5686
ENSG00000188779,68112042,68126899,14857
ENSG00000164221,114602885,114632528,29643
ENSG00000071051,106361354,106510730,149376
ENSG00000090520,186285192,186315061,29869
ENSG00000236873,32147333,32157217,9884
ENSG00000115252,183004763,183387919,383156
ENSG00000241634,108262214,108262722,508
ENSG00000202379,108293412,108293545,133
ENSG00000053108,132532147,132948255,416108
ENSG00000241777,108444287,108444383,96
ENSG00000144035,73867959,73869520,1561
ENSG00000228596,44824649,44826939,2290
ENSG00000173917,46618256,46623441,5185
ENSG00000228465,26113711,26116841,3130
ENSG00000234183,44888015,44889167,1152
ENSG00000162039,1883984,1934295,50311
ENSG00000232585,26118927,26141228,22301
ENSG00000228299,31228737,31232108,3371
ENSG00000179709,56459198,56499995,40797
ENSG00000175463,67171386,67177560,6174
ENSG00000224841,33181041,33188786,7745
ENSG00000234081,26153058,26153384,326
ENSG00000257985,48405087,48419252,14165
ENSG00000231375,26196025,26197634,1609
ENSG00000165868,118430703,118502085,71382
ENSG00000189298,28317691,28336947,19256
ENSG00000138316,72432559,72522197,89638
ENSG00000184786,170140210,170151655,11445
ENSG00000240399,48448596,48449374,778
ENSG00000221633,108737757,108737963,206
ENSG00000237467,26223946,26225959,2013
ENSG00000183421,43159529,43187266,27737
ENSG00000239314,108820303,108829189,8886
ENSG00000186676,124673507,124675355,1848
ENSG00000222635,48475102,48475211,109
ENSG00000229250,26227851,26236493,8642
ENSG00000226138,48478833,48479204,371
ENSG00000148341,131769315,131790582,21267
ENSG00000135932,231577560,231685790,108230
ENSG00000241224,108855561,108868973,13412
ENSG00000258051,48554028,48554661,633
ENSG00000257885,48562630,48563442,812
ENSG00000267106,9731967,9756572,24605
ENSG00000144034,73956231,73964527,8296
ENSG00000232205,26250254,26252165,1911
ENSG00000261364,108895285,108896212,927
ENSG00000086102,33290509,33371155,80646
ENSG00000257848,48565373,48567136,1763
ENSG00000187257,77325760,77412339,86579
ENSG00000235981,26288505,26303990,15485
ENSG00000224254,19508767,19509246,479
ENSG00000187244,45312328,45324673,12345
ENSG00000231625,19519102,19537138,18036
ENSG00000179294,36827961,36831187,3226
ENSG00000171487,56511092,56573179,62087
ENSG00000079112,95139399,95229531,90132
ENSG00000113494,35048861,35230794,181933
ENSG00000258123,73552970,73602097,49127
ENSG00000223698,26314334,26320641,6307
ENSG00000105726,19756007,19774502,18495
ENSG00000089048,13694969,13765532,70563
ENSG00000188306,169539710,169555563,15853
ENSG00000158691,28346732,28367511,20779
ENSG00000172340,67410884,67705038,294154
ENSG00000242854,26325463,26329652,4189
ENSG00000258107,29859552,29905618,46066
ENSG00000250588,158680024,159615155,935131
ENSG00000213588,33422356,33425325,2969
ENSG00000230977,26328624,26329218,594
ENSG00000244231,26329581,26333378,3797
ENSG00000120093,46626232,46682274,56042
ENSG00000238478,20944008,20944114,106
ENSG00000207551,102734742,102734841,99
ENSG00000259383,20964640,20980123,15483
ENSG00000172342,26332656,26338017,5361
ENSG00000236662,102740264,102745371,5107
ENSG00000264932,19552686,19553248,562
ENSG00000198546,135121979,135166033,44054
ENSG00000259443,20978413,20980200,1787
ENSG00000273162,102819786,102820762,976
ENSG00000117614,25549170,25558993,9823
ENSG00000188487,15133970,15268754,134784
ENSG00000258420,20980793,20981327,534
ENSG00000171522,40679600,40693837,14237
ENSG00000259089,21018628,21020287,1659
ENSG00000226740,102896232,102899468,3236
ENSG00000171466,9759330,9785776,26446
ENSG00000259214,21031783,21031969,186
ENSG00000237579,102936080,102953904,17824
ENSG00000182199,57623110,57628718,5608
ENSG00000265322,21038124,21038198,74
ENSG00000172332,26355714,26361728,6014
ENSG00000238489,21060580,21060686,106
ENSG00000242389,24026223,24064214,37991
ENSG00000261048,21095535,21095935,400
ENSG00000270973,102940901,102941708,807
ENSG00000108292,36861795,36886056,24261
ENSG00000251967,46692000,46692080,80
ENSG00000224952,32159380,32164831,5451
ENSG00000142409,56598732,56632649,33917
ENSG00000114248,169556967,169587718,30751
ENSG00000261554,21098712,21099309,597
ENSG00000166197,103911933,103923627,11694
ENSG00000030110,33540329,33548019,7690
ENSG00000258799,21106770,21106938,168
ENSG00000227128,102989351,103029905,40554
ENSG00000108379,44839872,44910520,70648
ENSG00000270831,21122015,21140987,18972
ENSG00000130023,170151718,170181680,29962
ENSG00000263032,111895537,111935113,39576
ENSG00000117625,211431719,211489727,58008
ENSG00000239533,26356114,26360978,4864
ENSG00000154258,66970629,67057205,86576
ENSG00000145864,160715436,160976050,260614
ENSG00000125954,65381203,65528521,147318
ENSG00000162576,1288069,1297157,9088
ENSG00000187987,28399707,28411279,11572
ENSG00000145192,186330712,186339107,8395
ENSG00000266545,21145581,21145662,81
ENSG00000242425,26357107,26357382,275
ENSG00000162040,1961464,1968441,6977
ENSG00000185219,44481262,44519162,37900
ENSG00000225491,26378973,26385131,6158
ENSG00000258710,21145767,21198632,52865
ENSG00000128573,113726382,114333827,607445
ENSG00000238013,46839613,46839880,267
ENSG00000206384,130279178,130396999,117821
ENSG00000125775,1290619,1309883,19264
ENSG00000224827,26422392,26423173,781
ENSG00000226074,46850849,46854048,3199
ENSG00000124818,47749718,47800516,50798
ENSG00000197061,26104104,26104518,414
ENSG00000167685,56643968,56672262,28294
ENSG00000236409,47053032,47054636,1604
ENSG00000133256,619373,664571,45198
ENSG00000263843,73267450,73269976,2526
ENSG00000258855,21166004,21166910,906
ENSG00000258473,77514515,77552789,38274
ENSG00000257073,73314159,73315410,1251
ENSG00000251938,47130098,47130169,71
ENSG00000227398,47205987,47288091,82104
ENSG00000258819,77535523,77542687,7164
ENSG00000258494,21174611,21175544,933
ENSG00000233740,26424484,26427287,2803
ENSG00000198736,1988211,1993327,5116
ENSG00000228007,73334908,73335228,320
ENSG00000259698,21224717,21226180,1463
ENSG00000259025,21258333,21260031,1698
ENSG00000265987,73340486,73369743,29257
ENSG00000231145,190642909,190643157,248
ENSG00000248792,26424828,26437493,12665
ENSG00000214381,108897012,108904104,7092
ENSG00000113638,40714577,40756077,41500
ENSG00000264853,73367028,73369817,2789
ENSG00000258552,77639418,77639995,577
ENSG00000265342,73390204,73391044,840
ENSG00000201384,77667369,77667483,114
ENSG00000071859,153672473,153679002,6529
ENSG00000258771,21286141,21286776,635
ENSG00000221754,77732561,77732633,72
ENSG00000234399,26542751,26549673,6922
ENSG00000264511,73402150,73402243,93
ENSG00000243059,21308174,21308467,293
ENSG00000266628,77817615,77817902,287
ENSG00000135211,77423045,77427897,4852
ENSG00000223217,73405167,73405269,102
ENSG00000175265,34671269,34880704,209435
ENSG00000260986,21333027,21335424,2397
ENSG00000177340,31477250,31478879,1629
ENSG00000258510,77825766,77826259,493
ENSG00000202332,73428071,73428168,97
ENSG00000158955,44910567,44964096,53529
ENSG00000258684,21365634,21372686,7052
ENSG00000116171,53392901,53517375,124474
ENSG00000265636,73492726,73492837,111
ENSG00000223767,32157475,32159914,2439
ENSG00000264829,73675554,73676047,493
ENSG00000212371,77932627,77932779,152
ENSG00000252349,19565313,19565403,90
ENSG00000185684,132568828,132613029,44201
ENSG00000240233,78013911,78014212,301
ENSG00000262681,19622372,19625741,3369
ENSG00000264270,73679623,73680879,1256
ENSG00000258668,78119170,78119398,228
ENSG00000264785,19640995,19641855,860
ENSG00000258883,21893090,21903057,9967
ENSG00000087338,70056774,70108528,51754
ENSG00000237161,21936560,21938111,1551
ENSG00000258790,35591755,35786680,194925
ENSG00000174016,79591003,79700810,109807
ENSG00000232561,74602783,74653438,50655
ENSG00000163141,151009046,151020076,11030
ENSG00000188316,118609023,118671299,62276
ENSG00000204490,31530756,31533525,2769
ENSG00000247765,21941147,21968151,27004
ENSG00000207289,21950659,21950765,106
ENSG00000148677,92671853,92681033,9180
ENSG00000258415,21987458,21987995,537
ENSG00000258712,22015703,22016791,1088
ENSG00000130066,23801290,23804343,3053
ENSG00000258767,22025293,22025752,459
ENSG00000154917,133543083,133614680,71597
ENSG00000258848,22026731,22026974,243
ENSG00000265793,22049274,22049348,74
ENSG00000033800,68346517,68483096,136579
ENSG00000264326,44921347,44921399,52
ENSG00000200790,22071734,22071840,106
ENSG00000272768,44924552,44925992,1440
ENSG00000258585,22117083,22118114,1031
ENSG00000230160,44959268,44959928,660
ENSG00000198704,28471073,28495992,24919
ENSG00000223981,74619641,74620426,785
ENSG00000260997,44998598,45000508,1910
ENSG00000102780,42614176,42830714,216538
ENSG00000239128,47292013,47292116,103
ENSG00000231091,74653079,74653184,105
ENSG00000140986,1993975,2007607,13632
ENSG00000203630,1316228,1317555,1327
ENSG00000260236,47420579,47422489,1910
ENSG00000258997,22133181,22152165,18984
ENSG00000230607,19658557,19659520,963
ENSG00000238350,47507839,47507938,99
ENSG00000252279,41522875,41522981,106
ENSG00000205509,74696066,74704116,8050
ENSG00000271161,47541331,47541897,566
ENSG00000231096,19743439,19743828,389
ENSG00000172661,46222648,46288409,65761
ENSG00000252729,41550953,41551058,105
ENSG00000203780,127585108,127698161,113053
ENSG00000224899,124791380,124793665,2285
ENSG00000237888,41553566,41554033,467
ENSG00000170456,31535157,31744031,208874
ENSG00000272110,47542573,47542672,99
ENSG00000270091,19799903,19800600,697
ENSG00000266443,47581504,47581590,86
ENSG00000100902,35747839,35786699,38860
ENSG00000240541,149095565,149104370,8805
ENSG00000244732,47601721,47602014,293
ENSG00000205898,124800028,124800601,573
ENSG00000257682,73597595,73600615,3020
ENSG00000266126,19832685,19833050,365
ENSG00000214773,47643205,47646167,2962
ENSG00000243164,74042446,74042819,373
ENSG00000137392,35762759,35765088,2329
ENSG00000261033,19911364,19912547,1183
ENSG00000235695,47705116,47705424,308
ENSG00000249008,178163693,178169927,6234
ENSG00000252415,74072968,74073076,108
ENSG00000189011,74702428,74714647,12219
ENSG00000257750,74154469,74192507,38038
ENSG00000225681,19959600,19959943,343
ENSG00000001084,53362139,53481768,119629
ENSG00000232956,45022622,45026560,3938
ENSG00000237764,124812272,125019375,207103
ENSG00000201809,74158059,74158193,134
ENSG00000148343,131798900,131834361,35461
ENSG00000225014,20015137,20016303,1166
ENSG00000272231,74293650,74293732,82
ENSG00000259037,105055358,105056184,826
ENSG00000234059,15042075,15060090,18015
ENSG00000257587,74300720,74313117,12397
ENSG00000212186,20029701,20029801,100
ENSG00000264155,74411555,74411636,81
ENSG00000263494,20088395,20226286,137891
ENSG00000166946,43477316,43487396,10080
ENSG00000258332,74432866,74439608,6742
ENSG00000264902,22156766,22156847,81
ENSG00000219445,124869633,124904345,34712
ENSG00000267747,41622153,41687706,65553
ENSG00000088832,1349622,1373806,24184
ENSG00000109674,178230990,178284097,53107
ENSG00000258786,22185845,22186733,888
ENSG00000149476,61100682,61120767,20085
ENSG00000267440,41757641,41783252,25611
ENSG00000135094,113830250,113864106,33856
ENSG00000251138,74526946,74796315,269369
ENSG00000213291,124940558,124940932,374
ENSG00000267253,41795682,41797804,2122
ENSG00000204947,148799876,148823438,23562
ENSG00000261841,22195622,22199970,4348
ENSG00000196668,116971227,116974323,3096
ENSG00000215964,41825568,41825631,63
ENSG00000261406,22268269,22269196,927
ENSG00000267604,41860172,41862050,1878
ENSG00000187033,169629360,169656963,27603
ENSG00000118689,108881038,109005977,124939
ENSG00000234071,124985023,124985431,408
ENSG00000139323,89813495,89919801,106306
ENSG00000239272,78149545,78150332,787
ENSG00000131462,40761694,40767252,5558
ENSG00000197753,35773070,35801651,28581
ENSG00000258917,78162934,78163720,786
ENSG00000172508,67182439,67193078,10639
ENSG00000132356,40759481,40798476,38995
ENSG00000227847,124985879,124986251,372
ENSG00000199440,78287373,78287485,112
ENSG00000141956,43218385,43299591,81206
ENSG00000258421,78526285,78526621,336
ENSG00000259176,22278010,22413497,135487
ENSG00000108433,45000483,45105003,104520
ENSG00000136696,113779668,113810444,30776
ENSG00000102879,30194148,30200397,6249
ENSG00000199454,78644146,78644264,118
ENSG00000239438,78697624,78697962,338
ENSG00000187475,26107640,26108364,724
ENSG00000204390,31777396,31783437,6041
ENSG00000165288,79926353,80065187,138834
ENSG00000115353,75273590,75426826,153236
ENSG00000233438,27760253,27790011,29758
ENSG00000267166,41991801,42000369,8568
ENSG00000225589,30657847,30675928,18081
ENSG00000138768,76649777,76735382,85605
ENSG00000258736,105119885,105122124,2239
ENSG00000267420,42004931,42009990,5059
ENSG00000180596,26115101,26124154,9053
ENSG00000260792,105127457,105131895,4438
ENSG00000265291,105144031,105144086,55
ENSG00000212518,29945990,29946118,128
ENSG00000227869,125071401,125106455,35054
ENSG00000112706,76630832,76782395,151563
ENSG00000257120,30122015,30127122,5107
ENSG00000166220,72530995,72545157,14162
ENSG00000196659,178413726,178417742,4016
ENSG00000264797,30174505,30174608,103
ENSG00000252889,108943976,108944074,98
ENSG00000006576,77428122,77586818,158696
ENSG00000252686,30281122,30281224,102
ENSG00000140990,2009509,2011976,2467
ENSG00000239288,108960354,108961972,1618
ENSG00000257904,30409951,30449418,39467
ENSG00000221044,42102389,42102591,202
ENSG00000241257,109082894,109083081,187
ENSG00000267638,42193280,42197963,4683
ENSG00000099901,20103461,20114878,11417
ENSG00000243885,149101966,149103587,1621
ENSG00000244561,109115463,109116717,1254
ENSG00000227439,26631479,26632610,1131
ENSG00000214844,19041448,19041895,447
ENSG00000262814,79670387,79674556,4169
ENSG00000230618,109128525,109128931,406
ENSG00000224210,26640856,26641730,874
ENSG00000202021,74712847,74712948,101
ENSG00000105479,48799714,48825151,25437
ENSG00000240246,149150831,149151061,230
ENSG00000248975,30421603,30766249,344646
ENSG00000196169,72322349,72351959,29610
ENSG00000228980,109128837,109214014,85177
ENSG00000197557,178477720,178483694,5974
ENSG00000232003,26646410,26647652,1242
ENSG00000230195,74765876,74789332,23456
ENSG00000165125,142568956,142583507,14551
ENSG00000221843,27799389,27805588,6199
ENSG00000241929,149179969,149182617,2648
ENSG00000038002,178351924,178363657,11733
ENSG00000224035,15195704,15207719,12015
ENSG00000239408,149182626,149182988,362
ENSG00000198719,170591294,170599561,8267
ENSG00000244503,149212447,149213782,1335
ENSG00000187164,118643742,118886097,242355
ENSG00000212446,42213251,42213357,106
ENSG00000082512,211499957,211548288,48331
ENSG00000244196,109190176,109190659,483
ENSG00000252581,149243418,149243513,95
ENSG00000197665,19059040,19062424,3384
ENSG00000258102,116985911,116992186,6275
ENSG00000224804,74855312,74864233,8921
ENSG00000252541,109216492,109216576,84
ENSG00000241985,149366784,149367971,1187
ENSG00000064933,190649107,190742355,93248
ENSG00000178917,44540462,44552128,11666
ENSG00000267080,42253341,42264085,10744
ENSG00000265956,109321675,109321744,69
ENSG00000180573,26124373,26139344,14971
ENSG00000258249,117037075,117041390,4315
ENSG00000249595,74856621,74857439,818
ENSG00000241313,149374807,149379151,4344
ENSG00000254977,74862851,74863847,996
ENSG00000240201,30524416,30525160,744
ENSG00000230036,52365750,52365953,203
ENSG00000204020,90521163,90537999,16836
ENSG00000135916,231729354,231743963,14609
ENSG00000205508,74910311,74918380,8069
ENSG00000231268,32160089,32163445,3356
ENSG00000226200,52384711,52401211,16500
ENSG00000251854,149496796,149496895,99
ENSG00000252172,149635129,149635236,107
ENSG00000239351,149656784,149657586,802
ENSG00000115137,25166505,25194963,28458
ENSG00000235412,26716349,26753172,36823
ENSG00000166313,6416355,6440644,24289
ENSG00000240566,26796955,26797681,726
ENSG00000204389,31783291,31785723,2432
ENSG00000258234,48624881,48677993,53112
ENSG00000258273,48727538,48727684,146
ENSG00000263565,73780602,73780688,86
ENSG00000157950,52780318,52790617,10299
ENSG00000231588,52389292,52390835,1543
ENSG00000257735,48744728,48836194,91466
ENSG00000266980,73814896,73816136,1240
ENSG00000231345,52415727,52420232,4505
ENSG00000184831,23851470,23926057,74587
ENSG00000101247,13765596,13799067,33471
ENSG00000235462,15265842,15274125,8283
ENSG00000175756,1309110,1310875,1765
ENSG00000232706,52436503,52446086,9583
ENSG00000139410,113860042,113876081,16039
ENSG00000115363,75696428,75796848,100420
ENSG00000266457,47810601,47810701,100
ENSG00000183662,68053359,68594776,541417
ENSG00000257883,117099387,117135870,36483
ENSG00000221585,47891045,47891119,74
ENSG00000119147,106679702,106694615,14913
ENSG00000257654,117136141,117140935,4794
ENSG00000223915,15342765,15343320,555
ENSG00000239374,117193200,117193679,479
ENSG00000185163,132621139,132628880,7741
ENSG00000089009,112842994,112856642,13648
ENSG00000196345,44596685,44624975,28290
ENSG00000204487,31535744,31537711,1967
ENSG00000215414,15398518,15399258,740
ENSG00000231171,178649911,178911904,261993
ENSG00000226168,52455352,52455741,389
ENSG00000163703,9975506,9987097,11591
ENSG00000144048,73989311,74007284,17973
ENSG00000201382,117219910,117220013,103
ENSG00000258429,69362524,69364498,1974
ENSG00000240100,117346117,117346432,315
ENSG00000230011,52465140,52468666,3526
ENSG00000262660,79670401,79687569,17168
ENSG00000164949,95261481,95274578,13097
ENSG00000252694,15779840,15779936,96
ENSG00000163377,68780917,68981761,200844
ENSG00000088205,118572226,118589955,17729
ENSG00000241859,15863536,16027704,164168
ENSG00000243943,27805897,27858041,52144
ENSG00000084693,27265232,27293490,28258
ENSG00000257763,48749575,48750397,822
ENSG00000204928,145239296,145252531,13235
ENSG00000258024,48779200,48780048,848
ENSG00000272617,69362547,69368774,6227
ENSG00000198570,211649864,211666259,16395
ENSG00000257792,48788293,48789175,882
ENSG00000234508,32165411,32170168,4757
ENSG00000260371,69368994,69390209,21215
ENSG00000224586,28493702,28502729,9027
ENSG00000273434,48810933,48811120,187
ENSG00000226413,48835813,48836730,917
ENSG00000259900,69369179,69385633,16454
ENSG00000258121,48877070,48894744,17674
ENSG00000152377,136310987,136934068,623081
ENSG00000240443,48881729,48882191,462
ENSG00000198678,48953665,48956739,3074
ENSG00000226124,200625267,200715896,90629
ENSG00000224709,49021671,49022565,894
ENSG00000165269,33384765,33402643,17878
ENSG00000170385,211744910,211752084,7174
ENSG00000197734,78227173,78236085,8912
ENSG00000076108,56989380,57030600,41220
ENSG00000242791,149694542,149697142,2600
ENSG00000204533,56662314,56663250,936
ENSG00000061337,20103676,20161474,57798
ENSG00000156463,145316142,145461354,145212
ENSG00000199591,47973298,47973404,106
ENSG00000243251,50723151,50747086,23935
ENSG00000224895,48001817,48002571,754
ENSG00000224831,149699965,149701095,1130
ENSG00000072134,19118928,19240028,121100
ENSG00000112584,170599791,170716153,116362
ENSG00000218336,183065140,183724177,659037
ENSG00000197487,56687389,56697144,9755
ENSG00000270285,48080757,48080980,223
ENSG00000182000,149702182,149702584,402
ENSG00000265078,48136293,48136595,302
ENSG00000132603,69373333,69377014,3681
ENSG00000183048,79670404,79688042,17638
ENSG00000143443,151020216,151024462,4246
ENSG00000236768,48162159,48162705,546
ENSG00000241947,149717432,149718477,1045
ENSG00000178074,200775979,200820658,44679
ENSG00000096063,35800743,35889119,88376
ENSG00000235627,48202666,48202907,241
ENSG00000142227,48824766,48833810,9044
ENSG00000167130,131843379,131852717,9338
ENSG00000243944,149757001,149931513,174512
ENSG00000253056,48221818,48221879,61
ENSG00000124201,47854483,47894963,40480
ENSG00000140988,2012053,2014861,2808
ENSG00000231884,48223037,48223216,179
ENSG00000206838,45143948,45144081,133
ENSG00000265483,48238054,48238106,52
ENSG00000226364,50939481,50976948,37467
ENSG00000197275,95384188,95487337,103149
ENSG00000162961,32092878,32264881,172003
ENSG00000201772,45144505,45144641,136
ENSG00000229759,48297840,48298428,588
ENSG00000198089,31884674,32014572,129898
ENSG00000165182,23925918,23957624,31706
ENSG00000200656,45145567,45145698,131
ENSG00000199476,48330077,48330184,107
ENSG00000224689,9800600,9811452,10852
ENSG00000088833,1422807,1454487,31680
ENSG00000228638,48332283,48332865,582
ENSG00000117650,211836114,211848960,12846
ENSG00000234359,45431225,45431804,579
ENSG00000227011,51062880,51065012,2132
ENSG00000252466,48357850,48357949,99
ENSG00000213667,52486707,52487729,1022
ENSG00000175634,67195931,67202872,6941
ENSG00000265053,48421324,48421620,296
ENSG00000225537,45500311,45581781,81470
ENSG00000229649,103012578,103023307,10729
ENSG00000229711,52582452,52584285,1833
ENSG00000244380,48481762,48488060,6298
ENSG00000226999,45574122,45574280,158
ENSG00000252844,103027694,103027765,71
ENSG00000222238,103067286,103067475,189
ENSG00000236944,52722753,52723118,365
ENSG00000264209,48529745,48529838,93
ENSG00000174348,53527854,53551174,23320
ENSG00000225208,103070775,103071262,487
ENSG00000211535,48616335,48616410,75
ENSG00000261368,52724030,52724980,950
ENSG00000263898,48681627,48681713,86
ENSG00000230967,103082242,103083151,909
ENSG00000223502,52822339,52828313,5974
ENSG00000166224,72575717,72640930,65213
ENSG00000222414,103124602,103124792,190
ENSG00000155438,122484521,122494499,9978
ENSG00000239091,103131609,103131709,100
ENSG00000165795,21484922,21539031,54109
ENSG00000258838,50723247,50747584,24337
ENSG00000258723,78745915,78749719,3804
ENSG00000263436,103361174,103361254,80
ENSG00000234876,32169488,32198715,29227
ENSG00000197213,56700939,56709289,8350
ENSG00000239163,78864221,78864302,81
ENSG00000221178,79084209,79084318,109
ENSG00000136695,113816215,113822959,6744
ENSG00000168546,21547915,21669869,121954
ENSG00000141200,51900239,51902573,2334
ENSG00000118690,109169619,109295186,125567
ENSG00000135312,78171948,78173490,1542
ENSG00000174010,24001837,24045303,43466
ENSG00000196605,9862669,9903856,41187
ENSG00000100906,35870717,35873955,3238
ENSG00000214765,45763379,45808617,45238
ENSG00000115652,106709759,106810795,101036
ENSG00000162971,200794698,200820459,25761
ENSG00000269964,78400375,78636691,236316
ENSG00000204532,56713670,56720821,7151
ENSG00000231044,31907416,31914421,7005
ENSG00000157315,69377151,69385712,8561
ENSG00000173261,145463949,145483932,19983
ENSG00000111666,102090725,102137918,47193
ENSG00000257279,117415247,117425142,9895
ENSG00000023516,42846289,42897396,51107
ENSG00000174720,113558120,113578748,20628
ENSG00000197622,151023447,151042801,19354
ENSG00000258285,117537286,117579896,42610
ENSG00000146021,136953189,137071779,118590
ENSG00000130741,24072833,24096088,23255
ENSG00000232040,28539407,28583989,44582
ENSG00000021574,32288680,32382706,94026
ENSG00000173239,90562487,90580303,17816
ENSG00000008018,170844205,170862429,18224
ENSG00000258320,74564225,74565610,1385
ENSG00000257183,74642417,74677449,35032
ENSG00000165272,33441152,33447609,6457
ENSG00000257113,74668732,74669011,279
ENSG00000257364,74686104,74686876,772
ENSG00000168298,26156559,26157343,784
ENSG00000226182,31541313,31544094,2781
ENSG00000146243,79577189,79656157,78968
ENSG00000131848,56732681,56879752,147071
ENSG00000232976,26805484,26806553,1069
ENSG00000108961,8191815,8193410,1595
ENSG00000158373,26158349,26171577,13228
ENSG00000242029,109366954,109529708,162754
ENSG00000169627,30204255,30205627,1372
ENSG00000129007,68483043,68498417,15374
ENSG00000092841,56551945,56557280,5335
ENSG00000149292,113185251,113254266,69015
ENSG00000108592,61896793,61907372,10579
ENSG00000271249,109420303,109421065,762
ENSG00000123684,211916799,212004114,87315
ENSG00000129187,183811213,183839089,27876
ENSG00000214380,109634823,109635787,964
ENSG00000257465,117683356,117683969,613
ENSG00000226270,26829804,26831082,1278
ENSG00000255686,117890817,117894791,3974
ENSG00000162383,53552855,53608289,55434
ENSG00000256071,118327259,118328813,1554
ENSG00000227837,26837938,26839079,1141
ENSG00000132604,69389464,69442474,53010
ENSG00000221280,118604604,118604676,72
ENSG00000110693,15987995,16761138,773143
ENSG00000240342,118683877,118684807,930
ENSG00000223978,27131348,27132623,1275
ENSG00000258721,22297499,22298480,981
ENSG00000197697,26183958,26184454,496
ENSG00000235451,16192955,16198480,5525
ENSG00000270482,118813155,118814080,925
ENSG00000266220,16364065,16364171,106
ENSG00000259324,22318882,22319785,903
ENSG00000255714,119083120,119086529,3409
ENSG00000163704,9987226,9994078,6852
ENSG00000204388,31795512,31798031,2519
ENSG00000204363,52825184,52827141,1957
ENSG00000223517,16388092,16389369,1277
ENSG00000252971,20193570,20193671,101
ENSG00000008952,169684423,169716161,31738
ENSG00000273303,44607051,44635665,28614
ENSG00000197462,125557925,125573886,15961
ENSG00000258652,22332815,22333350,535
ENSG00000241590,119175769,119176316,547
ENSG00000108219,82213922,82292879,78957
ENSG00000221418,125680283,125680354,71
ENSG00000241921,126019024,126064239,45215
ENSG00000120659,43136872,43182149,45277
ENSG00000156194,76781020,76823724,42704
ENSG00000261277,22344660,22345900,1240
ENSG00000127452,9920943,9938492,17549
ENSG00000157617,43305221,43373999,68778
ENSG00000095321,131857089,131873468,16379
ENSG00000154898,20224477,20306870,82393
ENSG00000144792,44619715,44641186,21471
ENSG00000227249,126151189,126152933,1744
ENSG00000141480,4613784,4624794,11010
ENSG00000180628,92979908,93044088,64180
ENSG00000238960,22348678,22348778,100
ENSG00000259435,22413569,22414386,817
ENSG00000214216,158680717,158984096,303379
ENSG00000171405,52841228,52847325,6097
ENSG00000260739,22433890,22436177,2287
ENSG00000223877,22440227,22440848,621
ENSG00000224981,126508821,126510586,1765
ENSG00000173145,96075004,96122716,47712
ENSG00000271288,22466058,22466493,435
ENSG00000270356,22482836,22483268,432
ENSG00000145863,160974069,161129599,155530
ENSG00000260007,68486139,68522056,35917
ENSG00000271507,22490343,22490685,342
ENSG00000166532,8834196,8935691,101495
ENSG00000221641,22513229,22513280,51
ENSG00000141198,52976748,53039310,62562
ENSG00000259098,22546089,22546799,710
ENSG00000089157,120634489,120639038,4549
ENSG00000114127,142025449,142166904,141455
ENSG00000258732,22566922,22570823,3901
ENSG00000259501,22646603,22647417,814
ENSG00000213190,151030234,151040970,10736
ENSG00000263930,22675148,22675241,93
ENSG00000157184,53662101,53679869,17768
ENSG00000177706,192969,300711,107742
ENSG00000204387,31802385,31807541,5156
ENSG00000259689,22691016,22693200,2184
ENSG00000169020,666225,668127,1902
ENSG00000112592,170863390,170881958,18568
ENSG00000124721,38683117,38998301,315184
ENSG00000186448,44626380,44689963,63583
ENSG00000185182,22704721,22715604,10883
ENSG00000128973,68499330,68549549,50219
ENSG00000257636,30907198,31042835,135637
ENSG00000114450,179116990,179169378,52388
ENSG00000162144,61116217,61129771,13554
ENSG00000127184,85913721,85916779,3058
ENSG00000258350,31010982,31011394,412
ENSG00000188112,42068856,42110357,41501
ENSG00000155754,202352148,202483901,131753
ENSG00000231132,53004654,53005566,912
ENSG00000146858,138710452,138720775,10323
ENSG00000186075,38024417,38034149,9732
ENSG00000266591,53025085,53025212,127
ENSG00000207813,53059333,53059415,82
ENSG00000132207,30205208,30208882,3674
ENSG00000235279,53062326,53066469,4143
ENSG00000179813,43355686,43365683,9997
ENSG00000213659,53079586,53080420,834
ENSG00000256050,105147483,105151269,3786
ENSG00000258648,31152251,31152804,553
ENSG00000216022,53399503,53399592,89
ENSG00000258858,105156428,105157621,1193
ENSG00000258558,31204132,31291908,87776
ENSG00000228350,48701209,48706607,5398
ENSG00000258430,105235686,105236608,922
ENSG00000236671,53990502,54073888,83386
ENSG00000181896,19779605,19794318,14713
ENSG00000271973,48709888,48710166,278
ENSG00000258701,105287538,105290055,2517
ENSG00000162384,53679771,53686289,6518
ENSG00000099904,20116979,20135530,18551
ENSG00000121578,118930579,118959950,29371
ENSG00000224424,48885005,48889414,4409
ENSG00000143493,212113741,212208884,95143
ENSG00000005889,24167290,24234372,67082
ENSG00000176153,65405870,65409531,3661
ENSG00000204188,33551515,33556803,5288
ENSG00000177303,73496342,73511664,15322
ENSG00000265817,95390605,95449180,58575
ENSG00000125037,10004221,10052800,48579
ENSG00000171402,52891557,52897099,5542
ENSG00000130202,45349432,45392485,43053
ENSG00000235236,49017351,49021418,4067
ENSG00000168348,36003248,36006260,3012
ENSG00000223343,49022482,49027421,4939
ENSG00000048545,42123144,42147794,24650
ENSG00000158445,47980414,48099184,118770
ENSG00000223852,29640126,29648836,8710
ENSG00000273211,49022918,49023396,478
ENSG00000188073,74916804,74928928,12124
ENSG00000133706,145492601,145562223,69622
ENSG00000130827,153686621,153701989,15368
ENSG00000268637,31441226,31443933,2707
ENSG00000199032,49057581,49057667,86
ENSG00000084710,25264999,25378243,113244
ENSG00000240477,149768516,149769243,727
ENSG00000262633,45000499,45124520,124021
ENSG00000165271,33461439,33473928,12489
ENSG00000243321,149795281,149797904,2623
ENSG00000257386,74931925,74932413,488
ENSG00000221000,22705928,22706010,82
ENSG00000241034,22706884,22707162,278
ENSG00000139998,65412532,65439494,26962
ENSG00000133106,43460524,43566407,105883
ENSG00000257323,75050341,75050640,299
ENSG00000207605,49058051,49058142,91
ENSG00000241143,149868325,149868731,406
ENSG00000197024,148823508,148880116,56608
ENSG00000259596,22747313,22782336,35023
ENSG00000080546,109307640,109416022,108382
ENSG00000105939,138728266,138794465,66199
ENSG00000272434,49066749,49067139,390
ENSG00000184886,34890847,34895159,4312
ENSG00000241048,149919961,149942977,23016
ENSG00000241461,49120666,49120963,297
ENSG00000143458,151043054,151098018,54964
ENSG00000179673,45055523,45056614,1091
ENSG00000221491,49048165,49048301,136
ENSG00000244541,149956306,149957996,1690
ENSG00000224378,31447882,31461098,13216
ENSG00000258719,79161664,79164465,2801
ENSG00000179304,52920336,52937587,17251
ENSG00000206612,49050431,49050565,134
ENSG00000270441,49177519,49198284,20765
ENSG00000207313,49061240,49061376,136
ENSG00000169018,68570141,68588203,18062
ENSG00000258874,79169958,79176277,6319
ENSG00000166228,72642037,72648541,6504
ENSG00000257653,49159977,49161106,1129
ENSG00000103018,69458428,69500169,41741
ENSG00000258478,79210741,79220221,9480
ENSG00000221978,1321091,1334708,13617
ENSG00000243550,149983199,150005160,21961
ENSG00000258829,79538475,79541110,2635
ENSG00000213657,54148872,54149248,376
ENSG00000179580,2016824,2018976,2152
ENSG00000124212,48120411,48184683,64272
ENSG00000199641,74927121,74927222,101
ENSG00000148516,31607424,31818742,211318
ENSG00000258419,79666325,79667975,1650
ENSG00000173276,43406940,43430496,23556
ENSG00000257594,89913185,89920039,6854
ENSG00000258662,79713011,79715366,2355
ENSG00000205506,74936533,74944219,7686
ENSG00000227972,54170895,54173252,2357
ENSG00000145569,14581884,14615116,33232
ENSG00000089116,113899839,113910085,10246
ENSG00000231131,54210634,54230293,19659
ENSG00000221972,133646992,133648656,1664
ENSG00000228651,54316462,54515169,198707
ENSG00000198258,9938568,9940791,2223
ENSG00000162385,53692564,53704282,11718
ENSG00000069667,60780483,61521518,741035
ENSG00000230820,126621021,126621832,811
ENSG00000201196,54612367,54612463,96
ENSG00000227121,54733248,54735575,2327
ENSG00000269094,36884086,36884451,365
ENSG00000145780,114856608,114880591,23983
ENSG00000184967,132628993,132637013,8020
ENSG00000222051,103382616,103382722,106
ENSG00000224817,103464409,103468158,3749
ENSG00000249852,227554,229557,2003
ENSG00000230055,36886488,36891297,4809
ENSG00000226009,103578835,103588536,9701
ENSG00000151718,184020446,184241930,221484
ENSG00000222430,103712362,103712461,99
ENSG00000269396,302918,304070,1152
ENSG00000174640,133651540,133771028,119488
ENSG00000224302,103845233,103845487,254
ENSG00000249437,70264310,70320941,56631
ENSG00000229629,103849725,103849819,94
ENSG00000271711,150329049,150329664,615
ENSG00000239365,105297175,105297508,333
ENSG00000161558,48835613,48867494,31881
ENSG00000240137,150421351,150437933,16582
ENSG00000005955,34900737,34946278,45541
ENSG00000071994,170884383,170893780,9397
ENSG00000113583,133291201,133304478,13277
ENSG00000196183,105302331,105303221,890
ENSG00000234409,20135950,20138399,2449
ENSG00000225987,32163854,32169304,5450
ENSG00000267908,56751773,56758863,7090
ENSG00000264201,49165758,49165820,62
ENSG00000244668,150437784,150438623,839
ENSG00000258811,105309000,105312253,3253
ENSG00000067992,24483338,24557954,74616
ENSG00000257660,49182930,49184318,1388
ENSG00000147443,21766384,21771371,4987
ENSG00000244265,150479724,150480325,601
ENSG00000101251,13829893,13977089,147196
ENSG00000183751,2022038,2032934,10896
ENSG00000088543,50595462,50608458,12996
ENSG00000197461,536895,559933,23038
ENSG00000239265,150570271,150798513,228242
ENSG00000130643,135138927,135150475,11548
ENSG00000207692,126698142,126698238,96
ENSG00000169679,111395275,111435691,40416
ENSG00000105708,19821280,19843906,22626
ENSG00000267710,56784138,56821819,37681
ENSG00000236340,126855181,126869975,14794
ENSG00000272162,10748027,10930656,182629
ENSG00000243273,150608423,150756605,148182
ENSG00000236105,126935674,126936257,583
ENSG00000224138,126990182,126991577,1395
ENSG00000004897,45195069,45266788,71719
ENSG00000178449,50505762,50514240,8478
ENSG00000226770,127116937,127125858,8921
ENSG00000124743,53512699,53530506,17807
ENSG00000130204,45393826,45406946,13120
ENSG00000253068,103862019,103862089,70
ENSG00000251989,104020987,104021063,76
ENSG00000230819,27164646,27165450,804
ENSG00000074657,56529832,56653712,123880
ENSG00000202569,104196269,104196341,72
ENSG00000271547,49194359,49194869,510
ENSG00000040608,20228938,20270769,41831
ENSG00000207467,49203694,49203799,105
ENSG00000199394,49285913,49286011,98
ENSG00000235220,29688037,29703789,15752
ENSG00000158220,138153428,138200528,47100
ENSG00000239617,49297201,49297596,395
ENSG00000269609,104209574,104220863,11289
ENSG00000201678,49321722,49321816,94
ENSG00000152683,32390933,32449448,58515
ENSG00000211460,122494679,122525429,30750
ENSG00000188987,26188938,26189304,366
ENSG00000262740,111934733,111944997,10264
ENSG00000120675,43597339,43683045,85706
ENSG00000081665,19896648,19932560,35912
ENSG00000164944,95499921,95565757,65836
ENSG00000228296,27209230,27246039,36809
ENSG00000261052,30205754,30215631,9877
ENSG00000243414,114914339,114961876,47537
ENSG00000018869,56887413,56904914,17501
ENSG00000259106,80077761,80099654,21893
ENSG00000258637,80128009,80257606,129597
ENSG00000179886,144680074,144682485,2411
ENSG00000197409,26197068,26199521,2453
ENSG00000243855,31260304,31260695,391
ENSG00000259184,22751742,22752819,1077
ENSG00000128655,178487980,178973066,485086
ENSG00000240513,31288920,31289120,200
ENSG00000258416,80359423,80440512,81089
ENSG00000232106,32267412,32346296,78884
ENSG00000090512,186353758,186370930,17172
ENSG00000259400,22777713,22789974,12261
ENSG00000107731,72972327,73062621,90294
ENSG00000213867,31290625,31291049,424
ENSG00000134769,32073254,32471808,398554
ENSG00000258766,80677762,80921812,244050
ENSG00000122965,114254543,114404176,149633
ENSG00000258525,31345385,31359014,13629
ENSG00000259344,23095170,23115256,20086
ENSG00000258452,81288868,81289140,272
ENSG00000096433,33588142,33664351,76209
ENSG00000244694,47845764,48036425,190661
ENSG00000258915,81448332,81449982,1650
ENSG00000264197,111620189,111620258,69
ENSG00000271705,81467510,81468130,620
ENSG00000151967,159557650,159615149,57499
ENSG00000056661,36890150,36906070,15920
ENSG00000271656,81469669,81469989,320
ENSG00000262083,111639392,111649074,9682
ENSG00000236379,27314746,27315988,1242
ENSG00000111837,10762956,10838764,75808
ENSG00000259167,81498873,81499748,875
ENSG00000258886,31433553,31433828,275
ENSG00000259425,23096869,23105332,8463
ENSG00000258999,81573377,81636758,63381
ENSG00000263261,111687938,111699936,11998
ENSG00000207952,31483852,31483948,96
ENSG00000135898,231772033,231825781,53748
ENSG00000221303,81669039,81669178,139
ENSG00000263274,111734977,111735183,206
ENSG00000258968,31487652,31488002,350
ENSG00000215375,667369,675822,8453
ENSG00000205579,81712638,81712907,269
ENSG00000104524,144686083,144691943,5860
ENSG00000117616,25568728,25664704,95976
ENSG00000258640,31580775,31581445,670
ENSG00000102230,24576204,24690794,114590
ENSG00000262958,111759922,111760194,272
ENSG00000177398,43483068,43563563,80495
ENSG00000120658,43787654,44361044,573390
ENSG00000223641,27329790,27330920,1130
ENSG00000261954,111799123,111799231,108
ENSG00000270343,81725909,81726583,674
ENSG00000270628,23116383,23116940,557
ENSG00000207440,31612145,31612254,109
ENSG00000202402,31713967,31714067,100
ENSG00000262129,111816367,111817615,1248
ENSG00000242163,81799305,81799705,400
ENSG00000139624,50523575,50561288,37713
ENSG00000227633,27412731,27419678,6947
ENSG00000257831,31717834,31771945,54111
ENSG00000259480,23128188,23145997,17809
ENSG00000262501,111900558,111901090,532
ENSG00000105467,48867652,48879633,11981
ENSG00000258605,81879314,81879583,269
ENSG00000199291,31727814,31727915,101
ENSG00000165828,135160650,135166187,5537
ENSG00000262805,111903222,111903321,99
ENSG00000263784,31779519,31779590,71
ENSG00000258675,81908331,81916501,8170
ENSG00000250365,31889492,31922089,32597
ENSG00000230856,23157871,23158157,286
ENSG00000128185,20301799,20307603,5804
ENSG00000196866,26199079,26199471,392
ENSG00000258977,82071691,82089405,17714
ENSG00000163394,26483022,26492084,9062
ENSG00000198440,56909335,56947404,38069
ENSG00000259174,23181938,23182642,704
ENSG00000258841,82127772,82129218,1446
ENSG00000119915,103986085,103989346,3261
ENSG00000187667,23187728,23208737,21009
ENSG00000173699,231860836,231889770,28934
ENSG00000213585,133307606,133340824,33218
ENSG00000157193,53711217,53793742,82525
ENSG00000244736,23263708,23263986,278
ENSG00000239124,23264866,23264948,82
ENSG00000166535,8975068,9039597,64529
ENSG00000271530,95124,95454,330
ENSG00000110696,16634679,16778428,143749
ENSG00000196455,130397779,130465673,67894
ENSG00000220212,105919,106856,937
ENSG00000070748,50817141,50901925,84784
ENSG00000107859,103989943,104001231,11288
ENSG00000143434,151104161,151119104,14943
ENSG00000170590,131910,144885,12975
ENSG00000217929,142272,145083,2811
ENSG00000163378,69024365,69063112,38747
ENSG00000251201,114914339,114961858,47519
ENSG00000240790,127284739,127292066,7327
ENSG00000140181,23282281,23378228,95947
ENSG00000218577,167607,170631,3024
ENSG00000240579,127497905,127498541,636
ENSG00000237052,32169884,32174641,4757
ENSG00000163785,133784147,133969689,185542
ENSG00000175782,69139886,69187508,47622
ENSG00000241878,32014477,32058418,43941
ENSG00000263667,181466,205484,24018
ENSG00000207588,127721913,127722012,99
ENSG00000198632,74945134,74957275,12141
ENSG00000207705,127847924,127847996,72
ENSG00000165338,93170096,93274586,104490
ENSG00000272915,127904579,127904942,363
ENSG00000143476,212208919,212280742,71823
ENSG00000182870,132680924,132905935,225011
ENSG00000205653,203313,206392,3079
ENSG00000221429,127930057,127930144,87
ENSG00000151773,44398045,44453827,55782
ENSG00000242261,127946702,127947731,1029
ENSG00000224242,32367231,32381497,14266
ENSG00000258053,71441182,71512027,70845
ENSG00000230433,524171,525581,1410
ENSG00000258593,105324129,105325173,1044
ENSG00000238750,127984135,127984196,61
ENSG00000202178,74955146,74955247,101
ENSG00000174373,36007558,36278510,270952
ENSG00000127445,9945933,9960358,14425
ENSG00000259067,105370679,105371541,862
ENSG00000149483,61129473,61136981,7508
ENSG00000205505,74966356,74974606,8250
ENSG00000219712,669081,670307,1226
ENSG00000213402,67202981,67205538,2557
ENSG00000214732,42123279,42131156,7877
ENSG00000231399,54798045,54798304,259
ENSG00000257556,105559946,105565341,5395
ENSG00000226296,55050832,55070825,19993
ENSG00000272463,708592,711405,2813
ENSG00000252161,55217957,55218048,91
ENSG00000258154,105579027,105579201,174
ENSG00000166562,56806709,56826068,19359
ENSG00000233805,55526160,55526374,214
ENSG00000257622,105618531,105647531,29000
ENSG00000271727,711533,750729,39196
ENSG00000263921,56107723,56107774,51
ENSG00000134970,114949205,114968689,19484
ENSG00000252252,56212183,56212271,88
ENSG00000238395,49354521,49354619,98
ENSG00000271911,761675,780648,18973
ENSG00000200303,49369326,49369429,103
ENSG00000234173,56245990,56415811,169821
ENSG00000242085,105840955,105841308,353
ENSG00000230453,33524392,33573007,48615
ENSG00000137809,68594050,68724501,130451
ENSG00000258283,49388933,49390117,1184
ENSG00000272485,774747,780214,5467
ENSG00000119383,131873229,131911225,37996
ENSG00000260982,905462,909594,4132
ENSG00000257913,49392150,49412988,20838
ENSG00000224697,56359438,56360443,1005
ENSG00000107862,104005289,104142656,137367
ENSG00000229796,958563,962511,3948
ENSG00000221594,56367634,56367717,83
ENSG00000270538,49289562,49289697,135
ENSG00000273262,104242796,104243316,520
ENSG00000236958,56624434,56628882,4448
ENSG00000199546,49307565,49307672,107
ENSG00000270937,1026729,1027460,731
ENSG00000242311,104285722,104286001,279
ENSG00000264633,49311553,49311619,66
ENSG00000236744,57007515,57356993,349478
ENSG00000238438,1186753,1186855,102
ENSG00000257346,49483991,49487095,3104
ENSG00000228657,104332514,104332982,468
ENSG00000235908,49402578,49404439,1861
ENSG00000261730,1384025,1385301,1276
ENSG00000223800,57228087,57228982,895
ENSG00000207029,104351281,104351387,106
ENSG00000235261,49460379,49461864,1485
ENSG00000243439,1507557,1507851,294
ENSG00000109680,26578059,26756973,178914
ENSG00000218027,1513933,1515524,1591
ENSG00000228048,57265979,57272977,6998
ENSG00000267801,73872453,73875627,3174
ENSG00000102908,69598997,69738569,139572
ENSG00000234536,45813194,45822756,9562
ENSG00000201301,49504548,49504661,113
ENSG00000130203,45409011,45412650,3639
ENSG00000272279,1528599,1529146,547
ENSG00000238355,57327499,57327602,103
ENSG00000267342,73893141,73896229,3088
ENSG00000226913,49586739,49591799,5060
ENSG00000236993,57427101,57428110,1009
ENSG00000170265,148892577,148923339,30762
ENSG00000238196,32173961,32183518,9557
ENSG00000267615,73939913,73941223,1310
ENSG00000112599,42152139,42162654,10515
ENSG00000179630,44453420,44468068,14648
ENSG00000022355,161274197,161326975,52778
ENSG00000244382,150618941,150621181,2240
ENSG00000212450,45829184,45829287,103
ENSG00000270541,57506311,57506668,357
ENSG00000127324,71518865,71835678,316813
ENSG00000235120,49677916,49679202,1286
ENSG00000272556,45854201,45854862,661
ENSG00000101868,24712036,25015103,303067
ENSG00000238707,58355723,58355791,68
ENSG00000261408,73975312,74002080,26768
ENSG00000222079,150635484,150635582,98
ENSG00000259970,49721913,49722416,503
ENSG00000264747,59064239,59064319,80
ENSG00000235955,45855815,45858615,2800
ENSG00000199994,150905886,150906010,124
ENSG00000266798,150953732,150953822,90
ENSG00000235810,59272917,59273185,268
ENSG00000183038,20366206,20368028,1822
ENSG00000172725,67205519,67211292,5773
ENSG00000239576,49795916,49796089,173
ENSG00000154124,14664773,14699820,35047
ENSG00000259075,89913185,89920039,6854
ENSG00000239570,150987228,150987917,689
ENSG00000244730,49812718,49813047,329
ENSG00000226838,45856156,45860663,4507
ENSG00000223841,59715055,59716938,1883
ENSG00000105438,48885827,48894810,8983
ENSG00000067715,79257773,79845788,588015
ENSG00000251378,45858181,45858696,515
ENSG00000146085,49398073,49430904,32831
ENSG00000250903,2245982,2482256,236274
ENSG00000202350,45883233,45883339,106
ENSG00000158470,48249482,48330415,80933
ENSG00000237471,46009256,46019790,10534
ENSG00000104522,144694788,144700218,5430
ENSG00000239004,46014976,46015037,61
ENSG00000144554,10068098,10143614,75516
ENSG00000229628,46030504,46040497,9993
ENSG00000132471,73841780,73852588,10808
ENSG00000205274,33617760,33618504,744
ENSG00000197329,64319786,64371588,51802
ENSG00000251695,69186125,69187743,1618
ENSG00000233952,46037139,46037670,531
ENSG00000162972,200820040,200873263,53223
ENSG00000181751,102594403,102614361,19958
ENSG00000221974,30865549,30871471,5922
ENSG00000258130,30215637,30220392,4755
ENSG00000196622,20456003,20461786,5783
ENSG00000139656,44717679,44735393,17714
ENSG00000183938,33629119,33629584,465
ENSG00000258718,82194124,82209482,15358
ENSG00000188646,75057554,75057921,367
ENSG00000151778,44947801,44971850,24049
ENSG00000257998,75121818,75122631,813
ENSG00000229063,33638033,33638492,459
ENSG00000188280,20692438,20716938,24500
ENSG00000148803,135168658,135171529,2871
ENSG00000243945,109696387,109696614,227
ENSG00000037042,40811323,40819024,7701
ENSG00000130227,21777180,21864096,86916
ENSG00000236672,32295497,32350672,55175
ENSG00000258017,49521565,49541652,20087
ENSG00000105464,48898132,48948188,50056
ENSG00000240895,110246329,110248429,2100
ENSG00000257434,75414749,75438573,23824
ENSG00000221206,110270692,110270812,120
ENSG00000256498,105861979,105862477,498
ENSG00000196408,2028918,2034193,5275
ENSG00000130208,45417504,45422606,5102
ENSG00000244722,110401133,110402001,868
ENSG00000200309,49526636,49526730,94
ENSG00000134443,56887400,56898006,10606
ENSG00000201426,110445868,110445968,100
ENSG00000258101,49627352,49658539,31187
ENSG00000267128,74136637,74150731,14094
ENSG00000251602,105883221,105886076,2855
ENSG00000173166,204259068,204400133,141065
ENSG00000258232,49658939,49667089,8150
ENSG00000236086,2341684,2341950,266
ENSG00000198064,30234258,30265831,31573
ENSG00000254451,75628520,75692288,63768
ENSG00000242242,110612555,110790400,177845
ENSG00000223367,33217712,33222212,4500
ENSG00000127412,142605267,142630905,25638
ENSG00000258334,49686414,49718359,31945
ENSG00000266252,2409770,2409869,99
ENSG00000272465,2437783,2438483,700
ENSG00000198844,8213559,8225829,12270
ENSG00000228718,2637170,2640235,3065
ENSG00000266750,2854265,2854341,76
ENSG00000270192,59742045,59742753,708
ENSG00000161133,20704868,20745048,40180
ENSG00000257954,49783299,49783945,646
ENSG00000239323,31932001,31932577,576
ENSG00000257270,105934130,105936954,2824
ENSG00000232115,59866184,59866640,456
ENSG00000230438,2854896,2881641,26745
ENSG00000198046,56950694,56989434,38740
ENSG00000267394,42276250,42293933,17683
ENSG00000258196,32022564,32027704,5140
ENSG00000230157,106003198,106003576,378
ENSG00000180221,59972302,59972797,495
ENSG00000257464,49836207,49836435,228
ENSG00000010438,33750515,33799230,48715
ENSG00000267376,74198725,74198877,152
ENSG00000260793,42298769,42301078,2309
ENSG00000137414,17600586,17611950,11364
ENSG00000239311,111185160,111215942,30782
ENSG00000257155,32027713,32030540,2827
ENSG00000204128,231902205,231914434,12229
ENSG00000244142,111197584,111197790,206
ENSG00000223087,32131244,32131349,105
ENSG00000267691,42306128,42307596,1468
ENSG00000207412,32155898,32156004,106
ENSG00000234402,106012947,106016031,3084
ENSG00000226127,32371619,32385878,14259
ENSG00000238970,59998418,59998521,103
ENSG00000257472,32395007,32399352,4345
ENSG00000228527,60064313,60065381,1068
ENSG00000228786,27524447,27540866,16419
ENSG00000240787,111289485,111289901,416
ENSG00000232999,2910847,2912347,1500
ENSG00000239702,42368226,42368519,293
ENSG00000263413,106056273,106056350,77
ENSG00000105447,48949030,48960279,11249
ENSG00000102804,45007655,45151283,143628
ENSG00000258655,32544625,32545999,1374
ENSG00000266597,106057407,106057466,59
ENSG00000244720,111352519,111353936,1417
ENSG00000233652,27535139,27537958,2819
ENSG00000267750,42376942,42392683,15741
ENSG00000228365,2917128,2917967,839
ENSG00000112874,102884556,102898494,13938
ENSG00000182551,3501132,3523507,22375
ENSG00000201654,32671251,32671357,106
ENSG00000227468,106064028,106066546,2518
ENSG00000202337,32672369,32672475,106
ENSG00000197846,26199748,26200942,1194
ENSG00000221496,42381382,42381570,188
ENSG00000244041,2988201,2991407,3206
ENSG00000252628,42384456,42384541,85
ENSG00000267211,42405981,42408830,2849
ENSG00000129596,115140430,115152651,12221
ENSG00000273217,130761584,131132676,371092
ENSG00000267634,42442382,42443119,737
ENSG00000233944,27539301,27540203,902
ENSG00000240589,42486429,42486726,297
ENSG00000105088,9964394,10047228,82834
ENSG00000271222,42673714,42674712,998
ENSG00000154122,14704910,14871887,166977
ENSG00000223636,27577303,27583462,6159
ENSG00000124380,70120692,70132707,12015
ENSG00000174368,74880905,74988262,107357
ENSG00000267384,42722779,42722958,179
ENSG00000263506,49843570,49843678,108
ENSG00000073605,38060848,38076107,15259
ENSG00000224846,2989960,2999368,9408
ENSG00000263651,49856387,49856486,99
ENSG00000197818,48429250,48508779,79529
ENSG00000264706,49900819,49901093,274
ENSG00000170260,148936742,148952700,15958
ENSG00000266979,42723732,42727717,3985
ENSG00000234667,49910780,49915413,4633
ENSG00000270346,3020388,3022984,2596
ENSG00000184385,43522244,43528644,6400
ENSG00000198518,26204858,26206266,1408
ENSG00000267160,42751057,42753625,2568
ENSG00000134438,56934267,56941318,7051
ENSG00000271361,3023376,3024006,630
ENSG00000264251,42796232,42796498,266
ENSG00000230698,49936735,49941190,4455
ENSG00000261015,3025025,3027659,2634
ENSG00000261076,60085374,60086790,1416
ENSG00000240305,42797128,42797965,837
ENSG00000183055,60475314,60476017,703
ENSG00000232654,3045618,3046034,416
ENSG00000235016,50153455,50193518,40063
ENSG00000252076,60628944,60629288,344
ENSG00000228218,74221832,74222887,1055
ENSG00000237949,60759386,60761303,1917
ENSG00000110169,6452279,6463847,11568
ENSG00000217707,3049069,3049445,376
ENSG00000251779,74315457,74315554,97
ENSG00000207922,50210759,50210852,93
ENSG00000238418,74320277,74320380,103
ENSG00000229282,3056124,3056995,871
ENSG00000228700,128073476,128073767,291
ENSG00000207169,74333397,74333503,106
ENSG00000244395,24026223,24040673,14450
ENSG00000172297,27600708,27606719,6011
ENSG00000272277,3068279,3069128,849
ENSG00000267518,74341842,74342162,320
ENSG00000230463,32470408,32484153,13745
ENSG00000259035,82207346,82496693,289347
ENSG00000238590,128083503,128083564,61
ENSG00000226888,60848461,60848799,338
ENSG00000242931,74426499,74427206,707
ENSG00000241891,82243360,82243957,597
ENSG00000273184,128095894,128133913,38019
ENSG00000199870,74983126,74983227,101
ENSG00000222248,3088920,3089043,123
ENSG00000258501,82382575,82384232,1657
ENSG00000228170,3138628,3153296,14668
ENSG00000234794,32413425,32418635,5210
ENSG00000240758,128095991,128109251,13260
ENSG00000184650,8243182,8249364,6182
ENSG00000216819,3177278,3179998,2720
ENSG00000267546,74541750,74553765,12015
ENSG00000255767,3579574,3595547,15973
ENSG00000114988,97371666,97405801,34135
ENSG00000238978,82928432,82928532,100
ENSG00000205583,74988448,75024657,36209
ENSG00000254140,106067809,106071694,3885
ENSG00000188338,50242679,50258411,15732
ENSG00000258743,83108964,83173169,64205
ENSG00000272933,104402549,104403897,1348
ENSG00000230269,3182978,3195990,13012
ENSG00000182742,46652875,46657473,4598
ENSG00000267543,74546033,74546908,875
ENSG00000272601,128106617,128109225,2608
ENSG00000183530,32072242,32146126,73884
ENSG00000268208,78227711,78228033,322
ENSG00000253364,106110833,106115394,4561
ENSG00000105948,138818490,138876732,58242
ENSG00000198150,8261731,8263538,1807
ENSG00000273270,128164070,128171123,7053
ENSG00000272320,3311896,3313884,1988
ENSG00000224870,1334902,1337426,2524
ENSG00000259032,83159048,83159399,351
ENSG00000187049,61159159,61166335,7176
ENSG00000252994,104563686,104563788,102
ENSG00000253755,106130970,106136180,5210
ENSG00000228793,3594481,3624981,30500
ENSG00000258683,83254822,83262565,7743
ENSG00000171865,3592383,3606206,13823
ENSG00000203886,104592478,104594273,1795
ENSG00000184349,106712590,107006596,294006
ENSG00000104055,43524793,43559055,34262
ENSG00000240766,111395583,111396280,697
ENSG00000184619,8271955,8280029,8074
ENSG00000258600,83483450,83484488,1038
ENSG00000239439,111749778,111750496,718
ENSG00000258426,83484545,83505946,21401
ENSG00000213061,104597768,104605230,7462
ENSG00000115364,75873909,75917977,44068
ENSG00000143006,53925072,53933161,8089
ENSG00000252369,83514923,83514984,61
ENSG00000213140,106138645,106139651,1006
ENSG00000196976,153706028,153707596,1568
ENSG00000187990,26216428,26216872,444
ENSG00000238561,84216728,84216845,117
ENSG00000207940,111831648,111831745,97
ENSG00000236937,104605352,104605707,355
ENSG00000258549,84271840,84271984,144
ENSG00000048544,42174539,42185603,11064
ENSG00000263809,8271956,8286505,14549
ENSG00000138744,76831809,76862204,30395
ENSG00000201080,104628178,104628276,98
ENSG00000169217,30362087,30366682,4595
ENSG00000258532,84373216,84381394,8178
ENSG00000120075,46668619,46671323,2704
ENSG00000235266,104647631,104647945,314
ENSG00000083635,45513384,45563618,50234
ENSG00000257233,32679935,32683691,3756
ENSG00000165131,142636440,142637955,1515
ENSG00000272912,104674342,104675161,819
ENSG00000066027,212458879,212535200,76321
ENSG00000107341,33817565,33920402,102837
ENSG00000187010,25598884,25656936,58052
ENSG00000237827,104884774,104885173,399
ENSG00000172264,13976015,16033842,2057827
ENSG00000272386,74547434,74547832,398
ENSG00000063761,78266426,78401355,134929
ENSG00000261488,111852270,111854206,1936
ENSG00000233192,32694039,32700103,6064
ENSG00000213277,104935311,104935851,540
ENSG00000244144,111904327,111904845,518
ENSG00000146247,79645584,79787953,142369
ENSG00000239482,112021325,112051638,30313
ENSG00000242485,1337288,1342693,5405
ENSG00000163597,74553848,74561430,7582
ENSG00000004848,25021811,25034065,12254
ENSG00000161970,8280838,8286531,5693
ENSG00000166689,16799842,17035990,236148
ENSG00000108511,46671639,46682354,10715
ENSG00000174332,53971910,54199877,227967
ENSG00000173890,169755717,169803191,47474
ENSG00000196263,57019212,57041590,22378
ENSG00000257964,49970623,49971288,665
ENSG00000199237,49986887,49986996,109
ENSG00000185252,20748405,20762745,14340
ENSG00000133114,45563687,45607746,44059
ENSG00000258284,49987874,49988041,167
ENSG00000176774,26156460,26158852,2392
ENSG00000257243,49988931,49989471,540
ENSG00000258112,75651415,75652414,999
ENSG00000269205,2031633,2032918,1285
ENSG00000258104,50013117,50013395,278
ENSG00000257823,75699232,75700137,905
ENSG00000257570,50103020,50103119,99
ENSG00000176746,26210557,26213763,3206
ENSG00000257497,75877904,75883600,5696
ENSG00000127884,135175984,135187193,11209
ENSG00000243081,112115494,112127981,12487
ENSG00000257730,50164743,50164919,176
ENSG00000242525,112243034,112244048,1014
ENSG00000173692,231921578,232037541,115963
ENSG00000272761,112315641,112320749,5108
ENSG00000160179,43619799,43717354,97555
ENSG00000258057,50222325,50234926,12601
ENSG00000188408,26234286,26236387,2101
ENSG00000230675,32708756,32716212,7456
ENSG00000242308,112415755,112416553,798
ENSG00000240893,112455294,112468166,12872
ENSG00000125952,65472892,65569413,96521
ENSG00000175514,67218772,67220200,1428
ENSG00000204386,31825436,31830683,5247
ENSG00000068137,40819932,40829048,9116
ENSG00000182500,122064455,122080583,16128
ENSG00000145743,107194736,107717799,523063
ENSG00000080573,10070237,10121147,50910
ENSG00000189186,27608499,27766908,158409
ENSG00000031081,119013220,119139561,126341
ENSG00000119862,64681103,64688515,7412
ENSG00000124827,10873456,10882174,8718
ENSG00000175544,67219877,67226699,6822
ENSG00000224916,45445495,45452822,7327
ENSG00000059728,70124820,70170077,45257
ENSG00000177689,27826107,27841131,15024
ENSG00000256771,19976695,20005483,28788
ENSG00000171863,3622795,3628509,5714
ENSG00000166569,56942388,56985881,43493
ENSG00000135679,69201956,69239214,37258
ENSG00000243612,32764306,32768591,4285
ENSG00000226372,27996110,27999566,3456
ENSG00000259414,23388289,23392657,4368
ENSG00000124789,17615269,17706656,91387
ENSG00000259233,23417958,23421818,3860
ENSG00000188342,45694650,45858237,163587
ENSG00000267467,45445495,45452820,7325
ENSG00000166997,99717236,99723134,5898
ENSG00000114107,138213186,138313380,100194
ENSG00000155755,202484907,202508293,23386
ENSG00000257253,50254990,50259528,4538
ENSG00000242041,50256956,50257286,330
ENSG00000065600,212537273,212588243,50970
ENSG00000175676,23435096,23448420,13324
ENSG00000169306,28605516,29974840,1369324
ENSG00000136518,179280668,179306196,25528
ENSG00000227357,32509573,32524536,14963
ENSG00000258135,50302665,50305646,2981
ENSG00000184635,20011722,20046384,34662
ENSG00000127554,2034208,2037750,3542
ENSG00000258619,32710730,32712299,1569
ENSG00000074695,56995055,57027194,32139
ENSG00000235098,1353800,1357149,3349
ENSG00000183918,123480194,123507005,26811
ENSG00000259086,32741061,32741510,449
ENSG00000103647,68871308,69020145,148837
ENSG00000258580,32842543,32887180,44637
ENSG00000234906,45449243,45452822,3579
ENSG00000139292,71833550,71980090,146540
ENSG00000265770,32911547,32911843,296
ENSG00000196141,201170604,201346986,176382
ENSG00000259045,32953304,32954006,702
ENSG00000005436,75879126,75938115,58989
ENSG00000265244,34446516,34446597,81
ENSG00000124496,42192669,42419789,227120
ENSG00000258897,34509303,34528506,19203
ENSG00000109689,26859300,27027003,167703
ENSG00000223593,34885893,34886808,915
ENSG00000242770,112521325,112531666,10341
ENSG00000129003,62144588,62352672,208084
ENSG00000268461,20047769,20048639,870
ENSG00000237450,34955185,34955653,468
ENSG00000268857,157352597,157352655,58
ENSG00000188483,131937835,131940540,2705
ENSG00000180332,45766988,45775175,8187
ENSG00000163154,151129105,151132225,3120
ENSG00000272844,112709294,112710000,706
ENSG00000267114,45453301,45457264,3963
ENSG00000259002,35011023,35011650,627
ENSG00000204713,28870779,28891766,20987
ENSG00000258612,35013705,35015183,1478
ENSG00000260027,46684594,46710934,26340
ENSG00000137269,53659295,53788919,129624
ENSG00000099399,30233677,30238206,4529
ENSG00000206596,35015920,35016083,163
ENSG00000206588,35025432,35025595,163
ENSG00000139160,31800094,31826048,25954
ENSG00000127561,2039661,2044276,4615
ENSG00000259135,35025980,35030504,4524
ENSG00000198798,30248553,30255607,7054
ENSG00000136542,158114110,158170723,56613
ENSG00000240463,35037895,35038335,440
ENSG00000253003,35145097,35145200,103
ENSG00000225967,32773366,32790162,16796
ENSG00000241582,35163376,35163850,474
ENSG00000228080,32637568,32670792,33224
ENSG00000154262,67074843,67138029,63186
ENSG00000243824,35209542,35210039,497
ENSG00000240057,112738379,112902148,163769
ENSG00000120289,30260057,30262293,2236
ENSG00000263691,35270737,35270791,54
ENSG00000149532,61170121,61197503,27382
ENSG00000117691,212606229,212619714,13485
ENSG00000242962,23443616,23443894,278
ENSG00000182324,48958766,48969367,10601
ENSG00000251726,35314506,35314566,60
ENSG00000148335,132371163,132398209,27046
ENSG00000238347,23444768,23444850,82
ENSG00000258738,35343549,35345665,2116
ENSG00000197124,20107867,20150315,42448
ENSG00000259325,23466152,23471888,5736
ENSG00000172663,67231824,67236743,4919
ENSG00000259401,23499526,23501360,1834
ENSG00000258704,35390064,35451738,61674
ENSG00000214107,30261847,30270155,8308
ENSG00000139613,56556767,56583351,26584
ENSG00000077232,183580999,183659191,78192
ENSG00000259145,23572032,23579274,7242
ENSG00000268465,48969094,48975688,6594
ENSG00000058804,54231133,54304533,73400
ENSG00000230493,19122674,19125839,3165
ENSG00000214309,99724317,99726118,1801
ENSG00000140350,69070874,69113236,42362
ENSG00000182646,52976462,53024651,48189
ENSG00000196405,100437786,100610573,172787
ENSG00000104853,45457842,45496599,38757
ENSG00000107890,27280843,27389421,108578
ENSG00000169297,30322323,30327715,5392
ENSG00000169981,44690219,44702283,12064
ENSG00000260399,23583132,23586995,3863
ENSG00000114735,50606583,50622366,15783
ENSG00000242502,23608428,23608706,278
ENSG00000238737,23609591,23609673,82
ENSG00000261418,23675986,23680359,4373
ENSG00000188191,588834,767287,178453
ENSG00000163156,151129140,151142773,13633
ENSG00000265673,23807209,23807278,69
ENSG00000179058,132374504,132383055,8551
ENSG00000188186,99746530,99753567,7037
ENSG00000133112,45911008,45915505,4497
ENSG00000260978,23812411,23814804,2393
ENSG00000179449,23888695,23890979,2284
ENSG00000120280,30576941,30595961,19020
ENSG00000198246,73079015,73123142,44127
ENSG00000197603,37106330,37249530,143200
ENSG00000108641,19240867,19281495,40628
ENSG00000164896,150773711,150777953,4242
ENSG00000159495,43568478,43594453,25975
ENSG00000258077,75956982,76377795,420813
ENSG00000213988,20188803,20237885,49082
ENSG00000215252,34817408,34880704,63296
ENSG00000206476,30865607,30883835,18228
ENSG00000105443,48972289,48985571,13282
ENSG00000198301,76862103,76912115,50012
ENSG00000162772,212738676,212794119,55443
ENSG00000070961,89981828,90103077,121249
ENSG00000257777,75993827,75995331,1504
ENSG00000167962,2047655,2059824,12169
ENSG00000258245,76082574,76082876,302
ENSG00000251893,76082932,76083084,152
ENSG00000229256,104975466,104976557,1091
ENSG00000148331,132399171,132404444,5273
ENSG00000212413,105072193,105072325,132
ENSG00000231975,31478678,31480193,1515
ENSG00000221767,105154010,105154158,148
ENSG00000273485,105209953,105210609,656
ENSG00000234699,105212603,105222452,9849
ENSG00000137073,33921691,34048947,127256
ENSG00000215644,79762008,79771889,9881
ENSG00000160180,43731777,43735761,3984
ENSG00000145592,40825364,40835437,10073
ENSG00000114737,50643921,50649262,5341
ENSG00000244486,20778874,20792146,13272
ENSG00000235222,31695173,31717835,22662
ENSG00000235155,33222842,33224527,1685
ENSG00000183287,57098172,57364612,266440
ENSG00000196653,44754135,44765323,11188
ENSG00000205116,1361508,1363167,1659
ENSG00000145782,115163893,115177555,13662
ENSG00000158480,48519928,48532080,12152
ENSG00000056097,32354456,32444867,90411
ENSG00000179403,1370241,1378262,8021
ENSG00000160181,43766466,43771237,4771
ENSG00000181019,69740899,69760854,19955
ENSG00000266839,20226314,20226650,336
ENSG00000139714,122089024,122110537,21513
ENSG00000151743,31824071,31882108,58037
ENSG00000201138,75010915,75011015,100
ENSG00000198814,30671476,30748725,77249
ENSG00000146722,75021229,75024708,3479
ENSG00000206616,24022584,24022690,106
ENSG00000169221,30368423,30381585,13162
ENSG00000261622,24157556,24186863,29307
ENSG00000125848,14303634,14318262,14628
ENSG00000226916,33224810,33235233,10423
ENSG00000260232,24220319,24248582,28263
ENSG00000167157,132427920,132484875,56955
ENSG00000186446,44771088,44778575,7487
ENSG00000260551,24407901,24415095,7194
ENSG00000160182,43782391,43786703,4312
ENSG00000230669,32792101,32796087,3986
ENSG00000223705,75039605,75046066,6461
ENSG00000132357,40841286,40860275,18989
ENSG00000162771,212797789,212800120,2331
ENSG00000114738,50648951,50686720,37769
ENSG00000168806,43619974,43622803,2829
ENSG00000148344,132500610,132515326,14716
ENSG00000169026,675618,683230,7612
ENSG00000258493,35390071,35390212,141
ENSG00000124226,48552948,48570429,17481
ENSG00000123685,212859760,212873327,13567
ENSG00000215915,1385069,1405538,20469
ENSG00000164818,766338,829190,62852
ENSG00000204946,148959262,148994393,35131
ENSG00000258023,32656765,32656819,54
ENSG00000164708,44102326,44105186,2860
ENSG00000233828,86512423,86534822,22399
ENSG00000155052,124782864,125672864,890000
ENSG00000168803,43622872,43646096,23224
ENSG00000136816,132565432,132573560,8128
ENSG00000183971,2059927,2070756,10829
ENSG00000228474,27293340,27294641,1301
ENSG00000163155,151132224,151138424,6200
ENSG00000253701,106170301,106170939,638
ENSG00000264024,106178260,106178329,69
ENSG00000112493,33189081,33203772,14691
ENSG00000253692,106185955,106188864,2909
ENSG00000260780,24451931,24471001,19070
ENSG00000099910,20783528,20850170,66642
ENSG00000270371,106251842,106252168,326
ENSG00000261621,24480225,24521976,41751
ENSG00000256229,20278037,20311299,33262
ENSG00000265612,106323682,106323741,59
ENSG00000266706,106323742,106323801,59
ENSG00000265517,106323912,106323971,59
ENSG00000260959,24483292,24485339,2047
ENSG00000264473,106324334,106324411,77
ENSG00000261598,24544896,24545785,889
ENSG00000263751,106324504,106324581,77
ENSG00000116016,46520806,46613836,93030
ENSG00000083168,41786997,41909508,122511
ENSG00000266408,106324723,106324792,69
ENSG00000196867,57050317,57068169,17852
ENSG00000264781,106325653,106325722,69
ENSG00000260760,24686274,24693114,6840
ENSG00000160183,43791999,43816955,24956
ENSG00000265714,106325958,106326024,66
ENSG00000237111,106329626,106329675,49
ENSG00000237547,106331003,106331062,59
ENSG00000122678,44111846,44122139,10293
ENSG00000136827,132575223,132586413,11190
ENSG00000217128,130977407,131132710,155303
ENSG00000168811,159706537,159713806,7269
ENSG00000257771,50305736,50324103,18367
ENSG00000160072,1407143,1433228,26085
ENSG00000196453,149128454,149158214,29760
ENSG00000117697,212899495,212965124,65629
ENSG00000180438,13978756,14124311,145555
ENSG00000259905,24738284,24897277,158993
ENSG00000237440,20718631,20748615,29984
ENSG00000170209,113258513,113271140,12627
ENSG00000107736,73156691,73575702,419011
ENSG00000110171,6469843,6495689,25846
ENSG00000159248,35043233,35047166,3933
ENSG00000122986,111065646,111142755,77109
ENSG00000113327,161494546,161582542,87996
ENSG00000180209,30382255,30389312,7057
ENSG00000065054,2075357,2089027,13670
ENSG00000197977,10980992,11044547,63555
ENSG00000242711,32795520,32830948,35428
ENSG00000141682,57567180,57571538,4358
ENSG00000110700,17095936,17099334,3398
ENSG00000227335,106331834,106331888,54
ENSG00000188171,20802867,20844402,41535
ENSG00000089177,16252749,16554078,301329
ENSG00000159251,35080297,35088340,8043
ENSG00000244620,106355942,106362435,6493
ENSG00000174032,45967451,45992590,25139
ENSG00000124216,48599536,48605423,5887
ENSG00000254279,106411066,106411245,179
ENSG00000112936,40909354,40983041,73687
ENSG00000233988,106435819,106438358,2539
ENSG00000221971,46039220,46040377,1157
ENSG00000166603,58038564,58040001,1437
ENSG00000225200,106444607,106445233,626
ENSG00000224547,46184535,46185286,751
ENSG00000163528,14153580,14166370,12790
ENSG00000229459,46300662,46334067,33405
ENSG00000197016,57078880,57100279,21399
ENSG00000237760,46341718,46383219,41501
ENSG00000242588,128171752,128269512,97760
ENSG00000240355,46516055,46517538,1483
ENSG00000230680,46517420,46521176,3756
ENSG00000224519,46674212,46674544,332
ENSG00000124208,48697661,48770174,72513
ENSG00000184895,2654896,2655740,844
ENSG00000132581,26975374,26989207,13833
ENSG00000242948,46820971,46823041,2070
ENSG00000176142,119148347,119187677,39330
ENSG00000145736,70330784,70363516,32732
ENSG00000180035,30389427,30411429,22002
ENSG00000163157,151142462,151148760,6298
ENSG00000136819,132589569,132598142,8573
ENSG00000232072,46930223,47089276,159053
ENSG00000118004,3642426,3692048,49622
ENSG00000160229,20959110,20991922,32812
ENSG00000021645,78708734,80330762,1622028
ENSG00000158428,219221579,219232822,11243
ENSG00000149295,113280318,113346413,66095
ENSG00000213280,128210295,128210742,447
ENSG00000223829,47009300,47067079,57779
ENSG00000223189,128267226,128267329,103
ENSG00000101542,59000815,59223006,222191
ENSG00000227450,36905613,36906969,1356
ENSG00000148832,135192695,135205198,12503
ENSG00000243302,128291239,128292388,1149
ENSG00000229192,47040218,47118726,78508
ENSG00000230624,31480180,31496536,16356
ENSG00000173889,169804520,169899537,95017
ENSG00000242107,159733811,159749210,15399
ENSG00000185619,699537,764428,64891
ENSG00000187391,77646393,79082890,1436497
ENSG00000232062,32697728,32726026,28298
ENSG00000120068,46688739,46692478,3739
ENSG00000242552,47065726,47066168,442
ENSG00000108294,36908989,36920484,11495
ENSG00000257588,50345295,50356707,11412
ENSG00000180044,159943423,159945999,2576
ENSG00000227816,32796593,32805362,8769
ENSG00000214754,47092391,47093272,881
ENSG00000141101,69775770,69788843,13073
ENSG00000258762,84639185,84639950,765
ENSG00000197951,57106632,57137849,31217
ENSG00000243483,112760237,112760661,424
ENSG00000213600,50277054,50277416,362
ENSG00000244687,48697661,48732496,34835
ENSG00000253780,106467677,106467967,290
ENSG00000248710,159945241,160167617,222376
ENSG00000241219,112769759,112782290,12531
ENSG00000258923,84640135,84641854,1719
ENSG00000238593,112811291,112811372,81
ENSG00000253076,112856813,112856888,75
ENSG00000230454,50297735,50300790,3055
ENSG00000243795,112861197,112886666,25469
ENSG00000011405,17099277,17229530,130253
ENSG00000183580,15500305,15939900,439595
ENSG00000240751,113079114,113080166,1052
ENSG00000170876,14166440,14185179,18739
ENSG00000181220,149169885,149194908,25023
ENSG00000163807,44779153,44803154,24001
ENSG00000170689,46698518,46703839,5321
ENSG00000236078,47661537,47669491,7954
ENSG00000180096,30389454,30407312,17858
ENSG00000146666,47801074,47806370,5296
ENSG00000268182,57154513,57167134,12621
ENSG00000145715,86563705,86687748,124043
ENSG00000110711,67250512,67258574,8062
ENSG00000136152,46039060,46110765,71705
ENSG00000148848,127700950,128077024,376074
ENSG00000230715,128292895,128293719,824
ENSG00000100150,32149944,32303012,153068
ENSG00000127903,57174020,57183151,9131
ENSG00000229413,128293740,128293989,249
ENSG00000129824,2709527,2800041,90514
ENSG00000021776,35147732,35262040,114308
ENSG00000226557,60896385,60897942,1557
ENSG00000243679,128294023,128294776,753
ENSG00000188735,122150658,122220907,70249
ENSG00000243849,113122838,113152839,30001
ENSG00000115138,25383722,25391772,8050
ENSG00000236556,61041907,61042595,688
ENSG00000271529,128296016,128298845,2829
ENSG00000235469,61311162,61311636,474
ENSG00000271553,128307097,128308210,1113
ENSG00000231939,32715138,32722385,7247
ENSG00000235140,61348908,61371006,22098
ENSG00000189051,8294022,8301144,7122
ENSG00000241493,128309141,128309946,805
ENSG00000204709,28911654,28912314,660
ENSG00000258088,76087790,76092596,4806
ENSG00000168274,26217165,26217711,546
ENSG00000203705,212965170,212989968,24798
ENSG00000253387,106495898,106495996,98
ENSG00000227877,61496753,61513203,16450
ENSG00000264062,76118233,76118321,88
ENSG00000070718,42010464,42029191,18727
ENSG00000157625,30845559,30993201,147642
ENSG00000258091,76319993,76320247,254
ENSG00000176714,27848506,27851879,3373
ENSG00000065057,2089816,2097867,8051
ENSG00000243420,76351614,76351910,296
ENSG00000009694,123509753,124097666,587913
ENSG00000197993,142638201,142659768,21567
ENSG00000140265,43650370,43663223,12853
ENSG00000257329,76358220,76360842,2622
ENSG00000197935,28962562,28973093,10531
ENSG00000198923,76357812,76358780,968
ENSG00000119844,64751465,64820139,68674
ENSG00000196966,26225383,26225844,461
ENSG00000257453,76424274,76425158,884
ENSG00000179295,112856155,112947717,91562
ENSG00000257839,76426438,76427677,1239
ENSG00000165632,7860467,8058590,198123
ENSG00000270810,128327342,128327926,584
ENSG00000058799,54317392,54356407,39015
ENSG00000257941,76451318,76451895,577
ENSG00000271344,128330505,128331771,1266
ENSG00000272042,27605054,27605329,275
ENSG00000114770,183637722,183735803,98081
ENSG00000258304,76509491,76509880,389
ENSG00000252471,27606157,27606239,82
ENSG00000225507,47996390,47996915,525
ENSG00000239722,128333504,128333978,474
ENSG00000257872,76531205,76532390,1185
ENSG00000228173,48700171,48702901,2730
ENSG00000172294,27624416,27632852,8436
ENSG00000198876,34086385,34127397,41012
ENSG00000225705,48886022,48892494,6472
ENSG00000201041,128337493,128337610,117
ENSG00000136878,132596977,132644107,47130
ENSG00000252866,128337764,128337798,34
ENSG00000018280,219246752,219261617,14865
ENSG00000104856,45504688,45541452,36764
ENSG00000244218,128401391,128401625,234
ENSG00000242902,128490216,128502680,12464
ENSG00000169807,24217903,24242154,24251
ENSG00000257378,50348422,50349908,1486
ENSG00000124575,26234440,26235216,776
ENSG00000224531,11094266,11138964,44698
ENSG00000132446,31089360,31090170,810
ENSG00000198327,26240561,26240976,415
ENSG00000166579,8316449,8393729,77280
ENSG00000269699,57285920,57352097,66177
ENSG00000238615,25138894,25138995,101
ENSG00000241061,25154076,25154972,896
ENSG00000184194,53078273,53109797,31524
ENSG00000187714,50818347,50820765,2418
ENSG00000166682,113558272,113577095,18823
ENSG00000252858,76533347,76533451,104
ENSG00000242088,25156021,25156272,251
ENSG00000240450,27629055,27632852,3797
ENSG00000105750,21106028,21133503,27475
ENSG00000257219,76653619,76698911,45292
ENSG00000136732,127413509,127454246,40737
ENSG00000176641,59475296,59561480,86184
ENSG00000183137,109416313,109485135,68822
ENSG00000235346,29791968,29796126,4158
ENSG00000178645,50887697,50918307,30610
ENSG00000160185,43824008,43867791,43783
ENSG00000142235,48988528,49016446,27918
ENSG00000146826,99752043,99756338,4295
ENSG00000178217,82297658,82406316,108658
ENSG00000145362,113739265,114304896,565631
ENSG00000080511,10123925,10132955,9030
ENSG00000153165,107021446,107084832,63386
ENSG00000163159,151142463,151167797,25334
ENSG00000163808,44803209,44914868,111659
ENSG00000184205,53111549,53117722,6173
ENSG00000261865,55379765,55379871,106
ENSG00000139725,122215664,122241309,25645
ENSG00000224078,25223730,25664609,440879
ENSG00000198522,27851114,27874375,23261
ENSG00000223273,76709531,76709828,297
ENSG00000257526,76956074,77009211,53137
ENSG00000132254,6496910,6502666,5756
ENSG00000164828,855528,936072,80544
ENSG00000213272,76993451,76994250,799
ENSG00000068885,159974774,160117668,142894
ENSG00000118620,21203426,21242856,39430
ENSG00000110697,67259239,67273734,14495
ENSG00000177879,115177178,115249778,72600
ENSG00000088002,49055332,49102682,47350
ENSG00000271142,77013166,77013823,657
ENSG00000243071,77054185,77054664,479
ENSG00000185633,57628686,57634498,5812
ENSG00000242092,32885993,32904491,18498
ENSG00000212997,95558771,95560630,1859
ENSG00000125633,118673054,118771709,98655
ENSG00000137822,43661419,43699293,37874
ENSG00000177300,184239220,184241927,2707
ENSG00000232352,50304073,50304803,730
ENSG00000033170,65877310,66210839,333529
ENSG00000113905,186378005,186396029,18024
ENSG00000198157,80369200,80457441,88241
ENSG00000185758,184242917,184243579,662
ENSG00000165006,34179003,34252521,73518
ENSG00000130813,10196798,10203928,7130
ENSG00000165837,46108657,46189874,81217
ENSG00000239453,113307595,113309036,1441
ENSG00000108239,96162261,96295687,133426
ENSG00000218823,4897364,4901625,4261
ENSG00000268328,70129482,70129841,359
ENSG00000110955,57031959,57039798,7839
ENSG00000081059,133450402,133487556,37154
ENSG00000265253,113313723,113313789,66
ENSG00000168564,184365744,184369351,3607
ENSG00000241529,113351551,113351827,276
ENSG00000108272,34948228,34957235,9007
ENSG00000169800,24314689,24329129,14440
ENSG00000244617,70187226,70189397,2171
ENSG00000239280,113459670,113460101,431
ENSG00000258484,69110560,69239150,128590
ENSG00000105523,49104067,49118111,14044
ENSG00000136297,4945620,4998844,53224
ENSG00000169564,70314585,70316332,1747
ENSG00000232682,61815632,61820501,4869
ENSG00000202190,61841499,61841612,113
ENSG00000122872,62444263,62444967,704
ENSG00000164897,150778167,150780633,2466
ENSG00000254271,62494100,62501586,7486
ENSG00000223107,62672523,62672685,162
ENSG00000159182,46799084,46799884,800
ENSG00000227244,62776033,62786178,10145
ENSG00000237233,63212397,63241714,29317
ENSG00000256591,61196692,61253294,56602
ENSG00000168556,184426147,184432249,6102
ENSG00000272592,63444650,63445146,496
ENSG00000242659,113465719,113466255,536
ENSG00000240776,113569084,113569578,494
ENSG00000233643,63541503,63581004,39501
ENSG00000241889,113604145,113604878,733
ENSG00000259012,84642763,84643432,669
ENSG00000272368,50505980,50559203,53223
ENSG00000221272,63686695,63686777,82
ENSG00000221094,63875974,63876060,86
ENSG00000197444,50942689,50970425,27736
ENSG00000257298,50579363,50585146,5783
ENSG00000234756,64049280,64063792,14512
ENSG00000251895,85206286,85206396,110
ENSG00000240940,64109768,64110048,280
ENSG00000104413,95653302,95719694,66392
ENSG00000263920,64417945,64418012,67
ENSG00000144747,69068978,69101484,32506
ENSG00000258506,85417618,85417717,99
ENSG00000234489,64500968,64501145,177
ENSG00000183654,16067248,16180871,113623
ENSG00000174015,46276446,46288694,12248
ENSG00000271712,85464622,85465640,1018
ENSG00000238280,64553322,64565647,12325
ENSG00000160188,43892596,43916464,23868
ENSG00000199446,64869899,64870006,107
ENSG00000224301,64883698,64885297,1599
ENSG00000166974,32556892,32723434,166542
ENSG00000211452,54356912,54376759,19847
ENSG00000204704,29011990,29013017,1027
ENSG00000234369,64981915,64982805,890
ENSG00000270421,65118505,65118864,359
ENSG00000086827,113603909,113644533,40624
ENSG00000185523,213003483,213020991,17508
ENSG00000221063,65132717,65132808,91
ENSG00000204703,29053985,29055090,1105
ENSG00000182552,184560788,184580378,19590
ENSG00000235816,65187057,65187713,656
ENSG00000179965,30418618,30440920,22302
ENSG00000257531,50611445,50612126,681
ENSG00000250038,28363901,28404486,40585
ENSG00000215475,46354405,46425871,71466
ENSG00000204702,29068386,29069658,1272
ENSG00000187239,132649466,132805473,156007
ENSG00000272767,65224989,65226323,1334
ENSG00000012171,50304990,50314977,9987
ENSG00000224412,65249221,65249398,177
ENSG00000050405,50569571,50677329,107758
ENSG00000115998,70377012,70475747,98735
ENSG00000244476,11102722,11111965,9243
ENSG00000204701,29079668,29080603,935
ENSG00000232075,65394077,65394587,510
ENSG00000272968,5023349,5112852,89503
ENSG00000167985,61197514,61215001,17487
ENSG00000270352,65417834,65418281,447
ENSG00000185482,57637236,57644976,7740
ENSG00000228566,65424424,65750328,325904
ENSG00000242361,32899979,32904491,4512
ENSG00000257256,50613387,50623767,10380
ENSG00000221604,50627925,50627995,70
ENSG00000212496,50650021,50650127,106
ENSG00000138080,27301435,27309271,7836
ENSG00000169851,30722037,31148422,426385
ENSG00000162769,213031597,213072705,41108
ENSG00000199961,74557191,74557274,83
ENSG00000070081,17229700,17371521,141821
ENSG00000158806,21881636,21894408,12772
ENSG00000146587,5085452,5109119,23667
ENSG00000267078,74565874,74567322,1448
ENSG00000204385,31830969,31846823,15854
ENSG00000267084,74591666,74591854,188
ENSG00000114019,134074716,134094321,19605
ENSG00000199735,74652402,74652504,102
ENSG00000130812,10203014,10213472,10458
ENSG00000261335,74668024,74669740,1716
ENSG00000212418,74699714,74699809,95
ENSG00000207556,74732532,74732630,98
ENSG00000113328,162864575,162873157,8582
ENSG00000200257,74748994,74749097,103
ENSG00000267065,74795126,74802035,6909
ENSG00000123200,46528600,46626894,98294
ENSG00000267535,74846258,74857918,11660
ENSG00000186638,34252379,34329198,76819
ENSG00000113889,186435065,186461743,26678
ENSG00000111859,11183531,11382581,199050
ENSG00000267568,74946399,74965238,18839
ENSG00000241045,77115314,77116066,752
ENSG00000258090,77150971,77151694,723
ENSG00000160190,43916118,44001550,85432
ENSG00000198373,69796209,69975644,179435
ENSG00000240849,48697663,48770335,72672
ENSG00000104859,45542298,45574214,31916
ENSG00000257910,77271973,77274132,2159
ENSG00000267521,74953105,74954304,1199
ENSG00000257199,77377859,77378449,590
ENSG00000203318,75076718,75076850,132
ENSG00000203317,75077629,75077716,87
ENSG00000238769,77556706,77556805,99
ENSG00000257677,77613383,77622473,9090
ENSG00000234912,75082798,75091068,8270
ENSG00000135253,128502505,128550773,48268
ENSG00000196209,1451386,1472233,20847
ENSG00000242073,75103973,75115385,11412
ENSG00000179958,30434940,30441396,6456
ENSG00000170092,75123401,75133628,10227
ENSG00000198146,35270542,35280488,9946
ENSG00000224782,33235008,33244107,9099
ENSG00000171495,40998119,41071444,73325
ENSG00000099917,20850200,20941919,91719
ENSG00000228607,113650469,113651222,753
ENSG00000081870,54382247,54411602,29355
ENSG00000197563,59710800,59854351,143551
ENSG00000047365,35949843,36246131,296288
ENSG00000188375,31944123,31945175,1052
ENSG00000212768,35270552,35272268,1716
ENSG00000176204,76974845,77820445,845600
ENSG00000235844,33015768,33031962,16194
ENSG00000087191,61904512,61909379,4867
ENSG00000255346,69222864,69355083,132219
ENSG00000159184,46802125,46806540,4415
ENSG00000127957,75132254,75157478,25224
ENSG00000183726,25664408,25688852,24444
ENSG00000240375,113638069,113639047,978
ENSG00000164978,34329504,34343709,14205
ENSG00000229165,48942152,48943487,1335
ENSG00000239304,27632787,27633469,682
ENSG00000134146,35509546,35838394,328848
ENSG00000273394,113665852,113666417,565
ENSG00000185737,83635070,84746935,1111865
ENSG00000243207,10216899,10225456,8557
ENSG00000233619,27633431,27633809,378
ENSG00000157954,5229819,5273457,43638
ENSG00000270880,113702884,113703502,618
ENSG00000218305,48959361,48965612,6251
ENSG00000266339,20244056,20244356,300
ENSG00000174718,32112304,32146039,33735
ENSG00000151422,108083523,108532542,449019
ENSG00000240912,113822096,113822475,379
ENSG00000124578,26246886,26247259,373
ENSG00000214832,20278682,20280153,1471
ENSG00000234686,49269733,49294412,24679
ENSG00000146147,53794780,54131078,336298
ENSG00000241490,113933160,113955051,21891
ENSG00000203433,50678449,50678545,96
ENSG00000203432,50683977,50684073,96
ENSG00000270763,49298089,49299442,1353
ENSG00000203431,50684744,50684840,96
ENSG00000223893,49981847,49984036,2189
ENSG00000143494,213123862,213165379,41517
ENSG00000197092,27641798,27648105,6307
ENSG00000189423,20318860,20334321,15461
ENSG00000228005,50181136,50182419,1283
ENSG00000168993,778745,819986,41241
ENSG00000268800,162866447,162873821,7374
ENSG00000231681,50241835,50243914,2079
ENSG00000173545,16451628,16465901,14273
ENSG00000235620,50314386,50315218,832
ENSG00000198300,57321445,57352096,30651
ENSG00000200815,50503078,50503184,106
ENSG00000091009,145583113,145718814,135701
ENSG00000226122,50599457,50611161,11704
ENSG00000170584,162873532,162887146,13614
ENSG00000024048,42531800,42661242,129442
ENSG00000164976,34366668,34376851,10183
ENSG00000166260,53029263,53046146,16883
ENSG00000168538,184580420,184634745,54325
ENSG00000125900,1514897,1539489,24592
ENSG00000237911,20319105,20320010,905
ENSG00000270704,25230011,25230320,309
ENSG00000259044,85669193,85705818,36625
ENSG00000205217,20320741,20322363,1622
ENSG00000239014,25232072,25232142,70
ENSG00000252529,85738276,85738405,129
ENSG00000271347,25236633,25236900,267
ENSG00000258902,85828801,85983278,154477
ENSG00000272846,25264182,25299063,34881
ENSG00000265556,20336519,20337598,1079
ENSG00000198354,125298337,125300080,1743
ENSG00000111752,9066492,9094063,27571
ENSG00000236693,33027107,33038372,11265
ENSG00000080618,46627321,46679211,51890
ENSG00000258814,85853619,85855109,1490
ENSG00000197785,1447531,1470067,22536
ENSG00000230528,20339650,20350557,10907
ENSG00000259107,85860223,85886418,26195
ENSG00000235470,105239360,105277150,37790
ENSG00000170703,46839597,46894576,54979
ENSG00000143398,151170425,151222012,51587
ENSG00000172216,48807376,48809212,1836
ENSG00000130810,10216965,10225414,8449
ENSG00000203430,50688917,50689013,96
ENSG00000198889,125683369,125686834,3465
ENSG00000205562,85991477,85996332,4855
ENSG00000226431,105308832,105310721,1889
ENSG00000177202,49110000,49110970,970
ENSG00000203428,50695577,50695673,96
ENSG00000273108,105368376,105369807,1431
ENSG00000203427,50697570,50697669,99
ENSG00000182173,73512141,73520820,8679
ENSG00000258733,86401054,86596117,195063
ENSG00000203426,50698425,50698530,105
ENSG00000183631,125953747,125955769,2022
ENSG00000164972,34379017,34397830,18813
ENSG00000243587,109487036,109592217,105181
ENSG00000196082,50706112,50706217,105
ENSG00000222503,105432916,105433023,107
ENSG00000203425,50706430,50706526,96
ENSG00000260461,105637132,105639519,2387
ENSG00000203424,50707798,50707894,96
ENSG00000260861,1520790,1600655,79865
ENSG00000136541,158175137,158184225,9088
ENSG00000229586,20384643,20387304,2661
ENSG00000258912,86481030,86529304,48274
ENSG00000203423,50710006,50710100,94
ENSG00000197093,99756867,99766373,9506
ENSG00000203422,50710653,50710749,96
ENSG00000116212,54411750,54433841,22091
ENSG00000263976,20394636,20394756,120
ENSG00000123165,127184943,127186382,1439
ENSG00000258994,86798720,86867629,68909
ENSG00000203421,50711462,50711558,96
ENSG00000244266,50759435,50759869,434
ENSG00000230088,20396947,20397468,521
ENSG00000257647,25272883,25277194,4311
ENSG00000266754,105734277,105734572,295
ENSG00000229253,33203791,33207330,3539
ENSG00000257151,25277020,25281637,4617
ENSG00000216083,105807847,105807944,97
ENSG00000148358,132815705,132902448,86743
ENSG00000270246,25287065,25287575,510
ENSG00000268640,147052,147377,325
ENSG00000207063,25296624,25296718,94
ENSG00000091106,32449522,32490923,41401
ENSG00000186812,32820994,32847097,26103
ENSG00000138030,27309615,27323640,14025
ENSG00000231121,77718421,77966055,247634
ENSG00000133612,150782918,150841523,58605
ENSG00000268626,72346906,72348271,1365
ENSG00000196396,49126891,49201299,74408
ENSG00000163389,119187785,119213555,25770
ENSG00000257835,77773600,77784644,11044
ENSG00000067646,2803112,2850547,47435
ENSG00000204347,72352555,72358085,5530
ENSG00000203316,75083297,75083384,87
ENSG00000101307,1544167,1600707,56540
ENSG00000213135,75085986,75087063,1077
ENSG00000007171,26083792,26127525,43733
ENSG00000203315,75087901,75088024,123
ENSG00000139351,102122426,102133250,10824
ENSG00000258066,78169563,78177356,7793
ENSG00000120645,175931,287626,111695
ENSG00000063177,49118585,49122793,4208
ENSG00000203314,75099519,75099654,135
ENSG00000198947,31115794,33357558,2241764
ENSG00000132286,6502677,6505909,3232
ENSG00000225646,75104708,75104798,90
ENSG00000139718,122242086,122270562,28476
ENSG00000178950,843064,926161,83097
ENSG00000258225,78445961,78485517,39556
ENSG00000161920,4634723,4636905,2182
ENSG00000228733,75108843,75108930,87
ENSG00000222808,75148643,75148756,113
ENSG00000141720,36921942,36956379,34437
ENSG00000262870,75195032,75195625,593
ENSG00000263718,75253819,75277979,24160
ENSG00000257008,72363546,72368761,5215
ENSG00000177733,137087075,137090039,2964
ENSG00000102038,128580480,128657477,76997
ENSG00000163705,10123001,10149915,26914
ENSG00000265121,75260262,75260858,596
ENSG00000269676,133049334,133050726,1392
ENSG00000266998,75369900,75373318,3418
ENSG00000264060,75393066,75393136,70
ENSG00000200651,75438191,75438295,104
ENSG00000267263,75465150,75467127,1977
ENSG00000152256,173420101,173489823,69722
ENSG00000207136,51027056,51027159,103
ENSG00000267016,75465244,75468852,3608
ENSG00000200183,51050756,51050861,105
ENSG00000257220,78524117,78524784,667
ENSG00000267665,75523080,75532674,9594
ENSG00000260789,139235598,139267507,31909
ENSG00000207001,25299357,25299451,94
ENSG00000258220,78720460,78753526,33066
ENSG00000256316,26250370,26250835,465
ENSG00000207014,25302007,25302101,94
ENSG00000207191,25307480,25307574,94
ENSG00000136167,46700055,46786006,85951
ENSG00000207442,25310173,25310268,95
ENSG00000207133,25312935,25313029,94
ENSG00000118418,79910962,79944406,33444
ENSG00000151746,32259769,32536567,276798
ENSG00000258084,78746299,78876799,130500
ENSG00000207093,25315579,25315673,94
ENSG00000235583,27658448,27673933,15485
ENSG00000206727,25318254,25318348,94
ENSG00000112787,133066137,133161774,95637
ENSG00000120729,137203480,137223540,20060
ENSG00000179918,30454952,30457502,2550
ENSG00000254053,106501831,106502091,260
ENSG00000267506,75543022,75559325,16303
ENSG00000200661,25319261,25319362,101
ENSG00000254999,10157276,10168874,11598
ENSG00000206609,25321076,25321167,91
ENSG00000253763,106511782,106512231,449
ENSG00000154153,16473147,16617167,144020
ENSG00000207197,25322198,25322289,91
ENSG00000207137,25324205,25324296,91
ENSG00000254117,106559546,106559975,429
ENSG00000267466,75559450,75564777,5327
ENSG00000206621,25325289,25325380,91
ENSG00000048028,113668596,113746292,77696
ENSG00000254215,106576803,106577069,266
ENSG00000267790,75718954,75724641,5687
ENSG00000207174,25326434,25326525,91
ENSG00000254174,106579014,106579303,289
ENSG00000207263,25327915,25328006,91
ENSG00000238898,75916180,75916340,160
ENSG00000267463,76062339,76062842,503
ENSG00000206656,25328735,25328826,91
ENSG00000162148,61248592,61258403,9811
ENSG00000253412,106598995,106599285,290
ENSG00000265264,6502715,6530208,27493
ENSG00000197459,26251879,26252303,424
ENSG00000206688,25330532,25330623,91
ENSG00000238658,76063028,76063134,106
ENSG00000128254,32329507,32341504,11997
ENSG00000253709,106602580,106602820,240
ENSG00000207460,25331674,25331765,91
ENSG00000224512,76101532,76102949,1417
ENSG00000174606,213165524,213189168,23644
ENSG00000225663,79780287,79791178,10891
ENSG00000072571,162887209,162918947,31738
ENSG00000253458,106620270,106620489,219
ENSG00000254210,106627589,106627721,132
ENSG00000172057,38077294,38083854,6560
ENSG00000240487,113950245,113951868,1623
ENSG00000256018,26271146,26271612,466
ENSG00000177425,79968759,80084877,116118
ENSG00000227046,33207945,33218656,10711
ENSG00000259976,114033348,114035026,1678
ENSG00000186073,36871812,37102449,230637
ENSG00000119772,25455845,25565459,109614
ENSG00000198961,108670410,108745695,75285
ENSG00000134086,10182692,10193904,11212
ENSG00000257217,33028357,33030736,2379
ENSG00000207770,114035322,114035416,94
ENSG00000273250,28743697,28743804,107
ENSG00000262075,139230205,139235225,5020
ENSG00000237823,27710269,27712180,1911
ENSG00000272603,28751414,28751785,371
ENSG00000273197,28763753,28763816,63
ENSG00000241560,114070658,114107825,37167
ENSG00000272793,28805650,28806787,1137
ENSG00000203985,54474412,54483856,9444
ENSG00000164970,34398182,34458568,60386
ENSG00000272857,28827406,28831131,3725
ENSG00000128245,32340447,32353590,13143
ENSG00000235067,30678239,30683464,5225
ENSG00000272613,28829197,28829828,631
ENSG00000088538,50712672,51421629,708957
ENSG00000089012,1609798,1638425,28627
ENSG00000168242,26273144,26273622,478
ENSG00000236614,28856613,28857687,1074
ENSG00000042062,49202645,49308065,105420
ENSG00000234411,28864311,28865103,792
ENSG00000242290,114172440,114238979,66539
ENSG00000229709,27725937,27734591,8654
ENSG00000205090,1470554,1475833,5279
ENSG00000264025,28883427,28883526,99
ENSG00000241295,114403427,114406456,3029
ENSG00000224642,28953985,28955266,1281
ENSG00000241408,28954582,28956357,1775
ENSG00000204282,76103479,76107880,4401
ENSG00000264623,114462292,114462372,80
ENSG00000236070,28994502,28995429,927
ENSG00000129282,34958001,34965407,7406
ENSG00000239946,114591961,114595361,3400
ENSG00000158406,26281283,26285762,4479
ENSG00000267679,76153484,76155216,1732
ENSG00000268279,14176717,14189548,12831
ENSG00000234305,29068770,29069708,938
ENSG00000134070,10206549,10285427,78878
ENSG00000240002,114649388,114650296,908
ENSG00000267624,76207699,76207989,290
ENSG00000135272,114562209,114659256,97047
ENSG00000267676,76244574,76250497,5923
ENSG00000197651,91299399,91348953,49554
ENSG00000133619,149411872,149431664,19792
ENSG00000224229,29092026,29096724,4698
ENSG00000242767,114819270,114821908,2638
ENSG00000229040,29105693,29106629,936
ENSG00000204950,61276272,61278482,2210
ENSG00000160075,1477053,1510249,33196
ENSG00000106624,44143960,44154161,10201
ENSG00000242880,114970043,115004194,34151
ENSG00000226799,29234762,29234916,154
ENSG00000204277,76257430,76274573,17143
ENSG00000237808,31544080,31548170,4090
ENSG00000119938,93388199,93392811,4612
ENSG00000211448,80663873,80854100,190227
ENSG00000230754,29236293,29237252,959
ENSG00000005844,30483979,30534506,50527
ENSG00000244157,114997972,114998707,735
ENSG00000125870,16710606,16722421,11815
ENSG00000237690,29258560,29259502,942
ENSG00000188211,17373273,17398888,25615
ENSG00000107485,8095567,8117161,21594
ENSG00000267737,76311810,76343879,32069
ENSG00000119820,32502979,32541663,38684
ENSG00000232064,27736470,27738492,2022
ENSG00000266970,76356534,76369992,13458
ENSG00000225609,27764791,27766400,1609
ENSG00000196979,132902889,132906498,3609
ENSG00000200428,51137351,51137467,116
ENSG00000271018,51150675,51151216,541
ENSG00000100170,32439019,32509016,69997
ENSG00000102178,153712056,153715009,2953
ENSG00000271490,51200118,51200220,102
ENSG00000243075,51235283,51235612,329
ENSG00000271621,51241708,51242095,387
ENSG00000108296,36956687,36981734,25047
ENSG00000199740,51333710,51333809,99
ENSG00000154767,14186647,14220283,33636
ENSG00000107130,132934857,132999583,64726
ENSG00000271596,51342900,51343167,267
ENSG00000272028,51407917,51408024,107
ENSG00000204700,29141311,29142351,1040
ENSG00000199903,51431282,51431385,103
ENSG00000244540,51500600,51500927,327
ENSG00000269000,107099728,107103848,4120
ENSG00000204695,29274403,29275519,1116
ENSG00000179532,6518490,6614988,96498
ENSG00000257246,51518411,51519164,753
ENSG00000112893,109025067,109205326,180259
ENSG00000160352,21264965,21308073,43108
ENSG00000200874,75142349,75142450,101
ENSG00000264312,75209959,75210221,262
ENSG00000243729,29323007,29399744,76737
ENSG00000219039,75464981,75465459,478
ENSG00000265020,75544515,75544587,72
ENSG00000214822,20404826,20415670,10844
ENSG00000011347,61282785,61348620,65835
ENSG00000078795,137223657,137278436,54779
ENSG00000257796,29267101,29267640,539
ENSG00000198053,1875154,1920543,45389
ENSG00000083782,91357456,91398803,41347
ENSG00000235090,75552073,75552761,688
ENSG00000077150,104153867,104162281,8414
ENSG00000161921,4636821,4643217,6396
ENSG00000242289,29390471,29399828,9357
ENSG00000107854,93558069,93625033,66964
ENSG00000201643,75573100,75573234,134
ENSG00000167797,67273968,67276120,2152
ENSG00000229181,29412732,29417960,5228
ENSG00000237421,29432454,29437664,5210
ENSG00000229136,29442883,29443929,1046
ENSG00000157014,10289707,10322902,33195
ENSG00000144057,107418056,107503564,85508
ENSG00000232974,29457130,29457535,405
ENSG00000260117,115079988,115092796,12808
ENSG00000237524,127656472,127659673,3201
ENSG00000224753,29465368,29478414,13046
ENSG00000260016,115095034,115099423,4389
ENSG00000063176,49122548,49133974,11426
ENSG00000261069,25332808,25334043,1235
ENSG00000260615,115111642,115112112,470
ENSG00000268788,76871883,76878526,6643
ENSG00000235788,29497284,29501432,4148
ENSG00000207375,25336933,25337024,91
ENSG00000138755,76922428,76928641,6213
ENSG00000207279,25339184,25339275,91
ENSG00000252326,25342810,25342901,91
ENSG00000103197,2097466,2138716,41250
ENSG00000251815,25344646,25344741,95
ENSG00000143954,79252812,79255631,2819
ENSG00000139330,91444268,91451760,7492
ENSG00000251896,25346722,25346813,91
ENSG00000227576,29505568,29506651,1083
ENSG00000207245,25351668,25351750,82
ENSG00000266925,20410726,20412244,1518
ENSG00000226896,29521110,29522057,947
ENSG00000186814,32831032,32870196,39164
ENSG00000252277,25353415,25353499,84
ENSG00000173988,46786083,46851501,65418
ENSG00000270523,25376125,25376484,359
ENSG00000148357,133046882,133309510,262628
ENSG00000229469,29541800,29542727,927
ENSG00000187848,133195366,133198972,3606
ENSG00000212428,25404368,25404426,58
ENSG00000231645,20415873,20420792,4919
ENSG00000126903,153715645,153719016,3371
ENSG00000270814,25414484,25414823,339
ENSG00000116209,54497347,54519177,21830
ENSG00000201831,25415870,25415951,81
ENSG00000225305,29545351,29545640,289
ENSG00000199712,25417782,25417863,81
ENSG00000196705,21324827,21373034,48207
ENSG00000199970,25420074,25420155,81
ENSG00000200680,25421979,25422060,81
ENSG00000200503,25423885,25423966,81
ENSG00000265634,29550140,29550223,83
ENSG00000200812,25425644,25425725,81
ENSG00000215014,1510355,1511373,1018
ENSG00000224053,29550399,29550916,517
ENSG00000164398,131142683,131347936,205253
ENSG00000200726,25429453,25429534,81
ENSG00000133858,72003252,72061505,58253
ENSG00000228594,1533392,1535476,2084
ENSG00000199782,25430778,25430859,81
ENSG00000213420,99767229,99774995,7766
ENSG00000067369,43699407,43802926,103519
ENSG00000201943,25432683,25432763,80
ENSG00000236971,29603970,29604253,283
ENSG00000200486,25434561,25434642,81
ENSG00000199453,25436563,25436644,81
ENSG00000272410,10291056,10327480,36424
ENSG00000136643,213224589,213448116,223527
ENSG00000199960,25440068,25440148,80
ENSG00000205215,20422625,20432000,9375
ENSG00000237825,33237360,33245105,7745
ENSG00000201679,25442723,25442803,80
ENSG00000200953,51550651,51550760,109
ENSG00000200757,25444595,25444676,81
ENSG00000122735,34457412,34520982,63570
ENSG00000199824,51556684,51556790,106
ENSG00000201482,25446470,25446551,81
ENSG00000206465,30888704,30889526,822
ENSG00000206507,29758890,29765609,6719
ENSG00000271065,51815740,51818395,2655
ENSG00000198336,45277812,45301045,23233
ENSG00000200163,25448374,25448455,81
ENSG00000138604,69452923,69564556,111633
ENSG00000199968,25449504,25449585,81
ENSG00000127955,79763271,79848718,85447
ENSG00000201969,25451409,25451490,81
ENSG00000176679,3447082,3448082,1000
ENSG00000199833,25453230,25453310,80
ENSG00000131864,57630506,57643294,12788
ENSG00000201326,25455065,25455146,81
ENSG00000182141,21473962,21512227,38265
ENSG00000201331,25456943,25457024,81
ENSG00000200398,25458795,25458876,81
ENSG00000199489,25460688,25460769,81
ENSG00000148704,118888032,118897812,9780
ENSG00000259061,87402984,87455469,52485
ENSG00000201300,25465644,25465725,81
ENSG00000183309,144718183,144735900,17717
ENSG00000200801,25467495,25467575,80
ENSG00000236225,29759783,29760757,974
ENSG00000258496,87717447,87718023,576
ENSG00000115760,32582096,32843966,261870
ENSG00000257851,52106253,52107390,1137
ENSG00000260122,52203489,52204384,895
ENSG00000258958,87790097,87798734,8637
ENSG00000172466,32912176,32925446,13270
ENSG00000260538,29768235,29770242,2007
ENSG00000124171,49348081,49373332,25251
ENSG00000261586,52211683,52213934,2251
ENSG00000141946,57645464,57656570,11106
ENSG00000258859,87819414,88039366,219952
ENSG00000261308,52214243,52216199,1956
ENSG00000260473,52217287,52229280,11993
ENSG00000178562,204571198,204603635,32437
ENSG00000173320,184774584,184944679,170095
ENSG00000104368,42032236,42065242,33006
ENSG00000101327,1959403,1974732,15329
ENSG00000156219,76932337,77033955,101618
ENSG00000172687,21541732,21562104,20372
ENSG00000237554,29771014,29771810,796
ENSG00000254046,106631031,106631449,418
ENSG00000199704,25468393,25468474,81
ENSG00000235506,106636402,106637113,711
ENSG00000200987,25470350,25470431,81
ENSG00000266042,20429415,20429523,108
ENSG00000258873,57665389,57678811,13422
ENSG00000202188,25472256,25472337,81
ENSG00000243870,76366935,76367216,281
ENSG00000235714,29780382,29780513,131
ENSG00000200949,25474114,25474195,81
ENSG00000260907,20433355,20434194,839
ENSG00000200063,76396016,76396144,128
ENSG00000228490,29793554,29794520,966
ENSG00000200593,25475985,25476066,81
ENSG00000137819,69591286,69700119,108833
ENSG00000265916,20435561,20436194,633
ENSG00000199311,25477534,25477615,81
ENSG00000099715,4868267,5610265,741998
ENSG00000158815,21899909,21906320,6411
ENSG00000231904,29794010,29796732,2722
ENSG00000267432,76480964,76495428,14464
ENSG00000187600,46656329,46711564,55235
ENSG00000201992,25479394,25479475,81
ENSG00000264981,20446287,20447436,1149
ENSG00000187699,190744335,191068210,323875
ENSG00000187486,17407406,17410878,3472
ENSG00000235203,20446794,20454276,7482
ENSG00000267770,76518329,76518910,581
ENSG00000137177,17759414,17987854,228440
ENSG00000170860,14219858,14242619,22761
ENSG00000215428,133274029,133282639,8610
ENSG00000243426,76528875,76529137,262
ENSG00000232988,29802806,29803937,1131
ENSG00000257502,32795638,32801343,5705
ENSG00000267123,76613471,76628139,14668
ENSG00000235697,29812771,29813137,366
ENSG00000166263,53046088,53241646,195558
ENSG00000224538,29814010,29814872,862
ENSG00000133026,8377523,8534079,156556
ENSG00000231287,29832179,29833169,990
ENSG00000261149,98475800,98500083,24283
ENSG00000157017,10327359,10334631,7272
ENSG00000233964,29832655,29835432,2777
ENSG00000124243,49411431,49493714,82283
ENSG00000229284,30898353,30911572,13219
ENSG00000231526,32799929,32805799,5870
ENSG00000125834,2082257,2157684,75427
ENSG00000196268,21579921,21610375,30454
ENSG00000115165,158271131,158345473,74342
ENSG00000227366,29838543,29838728,185
ENSG00000162998,183698002,183731890,33888
ENSG00000083844,57702868,57724724,21856
ENSG00000234831,29846341,29847333,992
ENSG00000259887,52242007,52246513,4506
ENSG00000235144,29860828,29862802,1974
ENSG00000186298,111157485,111180744,23259
ENSG00000258021,52294349,52295120,771
ENSG00000138379,190920423,190927455,7032
ENSG00000206992,52381441,52381547,106
ENSG00000235809,29897440,29897836,396
ENSG00000259884,52452243,52453287,1044
ENSG00000175054,142168077,142297668,129591
ENSG00000236203,29898668,29899545,877
ENSG00000257663,52470625,52475868,5243
ENSG00000102445,46916139,47012325,96186
ENSG00000186795,118957000,118969810,12810
ENSG00000206463,30941073,30947468,6395
ENSG00000257542,52473480,52502045,28565
ENSG00000003056,9092959,9102551,9592
ENSG00000109111,26989109,27029697,40588
ENSG00000236598,29905242,29966257,61015
ENSG00000125780,2276647,2321724,45077
ENSG00000165646,119000604,119038941,38337
ENSG00000137251,54172657,54254950,82293
ENSG00000226165,32814683,32822138,7455
ENSG00000135535,109687717,109703762,16045
ENSG00000144744,69103881,69129559,25678
ENSG00000125879,16729003,16750707,21704
ENSG00000269237,21587961,21674068,86107
ENSG00000134780,61447905,61514473,66568
ENSG00000164303,185009859,185142383,132524
ENSG00000196862,108443388,108507297,63909
ENSG00000202499,25481232,25481313,81
ENSG00000200638,25483133,25483214,81
ENSG00000159352,151227179,151239955,12776
ENSG00000201907,25484985,25485066,81
ENSG00000200564,25486893,25486974,81
ENSG00000164638,5314000,5346501,32501
ENSG00000272460,25488761,25488842,81
ENSG00000130707,133320316,133376661,56345
ENSG00000197013,21679484,21739072,59588
ENSG00000200478,25490625,25490706,81
ENSG00000201143,25492492,25492573,81
ENSG00000236046,50907060,50909689,2629
ENSG00000089169,113008184,113336686,328502
ENSG00000170684,45574758,45579846,5088
ENSG00000202373,25494345,25494426,81
ENSG00000230882,75700787,75704281,3494
ENSG00000228085,50911275,50911429,154
ENSG00000202261,25496006,25496087,81
ENSG00000244165,10222214,10226048,3834
ENSG00000261023,98507245,98642555,135310
ENSG00000251798,75716762,75716865,103
ENSG00000212380,25509657,25509737,80
ENSG00000212528,25513613,25513698,85
ENSG00000228204,50934444,51090687,156243
ENSG00000223798,29910349,29911344,995
ENSG00000227038,75719749,75738097,18348
ENSG00000111670,102139275,102224716,85441
ENSG00000201634,25514930,25515005,75
ENSG00000201133,51003047,51003190,143
ENSG00000239169,25523490,25523556,66
ENSG00000231490,51327126,51327864,738
ENSG00000261529,25590780,25592382,1602
ENSG00000241778,75737752,75738081,329
ENSG00000228524,29910811,29914184,3373
ENSG00000235731,25729978,25823938,93960
ENSG00000238935,75742116,75742214,98
ENSG00000223628,25826116,25826269,153
ENSG00000227233,51449981,51452357,2376
ENSG00000239457,32870615,32874900,4285
ENSG00000142252,45582453,45594782,12329
ENSG00000222123,25983655,25983767,112
ENSG00000251564,51452463,51452868,405
ENSG00000199214,26063130,26063217,87
ENSG00000208033,105978547,105978641,94
ENSG00000266517,26093894,26093972,78
ENSG00000228897,51454060,51454798,738
ENSG00000266852,106028080,106028177,97
ENSG00000259011,26110442,26122358,11916
ENSG00000154493,128113566,128359079,245513
ENSG00000132130,35294084,35301917,7833
ENSG00000270075,106071899,106073639,1740
ENSG00000168913,34521038,34523039,2001
ENSG00000141150,34058668,34070540,11872
ENSG00000228261,106083127,106086762,3635
ENSG00000006071,17414432,17498449,84017
ENSG00000206187,26147507,26298267,150760
ENSG00000197020,21905568,21950430,44862
ENSG00000258208,30964801,30993617,28816
ENSG00000262608,98424030,98424136,106
ENSG00000058272,80167343,80329240,161897
ENSG00000266022,98510962,98511041,79
ENSG00000255913,31021149,31025764,4615
ENSG00000261990,98514302,98514402,100
ENSG00000258191,31028015,31031837,3822
ENSG00000235372,29936292,29937582,1290
ENSG00000206461,31071421,31072757,1336
ENSG00000111181,299243,323736,24493
ENSG00000215621,79780293,79784533,4240
ENSG00000266557,29993432,29993564,132
ENSG00000205856,32544993,32555309,10316
ENSG00000235722,30016327,30019333,3006
ENSG00000119969,96305547,96373662,68115
ENSG00000265674,30037417,30037578,161
ENSG00000236798,30091368,30093191,1823
ENSG00000031691,49431091,49460820,29729
ENSG00000227080,51456127,51456811,684
ENSG00000229478,51667982,51668269,287
ENSG00000236729,30138607,30302143,163536
ENSG00000206458,31074948,31100262,25314
ENSG00000267075,20448684,20453265,4581
ENSG00000229403,51681947,51698566,16619
ENSG00000101126,49505585,49547958,42373
ENSG00000230339,20457450,20457693,243
ENSG00000166948,2361554,2413399,51845
ENSG00000242650,51784354,51784615,261
ENSG00000272724,52478528,52486069,7541
ENSG00000233960,52232931,52260609,27678
ENSG00000263946,20458284,20462723,4439
ENSG00000198521,21987752,22034927,47175
ENSG00000017260,130569439,130735556,166117
ENSG00000253028,52337133,52337265,132
ENSG00000179833,64858755,64978139,119384
ENSG00000158158,97426639,97477628,50989
ENSG00000163599,204732509,204738683,6174
ENSG00000249434,30142869,30146845,3976
ENSG00000269464,5306691,5312605,5914
ENSG00000238506,52391494,52391585,91
ENSG00000186470,26365387,26378546,13159
ENSG00000234304,52959530,52965500,5970
ENSG00000122756,34551430,34590121,38691
ENSG00000172901,115298151,115363316,65165
ENSG00000132139,34071530,34079897,8367
ENSG00000204913,38097727,38101000,3273
ENSG00000158104,122277433,122301502,24069
ENSG00000168757,6114264,6117060,2796
ENSG00000213549,75742344,75742718,374
ENSG00000235727,30266817,30303159,36342
ENSG00000224273,75747043,75761505,14462
ENSG00000153113,95860971,96115299,254328
ENSG00000228829,75803051,75806523,3472
ENSG00000139329,91496406,91505608,9202
ENSG00000116205,54519260,54578192,58932
ENSG00000231233,106111349,106113333,1984
ENSG00000117707,214156524,214214595,58071
ENSG00000128253,32586422,32600718,14296
ENSG00000238620,106159563,106159661,98
ENSG00000007047,45582546,45808541,225995
ENSG00000263569,75918108,75918371,263
ENSG00000135636,71680852,71913898,233046
ENSG00000225768,106234697,106240032,5335
ENSG00000213548,75991085,75991430,345
ENSG00000223970,53070113,53071122,1009
ENSG00000233980,76099479,76100375,896
ENSG00000237761,106375860,106376731,871
ENSG00000250614,76103904,76108173,4269
ENSG00000227344,53255081,53256631,1550
ENSG00000226387,106424366,106425958,1592
ENSG00000156162,95731931,95806064,74133
ENSG00000237727,31570375,31572212,1837
ENSG00000071889,153733350,153744566,11216
ENSG00000258965,26173293,26173722,429
ENSG00000250778,76150928,76151391,463
ENSG00000168310,185308867,185395734,86867
ENSG00000130811,10225693,10230596,4903
ENSG00000271194,53383842,53384433,591
ENSG00000207068,107294417,107294523,106
ENSG00000199629,53433751,53433902,151
ENSG00000233477,107445141,107445623,482
ENSG00000238560,76152922,76153023,101
ENSG00000222154,53557841,53558132,291
ENSG00000212604,26254087,26254221,134
ENSG00000105146,57742377,57746916,4539
ENSG00000230305,76153832,76162009,8177
ENSG00000234105,53582685,53584809,2124
ENSG00000258931,26295685,26297423,1738
ENSG00000213260,107446080,107446809,729
ENSG00000228627,53626907,53635942,9035
ENSG00000229466,107568533,107578955,10422
ENSG00000185040,76163011,76170884,7873
ENSG00000259150,26360960,26378184,17224
ENSG00000188672,25688740,25756683,67943
ENSG00000232326,32879675,32896470,16795
ENSG00000229775,107900022,107948480,48458
ENSG00000091010,145718587,145720083,1496
ENSG00000232232,30327431,30327565,134
ENSG00000258374,30332249,30332336,87
ENSG00000229149,30335294,30335927,633
ENSG00000157322,69984810,69998141,13331
ENSG00000223560,30339126,30340294,1168
ENSG00000167914,38119226,38134019,14793
ENSG00000257249,30340493,30340616,123
ENSG00000235160,26640219,26691921,51702
ENSG00000137807,69706585,69740764,34179
ENSG00000129270,34083268,34122711,39443
ENSG00000257690,30344193,30344910,717
ENSG00000258149,30358535,30358619,84
ENSG00000235518,26902177,26903910,1733
ENSG00000257535,30368502,30368589,87
ENSG00000135914,231972944,231989832,16888
ENSG00000212670,54569968,54571750,1782
ENSG00000131171,80457442,80554046,96604
ENSG00000257901,30369017,30369104,87
ENSG00000252391,76692776,76692879,103
ENSG00000100191,32614465,32651328,36863
ENSG00000242793,27096279,27096757,478
ENSG00000267355,76842035,76842950,915
ENSG00000236727,30390730,30395334,4604
ENSG00000267601,76851560,76851926,366
ENSG00000157211,54598747,54619443,20696
ENSG00000259122,27210064,27215532,5468
ENSG00000203972,49467671,49494760,27089
ENSG00000112164,39016574,39055519,38945
ENSG00000131389,14444076,14530857,86781
ENSG00000138028,27321757,27341995,20238
ENSG00000257651,30403283,30403496,213
ENSG00000108604,61909444,61920425,10981
ENSG00000258070,30432997,30433120,123
ENSG00000257686,30485727,30485799,72
ENSG00000256407,54606897,54665746,58849
ENSG00000135218,79998891,80308593,309702
ENSG00000215002,108309864,108310879,1015
ENSG00000257659,30487452,30487536,84
ENSG00000258025,30488552,30488639,87
ENSG00000225382,30492289,30495243,2954
ENSG00000185448,34147869,34150447,2578
ENSG00000200626,108729779,108729908,129
ENSG00000257416,30506512,30507598,1086
ENSG00000248835,54635333,54637997,2664
ENSG00000258243,30508918,30509042,124
ENSG00000257945,30514699,30514919,220
ENSG00000147027,34645181,34675405,30224
ENSG00000157020,10334815,10362862,28047
ENSG00000258094,30515142,30515229,87
ENSG00000197261,49518113,49529620,11507
ENSG00000257693,30525031,30525152,121
ENSG00000206460,31075288,31080647,5359
ENSG00000128276,32750872,32757148,6276
ENSG00000236100,30672830,30673559,729
ENSG00000231860,30679091,30689207,10116
ENSG00000143499,214454445,214510474,56029
ENSG00000125835,2442280,2451499,9219
ENSG00000237108,31006269,31011068,4799
ENSG00000253883,106653371,106653661,290
ENSG00000228147,31033296,31038966,5670
ENSG00000271201,106663246,106665214,1968
ENSG00000189132,34960913,34963034,2121
ENSG00000113649,145826874,145891524,64650
ENSG00000221180,106663421,106663529,108
ENSG00000200079,109221318,109221427,109
ENSG00000206459,31097761,31099575,1814
ENSG00000253996,106669468,106669951,483
ENSG00000258103,31039064,31039247,183
ENSG00000107164,133454352,133513739,59387
ENSG00000164967,34610483,34612101,1618
ENSG00000266548,31475776,31475877,101
ENSG00000253957,106714360,106714821,461
ENSG00000141497,4643319,4649411,6092
ENSG00000230616,31498549,31499360,811
ENSG00000000419,49551404,49575092,23688
ENSG00000253345,106719955,106720219,264
ENSG00000215883,54638009,54665709,27700
ENSG00000254045,106721281,106721308,27
ENSG00000205628,53723202,53879624,156422
ENSG00000196767,82763269,82764775,1506
ENSG00000229981,109517591,109871360,353769
ENSG00000238275,106743406,106744252,846
ENSG00000189023,35816459,35821852,5393
ENSG00000205853,32755893,32778039,22146
ENSG00000135931,232063260,232239548,176288
ENSG00000222355,53843829,53844017,188
ENSG00000229084,106744269,106744975,706
ENSG00000204371,31847536,31865464,17928
ENSG00000270535,27809047,27809373,326
ENSG00000271306,53847476,53847956,480
ENSG00000233965,31507182,31507761,579
ENSG00000232418,53854860,53854991,131
ENSG00000183035,83116154,83141705,25551
ENSG00000232671,151252500,151254405,1905
ENSG00000235454,53929926,53931032,1106
ENSG00000265849,31515442,31515517,75
ENSG00000225287,27821207,27843493,22286
ENSG00000259207,45331212,45421658,90446
ENSG00000238131,53994369,54015437,21068
ENSG00000160321,22115760,22193751,77991
ENSG00000238126,31590211,31590484,273
ENSG00000231427,54398390,54417542,19152
ENSG00000253441,106745623,106746073,450
ENSG00000266231,31736082,31736184,102
ENSG00000124920,61520114,61555990,35876
ENSG00000221995,27400537,27418537,18000
ENSG00000236912,31743441,31744719,1278
ENSG00000264393,31757947,31758035,88
ENSG00000253367,106750162,106750402,240
ENSG00000122126,128673826,128726538,52712
ENSG00000238354,54427585,54427688,103
ENSG00000263864,31814397,31814459,62
ENSG00000225256,27845598,27848709,3111
ENSG00000205485,76178677,76257299,78622
ENSG00000213673,54487137,54488021,884
ENSG00000266300,31816211,31816277,66
ENSG00000253462,106765678,106765927,249
ENSG00000232266,31862895,31863188,293
ENSG00000165164,35937851,36008269,70418
ENSG00000213609,65662211,65663005,794
ENSG00000253482,106770914,106771238,324
ENSG00000266653,32057628,32057748,120
ENSG00000224223,54624663,54639419,14756
ENSG00000136141,47127303,47327175,199872
ENSG00000254326,106774086,106774499,413
ENSG00000223856,27856055,27859704,3649
ENSG00000105967,115575202,115799950,224748
ENSG00000234216,32304328,32305287,959
ENSG00000226426,65796105,65797040,935
ENSG00000267491,76899345,76901106,1761
ENSG00000228735,54643745,54646487,2742
ENSG00000254214,106785676,106785916,240
ENSG00000253464,106787368,106787804,436
ENSG00000250565,46717889,46769696,51807
ENSG00000235004,27869163,27870333,1170
ENSG00000200471,54688718,54688824,106
ENSG00000235489,65928715,65930611,1896
ENSG00000266711,77128804,77132484,3680
ENSG00000266435,32331634,32331740,106
ENSG00000232612,54724051,54724427,376
ENSG00000235135,32369260,32372436,3176
ENSG00000266665,77680985,77681058,73
ENSG00000253491,106798646,106798877,231
ENSG00000234707,54827118,54872621,45503
ENSG00000214105,77681075,77686081,5006
ENSG00000253587,106800319,106800757,438
ENSG00000227384,32438582,32452263,13681
ENSG00000252054,54933511,54933717,206
ENSG00000252426,27869489,27869642,153
ENSG00000031003,137273649,137387650,114001
ENSG00000218586,55001392,55005877,4485
ENSG00000072133,83318984,83442933,123949
ENSG00000137100,34613548,34620515,6967
ENSG00000231141,27874637,27879535,4898
ENSG00000264998,32468460,32468608,148
ENSG00000253149,106810597,106810633,36
ENSG00000134138,37181406,37393504,212098
ENSG00000112077,49572871,49604552,31681
ENSG00000239173,77687493,77687588,95
ENSG00000254289,106812091,106812517,426
ENSG00000237577,32670372,32671202,830
ENSG00000262768,77774397,77776326,1929
ENSG00000100916,36295524,36401531,106007
ENSG00000232614,27876158,27881307,5149
ENSG00000181577,43968317,43973695,5378
ENSG00000224057,55247443,55256627,9184
ENSG00000254203,106823315,106823594,279
ENSG00000197134,22235254,22274282,39028
ENSG00000100220,32783569,32808242,24673
ENSG00000143373,151254094,151264656,10562
ENSG00000158856,21906506,21940038,33532
ENSG00000237210,55311940,55313374,1434
ENSG00000226343,32683098,32684035,937
ENSG00000108270,35306175,35414171,107996
ENSG00000230564,55327502,55327949,447
ENSG00000134444,59854491,59974355,119864
ENSG00000264180,32702571,32702638,67
ENSG00000132275,6616305,6624850,8545
ENSG00000154768,34087916,34092098,4182
ENSG00000233089,32795470,32797879,2409
ENSG00000231631,32898409,32902343,3934
ENSG00000227345,51026325,51130715,104390
ENSG00000158234,138327448,138352218,24770
ENSG00000011465,91539025,91576900,37875
ENSG00000168763,97481982,97499648,17666
ENSG00000230936,55410009,55412651,2642
ENSG00000116221,54649714,54691137,41423
ENSG00000176034,36053908,36163187,109279
ENSG00000223475,55640864,55656029,15165
ENSG00000233977,55659767,55660886,1119
ENSG00000234642,32830521,32831197,676
ENSG00000231394,55661470,55662699,1229
ENSG00000234844,55705967,55706535,568
ENSG00000237334,32847757,32847831,74
ENSG00000257879,78820606,78836732,16126
ENSG00000263423,32888280,32888374,94
ENSG00000231580,33030638,33031047,409
ENSG00000197530,1550795,1565990,15195
ENSG00000119729,46768945,46810260,41315
ENSG00000234260,33042924,33048466,5542
ENSG00000169957,30535325,30538142,2817
ENSG00000241596,115377380,115380126,2746
ENSG00000243359,115556715,115557005,290
ENSG00000227577,33054938,33058474,3536
ENSG00000061676,183773843,183903586,129743
ENSG00000240922,116078871,116088937,10066
ENSG00000115902,65215611,65250999,35388
ENSG00000130711,133539981,133558368,18387
ENSG00000241397,116271320,116287111,15791
ENSG00000235657,29899000,29903640,4640
ENSG00000226071,33063595,33080224,16629
ENSG00000241156,116301401,116301677,276
ENSG00000100629,80943330,81425861,482531
ENSG00000206457,31102653,31118444,15791
ENSG00000198406,116364592,116365574,982
ENSG00000198535,62359176,62363116,3940
ENSG00000170412,72420990,72447792,26802
ENSG00000172023,79312156,79315145,2989
ENSG00000205081,36246735,36403431,156696
ENSG00000090857,70147529,70195203,47674
ENSG00000169955,30537244,30546668,9424
ENSG00000231895,33082356,33082482,126
ENSG00000205502,62455734,62457482,1748
ENSG00000217281,33316721,33317416,695
ENSG00000145555,16665395,16936372,270977
ENSG00000105516,49133287,49140695,7408
ENSG00000119760,27873679,27886676,12997
ENSG00000169964,44903361,44907162,3801
ENSG00000228740,27402762,27406466,3704
ENSG00000125851,17206752,17465223,258471
ENSG00000262245,118842417,118852001,9584
ENSG00000253440,106825038,106825477,439
ENSG00000214254,27453236,27453782,546
ENSG00000113845,119217379,119243937,26558
ENSG00000253325,106833231,106833664,433
ENSG00000200326,27525465,27525583,118
ENSG00000258624,27585671,27585951,280
ENSG00000261426,27607456,27611544,4088
ENSG00000253240,106848685,106849142,457
ENSG00000258970,27663942,27665881,1939
ENSG00000091428,173600002,173917621,317619
ENSG00000130713,133569108,133580248,11140
ENSG00000259152,27667527,27673484,5957
ENSG00000179912,57643392,57824788,181396
ENSG00000253359,106852588,106853026,438
ENSG00000259168,27728181,27787137,58956
ENSG00000214243,76279718,76280214,496
ENSG00000172660,34136459,34191619,55160
ENSG00000253989,106873942,106873995,53
ENSG00000258594,27866680,27874435,7755
ENSG00000253467,106881270,106881468,198
ENSG00000258853,27929644,27930914,1270
ENSG00000073350,73521161,73571289,50128
ENSG00000263192,118868852,118886501,17649
ENSG00000232394,28020767,28021944,1177
ENSG00000228757,106892325,106892465,140
ENSG00000228992,28140850,28141728,878
ENSG00000174196,51187938,51192032,4094
ENSG00000253294,106896861,106896918,57
ENSG00000253705,106899044,106899493,449
ENSG00000198173,37026432,37029739,3307
ENSG00000256338,28560798,28561102,304
ENSG00000163810,44916100,44956482,40382
ENSG00000205143,34621376,34628104,6728
ENSG00000243958,32901828,32937246,35418
ENSG00000228966,106916017,106916980,963
ENSG00000261401,28577383,28581755,4372
ENSG00000163558,169940153,170023769,83616
ENSG00000160191,44073746,44195619,121873
ENSG00000145050,51422478,51426828,4350
ENSG00000166333,6624961,6632102,7141
ENSG00000254228,106919183,106919483,300
ENSG00000139684,47345391,47371367,25976
ENSG00000261561,28591636,28591793,157
ENSG00000063180,49141199,49149569,8370
ENSG00000239815,128506633,128508898,2265
ENSG00000269529,50690489,50691718,1229
ENSG00000184451,40830907,40835935,5028
ENSG00000181444,149461271,149470568,9297
ENSG00000237850,28594197,28603226,9029
ENSG00000116001,70436576,70475792,39216
ENSG00000214556,36991341,36997708,6367
ENSG00000115386,79347488,79350545,3057
ENSG00000204524,57751973,57766503,14530
ENSG00000262088,118886422,118889401,2979
ENSG00000168143,54711569,54806820,95251
ENSG00000130962,37208528,37316548,108020
ENSG00000239857,916189,936073,19884
ENSG00000272899,128510821,128512098,1277
ENSG00000147955,34634719,34637806,3087
ENSG00000221401,128546825,128546943,118
ENSG00000224163,128552714,128554117,1403
ENSG00000185958,50720013,50790405,70392
ENSG00000182095,5346421,5465045,118624
ENSG00000258847,66424015,66471241,47226
ENSG00000198130,191054461,191208919,154458
ENSG00000257165,78842775,78934455,91680
ENSG00000163600,204801471,204826300,24829
ENSG00000171914,62682725,63136830,454105
ENSG00000257564,79187306,79187894,588
ENSG00000253597,106928717,106928888,171
ENSG00000253588,106934226,106934399,173
ENSG00000257948,79198128,79202279,4151
ENSG00000261497,28607942,28610877,2935
ENSG00000187156,106938445,106977000,38555
ENSG00000257191,79354038,79439424,85386
ENSG00000197714,57791419,57804937,13518
ENSG00000241273,28632351,28632629,278
ENSG00000164941,95825539,95893974,68435
ENSG00000221050,28633515,28633597,82
ENSG00000257894,79734985,79897176,162191
ENSG00000261524,28648014,28650179,2165
ENSG00000125691,37004118,37010096,5978
ENSG00000266039,28671637,28671730,93
ENSG00000144579,219262979,219270664,7685
ENSG00000157216,54691105,54879152,188047
ENSG00000168350,100612756,100626500,13744
ENSG00000260159,28699806,28702929,3123
ENSG00000267619,118889142,118896164,7022
ENSG00000142233,49164664,49176338,11674
ENSG00000261365,28718468,28718594,126
ENSG00000224748,32902901,32911670,8769
ENSG00000250349,37208583,38546928,1338345
ENSG00000263964,28735898,28735991,93
ENSG00000137252,55039050,55147418,108368
ENSG00000178229,57831877,57842144,10267
ENSG00000260053,28751771,28753954,2183
ENSG00000106479,149535456,149564568,29112
ENSG00000149305,113775399,113817287,41888
ENSG00000174194,51224681,51371321,146640
ENSG00000238607,28768331,28768413,82
ENSG00000244424,28769299,28769577,278
ENSG00000261041,28791058,28794923,3865
ENSG00000147036,37430822,37543716,112894
ENSG00000102468,47405685,47471169,65484
ENSG00000181135,144766622,144796068,29446
ENSG00000227717,28798718,28806525,7807
ENSG00000153093,111490150,111875799,385649
ENSG00000125864,17474550,17549865,75315
ENSG00000184459,32809834,32860471,50637
ENSG00000131845,57862675,57871266,8591
ENSG00000124217,49575363,49577820,2457
ENSG00000141655,59992520,60058516,65996
ENSG00000152104,214522039,214725792,203753
ENSG00000185250,109711418,109762374,50956
ENSG00000233900,66380131,66380679,548
ENSG00000047597,37545012,37591383,46371
ENSG00000176920,49199228,49209207,9979
ENSG00000097007,133589333,133763062,173729
ENSG00000270648,66522640,66522929,289
ENSG00000130816,10244021,10341962,97941
ENSG00000216740,66585329,66586336,1007
ENSG00000224714,66660894,66684276,23382
ENSG00000026559,49620193,49639666,19473
ENSG00000152433,57874845,57890933,16088
ENSG00000270754,66814218,66814761,543
ENSG00000262676,118894824,118901597,6773
ENSG00000227173,66929196,66929627,431
ENSG00000196109,22361893,22379753,17860
ENSG00000242241,128610788,128611087,299
ENSG00000221249,76326819,76326971,152
ENSG00000244556,128668943,128670581,1638
ENSG00000231183,76531808,76548508,16700
ENSG00000213218,61949372,61951126,1754
ENSG00000233724,67007790,67008550,760
ENSG00000263778,28615937,28616005,68
ENSG00000231087,76597514,76598567,1053
ENSG00000249032,28616026,28622258,6232
ENSG00000236280,76597663,76597835,172
ENSG00000225703,76601996,76606278,4282
ENSG00000196350,22469210,22499978,30768
ENSG00000230359,128696073,128696824,751
ENSG00000257832,28658641,28659004,363
ENSG00000186704,76607934,76673092,65158
ENSG00000165168,37639264,37672714,33450
ENSG00000256060,57874879,57876721,1842
ENSG00000238733,128701585,128701688,103
ENSG00000249814,28700592,28701479,887
ENSG00000260444,28810132,28810298,166
ENSG00000263532,28744522,28744629,107
ENSG00000261581,28820165,28824546,4381
ENSG00000180992,44081194,44095194,14000
ENSG00000197360,22573821,22715287,141466
ENSG00000268133,57874934,57909952,35018
ENSG00000176909,49215999,49222978,6979
ENSG00000108344,38137050,38154213,17163
ENSG00000171723,66974125,67648520,674395
ENSG00000104365,42128820,42189973,61153
ENSG00000163798,27886338,27917840,31502
ENSG00000265479,76610266,76673092,62826
ENSG00000108255,27573881,27581512,7631
ENSG00000108924,53342373,53402426,60053
ENSG00000166736,113845603,113861035,15432
ENSG00000135338,80194708,80247175,52467
ENSG00000166963,43803156,43823818,20662
ENSG00000213930,34638130,34651032,12902
ENSG00000125868,17550508,17590564,40056
ENSG00000155034,5470966,5553429,82463
ENSG00000051382,138372860,138553780,180920
ENSG00000136758,27399383,27444195,44812
ENSG00000229676,22817126,22850472,33346
ENSG00000136143,48510622,48612125,101503
ENSG00000206149,28834638,28930410,95772
ENSG00000188785,57901218,57912786,11568
ENSG00000105963,937540,995043,57503
ENSG00000139132,32552463,32798984,246521
ENSG00000235207,55713313,55714644,1331
ENSG00000231317,55724461,55746183,21722
ENSG00000143393,151264273,151300191,35918
ENSG00000213973,22939007,22966909,27902
ENSG00000106628,44154286,44163957,9671
ENSG00000143994,27346682,27353680,6998
ENSG00000116117,205410516,206484886,1074370
ENSG00000243197,116428082,116442428,14346
ENSG00000176826,55748767,55780945,32178
ENSG00000238890,79742099,79742171,72
ENSG00000082126,202509593,202563417,53824
ENSG00000221788,79813037,79813101,64
ENSG00000161813,50786166,50873787,87621
ENSG00000100225,32870663,32894818,24155
ENSG00000266390,79856244,79856330,86
ENSG00000263757,79874828,79874920,92
ENSG00000257604,79893899,79894467,568
ENSG00000137216,44094651,44123256,28605
ENSG00000198478,80341000,80413372,72372
ENSG00000265433,116569124,116569214,90
ENSG00000269067,23158270,23185978,27708
ENSG00000242385,116640278,116651085,10807
ENSG00000230574,28752233,28752604,371
ENSG00000182676,79791368,79792926,1558
ENSG00000112462,29341200,29343068,1868
ENSG00000200372,116683959,116684074,115
ENSG00000252857,55753670,55753774,104
ENSG00000265950,28764545,28764608,63
ENSG00000243014,116745545,116745886,341
ENSG00000237006,28806290,28807427,1137
ENSG00000188710,133768815,133769225,410
ENSG00000154781,14693271,14714166,20895
ENSG00000255181,144788864,144790279,1415
ENSG00000227966,28828044,28831792,3748
ENSG00000134825,61535973,61560274,24301
ENSG00000151360,3705785,3750261,44476
ENSG00000168787,29364416,29365448,1032
ENSG00000183850,23258012,23330021,72009
ENSG00000251608,29385057,29386003,946
ENSG00000141664,60190240,60254942,64702
ENSG00000172016,79384132,79386879,2747
ENSG00000226941,24454970,24564028,109058
ENSG00000118402,80624529,80657297,32768
ENSG00000238331,77784478,77784573,95
ENSG00000137818,69745123,69748255,3132
ENSG00000262772,77797251,77801503,4252
ENSG00000196081,23404401,23433192,28791
ENSG00000104866,45594654,45651335,56681
ENSG00000262343,77821857,77823909,2052
ENSG00000204694,29393281,29424848,31567
ENSG00000038274,162930120,162946342,16222
ENSG00000262812,118914898,118927912,13014
ENSG00000262585,77889051,77900524,11473
ENSG00000181085,144798429,144804628,6199
ENSG00000130720,133777825,133814673,36848
ENSG00000262188,77893156,77899261,6105
ENSG00000242435,76633979,76635091,1112
ENSG00000241350,76640868,76645170,4302
ENSG00000184247,77910551,77910992,441
ENSG00000262172,77965743,77966640,897
ENSG00000201885,76642900,76643001,101
ENSG00000261978,77997693,77999906,2213
ENSG00000186645,76651635,76661674,10039
ENSG00000165169,37696010,37706890,10880
ENSG00000262580,78174472,78179748,5276
ENSG00000168496,61560109,61564716,4607
ENSG00000126012,53220503,53254604,34101
ENSG00000167232,23487793,23578362,90569
ENSG00000226714,28829830,28830461,631
ENSG00000242162,128706075,128706516,441
ENSG00000235184,28857440,28858514,1074
ENSG00000256566,2447858,2489553,41695
ENSG00000230004,28865131,28865921,790
ENSG00000241102,128735355,128735865,510
ENSG00000117724,214776538,214837931,61393
ENSG00000241573,128736081,128736789,708
ENSG00000108256,27582854,27621136,38282
ENSG00000240416,128757567,128757881,314
ENSG00000263937,28884244,28884343,99
ENSG00000112167,39071840,39082965,11125
ENSG00000186496,32946661,32957301,10640
ENSG00000233505,28933441,28934771,1330
ENSG00000230626,128766572,128770847,4275
ENSG00000173451,72056789,72074419,17630
ENSG00000268882,135192720,135193102,382
ENSG00000200629,128804690,128804802,112
ENSG00000240685,128808053,128809538,1485
ENSG00000185624,79801035,79818570,17535
ENSG00000254536,135204338,135233999,29661
ENSG00000243230,128849616,128853386,3770
ENSG00000088876,2462463,2505348,42885
ENSG00000269533,57901252,57931362,30110
ENSG00000252280,129045476,129045537,61
ENSG00000204152,51371390,51387768,16378
ENSG00000238072,129049954,129050211,257
ENSG00000101096,50003494,50179370,175876
ENSG00000136436,46908350,46943884,35534
ENSG00000262979,78289451,78290433,982
ENSG00000156976,186500994,186507689,6695
ENSG00000239919,129117716,129117942,226
ENSG00000263069,78325628,78388968,63340
ENSG00000198711,54703710,54704736,1026
ENSG00000006611,17515442,17565963,50521
ENSG00000127831,219283815,219318018,34203
ENSG00000225326,27894743,27896353,1610
ENSG00000187516,37850070,37850569,499
ENSG00000179846,45653008,45663408,10400
ENSG00000164305,185548850,185570663,21813
ENSG00000264961,78393218,78393293,75
ENSG00000223406,27898535,27899017,482
ENSG00000260369,78427535,78428529,994
ENSG00000267140,33023835,33077904,54069
ENSG00000229343,27959160,27960713,1553
ENSG00000214866,3751453,3836122,84669
ENSG00000113810,160117062,160152750,35688
ENSG00000164626,39156749,39197226,40477
ENSG00000232695,28007090,28007415,325
ENSG00000235511,28018078,28044800,26722
ENSG00000136522,179306073,179322442,16369
ENSG00000169245,76942273,76944650,2377
ENSG00000148824,135207598,135234811,27213
ENSG00000232914,28050665,28053397,2732
ENSG00000241973,21061979,21213705,151726
ENSG00000007255,45666186,45681495,15309
ENSG00000162390,55007930,55104865,96935
ENSG00000263419,28941851,28942146,295
ENSG00000223655,28064470,28065042,572
ENSG00000227380,28950578,28951859,1281
ENSG00000147041,37865835,37988072,122237
ENSG00000153391,33032194,33077955,45761
ENSG00000262000,78489015,78489189,174
ENSG00000230854,28069535,28075973,6438
ENSG00000050555,133884469,133969860,85391
ENSG00000254106,109218883,109220452,1569
ENSG00000149488,2517253,2622430,105177
ENSG00000157335,70207225,70221264,14039
ENSG00000271340,78489457,78489612,155
ENSG00000169248,76954835,76962568,7733
ENSG00000213128,78516003,78516405,402
ENSG00000253465,106945352,106945763,411
ENSG00000252625,28075126,28075289,163
ENSG00000253895,106950148,106950397,249
ENSG00000227635,28079980,28082028,2048
ENSG00000134824,61560452,61634826,74374
ENSG00000237546,28089415,28100299,10884
ENSG00000235356,67073543,67074728,1185
ENSG00000204178,25757388,25826700,69312
ENSG00000172283,28121660,28134216,12556
ENSG00000110801,122326637,122356203,29566
ENSG00000243714,79918657,79918950,293
ENSG00000228065,67330096,67526299,196203
ENSG00000257474,79933983,79944315,10332
ENSG00000167525,27030215,27038872,8657
ENSG00000135587,109761966,109765122,3156
ENSG00000257956,79952562,79952946,384
ENSG00000258048,80083924,80172231,88307
ENSG00000187871,55192267,55267291,75024
ENSG00000160551,27717482,27878922,161440
ENSG00000258044,80217558,80219276,1718
ENSG00000253012,67469818,67469902,84
ENSG00000186952,109624934,110074657,449723
ENSG00000273360,67839001,67878084,39083
ENSG00000125629,118846028,118868573,22545
ENSG00000252203,68254457,68254557,100
ENSG00000239000,68374995,68375096,101
ENSG00000225299,68812367,68814786,2419
ENSG00000189114,45682003,45685059,3056
ENSG00000186090,183749332,183757157,7825
ENSG00000226448,69093881,69094640,759
ENSG00000136159,48611703,48621358,9655
ENSG00000165678,85899196,85913001,13805
ENSG00000258728,34646642,34657110,10468
ENSG00000075624,5566782,5603415,36633
ENSG00000180921,144806103,144815971,9868
ENSG00000167791,67286383,67290899,4516
ENSG00000235323,20467851,20468202,351
ENSG00000264422,20479980,20482061,2081
ENSG00000155729,201353675,201384507,30832
ENSG00000267545,45683080,45705702,22622
ENSG00000234544,110055857,110056290,433
ENSG00000231258,20487071,20494493,7422
ENSG00000203434,110307733,110321573,13840
ENSG00000266958,45690646,45720191,29545
ENSG00000223381,110470276,110599121,128845
ENSG00000188013,20492371,20494013,1642
ENSG00000151332,36767770,36789882,22112
ENSG00000224498,110607944,110609319,1375
ENSG00000264728,10271,10353,82
ENSG00000253808,106971752,106971788,36
ENSG00000222436,110700727,110701068,341
ENSG00000232889,20498844,20499021,177
ENSG00000238667,11746,11828,82
ENSG00000229092,106974509,106974954,445
ENSG00000252574,110944651,110944765,114
ENSG00000238477,11986,12067,81
ENSG00000226096,20512775,20512923,148
ENSG00000271726,12803,12884,81
ENSG00000200217,110999397,110999504,107
ENSG00000146151,55299167,55444012,144845
ENSG00000235546,20515980,20517321,1341
ENSG00000253862,106987143,106987473,330
ENSG00000232728,111287877,111288766,889
ENSG00000141429,33161081,33291798,130717
ENSG00000164306,185570767,185616117,45350
ENSG00000156966,232260254,232265875,5621
ENSG00000237242,111294413,111294748,335
ENSG00000130201,45715879,45737469,21590
ENSG00000253386,107020363,107020586,223
ENSG00000227685,20516225,20536547,20322
ENSG00000270333,111421572,111421808,236
ENSG00000136146,48627459,48669267,41808
ENSG00000253241,107022105,107022543,438
ENSG00000125844,17594323,17662940,68617
ENSG00000270294,111440200,111440799,599
ENSG00000266364,20536347,20536572,225
ENSG00000224907,111567409,111567887,478
ENSG00000254167,107039493,107039794,301
ENSG00000233538,232316906,232317864,958
ENSG00000227867,28137388,28137719,331
ENSG00000272160,111629616,111629750,134
ENSG00000236504,20550600,20585112,34512
ENSG00000253941,107040702,107040960,258
ENSG00000263706,111764012,111764315,303
ENSG00000231716,28140831,28141844,1013
ENSG00000226734,111898972,111899184,212
ENSG00000228417,111967608,111968349,741
ENSG00000254398,28924551,28927398,2847
ENSG00000234744,28148401,28155003,6602
ENSG00000238340,28947708,28947790,82
ENSG00000214067,112016822,112017601,779
ENSG00000239940,28951175,28952911,1736
ENSG00000241075,28948669,28948947,278
ENSG00000261480,28964523,28983577,19054
ENSG00000157978,25870071,25895377,25306
ENSG00000227626,28991069,28991996,927
ENSG00000273143,112188598,112255962,67364
ENSG00000185666,32908539,33454358,545819
ENSG00000233156,28157582,28158384,802
ENSG00000002834,37026112,37078023,51911
ENSG00000248334,28982729,29002537,19808
ENSG00000084207,67351066,67354131,3065
ENSG00000234888,28201926,28234640,32714
ENSG00000082482,215179118,215410436,231318
ENSG00000165650,119040000,119134978,94978
ENSG00000221359,112193999,112194143,144
ENSG00000237642,112210387,112210998,611
ENSG00000174721,93666346,93669240,2894
ENSG00000171130,149570057,149577784,7727
ENSG00000138750,77035812,77069668,33856
ENSG00000264544,112235255,112235352,97
ENSG00000101955,38008589,38080696,72107
ENSG00000233518,112309873,112310612,739
ENSG00000215507,28269821,28279455,9634
ENSG00000018699,32853099,33046118,193019
ENSG00000213606,69510042,69510983,941
ENSG00000101361,2632791,2639039,6248
ENSG00000239125,112336118,112336219,101
ENSG00000115053,232318242,232348352,30110
ENSG00000162391,55074855,55089229,14374
ENSG00000263919,112393589,112393883,294
ENSG00000225922,69553528,69554003,475
ENSG00000223302,112402436,112402543,107
ENSG00000260844,29008586,29009297,711
ENSG00000121594,119243140,119278449,35309
ENSG00000262243,55849157,55879488,30331
ENSG00000252036,112516214,112516481,267
ENSG00000212520,69568260,69568366,106
ENSG00000008710,2138711,2185899,47188
ENSG00000160211,153759606,153775787,16181
ENSG00000199364,112520900,112521000,100
ENSG00000232431,29033389,29037148,3759
ENSG00000239942,69585068,69585358,290
ENSG00000232470,112629501,112631352,1851
ENSG00000237141,69593521,69593839,318
ENSG00000257989,52486269,52498081,11812
ENSG00000272892,69609283,69610504,1221
ENSG00000273400,28730486,28730593,107
ENSG00000256951,29034345,29034632,287
ENSG00000203497,112629626,112631991,2365
ENSG00000219932,69634090,69634672,582
ENSG00000264874,20613738,20613846,108
ENSG00000205269,11537938,11583757,45819
ENSG00000265827,112657848,112657913,65
ENSG00000270589,112670354,112672002,1648
ENSG00000237462,28882558,28891771,9213
ENSG00000166337,6627526,6633898,6372
ENSG00000261377,29034810,29101361,66551
ENSG00000226318,69720459,69721221,762
ENSG00000173093,111284573,111345339,60766
ENSG00000226521,20619794,20640440,20646
ENSG00000199980,35402650,35402749,99
ENSG00000221159,69730030,69730126,96
ENSG00000266467,69767477,69767774,297
ENSG00000226677,35408530,35409693,1163
ENSG00000179837,51428731,51435330,6599
ENSG00000176887,5832799,5841516,8717
ENSG00000236375,69769962,69770619,657
ENSG00000241052,35613227,35613686,459
ENSG00000259090,35627110,35628305,1195
ENSG00000265009,52504418,52504488,70
ENSG00000197372,23708433,23870022,161589
ENSG00000256243,35704386,35704857,471
ENSG00000112742,80713604,80752244,38640
ENSG00000265804,52507709,52507796,87
ENSG00000272268,6111712,6114374,2662
ENSG00000240392,35731668,35732242,574
ENSG00000201942,80272085,80272199,114
ENSG00000150760,128593978,129250781,656803
ENSG00000257867,30007934,30067620,59686
ENSG00000257557,80328681,80334448,5767
ENSG00000124490,49660073,49681274,21201
ENSG00000271496,80382794,80382998,204
ENSG00000100811,100704635,100749129,44494
ENSG00000239473,80422673,80423411,738
ENSG00000145041,51433298,51534010,100712
ENSG00000137070,34650699,34661889,11190
ENSG00000206889,117263052,117263158,106
ENSG00000141428,33552046,33559241,7195
ENSG00000238842,80462471,80462537,66
ENSG00000239268,117391001,117716439,325438
ENSG00000066032,79412357,80875905,1463548
ENSG00000231041,28911662,28912322,660
ENSG00000170370,119301955,119309056,7101
ENSG00000230291,80496676,80497113,437
ENSG00000240393,117393189,117393991,802
ENSG00000134326,6980701,7006766,26065
ENSG00000222880,80737295,80737572,277
ENSG00000126878,133971863,133998539,26676
ENSG00000253545,107042360,107042810,450
ENSG00000203772,135234170,135382916,148746
ENSG00000257786,80954796,80955339,543
ENSG00000104879,45809672,45826235,16563
ENSG00000268533,57905551,57949825,44274
ENSG00000235589,28962566,28973097,10531
ENSG00000066923,99775186,99819111,43925
ENSG00000236949,30017009,30023013,6004
ENSG00000261459,30537244,30546173,8929
ENSG00000253714,107055682,107055936,254
ENSG00000257429,80977462,80987480,10018
ENSG00000184224,67370351,67374177,3826
ENSG00000157741,138915102,138992982,77880
ENSG00000257741,81156933,81164496,7563
ENSG00000260869,30545548,30569600,24052
ENSG00000253689,107057358,107057795,437
ENSG00000199846,129124345,129124497,152
ENSG00000254395,107062111,107062561,450
ENSG00000273329,129244389,129251471,7082
ENSG00000186272,57922531,57933307,10776
ENSG00000253131,107065772,107066206,434
ENSG00000196172,23921997,23941693,19696
ENSG00000253759,107074907,107075186,279
ENSG00000169951,30565085,30569819,4734
ENSG00000212238,129396106,129396217,111
ENSG00000253742,107087202,107087658,456
ENSG00000187870,20646646,20657814,11168
ENSG00000207990,129410223,129410332,109
ENSG00000199158,129414532,129414609,77
ENSG00000207691,129414745,129414854,109
ENSG00000123612,158383279,158485517,102238
ENSG00000139187,9102640,9163356,60716
ENSG00000242078,129423210,129425025,1815
ENSG00000244036,129593074,129666391,73317
ENSG00000100234,33197687,33259030,61343
ENSG00000151725,185615772,185655287,39515
ENSG00000199516,129594533,129594634,101
ENSG00000207184,129601829,129601916,87
ENSG00000234668,31494420,31496802,2382
ENSG00000167851,72462555,72480933,18378
ENSG00000263557,129625487,129625587,100
ENSG00000218454,20674371,20674740,369
ENSG00000186230,57946697,57956853,10156
ENSG00000201109,129667117,129667237,120
ENSG00000228652,29011994,29013021,1027
ENSG00000229196,129781571,129782455,884
ENSG00000234118,112696380,112696991,611
ENSG00000136156,48807294,48837063,29769
ENSG00000130649,135333910,135374724,40814
ENSG00000259753,45331263,45421658,90395
ENSG00000135269,115850547,115898837,48290
ENSG00000213671,20678955,20680218,1263
ENSG00000267505,42870567,42871842,1275
ENSG00000205246,23945807,24010937,65130
ENSG00000231319,29053989,29055094,1105
ENSG00000267405,42872115,42875151,3036
ENSG00000224971,55799837,55800124,287
ENSG00000240571,129813558,129845201,31643
ENSG00000010379,329789,372039,42250
ENSG00000221214,112748684,112748771,87
ENSG00000237799,55804472,55807289,2817
ENSG00000213247,112864714,112865006,292
ENSG00000264540,42961354,42961639,285
ENSG00000268163,57949338,57988904,39566
ENSG00000134321,7005937,7038370,32433
ENSG00000233636,29079673,29080608,935
ENSG00000237618,113082536,113083155,619
ENSG00000054793,50213053,50385173,172120
ENSG00000224911,42980529,42981914,1385
ENSG00000205334,27928653,27938599,9946
ENSG00000227851,113109697,113111861,2164
ENSG00000226278,55832490,55840981,8491
ENSG00000230809,113257949,113258699,750
ENSG00000226347,29141320,29142360,1040
ENSG00000267334,43025280,43026307,1027
ENSG00000270992,129895742,129902610,6868
ENSG00000267788,43059882,43060140,258
ENSG00000229809,30580667,30584055,3388
ENSG00000206729,55857061,55857167,106
ENSG00000269746,70239303,70239683,380
ENSG00000200888,43148810,43148911,101
ENSG00000178201,57966542,57967854,1312
ENSG00000235738,55865639,55866173,534
ENSG00000269866,70258261,70258641,380
ENSG00000225270,55865727,55866569,842
ENSG00000224505,43227767,43238877,11110
ENSG00000107560,119764427,119806114,41687
ENSG00000234100,29274451,29275567,1116
ENSG00000229762,55878472,55879104,632
ENSG00000267288,43246172,43248951,2779
ENSG00000243316,114067939,114116332,48393
ENSG00000225018,55944431,55944717,286
ENSG00000243147,27994584,28210954,216370
ENSG00000227499,55945605,55945857,252
ENSG00000243441,29323057,29399325,76268
ENSG00000265676,55960419,55960689,270
ENSG00000178084,183770835,183778459,7624
ENSG00000267121,43268298,43299589,31291
ENSG00000206603,56123058,56123195,137
ENSG00000213967,24097678,24127961,30283
ENSG00000207168,56128163,56128295,132
ENSG00000238673,56168352,56168445,93
ENSG00000141425,33564350,33647539,83189
ENSG00000061492,137419581,137428054,8473
ENSG00000230191,56230838,56231226,388
ENSG00000197128,57978031,57988938,10907
ENSG00000127419,926175,952444,26269
ENSG00000233028,56243327,56244105,778
ENSG00000136636,215740735,215795149,54414
ENSG00000224487,29340936,29417450,76514
ENSG00000227491,56296327,56297475,1148
ENSG00000265887,56337476,56337544,68
ENSG00000166340,6634000,6640692,6692
ENSG00000222371,69917836,69918165,329
ENSG00000223559,56355923,56359118,3195
ENSG00000265530,35760692,35760782,90
ENSG00000157087,10365707,10749716,384009
ENSG00000233175,43315395,43319101,3706
ENSG00000258860,35831438,35832834,1396
ENSG00000233481,29364007,29365039,1032
ENSG00000233590,69993008,70002136,9128
ENSG00000224155,56372371,56373219,848
ENSG00000240023,35857327,35858275,948
ENSG00000259022,35899466,35899837,371
ENSG00000178852,45400656,45518678,118022
ENSG00000233483,43322553,43326203,3650
ENSG00000234102,70020314,70021256,942
ENSG00000203462,56390497,56391294,797
ENSG00000232083,78576349,78576741,392
ENSG00000232397,29384656,29408312,23656
ENSG00000259017,35916209,35916831,622
ENSG00000202296,56407924,56408030,106
ENSG00000226549,20687958,20689038,1080
ENSG00000105538,49223844,49243978,20134
ENSG00000259105,35937478,35938536,1058
ENSG00000231299,56428055,56428234,179
ENSG00000223496,70284134,70285833,1699
ENSG00000258783,35981031,35982295,1264
ENSG00000197057,36283244,36347378,64134
ENSG00000264215,20691384,20692897,1513
ENSG00000253059,36225533,36225669,136
ENSG00000164080,51575160,51702683,127523
ENSG00000257957,36235001,36236316,1315
ENSG00000264662,20692530,20692908,378
ENSG00000197162,30585061,30597092,12031
ENSG00000267278,43325292,43345997,20705
ENSG00000238336,129959119,129959222,103
ENSG00000154263,67143355,67240987,97632
ENSG00000226981,20717933,20747570,29637
ENSG00000239044,129984255,129984358,103
ENSG00000225838,29036212,29036984,772
ENSG00000237258,29392863,29424418,31555
ENSG00000259920,130121332,130124233,2901
ENSG00000238718,36256065,36256168,103
ENSG00000266264,36278418,36278506,88
ENSG00000124780,39266777,39282329,15552
ENSG00000226657,29040961,29041556,595
ENSG00000272701,130125883,130126024,141
ENSG00000258938,36288430,36295971,7541
ENSG00000270823,130135635,130138268,2633
ENSG00000234804,29065391,29066329,938
ENSG00000258300,36289043,36289426,383
ENSG00000266369,20759259,20760630,1371
ENSG00000165322,32094365,32217742,123377
ENSG00000163535,201374731,201448505,73774
ENSG00000199043,130135952,130136045,93
ENSG00000270953,130147501,130148123,622
ENSG00000257272,36343063,36344509,1446
ENSG00000167792,67374323,67380006,5683
ENSG00000239021,130287672,130287790,118
ENSG00000257307,36350207,36350915,708
ENSG00000226045,130330095,130330464,369
ENSG00000258342,36367188,36532949,165761
ENSG00000271522,130474967,130476483,1516
ENSG00000108960,53469974,53499353,29379
ENSG00000090861,70286198,70323446,37248
ENSG00000257614,36416762,36419250,2488
ENSG00000229858,130507627,130507978,351
ENSG00000207763,81226312,81226408,96
ENSG00000258215,81254734,81255287,553
ENSG00000224395,29424528,29431676,7148
ENSG00000120756,142315229,142432506,117277
ENSG00000208022,81329515,81329612,97
ENSG00000258311,56109820,56118487,8667
ENSG00000233098,20771746,20905589,133843
ENSG00000258026,81488154,81519624,31470
ENSG00000236196,31496824,31508774,11950
ENSG00000265227,81552167,81552240,73
ENSG00000156313,38128416,38186817,58401
ENSG00000135678,69235977,69365350,129373
ENSG00000156853,30613879,30635333,21454
ENSG00000006062,43340488,43394414,53926
ENSG00000184313,55107463,55175939,68476
ENSG00000109906,113930315,114121398,191083
ENSG00000257720,36523403,36524519,1116
ENSG00000186038,183814852,183824783,9931
ENSG00000132142,35441923,35766909,324986
ENSG00000059915,104162376,104181296,18920
ENSG00000257826,36530232,36536396,6164
ENSG00000262833,78775440,78779432,3992
ENSG00000228377,29454045,29455309,1264
ENSG00000164898,139024203,139031065,6862
ENSG00000262313,78914218,78915833,1615
ENSG00000136521,179322478,179345435,22957
ENSG00000258248,31110976,31111093,117
ENSG00000232272,29088661,29093357,4696
ENSG00000262478,118865044,118865343,299
ENSG00000262662,78934566,78935513,947
ENSG00000224925,29102326,29103262,936
ENSG00000262571,118865534,118868714,3180
ENSG00000226610,29145974,29146909,935
ENSG00000261924,78940039,78945013,4974
ENSG00000262948,118873722,118874156,434
ENSG00000206455,31118773,31124447,5674
ENSG00000139687,48877887,49056122,178235
ENSG00000240270,78950254,78950748,494
ENSG00000204169,51464162,51486327,22165
ENSG00000113387,32531739,32604185,72446
ENSG00000133424,33558212,34318829,760617
ENSG00000105136,57999079,58006048,6969
ENSG00000257585,36539633,36634494,94861
ENSG00000165259,83572882,83757487,184605
ENSG00000145934,166711804,167691162,979358
ENSG00000171388,128779240,128788933,9693
ENSG00000144843,119298115,119308792,10677
ENSG00000263218,78973309,78973930,621
ENSG00000182264,49244109,49250166,6057
ENSG00000262873,78991769,78993811,2042
ENSG00000262098,78997345,78999303,1958
ENSG00000135441,56109820,56113871,4051
ENSG00000226137,79002933,79008501,5568
ENSG00000141424,33688495,33709348,20853
ENSG00000234806,70184317,70184754,437
ENSG00000199638,70221164,70221282,118
ENSG00000226493,70259289,70259725,436
ENSG00000165669,120065401,120101840,36439
ENSG00000180900,144873090,144897549,24459
ENSG00000122121,128872950,128903514,30564
ENSG00000207438,70262909,70263016,107
ENSG00000214881,70304246,70304590,344
ENSG00000213025,70392128,70392484,356
ENSG00000236490,33245400,33260090,14690
ENSG00000213927,34661877,34664045,2168
ENSG00000163812,44956749,45017677,60928
ENSG00000206379,30685747,30700772,15025
ENSG00000227583,70434113,70434857,744
ENSG00000168781,43825660,43882430,56770
ENSG00000156858,30662038,30667761,5723
ENSG00000260400,70458257,70460551,2294
ENSG00000234092,29179710,29180647,937
ENSG00000112981,137450866,137475132,24266
ENSG00000259104,36605314,36645674,40360
ENSG00000233950,29188441,29231555,43114
ENSG00000095981,39282474,39290744,8270
ENSG00000212071,36665686,36665774,88
ENSG00000166741,114128509,114184007,55498
ENSG00000251926,70472715,70472835,120
ENSG00000270494,70477068,70477552,484
ENSG00000225150,29193695,29194625,930
ENSG00000195401,70495477,70495580,103
ENSG00000136717,127805603,127864931,59328
ENSG00000261972,55892484,56002378,109894
ENSG00000221182,70514929,70514995,66
ENSG00000221184,70519075,70519171,96
ENSG00000237366,29227173,29228549,1376
ENSG00000241296,32992302,33010800,18498
ENSG00000200218,70606561,70606667,106
ENSG00000206855,70671409,70671515,106
ENSG00000174951,49251268,49258647,7379
ENSG00000197119,100757448,100772884,15436
ENSG00000166292,53796988,53809482,12494
ENSG00000187186,34664160,34666109,1949
ENSG00000225371,56430151,56432963,2812
ENSG00000224370,56448669,56449005,336
ENSG00000223330,56469763,56469866,103
ENSG00000232944,56476392,56476903,511
ENSG00000155636,178977151,179003738,26587
ENSG00000126883,134000948,134110057,109109
ENSG00000137225,44126548,44152139,25591
ENSG00000213096,24216276,24312654,96378
ENSG00000258830,57643392,57690267,46875
ENSG00000237268,56489550,56516068,26518
ENSG00000166484,19281034,19286857,5823
ENSG00000105550,49258816,49261587,2771
ENSG00000112175,55618443,55740362,121919
ENSG00000226844,29232932,29233891,959
ENSG00000175899,9220260,9268825,48565
ENSG00000231279,29255202,29256144,942
ENSG00000271616,29075765,29076328,563
ENSG00000174145,37245842,37451087,205245
ENSG00000240680,130507964,130508270,306
ENSG00000168792,27887565,27894155,6590
ENSG00000160193,44263204,44299678,36474
ENSG00000261649,29087381,29093821,6440
ENSG00000109113,27041299,27045447,4148
ENSG00000180425,114262165,114271139,8974
ENSG00000108342,38171614,38174066,2452
ENSG00000115170,158592958,158732374,139416
ENSG00000158863,21946670,21962409,15739
ENSG00000138294,51549498,51562517,13019
ENSG00000204952,37092685,37123655,30970
ENSG00000122122,128913955,128929177,15222
ENSG00000268367,57810198,57810536,338
ENSG00000270301,29103028,29103544,516
ENSG00000259277,29262399,29269667,7268
ENSG00000175189,57828543,57844611,16068
ENSG00000169021,29698173,29704448,6275
ENSG00000259299,29525877,29527341,1464
ENSG00000252868,29526072,29526183,111
ENSG00000259690,29665806,29669160,3354
ENSG00000172724,34689564,34691274,1710
ENSG00000259814,29901880,29903416,1536
ENSG00000207736,79099076,79099173,97
ENSG00000211563,79099677,79099755,78
ENSG00000259300,29904774,29906478,1704
ENSG00000076053,114270752,114284925,14173
ENSG00000221025,79106996,79107108,112
ENSG00000166069,38214140,38259925,45785
ENSG00000187135,30017406,30055386,37980
ENSG00000154274,37455563,37625117,169554
ENSG00000263167,79109571,79110056,485
ENSG00000243215,33006288,33028403,22115
ENSG00000225180,79139307,79156964,17657
ENSG00000256802,29967194,29973161,5967
ENSG00000143390,151313116,151319833,6717
ENSG00000259644,30020390,30021735,1345
ENSG00000151692,7057523,7208417,150894
ENSG00000234664,30022917,30023189,272
ENSG00000105552,49298319,49314286,15967
ENSG00000259523,30114834,30116284,1450
ENSG00000262115,79171193,79174088,2895
ENSG00000258059,29263741,29264280,539
ENSG00000232716,130524963,130528484,3521
ENSG00000259749,30297408,30298633,1225
ENSG00000042781,215796236,216596738,800502
ENSG00000257467,81664454,81706201,41747
ENSG00000175329,35462129,35483380,21251
ENSG00000260005,79202507,79207783,5276
ENSG00000229045,29294120,29295554,1434
ENSG00000259647,30297646,30338051,40405
ENSG00000260174,30336658,30337499,841
ENSG00000249030,29381633,29382579,946
ENSG00000229389,30345145,30365267,20122
ENSG00000185168,79277571,79283048,5477
ENSG00000227228,29428950,29434162,5212
ENSG00000181826,37592422,37687998,95576
ENSG00000036473,38211798,38280703,68905
ENSG00000239955,30383854,30384132,278
ENSG00000221250,30385012,30385094,82
ENSG00000261792,30391029,30394296,3267
ENSG00000256950,122326715,122359376,32661
ENSG00000105171,30094924,30108144,13220
ENSG00000268656,27998851,28009186,10335
ENSG00000225164,31575863,31592960,17097
ENSG00000229415,36942493,36983034,40541
ENSG00000137077,34709002,34710121,1119
ENSG00000224444,29439379,29440425,1046
ENSG00000142484,4675179,4686506,11327
ENSG00000178081,30395923,30423960,28037
ENSG00000188916,128933694,128994422,60728
ENSG00000171174,28004231,28113965,109734
ENSG00000134480,86687311,86708836,21525
ENSG00000144837,119316689,119348658,31969
ENSG00000268714,115358088,115394625,36537
ENSG00000169789,24636544,24660784,24240
ENSG00000268223,115387163,115395815,8652
ENSG00000155008,84258832,84343069,84237
ENSG00000104892,45836692,45854778,18086
ENSG00000173250,145892666,145895753,3087
ENSG00000100281,35653445,35691800,38355
ENSG00000151726,185676749,185747972,71223
ENSG00000266122,70725772,70726075,303
ENSG00000141179,53828340,53920191,91851
ENSG00000214875,70750893,70751463,570
ENSG00000205108,34723052,34729464,6412
ENSG00000139269,57846106,57853063,6957
ENSG00000229001,70782534,70783622,1088
ENSG00000207432,30404401,30404533,132
ENSG00000241167,30435925,30436203,278
ENSG00000135596,109765265,109787171,21906
ENSG00000237051,29522994,29600557,77563
ENSG00000221785,30437080,30437162,82
ENSG00000182853,4688580,4689728,1148
ENSG00000260897,30443075,30445612,2537
ENSG00000149485,61567099,61596790,29691
ENSG00000107872,104178946,104182893,3947
ENSG00000257242,92378756,92536690,157934
ENSG00000261747,30446113,30446313,200
ENSG00000156298,38420623,38548169,127546
ENSG00000145781,115420688,115748459,327771
ENSG00000233163,70921286,70921662,376
ENSG00000258844,36683813,36704814,21001
ENSG00000259906,30462766,30472146,9380
ENSG00000240230,938415,1015235,76820
ENSG00000241213,117397540,117409779,12239
ENSG00000225930,30488239,30506743,18504
ENSG00000252312,36700761,36700980,219
ENSG00000117643,25943959,26112698,168739
ENSG00000188831,36840370,36841588,1218
ENSG00000079156,179059208,179264160,204952
ENSG00000259993,30515220,30517767,2547
ENSG00000242816,117509520,117512612,3092
ENSG00000206972,30546605,30546711,106
ENSG00000122733,34957484,34982541,25057
ENSG00000270955,30574736,30580592,5856
ENSG00000243276,117723666,118276515,552849
ENSG00000156860,30669752,30682135,12383
ENSG00000167799,67395409,67397401,1992
ENSG00000175305,95891998,95908906,16908
ENSG00000238783,30647639,30647743,104
ENSG00000270173,30649969,30650976,1007
ENSG00000160194,44299754,44333414,33660
ENSG00000227720,30024813,30028437,3624
ENSG00000263070,30672556,30679190,6634
ENSG00000238519,30677162,30677294,132
ENSG00000182327,4692254,4693685,1431
ENSG00000167543,27893070,27900175,7105
ENSG00000131379,14716606,14814541,97935
ENSG00000221723,30696552,30696634,82
ENSG00000239877,118661920,118667088,5168
ENSG00000233559,130538479,130613408,74929
ENSG00000240221,30697514,30697792,278
ENSG00000271333,30712486,30712632,146
ENSG00000215302,30762982,30799826,36844
ENSG00000226380,130561495,130598069,36574
ENSG00000142507,4699439,4701790,2351
ENSG00000240254,118945333,119009513,64180
ENSG00000167800,67398774,67407031,8257
ENSG00000163126,97490263,97523671,33408
ENSG00000153094,111876955,111926024,49069
ENSG00000167964,2190804,2204166,13362
ENSG00000235307,33026347,33089202,62855
ENSG00000146963,139025105,139108198,83093
ENSG00000257137,52599368,52604639,5271
ENSG00000156475,145967936,146464347,496411
ENSG00000229176,31717958,31720011,2053
ENSG00000169299,37828255,37864558,36303
ENSG00000101115,50400581,50419059,18478
ENSG00000271723,55107459,55207981,100522
ENSG00000229261,70975089,70992246,17157
ENSG00000132744,67410026,67418130,8104
ENSG00000124313,53262058,53350522,88464
ENSG00000231748,71025098,71027904,2806
ENSG00000073614,389295,498620,109325
ENSG00000229197,71060188,71060573,385
ENSG00000144746,69134095,69155217,21122
ENSG00000164081,51696709,51738339,41630
ENSG00000165175,38660685,38665790,5105
ENSG00000151689,191208196,191236391,28195
ENSG00000232302,29453625,29454030,405
ENSG00000188162,17568920,17668697,99777
ENSG00000111863,11712287,11807279,94992
ENSG00000242829,119017512,119017859,347
ENSG00000241155,119033140,119041607,8467
ENSG00000207310,119060681,119060787,106
ENSG00000161973,8633252,8648537,15285
ENSG00000272662,119216525,119217028,503
ENSG00000255663,114271404,114314654,43250
ENSG00000096006,49695097,49712150,17053
ENSG00000272967,119298059,119298497,438
ENSG00000137094,34989638,34998897,9259
ENSG00000242052,119354373,119354997,624
ENSG00000270055,30780166,30782516,2350
ENSG00000239994,119462986,119469197,6211
ENSG00000260784,30808282,30810070,1788
ENSG00000240471,119510676,119511400,724
ENSG00000252483,20797845,20797951,106
ENSG00000268341,45842445,45842639,194
ENSG00000265790,20805252,20805993,741
ENSG00000239835,119747587,119748715,1128
ENSG00000260693,30832296,30838172,5876
ENSG00000160199,44394620,44453691,59071
ENSG00000265099,20841336,20841657,321
ENSG00000239898,30852855,30853133,278
ENSG00000158023,122355768,122441833,86065
ENSG00000241546,119760037,119760384,347
ENSG00000267534,10334520,10341948,7428
ENSG00000221593,30854013,30854095,82
ENSG00000264660,20841851,20885670,43819
ENSG00000259890,30860025,30863292,3267
ENSG00000242622,119813742,119855630,41888
ENSG00000132746,67429633,67448671,19038
ENSG00000244456,20859995,20861717,1722
ENSG00000145734,70751442,70863649,112207
ENSG00000260128,30864941,30892918,27977
ENSG00000266009,20884802,20884967,165
ENSG00000263729,20887215,20887359,144
ENSG00000263986,20903060,20903636,576
ENSG00000236819,20978869,20993928,15059
ENSG00000235530,21117644,21133348,15704
ENSG00000138356,201450591,201541787,91196
ENSG00000263815,21132649,21132941,292
ENSG00000266563,21163280,21163813,533
ENSG00000243725,55181495,55208330,26835
ENSG00000111087,57853918,57866045,12127
ENSG00000105971,115927434,116148595,221161
ENSG00000242810,151193592,151193962,370
ENSG00000265881,21348145,21348751,606
ENSG00000138101,25600067,25896503,296436
ENSG00000242119,151217427,151217594,167
ENSG00000265043,21359825,21363527,3702
ENSG00000214415,80087987,80141336,53349
ENSG00000264330,151283664,151283783,119
ENSG00000153404,140373,190085,49712
ENSG00000264023,21360746,21362301,1555
ENSG00000222833,151352138,151352251,113
ENSG00000241151,151354962,151375754,20792
ENSG00000076043,114310108,114321001,10893
ENSG00000244582,21407884,21408385,501
ENSG00000227144,31720750,31732475,11725
ENSG00000139679,48963707,49018840,55133
ENSG00000242908,151469231,151645963,176732
ENSG00000258279,52604714,52617588,12874
ENSG00000257649,52622877,52623372,495
ENSG00000238540,36874419,36874479,60
ENSG00000242097,151477535,151479799,2264
ENSG00000257671,52638832,52641232,2400
ENSG00000119973,120352916,120355160,2244
ENSG00000257520,36942412,36988726,46314
ENSG00000265265,21422775,21424530,1755
ENSG00000135477,52644250,52652651,8401
ENSG00000105364,10362577,10370721,8144
ENSG00000157349,70323566,70369186,45620
ENSG00000112619,42664340,42690312,25972
ENSG00000173566,21964383,21966932,2549
ENSG00000240602,151488216,151502682,14466
ENSG00000129219,4710391,4726729,16338
ENSG00000199953,43404732,43404863,131
ENSG00000135437,56114151,56118489,4338
ENSG00000267446,43448768,43449423,655
ENSG00000161381,37219556,37310647,91091
ENSG00000184788,84347293,84364054,16761
ENSG00000188706,128937264,128977885,40621
ENSG00000104884,45853095,45874176,21081
ENSG00000267344,43474298,43474843,545
ENSG00000188373,85933494,85945050,11556
ENSG00000264038,43494179,43494272,93
ENSG00000189409,1567474,1570639,3165
ENSG00000236234,43530210,43541431,11221
ENSG00000099937,21128167,21142008,13841
ENSG00000250271,151515272,151526037,10765
ENSG00000264225,43547899,43548188,289
ENSG00000151893,120433679,120514761,81082
ENSG00000239941,151835962,151869513,33551
ENSG00000229619,151980405,151987344,6939
ENSG00000131653,2205699,2228130,22431
ENSG00000214425,43578685,43627701,49016
ENSG00000174038,35041092,35045988,4896
ENSG00000232652,29461863,29474910,13047
ENSG00000134759,33709407,33757909,48502
ENSG00000201217,152167061,152167173,112
ENSG00000087076,49316274,49339935,23661
ENSG00000164900,150845676,150871832,26156
ENSG00000154783,14860469,14975895,115426
ENSG00000243305,152175548,152214602,39054
ENSG00000183753,25119966,25151612,31646
ENSG00000230674,29493785,29497933,4148
ENSG00000244545,152365935,152368236,2301
ENSG00000242561,152518223,152518521,298
ENSG00000241732,152557179,152559228,2049
ENSG00000241810,152785067,152785340,273
ENSG00000241671,152846863,152847429,566
ENSG00000020256,50668202,50820847,152645
ENSG00000244268,152874300,152879564,5264
ENSG00000265813,152917491,152917806,315
ENSG00000183337,39909068,40036582,127514
ENSG00000241220,153074896,153091975,17079
ENSG00000253563,36988483,36992221,3738
ENSG00000241912,153094620,153095351,731
ENSG00000099940,21213271,21245506,32235
ENSG00000113558,133484633,133512729,28096
ENSG00000136161,49063095,49107369,44274
ENSG00000238755,153102723,153697975,595252
ENSG00000168453,21971928,21990897,18969
ENSG00000183318,8656424,8661877,5453
ENSG00000258467,37002711,37003743,1032
ENSG00000075223,80371854,80551675,179821
ENSG00000099721,6733959,6742068,8109
ENSG00000269510,35042390,35042824,434
ENSG00000146926,150872785,150884919,12134
ENSG00000258162,81771821,81866733,94912
ENSG00000147180,84498997,84528368,29371
ENSG00000162396,55222571,55230187,7616
ENSG00000243730,37046748,37047210,462
ENSG00000243012,153149645,153161320,11675
ENSG00000207323,153189255,153189360,105
ENSG00000268107,57999086,58016749,17663
ENSG00000201395,37063044,37063352,308
ENSG00000200162,153325166,153325268,102
ENSG00000258661,37116288,37128006,11718
ENSG00000126882,134133463,134151934,18471
ENSG00000258690,37257849,37276368,18519
ENSG00000244308,119829345,119829633,288
ENSG00000258601,37278076,37297934,19858
ENSG00000244139,119840756,119841051,295
ENSG00000206721,119929167,119929268,101
ENSG00000266327,37421514,37421596,82
ENSG00000240882,120025573,120026799,1226
ENSG00000258827,37566267,37567768,1501
ENSG00000240661,120068357,120086845,18488
ENSG00000140107,100789674,100796715,7041
ENSG00000252746,37656424,37656519,95
ENSG00000207046,37903674,37903778,104
ENSG00000242613,120106876,120108162,1286
ENSG00000152439,58011283,58029772,18489
ENSG00000259087,38025363,38036300,10937
ENSG00000240774,120203018,120203374,356
ENSG00000258414,38033252,38048330,15078
ENSG00000232957,33111813,33117246,5433
ENSG00000006555,55245385,55266940,21555
ENSG00000244441,120231697,120232035,338
ENSG00000196095,120262892,120263292,400
ENSG00000240452,120440871,120441158,287
ENSG00000148600,85954410,85979377,24967
ENSG00000135913,219314974,219433084,118110
ENSG00000243257,120441305,120441493,188
ENSG00000138293,51565108,51590734,25626
ENSG00000115665,108602979,108630450,27471
ENSG00000105559,49340354,49371889,31535
ENSG00000092421,115779312,115910630,131318
ENSG00000272780,21435738,21477781,42043
ENSG00000165280,35056061,35073246,17185
ENSG00000160539,134165081,134184649,19568
ENSG00000213371,120524713,120525592,879
ENSG00000243593,120552287,120555207,2920
ENSG00000115738,8818975,8824583,5608
ENSG00000199480,107092677,107092791,114
ENSG00000270782,120643459,120644005,546
ENSG00000266466,21436235,21446049,9814
ENSG00000254329,107093723,107093978,255
ENSG00000264477,120768487,120768562,75
ENSG00000225737,31914409,31925080,10671
ENSG00000196482,216676588,217311097,634509
ENSG00000253132,107099145,107099588,443
ENSG00000243813,120817955,120818621,666
ENSG00000011523,65283500,65314138,30638
ENSG00000253747,107106555,107106789,234
ENSG00000121406,58038693,58068910,30217
ENSG00000242103,121075838,121076787,949
ENSG00000253936,107108252,107108696,444
ENSG00000242445,121212957,121213755,798
ENSG00000238670,121310141,121310241,100
ENSG00000112053,35911291,35992645,81354
ENSG00000243544,121372843,121373143,300
ENSG00000253209,107122108,107122548,440
ENSG00000222057,121374322,121374451,129
ENSG00000263678,121640945,121641029,84
ENSG00000253169,107127813,107128060,247
ENSG00000202388,121744042,121744151,109
ENSG00000253274,107136620,107137059,439
ENSG00000162430,26126667,26144713,18046
ENSG00000223506,107139412,107140367,955
ENSG00000110057,67758575,67772452,13877
ENSG00000049323,33172039,33624576,452537
ENSG00000106631,44178463,44180931,2468
ENSG00000106526,149941005,150020814,79809
ENSG00000121577,119355304,119384171,28867
ENSG00000116005,70484518,70508323,23805
ENSG00000206454,31119639,31130942,11303
ENSG00000232934,114165977,114169252,3275
ENSG00000099942,21271714,21308037,36323
ENSG00000162398,55271736,55307925,36189
ENSG00000135404,56119107,56123491,4384
ENSG00000112983,137475455,137514675,39220
ENSG00000251369,58046625,58071231,24606
ENSG00000177084,133200348,133263951,63603
ENSG00000270599,114172053,114179765,7712
ENSG00000234017,114308391,114308631,240
ENSG00000100284,35695268,35743985,48717
ENSG00000033050,150904923,150924316,19393
ENSG00000264763,114393929,114394013,84
ENSG00000140332,70340129,70390515,50386
ENSG00000138760,77079890,77135046,55156
ENSG00000164180,87485450,87565293,79843
ENSG00000253820,107142534,107142579,45
ENSG00000254036,107143130,107143217,87
ENSG00000166341,6642556,6677085,34529
ENSG00000113645,167718656,167899308,180652
ENSG00000185156,8700436,8702667,2231
ENSG00000111245,111348623,111358526,9903
ENSG00000065882,37892708,38140796,248088
ENSG00000130723,134269480,134375584,106104
ENSG00000258375,81939105,81940229,1124
ENSG00000145214,952675,980683,28008
ENSG00000257609,82262147,82262825,678
ENSG00000167971,2227184,2246526,19342
ENSG00000257747,82347498,82386912,39414
ENSG00000207430,30873387,30873519,132
ENSG00000270016,30899898,30900396,498
ENSG00000152207,49280951,49283498,2547
ENSG00000258193,82392411,82392741,330
ENSG00000136352,36985602,36990354,4752
ENSG00000243928,30904916,30905194,278
ENSG00000221358,30906074,30906156,82
ENSG00000221260,82658722,82658823,101
ENSG00000116133,55315306,55352891,37585
ENSG00000269930,30909161,30909952,791
ENSG00000221121,82736375,82736489,114
ENSG00000255054,26137961,26150235,12274
ENSG00000257875,82862235,82862727,492
ENSG00000247728,30909201,30917976,8775
ENSG00000252602,30935128,30935255,127
ENSG00000258170,82874897,82891339,16442
ENSG00000269974,30941000,30941732,732
ENSG00000160200,44473301,44497053,23752
ENSG00000206846,30965953,30966046,93
ENSG00000252170,121964613,121964684,71
ENSG00000178789,72517313,72527613,10300
ENSG00000103832,31083776,31094062,10286
ENSG00000221474,122000700,122000769,69
ENSG00000163380,69156023,69172183,16160
ENSG00000240236,122036456,122037588,1132
ENSG00000141506,8782233,8869029,86796
ENSG00000129152,17741115,17743678,2563
ENSG00000235058,50378537,50383128,4591
ENSG00000272758,122135054,122162027,26973
ENSG00000271858,50402765,50405628,2863
ENSG00000158042,6702013,6704632,2619
ENSG00000126838,9301436,9360966,59530
ENSG00000206474,29407083,29408731,1648
ENSG00000237698,29502069,29503152,1083
ENSG00000229467,29517602,29518549,947
ENSG00000080603,30709530,30755602,46072
ENSG00000081913,60382672,60647666,264994
ENSG00000242531,122135729,122135859,130
ENSG00000241266,31092352,31092630,278
ENSG00000151208,79550549,79686378,135829
ENSG00000226796,29538291,29539218,927
ENSG00000048740,11047259,11378674,331415
ENSG00000221379,31093509,31093591,82
ENSG00000221968,61640991,61659523,18532
ENSG00000270901,122203844,122204083,239
ENSG00000243918,122379460,122381285,1825
ENSG00000259845,31107474,31136356,28882
ENSG00000225248,29541841,29542130,289
ENSG00000266672,29546631,29546714,83
ENSG00000204688,29424958,29432105,7147
ENSG00000107874,104183002,104192418,9416
ENSG00000230181,29546890,29547407,517
ENSG00000129159,17756359,17804602,48243
ENSG00000182220,40440146,40465889,25743
ENSG00000183773,21319396,21335649,16253
ENSG00000221774,71123311,71123397,86
ENSG00000223771,29600438,29600721,283
ENSG00000232734,71192728,71193127,399
ENSG00000111249,111471828,111788358,316530
ENSG00000003393,202565277,202645912,80635
ENSG00000075914,45016733,45077558,60825
ENSG00000260382,31174470,31175434,964
ENSG00000188124,6789218,6790286,1068
ENSG00000261628,31191683,31192530,847
ENSG00000235507,29672540,29672962,422
ENSG00000233197,71283067,71283406,339
ENSG00000270015,31218717,31220610,1893
ENSG00000233935,29684743,29685733,990
ENSG00000236154,71335563,71336910,1347
ENSG00000170803,6806248,6807245,997
ENSG00000212526,31248451,31248553,102
ENSG00000230755,71349636,71350111,475
ENSG00000259720,31294216,31334505,40289
ENSG00000206446,29688359,29710797,22438
ENSG00000166289,30155963,30166364,10401
ENSG00000226589,31732662,31751095,18433
ENSG00000184933,6815756,6817128,1372
ENSG00000117640,26145131,26159432,14301
ENSG00000207702,31357235,31357344,109
ENSG00000235803,71350339,71351018,679
ENSG00000259448,31508223,31516648,8425
ENSG00000165409,81421333,81612646,191313
ENSG00000271204,130614968,130616965,1997
ENSG00000166363,6866883,6867936,1053
ENSG00000273319,130621223,130624420,3197
ENSG00000259772,31514202,31523041,8839
ENSG00000235524,71351162,71352687,1525
ENSG00000132481,73870242,73874656,4414
ENSG00000269531,80198742,80202321,3579
ENSG00000143001,55446465,55457966,11501
ENSG00000170790,6890924,6891976,1052
ENSG00000092978,217600334,217804424,204090
ENSG00000259179,31712331,31712865,534
ENSG00000231721,130626519,130794935,168416
ENSG00000131943,30191721,30206364,14643
ENSG00000259696,31745404,31746342,938
ENSG00000162951,80515483,80531874,16391
ENSG00000200385,38189630,38189766,136
ENSG00000188120,25275502,25345241,69739
ENSG00000162399,55464606,55476556,11950
ENSG00000201431,38297003,38297109,106
ENSG00000259358,32057946,32060404,2458
ENSG00000259091,38365265,38371577,6312
ENSG00000206849,32220506,32220637,131
ENSG00000201084,32467448,32467552,104
ENSG00000102531,49550048,49783915,233867
ENSG00000258696,38472318,38474052,1734
ENSG00000271078,32542503,32548326,5823
ENSG00000265821,43603820,43604112,292
ENSG00000266918,43608943,43611204,2261
ENSG00000177463,14989091,15095107,106016
ENSG00000259048,38503492,38663486,159994
ENSG00000204687,29454474,29455738,1264
ENSG00000131484,43580626,43612076,31450
ENSG00000207257,32576353,32576459,106
ENSG00000258649,38660188,38672128,11940
ENSG00000260211,32605327,32607855,2528
ENSG00000264234,38716912,38716980,68
ENSG00000104881,45882892,45909607,26715
ENSG00000259072,38760157,38781134,20977
ENSG00000267198,43623170,43640596,17426
ENSG00000227780,33260109,33263646,3537
ENSG00000260642,32651739,32659985,8246
ENSG00000266673,21455772,21455974,202
ENSG00000261491,32677138,32679685,2547
ENSG00000225488,56549798,56550988,1190
ENSG00000241880,29688427,29688897,470
ENSG00000215431,60491423,60492724,1301
ENSG00000269955,139026106,139107345,81239
ENSG00000266050,21469833,21477781,7948
ENSG00000202322,50457212,50457330,118
ENSG00000269630,60505640,60505948,308
ENSG00000235022,30028370,30033991,5621
ENSG00000221444,32685591,32685673,82
ENSG00000226485,56558375,56559328,953
ENSG00000251581,29703478,29710717,7239
ENSG00000241459,32686547,32686825,278
ENSG00000267246,43627147,43636104,8957
ENSG00000141569,73876416,73893084,16668
ENSG00000156170,95907995,96128683,220688
ENSG00000268925,135341026,135342661,1635
ENSG00000166068,38544527,38649450,104923
ENSG00000271468,39074459,39075302,843
ENSG00000215304,32691157,32727434,36277
ENSG00000261275,56560817,56564978,4161
ENSG00000258948,39196479,39197685,1206
ENSG00000266504,43631076,43636436,5360
ENSG00000072501,53401070,53449677,48607
ENSG00000171791,60790579,60987361,196782
ENSG00000137288,33662070,33679504,17434
ENSG00000231504,56569977,56570737,760
ENSG00000264070,43663237,43664295,1058
ENSG00000136327,37049784,37051812,2028
ENSG00000007001,158733214,158992666,259452
ENSG00000263503,43678235,43679706,1471
ENSG00000129158,17809595,18034709,225114
ENSG00000169174,55505221,55530525,25304
ENSG00000248333,1570603,1590473,19870
ENSG00000188883,139137436,139168458,31022
ENSG00000223740,56593121,56593806,685
ENSG00000204652,43685909,43686349,440
ENSG00000261279,32698798,32727193,28395
ENSG00000138069,65297835,65357240,59405
ENSG00000233288,56601923,56605823,3900
ENSG00000243486,153599315,153658625,59310
ENSG00000143416,151336778,151345209,8431
ENSG00000224947,56626914,56627651,737
ENSG00000201398,153725156,153725291,135
ENSG00000240068,153741624,153742087,463
ENSG00000213650,56635599,56636551,952
ENSG00000204650,43697694,43725582,27888
ENSG00000171772,135367404,135382876,15472
ENSG00000206206,33264261,33274971,10710
ENSG00000213886,29523292,29527702,4410
ENSG00000162814,217804666,218045038,240372
ENSG00000234716,56645541,56646559,1018
ENSG00000198807,37126773,37148920,22147
ENSG00000153930,54188319,54589020,400701
ENSG00000213067,56665072,56666035,963
ENSG00000105173,30302805,30315215,12410
ENSG00000264245,21477034,21477337,303
ENSG00000259070,39218545,39417477,198932
ENSG00000231152,71353797,71354688,891
ENSG00000271047,56671103,56671246,143
ENSG00000216100,21481084,21481171,87
ENSG00000229909,56699432,56700420,988
ENSG00000263375,21496060,21497446,1386
ENSG00000265019,21536014,21544603,8589
ENSG00000226794,71355243,71356192,949
ENSG00000171262,38746328,38779911,33583
ENSG00000145349,114372188,114683083,310895
ENSG00000221829,35073832,35080013,6181
ENSG00000182463,51588946,52111869,522923
ENSG00000171596,232387871,232395206,7335
ENSG00000185753,40488285,40506819,18534
ENSG00000176358,47915671,47925379,9708
ENSG00000265233,21549811,21549979,168
ENSG00000119537,60994959,61034743,39784
ENSG00000264617,21560548,21562330,1782
ENSG00000165899,80603233,80772870,169637
ENSG00000083817,58082934,58090295,7361
ENSG00000263725,21747827,21748211,384
ENSG00000269490,33663196,33663474,278
ENSG00000262257,118874452,118875603,1151
ENSG00000177673,232457575,232458994,1419
ENSG00000261858,118876437,118876644,207
ENSG00000266629,118889654,118889722,68
ENSG00000262996,118914898,118916204,1306
ENSG00000269363,232571517,232571621,104
ENSG00000161896,33689444,33714762,25318
ENSG00000138152,124030821,124097677,66856
ENSG00000206987,32718489,32718621,132
ENSG00000164082,51741086,51752629,11543
ENSG00000261708,32728704,32731968,3264
ENSG00000166482,19286755,19290553,3798
ENSG00000221318,32737916,32737998,82
ENSG00000243088,32738879,32739157,278
ENSG00000171649,58089824,58105145,15321
ENSG00000262342,118938402,118952681,14279
ENSG00000270789,32753867,32754010,143
ENSG00000273356,50707420,50709479,2059
ENSG00000261375,32781468,32783787,2319
ENSG00000233448,76669261,76673093,3832
ENSG00000201959,76670964,76671065,101
ENSG00000272543,50712511,50712594,83
ENSG00000095110,114392437,114430617,38180
ENSG00000067533,218458629,218511325,52696
ENSG00000259628,76673038,76827943,154905
ENSG00000227164,52105495,52106164,669
ENSG00000228337,50722982,50723222,240
ENSG00000172653,34181955,34195895,13940
ENSG00000213587,50756913,50757382,469
ENSG00000205482,76682095,76688757,6662
ENSG00000235278,50824105,50825716,1611
ENSG00000134313,8865408,8977760,112352
ENSG00000141522,79825597,79829282,3685
ENSG00000240959,50914143,50915088,945
ENSG00000187514,232571605,232578251,6646
ENSG00000110987,122457328,122499948,42620
ENSG00000124429,84532402,84634748,102346
ENSG00000171940,52183604,52226446,42842
ENSG00000270692,51469985,51470468,483
ENSG00000170782,6897856,6898850,994
ENSG00000114541,69219141,69591734,372593
ENSG00000221015,51645454,51645578,124
ENSG00000201595,51728481,51728598,117
ENSG00000263609,21760934,21792968,32034
ENSG00000238480,122469219,122469322,103
ENSG00000273033,122605788,122611243,5455
ENSG00000224792,51851619,51853651,2032
ENSG00000166368,6912721,6913830,1109
ENSG00000106633,44183872,44237769,53897
ENSG00000221211,122645843,122645968,125
ENSG00000273454,122996200,122996751,551
ENSG00000264956,21793031,21814739,21708
ENSG00000272678,123002440,123002830,390
ENSG00000243069,153742190,153839121,96931
ENSG00000266691,21804473,21805895,1422
ENSG00000214686,51812580,51813009,429
ENSG00000178358,6942205,6943264,1059
ENSG00000239523,123304389,123363415,59026
ENSG00000222770,21821899,21821986,87
ENSG00000124659,42712219,42714558,2339
ENSG00000178130,21825297,21826499,1202
ENSG00000183647,58111253,58124090,12837
ENSG00000264811,21825740,21826073,333
ENSG00000265567,21827939,21828263,324
ENSG00000250174,123408491,123411254,2763
ENSG00000140105,100800125,100843142,43017
ENSG00000090339,10381511,10397291,15780
ENSG00000229972,51851620,51864876,13256
ENSG00000273123,123434698,123435246,548
ENSG00000180182,40507558,40595110,87552
ENSG00000188613,120789228,120793854,4626
ENSG00000207002,123532924,123533054,130
ENSG00000238512,123780841,123780931,90
ENSG00000137634,114441313,114466484,25171
ENSG00000266383,123851776,123851872,96
ENSG00000240622,123870807,123871910,1103
ENSG00000138073,27353624,27357543,3919
ENSG00000254912,32786204,32792547,6343
ENSG00000112624,42749765,42836298,86533
ENSG00000133639,92536286,92539673,3387
ENSG00000252751,124126538,124126630,92
ENSG00000149054,6947635,7005863,58228
ENSG00000263775,124415785,124415883,98
ENSG00000167965,2254249,2259417,5168
ENSG00000119541,61056423,61089716,33293
ENSG00000264562,21832277,21832619,342
ENSG00000213762,58125601,58134724,9123
ENSG00000092969,218519577,218617961,98384
ENSG00000266806,21858203,21859016,813
ENSG00000223509,32812049,32829127,17078
ENSG00000263715,43699274,43893909,194635
ENSG00000224654,29522994,29527308,4314
ENSG00000236177,33171992,33188198,16206
ENSG00000265547,43809069,43810343,1274
ENSG00000089225,114791736,114846247,54511
ENSG00000105176,30414551,30506611,92060
ENSG00000265964,43810719,43812035,1316
ENSG00000075618,5632439,5646286,13847
ENSG00000143977,70508494,70520903,12409
ENSG00000264589,43921017,43972966,51949
ENSG00000261064,32828248,32879814,51566
ENSG00000251139,185734773,185742443,7670
ENSG00000227044,29555313,29556375,1062
ENSG00000234038,32885854,32886380,526
ENSG00000180987,32890499,32891012,513
ENSG00000242480,32894330,32894608,278
ENSG00000163541,84650647,84687169,36522
ENSG00000187821,185939995,185941958,1963
ENSG00000161904,33738979,33756913,17934
ENSG00000204361,114549108,114579362,30254
ENSG00000083123,80816364,81055987,239623
ENSG00000112759,44187242,44201888,14646
ENSG00000263127,7491857,7493132,1275
ENSG00000087074,49375649,49379314,3665
ENSG00000185028,191626,195468,3842
ENSG00000236279,139208602,139229730,21128
ENSG00000105371,10397643,10399198,1555
ENSG00000145217,972861,987228,14367
ENSG00000121417,58141761,58154147,12386
ENSG00000172717,67656110,67695267,39157
ENSG00000146223,42847356,42857663,10307
ENSG00000213337,97502348,97523832,21484
ENSG00000257837,82898990,82899967,977
ENSG00000149050,7020549,7041599,21050
ENSG00000162402,55532032,55680786,148754
ENSG00000257431,82906456,82909596,3140
ENSG00000189157,77135193,77204933,69740
ENSG00000151729,186064395,186071536,7141
ENSG00000252220,83415669,83415771,102
ENSG00000064787,52553316,52687304,133988
ENSG00000260391,124442635,124445172,2537
ENSG00000213270,83545110,83545969,859
ENSG00000265981,124451286,124451363,77
ENSG00000258338,83565369,83566519,1150
ENSG00000242199,124452265,124452601,336
ENSG00000257124,84054788,84055498,710
ENSG00000272947,124467422,124468120,698
ENSG00000258680,39304593,39304992,399
ENSG00000180228,179296141,179316239,20098
ENSG00000163815,45043040,45077563,34523
ENSG00000167850,72537247,72542282,5035
ENSG00000270713,39442603,39443289,686
ENSG00000199285,39456485,39456587,102
ENSG00000259121,39560105,39560305,200
ENSG00000221148,84577103,84577227,124
ENSG00000258651,39572344,39573016,672
ENSG00000104804,49384222,49401990,17768
ENSG00000226826,33183349,33194624,11275
ENSG00000257729,84665119,84688341,23222
ENSG00000160201,44513066,44527697,14631
ENSG00000233340,114431571,114437578,6007
ENSG00000260917,114583249,114587485,4236
ENSG00000225292,114648494,114665870,17376
ENSG00000158077,7041677,7092539,50862
ENSG00000204345,72575504,72588422,12918
ENSG00000172575,38780304,38857776,77472
ENSG00000156973,232597135,232650982,53847
ENSG00000233547,114710405,114711634,1229
ENSG00000227560,114747235,114747624,389
ENSG00000238380,115113184,115113243,59
ENSG00000230018,115242375,115242872,497
ENSG00000164323,186080819,186130658,49839
ENSG00000258358,84842404,84843657,1253
ENSG00000234393,115470440,115479091,8651
ENSG00000141279,45600308,45700642,100334
ENSG00000102539,49794474,49796513,2039
ENSG00000228303,56706636,56718389,11753
ENSG00000223919,31521973,31524245,2272
ENSG00000165282,35088685,35096591,7906
ENSG00000212589,115580218,115580349,131
ENSG00000257296,85065377,85065805,428
ENSG00000110717,67798084,67804111,6027
ENSG00000253066,115871173,115871276,103
ENSG00000064393,139246316,139477577,231261
ENSG00000156873,30759591,30772490,12899
ENSG00000226582,115876906,115877310,404
ENSG00000228208,218683438,218699320,15882
ENSG00000271922,154047505,154047608,103
ENSG00000206075,61143994,61172318,28324
ENSG00000233437,56943078,56949839,6761
ENSG00000240048,154069925,154072588,2663
ENSG00000183032,37147636,37642071,494435
ENSG00000238742,115933864,115933938,74
ENSG00000170759,32297938,32345359,47421
ENSG00000225244,57008048,57012060,4012
ENSG00000243861,154229324,154257098,27774
ENSG00000230165,116005833,116006473,640
ENSG00000182352,72580818,72590348,9530
ENSG00000100292,35776354,35790207,13853
ENSG00000243154,154369445,154370212,767
ENSG00000242151,154375083,154375352,269
ENSG00000182985,115039938,115375675,335737
ENSG00000230885,29624321,29639709,15388
ENSG00000242912,116183531,116183826,295
ENSG00000240601,154394377,154394908,531
ENSG00000229668,116261756,116262106,350
ENSG00000258073,85333303,85333447,144
ENSG00000168476,21995533,21999464,3931
ENSG00000243969,154544805,154578806,34001
ENSG00000125888,17674317,17716516,42199
ENSG00000153237,159027593,159313265,285672
ENSG00000011275,5659678,5821370,161692
ENSG00000243953,154687072,154688012,940
ENSG00000269916,85657322,85658235,913
ENSG00000170950,49753366,49755053,1687
ENSG00000240666,154876530,154901074,24544
ENSG00000238577,116416269,116416353,84
ENSG00000228169,116449902,116450393,491
ENSG00000117877,45909467,45914024,4557
ENSG00000260537,70333097,70400163,67066
ENSG00000241336,154958734,154960933,2199
ENSG00000237896,80804824,80828431,23607
ENSG00000112365,109783797,109804440,20643
ENSG00000167994,61664773,61687741,22968
ENSG00000186407,72606026,72619897,13871
ENSG00000143353,219347186,219386207,39021
ENSG00000112679,291630,351355,59725
ENSG00000145191,183852826,184402546,549720
ENSG00000092377,6778727,6959724,180997
ENSG00000102543,49822047,49867618,45571
ENSG00000240045,155008018,155011564,3546
ENSG00000242790,155008977,155011965,2988
ENSG00000111605,69633317,69668138,34821
ENSG00000239443,155027216,155027596,380
ENSG00000248772,155093472,155093579,107
ENSG00000070501,42195972,42229326,33354
ENSG00000243518,155119118,155121188,2070
ENSG00000242152,155149018,155151187,2169
ENSG00000266172,21904124,21904694,570
ENSG00000166634,61223393,61234244,10851
ENSG00000258815,85711838,85736690,24852
ENSG00000224253,29710037,29710261,224
ENSG00000257855,85961656,85962017,361
ENSG00000124812,49801970,49844809,42839
ENSG00000263876,29712118,29712219,101
ENSG00000170748,7110165,7112379,2214
ENSG00000228912,29712474,29712894,420
ENSG00000221405,32895488,32895570,82
ENSG00000258064,72067984,72092748,24764
ENSG00000158019,28112808,28561768,448960
ENSG00000244952,32905934,32907312,1378
ENSG00000151690,191273081,191373931,100850
ENSG00000108813,48046334,48052321,5987
ENSG00000230238,29753037,29759260,6223
ENSG00000258591,39577546,39577911,365
ENSG00000241818,32948285,32965266,16981
ENSG00000206452,31226380,31229751,3371
ENSG00000241984,39625946,39627056,1110
ENSG00000259721,33009471,33011208,1737
ENSG00000259083,39644089,39645084,995
ENSG00000170743,7260009,7490273,230264
ENSG00000156697,129040097,129063737,23640
ENSG00000104805,49403307,49426629,23322
ENSG00000258671,39680985,39681459,474
ENSG00000259392,33129184,33129527,343
ENSG00000270503,39684269,39685539,1270
ENSG00000163814,45123770,45187914,64144
ENSG00000225346,29753438,29754412,974
ENSG00000258940,39734907,39736265,1358
ENSG00000238342,33187401,33187502,101
ENSG00000139291,72079867,72097836,17969
ENSG00000212415,33262928,33262992,64
ENSG00000259686,33304320,33305269,949
ENSG00000260055,29761890,29763899,2009
ENSG00000271424,39839483,39839960,477
ENSG00000204681,29523406,29601753,78347
ENSG00000221645,39853282,39853350,68
ENSG00000168872,70380732,70407286,26554
ENSG00000259100,39854608,39856306,1698
ENSG00000113389,32689176,32791819,102643
ENSG00000113643,167913450,167946304,32854
ENSG00000258526,39944044,39982984,38940
ENSG00000215296,33527753,33539822,12069
ENSG00000197641,61254223,61271873,17650
ENSG00000130714,134378289,134399193,20904
ENSG00000258418,40855456,40855998,542
ENSG00000019991,81328322,81399754,71432
ENSG00000124486,40944888,41095832,150944
ENSG00000107581,120794356,120840316,45960
ENSG00000258480,40856762,40858344,1582
ENSG00000169302,146614526,146767415,152889
ENSG00000259446,33595858,33602860,7002
ENSG00000257830,52668431,52672940,4509
ENSG00000110719,67806483,67818362,11879
ENSG00000128482,19314438,19320589,6151
ENSG00000257829,52700400,52702155,1755
ENSG00000258253,52774244,52796191,21947
ENSG00000200008,34014693,34014797,104
ENSG00000259408,34147101,34149010,1909
ENSG00000175727,122516628,122631894,115266
ENSG00000105376,10400657,10407454,6797
ENSG00000259287,34150918,34157026,6108
ENSG00000099949,21333751,21353327,19576
ENSG00000089006,17922241,17949623,27382
ENSG00000196660,219858769,220131989,273220
ENSG00000259505,34282887,34284249,1362
ENSG00000196228,108863651,108881807,18156
ENSG00000243094,34378112,34378515,403
ENSG00000228484,116524547,116539662,15115
ENSG00000138495,119373360,119396301,22941
ENSG00000259468,34547487,34550033,2546
ENSG00000215760,116569134,116570929,1795
ENSG00000207091,34606929,34607029,100
ENSG00000264426,57023492,57023571,79
ENSG00000259904,34665742,34666804,1062
ENSG00000226428,116660481,116661125,644
ENSG00000263803,57032955,57033214,259
ENSG00000266205,34665990,34666072,82
ENSG00000252611,116729219,116729327,108
ENSG00000221649,34674270,34674351,81
ENSG00000100297,35796056,35821423,25367
ENSG00000189166,57059595,57076856,17261
ENSG00000236799,116754416,116756352,1936
ENSG00000120055,104209594,104211300,1706
ENSG00000257500,52801364,52822278,20914
ENSG00000167995,61717293,61732987,15694
ENSG00000270965,117579353,117579998,645
ENSG00000205433,118168768,118168987,219
ENSG00000225899,135437399,135440299,2900
ENSG00000257844,52807744,52815660,7916
ENSG00000214668,57081992,57087980,5988
ENSG00000227096,118198980,118199556,576
ENSG00000272772,133502861,133561762,58901
ENSG00000229508,57128297,57129008,711
ENSG00000200935,118297695,118297788,93
ENSG00000235095,57215693,57218054,2361
ENSG00000232091,118336820,118342829,6009
ENSG00000223474,26145212,26147288,2076
ENSG00000138111,104221149,104236802,15653
ENSG00000231537,57235587,57236358,771
ENSG00000262881,43985036,43988145,3109
ENSG00000162407,56960419,57110974,150555
ENSG00000019186,52769988,52790512,20524
ENSG00000260191,249074513,249076670,2157
ENSG00000237297,90652,92824,2172
ENSG00000225295,57237113,57238478,1365
ENSG00000127423,26158414,26185903,27489
ENSG00000228120,44579176,44582387,3211
ENSG00000105974,116164839,116201233,36394
ENSG00000228440,57238681,57240478,1797
ENSG00000262372,44112679,44113136,457
ENSG00000113575,133530025,133561833,31808
ENSG00000232420,126334,132205,5871
ENSG00000136603,170075466,170114623,39157
ENSG00000252698,44204762,44204817,55
ENSG00000251363,41424103,41445082,20979
ENSG00000224880,57241064,57242069,1005
ENSG00000233573,30061002,30071204,10202
ENSG00000220201,10415479,10420556,5077
ENSG00000214401,44270942,44274089,3147
ENSG00000165283,35099888,35103154,3266
ENSG00000012061,45910591,45982086,71495
ENSG00000102547,49882786,50018262,135476
ENSG00000106636,44240567,44253893,13326
ENSG00000212331,200771,200883,112
ENSG00000264248,323124,323248,124
ENSG00000224723,57245116,57247759,2643
ENSG00000238723,44292436,44292537,101
ENSG00000201861,327955,328065,110
ENSG00000160202,44589118,44592915,3797
ENSG00000262500,44320972,44322410,1438
ENSG00000239822,476181,476444,263
ENSG00000263449,86041031,86041098,67
ENSG00000095951,12008995,12165232,156237
ENSG00000233021,483501,487110,3609
ENSG00000262539,44336917,44337972,1055
ENSG00000258206,86175670,86176222,552
ENSG00000182749,26187701,26197744,10043
ENSG00000230764,57253495,57253909,414
ENSG00000261575,44344403,44346060,1657
ENSG00000225140,674578,677195,2617
ENSG00000258178,86352465,86354725,2260
ENSG00000265299,28743704,28743811,107
ENSG00000237309,57254119,57255148,1029
ENSG00000265411,44397045,44397325,280
ENSG00000257897,86409475,86410219,744
ENSG00000230511,28751414,28751785,371
ENSG00000263511,687629,687718,89
ENSG00000264228,28763751,28763814,63
ENSG00000221821,42858005,42858554,549
ENSG00000108094,35297479,35379570,82091
ENSG00000260075,44450221,44564507,114286
ENSG00000206073,61304493,61311532,7039
ENSG00000236692,57255599,57257847,2248
ENSG00000242357,709498,712562,3064
ENSG00000272992,714400,715521,1121
ENSG00000228851,57258848,57259634,786
ENSG00000267673,10416103,10426691,10588
ENSG00000162409,57110995,57181008,70013
ENSG00000108797,40834631,40851832,17201
ENSG00000113657,146770374,146889619,119245
ENSG00000117632,26210672,26233482,22810
ENSG00000232767,118429614,118432250,2636
ENSG00000272414,77172874,77232282,59408
ENSG00000228195,118509416,118510772,1356
ENSG00000189362,191369068,191399448,30380
ENSG00000142178,44834395,44847008,12613
ENSG00000225302,118592512,118609716,17204
ENSG00000136628,220141943,220220000,78057
ENSG00000214688,73471458,73497581,26123
ENSG00000213186,160150233,160203561,53328
ENSG00000235742,118783185,118783362,177
ENSG00000234474,118918167,118928570,10403
ENSG00000164366,196986,218330,21344
ENSG00000109762,186125391,186291339,165948
ENSG00000266782,118927189,118927285,96
ENSG00000236171,118955679,118956165,486
ENSG00000225936,118999111,119001434,2323
ENSG00000233462,29764669,29765465,796
ENSG00000066084,50898768,51142450,243682
ENSG00000237815,76689662,76689796,134
ENSG00000118804,77172886,77232752,59866
ENSG00000183691,54671060,54672951,1891
ENSG00000073009,153769414,153796782,27368
ENSG00000225726,76701068,76701554,486
ENSG00000131368,15083967,15106842,22875
ENSG00000258708,37641093,37643016,1923
ENSG00000214439,76713203,76751433,38230
ENSG00000129167,18039111,18063973,24862
ENSG00000159377,151372010,151374420,2410
ENSG00000199627,130739645,130739751,106
ENSG00000172794,72666717,72743474,76757
ENSG00000213542,76744716,76745509,793
ENSG00000233287,130927349,130927754,405
ENSG00000107738,73507316,73533255,25939
ENSG00000250990,76875657,76887440,11783
ENSG00000227584,57260401,57261775,1374
ENSG00000107679,124134212,124191867,57655
ENSG00000260639,34686795,34687132,337
ENSG00000273341,77045990,77054760,8770
ENSG00000230531,57261964,57263761,1797
ENSG00000261081,34701826,34702795,969
ENSG00000236753,130994503,131012981,18478
ENSG00000127415,980785,998316,17531
ENSG00000238453,77053000,77053105,105
ENSG00000198597,30719197,31204445,485248
ENSG00000189339,1592939,1624167,31228
ENSG00000259917,34781203,34782772,1569
ENSG00000237620,77090775,77091456,681
ENSG00000261559,34786621,34788101,1480
ENSG00000214293,77286977,77325582,38605
ENSG00000075643,33767482,33852120,84638
ENSG00000118257,206546714,206662857,116143
ENSG00000232099,29639729,29648438,8709
ENSG00000221065,34820491,34820572,81
ENSG00000138297,51592080,51623365,31285
ENSG00000087470,32832134,32898486,66352
ENSG00000090382,69742121,69748014,5893
ENSG00000259892,34848071,34849021,950
ENSG00000187889,57184477,57285369,100892
ENSG00000252425,34889659,34889759,100
ENSG00000261304,34943336,34947965,4629
ENSG00000222432,77525197,77525309,112
ENSG00000123329,57866038,57882597,16559
ENSG00000273489,131178723,131182453,3730
ENSG00000232756,77619701,77624488,4787
ENSG00000198203,108905095,108926371,21276
ENSG00000224545,131204896,131205262,366
ENSG00000230469,71538718,71539594,876
ENSG00000250007,35047285,35105124,57839
ENSG00000213261,131346711,131347383,672
ENSG00000215462,50007495,50020554,13059
ENSG00000236238,131350266,131350617,351
ENSG00000235460,28805659,28806796,1137
ENSG00000171611,42883727,42893573,9846
ENSG00000225604,28827415,28831140,3725
ENSG00000268953,31640362,31640757,395
ENSG00000259751,35141338,35142596,1258
ENSG00000160207,44949072,45079374,130302
ENSG00000231322,77976459,77988775,12316
ENSG00000222631,71572451,71572541,90
ENSG00000120647,498439,551811,53372
ENSG00000163749,77234154,77343021,108867
ENSG00000266082,71618970,71619055,85
ENSG00000182685,2259254,2261951,2697
ENSG00000196118,30768744,30774031,5287
ENSG00000224222,71754382,71767592,13210
ENSG00000229097,71923441,71923880,439
ENSG00000121297,31765851,31840453,74602
ENSG00000232142,71958744,71958995,251
ENSG00000188419,85116185,85302566,186381
ENSG00000231409,35235281,35235595,314
ENSG00000224725,72149182,72150382,1200
ENSG00000259181,35285847,35295422,9575
ENSG00000230661,72245092,72246081,989
ENSG00000259587,35300670,35303392,2722
ENSG00000059377,139476850,139720125,243275
ENSG00000231366,72553986,72554279,293
ENSG00000180532,58180303,58190520,10217
ENSG00000259665,35373345,35373714,369
ENSG00000158006,26286258,26324648,38390
ENSG00000237998,72625245,72626128,883
ENSG00000255192,35376394,35377311,917
ENSG00000234671,57264345,57265479,1134
ENSG00000271409,72689682,72691814,2132
ENSG00000136169,50018429,50069138,50709
ENSG00000144580,219433303,219461803,28500
ENSG00000259267,72698810,72715398,16588
ENSG00000080371,72148654,72184699,36045
ENSG00000169325,57268438,57271304,2866
ENSG00000216004,72975557,72975628,71
ENSG00000259397,35384682,35385413,731
ENSG00000266795,21906417,21913070,6653
ENSG00000231601,789932,790898,966
ENSG00000237512,72976981,72977985,1004
ENSG00000229869,978966,988683,9717
ENSG00000264939,21906476,21907067,591
ENSG00000179636,21492268,21504435,12167
ENSG00000266836,21908843,21909413,570
ENSG00000259336,35391223,35461899,70676
ENSG00000058056,179370543,179507189,136646
ENSG00000234089,57277572,57289881,12309
ENSG00000184207,2261998,2264808,2810
ENSG00000259592,35413774,35414285,511
ENSG00000144524,232646381,232673963,27582
ENSG00000266746,21911222,21911558,336
ENSG00000232656,1068606,1090138,21532
ENSG00000261020,21919351,21924060,4709
ENSG00000259516,35474000,35530398,56398
ENSG00000264543,21934505,21934721,216
ENSG00000183801,7506619,7532608,25989
ENSG00000238431,57294708,57294773,65
ENSG00000266168,57472731,57472796,65
ENSG00000204519,58193337,58228669,35332
ENSG00000237289,43885252,43897099,11847
ENSG00000259710,35574797,35575181,384
ENSG00000168813,32836500,32878573,42073
ENSG00000227182,57482534,57483429,895
ENSG00000235368,57484207,57485380,1173
ENSG00000164399,131396222,131398897,2675
ENSG00000100302,35936915,35950048,13133
ENSG00000215301,41192651,41223725,31074
ENSG00000184345,51895645,51897440,1795
ENSG00000237508,29687660,29703415,15755
ENSG00000127337,69753483,69784576,31093
ENSG00000241789,51906221,51906467,246
ENSG00000157131,57320479,57383894,63415
ENSG00000235455,51907612,51909783,2171
ENSG00000214681,51907737,51909600,1863
ENSG00000254782,51995228,52008047,12819
ENSG00000269026,58193413,58264943,71530
ENSG00000151665,46808076,46844258,36182
ENSG00000160208,45079429,45115958,36529
ENSG00000242849,52227186,52228801,1615
ENSG00000111796,9747147,9760482,13335
ENSG00000268948,58203868,58204128,260
ENSG00000166788,18091482,18127638,36156
ENSG00000073578,218356,256815,38459
ENSG00000101132,52824386,52844591,20205
ENSG00000250254,37962056,37962746,690
ENSG00000266497,44581312,44586705,5393
ENSG00000179909,58208735,58220579,11844
ENSG00000206450,31311768,31315097,3329
ENSG00000226230,78115847,78116345,498
ENSG00000265315,44614900,44615180,280
ENSG00000166278,31865562,31913449,47887
ENSG00000235751,78530591,78629614,99023
ENSG00000232300,44636196,44640161,3965
ENSG00000196355,38628029,38666430,38401
ENSG00000167967,2273567,2285743,12176
ENSG00000229995,29774037,29774168,131
ENSG00000232541,33269767,33296554,26787
ENSG00000251276,78569166,78570211,1045
ENSG00000234681,29788849,29789829,980
ENSG00000224158,28829206,28829837,631
ENSG00000213326,44798948,44799533,585
ENSG00000198324,111798455,111806925,8470
ENSG00000263491,28945266,28945561,295
ENSG00000198125,36002811,36033998,31187
ENSG00000235405,28953994,28955275,1281
ENSG00000137161,42896938,42907025,10087
ENSG00000173389,51928892,51937351,8459
ENSG00000239675,28954591,28956327,1736
ENSG00000109787,38665817,38702663,36846
ENSG00000262031,44987108,44988878,1770
ENSG00000214226,54869274,54916134,46860
ENSG00000225048,28994471,28995398,927
ENSG00000237608,29039613,29040388,775
ENSG00000013297,170136653,170578169,441516
ENSG00000229179,29044362,29044957,595
ENSG00000238918,73085085,73085188,103
ENSG00000226192,29068739,29069677,938
ENSG00000223817,73267910,73271630,3720
ENSG00000083814,58231119,58238992,7873
ENSG00000127418,1003724,1020685,16961
ENSG00000091436,173940163,174132738,192575
ENSG00000238446,73604492,73604551,59
ENSG00000227448,29091999,29096697,4698
ENSG00000230526,73638114,73638865,751
ENSG00000272988,73813052,73813795,743
ENSG00000236771,29105666,29106602,936
ENSG00000259585,35590450,35591641,1191
ENSG00000228483,29149313,29150248,935
ENSG00000200294,73940616,73940747,131
ENSG00000167807,10416103,10426685,10582
ENSG00000137656,116618886,116643704,24818
ENSG00000224118,29817322,29817471,149
ENSG00000226701,73949699,73950334,635
ENSG00000265102,35664457,35664565,108
ENSG00000272096,155155329,155155612,283
ENSG00000226152,29846611,29847577,966
ENSG00000239508,155166973,155175542,8569
ENSG00000200170,73980510,73980610,100
ENSG00000229441,29183062,29184005,943
ENSG00000157350,70413338,70473140,59802
ENSG00000259688,35688422,35688645,223
ENSG00000269926,74034673,74035738,1065
ENSG00000202513,74151722,74151827,105
ENSG00000242925,155203592,155204910,1318
ENSG00000226893,29847067,29849789,2722
ENSG00000257495,52995251,53009089,13838
ENSG00000226163,74261504,74262714,1210
ENSG00000259411,35692892,35693969,1077
ENSG00000164938,95938200,95961639,23439
ENSG00000239212,155375549,155376401,852
ENSG00000230609,74320022,74320214,192
ENSG00000186432,160212783,160283376,70593
ENSG00000241307,155478406,155479006,600
ENSG00000131381,15111580,15140670,29090
ENSG00000240489,155705093,155705965,872
ENSG00000248079,35838396,36151202,312806
ENSG00000258120,53026650,53028240,1590
ENSG00000227027,29855863,29856994,1131
ENSG00000238766,74336482,74336553,71
ENSG00000267303,10426147,10431354,5207
ENSG00000272536,74342561,74342842,281
ENSG00000257700,53086389,53090572,4183
ENSG00000231471,74396255,74396523,268
ENSG00000243224,52273274,52275113,1839
ENSG00000259217,36067001,36067190,189
ENSG00000112773,82201156,82462491,261335
ENSG00000257402,53109351,53112824,3473
ENSG00000265098,36219057,36219124,67
ENSG00000238215,74402769,74404408,1639
ENSG00000259639,36231368,36544458,313090
ENSG00000258185,86993355,87232775,239420
ENSG00000257616,53124209,53126649,2440
ENSG00000164400,131409483,131411859,2376
ENSG00000226978,78638304,78641593,3289
ENSG00000258036,53129050,53129926,876
ENSG00000135111,115108059,115121969,13910
ENSG00000021852,57394883,57431813,36930
ENSG00000152443,58258164,58269527,11363
ENSG00000069493,9817565,9848413,30848
ENSG00000212545,78659556,78659661,105
ENSG00000153933,54911460,54946036,34576
ENSG00000204033,85980254,85985345,5091
ENSG00000268818,36023040,36031181,8141
ENSG00000229110,78754055,78755066,1011
ENSG00000134775,33877677,34360018,482341
ENSG00000161847,10426888,10444316,17428
ENSG00000212482,78972582,78972688,106
ENSG00000137831,70946893,71055932,109039
ENSG00000222024,78982726,78983708,982
ENSG00000221963,36044442,36064456,20014
ENSG00000005238,35104109,35116338,12229
ENSG00000233803,9175073,9177893,2820
ENSG00000101134,53092136,53267710,175574
ENSG00000136147,50069746,50103123,33377
ENSG00000151338,37667118,38021566,354448
ENSG00000138071,65454887,65498387,43500
ENSG00000175895,96146032,96168912,22880
ENSG00000183833,119421869,119485949,64080
ENSG00000234456,79082198,79100524,18326
ENSG00000264077,87138845,87138925,80
ENSG00000242850,87563762,87564206,444
ENSG00000173213,47225,73545,26320
ENSG00000258205,88140344,88140460,116
ENSG00000238924,1088233,1088295,62
ENSG00000236395,131387028,131387412,384
ENSG00000257648,88143919,88144090,171
ENSG00000229205,1205708,1210612,4904
ENSG00000156172,96257147,96281429,24282
ENSG00000236281,131438505,131439011,506
ENSG00000112062,35995488,36079013,83525
ENSG00000258173,88147191,88147224,33
ENSG00000128313,36113919,36125530,11611
ENSG00000252811,131537439,131537533,94
ENSG00000235273,29191799,29234885,43086
ENSG00000233263,131577375,131578374,999
ENSG00000126733,85403462,86087607,684145
ENSG00000083828,58281023,58331307,50284
ENSG00000236386,131578581,131578833,252
ENSG00000158423,53449639,53458059,8420
ENSG00000201881,74413923,74414034,111
ENSG00000224990,29197053,29197983,930
ENSG00000148602,85991349,86001217,9868
ENSG00000224865,131582400,131633712,51312
ENSG00000269093,32895915,32896466,551
ENSG00000252849,131600994,131601081,87
ENSG00000169570,118173017,118324240,151223
ENSG00000229532,131771025,131772751,1726
ENSG00000156466,97154562,97173020,18458
ENSG00000227458,30094214,30106840,12626
ENSG00000225144,131948911,131956028,7117
ENSG00000258128,88175940,88178345,2405
ENSG00000166387,7534529,7678358,143829
ENSG00000223436,132037093,132052735,15642
ENSG00000257343,53140380,53142092,1712
ENSG00000174930,155737435,155755475,18040
ENSG00000104808,49436939,49448226,11287
ENSG00000201009,132437783,132437886,103
ENSG00000257675,53142560,53143911,1351
ENSG00000225881,132443730,132445392,1662
ENSG00000242017,155761944,155762737,793
ENSG00000257912,88189510,88195805,6295
ENSG00000257125,53145762,53147605,1843
ENSG00000242537,155829221,155831987,2766
ENSG00000258071,53157189,53157677,488
ENSG00000257940,88210263,88211608,1345
ENSG00000227197,132515453,132534353,18900
ENSG00000227709,155893641,155894700,1059
ENSG00000270957,57544872,57545601,729
ENSG00000257404,53176434,53176623,189
ENSG00000233601,57659500,57669810,10310
ENSG00000257389,53231187,53231523,336
ENSG00000158008,26346375,26362955,16580
ENSG00000109771,186285032,186317053,32021
ENSG00000272393,132767589,132767692,103
ENSG00000243981,57688185,57704895,16710
ENSG00000241146,53279213,53280169,956
ENSG00000233052,1403196,1403832,636
ENSG00000167968,2285817,2288712,2895
ENSG00000237821,132854174,132855272,1098
ENSG00000266719,74480787,74480858,71
ENSG00000064195,48067369,48072588,5219
ENSG00000238844,132947395,132947485,90
ENSG00000233241,29865828,29866194,366
ENSG00000272627,74526318,74526810,492
ENSG00000205696,1568832,1599179,30347
ENSG00000235429,132999763,133000167,404
ENSG00000231998,29867067,29867931,864
ENSG00000265039,53345492,53345579,87
ENSG00000215086,74677399,74678292,893
ENSG00000115556,219472488,219501907,29419
ENSG00000225410,53346500,53346686,186
ENSG00000178904,32896449,32976801,80352
ENSG00000227956,29885238,29886228,990
ENSG00000257475,53405888,53407705,1817
ENSG00000235967,133412121,133412487,366
ENSG00000148604,86004809,86019716,14907
ENSG00000235680,29791677,29795834,4157
ENSG00000167996,61727190,61735132,7942
ENSG00000213700,74765591,74766353,762
ENSG00000259245,36338283,36341730,3447
ENSG00000226205,133417246,133418348,1102
ENSG00000232331,29885712,29888489,2777
ENSG00000179950,144898514,144912029,13515
ENSG00000156467,97238148,97247862,9714
ENSG00000231098,133969252,133970807,1555
ENSG00000161570,34198495,34207797,9302
ENSG00000160209,45138975,45182188,43213
ENSG00000234962,2047667,2056542,8875
ENSG00000259395,36633940,36636367,2427
ENSG00000130717,134399188,134406655,7467
ENSG00000229177,134030823,134035543,4720
ENSG00000232646,74824884,74825225,341
ENSG00000257337,53408380,53448222,39842
ENSG00000223352,29891600,29891785,185
ENSG00000259737,36731173,36763217,32044
ENSG00000206072,61314813,61391127,76314
ENSG00000223708,29899399,29900391,992
ENSG00000237768,74831053,74833766,2713
ENSG00000273297,134101042,134117205,16163
ENSG00000232011,29913886,29915860,1974
ENSG00000201047,74842252,74842353,101
ENSG00000240596,155933349,155945672,12323
ENSG00000272630,74857802,74861055,3253
ENSG00000008128,1634169,1655766,21597
ENSG00000242370,156158946,156164694,5748
ENSG00000270500,36864186,36864413,227
ENSG00000224375,134368896,134372742,3846
ENSG00000237395,29928092,29929754,1662
ENSG00000261635,36905675,36906399,724
ENSG00000272990,156241529,156242036,507
ENSG00000230101,134419649,134419945,296
ENSG00000114767,51967446,51975957,8511
ENSG00000243926,156389651,156392167,2516
ENSG00000261315,36909290,36911466,2176
ENSG00000199150,52302292,52302379,87
ENSG00000242797,52322599,52333083,10484
ENSG00000260582,36918875,36919976,1101
ENSG00000168481,22004338,22014597,10259
ENSG00000261191,36933387,36961298,27911
ENSG00000207926,52328235,52328324,89
ENSG00000188937,41306687,41334963,28276
ENSG00000239557,52407668,52408898,1230
ENSG00000270749,57688991,57689857,866
ENSG00000087088,49458072,49465055,6983
ENSG00000223518,37090797,37110660,19863
ENSG00000229627,57698431,57698818,387
ENSG00000252768,52585862,52585959,97
ENSG00000221518,52594586,52594723,137
ENSG00000230796,57710087,57710825,738
ENSG00000252787,52722898,52722977,79
ENSG00000237639,57710227,57710560,333
ENSG00000212493,52723264,52723331,67
ENSG00000238862,52724760,52724843,83
ENSG00000233962,57712442,57713165,723
ENSG00000222345,52725394,52725469,75
ENSG00000138386,191511472,191557492,46020
ENSG00000255472,21500977,21502054,1077
ENSG00000212511,37144841,37145059,218
ENSG00000212452,52726752,52726828,76
ENSG00000236261,57712581,57712914,333
ENSG00000270941,52768751,52769029,278
ENSG00000259280,37168580,37179236,10656
ENSG00000139304,80799774,81072802,273028
ENSG00000100320,36134783,36424473,289690
ENSG00000168758,97525453,97536494,11041
ENSG00000234085,57714528,57715098,570
ENSG00000271137,52787542,52788706,1164
ENSG00000206150,21500979,21502944,1965
ENSG00000229549,9195406,9218479,23073
ENSG00000227015,57830325,57830652,327
ENSG00000249992,45265958,45267770,1812
ENSG00000262351,45798102,45811056,12954
ENSG00000206676,37343029,37343131,102
ENSG00000259460,37391540,37392374,834
ENSG00000165799,21510385,21512393,2008
ENSG00000270304,37546080,37547153,1073
ENSG00000162813,220230824,220263804,32980
ENSG00000262552,45885738,45957624,71886
ENSG00000167969,2289396,2302301,12905
ENSG00000054803,54572496,54580528,8032
ENSG00000111252,111843752,111889427,45675
ENSG00000155085,109814059,110012420,198361
ENSG00000057149,61322431,61329197,6766
ENSG00000173431,21525981,21526614,633
ENSG00000103549,30773066,30787628,14562
ENSG00000174123,38773860,38784611,10751
ENSG00000186352,186317175,186321782,4607
ENSG00000259434,37657228,37783009,125781
ENSG00000109917,116648436,116658766,10330
ENSG00000243122,37782892,37783304,412
ENSG00000258385,41765489,41767937,2448
ENSG00000221695,41818497,41818570,73
ENSG00000266885,21934719,21938362,3643
ENSG00000259225,38276967,38354541,77574
ENSG00000265705,21934958,21935393,435
ENSG00000011376,45429998,45590913,160915
ENSG00000135414,56137064,56150911,13847
ENSG00000266529,22018943,22020035,1092
ENSG00000243655,22023889,22024656,767
ENSG00000178935,58315209,58326281,11072
ENSG00000124089,54823788,54824871,1083
ENSG00000121749,72233487,72320629,87142
ENSG00000264168,22024064,22025022,958
ENSG00000223500,134813196,134814437,1241
ENSG00000136144,50106082,50159719,53637
ENSG00000072682,131527531,131631008,103477
ENSG00000272941,134853155,134854299,1144
ENSG00000184436,21353393,21356485,3092
ENSG00000258901,42024865,42025258,393
ENSG00000078401,12290596,12297427,6831
ENSG00000263914,22025225,22026263,1038
ENSG00000233168,29230503,29231879,1376
ENSG00000236914,38361682,38365160,3478
ENSG00000173406,57460451,59012406,1551955
ENSG00000231794,134883153,134887108,3955
ENSG00000228849,31525488,31528257,2769
ENSG00000258636,42057064,42074059,16995
ENSG00000240103,22026650,22028896,2246
ENSG00000072415,67707826,67802536,94710
ENSG00000227073,135129209,135129673,464
ENSG00000251858,42063666,42063794,128
ENSG00000234351,29236262,29237221,959
ENSG00000258536,42211842,42212166,324
ENSG00000271414,135335720,135336164,444
ENSG00000239799,52857951,52859330,1379
ENSG00000241225,22028179,22028247,68
ENSG00000187456,34245070,34257777,12707
ENSG00000232469,29258528,29259470,942
ENSG00000266500,42421679,42421763,84
ENSG00000125850,17937623,18039832,102209
ENSG00000231834,29898024,29902665,4641
ENSG00000226694,2114039,2123291,9252
ENSG00000223718,135344787,135345401,614
ENSG00000263483,22029260,22029935,675
ENSG00000266635,53087014,53087110,96
ENSG00000124098,54933971,54943719,9748
ENSG00000252998,2140361,2140463,102
ENSG00000262448,45966098,46046882,80784
ENSG00000227912,2208526,2211654,3128
ENSG00000212303,135350347,135350450,103
ENSG00000264316,22029938,22030718,780
ENSG00000273219,135389285,135389589,304
ENSG00000231326,2211334,2231668,20334
ENSG00000175779,38988799,38992239,3440
ENSG00000268750,58331087,58370309,39222
ENSG00000222219,135482754,135482857,103
ENSG00000174125,38792298,38858438,66140
ENSG00000264930,22105715,22106030,315
ENSG00000005884,48133332,48167845,34513
ENSG00000224746,135611203,135617629,6426
ENSG00000261878,45652223,45672373,20150
ENSG00000264262,22176022,22191945,15923
ENSG00000085185,129115083,129192058,76975
ENSG00000178222,1050038,1107350,57312
ENSG00000199700,135645451,135645557,106
ENSG00000212156,2241581,2241682,101
ENSG00000265114,22192161,22192940,779
ENSG00000262853,45659676,45676875,17199
ENSG00000234556,2347277,2357269,9992
ENSG00000264431,22192652,22194158,1506
ENSG00000234170,2488447,2489546,1099
ENSG00000205323,56146247,56211540,65293
ENSG00000175746,39542885,39547046,4161
ENSG00000264970,22203742,22205012,1270
ENSG00000198722,35161999,35405335,243336
ENSG00000259380,38431796,38519088,87292
ENSG00000258074,53525134,53525769,635
ENSG00000165801,21538429,21558399,19970
ENSG00000238669,53532329,53532435,106
ENSG00000259192,38750961,38751741,780
ENSG00000153107,112523848,112642267,118419
ENSG00000258016,53535837,53536111,274
ENSG00000115423,84743579,85046713,303134
ENSG00000120539,27443753,27475853,32100
ENSG00000257790,53547056,53548268,1212
ENSG00000263433,25308720,25309116,396
ENSG00000259326,38795054,38797182,2128
ENSG00000257808,53553370,53554784,1414
ENSG00000259598,38816271,38826856,10585
ENSG00000269343,58331099,58370018,38919
ENSG00000257605,53692449,53694098,1649
ENSG00000264734,25316215,25326967,10752
ENSG00000179826,18142502,18160027,17525
ENSG00000264172,25329687,25330285,598
ENSG00000266736,25346553,25374960,28407
ENSG00000269103,21358030,21360736,2706
ENSG00000125871,17949556,17971765,22209
ENSG00000152213,50202435,50208008,5573
ENSG00000255470,18161733,18211042,49309
ENSG00000109775,186320694,186347139,26445
ENSG00000137801,39873280,39891667,18387
ENSG00000179817,18194384,18195827,1443
ENSG00000107263,134452157,134615461,163304
ENSG00000174130,38825336,38858438,33102
ENSG00000261886,44994136,45000400,6264
ENSG00000108262,27900487,27921072,20585
ENSG00000269089,61735453,61736755,1302
ENSG00000210709,44998490,44998615,125
ENSG00000264999,45050383,45050466,83
ENSG00000189332,18230685,18236109,5424
ENSG00000263142,45055847,45131935,76088
ENSG00000176049,146967990,147162338,194348
ENSG00000259149,42728934,42737789,8855
ENSG00000222084,42769954,42770065,111
ENSG00000104371,42231586,42234750,3164
ENSG00000258394,42832186,43172858,340672
ENSG00000123179,50234859,50265611,30752
ENSG00000204316,73894724,73905899,11175
ENSG00000258850,42881776,42998091,116315
ENSG00000258505,43078071,43078780,709
ENSG00000258622,43126966,43127121,155
ENSG00000204514,58360099,58400442,40343
ENSG00000112137,12717893,13288645,570752
ENSG00000157353,70488324,70514177,25853
ENSG00000148965,18252896,18258440,5544
ENSG00000258934,43276581,43277315,734
ENSG00000262879,45061411,45177689,116278
ENSG00000232838,18118517,18123813,5296
ENSG00000183678,153813407,153815075,1668
ENSG00000165417,81641796,81687721,45925
ENSG00000067704,220267444,220321380,53936
ENSG00000099957,21364097,21383119,19022
ENSG00000101557,158383,214629,56246
ENSG00000197712,38869298,38947360,78062
ENSG00000263650,45119191,45119483,292
ENSG00000221016,45195868,45195957,89
ENSG00000172869,118373467,118584833,211366
ENSG00000197746,73576055,73611126,35071
ENSG00000184033,153845865,153847533,1668
ENSG00000239291,45236557,45237359,802
ENSG00000242142,53098299,53099107,808
ENSG00000235176,30021879,30027881,6002
ENSG00000252504,53243969,53244062,93
ENSG00000262265,45238441,45239430,989
ENSG00000238565,53317216,53317319,103
ENSG00000149474,18118762,18169031,50269
ENSG00000134339,18260770,18270190,9420
ENSG00000261872,45247192,45248415,1223
ENSG00000242866,43891596,44010458,118862
ENSG00000252088,45298008,45298091,83
ENSG00000238419,45336724,45336786,62
ENSG00000105976,116312444,116438440,125996
ENSG00000138771,77356253,77704406,348153
ENSG00000254636,124214169,124216868,2699
ENSG00000041880,51976361,51982883,6522
ENSG00000126890,153880246,153881853,1607
ENSG00000160844,99798283,99869855,71572
ENSG00000263293,45380832,45400979,20147
ENSG00000158014,26363743,26372624,8881
ENSG00000272599,74884331,74885163,832
ENSG00000149503,61891445,61920635,29190
ENSG00000213413,99815864,99819113,3249
ENSG00000261956,45684238,45684344,106
ENSG00000162290,53317447,53381654,64207
ENSG00000138107,104238986,104262482,23496
ENSG00000262027,45727474,45742809,15335
ENSG00000102753,50273447,50367057,93610
ENSG00000262072,45753633,45754571,938
ENSG00000142494,19398698,19482347,83649
ENSG00000162600,58881056,59012474,131418
ENSG00000227472,30110050,30119038,8988
ENSG00000214300,99905325,99919819,14494
ENSG00000128284,36536372,36562225,25853
ENSG00000125740,45971253,45978437,7184
ENSG00000150667,39892232,40075031,182799
ENSG00000183214,31357610,31374165,16555
ENSG00000124749,55921388,56258892,337504
ENSG00000114757,179512746,179754841,242095
ENSG00000168484,22014426,22021992,7566
ENSG00000166033,124221041,124274424,53383
ENSG00000158022,26377795,26394927,17132
ENSG00000087086,49468558,49470135,1577
ENSG00000205937,2303117,2318413,15296
ENSG00000232161,57830672,57830879,207
ENSG00000230271,57832290,57832905,615
ENSG00000081189,88013975,88199922,185947
ENSG00000257379,53835525,53861312,25787
ENSG00000166173,71123863,71146498,22635
ENSG00000008838,38175350,38217468,42118
ENSG00000076662,10444452,10450499,6047
ENSG00000039537,41142336,41261540,119204
ENSG00000188573,167956121,167957639,1518
ENSG00000160563,134735494,134955295,219801
ENSG00000140022,81727000,81902809,175809
ENSG00000166073,40091233,40213093,121860
ENSG00000160219,153903529,153979858,76329
ENSG00000198075,108994367,109004513,10146
ENSG00000236560,30029681,30033306,3625
ENSG00000120137,167975500,168006605,31105
ENSG00000078668,42249142,42263415,14273
ENSG00000122543,5919458,5925993,6535
ENSG00000156469,97251626,97273838,22212
ENSG00000198369,65537985,65659771,121786
ENSG00000262212,45956081,45964632,8551
ENSG00000184292,59041099,59043166,2067
ENSG00000270175,53893946,53894720,774
ENSG00000175087,26437664,26452034,14370
ENSG00000257550,53907768,53911392,3624
ENSG00000258069,29267069,29267608,539
ENSG00000087586,54944445,54967393,22948
ENSG00000206449,31456185,31469201,13016
ENSG00000228197,29297458,29298893,1435
ENSG00000268482,35361056,35361262,206
ENSG00000163273,232786530,232791113,4583
ENSG00000230742,29374189,29399677,25488
ENSG00000237733,30033239,30038860,5621
ENSG00000198466,58361225,58376480,15255
ENSG00000249103,29384982,29385944,962
ENSG00000233989,29432307,29437517,5210
ENSG00000100554,67761088,67826982,65894
ENSG00000173432,18287721,18291524,3803
ENSG00000197245,26485511,26489119,3608
ENSG00000269494,82262307,82262537,230
ENSG00000264261,2495329,2495418,89
ENSG00000229889,29442736,29443782,1046
ENSG00000236014,33357416,33379168,21752
ENSG00000228927,9236030,9307357,71327
ENSG00000162601,59120411,59165764,45353
ENSG00000131375,15247659,15294425,46766
ENSG00000198853,35490124,35561895,71771
ENSG00000125744,45988547,46000319,11772
ENSG00000269476,58388133,58427959,39826
ENSG00000134779,34359987,34409158,49171
ENSG00000142684,26496362,26498551,2189
ENSG00000124713,42928496,42931618,3122
ENSG00000079134,214520,268050,53530
ENSG00000013293,170177372,170303863,126491
ENSG00000196358,135037334,135119921,82587
ENSG00000147044,41374187,41782716,408529
ENSG00000123178,50486842,50510626,23784
ENSG00000110721,67820326,67888911,68585
ENSG00000173480,58411664,58427978,16314
ENSG00000258179,88214431,88214695,264
ENSG00000240721,88338662,88344596,5934
ENSG00000225130,30065837,30076039,10202
ENSG00000072506,53458206,53461320,3114
ENSG00000144935,142442916,142526730,83814
ENSG00000252747,88445478,88445555,77
ENSG00000257752,88451653,88452355,702
ENSG00000183684,79845713,79849462,3749
ENSG00000186143,27359723,27362278,2555
ENSG00000185189,144915764,144924200,8436
ENSG00000205129,186347394,186370980,23586
ENSG00000199245,88824219,88824327,108
ENSG00000174912,156431673,156432717,1044
ENSG00000236579,29932391,29935687,3296
ENSG00000252850,88975416,88975573,157
ENSG00000168515,61957688,61961011,3323
ENSG00000259047,43458404,43458686,282
ENSG00000246363,89404458,89413456,8998
ENSG00000240875,156465135,156534851,69716
ENSG00000267426,73894726,73926210,31484
ENSG00000234242,29950499,29950895,396
ENSG00000258406,43744027,43744900,873
ENSG00000226285,79173227,79174169,942
ENSG00000235340,29951727,29952604,877
ENSG00000065320,8924859,9147317,222458
ENSG00000200786,79283425,79283543,118
ENSG00000186212,77816082,77819002,2920
ENSG00000213470,54026572,54026935,363
ENSG00000259051,43769466,43769798,332
ENSG00000206818,79541420,79541524,104
ENSG00000166396,61420169,61472604,52435
ENSG00000238471,88883,88995,112
ENSG00000230853,79725916,79726531,615
ENSG00000257629,89421534,89422299,765
ENSG00000258828,44010086,44011029,943
ENSG00000260492,54144231,54145619,1388
ENSG00000215187,35561828,35563896,2068
ENSG00000244392,79875242,79875538,296
ENSG00000230457,156527340,156528521,1181
ENSG00000006283,48638429,48704835,66406
ENSG00000124939,61976140,61981408,5268
ENSG00000234223,79875725,79941772,66047
ENSG00000257156,89441964,89703330,261366
ENSG00000105185,33071974,33078358,6384
ENSG00000260030,54148142,54155888,7746
ENSG00000257726,115800817,115802550,1733
ENSG00000258387,44061345,44061465,120
ENSG00000238302,89676000,89676062,62
ENSG00000223213,54185089,54185131,42
ENSG00000229653,29958301,30019319,61018
ENSG00000163792,27371872,27376378,4506
ENSG00000257820,89713141,89713426,285
ENSG00000258894,44064339,44065886,1547
ENSG00000241879,156695347,156695614,267
ENSG00000118873,220321635,220445796,124161
ENSG00000253053,54209969,54210263,294
ENSG00000100336,36585172,36600886,15714
ENSG00000249641,54329112,54333427,4315
ENSG00000239706,156705906,156706501,595
ENSG00000137821,71145578,71342414,196836
ENSG00000181495,32788945,32791819,2874
ENSG00000105397,10461209,10491352,30143
ENSG00000271327,89761584,89763078,1494
ENSG00000237500,2541913,2542762,849
ENSG00000271090,54350318,54352745,2427
ENSG00000124935,62009682,62012280,2598
ENSG00000235281,2543975,2609431,65456
ENSG00000184347,168088745,168728133,639388
ENSG00000257390,56151059,56221330,70271
ENSG00000231743,2978213,2978633,420
ENSG00000240347,79947569,79947857,288
ENSG00000234182,3052723,3055303,2580
ENSG00000268728,31474803,31475278,475
ENSG00000204977,50570024,50594617,24593
ENSG00000232667,79959508,80014295,54787
ENSG00000228630,54356092,54368740,12648
ENSG00000273001,3107616,3108193,577
ENSG00000253347,45486688,45500892,14204
ENSG00000223550,80006870,80007151,281
ENSG00000177606,59246465,59249785,3320
ENSG00000102271,86772752,86925050,152298
ENSG00000258969,44464984,44853748,388764
ENSG00000170310,9153788,9479908,326120
ENSG00000237399,3183824,3210164,26340
ENSG00000259019,44546737,44547087,350
ENSG00000104812,49471382,49496567,25185
ENSG00000228782,45527934,45569858,41924
ENSG00000259137,44589413,44589964,551
ENSG00000259148,44760200,44760921,721
ENSG00000141503,4736683,4801356,64673
ENSG00000236968,3266008,3269599,3591
ENSG00000259126,44861734,44862919,1185
ENSG00000226762,3282563,3299402,16839
ENSG00000227338,3308195,3309207,1012
ENSG00000123066,116395711,116715143,319432
ENSG00000138758,77870856,77961537,90681
ENSG00000233321,3529086,3545030,15944
ENSG00000143442,151375200,151431941,56741
ENSG00000196724,58433252,58446761,13509
ENSG00000108799,40852293,40897071,44778
ENSG00000123353,56211703,56215663,3960
ENSG00000167970,2303738,2312343,8605
ENSG00000142675,26503894,26516377,12483
ENSG00000107140,35605367,35610038,4671
ENSG00000163710,142534764,142608045,73281
ENSG00000264837,25384425,25385247,822
ENSG00000168491,186366336,186392913,26577
ENSG00000121060,54965270,54991399,26129
ENSG00000144283,159313476,159539391,225915
ENSG00000204311,179316163,179326117,9954
ENSG00000184293,9868456,9885895,17439
ENSG00000168754,97541620,97684175,142555
ENSG00000265646,25409716,25411062,1346
ENSG00000005700,82879700,82957471,77771
ENSG00000237046,30149053,30161680,12627
ENSG00000230649,135710509,135769416,58907
ENSG00000198553,50589390,50595058,5668
ENSG00000258487,44913950,44949821,35871
ENSG00000197632,61538926,61571124,32198
ENSG00000232053,135777673,136122174,344501
ENSG00000258747,44976610,45007716,31106
ENSG00000110848,9905082,9913497,8415
ENSG00000135968,109065017,109125871,60854
ENSG00000188878,73905655,73937221,31566
ENSG00000238501,45036116,45036209,93
ENSG00000110484,62037627,62040628,3001
ENSG00000258998,45232360,45252032,19672
ENSG00000123268,51157493,51214905,57412
ENSG00000110066,67922330,67981295,58965
ENSG00000259000,45329519,45335450,5931
ENSG00000096395,33762450,33771788,9338
ENSG00000206734,45634779,45634880,101
ENSG00000138074,27422455,27435826,13371
ENSG00000258633,45346077,45366280,20203
ENSG00000263766,45681226,45726786,45560
ENSG00000172456,59762310,60233347,471037
ENSG00000075426,28615315,28640179,24864
ENSG00000264558,45759783,45760049,266
ENSG00000264243,45940708,45942556,1848
ENSG00000105186,33087913,33167503,79590
ENSG00000266821,45956838,45959764,2926
ENSG00000197745,62063754,62066536,2782
ENSG00000204842,111890018,112037480,147462
ENSG00000166394,7686331,7698453,12122
ENSG00000107290,135136743,135230372,93629
ENSG00000115419,191745553,191830278,84725
ENSG00000264920,45968621,45973178,4557
ENSG00000235025,30164890,30173878,8988
ENSG00000167972,2325882,2390747,64865
ENSG00000135392,56214744,56224608,9864
ENSG00000113407,33440802,33469644,28842
ENSG00000234494,45974696,46018776,44080
ENSG00000128335,36622256,36636000,13744
ENSG00000265246,25564885,25568687,3802
ENSG00000099960,21383007,21387129,4122
ENSG00000176124,50656307,51297372,641065
ENSG00000180929,51989330,51991509,2179
ENSG00000239223,25601133,25601503,370
ENSG00000122674,5938356,5965605,27249
ENSG00000204149,51748078,51770259,22181
ENSG00000128829,40226347,40327797,101450
ENSG00000121895,38968365,39034542,66177
ENSG00000201509,38834444,38834544,100
ENSG00000213664,25607508,25607938,430
ENSG00000162174,62104920,62160882,55962
ENSG00000206705,135814728,135814829,101
ENSG00000259747,38964048,38981392,17344
ENSG00000220982,135929194,135929282,88
ENSG00000236503,135947306,135947765,459
ENSG00000206447,31486778,31488293,1515
ENSG00000259731,39048755,39051614,2859
ENSG00000265453,25608120,25608441,321
ENSG00000111046,81101277,81103253,1976
ENSG00000079150,179328391,179343327,14936
ENSG00000263583,25620936,25621022,86
ENSG00000264469,25641669,25642952,1283
ENSG00000102034,129198849,129244691,45842
ENSG00000259345,39157523,39719396,561873
ENSG00000160213,45192393,45196326,3933
ENSG00000187905,21400249,21418457,18208
ENSG00000033100,150929575,150935908,6333
ENSG00000166596,9479944,9546776,66832
ENSG00000259278,39311434,39317119,5685
ENSG00000102870,30789778,30798523,8745
ENSG00000226066,136170404,136173065,2661
ENSG00000258509,45356637,45356944,307
ENSG00000259423,39459940,39472231,12291
ENSG00000137101,35609530,35646807,37277
ENSG00000137265,391739,411447,19708
ENSG00000259046,45357759,45358244,485
ENSG00000130826,153991031,154005964,14933
ENSG00000258949,45368111,45381066,12955
ENSG00000234352,136370306,136866854,496548
ENSG00000259450,39480639,39486510,5871
ENSG00000249163,45552248,45553180,932
ENSG00000259447,39592619,39602983,10364
ENSG00000212615,45557446,45557511,65
ENSG00000239043,45580086,45580171,85
ENSG00000199739,45743562,45743680,118
ENSG00000259269,39764904,39773407,8503
ENSG00000258608,45759239,45759589,350
ENSG00000260046,45838418,45840042,1624
ENSG00000242550,61564408,61603345,38937
ENSG00000111049,81110691,81113452,2761
ENSG00000257900,45846471,45858489,12018
ENSG00000259390,39804607,39812055,7448
ENSG00000158113,122652285,122688018,35733
ENSG00000258746,45971945,45972343,398
ENSG00000258845,46037198,46038272,1074
ENSG00000099385,30844947,30906281,61334
ENSG00000259279,39885781,39886432,651
ENSG00000259580,40062760,40093534,30774
ENSG00000258616,46175453,46185155,9702
ENSG00000236925,31530476,31532443,1967
ENSG00000239511,21477050,21482352,5302
ENSG00000261136,40074772,40077818,3046
ENSG00000160214,45209394,45225174,15780
ENSG00000259432,40105424,40107630,2206
ENSG00000233599,30176131,30185621,9490
ENSG00000246863,40213243,40218081,4838
ENSG00000200305,40214983,40215087,104
ENSG00000238564,40242907,40243009,102
ENSG00000259389,40243576,40243909,333
ENSG00000248508,40331512,40359491,27979
ENSG00000133475,21562262,21581926,19664
ENSG00000266601,46007048,46010472,3424
ENSG00000186047,51285144,51418075,132931
ENSG00000251151,54375293,54379303,4010
ENSG00000152454,58452201,58459043,6842
ENSG00000263798,46022790,46051804,29014
ENSG00000259584,40367405,40370905,3500
ENSG00000109790,39046659,39128477,81818
ENSG00000259409,40381033,40381587,554
ENSG00000222499,156735131,156735485,354
ENSG00000264019,46024168,46025641,1473
ENSG00000243629,156799456,156840793,41337
ENSG00000259239,40425969,40427415,1446
ENSG00000124493,33989628,34123399,133771
ENSG00000264701,46057764,46073562,15798
ENSG00000241544,156799630,156806336,6706
ENSG00000123342,56229217,56236750,7533
ENSG00000207947,46114527,46114613,86
ENSG00000258992,9236076,9307357,71281
ENSG00000182836,41307056,41510730,203674
ENSG00000156471,97273943,97349223,75280
ENSG00000177025,58469805,58485902,16097
ENSG00000260648,40524283,40528308,4025
ENSG00000213889,45992035,46005768,13733
ENSG00000263412,46122503,46125435,2932
ENSG00000241135,156807670,156818924,11254
ENSG00000259307,40592871,40594021,1150
ENSG00000150281,30907928,30914881,6953
ENSG00000244705,40604553,40605490,937
ENSG00000266341,46137745,46138031,286
ENSG00000259198,40604816,40608835,4019
ENSG00000206954,46166040,46166146,106
ENSG00000082014,150935850,150974982,39132
ENSG00000221739,46233789,46233873,84
ENSG00000259330,40617417,40618916,1499
ENSG00000263787,46263300,46281891,18591
ENSG00000252714,40623738,40623849,111
ENSG00000259368,40661126,40661841,715
ENSG00000201778,156871337,156871429,92
ENSG00000259714,40664026,40664677,651
ENSG00000244515,156880452,156881721,1269
ENSG00000261374,40666599,40668192,1593
ENSG00000207306,46274042,46274148,106
ENSG00000090097,51991470,52002426,10956
ENSG00000241770,156881241,156886922,5681
ENSG00000136104,51483814,51544592,60778
ENSG00000224006,29963408,29964411,1003
ENSG00000259364,40745643,40746838,1195
ENSG00000235300,46371709,46386124,14415
ENSG00000222675,156891707,156891829,122
ENSG00000100342,36649056,36663576,14520
ENSG00000205057,92813870,92821924,8054
ENSG00000259211,40756392,40758925,2533
ENSG00000243176,156893012,157099054,206042
ENSG00000244251,40772951,40773514,563
ENSG00000171067,68028803,68039469,10666
ENSG00000266222,46454624,46457732,3108
ENSG00000200538,46459734,46459948,214
ENSG00000249915,271736,353971,82235
ENSG00000259536,40780240,40850183,69943
ENSG00000257127,92815307,92824778,9471
ENSG00000125846,18269121,18297640,28519
ENSG00000264451,46537732,46543402,5670
ENSG00000141552,79848666,79858867,10201
ENSG00000270981,156948109,156948997,888
ENSG00000206805,46556459,46556560,101
ENSG00000137078,35649292,35650937,1645
ENSG00000223313,40821769,40821872,103
ENSG00000251751,157648281,157648514,233
ENSG00000196934,21737663,21743446,5783
ENSG00000238559,40899410,40899510,100
ENSG00000239716,157694350,157695925,1575
ENSG00000265814,40907865,40908126,261
ENSG00000166704,58488421,58514717,26296
ENSG00000230148,46620913,46628610,7697
ENSG00000259254,40935131,40939055,3924
ENSG00000242536,157734005,157806786,72781
ENSG00000166762,43920701,43960316,39615
ENSG00000245849,40978922,40987305,8383
ENSG00000241723,157993598,157994210,612
ENSG00000243314,158214350,158214723,373
ENSG00000214215,93096619,93102325,5706
ENSG00000165804,21558205,21572881,14676
ENSG00000243150,158263009,158288855,25846
ENSG00000058404,44256749,44374176,117427
ENSG00000169635,21771693,21805752,34059
ENSG00000236892,3574286,3579223,4937
ENSG00000105401,10501810,10530797,28987
ENSG00000083720,41730167,41870621,140454
ENSG00000243025,158327399,158328646,1247
ENSG00000229672,3793259,3805418,12159
ENSG00000243165,158344445,158344638,193
ENSG00000272087,158410909,158411557,648
ENSG00000134709,60280458,60342050,61592
ENSG00000110756,18300223,18343745,43522
ENSG00000224867,220603286,220608023,4737
ENSG00000116095,179345195,179381189,35994
ENSG00000272440,158413156,158413370,214
ENSG00000264420,46285346,46285432,86
ENSG00000180801,114821440,114900883,79443
ENSG00000228353,3810107,3810943,836
ENSG00000231002,30197334,30226303,28969
ENSG00000258700,46410146,46971026,560880
ENSG00000223465,31536047,31538834,2787
ENSG00000163584,170582664,170588272,5608
ENSG00000240207,158450052,158501859,51807
ENSG00000168487,22022249,22069839,47590
ENSG00000186452,51236703,51281667,44964
ENSG00000227794,33379131,33382651,3520
ENSG00000187510,93115281,93166231,50950
ENSG00000251735,47429626,47429749,123
ENSG00000258392,47465657,47466377,720
ENSG00000244053,47669778,47670307,529
ENSG00000162337,68080077,68216743,136666
ENSG00000183378,7710669,7727968,17299
ENSG00000214903,47913309,47913697,388
ENSG00000215425,31488280,31504633,16353
ENSG00000263945,48230198,48230307,109
ENSG00000144535,232825955,233209060,383105
ENSG00000163803,28680012,28866654,186642
ENSG00000099290,51827648,51893269,65621
ENSG00000162063,2479395,2508855,29460
ENSG00000124587,42931608,42946958,15350
ENSG00000259129,48234157,48264295,30138
ENSG00000110243,116660083,116663136,3053
ENSG00000187566,18120718,18122851,2133
ENSG00000174607,115519611,115599380,79769
ENSG00000271259,89765597,89766136,539
ENSG00000125482,135251008,135282209,31201
ENSG00000183246,21899646,21905750,6104
ENSG00000159884,35658301,35661508,3207
ENSG00000137364,18128542,18155305,26763
ENSG00000185651,21903736,21978323,74587
ENSG00000263406,53322889,53323142,253
ENSG00000150510,51796503,51858377,61874
ENSG00000206902,53324658,53324769,111
ENSG00000149021,62172575,62190667,18092
ENSG00000103051,70514471,70557468,42997
ENSG00000110244,116691419,116694022,2603
ENSG00000207109,53367087,53367155,68
ENSG00000229436,80291647,80291901,254
ENSG00000212608,53421740,53421863,123
ENSG00000168575,42273993,42397069,123076
ENSG00000226671,80820714,80821325,611
ENSG00000227224,53508727,53509116,389
ENSG00000223514,80964422,80964499,77
ENSG00000225682,31925139,31927621,2482
ENSG00000251987,53564349,53564428,79
ENSG00000233101,46626992,46683776,56784
ENSG00000224134,81061047,81062112,1065
ENSG00000264327,53631903,53631994,91
ENSG00000232968,81092352,81092929,577
ENSG00000234113,81157719,81191099,33380
ENSG00000144199,97749320,97760619,11299
ENSG00000198898,116451124,116562103,110979
ENSG00000171659,41548226,41556526,8300
ENSG00000116141,220701568,220837803,136235
ENSG00000233491,81205702,81255532,49830
ENSG00000158270,319361,500722,181361
ENSG00000150477,34409069,34812135,403066
ENSG00000138653,115748919,116035032,286113
ENSG00000125753,46009837,46030241,20404
ENSG00000188523,135285430,135448704,163274
ENSG00000230196,81240200,81240642,442
ENSG00000263416,81549519,81549586,67
ENSG00000102189,93164413,93323107,158694
ENSG00000223770,81638493,81659271,20778
ENSG00000110245,116700422,116703788,3366
ENSG00000233450,33498671,33517062,18391
ENSG00000253309,51909909,51938871,28962
ENSG00000121716,99933737,99965356,31619
ENSG00000163577,170606204,170626482,20278
ENSG00000124942,62201016,62323707,122691
ENSG00000215790,1656277,1677431,21154
ENSG00000266313,25660282,25675517,15235
ENSG00000265683,25678884,25679610,726
ENSG00000072210,19551449,19580911,29462
ENSG00000266356,25738464,25739832,1368
ENSG00000125492,135457572,135465653,8081
ENSG00000188582,142668006,142682178,14172
ENSG00000171657,41583408,41589388,5980
ENSG00000089091,18364011,18447925,83914
ENSG00000230573,3876142,3876920,778
ENSG00000266433,25744716,25758649,13933
ENSG00000226005,3976711,3978005,1294
ENSG00000155026,5965181,6010314,45133
ENSG00000227101,4067132,4070586,3454
ENSG00000137135,35658872,35675863,16991
ENSG00000236990,4093918,4131205,37287
ENSG00000143995,66660584,66801001,140417
ENSG00000223769,29456982,29457387,405
ENSG00000233117,4243333,4286104,42771
ENSG00000118137,116706467,116708666,2199
ENSG00000268706,61602042,61609601,7559
ENSG00000232356,29465220,29478267,13047
ENSG00000147183,88002226,88009786,7560
ENSG00000221262,81919393,81919478,85
ENSG00000213530,82219164,82220007,843
ENSG00000221887,61616535,61649008,32473
ENSG00000228711,82286351,82286727,376
ENSG00000224446,29497135,29501283,4148
ENSG00000202281,82647214,82647327,113
ENSG00000183303,7817452,7818520,1068
ENSG00000224382,4426438,4452804,26366
ENSG00000235503,82984470,82991582,7112
ENSG00000226982,89893870,89896447,2577
ENSG00000243675,158481220,158481542,322
ENSG00000131844,70883115,70954531,71416
ENSG00000271778,158500336,158500913,577
ENSG00000237103,31538820,31542910,4090
ENSG00000230617,83054196,83054318,122
ENSG00000270344,89919431,89934079,14648
ENSG00000189221,43515467,43606068,90601
ENSG00000230096,4457497,4468371,10874
ENSG00000182334,7846584,7847519,935
ENSG00000272247,158519046,158519724,678
ENSG00000134716,60358980,60392462,33482
ENSG00000225274,29505419,29506502,1083
ENSG00000230244,83292735,83293941,1206
ENSG00000207124,4557144,4557249,105
ENSG00000226437,30338927,30359267,20340
ENSG00000237725,29520950,29521897,947
ENSG00000232374,158558788,158559873,1085
ENSG00000222994,83548918,83549019,101
ENSG00000156711,36095586,36107842,12256
ENSG00000258302,89954906,89987798,32892
ENSG00000227982,84157438,84158146,708
ENSG00000175393,7949180,7950209,1029
ENSG00000263634,159000435,159000523,88
ENSG00000231298,4692377,4720346,27969
ENSG00000225955,29541646,29542573,927
ENSG00000266347,89986604,89986704,100
ENSG00000153779,89176881,89177882,1001
ENSG00000235139,84161792,84213638,51846
ENSG00000244249,159104545,159105229,684
ENSG00000271614,90102736,90106367,3631
ENSG00000243116,159439313,159440190,877
ENSG00000232189,29545196,29545485,289
ENSG00000170683,7960081,7961141,1060
ENSG00000241211,159483176,159486401,3225
ENSG00000265926,29549986,29550069,83
ENSG00000265050,84295240,84295324,84
ENSG00000227961,29550245,29550762,517
ENSG00000235243,84477193,84477569,376
ENSG00000225269,4697619,4704611,6992
ENSG00000252207,90120713,90120819,106
ENSG00000257480,90146690,90147608,918
ENSG00000232605,84505870,84506272,402
ENSG00000252823,90147836,90147929,93
ENSG00000182261,7980971,7986973,6002
ENSG00000229210,29603795,29604078,283
ENSG00000160216,45285067,45406417,121350
ENSG00000161179,21982378,21984353,1975
ENSG00000176593,58513429,58522600,9171
ENSG00000258216,90276442,90383066,106624
ENSG00000100345,36677327,36784063,106736
ENSG00000119979,120863598,120897496,33898
ENSG00000238053,29675843,29676265,422
ENSG00000140319,40327940,40331389,3449
ENSG00000233617,29688243,29689233,990
ENSG00000166401,61637159,61672278,35119
ENSG00000151631,4914093,4934167,20074
ENSG00000230017,29691865,29714307,22442
ENSG00000162817,220863187,220872499,9312
ENSG00000112685,485133,693117,207984
ENSG00000099364,30934376,30960104,25728
ENSG00000163581,170714137,170744539,30402
ENSG00000152467,58545400,58565999,20599
ENSG00000175390,7991798,8023409,31611
ENSG00000150045,9980077,9997606,17529
ENSG00000107771,86088342,86278273,189931
ENSG00000117791,220921567,220958150,36583
ENSG00000228220,29963870,29967243,3373
ENSG00000125485,135468384,135545788,77404
ENSG00000162062,2510081,2514964,4883
ENSG00000130830,154006959,154049282,42323
ENSG00000107159,35673853,35681156,7303
ENSG00000161180,21987005,21991616,4611
ENSG00000115568,219502639,219524378,21739
ENSG00000112367,110012499,110146631,134132
ENSG00000104081,40380091,40401093,21002
ENSG00000232141,29989350,29990640,1290
ENSG00000265762,30046493,30046625,132
ENSG00000161533,73937588,73975515,37927
ENSG00000238027,30062935,30072425,9490
ENSG00000114933,206858445,206951027,92582
ENSG00000265495,30090513,30090672,159
ENSG00000176293,58570607,58597677,27070
ENSG00000156709,129263337,129299861,36524
ENSG00000258209,30138280,30138496,216
ENSG00000102786,51928213,52028400,100187
ENSG00000257216,30141447,30141664,217
ENSG00000143375,151482986,151511168,28182
ENSG00000121058,55015548,55038415,22867
ENSG00000183207,49496705,49519252,22547
ENSG00000186205,220960101,220987735,27634
ENSG00000173598,93771659,93797024,25365
ENSG00000231244,136398618,136399935,1317
ENSG00000185432,51317255,51326300,9045
ENSG00000163714,142683339,142779567,96228
ENSG00000232019,84568665,84569561,896
ENSG00000157796,39184024,39287430,103406
ENSG00000259117,48271129,48271404,275
ENSG00000186326,33166313,33169206,2893
ENSG00000125741,46030685,46105470,74785
ENSG00000175938,30960387,30967782,7395
ENSG00000229251,84612863,84613825,962
ENSG00000258639,48514684,48515419,735
ENSG00000136048,102271129,102405908,134779
ENSG00000228199,30144480,30146300,1820
ENSG00000213965,33182867,33204702,21835
ENSG00000270359,48788271,48788597,326
ENSG00000224059,84657144,84659008,1864
ENSG00000257843,30145680,30145891,211
ENSG00000207366,48810429,48810535,106
ENSG00000258751,48865711,48960970,95259
ENSG00000240845,29691933,29692403,470
ENSG00000241701,30191707,30283713,92006
ENSG00000230614,85010434,85010691,257
ENSG00000162598,60452941,60539442,86501
ENSG00000111052,81186299,81331704,145405
ENSG00000248230,29706991,29714227,7236
ENSG00000225128,85050438,85118609,68171
ENSG00000258290,90313214,90313553,339
ENSG00000257725,90341470,90343503,2033
ENSG00000239865,30357586,30359341,1755
ENSG00000107882,104263744,104393292,129548
ENSG00000227785,85265329,85265660,331
ENSG00000257194,90501516,90506556,5040
ENSG00000214511,51347705,51364289,16584
ENSG00000177464,46093022,46105466,12444
ENSG00000236610,85846101,85847049,948
ENSG00000170473,56295197,56326402,31205
ENSG00000204671,122656577,122658746,2169
ENSG00000235458,29713547,29713771,224
ENSG00000081138,63417488,63548638,131150
ENSG00000225553,33517537,33523618,6081
ENSG00000258183,90674671,90694117,19446
ENSG00000264218,29715628,29715729,101
ENSG00000231255,86404397,86405338,941
ENSG00000271916,53831791,53832046,255
ENSG00000228102,29715984,29716404,420
ENSG00000145779,118604387,118735383,130996
ENSG00000233073,86413542,86415986,2444
ENSG00000099381,30968615,30996437,27822
ENSG00000223606,29756033,29762814,6781
ENSG00000261462,86738855,86740598,1743
ENSG00000173809,33210659,33320483,109824
ENSG00000176383,122688090,122693499,5409
ENSG00000224046,86780739,86781736,997
ENSG00000069535,43625858,43741693,115835
ENSG00000131370,15296360,15382875,86515
ENSG00000177143,580367,581524,1157
ENSG00000136630,221051699,221058401,6702
ENSG00000258750,48867513,48868578,1065
ENSG00000166402,8040791,8127659,86868
ENSG00000200397,86847927,86848028,101
ENSG00000265801,25792138,25792567,429
ENSG00000144852,119499331,119537332,38001
ENSG00000249679,186392670,186393417,747
ENSG00000182165,86954541,86974831,20290
ENSG00000112984,137514408,137523404,8996
ENSG00000238488,136525840,136525943,103
ENSG00000164266,147204131,147211349,7218
ENSG00000207597,136587914,136588041,127
ENSG00000223657,136623027,136623300,273
ENSG00000223840,30195956,30199945,3989
ENSG00000224469,136848790,136849359,569
ENSG00000198467,35681989,35691017,9028
ENSG00000129028,71173681,71185124,11443
ENSG00000254772,62327073,62342401,15328
ENSG00000059378,139723544,139763521,39977
ENSG00000079101,596988,650334,53346
ENSG00000141748,37313147,37323737,10590
ENSG00000143507,221874766,221915518,40752
ENSG00000163283,233243244,233247599,4355
ENSG00000107897,27484146,27531059,46913
ENSG00000154553,186422851,186456766,33915
ENSG00000223572,43985084,43991420,6336
ENSG00000153956,81575760,82073114,497354
ENSG00000144354,174219548,174233725,14177
ENSG00000119878,46843555,46852881,9326
ENSG00000236632,30501925,30506663,4738
ENSG00000160584,116714118,116969153,255035
ENSG00000163331,159651829,159719293,67464
ENSG00000202023,136972434,136972509,75
ENSG00000231114,137003339,137011700,8361
ENSG00000187720,71389291,72075722,686431
ENSG00000228031,137029676,137039229,9553
ENSG00000230383,137406731,137407592,861
ENSG00000187098,69788586,70017488,228902
ENSG00000237243,137638094,137642712,4618
ENSG00000121064,55055466,55084129,28663
ENSG00000110768,18343842,18388591,44749
ENSG00000234639,137707204,137709085,1881
ENSG00000231923,137731400,137732643,1243
ENSG00000231931,137744802,137745039,237
ENSG00000124479,43808022,43832750,24728
ENSG00000095794,35415719,35501886,86167
ENSG00000162068,2521500,2524146,2646
ENSG00000221558,137753288,137753375,87
ENSG00000222514,137776000,137776061,61
ENSG00000239145,137805834,137805937,103
ENSG00000108242,96443251,96495947,52696
ENSG00000233951,137806948,137809341,2393
ENSG00000143512,222695602,222721445,25843
ENSG00000205944,25365594,25437503,71909
ENSG00000176912,641320,658340,17020
ENSG00000270394,117220016,117221520,1504
ENSG00000189091,70557691,70608820,51129
ENSG00000065989,10527449,10580305,52856
ENSG00000174599,118004718,118006736,2018
ENSG00000101489,34823010,35146000,322990
ENSG00000115183,159825146,160089170,264024
ENSG00000152689,33661391,33789817,128426
ENSG00000242417,48959086,48959637,551
ENSG00000162599,61330931,61928465,597534
ENSG00000251731,48963136,48963267,131
ENSG00000258381,49288563,49288796,233
ENSG00000251824,49410650,49410717,67
ENSG00000125484,135545422,135570342,24920
ENSG00000258868,49524431,49544223,19792
ENSG00000183690,44007128,44202918,195790
ENSG00000258401,49840684,49841101,417
ENSG00000252424,50019351,50019466,115
ENSG00000244270,50044110,50044512,402
ENSG00000128228,21996550,21998587,2037
ENSG00000258486,50053297,50053596,299
ENSG00000252919,50058954,50059055,101
ENSG00000074582,219523487,219528166,4679
ENSG00000162065,2525147,2555735,30588
ENSG00000176890,657604,673578,15974
ENSG00000258568,50066712,50067290,578
ENSG00000164100,118954773,119179803,225030
ENSG00000159674,1160720,1202750,42030
ENSG00000234836,31565139,31566976,1837
ENSG00000040275,169010638,169031782,21144
ENSG00000232070,21567096,21571883,4787
ENSG00000165695,135600965,135754164,153199
ENSG00000067191,37329709,37353956,24247
ENSG00000112640,42952237,42980080,27843
ENSG00000258045,30515667,30519569,3902
ENSG00000263368,25853412,25854249,837
ENSG00000266853,25939614,25940277,663
ENSG00000132664,18447771,18465287,17516
ENSG00000266872,25952510,25953464,954
ENSG00000071991,64168320,64271375,103055
ENSG00000165841,96447911,96613017,165106
ENSG00000063438,304291,438406,134115
ENSG00000264216,25978360,25992738,14378
ENSG00000169327,21623026,21624222,1196
ENSG00000260272,2546033,2570219,24186
ENSG00000069509,44382885,44402247,19362
ENSG00000120860,102406705,102455927,49222
ENSG00000125746,46110252,46148887,38635
ENSG00000232143,30553829,30569626,15797
ENSG00000100348,36863083,36878077,14994
ENSG00000185883,2563871,2570219,6348
ENSG00000265788,25988575,25990684,2109
ENSG00000183979,79858621,79860781,2160
ENSG00000265041,25993775,25999829,6054
ENSG00000227184,144939497,144952632,13135
ENSG00000271976,53893021,53895603,2582
ENSG00000222888,53916213,53916296,83
ENSG00000176209,42396298,42409603,13305
ENSG00000242983,54081776,54082820,1044
ENSG00000143498,222731244,222763275,32031
ENSG00000100023,22006559,22054304,47745
ENSG00000229806,54660242,54660673,431
ENSG00000265992,54666149,54673884,7735
ENSG00000189037,44703249,44704130,881
ENSG00000164326,71014990,71016875,1885
ENSG00000243715,54908632,54935282,26650
ENSG00000266771,26002920,26003023,103
ENSG00000264240,26004831,26005113,282
ENSG00000239991,55200938,55209760,8822
ENSG00000264689,26009502,26009763,261
ENSG00000187908,124320181,124403252,83071
ENSG00000243572,55212200,55223242,11042
ENSG00000263604,26010972,26011170,198
ENSG00000240708,55330228,55334766,4538
ENSG00000139668,52158644,52336171,177527
ENSG00000263472,26029938,26030241,303
ENSG00000242568,55369490,55384943,15453
ENSG00000265833,26034204,26034276,72
ENSG00000165698,135753414,135765588,12174
ENSG00000177889,93799449,93836038,36589
ENSG00000242775,55394471,55395857,1386
ENSG00000266416,26035137,26035164,27
ENSG00000171451,65173819,65184217,10398
ENSG00000244586,55521727,55522336,609
ENSG00000266786,26073158,26081980,8822
ENSG00000242317,55527858,55539289,11431
ENSG00000240777,55644631,55647132,2501
ENSG00000104826,49519237,49520338,1101
ENSG00000110075,68228186,68382802,154616
ENSG00000264013,55886520,55886622,102
ENSG00000266527,26201671,26208263,6592
ENSG00000143367,151512781,151556059,43278
ENSG00000259784,2563966,2577956,13990
ENSG00000171206,104404253,104418164,13911
ENSG00000260019,26256574,26301249,44675
ENSG00000186684,127941696,127977654,35958
ENSG00000243492,30217253,30250602,33349
ENSG00000162604,62146718,62191095,44377
ENSG00000104827,49526126,49527590,1464
ENSG00000251818,26345796,26345933,137
ENSG00000139044,569530,672675,103145
ENSG00000099377,30996519,31000473,3954
ENSG00000225362,71402583,71407833,5250
ENSG00000174740,90689594,90693583,3989
ENSG00000146360,110299514,110301921,2407
ENSG00000110911,51373184,51422349,49165
ENSG00000235317,29756212,29758246,2034
ENSG00000100350,36883237,36903148,19911
ENSG00000257995,91011536,91016599,5063
ENSG00000121413,58595205,58629794,34589
ENSG00000122863,73724123,73773322,49199
ENSG00000198720,27916787,27941779,24992
ENSG00000257787,91203053,91204457,1404
ENSG00000267335,49526210,49540152,13942
ENSG00000160218,45432200,45526433,94233
ENSG00000196243,91311800,91342446,30646
ENSG00000164265,147250245,147261754,11509
ENSG00000228894,30248390,30284729,36339
ENSG00000258148,91587486,91587719,233
ENSG00000110852,10005583,10022735,17152
ENSG00000104818,49535169,49536495,1326
ENSG00000258100,91755973,91762383,6410
ENSG00000258125,92073908,92074650,742
ENSG00000205765,41904290,41921738,17448
ENSG00000258224,92264898,92265006,108
ENSG00000257893,92271167,92274431,3264
ENSG00000102796,52342129,52378293,36164
ENSG00000166479,66340925,66382535,41610
ENSG00000267631,49538831,49552006,13175
ENSG00000065357,56321103,56347811,26708
ENSG00000162066,2570358,2581423,11065
ENSG00000261814,29765418,29767426,2008
ENSG00000107742,73818793,73848790,29997
ENSG00000183605,120900279,120925179,24900
ENSG00000227030,29768198,29768994,796
ENSG00000268863,30996808,30997533,725
ENSG00000225763,29777570,29777701,131
ENSG00000189052,49547141,49548568,1427
ENSG00000231430,29792386,29793365,979
ENSG00000235536,29817347,29817475,128
ENSG00000112290,110421022,110501207,80185
ENSG00000226517,29846690,29847658,968
ENSG00000227669,29847148,29849870,2722
ENSG00000134001,67826714,67853233,26519
ENSG00000165699,135766735,135820020,53285
ENSG00000099365,31000577,31021949,21372
ENSG00000138109,96698415,96749147,50732
ENSG00000137076,35696945,35732392,35447
ENSG00000188782,26517052,26529459,12407
ENSG00000129514,38059189,38069245,10056
ENSG00000178776,147260289,147286101,25812
ENSG00000171150,46926091,46990268,64177
ENSG00000102290,91034260,91878229,843969
ENSG00000092199,21677295,21737653,60358
ENSG00000021488,33321415,33360672,39257
ENSG00000156970,40453224,40513337,60113
ENSG00000229293,29855954,29857085,1131
ENSG00000181894,58637619,58666477,28858
ENSG00000228891,29865925,29866291,366
ENSG00000223766,30569338,30576175,6837
ENSG00000230357,29867164,29868026,862
ENSG00000144791,45596886,45727830,130944
ENSG00000231941,29885325,29886315,990
ENSG00000161202,183873176,183891398,18222
ENSG00000111058,81331594,81650533,318939
ENSG00000232708,29885801,29888576,2775
ENSG00000123171,52436117,52440366,4249
ENSG00000256797,10034088,10048432,14344
ENSG00000184047,122692210,122712081,19871
ENSG00000255508,62327075,62359003,31928
ENSG00000222005,47043807,47049796,5989
ENSG00000188393,10051272,10084980,33708
ENSG00000130695,26560691,26605299,44608
ENSG00000023228,206979541,207024327,44786
ENSG00000252763,159526205,159526359,154
ENSG00000118816,77968311,77997158,28847
ENSG00000264146,159540401,159540484,83
ENSG00000071537,81937893,82000205,62312
ENSG00000239332,47043836,47086146,42310
ENSG00000103496,31044210,31054296,10086
ENSG00000244040,159631189,159943086,311897
ENSG00000163286,233271553,233275424,3871
ENSG00000135976,97779233,97930258,151025
ENSG00000184100,159818478,159820661,2183
ENSG00000172322,10103915,10148293,44378
ENSG00000171606,58694396,58724928,30532
ENSG00000244078,159944270,159945841,1571
ENSG00000147432,42552519,42592550,40031
ENSG00000154305,222791428,222841354,49926
ENSG00000243687,160060473,160060803,330
ENSG00000147050,44732757,44971847,239090
ENSG00000207779,160122376,160122473,97
ENSG00000198987,160122533,160122613,80
ENSG00000244009,160170386,160171191,805
ENSG00000139865,38065052,38510647,445595
ENSG00000238427,160190136,160190204,68
ENSG00000142669,26605667,26608007,2340
ENSG00000171471,116997186,117014425,17239
ENSG00000226492,33523607,33525482,1875
ENSG00000205923,2577081,2581420,4339
ENSG00000266190,26348694,26349291,597
ENSG00000185813,79858841,79869340,10499
ENSG00000238741,160232695,160233024,329
ENSG00000202389,26349356,26349490,134
ENSG00000229320,160283235,160287036,3801
ENSG00000252283,26388993,26389094,101
ENSG00000240873,26443265,26443432,167
ENSG00000163161,128014866,128051752,36886
ENSG00000166405,8127597,8190602,63005
ENSG00000163295,233320833,233324742,3909
ENSG00000203484,26496027,26496180,153
ENSG00000132849,62208149,62629592,421443
ENSG00000147434,42607763,42651535,43772
ENSG00000266193,137808504,137808567,63
ENSG00000225559,137848186,137849383,1197
ENSG00000252820,137859791,137859882,91
ENSG00000013374,151038785,151075535,36750
ENSG00000111412,117153593,117175875,22282
ENSG00000100353,36906897,36925483,18586
ENSG00000238984,137860931,137861028,97
ENSG00000121289,33369902,33462897,92995
ENSG00000201465,137872744,137872875,131
ENSG00000213238,137982833,137983229,396
ENSG00000213237,138088940,138089268,328
ENSG00000202072,138100225,138100319,94
ENSG00000214815,138125435,138126983,1548
ENSG00000239123,138167225,138167328,103
ENSG00000169439,97505579,97624000,118421
ENSG00000234995,138175326,138176106,780
ENSG00000172845,174771187,174830430,59243
ENSG00000165702,135820932,135867083,46151
ENSG00000252188,138309805,138309924,119
ENSG00000134333,18415935,18429972,14037
ENSG00000234658,138330416,138331193,777
ENSG00000131931,42691817,42698468,6651
ENSG00000243099,138373725,138374267,542
ENSG00000167004,44038590,44065477,26887
ENSG00000223721,138386352,138387807,1455
ENSG00000227334,30308999,30309133,134
ENSG00000257363,30313816,30313903,87
ENSG00000066933,72114632,72410918,296286
ENSG00000231129,30583828,30609632,25804
ENSG00000242285,160302733,160303575,842
ENSG00000234417,30316860,30317493,633
ENSG00000207084,160414717,160414848,131
ENSG00000199646,138561105,138561211,106
ENSG00000260572,160471216,160472930,1714
ENSG00000229677,138734202,138734752,550
ENSG00000232095,30320704,30321872,1168
ENSG00000239254,138857262,138859012,1750
ENSG00000100558,67853700,67878917,25217
ENSG00000271052,160940699,160940935,236
ENSG00000258326,30322073,30322196,123
ENSG00000171840,673462,772945,99483
ENSG00000240138,161042701,161044007,1306
ENSG00000258348,30325775,30325883,108
ENSG00000271537,138883303,138883888,585
ENSG00000258207,30340102,30340186,84
ENSG00000228360,138912283,138912574,291
ENSG00000271404,138912967,138913351,384
ENSG00000206843,139000037,139000140,103
ENSG00000273391,139043778,139044312,534
ENSG00000133710,147405246,147516852,111606
ENSG00000085514,99965153,99997719,32566
ENSG00000252332,139133486,139133589,103
ENSG00000253183,139187199,139188558,1359
ENSG00000254270,139218986,139219295,309
ENSG00000229524,31594212,31607897,13685
ENSG00000251728,139794497,139794592,95
ENSG00000260231,139877061,139879440,2379
ENSG00000171551,233344537,233352538,8001
ENSG00000143376,151584541,151671567,87026
ENSG00000180398,47129009,47168994,39985
ENSG00000199971,139909363,139909471,108
ENSG00000199283,139941670,139941832,162
ENSG00000270512,139982265,139982720,455
ENSG00000149016,62342517,62359649,17132
ENSG00000086758,53559057,53713673,154616
ENSG00000241661,139992552,139993139,587
ENSG00000154914,9548015,9633008,84993
ENSG00000223113,140070241,140070345,104
ENSG00000238868,140075363,140075466,103
ENSG00000234947,31926504,31936775,10271
ENSG00000120925,42704780,42752433,47653
ENSG00000202472,140086581,140086707,126
ENSG00000103200,140135116,140135587,471
ENSG00000132199,670324,712676,42352
ENSG00000221732,140280087,140280149,62
ENSG00000166407,8245851,8290263,44412
ENSG00000201354,140309647,140309755,108
ENSG00000240173,140345644,140345924,280
ENSG00000240889,140395136,140396877,1741
ENSG00000158062,26607819,26644854,37035
ENSG00000271932,140583872,140583978,106
ENSG00000123191,52506809,52585630,78821
ENSG00000271611,140634667,140634810,143
ENSG00000198133,67913801,68000456,86655
ENSG00000140992,2587965,2653189,65224
ENSG00000203483,26506506,26506662,156
ENSG00000079999,10596796,10614417,17621
ENSG00000255851,26525465,26525619,154
ENSG00000100027,22051833,22090123,38290
ENSG00000078142,39535171,39667794,132623
ENSG00000197825,26529824,26530831,1007
ENSG00000258377,50087533,50090198,2665
ENSG00000188611,51942538,52008370,65832
ENSG00000267644,26546311,26547031,720
ENSG00000122512,6012870,6048756,35886
ENSG00000258450,50096009,50096608,599
ENSG00000203482,26547062,26547215,153
ENSG00000259155,50144087,50144611,524
ENSG00000237575,26553589,26555091,1502
ENSG00000258462,50148020,50148604,584
ENSG00000258945,85994943,85995730,787
ENSG00000138764,78078304,78354542,276238
ENSG00000272762,51994317,52008032,13715
ENSG00000107175,35732332,35737001,4669
ENSG00000211456,45730548,45786916,56368
ENSG00000176894,133264192,133297276,33084
ENSG00000185070,85996488,86095034,98546
ENSG00000157368,70613798,70694585,80787
ENSG00000100030,22108789,22221970,113181
ENSG00000151876,41925356,41941845,16489
ENSG00000137309,34204650,34214008,9358
ENSG00000148308,135906076,135933890,27814
ENSG00000258804,87372122,87389099,16977
ENSG00000114779,52002526,52017425,14899
ENSG00000133835,118788138,118972894,184756
ENSG00000180739,10623623,10628607,4984
ENSG00000149480,62360686,62369312,8626
ENSG00000119812,33808725,33824449,15724
ENSG00000186310,92925929,92928567,2638
ENSG00000178209,144989321,145050902,61581
ENSG00000128886,44064798,44069741,4943
ENSG00000143797,8992820,9143942,151122
ENSG00000243838,161046712,161048026,1314
ENSG00000130413,8413418,8615836,202418
ENSG00000240567,161144215,161166030,21815
ENSG00000269888,161146900,161147401,501
ENSG00000179083,92929012,92967273,38261
ENSG00000234851,161146915,161147398,483
ENSG00000240354,161534697,161539696,4999
ENSG00000241874,162204329,162204737,408
ENSG00000131944,33463115,33469128,6013
ENSG00000078487,99998449,100026615,28166
ENSG00000154310,170779128,171178197,399069
ENSG00000104324,97657455,98161882,504427
ENSG00000154556,186506598,186877806,371208
ENSG00000130734,10654571,10664094,9523
ENSG00000176473,100842755,100996640,153885
ENSG00000008130,1682671,1711896,29225
ENSG00000135119,117176096,117291436,115340
ENSG00000267259,26559616,26562307,2691
ENSG00000203480,26568405,26568558,153
ENSG00000257949,73975301,73996667,21366
ENSG00000258158,30350072,30350159,87
ENSG00000166862,36959968,37099603,139635
ENSG00000266830,26573480,26575032,1552
ENSG00000257834,30350590,30350674,84
ENSG00000186063,222841355,222886552,45197
ENSG00000265060,26574470,26575315,845
ENSG00000206562,15422782,15482073,59291
ENSG00000233466,30372300,30376905,4605
ENSG00000203479,26581511,26581655,144
ENSG00000263788,26583401,26583695,294
ENSG00000258146,30414652,30414775,123
ENSG00000264486,26583464,26592577,9113
ENSG00000223933,30424154,30425681,1527
ENSG00000260777,26590660,26593395,2735
ENSG00000132613,70695107,70719969,24862
ENSG00000131711,71403061,71505395,102334
ENSG00000223412,30426522,30427891,1369
ENSG00000147113,45007619,45060146,52527
ENSG00000266306,26596229,26599391,3162
ENSG00000264029,26601683,26602742,1059
ENSG00000265480,26603012,26644809,41797
ENSG00000227460,33527235,33560852,33617
ENSG00000186854,85048774,85134132,85358
ENSG00000138303,73856278,73976892,120614
ENSG00000165682,10138241,10166023,27782
ENSG00000100360,37154246,37172300,18054
ENSG00000243044,162319415,162319580,165
ENSG00000153140,89688078,89705603,17525
ENSG00000241168,162744184,162949937,205753
ENSG00000144597,15468862,15484120,15258
ENSG00000231737,30612852,30631064,18212
ENSG00000168092,117014983,117047610,32627
ENSG00000244571,162833217,162833974,757
ENSG00000070610,35736863,35749983,13120
ENSG00000147202,95939662,96859996,920334
ENSG00000198015,93861264,93897545,36281
ENSG00000082701,119540170,119813264,273094
ENSG00000241369,162845711,163079351,233640
ENSG00000138115,96796530,96829254,32724
ENSG00000147121,46306292,46356857,50565
ENSG00000227703,30443578,30444228,650
ENSG00000159409,151674880,151689290,14410
ENSG00000253710,52586534,52603800,17266
ENSG00000150636,66382446,66722426,339980
ENSG00000198131,58739960,58788815,48855
ENSG00000257549,30445941,30446025,84
ENSG00000267757,46144752,46146098,1346
ENSG00000137843,40509629,40569688,60059
ENSG00000257154,30446362,30446488,126
ENSG00000131941,33469499,33555794,86295
ENSG00000213030,49550895,49552400,1505
ENSG00000257321,30449477,30449561,84
ENSG00000257916,30456003,30456593,590
ENSG00000167394,31072164,31085641,13477
ENSG00000258022,30461557,30461678,121
ENSG00000134516,169064251,169510386,446135
ENSG00000257440,30467330,30467402,72
ENSG00000089050,18467184,18477887,10703
ENSG00000156234,78432907,78532988,100081
ENSG00000257172,30469052,30469136,84
ENSG00000238398,162896662,162896763,101
ENSG00000207844,26603489,26603579,90
ENSG00000240792,163192855,163197153,4298
ENSG00000203478,26608165,26608318,153
ENSG00000106305,6048876,6063465,14589
ENSG00000265090,163234190,163234275,85
ENSG00000203465,26626484,26626637,153
ENSG00000266757,163373092,163373169,77
ENSG00000203477,26631095,26631246,151
ENSG00000054690,68000018,68056329,56311
ENSG00000214210,163719394,163720253,859
ENSG00000162819,222885895,222908538,22643
ENSG00000253797,52598827,52607736,8909
ENSG00000221251,163889259,163889344,85
ENSG00000167977,2732476,2759031,26555
ENSG00000221755,164059129,164059238,109
ENSG00000240563,62660503,62678000,17497
ENSG00000241636,164388666,164403864,15198
ENSG00000075188,102467967,102513902,45935
ENSG00000196337,49557531,49562117,4586
ENSG00000004142,26673659,26684545,10886
ENSG00000233239,29891686,29891871,185
ENSG00000135116,117293949,117319246,25297
ENSG00000225114,29899816,29900808,992
ENSG00000010310,46171502,46186982,15480
ENSG00000234849,29914324,29916298,1974
ENSG00000241945,45527171,45551063,23892
ENSG00000237344,32100987,32106437,5450
ENSG00000226713,29928530,29930192,1662
ENSG00000138175,104433488,104474164,40676
ENSG00000197168,52611093,52703214,92121
ENSG00000234313,29932826,29936125,3299
ENSG00000100362,37196728,37215523,18795
ENSG00000228458,29950935,29951331,396
ENSG00000231719,29952163,29953040,877
ENSG00000078369,1716729,1822495,105766
ENSG00000232748,31072813,31073451,638
ENSG00000251192,46357162,46404892,47730
ENSG00000225618,29958737,30019750,61013
ENSG00000225950,49559050,49568333,9283
ENSG00000100034,22273793,22307209,33416
ENSG00000172382,2762419,2770552,8133
ENSG00000264472,66567018,66569492,2474
ENSG00000121057,55162453,55198710,36257
ENSG00000170835,135937365,135947248,9883
ENSG00000132854,62702651,62785085,82434
ENSG00000167395,31085743,31095517,9774
ENSG00000166986,57869228,57911352,42124
ENSG00000200379,56106132,56106435,303
ENSG00000200238,56219132,56219250,118
ENSG00000256632,133264635,133291498,26863
ENSG00000240198,56974068,56994882,20814
ENSG00000206052,67068291,67516323,448032
ENSG00000104848,49570675,49576198,5523
ENSG00000272202,57112971,57114129,1158
ENSG00000229863,57168170,57168751,581
ENSG00000238905,57455872,57455977,105
ENSG00000005882,48172101,48189516,17415
ENSG00000212392,57479394,57479507,113
ENSG00000227025,29963844,29964839,995
ENSG00000206918,57498177,57498282,105
ENSG00000196151,160092304,160143310,51006
ENSG00000239831,57505396,57505737,341
ENSG00000226111,30630161,30638847,8686
ENSG00000237186,57516072,57516694,622
ENSG00000202428,57521979,57522085,106
ENSG00000152214,40323192,40695657,372465
ENSG00000247077,133287405,133299228,11823
ENSG00000234074,29964306,29967679,3373
ENSG00000206815,57534565,57534672,107
ENSG00000100365,37257030,37274057,17027
ENSG00000272146,57583442,57586654,3212
ENSG00000054983,88304164,88460009,155845
ENSG00000147119,46433219,46457843,24624
ENSG00000164099,119201193,119274158,72965
ENSG00000210841,57605174,57605299,125
ENSG00000239801,57614537,57640645,26108
ENSG00000112964,42423879,42721979,298100
ENSG00000241933,57678932,57682323,3391
ENSG00000138767,78634541,78740769,106228
ENSG00000223192,57685500,57685575,75
ENSG00000270772,57785783,57787175,1392
ENSG00000213509,57927545,57928031,486
ENSG00000060237,861759,1020618,158859
ENSG00000139220,81652045,82153332,501287
ENSG00000262560,44064815,44091331,26516
ENSG00000244161,58148274,58156363,8089
ENSG00000149577,117049449,117068160,18711
ENSG00000197520,222910549,222924147,13598
ENSG00000273493,58315692,58315845,153
ENSG00000065923,46464753,46618490,153737
ENSG00000272182,58413982,58414542,560
ENSG00000272360,58476557,58477018,461
ENSG00000236722,58497037,58497403,366
ENSG00000243384,58558471,58560046,1575
ENSG00000259288,40509629,40568597,58968
ENSG00000126351,38214543,38250120,35577
ENSG00000244383,58592807,58620167,27360
ENSG00000163481,219528587,219537134,8547
ENSG00000221990,441645,443258,1613
ENSG00000166436,8633584,8693413,59829
ENSG00000242428,58810163,59004819,194656
ENSG00000206561,15491640,15563258,71618
ENSG00000169885,1846266,1848735,2469
ENSG00000136098,52706775,52733996,27221
ENSG00000243295,59050876,59105235,54359
ENSG00000104852,49588676,49611862,23186
ENSG00000101310,18488137,18542059,53922
ENSG00000243903,59365750,59374430,8680
ENSG00000242545,59450056,59496404,46348
ENSG00000107185,35749203,35758572,9369
ENSG00000241804,59521589,59522141,552
ENSG00000176753,40542865,40545170,2305
ENSG00000129347,10663761,10676713,12952
ENSG00000240097,60602555,60603812,1257
ENSG00000160221,45553487,45565605,12118
ENSG00000232407,60675958,60676452,494
ENSG00000268927,70695570,70699739,4169
ENSG00000154309,222988406,223179337,190931
ENSG00000187833,74011316,74044274,32958
ENSG00000225673,60715788,60716377,589
ENSG00000244183,60717877,60718369,492
ENSG00000212211,60842062,60842277,215
ENSG00000258321,30470152,30470239,87
ENSG00000223827,30473891,30476845,2954
ENSG00000250506,73996987,74002080,5093
ENSG00000168172,42752075,42885682,133607
ENSG00000257713,30488111,30489197,1086
ENSG00000231122,46310876,46313036,2160
ENSG00000257160,30490516,30490640,124
ENSG00000180104,443273,472052,28779
ENSG00000257393,30496297,30496517,220
ENSG00000132872,40847843,40857615,9772
ENSG00000145388,119606523,119636588,30065
ENSG00000178821,1849029,1850712,1683
ENSG00000258030,30506629,30506750,121
ENSG00000266362,30541958,30542043,85
ENSG00000265548,30573855,30573931,76
ENSG00000225453,30591257,30591523,266
ENSG00000167978,2802330,2822539,20209
ENSG00000162607,62901968,62917475,15507
ENSG00000256861,122692326,122750970,58644
ENSG00000204657,29555683,29556745,1062
ENSG00000103043,70721342,70835064,113722
ENSG00000266702,30606290,30606383,93
ENSG00000180543,98285717,98290176,4459
ENSG00000235342,30654450,30655179,729
ENSG00000236766,30660710,30670826,10116
ENSG00000215183,35752987,35756610,3623
ENSG00000148429,11495945,11653753,157808
ENSG00000102218,46696375,46741793,45418
ENSG00000149499,62369690,62380237,10547
ENSG00000186472,82383329,82792246,408917
ENSG00000156398,104474295,104503249,28954
ENSG00000140264,44069285,44094787,25502
ENSG00000187554,223282748,223316624,33876
ENSG00000138430,174937175,175113426,176251
ENSG00000100038,22311397,22337213,25816
ENSG00000241767,164431883,164549268,117385
ENSG00000125743,46190712,46195827,5115
ENSG00000200052,164840501,164840611,110
ENSG00000239205,164867794,164875850,8056
ENSG00000139719,122714111,122751068,36957
ENSG00000100368,37309670,37336491,26821
ENSG00000244128,164924748,165373211,448463
ENSG00000124356,74056086,74100786,44700
ENSG00000142609,1853396,1935276,81880
ENSG00000147649,98656407,98740998,84591
ENSG00000178796,151682909,151702281,19372
ENSG00000204904,46746852,46759138,12286
ENSG00000150938,36583069,36778278,195209
ENSG00000235764,29989787,29991077,1290
ENSG00000265988,30046926,30047058,132
ENSG00000232510,30063345,30072822,9477
ENSG00000265138,30090906,30091067,161
ENSG00000225109,30144858,30146681,1823
ENSG00000174989,117348761,117468953,120192
ENSG00000159899,35792151,35809729,17578
ENSG00000241053,30192097,30284162,92065
ENSG00000102221,46771711,46920641,148930
ENSG00000011478,46195741,46207247,11506
ENSG00000225659,30196359,30200335,3976
ENSG00000136114,52951305,52980629,29324
ENSG00000241166,30217641,30251055,33414
ENSG00000176105,721588,812547,90959
ENSG00000169288,78783674,78873944,90270
ENSG00000224705,30248843,30285178,36335
ENSG00000240510,151682909,151702070,19161
ENSG00000104863,49617581,49621717,4136
ENSG00000160271,135973107,136039301,66194
ENSG00000143502,223394161,223537544,143383
ENSG00000176915,133302254,133338474,36220
ENSG00000235658,30639294,30659275,19981
ENSG00000242178,165877809,165878158,349
ENSG00000204655,29624758,29640149,15391
ENSG00000269417,85122209,85122345,136
ENSG00000204366,31867384,31869769,2385
ENSG00000185264,37387163,37403882,16719
ENSG00000240084,165878202,165878492,290
ENSG00000266119,30693941,30694051,110
ENSG00000167549,27941774,27949925,8151
ENSG00000137841,40570377,40600136,29759
ENSG00000263728,30708646,30708893,247
ENSG00000034510,85132749,85133795,1046
ENSG00000240824,165878565,165878907,342
ENSG00000139874,38677204,38682272,5068
ENSG00000136100,52986737,53024763,38026
ENSG00000242456,165878991,165879756,765
ENSG00000242326,165899101,165899608,507
ENSG00000035928,39289076,39367995,78919
ENSG00000166441,8703958,8736306,32348
ENSG00000130988,46937775,46952712,14937
ENSG00000176435,38723308,38725574,2266
ENSG00000151006,31094746,31100949,6203
ENSG00000256660,10163226,10171218,7992
ENSG00000150637,67498394,67629039,130645
ENSG00000126368,38249040,38256978,7938
ENSG00000141433,904944,912173,7229
ENSG00000224641,30724441,30749869,25428
ENSG00000108556,4801069,4806369,5300
ENSG00000187730,1950780,1962192,11412
ENSG00000236006,30756280,30788292,32012
ENSG00000125821,18568537,18744561,176024
ENSG00000150961,119643978,119759838,115860
ENSG00000146242,83072923,83080545,7622
ENSG00000215837,195384967,195412775,27808
ENSG00000128311,37406900,37415681,8781
ENSG00000169442,26644448,26647014,2566
ENSG00000255439,31094760,31106277,11517
ENSG00000176407,85198216,85286595,88379
ENSG00000086232,6061881,6098861,36980
ENSG00000143436,151732119,151736040,3921
ENSG00000115415,191829084,191885686,56602
ENSG00000206445,31502517,31504899,2382
ENSG00000104341,98787285,98865241,77956
ENSG00000267913,45587818,45593580,5762
ENSG00000188234,46321042,46349323,28281
ENSG00000076650,33571786,33621448,49662
ENSG00000197992,10183276,10218565,35289
ENSG00000069482,68451247,68458643,7396
ENSG00000166796,18433854,18473605,39751
ENSG00000205710,4802713,4806227,3514
ENSG00000243649,31895475,31919861,24386
ENSG00000149443,18790372,18810797,20425
ENSG00000167397,31102163,31107301,5138
ENSG00000160223,45642874,45660849,17975
ENSG00000231522,30797162,30805800,8638
ENSG00000118420,83602117,83775560,173443
ENSG00000120833,93963590,93977263,13673
ENSG00000100934,39501123,39578850,77727
ENSG00000265903,30821900,30822202,302
ENSG00000132631,18794370,18795033,663
ENSG00000139131,32880424,32908836,28412
ENSG00000224360,30824631,30833593,8962
ENSG00000147123,47001615,47004903,3288
ENSG00000176092,26648350,26680621,32271
ENSG00000135940,98262503,98264846,2343
ENSG00000177051,46213887,46234162,20275
ENSG00000248487,52005442,52015212,9770
ENSG00000206440,31504921,31516872,11951
ENSG00000178395,223566715,223568812,2097
ENSG00000231956,87150777,87151726,949
ENSG00000159692,1205236,1243741,38505
ENSG00000207650,195426272,195426368,96
ENSG00000103363,2821415,2827298,5883
ENSG00000128309,37415676,37425863,10187
ENSG00000223783,195563064,195587275,24211
ENSG00000238587,87253473,87253574,101
ENSG00000254003,87845975,87848541,2566
ENSG00000237452,46236509,46267792,31283
ENSG00000166192,72406599,72433311,26712
ENSG00000235836,195570857,195571467,610
ENSG00000269545,58740831,58798173,57342
ENSG00000224614,195634947,195638128,3181
ENSG00000004866,116593292,116870157,276865
ENSG00000228113,87848674,87921781,73107
ENSG00000226155,195638920,195640857,1937
ENSG00000198964,52065360,52384923,319563
ENSG00000185245,4835592,4838325,2733
ENSG00000228267,31937353,31951642,14289
ENSG00000083842,58790317,58807254,16937
ENSG00000168438,110501344,110575478,74134
ENSG00000273009,195639949,195640554,605
ENSG00000266730,195647715,195648000,285
ENSG00000239122,195655460,195655646,186
ENSG00000236515,33561742,33564711,2969
ENSG00000231443,195664114,195665610,1496
ENSG00000260261,195676059,195679566,3507
ENSG00000177045,46268043,46272484,4441
ENSG00000257778,28659681,28659895,214
ENSG00000188242,466239,473213,6974
ENSG00000248563,28699794,28700681,887
ENSG00000108528,4840425,4843546,3121
ENSG00000137098,35808042,35812269,4227
ENSG00000266182,28743732,28743839,107
ENSG00000273439,58790318,58807254,16936
ENSG00000203697,223711349,223853436,142087
ENSG00000136108,53029564,53050763,21199
ENSG00000248655,28751412,28751783,371
ENSG00000264411,28763741,28763804,63
ENSG00000150048,10222153,10264226,42073
ENSG00000233826,28805557,28806694,1137
ENSG00000185052,19193290,19703581,510291
ENSG00000229773,28827313,28831035,3722
ENSG00000267216,58790332,58826563,36231
ENSG00000231746,28829104,28829735,631
ENSG00000173503,31530070,31532342,2272
ENSG00000182318,58838385,58853698,15313
ENSG00000232997,28856683,28857757,1074
ENSG00000138085,27434895,27440046,5151
ENSG00000101574,2537524,2571508,33984
ENSG00000237010,28864373,28865163,790
ENSG00000163918,186507669,186524847,17178
ENSG00000221916,49621655,49622397,742
ENSG00000266870,28883478,28883577,99
ENSG00000136487,61957578,61959295,1717
ENSG00000263430,28894771,28895052,281
ENSG00000228990,28936955,28938285,1330
ENSG00000266191,28945366,28945661,295
ENSG00000186577,34214157,34217247,3090
ENSG00000237898,28954099,28955380,1281
ENSG00000121410,58856544,58864865,8321
ENSG00000188895,38278551,38293042,14491
ENSG00000241124,28954696,28956435,1739
ENSG00000233650,28994479,28995406,927
ENSG00000151693,9346894,9545812,198918
ENSG00000229100,29039627,29040402,775
ENSG00000116641,62920399,63153969,233570
ENSG00000231592,29044376,29044971,595
ENSG00000100379,37447779,37459430,11651
ENSG00000103507,31117428,31124110,6682
ENSG00000235632,29068753,29069691,938
ENSG00000233119,29092013,29096710,4697
ENSG00000264008,30848554,30848643,89
ENSG00000231670,29105679,29106615,936
ENSG00000266178,30890115,30890203,88
ENSG00000206439,31533585,31536356,2771
ENSG00000223454,30903456,30912338,8882
ENSG00000229069,29149334,29150269,935
ENSG00000254673,42873567,42932477,58910
ENSG00000146834,100026413,100031741,5328
ENSG00000258349,30955218,30955519,301
ENSG00000067606,1981909,2116834,134925
ENSG00000225592,29183092,29184029,937
ENSG00000176083,26688125,26701013,12888
ENSG00000234063,30987507,30992304,4797
ENSG00000230089,29191823,29234926,43103
ENSG00000152217,42260138,42648475,388337
ENSG00000167880,74000583,74023533,22950
ENSG00000238234,31014486,31020156,5670
ENSG00000230874,29197077,29198007,930
ENSG00000265921,31043287,31043386,99
ENSG00000258238,31059652,31059916,264
ENSG00000230752,29230544,29231920,1376
ENSG00000257993,31082895,31083064,169
ENSG00000143450,151735445,151743808,8363
ENSG00000103355,2833954,2837949,3995
ENSG00000226932,29236303,29237262,959
ENSG00000176225,67671029,67873181,202152
ENSG00000137133,35812957,35815351,2394
ENSG00000232146,29258570,29259512,942
ENSG00000206437,31538575,31540542,1967
ENSG00000257188,29267111,29267650,539
ENSG00000152284,85360533,85537511,176978
ENSG00000227843,29297505,29298940,1435
ENSG00000175318,72452148,72490126,37978
ENSG00000174586,58865723,58874214,8491
ENSG00000182872,47004268,47046212,41944
ENSG00000188996,655939,656963,1024
ENSG00000250294,29384733,29385679,946
ENSG00000237412,233385173,233390422,5249
ENSG00000177380,49622646,49654283,31637
ENSG00000142182,45666222,45682099,15877
ENSG00000104936,46272975,46285810,12835
ENSG00000237369,29432049,29437257,5208
ENSG00000243989,52009066,52023213,14147
ENSG00000176055,89754020,89770585,16565
ENSG00000237544,29442476,29443522,1046
ENSG00000132561,98881068,99048944,167876
ENSG00000231000,29456722,29457127,405
ENSG00000139675,53191605,53217919,26314
ENSG00000148288,136028340,136039332,10992
ENSG00000217075,36758948,36779411,20463
ENSG00000225432,29464960,29478007,13047
ENSG00000152475,58878985,58892427,13442
ENSG00000131914,26737269,26756213,18944
ENSG00000066230,473425,524447,51022
ENSG00000229383,29496876,29501024,4148
ENSG00000163817,45796942,45838027,41085
ENSG00000168522,42889337,42940931,51594
ENSG00000132874,42792960,43263072,470112
ENSG00000057294,32943679,33049774,106095
ENSG00000234992,29505160,29506243,1083
ENSG00000235666,29603537,29603820,283
ENSG00000162909,223889295,223963720,74425
ENSG00000229898,29675602,29676024,422
ENSG00000007038,2867164,2876305,9141
ENSG00000236881,29687680,29688670,990
ENSG00000165672,120927215,120938345,11130
ENSG00000230545,29691270,29713718,22448
ENSG00000264868,87900207,87903065,2858
ENSG00000257811,31094619,31094839,220
ENSG00000135902,233390703,233401377,10674
ENSG00000226993,31101019,31101205,186
ENSG00000223364,31134078,31138243,4165
ENSG00000225701,88078103,88078332,229
ENSG00000207094,88078407,88078546,139
ENSG00000083845,58897767,58906173,8406
ENSG00000270812,88084624,88085506,882
ENSG00000232758,31158106,31164310,6204
ENSG00000211637,22385332,22385870,538
ENSG00000235639,88141344,88142502,1158
ENSG00000165416,53226844,53275044,48200
ENSG00000171055,36778570,36873230,94660
ENSG00000242511,29691338,29691808,470
ENSG00000268628,19738296,19738679,383
ENSG00000249123,29706410,29713638,7228
ENSG00000187260,151072995,151107813,34818
ENSG00000176515,1080164,1105181,25017
ENSG00000149591,117070037,117075498,5461
ENSG00000187045,37461476,37505603,44127
ENSG00000129355,10677138,10679735,2597
ENSG00000163482,219536749,219567439,30690
ENSG00000139287,72332626,72580398,247772
ENSG00000203870,154051623,154062937,11314
ENSG00000164379,1312675,1314992,2317
ENSG00000211638,22453110,22453622,512
ENSG00000233164,30659491,30665656,6165
ENSG00000092200,21756098,21819460,63362
ENSG00000211639,22516592,22517074,482
ENSG00000080986,2571510,2616634,45124
ENSG00000137273,1390069,1395832,5763
ENSG00000171102,136080664,136084630,3966
ENSG00000211640,22550113,22550860,747
ENSG00000137103,35814448,35854844,40396
ENSG00000132669,19867165,19983101,115936
ENSG00000090316,1283639,1333935,50296
ENSG00000226267,29712958,29713182,224
ENSG00000169967,128056306,128146041,89735
ENSG00000211641,22556057,22556600,543
ENSG00000264905,29715038,29715139,101
ENSG00000229942,29715395,29715815,420
ENSG00000175040,142838173,142841800,3627
ENSG00000211642,22569184,22569660,476
ENSG00000206433,31544144,31546931,2787
ENSG00000115073,98272431,98280570,8139
ENSG00000228706,29755630,29757664,2034
ENSG00000169575,22599087,22599927,840
ENSG00000149489,62379194,62382592,3398
ENSG00000228928,88194108,88195596,1488
ENSG00000231763,88239555,88239983,428
ENSG00000229529,29755943,29762282,6339
ENSG00000237709,88268328,88269730,1402
ENSG00000185010,154064063,154255215,191152
ENSG00000170381,82993222,83278326,285104
ENSG00000129354,10683347,10697991,14644
ENSG00000211518,88269835,88269941,106
ENSG00000233420,88339945,88386039,46094
ENSG00000181804,142984064,143567373,583309
ENSG00000227979,88378784,88379008,224
ENSG00000162078,2880170,2888967,8797
ENSG00000134962,39408473,39453156,44683
ENSG00000227863,89073288,89123576,50288
ENSG00000239075,89383934,89384040,106
ENSG00000269855,58907457,58908407,950
ENSG00000227646,89511667,89840949,329282
ENSG00000157423,70841281,71264625,423344
ENSG00000211643,22673082,22673581,499
ENSG00000238358,89748613,89752204,3591
ENSG00000148296,136197552,136203235,5683
ENSG00000053328,110567131,110679475,112344
ENSG00000211644,22676828,22677336,508
ENSG00000235436,89748714,89754914,6200
ENSG00000238840,5004628,5004760,132
ENSG00000092208,39583427,39606177,22750
ENSG00000211645,22681658,22682172,514
ENSG00000224251,5037680,5039572,1892
ENSG00000171574,58912871,58929694,16823
ENSG00000204086,96138907,96140446,1539
ENSG00000223029,89800655,89800738,83
ENSG00000207488,89881237,89881334,97
ENSG00000239148,5046902,5047034,132
ENSG00000234459,89895348,89899530,4182
ENSG00000251740,5090055,5090173,118
ENSG00000223350,22697539,22698084,545
ENSG00000237831,5091004,5093862,2858
ENSG00000225498,89941810,89951906,10096
ENSG00000211647,22707289,22707781,492
ENSG00000239142,5135600,5135735,135
ENSG00000273299,90032748,90142705,109957
ENSG00000260221,29764890,29766920,2030
ENSG00000251154,90099101,90118278,19177
ENSG00000223969,90219933,90226667,6734
ENSG00000225418,5164279,5177418,13139
ENSG00000166800,18477371,18501147,23776
ENSG00000244429,166011544,166012141,597
ENSG00000233049,30665566,30685513,19947
ENSG00000211648,22712087,22712608,521
ENSG00000244321,166287481,166288551,1070
ENSG00000141469,43304092,43332485,28393
ENSG00000203797,110712974,110736765,23791
ENSG00000183092,101003486,101053750,50264
ENSG00000271263,166325031,166325361,330
ENSG00000211649,22723982,22724454,472
ENSG00000251759,166387817,166387910,93
ENSG00000227326,29767670,29768466,796
ENSG00000224962,166408975,166409503,528
ENSG00000136110,53277399,53313947,36548
ENSG00000132749,68474908,68519032,44124
ENSG00000165194,99546642,99665271,118629
ENSG00000005001,2902728,2908171,5443
ENSG00000240458,166439246,166439398,152
ENSG00000211650,22730355,22730874,519
ENSG00000231516,166528797,166529355,558
ENSG00000229499,29777040,29777171,131
ENSG00000230504,29791856,29792836,980
ENSG00000204930,35816388,35828744,12356
ENSG00000240033,166552809,166562744,9935
ENSG00000211651,22735135,22735715,580
ENSG00000239227,166579732,166579898,166
ENSG00000169372,94071151,94288616,217465
ENSG00000236642,29816325,29816469,144
ENSG00000215922,166743201,166743287,86
ENSG00000160224,45705721,45718531,12810
ENSG00000072657,72481046,73059422,578376
ENSG00000130779,122755979,122907179,151200
ENSG00000220343,166783553,166784113,560
ENSG00000211652,22749356,22749827,471
ENSG00000226736,29845570,29846532,962
ENSG00000100385,37521878,37571094,49216
ENSG00000149541,62382768,62389647,6879
ENSG00000237218,29846028,29848744,2716
ENSG00000054598,1610681,1614127,3446
ENSG00000251909,5237847,5237936,89
ENSG00000228291,5249132,5249705,573
ENSG00000113356,89767565,89810370,42805
ENSG00000231039,5276321,5305371,29050
ENSG00000224034,5307996,5313199,5203
ENSG00000211653,22764098,22764614,516
ENSG00000198865,42756903,42802462,45559
ENSG00000148297,136205160,136214986,9826
ENSG00000211654,22781876,22782371,495
ENSG00000088992,117476728,117537284,60556
ENSG00000166295,73975787,73995618,19831
ENSG00000211655,22786296,22786802,506
ENSG00000168828,35869375,35870461,1086
ENSG00000184544,9674751,9694614,19863
ENSG00000224693,29854817,29855948,1131
ENSG00000215267,5317136,5330433,13297
ENSG00000196196,35906189,35907138,949
ENSG00000229364,29864710,29865076,366
ENSG00000148828,30530,32226,1696
ENSG00000123636,160175490,160473203,297713
ENSG00000230509,30309450,30309584,134
ENSG00000127377,151125921,151137899,11978
ENSG00000257334,30314268,30314355,87
ENSG00000235561,30317313,30317946,633
ENSG00000157999,6071007,6076017,5010
ENSG00000122718,35957105,35958151,1046
ENSG00000198477,22838767,22863505,24738
ENSG00000239156,20113,20230,117
ENSG00000232473,30321145,30322313,1168
ENSG00000238762,22673,22791,118
ENSG00000185900,42948658,42978577,29919
ENSG00000206430,31546917,31551005,4088
ENSG00000243641,36002906,36003864,958
ENSG00000257394,30322512,30322635,123
ENSG00000257862,30326212,30326320,108
ENSG00000258110,30340558,30340642,84
ENSG00000223860,29865950,29866812,862
ENSG00000162076,2933187,2949383,16196
ENSG00000257369,30350525,30350612,87
ENSG00000074319,18489883,18548779,58896
ENSG00000236033,29884113,29885103,990
ENSG00000257485,30351040,30351127,87
ENSG00000136099,53418109,53422775,4666
ENSG00000229959,29884589,29887366,2777
ENSG00000229651,30372753,30377357,4604
ENSG00000004809,110745890,110797844,51954
ENSG00000258924,26684670,26708716,24046
ENSG00000117682,26758773,26797785,39012
ENSG00000143514,223967601,224033674,66073
ENSG00000169548,22868060,22874613,6553
ENSG00000264302,26687677,26687757,80
ENSG00000265618,26688623,26689881,1258
ENSG00000204179,46549955,46641045,91090
ENSG00000241669,167110584,167126307,15723
ENSG00000264098,26729128,26731067,1939
ENSG00000257340,30415019,30415142,123
ENSG00000241120,167412143,167412430,287
ENSG00000122707,36036430,36124448,88018
ENSG00000103510,31127075,31142714,15639
ENSG00000133466,37576207,37595425,19218
ENSG00000236706,29890476,29890660,184
ENSG00000236369,30424510,30426052,1542
ENSG00000242924,167582561,167594705,12144
ENSG00000272325,34247456,34360451,112995
ENSG00000231067,29898329,29899320,991
ENSG00000244214,167582637,167584402,1765
ENSG00000175697,119883492,120003941,120449
ENSG00000131849,58944181,58951589,7408
ENSG00000244706,167584288,167588765,4477
ENSG00000231157,30426944,30428313,1369
ENSG00000238739,90236318,90236422,104
ENSG00000238720,65370,65465,95
ENSG00000240292,167584423,167601170,16747
ENSG00000223584,90261220,90261882,662
ENSG00000256490,72627,74249,1622
ENSG00000227652,30443964,30444614,650
ENSG00000265254,26732258,26733814,1556
ENSG00000223987,5346394,5346828,434
ENSG00000239238,167606202,167606503,301
ENSG00000226254,90736689,90737108,419
ENSG00000265541,26743940,26744510,570
ENSG00000258075,30446324,30446408,84
ENSG00000258165,30446745,30446871,126
ENSG00000172243,10269376,10282857,13481
ENSG00000256631,75933,77555,1622
ENSG00000205488,5556207,5568209,12002
ENSG00000243144,90940683,91144724,204041
ENSG00000258147,30449860,30449944,84
ENSG00000263870,26771081,26772581,1500
ENSG00000257206,30456386,30456976,590
ENSG00000138759,78978724,79465423,486699
ENSG00000244227,167613736,167641799,28063
ENSG00000258218,30461940,30462061,121
ENSG00000256462,5566939,5567705,766
ENSG00000185480,102513956,102591298,77342
ENSG00000110090,68522088,68611878,89790
ENSG00000256344,79239,80861,1622
ENSG00000257630,30467712,30467784,72
ENSG00000141298,27952956,28257294,304338
ENSG00000257850,30469437,30469521,84
ENSG00000242147,5636954,5638081,1127
ENSG00000225843,90949443,90950418,975
ENSG00000270800,34256547,34393825,137278
ENSG00000258141,30470537,30470624,87
ENSG00000250722,42799982,42887494,87512
ENSG00000233315,30474278,30477232,2954
ENSG00000231483,5650438,5652756,2318
ENSG00000183405,26794814,26795460,646
ENSG00000256521,82545,84167,1622
ENSG00000258356,30488500,30489586,1086
ENSG00000235450,91010093,91186163,176070
ENSG00000106346,6144515,6201195,56680
ENSG00000249471,58962971,58969200,6229
ENSG00000228951,5658825,5660124,1299
ENSG00000257399,30490906,30491030,124
ENSG00000223665,91268162,91272827,4665
ENSG00000268488,44075041,44075231,190
ENSG00000228685,5666894,5667089,195
ENSG00000230778,40573645,40574787,1142
ENSG00000240577,5673426,5673716,290
ENSG00000188693,91763918,91810039,46121
ENSG00000163682,39455744,39460568,4824
ENSG00000196800,147549296,147554961,5665
ENSG00000163818,45864808,45957534,92726
ENSG00000255638,85851,87473,1622
ENSG00000214978,9694544,9725388,30844
ENSG00000183473,37600278,37608362,8084
ENSG00000226647,5754137,5786030,31893
ENSG00000168490,22077222,22089854,12632
ENSG00000090615,133345495,133405444,59949
ENSG00000257451,30496687,30496907,220
ENSG00000270427,5818034,5818821,787
ENSG00000263866,30542353,30542438,85
ENSG00000242036,167674099,167674404,305
ENSG00000272764,5855948,5856404,456
ENSG00000264822,30574247,30574323,76
ENSG00000067225,72491370,72524164,32794
ENSG00000237156,30591649,30591915,266
ENSG00000240180,5903768,5904557,789
ENSG00000102837,53602894,53626192,23298
ENSG00000124614,34385231,34393902,8671
ENSG00000229998,30688865,30700371,11506
ENSG00000185686,22890123,22901768,11645
ENSG00000178685,145051321,145086940,35619
ENSG00000178172,147582357,147594700,12343
ENSG00000232807,5976233,5987863,11630
ENSG00000188549,40623653,40633168,9515
ENSG00000148303,136215069,136218281,3212
ENSG00000059122,2961938,3001209,39271
ENSG00000206428,31573205,31575042,1837
ENSG00000155657,179390716,179695529,304813
ENSG00000256252,89157,90779,1622
ENSG00000184716,44086360,44092419,6059
ENSG00000196811,233404437,233411113,6676
ENSG00000128340,37621301,37640488,19187
ENSG00000124733,42979832,42981706,1874
ENSG00000114861,71003844,71633140,629296
ENSG00000065325,9725523,9795419,69896
ENSG00000204919,57715052,57718073,3021
ENSG00000182134,151742583,151763892,21309
ENSG00000132855,63063158,63071830,8672
ENSG00000263550,30606683,30606776,93
ENSG00000233091,30654846,30655575,729
ENSG00000135108,117581146,117628336,47190
ENSG00000229681,30661107,30671223,10116
ENSG00000263950,30694343,30694453,110
ENSG00000251922,6059017,6059157,140
ENSG00000130985,47050260,47074527,24267
ENSG00000229664,6067941,6078390,10449
ENSG00000256024,92463,94085,1622
ENSG00000214015,6113477,6113881,404
ENSG00000201581,6191586,6191903,317
ENSG00000263628,6194159,6194240,81
ENSG00000256868,95769,97391,1622
ENSG00000122694,36136732,36163910,27178
ENSG00000221944,233412779,233415226,2447
ENSG00000204918,57721622,57724643,3021
ENSG00000130528,49654455,49658681,4226
ENSG00000101596,2655737,2805015,149278
ENSG00000228583,31160511,31162263,1752
ENSG00000228867,30700523,30703896,3373
ENSG00000168495,22102617,22112113,9496
ENSG00000257744,31222160,31222501,341
ENSG00000265168,26900135,26901261,1126
ENSG00000233486,31234395,31237566,3171
ENSG00000227543,26925808,26944393,18585
ENSG00000228461,31239129,31240331,1202
ENSG00000256619,99075,100697,1622
ENSG00000124702,42981951,42989036,7085
ENSG00000084774,27440258,27466811,26553
ENSG00000233041,40643234,40648635,5401
ENSG00000198082,154113317,154113833,516
ENSG00000255707,102381,104003,1622
ENSG00000197932,154114635,154116335,1700
ENSG00000173124,96953957,96988685,34728
ENSG00000176018,89811428,89825401,13973
ENSG00000229665,57728195,57731216,3021
ENSG00000197345,68658744,68671303,12559
ENSG00000106615,151163098,151217206,54108
ENSG00000242028,44088340,44095241,6901
ENSG00000234786,29912854,29914819,1965
ENSG00000140323,40650436,40663257,12821
ENSG00000269624,63073437,63075249,1812
ENSG00000235380,29927036,29928699,1663
ENSG00000129353,10713133,10755235,42102
ENSG00000237812,29931358,29934651,3293
ENSG00000256840,105687,107309,1622
ENSG00000235305,29949455,29949851,396
ENSG00000135930,233414762,233448354,33592
ENSG00000185972,36169389,36171329,1940
ENSG00000229034,29950683,29951560,877
ENSG00000164342,186990306,187009223,18917
ENSG00000264608,26928845,26929302,457
ENSG00000178719,145064226,145067583,3357
ENSG00000256456,108993,110615,1622
ENSG00000265287,26934981,26936748,1767
ENSG00000100055,37678068,37711382,33314
ENSG00000153944,55333212,55762046,428834
ENSG00000264044,26960224,26962968,2744
ENSG00000089597,62392298,62414104,21806
ENSG00000196299,29957257,30019002,61745
ENSG00000160613,117075053,117103241,28188
ENSG00000140259,44096690,44117000,20310
ENSG00000163428,120043356,120068186,24830
ENSG00000227151,57734766,57737787,3021
ENSG00000166359,33622996,33666701,43705
ENSG00000241203,167676532,167676870,338
ENSG00000266363,167921297,167921388,91
ENSG00000083097,83777385,83881069,103684
ENSG00000255619,112299,113921,1622
ENSG00000112699,1624041,2245926,621885
ENSG00000125703,63249806,63331184,81378
ENSG00000165102,42995556,43057998,62442
ENSG00000234278,57741331,57744352,3021
ENSG00000231385,29962368,29963363,995
ENSG00000165775,154254255,154288578,34323
ENSG00000269358,224215760,224216371,611
ENSG00000213994,6239575,6244656,5081
ENSG00000235309,29962830,29966203,3373
ENSG00000238366,6287694,6287794,100
ENSG00000215244,6319650,6377944,58294
ENSG00000128944,40674922,40686447,11525
ENSG00000122705,36190853,36304778,113925
ENSG00000131650,3013945,3018384,4439
ENSG00000226705,6335063,6336647,1584
ENSG00000130881,33668509,33698694,30185
ENSG00000134594,129305623,129318844,13221
ENSG00000143756,224301789,224349749,47960
ENSG00000118946,58205944,58303445,97501
ENSG00000223996,29989049,29990339,1290
ENSG00000100564,68048672,68067004,18332
ENSG00000265436,30046179,30046311,132
ENSG00000166444,8714898,8932498,217600
ENSG00000225732,30062609,30072086,9477
ENSG00000237943,6622381,6658414,36033
ENSG00000263942,30090184,30090346,162
ENSG00000224954,30144127,30145936,1809
ENSG00000113048,71515236,71616473,101237
ENSG00000240833,30191363,30283028,91665
ENSG00000151914,56322785,56819426,496641
ENSG00000162585,2115903,2144159,28256
ENSG00000163945,1341054,1381837,40783
ENSG00000092470,44119161,44160617,41456
ENSG00000002016,1021243,1099219,77976
ENSG00000220891,22901750,22909007,7257
ENSG00000148290,136218610,136223552,4942
ENSG00000167881,74035184,74068734,33550
ENSG00000225948,6660678,6667308,6630
ENSG00000223784,6779344,6780988,1644
ENSG00000056277,129336685,129402873,66188
ENSG00000211656,22930626,22931145,519
ENSG00000131373,15602211,15643338,41127
ENSG00000228575,30712282,30730363,18081
ENSG00000233350,30195625,30199187,3562
ENSG00000238266,6821560,6884868,63308
ENSG00000185559,101192042,101201539,9497
ENSG00000168209,74033678,74035794,2116
ENSG00000211657,22936998,22937501,503
ENSG00000227821,6867825,6868186,361
ENSG00000173418,19997760,20014299,16539
ENSG00000186583,145086582,145101933,15351
ENSG00000234248,6933419,6962434,29015
ENSG00000231433,31246323,31247777,1454
ENSG00000130876,33699570,33716756,17186
ENSG00000143753,224363458,224381143,17685
ENSG00000223581,7139114,7139637,523
ENSG00000258009,31265840,31266054,214
ENSG00000242227,30216504,30249916,33412
ENSG00000270811,7196082,7196198,116
ENSG00000225939,31266627,31267361,734
ENSG00000235141,7337068,7337252,184
ENSG00000230016,31324608,31325154,546
ENSG00000232591,7487520,7513904,26384
ENSG00000114786,52009066,52023199,14133
ENSG00000130529,49660998,49715093,54095
ENSG00000166897,37764000,37823505,59505
ENSG00000119185,9543604,9563676,20072
ENSG00000178896,145133529,145135550,2021
ENSG00000100121,22988780,22990368,1588
ENSG00000164199,89825161,90460038,634877
ENSG00000164334,118965254,118971517,6263
ENSG00000112877,612387,667283,54896
ENSG00000052344,31142756,31147083,4327
ENSG00000155111,110931181,111137161,205980
ENSG00000160813,100032905,100034188,1283
ENSG00000152291,85545147,85555548,10401
ENSG00000187140,63788730,63790797,2067
ENSG00000214827,154289897,154376212,86315
ENSG00000167257,117103341,117157161,53820
ENSG00000100060,37865101,37882439,17338
ENSG00000207453,7528665,7528771,106
ENSG00000230121,7575169,7578527,3358
ENSG00000000005,99839799,99854882,15083
ENSG00000233990,7875581,7875920,339
ENSG00000075213,83585093,84122040,536947
ENSG00000245848,33790840,33793470,2630
ENSG00000185485,195686619,195717189,30570
ENSG00000263156,50263724,50296787,33063
ENSG00000206427,31578694,31595788,17094
ENSG00000148291,136223428,136228045,4617
ENSG00000197046,43405477,43424045,18568
ENSG00000153879,33864236,33873592,9356
ENSG00000124541,42989383,43001894,12511
ENSG00000243107,91829328,91836171,6843
ENSG00000200769,91831557,91831648,91
ENSG00000221520,91833329,91833412,83
ENSG00000230927,92042290,92068876,26586
ENSG00000088035,63833261,63904233,70972
ENSG00000132740,68671310,68708070,36760
ENSG00000270453,92071391,92071803,412
ENSG00000166272,104503727,104576021,72294
ENSG00000244055,92086878,92120924,34046
ENSG00000000003,99883667,99894988,11321
ENSG00000206763,92331022,92331128,106
ENSG00000178226,31150246,31161415,11169
ENSG00000197181,22132810,22215076,82266
ENSG00000156482,99037079,99058697,21618
ENSG00000159921,36214438,36277053,62615
ENSG00000264185,31328372,31328478,106
ENSG00000237819,92465797,92546501,80704
ENSG00000223971,31335649,31336251,602
ENSG00000224619,30247704,30284044,36340
ENSG00000141959,45719934,45747259,27325
ENSG00000269165,52094298,52095876,1578
ENSG00000266794,92600318,92600613,295
ENSG00000232659,31338654,31339080,426
ENSG00000101343,20015012,20036690,21678
ENSG00000208014,93112072,93112167,95
ENSG00000269700,52152766,52154321,1555
ENSG00000207656,93113248,93113331,83
ENSG00000197858,145137493,145141119,3626
ENSG00000171877,44162962,44487450,324488
ENSG00000108523,4843303,4848517,5214
ENSG00000237729,93299138,93299389,251
ENSG00000148795,104590288,104597290,7002
ENSG00000148719,74092588,74114988,22400
ENSG00000253719,74931551,74935223,3672
ENSG00000265423,93346240,93346317,77
ENSG00000204147,52499078,52576255,77177
ENSG00000127564,3018025,3030540,12515
ENSG00000264417,30709197,30709444,247
ENSG00000148248,136228325,136242970,14645
ENSG00000224923,30724987,30750718,25731
ENSG00000124299,33877856,34012700,134844
ENSG00000081181,68086515,68118437,31922
ENSG00000211658,23010758,23011276,518
ENSG00000138378,191894302,192016322,122020
ENSG00000214510,147647743,147665817,18074
ENSG00000211659,23029190,23029735,545
ENSG00000211660,23040274,23040892,618
ENSG00000092201,21819631,21852425,32794
ENSG00000233490,32107017,32111774,4757
ENSG00000100065,37886400,37915549,29149
ENSG00000115718,128176003,128186822,10819
ENSG00000211661,23046750,23047307,557
ENSG00000198830,26798941,26802463,3522
ENSG00000182400,39617015,39639736,22721
ENSG00000175197,57910371,57914300,3929
ENSG00000211662,23054174,23055688,1514
ENSG00000225145,31340324,31340538,214
ENSG00000115468,233470767,233547491,76724
ENSG00000264692,31360424,31360522,98
ENSG00000166006,75433857,75603648,169791
ENSG00000257192,31376218,31376551,333
ENSG00000166275,104613980,104624718,10738
ENSG00000100568,68113792,68141548,27756
ENSG00000211663,23063108,23063630,522
ENSG00000234858,31399874,31405174,5300
ENSG00000227596,30757111,30789111,32000
ENSG00000152223,43427574,43547240,119666
ENSG00000237105,31418402,31421036,2634
ENSG00000231733,30797975,30806609,8634
ENSG00000211664,23077095,23077584,489
ENSG00000102225,47077259,47089396,12137
ENSG00000211665,23089870,23090398,528
ENSG00000265255,30822711,30823013,302
ENSG00000236492,30825443,30834387,8944
ENSG00000264846,31451933,31452034,101
ENSG00000265505,30849365,30849454,89
ENSG00000139734,60239717,60738121,498404
ENSG00000234799,30308313,30308447,134
ENSG00000236415,31474726,31475537,811
ENSG00000264264,30865366,30865629,263
ENSG00000211666,23101189,23101707,518
ENSG00000266841,30891109,30891200,91
ENSG00000230211,31483349,31483928,579
ENSG00000235747,30904474,30913356,8882
ENSG00000263359,31491609,31491684,75
ENSG00000213171,151772740,151778630,5890
ENSG00000258194,30313130,30313217,87
ENSG00000265607,31496333,31496410,77
ENSG00000269554,2121237,2123179,1942
ENSG00000235877,30316175,30316808,633
ENSG00000232256,31497536,31498370,834
ENSG00000226104,10751715,10752093,378
ENSG00000203301,2143360,2145620,2260
ENSG00000211667,23114317,23115079,762
ENSG00000145879,147691982,147695485,3503
ENSG00000181744,143690640,143767561,76921
ENSG00000083812,58978423,58984945,6522
ENSG00000230441,30319997,30321165,1168
ENSG00000211668,23134980,23135496,516
ENSG00000185955,100054238,100061894,7656
ENSG00000157933,2160134,2241558,81424
ENSG00000257248,30321364,30321487,123
ENSG00000257841,30325064,30325172,108
ENSG00000258211,30339425,30339509,84
ENSG00000211669,23154244,23154782,538
ENSG00000163017,74119441,74146992,27551
ENSG00000232575,30732675,30737900,5225
ENSG00000102078,129473874,129507335,33461
ENSG00000121897,39460620,39479273,18653
ENSG00000166925,100060982,100076902,15920
ENSG00000143748,224415036,224518089,103053
ENSG00000204767,169291268,169407744,116476
ENSG00000172938,68747490,68748455,965
ENSG00000258014,30956227,30956528,301
ENSG00000234461,30988743,30993542,4799
ENSG00000182712,154289897,154299637,9740
ENSG00000229501,31015766,31021436,5670
ENSG00000173585,45927996,45944667,16671
ENSG00000225898,93407151,93407826,675
ENSG00000083838,58985384,58992597,7213
ENSG00000263467,31044569,31044668,99
ENSG00000168269,169532901,169536727,3826
ENSG00000257626,31084165,31084334,169
ENSG00000172935,68771863,68780877,9014
ENSG00000162244,52027616,52029958,2342
ENSG00000213483,93474101,93474643,542
ENSG00000258281,31091816,31092136,320
ENSG00000170677,67956137,67997436,41299
ENSG00000163430,120111140,120170100,58960
ENSG00000257739,31095845,31096065,220
ENSG00000232007,31102242,31102428,186
ENSG00000234695,93520225,93522913,2688
ENSG00000231450,31135256,31139421,4165
ENSG00000198870,136243117,136271220,28103
ENSG00000236861,93598754,93640425,41671
ENSG00000068724,47143296,47303276,159980
ENSG00000179979,1385340,1389780,4440
ENSG00000234079,31159280,31165485,6205
ENSG00000266258,68002675,68019695,17020
ENSG00000236453,93652145,93695973,43828
ENSG00000148584,52559169,52645435,86266
ENSG00000234511,169659451,169679579,20128
ENSG00000235608,1396720,1400119,3399
ENSG00000268126,147698550,147701891,3341
ENSG00000262015,50304990,50314978,9988
ENSG00000236938,93701071,93706469,5398
ENSG00000110975,33527173,33592754,65581
ENSG00000142856,63906441,64059392,152951
ENSG00000222870,94124611,94124716,105
ENSG00000263417,68297755,68317980,20225
ENSG00000187531,79869815,79879199,9384
ENSG00000204909,147700766,147719412,18646
ENSG00000232385,94324339,94325131,792
ENSG00000107438,96997329,97050781,53452
ENSG00000265352,69399851,69455364,55513
ENSG00000239030,94341721,94341823,102
ENSG00000143365,151778547,151804348,25801
ENSG00000172403,119809996,119982402,172406
ENSG00000214342,94367964,94368723,759
ENSG00000015676,44418720,44530479,111759
ENSG00000166987,57914493,57923931,9438
ENSG00000197308,8092413,8095447,3034
ENSG00000174137,1619642,1686029,66387
ENSG00000128283,37956454,37965412,8958
ENSG00000232638,8093504,8095047,1543
ENSG00000137075,36336393,36487545,151152
ENSG00000141668,70203915,70305756,101841
ENSG00000164086,52082935,52090566,7631
ENSG00000243350,8094205,8095412,1207
ENSG00000008256,6201407,6312275,110868
ENSG00000231464,195723609,195725104,1495
ENSG00000228413,195771566,195772125,559
ENSG00000136488,61972275,61974021,1746
ENSG00000116151,2252692,2323146,70454
ENSG00000225053,8203223,8204155,932
ENSG00000083807,58990879,59023780,32901
ENSG00000252174,195799690,195799751,61
ENSG00000224652,195869507,195887761,18254
ENSG00000180917,71315292,71323618,8326
ENSG00000268434,46282695,46289231,6536
ENSG00000222335,195929220,195929324,104
ENSG00000177721,43039335,43043272,3937
ENSG00000228028,195977413,195978525,1112
ENSG00000184838,119799973,120023027,223054
ENSG00000166924,100081550,100092422,10872
ENSG00000153993,84624869,84816171,191302
ENSG00000100079,37966255,37978623,12368
ENSG00000117676,26856252,26901521,45269
ENSG00000162073,3019246,3023490,4244
ENSG00000163950,1694527,1714282,19755
ENSG00000148300,136271186,136283164,11978
ENSG00000232170,8301294,8310268,8974
ENSG00000235396,32111094,32140316,29222
ENSG00000185800,46286205,46296060,9855
ENSG00000240494,26982575,26983001,426
ENSG00000180881,75669759,75784708,114949
ENSG00000226861,8340860,8343630,2770
ENSG00000140030,88471468,88478419,6951
ENSG00000265205,26997072,26999822,2750
ENSG00000226990,8442823,8503826,61003
ENSG00000238423,27047568,27047634,66
ENSG00000166342,70409549,70535381,125832
ENSG00000135912,219575568,219620139,44571
ENSG00000264577,27048505,27049895,1390
ENSG00000119574,59024897,59050278,25381
ENSG00000238578,27049600,27049671,71
ENSG00000132205,2847028,2915991,68963
ENSG00000238649,27050447,27050510,63
ENSG00000238597,27050700,27050771,71
ENSG00000100941,39644387,39652422,8035
ENSG00000267729,27054276,27054757,481
ENSG00000265073,27059981,27070120,10139
ENSG00000172137,71392616,71424341,31725
ENSG00000227650,31566274,31566547,273
ENSG00000265474,27072587,27074670,2083
ENSG00000263879,31578266,31578397,131
ENSG00000265840,27076749,27077097,348
ENSG00000258192,31613489,31615925,2436
ENSG00000213937,3062457,3064506,2049
ENSG00000258466,68126537,68157084,30547
ENSG00000257791,30349387,30349474,87
ENSG00000185515,154299695,154351349,51654
ENSG00000100433,88649113,88793251,144138
ENSG00000258318,30349902,30349989,87
ENSG00000211670,23161507,23162253,746
ENSG00000104941,46298968,46318577,19609
ENSG00000184697,3064713,3070072,5359
ENSG00000231785,30371601,30376206,4605
ENSG00000172262,43065278,43192123,126845
ENSG00000256097,52097076,52097567,491
ENSG00000162341,68816365,68858072,41707
ENSG00000124507,34433916,34503006,69090
ENSG00000211671,23165153,23165787,634
ENSG00000211672,23213686,23214214,528
ENSG00000257247,30377450,30377537,87
ENSG00000257469,30413826,30413949,123
ENSG00000044090,43005355,43021683,16328
ENSG00000101577,2916992,3013313,96321
ENSG00000211673,23222886,23223576,690
ENSG00000128928,40697686,40728146,30460
ENSG00000169814,15642848,15687329,44481
ENSG00000006327,3068446,3072384,3938
ENSG00000230422,30423332,30424869,1537
ENSG00000151116,18551156,18610294,59138
ENSG00000164087,52109269,52188706,79437
ENSG00000203965,63989043,64038364,49321
ENSG00000109794,187025573,187093821,68248
ENSG00000042445,85569211,85581743,12532
ENSG00000254709,23229960,23238287,8327
ENSG00000130726,59055458,59062089,6631
ENSG00000102226,47092089,47107727,15638
ENSG00000237865,30425679,30427048,1369
ENSG00000137321,30445152,30445802,650
ENSG00000257712,30447513,30447597,84
ENSG00000106617,151253197,151574210,321013
ENSG00000243053,27129462,27129840,378
ENSG00000211674,23235872,23235998,126
ENSG00000270316,104614029,104661656,47627
ENSG00000225556,151810295,151813033,2738
ENSG00000238516,27161740,27161840,100
ENSG00000257177,30447934,30448060,126
ENSG00000264138,27175878,27176610,732
ENSG00000257646,30451049,30451133,84
ENSG00000104635,22224762,22291642,66880
ENSG00000166734,44580927,44707956,127029
ENSG00000211675,23237555,23238014,459
ENSG00000264066,27188090,27188984,894
ENSG00000100083,38004481,38029571,25090
ENSG00000257457,30457572,30458162,590
ENSG00000177459,99076539,99105838,29299
ENSG00000257902,30462426,30462546,120
ENSG00000211676,23241661,23241835,174
ENSG00000172399,120056939,120108944,52005
ENSG00000237418,196024932,196025086,154
ENSG00000257338,30463127,30463248,121
ENSG00000163820,45959396,46037316,77920
ENSG00000124302,34112861,34264414,151553
ENSG00000258269,30468900,30468972,72
ENSG00000235897,196045201,196052441,7240
ENSG00000214435,104629273,104661656,32383
ENSG00000196407,151819739,151826173,6434
ENSG00000211677,23243156,23243617,461
ENSG00000139133,34175216,34182629,7413
ENSG00000257428,30470622,30470706,84
ENSG00000212146,196068480,196068586,106
ENSG00000258004,30471722,30471809,87
ENSG00000206644,196120581,196120683,102
ENSG00000211678,23247030,23247205,175
ENSG00000241868,196124382,196124649,267
ENSG00000243339,196126782,196127077,295
ENSG00000050426,51441745,51454207,12462
ENSG00000226345,196150193,196150393,200
ENSG00000103145,3072621,3074287,1666
ENSG00000269753,2258581,2259042,461
ENSG00000232523,30475463,30478417,2954
ENSG00000225822,196158235,196160242,2007
ENSG00000228469,31161685,31163437,1752
ENSG00000198873,120967101,121215131,248030
ENSG00000211679,23248512,23248973,461
ENSG00000257245,31223320,31223661,341
ENSG00000225240,196179867,196179926,59
ENSG00000273013,196201672,196202265,593
ENSG00000236374,31235517,31238689,3172
ENSG00000213358,196254210,196255662,1452
ENSG00000257798,30489684,30490770,1086
ENSG00000178636,120113928,120133799,19871
ENSG00000225770,196263403,196263573,170
ENSG00000257554,30492089,30492213,124
ENSG00000083544,60970591,61148012,177421
ENSG00000232065,196358369,196359458,1089
ENSG00000211680,23252744,23252776,32
ENSG00000201441,196435730,196435835,105
ENSG00000257333,30508204,30508325,121
ENSG00000272359,196474063,196474195,132
ENSG00000206892,196511851,196511957,106
ENSG00000211681,23256408,23256479,71
ENSG00000230732,196639821,196641450,1629
ENSG00000138772,79472673,79531597,58924
ENSG00000116652,64014588,64015405,817
ENSG00000264579,30543533,30543618,85
ENSG00000143771,224544552,224567161,22609
ENSG00000225578,196666748,196669405,2657
ENSG00000230682,94412198,94412837,639
ENSG00000211682,23260304,23260373,69
ENSG00000236271,30740183,30755207,15024
ENSG00000125755,46318668,46366548,47880
ENSG00000159445,151846060,151882284,36224
ENSG00000270170,196669494,196670411,917
ENSG00000272450,30575427,30575503,76
ENSG00000224889,30592831,30593097,266
ENSG00000233487,196710761,196714429,3668
ENSG00000222220,94430826,94431124,298
ENSG00000157916,2323267,2336883,13616
ENSG00000219807,94463216,94463759,543
ENSG00000211684,23263562,23263607,45
ENSG00000228109,196726331,196731615,5284
ENSG00000211685,23264766,23265203,437
ENSG00000263998,30607865,30607958,93
ENSG00000236522,30662293,30672409,10116
ENSG00000164808,48173167,48648868,475701
ENSG00000271159,94647475,94647709,234
ENSG00000231153,94647719,94647866,147
ENSG00000140320,40731920,40760441,28521
ENSG00000235516,31613520,31615911,2391
ENSG00000201607,94727539,94727679,140
ENSG00000153885,34286838,34306668,19830
ENSG00000165304,36572859,36677678,104819
ENSG00000236197,94784025,94843644,59619
ENSG00000106351,100136834,100165842,29008
ENSG00000137817,72533522,72565340,31818
ENSG00000266759,31618481,31618594,113
ENSG00000145390,120133742,120216672,82930
ENSG00000238384,94905898,94905996,98
ENSG00000266384,31656222,31656284,62
ENSG00000100218,23401593,23487208,85615
ENSG00000237160,94978030,94978222,192
ENSG00000265409,31712110,31712212,102
ENSG00000238017,31719469,31720748,1279
ENSG00000129351,10764937,10803093,38156
ENSG00000264955,31733961,31734049,88
ENSG00000228751,94979476,94980541,1065
ENSG00000161203,183892477,183901879,9402
ENSG00000264202,31790412,31790474,62
ENSG00000263362,31792223,31792289,66
ENSG00000223557,31839088,31839381,293
ENSG00000273138,95045420,95045774,354
ENSG00000233942,95101147,95103310,2163
ENSG00000227884,31889778,31897053,7275
ENSG00000266406,31912168,31912269,101
ENSG00000203505,95159502,95159787,285
ENSG00000079739,64058947,64125916,66969
ENSG00000236587,31948953,31952482,3529
ENSG00000271251,8514682,8514915,233
ENSG00000231170,95225994,95243031,17037
ENSG00000263711,70818476,70931715,113239
ENSG00000265816,31994748,31994868,120
ENSG00000257420,32231665,32231814,149
ENSG00000213771,8555650,8557069,1419
ENSG00000168936,1717679,1723085,5406
ENSG00000231275,32241597,32242556,959
ENSG00000208025,95848974,95849068,94
ENSG00000237551,95912669,95913116,447
ENSG00000263869,32268901,32269007,106
ENSG00000236420,8661896,8662571,675
ENSG00000220987,95936072,95936172,100
ENSG00000225834,32306512,32309680,3168
ENSG00000207045,95959950,95960056,106
ENSG00000207115,95970452,95970558,106
ENSG00000263610,30695531,30695641,110
ENSG00000252872,96007169,96007232,63
ENSG00000181867,121187650,121188519,869
ENSG00000166329,55821842,55822673,831
ENSG00000263912,30710246,30710493,247
ENSG00000238385,96097643,96097734,91
ENSG00000272377,96251318,96293650,42332
ENSG00000197747,151955391,151966866,11475
ENSG00000238216,30747883,30751451,3568
ENSG00000227526,32375803,32389501,13698
ENSG00000072042,68143518,68162531,19013
ENSG00000239552,46634624,46637695,3071
ENSG00000152229,43563502,43652238,88736
ENSG00000264304,27219487,27220360,873
ENSG00000257178,46656992,46659621,2629
ENSG00000237890,30757842,30789807,31965
ENSG00000151304,121297656,121411265,113609
ENSG00000167230,35732928,35749662,16734
ENSG00000181610,55916842,55927417,10575
ENSG00000266642,27224756,27226412,1656
ENSG00000147117,47229982,47273704,43722
ENSG00000242207,46706037,46712294,6257
ENSG00000258241,30793113,30793333,220
ENSG00000229126,30989085,30993888,4803
ENSG00000210741,46709852,46709921,69
ENSG00000237093,31016108,31021766,5658
ENSG00000185085,62414320,62420774,6454
ENSG00000101605,3066805,3220106,153301
ENSG00000272763,46713285,46724385,11100
ENSG00000266626,31044940,31045039,99
ENSG00000265845,27253293,27271767,18474
ENSG00000197991,61983818,62002220,18402
ENSG00000232013,145782358,145784156,1798
ENSG00000141665,71740588,71815100,74512
ENSG00000128266,23412540,23467224,54684
ENSG00000265223,32409334,32409482,148
ENSG00000230128,30755673,30757028,1355
ENSG00000255432,62417166,62432650,15484
ENSG00000049883,71616194,71656052,39858
ENSG00000264909,32447524,32447670,146
ENSG00000131652,3074028,3077756,3728
ENSG00000172927,69061605,69182494,120889
ENSG00000179119,18627948,18656338,28390
ENSG00000217236,175199674,175203220,3546
ENSG00000262745,46760729,46781844,21115
ENSG00000232156,32450947,32465488,14541
ENSG00000132541,99114572,99129469,14897
ENSG00000244559,46767843,46767986,143
ENSG00000227284,96487494,96488930,1436
ENSG00000160323,136279478,136324508,45030
ENSG00000244318,96569382,96569676,294
ENSG00000268241,175200601,175202151,1550
ENSG00000264259,32473484,32473630,146
ENSG00000265908,27271814,27272412,598
ENSG00000231677,32550723,32551572,849
ENSG00000147124,47305278,47342345,37067
ENSG00000163191,152004982,152020383,15401
ENSG00000242067,46768478,46769056,578
ENSG00000226974,64320934,64321323,389
ENSG00000257560,31051901,31052166,265
ENSG00000243252,32550729,32553324,2595
ENSG00000212505,8698679,8698794,115
ENSG00000231764,96584453,96643377,58924
ENSG00000258200,31054557,31054985,428
ENSG00000270234,8765973,8766251,278
ENSG00000244649,46782360,46784708,2348
ENSG00000134463,11784365,11806069,21704
ENSG00000198143,31059239,31062047,2808
ENSG00000234752,8939952,8956559,16607
ENSG00000206560,15708743,15901278,192535
ENSG00000257701,31061287,31061564,277
ENSG00000223808,9012088,9015431,3343
ENSG00000224056,31135606,31139772,4166
ENSG00000241788,46791092,46791321,229
ENSG00000230014,9317796,9329020,11224
ENSG00000145868,147763498,147822399,58901
ENSG00000162194,62430287,62439727,9440
ENSG00000235838,9763926,9766379,2453
ENSG00000013810,1723227,1746898,23671
ENSG00000229637,46800530,46802819,2289
ENSG00000228636,9800746,9801200,454
ENSG00000179091,145149930,145152428,2498
ENSG00000089159,120648250,120703574,55324
ENSG00000108518,4848947,4852356,3409
ENSG00000224788,10100685,10105465,4780
ENSG00000138433,175212750,175260443,47693
ENSG00000263602,46801770,46801837,67
ENSG00000184226,66876967,67804468,927501
ENSG00000242407,46810453,46811250,797
ENSG00000229919,10216193,10216540,347
ENSG00000244514,46842918,46843209,291
ENSG00000100228,23487513,23506537,19024
ENSG00000110092,69455855,69469242,13387
ENSG00000248278,46952222,46986345,34123
ENSG00000169105,40763160,40765353,2193
ENSG00000180891,55938604,56032684,94080
ENSG00000269302,187111913,187112626,713
ENSG00000212565,46958202,46958329,127
ENSG00000182898,152056620,152061540,4920
ENSG00000248895,46958484,46958678,194
ENSG00000162923,224572845,224624735,51890
ENSG00000167377,71481500,71496998,15498
ENSG00000270781,46976493,46977110,617
ENSG00000230532,47009153,47014462,5309
ENSG00000151117,18714669,18726332,11663
ENSG00000200903,47026723,47026882,159
ENSG00000175548,38710380,38717784,7404
ENSG00000238804,47034012,47034115,103
ENSG00000196741,47342970,47344207,1237
ENSG00000145476,187112674,187134610,21936
ENSG00000250838,47072628,47074854,2226
ENSG00000113083,121398890,121413980,15090
ENSG00000251461,47082093,47091087,8994
ENSG00000204120,233562009,233725285,163276
ENSG00000104356,99129525,99172062,42537
ENSG00000115194,27476552,27498685,22133
ENSG00000252636,47113714,47113817,103
ENSG00000251550,47114484,47114791,307
ENSG00000155959,154425284,154468098,42814
ENSG00000159450,152078793,152086556,7763
ENSG00000152952,145787227,145881440,94213
ENSG00000150361,70274726,70682591,407865
ENSG00000078061,47420516,47431307,10791
ENSG00000128891,40820882,40857256,36374
ENSG00000185483,64239693,64647181,407488
ENSG00000179057,18725852,18747777,21925
ENSG00000100092,38030661,38062939,32278
ENSG00000215853,152126071,152131704,5633
ENSG00000186318,117156402,117186975,30573
ENSG00000231281,31159624,31165828,6204
ENSG00000130724,59062933,59066491,3558
ENSG00000229075,31162029,31163780,1751
ENSG00000137770,44719432,44821236,101804
ENSG00000131477,40910465,40915059,4594
ENSG00000228845,32597337,32598168,831
ENSG00000225029,31235931,31239103,3172
ENSG00000232026,32609187,32610017,830
ENSG00000157911,2336236,2345236,9000
ENSG00000261869,50316459,50325546,9087
ENSG00000198822,86273230,86494200,220970
ENSG00000224793,32621915,32622852,937
ENSG00000197915,152184558,152196669,12111
ENSG00000263613,27336817,27338027,1210
ENSG00000179526,145153536,145163027,9491
ENSG00000238007,27339883,27343530,3647
ENSG00000109047,9799637,9808938,9301
ENSG00000227672,31240666,31241865,1199
ENSG00000225403,31248142,31249593,1451
ENSG00000263781,27348338,27348658,320
ENSG00000226834,31268479,31269213,734
ENSG00000214756,62432781,62435968,3187
ENSG00000124664,34505579,34524110,18531
ENSG00000120910,22298332,22398652,100320
ENSG00000200849,10274574,10274675,101
ENSG00000108515,4851387,4860426,9039
ENSG00000272436,10299132,10299429,297
ENSG00000234306,10407143,10408450,1307
ENSG00000263093,50325164,50330027,4863
ENSG00000270111,10461501,10504312,42811
ENSG00000138756,79697496,79837526,140030
ENSG00000257103,34663409,34720420,57011
ENSG00000228997,10818186,10818624,438
ENSG00000065518,120315156,120321347,6191
ENSG00000177414,64669310,64733051,63741
ENSG00000096070,36164521,36200567,36046
ENSG00000130725,59067079,59070327,3248
ENSG00000225383,10826400,10836943,10543
ENSG00000143631,152274651,152297679,23028
ENSG00000162069,3077683,3086927,9244
ENSG00000263709,27467501,27482507,15006
ENSG00000264050,27524089,27524803,714
ENSG00000185532,52750945,54058110,1307165
ENSG00000181092,186560463,186576252,15789
ENSG00000165659,72012098,72441330,429232
ENSG00000063127,49792895,49828482,35587
ENSG00000178082,27530441,27531492,1051
ENSG00000166452,8932686,8941631,8945
ENSG00000239256,27667500,27667840,340
ENSG00000008056,47431303,47479252,47949
ENSG00000266111,27679087,27731118,52031
ENSG00000173391,10310902,10324737,13835
ENSG00000264808,27696735,27717795,21060
ENSG00000108264,35766965,35839835,72870
ENSG00000222363,27715578,27715701,123
ENSG00000263719,27717680,27717748,68
ENSG00000253064,27751780,27751885,105
ENSG00000149716,69467844,69490184,22340
ENSG00000148842,104678050,104849978,171928
ENSG00000152234,43664110,43684300,20190
ENSG00000196821,34555065,34664636,109571
ENSG00000075336,71815746,71826197,10451
ENSG00000204922,62437745,62441159,3414
ENSG00000261611,71481503,71523214,41711
ENSG00000241360,38054734,38062941,8207
ENSG00000155961,154487526,154493874,6348
ENSG00000234078,30893440,30912617,19177
ENSG00000233161,31327027,31327573,546
ENSG00000266784,31330791,31330897,106
ENSG00000143520,152321211,152332482,11271
ENSG00000232244,31338077,31338679,602
ENSG00000008516,3096682,3110727,14045
ENSG00000227405,31341099,31341525,426
ENSG00000226027,31342777,31342994,217
ENSG00000266250,31362868,31362966,98
ENSG00000258195,31378662,31378995,333
ENSG00000155962,154505500,154563966,58466
ENSG00000226768,31402326,31407629,5303
ENSG00000100097,38071615,38075813,4198
ENSG00000230389,31420864,31423498,2634
ENSG00000158966,64936428,65158741,222313
ENSG00000131475,40925454,40931617,6163
ENSG00000196092,36833272,37034103,200831
ENSG00000202205,27772318,27772418,100
ENSG00000102265,47441712,47446188,4476
ENSG00000264031,27887565,28034108,146543
ENSG00000104361,99202061,99306621,104560
ENSG00000264290,27896598,27897537,939
ENSG00000143536,152381719,152386739,5020
ENSG00000114956,74153953,74186088,32135
ENSG00000157429,71498453,71598992,100539
ENSG00000160226,45748827,45759285,10458
ENSG00000148908,121259340,121302220,42880
ENSG00000162191,62443970,62446567,2597
ENSG00000164096,120218207,120225600,7393
ENSG00000166347,71920530,71959251,38721
ENSG00000264552,47126902,47126986,84
ENSG00000248883,47162873,47164064,1191
ENSG00000244255,31895475,31919825,24350
ENSG00000186207,152483320,152484653,1333
ENSG00000271770,47187124,47187413,289
ENSG00000240995,47225701,47226473,772
ENSG00000198307,154610428,154610944,516
ENSG00000229430,31240245,31241447,1202
ENSG00000204899,73282495,73301825,19330
ENSG00000100101,38077680,38170137,92457
ENSG00000229103,31247438,31248892,1454
ENSG00000264647,27918721,27919259,538
ENSG00000198444,154611749,154613449,1700
ENSG00000110786,18749475,18814268,64793
ENSG00000115085,98330023,98356325,26302
ENSG00000258020,31266959,31267173,214
ENSG00000176029,8941623,8954553,12930
ENSG00000143786,224622362,224928251,305889
ENSG00000262973,47249257,47250608,1351
ENSG00000231710,31267737,31268471,734
ENSG00000169509,152486978,152488486,1508
ENSG00000263833,31446485,31446586,101
ENSG00000177369,47325601,47336024,10423
ENSG00000264412,32641388,32641455,67
ENSG00000185990,154686576,154688276,1700
ENSG00000231118,31469457,31470268,811
ENSG00000229535,31478075,31478654,579
ENSG00000235540,32734187,32736596,2409
ENSG00000251964,47403202,47403263,61
ENSG00000266419,31486334,31486409,75
ENSG00000145384,120238405,120243545,5140
ENSG00000264591,31491059,31491136,77
ENSG00000248714,47438527,47447360,8833
ENSG00000236019,31492262,31493096,834
ENSG00000007237,9813926,10101868,287942
ENSG00000185966,152538130,152539248,1118
ENSG00000232683,31561042,31561315,273
ENSG00000265850,197020749,197020819,70
ENSG00000136122,73302061,73330336,28275
ENSG00000266004,31573034,31573165,131
ENSG00000186716,23521891,23660224,138333
ENSG00000227375,197025123,197030618,5495
ENSG00000227665,31608288,31610680,2392
ENSG00000185978,154689080,154689596,516
ENSG00000163202,152551857,152552980,1123
ENSG00000258330,31608967,31609906,939
ENSG00000126759,47483612,47489704,6092
ENSG00000238491,197066328,197066422,94
ENSG00000264353,31613247,31613360,113
ENSG00000235126,197171932,197185194,13262
ENSG00000109814,39500375,39529931,29556
ENSG00000271956,96635695,96637022,1327
ENSG00000265989,31650981,31651043,62
ENSG00000178397,6369040,6388612,19572
ENSG00000170608,46367247,46377055,9808
ENSG00000229912,197177198,197183525,6327
ENSG00000263896,31706913,31707015,102
ENSG00000224551,96764327,96764873,546
ENSG00000227856,31714272,31715550,1278
ENSG00000237167,197185276,197193976,8700
ENSG00000224475,96830020,96830795,775
ENSG00000266113,31728779,31728867,88
ENSG00000068078,1795034,1810599,15565
ENSG00000221192,96920826,96920908,82
ENSG00000272989,197232133,197233857,1724
ENSG00000264086,31785230,31785292,62
ENSG00000244057,152573138,152573562,424
ENSG00000226046,97066830,97067208,378
ENSG00000265707,31787042,31787108,66
ENSG00000199475,97228245,97228572,327
ENSG00000250443,197232135,197233857,1722
ENSG00000236903,31833723,31834016,293
ENSG00000170604,46386866,46389376,2510
ENSG00000226744,97499479,97499601,122
ENSG00000149527,2357419,2436969,79550
ENSG00000233692,31884416,31891690,7274
ENSG00000166398,34745442,34846491,101049
ENSG00000235982,97512594,97513107,513
ENSG00000104131,44829255,44855227,25972
ENSG00000265895,31906802,31906903,101
ENSG00000104375,99413631,99955055,541424
ENSG00000231812,97515180,97515386,206
ENSG00000187238,152586287,152586574,287
ENSG00000185973,154719776,154899605,179829
ENSG00000176182,46393278,46405862,12584
ENSG00000232565,31949954,31953483,3529
ENSG00000237818,97527659,97528427,768
ENSG00000166133,40861499,40866659,5160
ENSG00000221048,97535284,97535431,147
ENSG00000089280,31191431,31203127,11696
ENSG00000231859,97535741,97536134,393
ENSG00000232032,97537568,97537736,168
ENSG00000188425,46416475,46418036,1561
ENSG00000082805,1099675,1605099,505424
ENSG00000231759,31955599,31958414,2815
ENSG00000160325,136325089,136335970,10881
ENSG00000214135,197305084,197354777,49693
ENSG00000185962,152595310,152595579,269
ENSG00000164659,86506222,86689015,182793
ENSG00000176927,28256218,28435470,179252
ENSG00000104967,46436992,46476804,39812
ENSG00000187223,152635872,152637135,1263
ENSG00000162437,65210778,65298915,88137
ENSG00000248352,31958577,31962435,3858
ENSG00000164307,96096521,96143803,47282
ENSG00000126767,47494920,47510003,15083
ENSG00000159455,152647771,152659877,12106
ENSG00000176009,8959119,8964580,5461
ENSG00000042317,88851268,88936694,85426
ENSG00000249480,31963233,31963750,517
ENSG00000225512,31976325,31979854,3529
ENSG00000258261,32016306,32016556,250
ENSG00000266615,32022103,32022223,120
ENSG00000099326,59073298,59084942,11644
ENSG00000257276,32258940,32259089,149
ENSG00000234280,32209049,32287940,78891
ENSG00000230209,32268872,32269831,959
ENSG00000265351,32296178,32296284,106
ENSG00000187180,152647771,152649050,1279
ENSG00000226228,32333789,32336965,3176
ENSG00000237591,32402298,32415953,13655
ENSG00000204356,31919864,31926887,7023
ENSG00000206043,71983048,72026422,43374
ENSG00000231370,31570625,31587723,17098
ENSG00000187173,152670840,152671918,1078
ENSG00000128641,192109911,192290115,180204
ENSG00000100106,38093011,38172563,79552
ENSG00000213519,197307215,197307500,285
ENSG00000249626,197361186,197362682,1496
ENSG00000147905,37120536,37358146,237610
ENSG00000273308,197372540,197372888,348
ENSG00000236833,197387436,197392628,5192
ENSG00000216042,197401367,197401447,80
ENSG00000102359,99899215,99926296,27081
ENSG00000135929,219646472,219680016,33544
ENSG00000089101,20033158,20341346,308188
ENSG00000187170,152680636,152681967,1331
ENSG00000160326,136336217,136344259,8042
ENSG00000187773,72102963,72125179,22216
ENSG00000126756,47511197,47518560,7363
ENSG00000225373,60105,71626,11521
ENSG00000107745,74127098,74385899,258801
ENSG00000137812,40886218,40956540,70322
ENSG00000187605,74229840,74335303,105463
ENSG00000104894,49838428,49846592,8164
ENSG00000198854,152691998,152692905,907
ENSG00000117713,27022524,27108595,86071
ENSG00000162344,69513000,69519410,6410
ENSG00000163291,79808281,79860592,52311
ENSG00000162434,65298912,65432187,133275
ENSG00000083520,73329540,73356234,26694
ENSG00000073849,186648274,186796341,148067
ENSG00000267588,71161,72719,1558
ENSG00000203786,152730506,152734529,4023
ENSG00000265509,31454424,31454525,101
ENSG00000235596,31477203,31478014,811
ENSG00000231623,31485838,31486417,579
ENSG00000142185,45770046,45862964,92918
ENSG00000197779,47696301,47861960,165659
ENSG00000233630,76220,77690,1470
ENSG00000268351,69587254,69587718,464
ENSG00000043462,169673241,169725231,51990
ENSG00000263358,31494098,31494173,75
ENSG00000263442,31498825,31498902,77
ENSG00000075388,69587797,69590171,2374
ENSG00000240386,152748848,152749445,597
ENSG00000228245,31500028,31500862,834
ENSG00000235577,32428191,32428286,95
ENSG00000273375,197516571,197517240,669
ENSG00000234470,32469329,32469736,407
ENSG00000228926,31568810,31569083,273
ENSG00000096155,31597040,31610723,13683
ENSG00000100888,21853353,21924285,70932
ENSG00000234136,197557556,197558167,611
ENSG00000233240,32472044,32491190,19146
ENSG00000263994,31580798,31580929,131
ENSG00000234742,197577271,197577825,554
ENSG00000177363,62453874,62457371,3497
ENSG00000186895,69624992,69633792,8800
ENSG00000227853,31616046,31618436,2390
ENSG00000214479,83782692,83782854,162
ENSG00000138735,120415550,120550146,134596
ENSG00000257895,31616725,31617664,939
ENSG00000235391,32474891,32476022,1131
ENSG00000186226,152758690,152760902,2212
ENSG00000266716,31621012,31621125,113
ENSG00000257238,31630220,31630465,245
ENSG00000105220,34850385,34893061,42676
ENSG00000265412,31658768,31658830,62
ENSG00000263638,31714683,31714785,102
ENSG00000264778,31736548,31736636,88
ENSG00000234857,62457747,62494856,37109
ENSG00000224766,31843423,31843716,293
ENSG00000225773,31894078,31901352,7274
ENSG00000264555,31916468,31916569,101
ENSG00000232577,31959605,31963150,3545
ENSG00000187616,136379708,136393734,14026
ENSG00000172155,152769227,152770657,1430
ENSG00000224770,32308863,32323110,14247
ENSG00000239882,31965265,31968079,2814
ENSG00000115459,85581517,85618875,37358
ENSG00000250948,47452742,47457456,4714
ENSG00000266945,94062,96511,2449
ENSG00000147118,47834250,47863377,29127
ENSG00000186244,47477791,47478162,371
ENSG00000267310,104535,105471,936
ENSG00000113924,120347020,120401418,54398
ENSG00000250186,47481443,47482559,1116
ENSG00000267792,145485,145812,327
ENSG00000207127,47494106,47494212,106
ENSG00000102362,99929488,99987110,57622
ENSG00000229944,47500970,47502298,1328
ENSG00000197084,152777311,152779107,1796
ENSG00000023330,52232102,52248343,16241
ENSG00000273028,50325175,50330350,5175
ENSG00000233149,30920643,30926565,5922
ENSG00000249497,47535223,47539111,3888
ENSG00000249906,47583019,47651426,68407
ENSG00000156486,99439250,99445076,5826
ENSG00000199306,197621378,197621484,106
ENSG00000234328,31968243,31972101,3858
ENSG00000201622,197721472,197721580,108
ENSG00000250310,47622209,47655324,33115
ENSG00000232832,197765192,197766105,913
ENSG00000252789,47638364,47638447,83
ENSG00000196734,152784447,152785585,1138
ENSG00000250751,47785696,47797422,11726
ENSG00000139117,39040624,39301232,260608
ENSG00000235183,47872705,47873031,326
ENSG00000226435,197780393,197807591,27198
ENSG00000189060,38201114,38203442,2328
ENSG00000262837,47911601,47913816,2215
ENSG00000186844,152799949,152800573,624
ENSG00000204584,47923272,47926199,2927
ENSG00000185842,225083964,225586996,503032
ENSG00000013375,83870869,83903655,32786
ENSG00000197859,136397286,136440641,43355
ENSG00000248954,47964961,47978257,13296
ENSG00000235942,152815344,152816459,1115
ENSG00000103490,31212806,31214771,1965
ENSG00000261855,50330263,50336900,6637
ENSG00000212297,197798182,197798288,106
ENSG00000183559,124457225,124459338,2113
ENSG00000221994,47842756,47931025,88269
ENSG00000232783,197836983,197838749,1766
ENSG00000164920,99956631,99964332,7701
ENSG00000163206,152850793,152857523,6730
ENSG00000254039,47991767,48010282,18515
ENSG00000100116,38203912,38213183,9271
ENSG00000249176,48016486,48017183,697
ENSG00000172943,53963109,54075391,112282
ENSG00000133313,72163051,72188366,25315
ENSG00000199492,48043439,48043540,101
ENSG00000217702,74361599,74362521,922
ENSG00000248172,48074253,48094208,19955
ENSG00000248989,31972900,31973416,516
ENSG00000165685,10323141,10344400,21259
ENSG00000137106,37422663,37436987,14324
ENSG00000238170,31992359,31995888,3529
ENSG00000164385,2622147,2634837,12690
ENSG00000257158,32221188,32221358,170
ENSG00000163170,74362525,74375121,12596
ENSG00000170255,18955360,18961054,5694
ENSG00000258361,32241009,32241176,167
ENSG00000237295,32299929,32300888,959
ENSG00000261359,31213206,31214773,1567
ENSG00000171368,660883,693510,32627
ENSG00000183695,19076002,19082228,6226
ENSG00000265048,32327242,32327348,106
ENSG00000267918,101295066,101295537,471
ENSG00000224507,32364871,32368048,3177
ENSG00000152240,43684298,43708299,24001
ENSG00000232705,32433544,32447199,13655
ENSG00000162433,65613232,65697828,84596
ENSG00000177238,31225342,31236510,11168
ENSG00000254656,101346992,101351184,4192
ENSG00000131620,69924408,70035634,111226
ENSG00000196990,136444079,136451319,7240
ENSG00000083535,73356197,73590591,234394
ENSG00000269375,101359265,101360646,1381
ENSG00000163207,152881021,152884362,3341
ENSG00000261871,50333834,50336853,3019
ENSG00000138161,124591665,124639146,47481
ENSG00000171489,47863734,47869126,5392
ENSG00000214188,116593953,116738860,144907
ENSG00000156269,80146848,80247204,100356
ENSG00000123505,111195973,111216916,20943
ENSG00000163683,39547950,39640710,92760
ENSG00000145949,2663863,2751200,87337
ENSG00000169900,31227283,31228680,1397
ENSG00000139988,68168603,68201169,32566
ENSG00000213113,197846592,197847649,1057
ENSG00000123454,136501482,136524466,22984
ENSG00000171478,47990039,47991995,1956
ENSG00000196475,80327508,80329372,1864
ENSG00000235228,32459437,32459532,95
ENSG00000264704,32485002,32485149,147
ENSG00000227993,32355870,32361037,5167
ENSG00000226227,32490429,32490524,95
ENSG00000197406,102027688,102029789,2101
ENSG00000265838,32506795,32506946,151
ENSG00000264960,32546223,32546370,147
ENSG00000147262,129518319,129519511,1192
ENSG00000128310,38219389,38221502,2113
ENSG00000233697,32556190,32558727,2537
ENSG00000177054,19138646,19197969,59323
ENSG00000265248,32586786,32586949,163
ENSG00000184148,152943142,152945050,1908
ENSG00000235324,32588904,32589843,939
ENSG00000168000,62457747,62477317,19570
ENSG00000173404,20348765,20351590,2825
ENSG00000165583,48045656,48056199,10543
ENSG00000235116,32591350,32591757,407
ENSG00000268885,667759,668839,1080
ENSG00000076685,104845940,104953056,107116
ENSG00000134597,129535943,129547317,11374
ENSG00000227099,32594077,32613256,19179
ENSG00000238101,32596912,32598043,1131
ENSG00000144840,120405528,120461840,56312
ENSG00000266860,32635039,32635187,148
ENSG00000077454,100169855,100183776,13921
ENSG00000265983,32514190,32514338,148
ENSG00000169474,152956557,152958289,1732
ENSG00000257240,32552037,32552223,186
ENSG00000257223,32576333,32577190,857
ENSG00000239732,52255096,52273183,18087
ENSG00000237455,32602897,32603747,850
ENSG00000236246,197848259,197850145,1886
ENSG00000240684,32602903,32605491,2588
ENSG00000236629,32652915,32653747,832
ENSG00000078140,39699664,39784412,84748
ENSG00000236438,197879237,197925886,46649
ENSG00000256920,32663186,32663364,178
ENSG00000234331,32664299,32665133,834
ENSG00000110274,117185273,117283984,98711
ENSG00000188818,710471,851101,140630
ENSG00000126752,48114752,48126879,12127
ENSG00000169896,31271311,31344213,72902
ENSG00000262208,50337321,50349813,12492
ENSG00000246640,48127713,48133103,5390
ENSG00000222792,197923617,197923720,103
ENSG00000231596,32677706,32678642,936
ENSG00000148426,11865338,11914276,48938
ENSG00000230304,197950368,197953181,2813
ENSG00000264244,32696850,32696917,67
ENSG00000163209,152974223,152976332,2109
ENSG00000226008,197955065,197955247,182
ENSG00000102554,73629114,73651676,22562
ENSG00000206232,32789844,32792253,2409
ENSG00000136238,6414154,6443608,29454
ENSG00000140835,71559136,71572649,13513
ENSG00000101608,3247479,3256234,8755
ENSG00000100124,38226862,38245334,18472
ENSG00000155115,111279763,111289093,9330
ENSG00000258512,102196774,102198859,2085
ENSG00000114978,74379655,74406025,26370
ENSG00000165584,48205863,48216142,10279
ENSG00000175203,57923885,57941114,17229
ENSG00000230414,32715551,32716400,849
ENSG00000116675,65713902,65881552,167650
ENSG00000243245,32715557,32718146,2589
ENSG00000179632,145159402,145162514,3112
ENSG00000169469,153003678,153005376,1698
ENSG00000188559,20370196,20693131,322935
ENSG00000198650,71599563,71611033,11470
ENSG00000168795,37438111,37465396,27285
ENSG00000118922,74260226,74708394,448168
ENSG00000229240,10969021,10994197,25176
ENSG00000163216,153012201,153014407,2206
ENSG00000033030,122957417,122985518,28101
ENSG00000204645,48242863,48252785,9922
ENSG00000015520,44552134,44580914,28780
ENSG00000231679,32411911,32425028,13117
ENSG00000051180,40986972,41024354,37382
ENSG00000231496,11002114,11012779,10665
ENSG00000228027,11052127,11053082,955
ENSG00000229206,11072297,11072831,534
ENSG00000101811,100075384,100095921,20537
ENSG00000177596,74987094,74993252,6158
ENSG00000237986,11117094,11140436,23342
ENSG00000241794,153028589,153030013,1424
ENSG00000230322,11210885,11213339,2454
ENSG00000118680,3261907,3278282,16375
ENSG00000139112,10365057,10375727,10670
ENSG00000181800,11358797,11361847,3050
ENSG00000179698,145162629,145173218,10589
ENSG00000115592,219687106,219696809,9703
ENSG00000182132,169780491,170163636,383145
ENSG00000140832,71660064,71676017,15953
ENSG00000164185,121465208,121515312,50104
ENSG00000143815,225589204,225616627,27423
ENSG00000206240,32475947,32506554,30607
ENSG00000137054,37485932,37503694,17762
ENSG00000196805,153042700,153113927,71227
ENSG00000198946,48261524,48271344,9820
ENSG00000267958,74418517,74418627,110
ENSG00000271360,11653304,11654226,922
ENSG00000163412,71724567,71803924,79357
ENSG00000271046,11721674,11722513,839
ENSG00000225778,11891612,11936699,45087
ENSG00000203785,153065611,153078660,13049
ENSG00000251957,11965180,11965287,107
ENSG00000126562,40932696,40948954,16258
ENSG00000157881,2439972,2458039,18067
ENSG00000163297,80822303,81046608,224305
ENSG00000244094,153084590,153085991,1401
ENSG00000203691,225600404,225602040,1636
ENSG00000123453,136528682,136605077,76395
ENSG00000065911,74425689,74444692,19003
ENSG00000236093,32769272,32769949,677
ENSG00000159516,153122058,153123345,1287
ENSG00000136536,160569000,160627538,58538
ENSG00000168939,154997474,155012121,14647
ENSG00000228785,32786513,32786587,74
ENSG00000266331,32827013,32827107,94
ENSG00000234673,32860414,32860928,514
ENSG00000228579,32969203,32969612,409
ENSG00000223494,30920701,30938920,18219
ENSG00000203784,153175919,153177596,1677
ENSG00000223990,32981428,32987014,5586
ENSG00000100129,38244875,38285414,40539
ENSG00000230816,32993451,32997006,3555
ENSG00000150526,39699435,39722859,23424
ENSG00000213339,10812106,10824113,12007
ENSG00000060642,27113963,27124889,10926
ENSG00000203783,153190060,153191793,1733
ENSG00000108349,38296571,38328436,31865
ENSG00000164344,187130133,187179625,49492
ENSG00000121892,39824483,39979576,155093
ENSG00000136111,75858808,76056250,197442
ENSG00000177426,3411606,3458409,46803
ENSG00000136451,56048910,56065620,16710
ENSG00000074219,49843852,49865714,21862
ENSG00000266971,156279,157215,936
ENSG00000154380,225674537,225840844,166307
ENSG00000152242,43753519,43846949,93430
ENSG00000124333,155110956,155173433,62477
ENSG00000267616,159361,174665,15304
ENSG00000267290,176907,177913,1006
ENSG00000203782,153232176,153234598,2422
ENSG00000267237,182673,196756,14083
ENSG00000094880,137523339,137549032,25693
ENSG00000267639,193236,196050,2814
ENSG00000164535,6448757,6523821,75064
ENSG00000197498,111303218,111349466,46248
ENSG00000116678,65886248,66107242,220994
ENSG00000227435,32824882,32825559,677
ENSG00000273025,72559087,72612287,53200
ENSG00000272098,197075,199431,2356
ENSG00000267029,197955,200775,2820
ENSG00000237871,32842122,32842196,74
ENSG00000120896,22402499,22433301,30802
ENSG00000225132,33002124,33018445,16321
ENSG00000264962,32882633,32882727,94
ENSG00000089163,120740119,120751052,10933
ENSG00000206082,200460,205074,4614
ENSG00000226879,33025170,33025579,409
ENSG00000078304,102228135,102394326,166191
ENSG00000222329,223158,223261,103
ENSG00000197063,79876146,79885590,9444
ENSG00000017483,48316920,48328644,11724
ENSG00000267600,229640,230165,525
ENSG00000223894,33037464,33043006,5542
ENSG00000227936,33020575,33032712,12137
ENSG00000267305,239145,239247,102
ENSG00000204160,27153201,27184093,30892
ENSG00000232802,33049479,33049682,203
ENSG00000237196,33034177,33037170,2993
ENSG00000271846,259260,259346,86
ENSG00000225429,33073504,33074770,1266
ENSG00000159527,153270338,153283194,12856
ENSG00000197921,2460184,2461684,1500
ENSG00000267447,279495,280170,675
ENSG00000266086,56066399,56082614,16215
ENSG00000223696,33076902,33089011,12109
ENSG00000147912,37510889,37588871,77982
ENSG00000040199,71671738,71758604,86866
ENSG00000266781,33089008,33089102,94
ENSG00000230134,33090473,33093457,2984
ENSG00000267124,305573,306467,894
ENSG00000095637,97071528,97321171,249643
ENSG00000266130,33097238,33097347,109
ENSG00000266410,33145288,33145382,94
ENSG00000267443,397589,398941,1352
ENSG00000264836,33153522,33153631,109
ENSG00000252539,453134,453245,111
ENSG00000141622,43906772,44043103,136331
ENSG00000229394,33161392,33162015,623
ENSG00000266933,490046,507813,17767
ENSG00000257473,32533367,32539589,6222
ENSG00000267751,567212,572215,5003
ENSG00000224052,33183491,33185382,1891
ENSG00000267036,590277,591603,1326
ENSG00000072609,133398773,133532890,134117
ENSG00000266939,615886,617159,1273
ENSG00000233772,33195234,33200689,5455
ENSG00000272448,623519,623982,463
ENSG00000261204,637105,637537,432
ENSG00000267666,663482,668063,4581
ENSG00000136450,56080721,56084707,3986
ENSG00000213726,690381,691175,794
ENSG00000258941,39703106,39820397,117291
ENSG00000272473,781002,781862,860
ENSG00000267530,782755,785080,2325
ENSG00000266927,786650,787037,387
ENSG00000140488,72577068,72612470,35402
ENSG00000265767,804940,805001,61
ENSG00000263414,813584,813653,69
ENSG00000163218,153302596,153321316,18720
ENSG00000207507,893484,893590,106
ENSG00000137171,43008515,43042837,34322
ENSG00000267159,928257,928817,560
ENSG00000157873,2487078,2496821,9743
ENSG00000266990,999795,1002756,2961
ENSG00000207357,1021521,1021627,106
ENSG00000129170,19203578,19232120,28542
ENSG00000267020,1038726,1039063,337
ENSG00000204176,46955444,46971400,15956
ENSG00000267736,1203208,1203820,612
ENSG00000119203,9563697,9613230,49533
ENSG00000267778,1238178,1239521,1343
ENSG00000235173,145192672,145195746,3074
ENSG00000088926,187187099,187210835,23736
ENSG00000008517,3115298,3131908,16610
ENSG00000230949,33105108,33105731,623
ENSG00000267493,1268165,1270240,2075
ENSG00000183395,102590237,102591623,1386
ENSG00000145936,169801675,169816681,15006
ENSG00000237536,33127218,33129109,1891
ENSG00000143742,225965531,225978168,12637
ENSG00000072121,68194091,68283307,89216
ENSG00000240846,1307403,1307720,317
ENSG00000256966,37512544,37592466,79922
ENSG00000136040,94542499,94701451,158952
ENSG00000160233,45875369,45878739,3370
ENSG00000100139,38301664,38338829,37165
ENSG00000224096,33138933,33144388,5455
ENSG00000267372,1321224,1322863,1639
ENSG00000140678,31366455,31394318,27863
ENSG00000267755,1376772,1377519,747
ENSG00000269430,45879814,45882078,2264
ENSG00000248015,1392169,1396466,4297
ENSG00000215713,5815,7152,1337
ENSG00000213625,65886270,65901690,15420
ENSG00000175768,37582643,37592639,9996
ENSG00000226575,33228367,33228884,517
ENSG00000177103,117298489,117688240,389751
ENSG00000267759,1413900,1414734,834
ENSG00000267317,1457664,1462764,5100
ENSG00000175894,45917775,46131495,213720
ENSG00000267715,1484535,1485273,738
ENSG00000267092,1508381,1508962,581
ENSG00000104901,49865040,49878373,13333
ENSG00000266399,1553980,1554031,51
ENSG00000222720,1556604,1556685,81
ENSG00000239367,1570574,1570859,285
ENSG00000143819,225997794,226033260,35466
ENSG00000267161,1573595,1575474,1879
ENSG00000104133,44854894,44955876,100982
ENSG00000163220,153330330,153333503,3173
ENSG00000266926,1581789,1582322,533
ENSG00000114942,207024309,207027652,3343
ENSG00000252933,1616491,1616594,103
ENSG00000183010,79890260,79900288,10028
ENSG00000267073,1748055,1748744,689
ENSG00000255872,37588410,38068684,480274
ENSG00000164270,147830595,148056798,226203
ENSG00000267007,1815248,1815872,624
ENSG00000223244,1816158,1816237,79
ENSG00000188243,76099350,76123575,24225
ENSG00000257427,32542405,32557089,14684
ENSG00000267244,1822088,1824544,2456
ENSG00000272297,187347700,187476464,128764
ENSG00000266953,34887220,34900269,13049
ENSG00000267125,1852398,1853621,1223
ENSG00000267141,1860249,1862018,1769
ENSG00000163221,153346184,153348125,1941
ENSG00000206237,32550273,32557884,7611
ENSG00000168412,187454809,187476721,21912
ENSG00000094755,170190354,170241051,50697
ENSG00000261526,1874881,1876168,1287
ENSG00000182912,45937099,45945835,8736
ENSG00000267232,1875015,1875991,976
ENSG00000198683,1925185,1926009,824
ENSG00000068438,48334541,48344752,10211
ENSG00000126249,34895289,34917073,21784
ENSG00000168040,70049269,70053496,4227
ENSG00000180846,1952530,1954585,2055
ENSG00000129173,19245610,19263167,17557
ENSG00000267283,1989400,1990369,969
ENSG00000215455,45958864,45960078,1214
ENSG00000265900,2020329,2020580,251
ENSG00000267180,2030852,2031050,198
ENSG00000205445,45970240,45971388,1148
ENSG00000267122,2212028,2215564,3536
ENSG00000221411,2234061,2234148,87
ENSG00000267021,2250638,2250717,79
ENSG00000212935,45977673,45978643,970
ENSG00000070601,37650997,37746901,95904
ENSG00000215454,45993606,45994987,1381
ENSG00000143546,153362508,153363664,1156
ENSG00000170890,120759914,120765592,5678
ENSG00000129472,21927179,21945132,17953
ENSG00000241123,45999332,46000481,1149
ENSG00000146013,137588068,137610360,22292
ENSG00000188155,46011149,46012386,1237
ENSG00000160293,136627016,136857726,230710
ENSG00000118939,76123619,76180085,56466
ENSG00000007952,100098313,100129334,31021
ENSG00000205441,46020497,46022091,1594
ENSG00000111011,122989190,123011547,22357
ENSG00000196187,226033237,226070069,36832
ENSG00000228368,116605900,116607526,1626
ENSG00000187766,46031996,46032871,875
ENSG00000139116,39687030,39837192,150162
ENSG00000221837,46047040,46048294,1254
ENSG00000083857,187508937,187647876,138939
ENSG00000167210,44056935,44236996,180061
ENSG00000179832,145202919,145316843,113924
ENSG00000221859,46057273,46058370,1097
ENSG00000128346,38339528,38349676,10148
ENSG00000105989,116916685,116963343,46658
ENSG00000184330,153389000,153395701,6701
ENSG00000243489,46066331,46067564,1233
ENSG00000005206,2328614,2355099,26485
ENSG00000135097,120779133,120806983,27850
ENSG00000212933,46074130,46074576,446
ENSG00000168924,1813206,1857974,44768
ENSG00000205439,46077849,46078258,409
ENSG00000221864,46086106,46086844,738
ENSG00000175793,27189633,27190947,1314
ENSG00000187175,46101491,46102078,587
ENSG00000272507,12158279,12158378,99
ENSG00000189169,46117087,46117959,872
ENSG00000229342,33284682,33285199,517
ENSG00000184588,66258197,66840259,582062
ENSG00000172215,45982425,45989845,7420
ENSG00000112394,111408781,111552397,143616
ENSG00000142751,27202624,27216788,14164
ENSG00000161609,49891475,49921251,29776
ENSG00000197364,153409534,153412425,2891
ENSG00000013392,83903098,83908651,5553
ENSG00000258160,32618752,32622508,3756
ENSG00000106648,151653464,151717019,63555
ENSG00000173578,46058516,46069234,10718
ENSG00000153767,120461484,120501916,40432
ENSG00000143556,153430220,153433177,2957
ENSG00000257961,43471268,43510270,39002
ENSG00000184787,46188955,46221934,32979
ENSG00000204276,32632816,32638891,6075
ENSG00000178175,71738479,71803554,65075
ENSG00000131386,16216156,16273499,57343
ENSG00000165275,37753804,37778969,25165
ENSG00000221869,48649471,48651648,2177
ENSG00000151461,11962021,12085169,123148
ENSG00000100142,38348614,38437922,89308
ENSG00000131626,70116806,70230509,113703
ENSG00000263961,206098792,206166009,67217
ENSG00000124535,2765648,2787186,21538
ENSG00000205221,36923833,37041935,118102
ENSG00000198746,27216979,27226957,9978
ENSG00000264324,74438731,74590504,151773
ENSG00000179059,188916925,188926204,9279
ENSG00000183625,46205096,46308197,103101
ENSG00000197956,153507075,153508720,1645
ENSG00000173214,111580551,111592370,11819
ENSG00000065833,83920108,84140797,220689
ENSG00000241399,160625364,160654753,29389
ENSG00000154438,117003276,117068177,64901
ENSG00000265027,206173253,206181260,8007
ENSG00000263687,206249817,206265981,16164
ENSG00000224305,32647573,32655029,7456
ENSG00000179046,189012427,189030757,18330
ENSG00000213614,72635775,72668817,33042
ENSG00000132549,100025494,100889808,864314
ENSG00000079805,10828755,10944164,115409
ENSG00000102312,48367350,48379202,11852
ENSG00000196420,153509623,153514241,4618
ENSG00000111775,120875893,120878545,2652
ENSG00000090273,27226729,27273353,46624
ENSG00000243709,226073982,226099082,25100
ENSG00000166747,71762913,71843104,80191
ENSG00000100146,38366693,38383429,16736
ENSG00000162188,62475130,62476673,1543
ENSG00000204175,46994087,47005643,11556
ENSG00000266028,206266906,206527996,261090
ENSG00000107371,37766975,37801434,34459
ENSG00000169925,136895427,136933657,38230
ENSG00000092203,21944756,21967319,22563
ENSG00000204174,47083534,47088320,4786
ENSG00000255835,226074396,226111978,37582
ENSG00000184108,189060573,189068897,8324
ENSG00000214753,62480102,62494821,14719
ENSG00000173366,52255097,52265206,10109
ENSG00000075568,98372799,98612388,239589
ENSG00000196154,153516089,153522612,6523
ENSG00000124334,155227246,155240482,13236
ENSG00000114698,145910126,145968966,58840
ENSG00000232639,33254836,33255630,794
ENSG00000143811,226107578,226111978,4400
ENSG00000115596,219724544,219738955,14411
ENSG00000177613,53455247,53459355,4108
ENSG00000136271,44605016,44614650,9634
ENSG00000206409,31610434,31616227,5793
ENSG00000247596,52262626,52273276,10650
ENSG00000107984,54074056,54077802,3746
ENSG00000162222,62495541,62507765,12224
ENSG00000122741,37800499,37867663,67164
ENSG00000158402,137620954,137674044,53090
ENSG00000137731,117671559,117699413,27854
ENSG00000135925,219745085,219764303,19218
ENSG00000264364,56160776,56172897,12121
ENSG00000196363,137000487,137025093,24606
ENSG00000185670,62515791,62521660,5869
ENSG00000141194,56232494,56233517,1023
ENSG00000150656,72201675,72254448,52773
ENSG00000100151,38452318,38471708,19390
ENSG00000255713,56247017,56247940,923
ENSG00000064692,121647049,121799914,152865
ENSG00000253729,48685669,48872743,187074
ENSG00000164109,120976763,120988229,11466
ENSG00000205307,100169855,100171270,1415
ENSG00000171450,219824377,219826876,2499
ENSG00000263528,206534037,206560450,26413
ENSG00000121053,56270098,56282535,12437
ENSG00000136240,6485584,6523873,38289
ENSG00000253896,22601,29775,7174
ENSG00000109536,190861943,190884359,22416
ENSG00000188015,153519805,153521848,2043
ENSG00000163497,219845809,219850379,4570
ENSG00000204764,170288874,170727019,438145
ENSG00000168002,62529016,62534182,5166
ENSG00000176269,116049,117043,994
ENSG00000250210,142091,150563,8472
ENSG00000165471,54525140,54531460,6320
ENSG00000122696,37879400,37904350,24950
ENSG00000091640,4862521,4871167,8646
ENSG00000083312,72112139,72212560,100421
ENSG00000169252,148206156,148208196,2040
ENSG00000109685,1873151,1983934,110783
ENSG00000131910,27237980,27240457,2477
ENSG00000170579,3496030,4455335,959305
ENSG00000145087,120626919,121143608,516689
ENSG00000130182,3138891,3149318,10427
ENSG00000108352,38333263,38351908,18645
ENSG00000136153,76194570,76434004,239434
ENSG00000186350,137208944,137332431,123487
ENSG00000175707,27276053,27286897,10844
ENSG00000107338,37919131,38069210,150079
ENSG00000021355,2832566,2842240,9674
ENSG00000154813,16299485,16306479,6994
ENSG00000228572,170410,171758,1348
ENSG00000226179,281725,282586,861
ENSG00000266731,425316,425416,100
ENSG00000234958,484510,484837,327
ENSG00000229232,505971,506087,116
ENSG00000204644,29640169,29648887,8718
ENSG00000237531,950956,955100,4144
ENSG00000225661,969238,970836,1598
ENSG00000264510,1410648,1410721,73
ENSG00000253368,27320198,27327389,7191
ENSG00000203623,31616315,31618789,2474
ENSG00000264819,1410987,1411060,73
ENSG00000143768,226124298,226129189,4891
ENSG00000263980,1412508,1412582,74
ENSG00000265658,1412811,1412885,74
ENSG00000196754,153533584,153540366,6782
ENSG00000265476,206554677,206561289,6612
ENSG00000263835,1413025,1413099,74
ENSG00000223274,1419149,1419268,119
ENSG00000265350,1437739,1438052,313
ENSG00000236871,1515320,1518295,2975
ENSG00000137124,38392661,38398658,5997
ENSG00000157870,2517930,2522908,4978
ENSG00000172748,182137,197342,15205
ENSG00000162227,62538775,62554814,16039
ENSG00000158246,27331511,27339327,7816
ENSG00000118473,66999066,67213982,214916
ENSG00000137142,38408991,38424444,15453
ENSG00000266094,206571091,206652844,81753
ENSG00000126653,28442539,28513493,70954
ENSG00000215421,72265106,72777627,512521
ENSG00000143751,226170403,226187032,16629
ENSG00000206077,710475,767067,56592
ENSG00000156886,31404633,31437826,33193
ENSG00000186919,74068042,74079747,11705
ENSG00000154814,16306706,16391806,85100
ENSG00000257339,43513192,43568077,54885
ENSG00000122386,3162561,3170518,7957
ENSG00000100156,38474141,38480100,5959
ENSG00000273309,2330294,2330756,462
ENSG00000273116,2352574,2354800,2226
ENSG00000106336,100181605,100198740,17135
ENSG00000163823,46243200,46249887,6687
ENSG00000267201,2458933,2462183,3250
ENSG00000180071,38540566,38620657,80091
ENSG00000252962,2503045,2503139,94
ENSG00000105694,2538108,2538786,678
ENSG00000138738,121606074,121844025,237951
ENSG00000090020,27425306,27493472,68166
ENSG00000267412,2610153,2611860,1707
ENSG00000267214,2631952,2632847,895
ENSG00000267749,2641836,2643851,2015
ENSG00000169247,148303202,148442726,139524
ENSG00000261342,2727741,2729325,1584
ENSG00000264194,10048831,10050277,1446
ENSG00000267063,2847225,2858714,11489
ENSG00000121807,46395225,46402419,7194
ENSG00000263997,2872343,2872428,85
ENSG00000265823,206634853,206676024,41171
ENSG00000267398,2874948,2875590,642
ENSG00000258365,94671534,94676620,5086
ENSG00000266938,2896623,2897220,597
ENSG00000128298,38480896,38506677,25781
ENSG00000253392,2915144,2926805,11661
ENSG00000188643,153579362,153585621,6259
ENSG00000267469,3052908,3053722,814
ENSG00000206408,31619246,31624306,5060
ENSG00000168569,62539101,62559493,20392
ENSG00000130635,137533620,137736686,203066
ENSG00000163041,226249552,226259702,10150
ENSG00000160791,46411633,46417697,6064
ENSG00000267139,3118663,3119302,639
ENSG00000267688,3121114,3122126,1012
ENSG00000265653,12172759,12172815,56
ENSG00000266944,3130715,3131396,681
ENSG00000006788,10201401,10276447,75046
ENSG00000126261,34919257,34960853,41596
ENSG00000238900,12187662,12187765,103
ENSG00000269781,6522922,6524873,1951
ENSG00000156885,31439052,31439967,915
ENSG00000228302,12286750,12289844,3094
ENSG00000273170,38540566,38577204,36638
ENSG00000267551,3141574,3155173,13599
ENSG00000230072,30943814,30944636,822
ENSG00000265824,12303670,12303926,256
ENSG00000264036,12370135,12370388,253
ENSG00000252438,12457927,12457999,72
ENSG00000252118,12498482,12498630,148
ENSG00000263584,12620752,12620822,70
ENSG00000221331,12767253,12767352,99
ENSG00000212499,12966679,12966785,106
ENSG00000147364,356428,421225,64797
ENSG00000185475,62554887,62557877,2990
ENSG00000085644,3179778,3192806,13028
ENSG00000183671,207040040,207082771,42731
ENSG00000225251,13099902,13100676,774
ENSG00000176723,31445569,31454346,8777
ENSG00000264649,206181344,206190366,9022
ENSG00000235763,13146574,13146793,219
ENSG00000188687,74443369,74570541,127172
ENSG00000263498,206224448,206224837,389
ENSG00000180011,72907063,72921303,14240
ENSG00000189334,153586731,153589462,2731
ENSG00000234175,13181196,13181533,337
ENSG00000228330,13184185,13184977,792
ENSG00000163166,128193783,128284462,90679
ENSG00000203414,13198684,13200136,1452
ENSG00000205097,190945506,190948412,2906
ENSG00000223590,30996174,31002464,6290
ENSG00000267448,3296763,3303001,6238
ENSG00000237540,13201477,13201777,300
ENSG00000121797,46448654,46454488,5834
ENSG00000264159,3501316,3501587,271
ENSG00000173588,94700225,94853764,153539
ENSG00000142606,2522078,2564481,42403
ENSG00000170837,71803201,71805647,2446
ENSG00000272055,13259269,13259375,106
ENSG00000252408,3521246,3521318,72
ENSG00000215045,6537093,6591067,53974
ENSG00000184900,46225532,46238694,13162
ENSG00000267436,3544197,3557567,13370
ENSG00000233256,13457202,13465133,7931
ENSG00000267231,3558013,3558484,471
ENSG00000202508,13553206,13553313,107
ENSG00000263431,206567509,206568017,508
ENSG00000227175,13570516,13572262,1746
ENSG00000266959,3568118,3568271,153
ENSG00000263536,206592476,206593267,791
ENSG00000227474,13633460,13634323,863
ENSG00000226800,3607245,3613928,6683
ENSG00000017427,102789645,102874423,84778
ENSG00000231624,31123949,31125285,1336
ENSG00000182827,226332380,226374431,42051
ENSG00000273474,13717646,13717990,344
ENSG00000258755,190992087,190993897,1810
ENSG00000268549,13724521,13726874,2353
ENSG00000222235,13746978,13747072,94
ENSG00000204186,207139387,207179148,39761
ENSG00000179981,72922710,73001905,79195
ENSG00000225112,13752415,13754054,1639
ENSG00000028310,850406,892939,42533
ENSG00000199407,13769796,13769916,120
ENSG00000248458,67131547,67142710,11163
ENSG00000231094,31127487,31152786,25299
ENSG00000234091,13771383,13798200,26817
ENSG00000236017,1520662,1532921,12259
ENSG00000269633,207220463,207220843,380
ENSG00000215227,13912797,13913175,378
ENSG00000228146,3194220,3199964,5744
ENSG00000255245,117690878,117747382,56504
ENSG00000229751,14033815,14049525,15710
ENSG00000258697,190995380,190997190,1810
ENSG00000140691,31469401,31478487,9086
ENSG00000235410,14116283,14129604,13321
ENSG00000088930,21283942,21370463,86521
ENSG00000178234,151722759,151819425,96666
ENSG00000266321,14425199,14425276,77
ENSG00000152760,67218142,67244470,26328
ENSG00000070778,88932122,89021077,88955
ENSG00000223511,1851477,1874878,23401
ENSG00000221371,14478575,14478660,85
ENSG00000236495,14694741,14703690,8949
ENSG00000110925,51454990,51477447,22457
ENSG00000234622,1886240,1887669,1429
ENSG00000201766,14705394,14705493,99
ENSG00000223571,2252336,2254451,2115
ENSG00000168124,3254247,3255188,941
ENSG00000237032,14765170,14766054,884
ENSG00000259063,190998673,191000532,1859
ENSG00000237114,31127873,31133179,5306
ENSG00000272853,14919687,14920685,998
ENSG00000235623,15028941,15029514,573
ENSG00000189171,153591263,153606568,15305
ENSG00000223773,2527389,2575270,47881
ENSG00000228547,15041049,15042054,1005
ENSG00000178734,76445187,76457947,12760
ENSG00000234605,31150282,31152098,1816
ENSG00000106714,39072764,39288312,215548
ENSG00000182531,15049860,15050883,1023
ENSG00000258834,191001979,191003777,1798
ENSG00000229474,44957930,45003514,45584
ENSG00000185155,226411319,226414755,3436
ENSG00000183255,46269500,46293752,24252
ENSG00000237470,15057071,15130775,73704
ENSG00000178695,77454312,77460540,6228
ENSG00000172410,67263424,67266939,3515
ENSG00000230542,2531029,2533388,2359
ENSG00000228312,15135262,15135610,348
ENSG00000251848,2729941,2730021,80
ENSG00000235483,2770781,2771801,1020
ENSG00000147155,48379546,48387104,7558
ENSG00000229851,2822945,2824122,1177
ENSG00000163499,219854911,219858143,3232
ENSG00000102794,77522632,77532777,10145
ENSG00000206448,15196801,15197319,518
ENSG00000184381,38507502,38601697,94195
ENSG00000165675,129757350,130037208,279858
ENSG00000239228,2976264,2976543,279
ENSG00000228181,15213035,15213277,242
ENSG00000230249,3030941,3031637,696
ENSG00000232739,15279491,15283766,4275
ENSG00000239130,15928357,15928464,107
ENSG00000114948,207308263,207485851,177588
ENSG00000252537,16047807,16047922,115
ENSG00000182489,100168431,100184422,15991
ENSG00000142279,34971874,34997258,25384
ENSG00000237913,16113415,16113808,393
ENSG00000102805,77564795,77576652,11857
ENSG00000201260,16249820,16249926,106
ENSG00000010539,3272325,3286221,13896
ENSG00000226140,16320700,16337857,17157
ENSG00000204775,145317003,145331153,14150
ENSG00000165819,21966277,21979517,13240
ENSG00000163421,71820807,71834357,13550
ENSG00000238552,16440654,16440758,104
ENSG00000231824,5145284,5197502,52218
ENSG00000264116,73118967,73130995,12028
ENSG00000160678,153600402,153604513,4111
ENSG00000223156,16518002,16518163,161
ENSG00000225213,16763351,16790376,27025
ENSG00000273153,17179335,17179584,249
ENSG00000160339,137772654,137779924,7270
ENSG00000229124,17256238,17271984,15746
ENSG00000120913,22435792,22455538,19746
ENSG00000213487,3285190,3286423,1233
ENSG00000054219,160628362,160761260,132898
ENSG00000206026,73121431,73139658,18227
ENSG00000162231,62559595,62573774,14179
ENSG00000206406,31623259,31631569,8310
ENSG00000205209,35084234,35166604,82370
ENSG00000212214,3450158,3450292,134
ENSG00000234961,17275324,17276832,1508
ENSG00000207435,3490898,3491002,104
ENSG00000207332,3525299,3525406,107
ENSG00000005812,77566740,77601330,34590
ENSG00000207320,3559484,3559596,112
ENSG00000012223,46477136,46526724,49588
ENSG00000236188,3577528,3586233,8705
ENSG00000146250,84222194,84235423,13229
ENSG00000204832,17428935,17455502,26567
ENSG00000198081,5289018,5297052,8034
ENSG00000182888,3635190,3635641,451
ENSG00000234449,3771051,3800358,29307
ENSG00000183978,40947165,40950722,3557
ENSG00000266614,73971121,73972069,948
ENSG00000068354,48397845,48420997,23152
ENSG00000251803,17445507,17445619,112
ENSG00000236582,17619361,17620211,850
ENSG00000137726,117707693,117748201,40508
ENSG00000262605,68513587,68525954,12367
ENSG00000260589,17683283,17685877,2594
ENSG00000187786,145321517,145323045,1528
ENSG00000251959,17721187,17721296,109
ENSG00000078177,40058446,40159872,101426
ENSG00000229190,17737708,17742231,4523
ENSG00000085265,137801431,137809809,8378
ENSG00000183814,226418850,226497570,78720
ENSG00000207937,17887107,17887193,86
ENSG00000207938,18134036,18134122,86
ENSG00000135164,86781677,86825653,43976
ENSG00000101493,74069644,74207146,137502
ENSG00000235637,18151816,18154400,2584
ENSG00000171475,38375556,38440388,64832
ENSG00000001626,117105838,117356025,250187
ENSG00000226083,18290715,18299491,8776
ENSG00000235020,18523097,18550123,27026
ENSG00000230567,145437880,145440835,2955
ENSG00000240291,18802044,18834580,32536
ENSG00000134330,9613787,9636672,22885
ENSG00000225527,18820778,18822265,1487
ENSG00000152763,67278568,67390570,112002
ENSG00000089335,35168544,35177302,8758
ENSG00000204849,39355699,39361956,6257
ENSG00000140682,31482906,31489281,6375
ENSG00000239605,47272677,47382517,109840
ENSG00000085733,70244510,70282690,38180
ENSG00000152784,81105033,81125483,20450
ENSG00000257436,43578255,43578590,335
ENSG00000257814,43580585,43609441,28856
ENSG00000204848,39884975,39891210,6235
ENSG00000170542,2887500,2903514,16014
ENSG00000204642,29690552,29706305,15753
ENSG00000166710,45003675,45011075,7400
ENSG00000174225,100224697,100245818,21121
ENSG00000223533,31155177,31170971,15794
ENSG00000160679,153606525,153618782,12257
ENSG00000130558,137967268,138013025,45757
ENSG00000258389,191005267,191007077,1810
ENSG00000180190,439803,495781,55978
ENSG00000205663,3809479,3838787,29308
ENSG00000227921,40028620,40032417,3797
ENSG00000150165,47157983,47174093,16110
ENSG00000205662,3847910,3855896,7986
ENSG00000125816,21376005,21378666,2661
ENSG00000225722,3871097,3871602,505
ENSG00000268688,37068327,37068530,203
ENSG00000259034,191008560,191010370,1810
ENSG00000257374,43582566,43647125,64559
ENSG00000264861,4501463,4501541,78
ENSG00000236513,4545241,4551613,6372
ENSG00000125820,21491648,21494664,3016
ENSG00000108509,4871287,4890960,19673
ENSG00000147926,40700291,40706537,6246
ENSG00000224470,71879894,71919171,39277
ENSG00000222834,4636834,4636955,121
ENSG00000103313,3292028,3306627,14599
ENSG00000205302,122110691,122165803,55112
ENSG00000235039,5086959,5087480,521
ENSG00000259128,191011860,191013719,1859
ENSG00000226313,5087553,5088686,1133
ENSG00000248302,48991,50018,1027
ENSG00000104714,564746,688106,123360
ENSG00000125813,21686297,21696620,10323
ENSG00000207643,65017,65125,108
ENSG00000235376,105005644,105007773,2129
ENSG00000163923,186838736,186898696,59960
ENSG00000255436,85621,87340,1719
ENSG00000009413,111620234,111804918,184684
ENSG00000115808,37070783,37193615,122832
ENSG00000156026,74451889,74647452,195563
ENSG00000184083,54094757,54209714,114957
ENSG00000250238,105845,107000,1155
ENSG00000185022,38597889,38612518,14629
ENSG00000256143,123966,125423,1457
ENSG00000136247,6617065,6629005,11940
ENSG00000148798,105036920,105050108,13188
ENSG00000173376,121956768,121994176,37408
ENSG00000147256,130192216,130223857,31641
ENSG00000250312,124386,157779,33393
ENSG00000197841,35225060,35233777,8717
ENSG00000196409,40760700,40836415,75715
ENSG00000125798,22561643,22566093,4450
ENSG00000269408,138150512,138151275,763
ENSG00000178243,138235095,138238408,3313
ENSG00000211553,130242,130349,107
ENSG00000267304,3672580,3674293,1713
ENSG00000250892,195198,198798,3600
ENSG00000163746,146109208,146213778,104570
ENSG00000267205,3753838,3756515,2677
ENSG00000238193,5223755,5225169,1414
ENSG00000267138,3754618,3756657,2039
ENSG00000198155,206399,249774,43375
ENSG00000267148,3775994,3776180,186
ENSG00000201660,5328163,5328292,129
ENSG00000266989,3870989,3872105,1116
ENSG00000236120,5571462,5644346,72884
ENSG00000252616,218004,218112,108
ENSG00000132671,23016057,23017314,1257
ENSG00000143799,226548392,226595780,47388
ENSG00000251188,262771,263320,549
ENSG00000156374,105062553,105110891,48338
ENSG00000266627,3920247,3920504,257
ENSG00000252291,5979685,5979790,105
ENSG00000142784,27561007,27635110,74103
ENSG00000207733,3961412,3961510,98
ENSG00000251689,263655,263964,309
ENSG00000206775,3982505,3982570,65
ENSG00000178726,23026270,23030378,4108
ENSG00000268670,4061613,4062747,1134
ENSG00000251535,330047,330575,528
ENSG00000220032,74207477,74210045,2568
ENSG00000248564,331886,332372,486
ENSG00000266223,4208220,4208530,310
ENSG00000269425,4339574,4343488,3914
ENSG00000250321,336610,336751,141
ENSG00000166833,19372271,20143144,770873
ENSG00000182687,74070875,74073622,2747
ENSG00000269807,4347241,4354054,6813
ENSG00000135457,51487446,51566926,79480
ENSG00000207642,343946,344041,95
ENSG00000188917,100264335,100307105,42770
ENSG00000267938,4347777,4349058,1281
ENSG00000198010,1449532,1656642,207110
ENSG00000187806,72690614,72700370,9756
ENSG00000234214,41321107,41327364,6257
ENSG00000198792,38615298,38669040,53742
ENSG00000196422,138370925,138380739,9814
ENSG00000263812,74240612,74322925,82313
ENSG00000006194,3313743,3351401,37658
ENSG00000239285,31627141,31631569,4428
ENSG00000269318,4356634,4358445,1811
ENSG00000267980,4363786,4364637,851
ENSG00000267255,4429686,4430931,1245
ENSG00000266437,4445975,4446045,70
ENSG00000138675,81187753,81257834,70081
ENSG00000267030,4447301,4448214,913
ENSG00000264278,74506688,74534251,27563
ENSG00000171759,103230663,103352188,121525
ENSG00000099203,10943114,10946994,3880
ENSG00000267769,4454011,4455283,1272
ENSG00000125810,23059986,23066977,6991
ENSG00000267011,4457959,4471490,13531
ENSG00000215912,2567415,2718286,150871
ENSG00000249025,387323,387447,124
ENSG00000211482,403598,403704,106
ENSG00000272885,409907,410326,419
ENSG00000264407,4466463,4466736,273
ENSG00000220693,4477048,4479576,2528
ENSG00000057704,94960900,95044338,83438
ENSG00000263974,4545207,4545463,256
ENSG00000251595,419224,467918,48694
ENSG00000143553,153631130,153634306,3176
ENSG00000267408,4621206,4622319,1113
ENSG00000111780,120876001,120897809,21808
ENSG00000160345,138387027,138393580,6553
ENSG00000268565,4654976,4655536,560
ENSG00000170727,145486055,145515082,29027
ENSG00000169717,2938046,2939465,1419
ENSG00000205790,4679294,4685960,6666
ENSG00000196632,54219256,54385075,165819
ENSG00000233788,41500679,41506925,6246
ENSG00000160255,46305868,46351904,46036
ENSG00000266209,4726303,4726391,88
ENSG00000241386,32702866,32707151,4285
ENSG00000204620,48431482,48433275,1793
ENSG00000206404,31634707,31642059,7352
ENSG00000176840,4769117,4772545,3428
ENSG00000166233,72766667,72879692,113025
ENSG00000214212,10947251,10980466,33215
ENSG00000140993,3348832,3355729,6897
ENSG00000183148,42368303,42411410,43107
ENSG00000163602,72420976,72496069,75093
ENSG00000122140,138391830,138396519,4689
ENSG00000102317,48432837,48437454,4617
ENSG00000252150,461317,461425,108
ENSG00000273238,567669,568201,532
ENSG00000170855,120881764,120884215,2451
ENSG00000263386,585359,585697,338
ENSG00000131378,16355081,16555533,200452
ENSG00000207630,4770682,4770791,109
ENSG00000242686,646639,649434,2795
ENSG00000268536,4785132,4791219,6087
ENSG00000269604,4791757,4795571,3814
ENSG00000272927,654998,655734,736
ENSG00000133020,10293639,10325267,31628
ENSG00000267484,4838344,4838919,575
ENSG00000248416,716064,717823,1759
ENSG00000162086,3355406,3368852,13446
ENSG00000264899,4876724,4876810,86
ENSG00000272588,750810,751528,718
ENSG00000257218,120884241,120899389,15148
ENSG00000221535,4889215,4889310,95
ENSG00000249592,756175,775637,19462
ENSG00000008869,37195526,37311485,115959
ENSG00000130856,74534563,74682683,148120
ENSG00000112651,43021767,43027544,5777
ENSG00000144736,72798428,72911065,112637
ENSG00000176563,40950810,40963605,12795
ENSG00000233799,758275,758862,587
ENSG00000257260,31163493,31163610,117
ENSG00000260262,830300,831012,712
ENSG00000240240,42409989,42474239,64250
ENSG00000250259,1021466,1022760,1294
ENSG00000248235,22446787,22459597,12810
ENSG00000251639,1093804,1095346,1542
ENSG00000168421,40192673,40248587,55914
ENSG00000005810,77618792,77901185,282393
ENSG00000142453,10982189,11033453,51264
ENSG00000251652,1107427,1126765,19338
ENSG00000224941,31171310,31176939,5629
ENSG00000160349,138413284,138418378,5094
ENSG00000111786,120899471,120907596,8125
ENSG00000168158,3405889,3406924,1035
ENSG00000137747,117771358,117800174,28816
ENSG00000182372,1703944,1734738,30794
ENSG00000034063,4903092,4962165,59073
ENSG00000269407,23330015,23334066,4051
ENSG00000132661,23331373,23335414,4041
ENSG00000204351,31926857,31937532,10675
ENSG00000262621,3415099,3536960,121861
ENSG00000134539,10378657,10469850,91193
ENSG00000182149,71879899,71962913,83014
ENSG00000203685,226736501,226796915,60414
ENSG00000147255,130407480,130533677,126197
ENSG00000152487,18940195,18948214,8019
ENSG00000168658,98703579,98929762,226183
ENSG00000122136,138437985,138441815,3830
ENSG00000174343,40337346,40357234,19888
ENSG00000175077,186915274,186919253,3979
ENSG00000225509,19024674,19027560,2886
ENSG00000125812,23342787,23353700,10913
ENSG00000232196,3421053,3422283,1230
ENSG00000142611,2985732,3355185,369453
ENSG00000234244,19035362,19036782,1420
ENSG00000106333,100199800,100205798,5998
ENSG00000229818,6299196,6299350,154
ENSG00000234813,19229430,19229882,452
ENSG00000225962,6299515,6299685,170
ENSG00000228582,32711936,32728881,16945
ENSG00000265284,6301947,6302004,57
ENSG00000213923,38686697,38794527,107830
ENSG00000226255,19340384,19341099,715
ENSG00000051341,121150278,121264853,114575
ENSG00000185049,1984441,2043630,59189
ENSG00000215126,42668608,42714962,46354
ENSG00000273269,47293080,47403650,110570
ENSG00000206403,31644972,31661447,16475
ENSG00000230336,31172166,31183436,11270
ENSG00000143772,226819391,226927024,107633
ENSG00000146576,6629648,6648357,18709
ENSG00000143621,153634512,153643524,9012
ENSG00000130733,11033444,11039357,5913
ENSG00000094804,38443885,38459171,15286
ENSG00000140987,3432085,3451065,18980
ENSG00000173559,192542794,192561385,18591
ENSG00000050730,122052563,122148621,96058
ENSG00000125814,23355159,23402125,46966
ENSG00000164088,52279841,52284613,4772
ENSG00000185880,45021186,45060027,38841
ENSG00000122133,138453602,138458801,5199
ENSG00000163694,40425272,40632892,207620
ENSG00000115474,233631174,233641278,10104
ENSG00000162236,62574369,62599560,25191
ENSG00000186501,27648651,27662891,14240
ENSG00000165821,21989232,22005350,16118
ENSG00000184271,51580719,51611477,30758
ENSG00000184752,95290831,95397546,106715
ENSG00000088986,120907653,120936296,28643
ENSG00000182600,233721980,233743418,21438
ENSG00000182473,74077087,74117657,40570
ENSG00000197826,81256874,81884910,628036
ENSG00000150527,39734488,39856156,121668
ENSG00000140675,31494323,31502181,7858
ENSG00000186103,121289551,121305481,15930
ENSG00000204828,42717234,42720342,3108
ENSG00000241852,22457114,22461663,4549
ENSG00000104728,1772142,1906807,134665
ENSG00000163833,121311966,121349139,37173
ENSG00000227761,31588979,31602664,13685
ENSG00000092345,16628299,16711813,83514
ENSG00000055609,151832010,152133090,301080
ENSG00000227734,19579152,19580409,1257
ENSG00000239539,19778030,19778329,299
ENSG00000204007,138515502,138531386,15884
ENSG00000143801,227057885,227083806,25921
ENSG00000236960,19780001,19780228,227
ENSG00000103343,3451235,3459370,8135
ENSG00000215186,72947079,72958735,11656
ENSG00000200545,19887176,19887391,215
ENSG00000168135,38822332,38851205,28873
ENSG00000252001,19922612,19922741,129
ENSG00000198160,67390578,67454302,63724
ENSG00000132498,43064966,43133544,68578
ENSG00000233968,19999257,20017479,18222
ENSG00000148386,138555168,138558268,3100
ENSG00000189090,47177204,47181681,4477
ENSG00000237730,6340133,6340742,609
ENSG00000231217,6585906,6639585,53679
ENSG00000230818,20036752,20037550,798
ENSG00000126950,100333709,100351353,17644
ENSG00000237490,6907370,6907824,454
ENSG00000212072,20072486,20072589,103
ENSG00000228550,7031046,7031445,399
ENSG00000252832,20081927,20082030,103
ENSG00000264424,10346607,10372876,26269
ENSG00000238246,20359734,20380713,20979
ENSG00000127241,186935942,187009810,73868
ENSG00000264268,7065901,7065978,77
ENSG00000100196,38864067,38879452,15385
ENSG00000152785,81952119,81978685,26566
ENSG00000230394,7975419,7986201,10782
ENSG00000228339,20638978,20640029,1051
ENSG00000185105,79897521,79905109,7588
ENSG00000153896,35248981,35264134,15153
ENSG00000207628,8095006,8095102,96
ENSG00000165643,138585253,138591374,6121
ENSG00000225574,8751555,8752502,947
ENSG00000270727,20836100,20836351,251
ENSG00000231619,8824706,8825100,394
ENSG00000265372,20840899,20840975,76
ENSG00000229012,8831902,8835642,3740
ENSG00000235940,21093222,21093506,284
ENSG00000225271,8948466,8950546,2080
ENSG00000167981,3486104,3493542,7438
ENSG00000200852,9101869,9101987,118
ENSG00000219870,9147426,9147647,221
ENSG00000236609,6655248,6663921,8673
ENSG00000228543,9217960,9243246,25286
ENSG00000175202,72968124,72978490,10366
ENSG00000215367,1108985,1147514,38529
ENSG00000066248,233743396,233877982,134586
ENSG00000110871,120941077,120972237,31160
ENSG00000185269,79910388,79919716,9328
ENSG00000232111,9370791,9382606,11815
ENSG00000212458,1112672,1112801,129
ENSG00000227189,1145160,1147489,2329
ENSG00000273179,1161566,1161962,396
ENSG00000255819,10524952,10562745,37793
ENSG00000196810,1243088,1282079,38991
ENSG00000263409,4932699,4932752,53
ENSG00000131759,38465444,38513094,47650
ENSG00000267550,5178130,5178475,345
ENSG00000065609,84262599,84419410,156811
ENSG00000232866,43135095,43135514,419
ENSG00000239524,5277745,5278144,399
ENSG00000266694,5409469,5409766,297
ENSG00000110324,117857063,117872196,15133
ENSG00000254094,1350369,1351863,1494
ENSG00000223573,5558178,5568045,9867
ENSG00000253399,1352267,1353249,982
ENSG00000198580,6713376,6715991,2615
ENSG00000185775,43624507,43630730,6223
ENSG00000272783,1552011,1552299,288
ENSG00000162105,70313961,70963623,649662
ENSG00000244459,1575789,1581980,6191
ENSG00000150275,55562531,57387702,1825171
ENSG00000233270,5576671,5576949,278
ENSG00000082397,5392383,5630699,238316
ENSG00000138669,82009837,82136218,126381
ENSG00000215319,9786279,9787509,1230
ENSG00000263995,5822936,5823035,99
ENSG00000207009,1685147,1685256,109
ENSG00000168661,35417807,35436074,18267
ENSG00000267709,5847478,5858250,10772
ENSG00000270195,1714548,1715349,801
ENSG00000142538,49925671,49926698,1027
ENSG00000266941,5899906,5901522,1616
ENSG00000218422,1741078,1743830,2752
ENSG00000240455,1870787,1871064,277
ENSG00000257215,31183305,31199405,16100
ENSG00000230326,9833133,9833583,450
ENSG00000183504,1961768,1962113,345
ENSG00000267571,5911589,5913910,2321
ENSG00000206844,9842641,9842741,100
ENSG00000249784,1976363,1976487,124
ENSG00000266983,5978414,6020374,41960
ENSG00000225076,9992882,10006694,13812
ENSG00000216105,1988111,1988204,93
ENSG00000202469,10029262,10029363,101
ENSG00000267262,6067964,6077130,9166
ENSG00000222133,10184638,10184739,101
ENSG00000249006,2090445,2092344,1899
ENSG00000261949,49927006,49932075,5069
ENSG00000227042,10210379,10333363,122984
ENSG00000267589,6072834,6073538,704
ENSG00000250623,2141400,2142785,1385
ENSG00000140688,31500792,31520630,19838
ENSG00000207202,10550857,10550959,102
ENSG00000249047,2235978,2236226,248
ENSG00000267299,6109333,6125808,16475
ENSG00000265080,2251804,2251883,79
ENSG00000267415,6176267,6176453,186
ENSG00000251148,2297311,2320816,23505
ENSG00000234129,10865996,11129261,263265
ENSG00000267427,6210390,6212492,2102
ENSG00000239247,2317926,2318233,307
ENSG00000249077,2326194,2326809,615
ENSG00000267563,6259168,6259810,642
ENSG00000180353,121350246,121379774,29528
ENSG00000207151,11134212,11134313,101
ENSG00000124570,2948393,2972090,23697
ENSG00000269802,6343772,6362160,18388
ENSG00000148835,105127724,105148822,21098
ENSG00000263652,11336734,11336806,72
ENSG00000206113,2420701,2452087,31386
ENSG00000269444,6386773,6390411,3638
ENSG00000214347,6393820,6412415,18595
ENSG00000235715,32730817,32734804,3987
ENSG00000186867,122250467,122302214,51747
ENSG00000100201,38879445,38903665,24220
ENSG00000266722,6416421,6416522,101
ENSG00000104888,49932658,49945617,12959
ENSG00000268191,6494331,6495036,705
ENSG00000248399,2465524,2465851,327
ENSG00000104738,48872745,48890720,17975
ENSG00000268203,6494331,6494816,485
ENSG00000154529,43684902,43924049,239147
ENSG00000251229,2506808,2508006,1198
ENSG00000268742,6552369,6554505,2136
ENSG00000169208,22037934,22038875,941
ENSG00000255569,22089991,22090720,729
ENSG00000180884,35447258,35454953,7695
ENSG00000248155,2609597,2609873,276
ENSG00000206738,2616851,2616951,100
ENSG00000255582,22101992,22103096,1104
ENSG00000164091,52288437,52322036,33599
ENSG00000232392,11352353,11354021,1668
ENSG00000249673,2936626,2963465,26839
ENSG00000164438,170736288,170739138,2850
ENSG00000237022,31280024,31283395,3371
ENSG00000223418,11722243,11723710,1467
ENSG00000158941,22462145,22479027,16882
ENSG00000163050,227085237,227175246,90009
ENSG00000140463,72978527,73030817,52290
ENSG00000206792,12072943,12073045,102
ENSG00000199335,3045828,3045934,106
ENSG00000252111,12166437,12166520,83
ENSG00000197971,74690783,74845639,154856
ENSG00000251075,3065198,3076241,11043
ENSG00000206795,12167245,12167357,112
ENSG00000223487,12391286,12393252,1966
ENSG00000248840,3314239,3314785,546
ENSG00000231211,12413876,12414286,410
ENSG00000248843,3325704,3326489,785
ENSG00000261643,3505324,3506184,860
ENSG00000100722,89029253,89079853,50600
ENSG00000142765,27668513,27680421,11908
ENSG00000270090,3546282,3550523,4241
ENSG00000154822,16844159,17132086,287927
ENSG00000158604,44617493,44621886,4393
ENSG00000122390,3493611,3536963,43352
ENSG00000250681,3634756,3635702,946
ENSG00000101940,48448430,48463581,15151
ENSG00000248672,160628362,160761221,132859
ENSG00000250632,3675320,3679582,4262
ENSG00000164919,100885428,100906290,20862
ENSG00000133316,62599814,62609281,9467
ENSG00000250986,3760475,3765117,4642
ENSG00000251166,3891083,3891976,893
ENSG00000261456,96892,100113,3221
ENSG00000138315,74653339,74692791,39452
ENSG00000234386,3903293,3904321,1028
ENSG00000249522,3912010,3912331,321
ENSG00000204172,47191844,47239738,47894
ENSG00000253917,3916910,3957148,40238
ENSG00000269339,51619860,51620085,225
ENSG00000271977,3916914,3926001,9087
ENSG00000164111,122589110,122618268,29158
ENSG00000168237,52321105,52329272,8167
ENSG00000142444,11039409,11044211,4802
ENSG00000107147,138594031,138684992,90961
ENSG00000256553,22111109,22111798,689
ENSG00000089351,35485688,35517375,31687
ENSG00000206402,31664920,31675931,11011
ENSG00000221977,22133297,22134238,941
ENSG00000177453,43192173,43280952,88779
ENSG00000211776,22180544,22181066,522
ENSG00000260150,184465,304637,120172
ENSG00000120798,95414005,95467479,53474
ENSG00000211777,22191960,22192568,608
ENSG00000183283,51632076,51665146,33070
ENSG00000268708,44325916,44326077,161
ENSG00000211778,22204434,22205264,830
ENSG00000130762,3370990,3397677,26687
ENSG00000212952,44400717,44402427,1710
ENSG00000181163,170814120,170838141,24021
ENSG00000211779,22217462,22217989,527
ENSG00000204814,44867571,44870528,2957
ENSG00000260370,64061,66544,2483
ENSG00000211780,22236729,22237320,591
ENSG00000104872,49949555,49956754,7199
ENSG00000251271,3937174,3944248,7074
ENSG00000154537,44990314,44991483,1169
ENSG00000261753,94712,96884,2172
ENSG00000268578,45441273,45441542,269
ENSG00000198250,47657581,47701443,43862
ENSG00000182368,45727107,45728274,1167
ENSG00000259973,130394,136265,5871
ENSG00000112655,43044006,43129457,85451
ENSG00000124588,2988221,3019996,31775
ENSG00000138670,82347547,82965397,617850
ENSG00000112972,43289497,43313614,24117
ENSG00000164631,6728064,6746554,18490
ENSG00000251669,3943487,3957146,13659
ENSG00000262639,204831,204943,112
ENSG00000204807,45733559,45734896,1337
ENSG00000108576,28521337,28563020,41683
ENSG00000213809,10524952,10544473,19521
ENSG00000237198,46385691,46387031,1340
ENSG00000269546,6562134,6563859,1725
ENSG00000231997,46389110,46391556,2446
ENSG00000199223,6572967,6573068,101
ENSG00000257561,43735638,43740507,4869
ENSG00000268785,6593340,6594066,726
ENSG00000257318,43752301,43767276,14975
ENSG00000269680,6748304,6751478,3174
ENSG00000100206,38914954,38966291,51337
ENSG00000265353,6895733,6895814,81
ENSG00000269385,6898310,6898697,387
ENSG00000224608,31364707,31368080,3373
ENSG00000268758,6952511,6990857,38346
ENSG00000236029,47295855,47314322,18467
ENSG00000243804,31664901,31668612,3711
ENSG00000183250,46352729,46359828,7099
ENSG00000211781,22251210,22251720,510
ENSG00000120709,137667624,137685416,17792
ENSG00000211782,22265459,22266058,599
ENSG00000268845,6953222,6954915,1693
ENSG00000215131,3543484,3545480,1996
ENSG00000269761,7005023,7006085,1062
ENSG00000169696,79934683,79975282,40599
ENSG00000211783,22279674,22280149,475
ENSG00000262046,26646121,26655707,9586
ENSG00000196589,7019311,7021442,2131
ENSG00000206401,31670355,31671831,1476
ENSG00000211784,22293636,22294239,603
ENSG00000137648,117947753,117992605,44852
ENSG00000269163,7087063,7087979,916
ENSG00000211785,22309422,22309956,534
ENSG00000266483,7160431,7160506,75
ENSG00000125823,23420322,23425567,5245
ENSG00000116704,67465015,67519782,54767
ENSG00000265748,7309263,7309362,99
ENSG00000250476,3968761,3969387,626
ENSG00000267852,7455408,7459925,4517
ENSG00000269371,7584802,7585346,544
ENSG00000264106,4038811,4038914,103
ENSG00000243894,4078438,4079218,780
ENSG00000268204,7698652,7701876,3224
ENSG00000221301,4086061,4086208,147
ENSG00000160256,46359925,46396904,36979
ENSG00000250940,4088365,4088541,176
ENSG00000269228,7730603,7731362,759
ENSG00000169418,153651113,153666468,15355
ENSG00000248669,4119652,4120011,359
ENSG00000158526,54466834,54471920,5086
ENSG00000138308,74694928,74714536,19608
ENSG00000136155,78109809,78219398,109589
ENSG00000271814,12632122,12632316,194
ENSG00000242636,7815570,7816047,477
ENSG00000229083,12843959,12844952,993
ENSG00000125831,23431040,23433494,2454
ENSG00000234734,65503363,65509610,6247
ENSG00000230691,12862984,12863549,565
ENSG00000268297,7852435,7855507,3072
ENSG00000233338,12920936,12926452,5516
ENSG00000261030,13111779,13112692,913
ENSG00000269763,7878501,7879311,810
ENSG00000105953,44646171,44748665,102494
ENSG00000235385,13284167,13321571,37404
ENSG00000268120,7935447,7936182,735
ENSG00000176595,1922044,1955102,33058
ENSG00000269153,7944330,7945005,675
ENSG00000199900,7951862,7951981,119
ENSG00000183542,10559983,10562356,2373
ENSG00000162591,3406484,3528059,121575
ENSG00000264166,7967148,7967416,268
ENSG00000188686,145490549,145492470,1921
ENSG00000268149,7977533,7978403,870
ENSG00000243449,2043689,2045697,2008
ENSG00000125815,23471738,23476655,4917
ENSG00000077063,117350705,117514193,163488
ENSG00000268856,46492796,46492927,131
ENSG00000260500,7983537,7984042,505
ENSG00000102384,100353178,100418670,65492
ENSG00000206396,31676607,31684720,8113
ENSG00000269139,7990886,7991648,762
ENSG00000258372,43776446,43839462,63016
ENSG00000231216,13328771,13338052,9281
ENSG00000204632,29794744,29798902,4158
ENSG00000196458,133498019,133532892,34873
ENSG00000232833,67784944,67786624,1680
ENSG00000184949,38974125,39052634,78509
ENSG00000101435,23545369,23549386,4017
ENSG00000170215,67792938,67794111,1173
ENSG00000167014,45248900,45271427,22527
ENSG00000152133,37311594,37326387,14793
ENSG00000233434,67924791,67925210,419
ENSG00000173335,23583047,23586513,3466
ENSG00000102302,54471887,54522599,50712
ENSG00000203963,67557848,67697536,139688
ENSG00000103351,3550924,3589048,38124
ENSG00000235233,31410600,31427049,16449
ENSG00000161618,49956426,49974305,17879
ENSG00000196774,67926761,67969840,43079
ENSG00000101439,23608534,23619110,10576
ENSG00000036448,1993155,2113475,120320
ENSG00000185122,145515280,145538385,23105
ENSG00000198787,4128386,4129296,910
ENSG00000250381,4145185,4152148,6963
ENSG00000022840,120971283,121015397,44114
ENSG00000250710,4158249,4159170,921
ENSG00000140263,45315302,45369383,54081
ENSG00000249844,4176046,4176965,919
ENSG00000131374,17198654,18486309,1287655
ENSG00000248516,4323689,4335909,12220
ENSG00000257211,43800487,43865069,64582
ENSG00000248221,4477848,4483427,5579
ENSG00000101441,23666277,23669677,3400
ENSG00000102984,71893583,71929239,35656
ENSG00000130559,138700333,138799074,98741
ENSG00000237170,4508805,4509504,699
ENSG00000266208,38516907,38520945,4038
ENSG00000132554,100973164,101143496,170332
ENSG00000182185,68286496,69196935,910439
ENSG00000179299,40751914,40812002,60088
ENSG00000151882,43376747,43412493,35746
ENSG00000183153,38517235,38520067,2832
ENSG00000222001,233877324,233880595,3271
ENSG00000247708,4543858,4712665,168807
ENSG00000155282,67968793,67987998,19205
ENSG00000100211,39052641,39069859,17218
ENSG00000185818,2061239,2070816,9577
ENSG00000170373,23728190,23731905,3715
ENSG00000115488,233897382,233899767,2385
ENSG00000231372,31512918,31518423,5505
ENSG00000204793,69199480,69202204,2724
ENSG00000273396,4846164,4852554,6390
ENSG00000143933,47387221,47403740,16519
ENSG00000251587,4895909,4896900,991
ENSG00000122884,74766975,74856732,89757
ENSG00000170369,23804406,23807368,2962
ENSG00000200761,4922497,4922791,294
ENSG00000252266,5428612,5428711,99
ENSG00000106330,100209725,100213007,3282
ENSG00000201496,5460308,5460608,300
ENSG00000263631,5925002,5925055,53
ENSG00000249896,6202460,6240044,37584
ENSG00000170367,23856572,23860387,3815
ENSG00000131747,38544768,38574202,29434
ENSG00000188313,146232967,146262651,29684
ENSG00000206398,31676661,31679858,3197
ENSG00000269469,49966009,49989488,23479
ENSG00000011143,56282803,56296966,14163
ENSG00000100216,39077953,39080818,2865
ENSG00000238238,31536013,31537528,1515
ENSG00000168003,62623518,62656352,32834
ENSG00000197381,46493768,46646478,152710
ENSG00000251408,6204055,6208376,4321
ENSG00000162594,67632083,67725662,93579
ENSG00000269908,6241168,6241664,496
ENSG00000149435,23965690,23969416,3726
ENSG00000251580,6672452,6675557,3105
ENSG00000172893,71139239,71163914,24675
ENSG00000170846,6675178,6677774,2596
ENSG00000130997,2073645,2243848,170203
ENSG00000172986,72937224,73047289,110065
ENSG00000101463,24449835,24647252,197417
ENSG00000235592,13346056,13347986,1930
ENSG00000230112,21130304,21130489,185
ENSG00000255641,10564911,10588600,23689
ENSG00000181378,219867568,219906249,38681
ENSG00000226985,13353360,13391753,38393
ENSG00000228753,21317928,21319721,1793
ENSG00000100221,39081548,39097561,16013
ENSG00000140279,45384848,45406542,21694
ENSG00000226434,13395307,13421138,25831
ENSG00000228219,21399611,21402317,2706
ENSG00000102385,100474758,100519486,44728
ENSG00000197102,102430865,102517129,86264
ENSG00000197582,13396854,13397459,605
ENSG00000090554,49977464,49989488,12024
ENSG00000139737,78272023,78338377,66354
ENSG00000015285,48534985,48549818,14833
ENSG00000153246,160788519,160919121,130602
ENSG00000233357,13592865,13593185,320
ENSG00000231920,21462943,21463977,1034
ENSG00000199622,13614355,13614667,312
ENSG00000105711,35521588,35531352,9764
ENSG00000130560,138824815,138853226,28411
ENSG00000228860,21506820,21507208,388
ENSG00000142733,27681675,27693383,11708
ENSG00000233535,13973512,13982023,8511
ENSG00000232853,21536681,21537024,343
ENSG00000120733,137688285,137772717,84432
ENSG00000212663,13998185,14006939,8754
ENSG00000207264,21610890,21610996,106
ENSG00000211786,22314719,22315403,684
ENSG00000264331,14093910,14094010,100
ENSG00000230109,21629162,21661879,32717
ENSG00000233247,14262325,14263544,1219
ENSG00000206395,31685048,31688627,3579
ENSG00000211787,22320735,22321183,448
ENSG00000231553,21682962,21683521,559
ENSG00000199222,21770645,21770746,101
ENSG00000211788,22337020,22337546,526
ENSG00000251749,21774567,21774666,99
ENSG00000221278,14783097,14783239,142
ENSG00000222071,21785491,21785570,79
ENSG00000231066,14852598,14853441,843
ENSG00000159322,73043710,73078187,34477
ENSG00000207347,21853400,21853506,106
ENSG00000211789,22356037,22356682,645
ENSG00000235929,14996081,14996585,504
ENSG00000163605,73045936,73118350,72414
ENSG00000111186,1639057,1756409,117352
ENSG00000211790,22362613,22363210,597
ENSG00000168497,192699028,192711981,12953
ENSG00000236929,15135559,15135890,331
ENSG00000171054,130677950,130679030,1080
ENSG00000168918,233924677,234116549,191872
ENSG00000225833,15621004,15639607,18603
ENSG00000237539,15664290,15664998,708
ENSG00000198393,133562951,133589154,26203
ENSG00000186312,15693055,15721847,28792
ENSG00000223984,21913521,21915215,1694
ENSG00000100226,39101728,39134304,32576
ENSG00000201390,21950564,21950670,106
ENSG00000252634,22074221,22074516,295
ENSG00000203471,22183277,22183445,168
ENSG00000167984,3589033,3627401,38368
ENSG00000201364,22222072,22222367,295
ENSG00000232497,22451921,22454723,2802
ENSG00000151694,9628615,9695921,67306
ENSG00000158109,3541566,3546691,5125
ENSG00000200620,15734331,15734469,138
ENSG00000200566,15934312,15934426,114
ENSG00000204790,69204538,69269662,65124
ENSG00000226536,15935671,15936754,1083
ENSG00000163825,46538981,46542439,3458
ENSG00000238178,16171064,16188992,17928
ENSG00000262866,26655352,26662515,7163
ENSG00000134602,131157293,131209971,52678
ENSG00000102967,72042487,72058954,16467
ENSG00000071539,892758,919472,26714
ENSG00000109851,20177701,20182159,4458
ENSG00000246526,6689175,6692246,3071
ENSG00000148411,138898383,138987131,88748
ENSG00000114841,52350335,52434507,84172
ENSG00000265953,6955016,6955101,85
ENSG00000169994,128293378,128395304,101926
ENSG00000187904,6997068,7000685,3617
ENSG00000077984,24929866,24940564,10698
ENSG00000144339,192813769,193060435,246666
ENSG00000202392,6998739,6999055,316
ENSG00000265550,6999253,6999353,100
ENSG00000245748,7032281,7047958,15677
ENSG00000163827,46556913,46621589,64676
ENSG00000130119,54556644,54587504,30860
ENSG00000245468,7096298,7105112,8814
ENSG00000164112,122680088,122686582,6494
ENSG00000140274,45406519,45410619,4100
ENSG00000200867,7113815,7114126,311
ENSG00000264658,7312177,7312251,74
ENSG00000169402,6793740,6838996,45256
ENSG00000173915,105148798,105156223,7425
ENSG00000266690,7461755,7461845,90
ENSG00000272620,7755817,7780655,24838
ENSG00000055332,37326353,37384208,57855
ENSG00000207807,8007028,8007108,80
ENSG00000273267,8024392,8024853,461
ENSG00000243067,32734237,32769688,35451
ENSG00000251460,8068255,8069451,1196
ENSG00000042493,85621871,85645555,23684
ENSG00000238227,139006427,139010731,4304
ENSG00000250471,8176148,8176726,578
ENSG00000249145,8321903,8325590,3687
ENSG00000269813,8024007,8024896,889
ENSG00000248986,8322006,8325692,3686
ENSG00000136160,78469616,78493903,24287
ENSG00000109854,20385231,20405329,20098
ENSG00000267939,8073613,8080909,7296
ENSG00000251615,8356817,8360065,3248
ENSG00000269651,8238156,8240451,2295
ENSG00000116213,3547331,3569325,21994
ENSG00000101474,24943561,24973615,30054
ENSG00000202054,8394742,8394851,109
ENSG00000271717,8287037,8304532,17495
ENSG00000127616,11071598,11176071,104473
ENSG00000251186,8455137,8456669,1532
ENSG00000265364,8410894,8410980,86
ENSG00000142748,27695603,27701315,5712
ENSG00000268884,8411401,8412571,1170
ENSG00000205959,8483997,8514337,30340
ENSG00000107187,139088096,139096955,8859
ENSG00000215313,16216551,16217412,861
ENSG00000250915,8747123,8747759,636
ENSG00000106327,100218039,100240402,22363
ENSG00000105707,35531410,35557475,26065
ENSG00000252648,16316513,16316597,84
ENSG00000258507,8860441,8862553,2112
ENSG00000269386,8439257,8455569,16312
ENSG00000238623,16393759,16393855,96
ENSG00000171823,1675159,1703331,28172
ENSG00000235071,16492465,16493463,998
ENSG00000197468,8951356,8952285,929
ENSG00000239333,16557262,16557562,300
ENSG00000265144,16645135,16645208,73
ENSG00000249272,8961354,8965707,4353
ENSG00000238709,16785967,16786028,61
ENSG00000265390,8454174,8454264,90
ENSG00000137275,3064225,3115421,51196
ENSG00000230180,16821356,16821476,120
ENSG00000206432,5882071,5895954,13883
ENSG00000268931,8488239,8492711,4472
ENSG00000262841,68530666,68573234,42568
ENSG00000232125,207516345,207583120,66775
ENSG00000250804,8983162,8984086,924
ENSG00000265528,8611743,8611812,69
ENSG00000268618,8614390,8615023,633
ENSG00000249347,8992181,8992532,351
ENSG00000081985,67773047,67862583,89536
ENSG00000267986,8646044,8647599,1555
ENSG00000271057,9022583,9022887,304
ENSG00000268480,8740121,8748103,7982
ENSG00000155980,57943781,57980415,36634
ENSG00000261866,8786679,8786903,224
ENSG00000006831,1797740,1897844,100104
ENSG00000269244,8839097,8839566,469
ENSG00000143624,153700543,153746555,46012
ENSG00000109061,10395624,10421860,26236
ENSG00000174950,27705666,27709870,4204
ENSG00000268922,8889341,8889537,196
ENSG00000148843,105156405,105206049,49644
ENSG00000269300,8932177,8934786,2609
ENSG00000257887,43886503,43890161,3658
ENSG00000165661,139098179,139137687,39508
ENSG00000269400,8943741,8944217,476
ENSG00000258270,43904776,43906058,1282
ENSG00000267332,9130020,9130660,640
ENSG00000267154,9193788,9194074,286
ENSG00000267418,9293045,9293724,679
ENSG00000267775,9301962,9302846,884
ENSG00000187847,9314984,9315893,909
ENSG00000236777,22452021,22453235,1214
ENSG00000188827,3631182,3661599,30417
ENSG00000188314,9345820,9346812,992
ENSG00000185000,145539954,145550573,10619
ENSG00000180926,9371691,9372392,701
ENSG00000260205,22507003,22510097,3094
ENSG00000227462,22514627,22514953,326
ENSG00000225859,31537515,31553854,16339
ENSG00000225980,9376066,9377015,949
ENSG00000177098,118004092,118023603,19511
ENSG00000186807,47746936,47763041,16105
ENSG00000261671,22546715,22547477,762
ENSG00000206394,31688591,31697781,9190
ENSG00000268324,46598888,46601178,2290
ENSG00000226480,9389124,9390045,921
ENSG00000233318,22555920,22556275,355
ENSG00000267845,139219089,139219640,551
ENSG00000140254,45409569,45422136,12567
ENSG00000267510,9402191,9405158,2967
ENSG00000272516,22621333,22621916,583
ENSG00000266912,9455460,9456574,1114
ENSG00000270614,9458782,9459379,597
ENSG00000271981,22621516,22621910,394
ENSG00000267273,9609354,9620755,11401
ENSG00000272366,22629306,22629544,238
ENSG00000233451,22650101,22701996,51895
ENSG00000260112,9628826,9630017,1191
ENSG00000241186,46616045,46668033,51988
ENSG00000206842,23076322,23076428,106
ENSG00000223131,23286184,23286287,103
ENSG00000221221,23363312,23363407,95
ENSG00000152192,79172497,79177673,5176
ENSG00000143776,227177566,227506175,328609
ENSG00000229932,23425852,23426590,738
ENSG00000239830,9793970,9794749,779
ENSG00000154655,5954705,6415236,460531
ENSG00000138400,207602487,207630271,27784
ENSG00000252049,23455914,23456030,116
ENSG00000262407,68577165,68628568,51403
ENSG00000227537,23547140,23547474,334
ENSG00000138668,83273651,83295656,22005
ENSG00000224215,23632886,23634110,1224
ENSG00000211791,22386363,22386931,568
ENSG00000147439,22477931,22526661,48730
ENSG00000056972,111877657,111927481,49824
ENSG00000140830,72078188,72128330,50142
ENSG00000142541,49990811,49995565,4754
ENSG00000264574,23682334,23682396,62
ENSG00000152193,79188426,79233314,44888
ENSG00000211792,22392239,22392827,588
ENSG00000267490,9834684,9835762,1078
ENSG00000267612,9841529,9842619,1090
ENSG00000211793,22409313,22409848,535
ENSG00000160360,139221932,139254057,32125
ENSG00000181773,27719148,27722318,3170
ENSG00000267370,9866828,9867539,711
ENSG00000267741,9885173,9885636,463
ENSG00000211794,22433680,22434290,610
ENSG00000265379,9886685,9886771,86
ENSG00000266950,9904297,9912977,8680
ENSG00000211795,22446699,22447360,661
ENSG00000200237,9930630,9930770,140
ENSG00000198040,133613878,133639885,26007
ENSG00000211796,22458735,22459177,442
ENSG00000267119,9930817,9931131,314
ENSG00000216102,9931204,9931281,77
ENSG00000211797,22465778,22466407,629
ENSG00000263493,9935953,9936217,264
ENSG00000126581,40962152,40985367,23215
ENSG00000267289,9944755,9945689,934
ENSG00000211798,22471345,22471912,567
ENSG00000266247,9962104,9962192,88
ENSG00000211799,22475751,22476420,669
ENSG00000267650,10106673,10107839,1166
ENSG00000211800,22508840,22509399,559
ENSG00000100242,39130730,39190148,59418
ENSG00000064652,122179134,122365049,185915
ENSG00000211801,22520773,22521315,542
ENSG00000158195,27730730,27816669,85939
ENSG00000211802,22538820,22539471,651
ENSG00000167798,10148479,10184811,36332
ENSG00000170545,51638342,51664674,26332
ENSG00000211803,22554684,22555238,554
ENSG00000213918,3661729,3730144,68415
ENSG00000211804,22564309,22564896,587
ENSG00000211805,22573620,22574123,503
ENSG00000211806,22580300,22580984,684
ENSG00000163697,40812044,41218731,406687
ENSG00000167419,56295909,56345879,49970
ENSG00000211807,22591276,22592243,967
ENSG00000211808,22600515,22600996,481
ENSG00000211809,22615949,22616587,638
ENSG00000238726,9025059,9025206,147
ENSG00000251313,9032012,9032792,780
ENSG00000250342,9053568,9053777,209
ENSG00000211810,22631134,22631766,632
ENSG00000249767,9080749,9143334,62585
ENSG00000172890,71164155,71235153,70998
ENSG00000259092,22636325,22636884,559
ENSG00000266204,10149030,10149089,59
ENSG00000196388,4891425,4900905,9480
ENSG00000163612,9155022,9167177,12155
ENSG00000267387,10199708,10201053,1345
ENSG00000211812,22670477,22671262,785
ENSG00000209645,10218327,10218411,84
ENSG00000213221,139253932,139258241,4309
ENSG00000238531,10220433,10220511,78
ENSG00000211813,22675418,22676025,607
ENSG00000175898,10332111,10333870,1759
ENSG00000151881,43444354,43483995,39641
ENSG00000211814,22689792,22690371,579
ENSG00000250173,979480,981415,1935
ENSG00000222736,16893269,16893390,121
ENSG00000166573,74962505,74980858,18353
ENSG00000264266,10341089,10341161,72
ENSG00000250268,9168023,9171996,3973
ENSG00000257888,43977151,43980249,3098
ENSG00000223498,16915774,16916644,870
ENSG00000211815,22694641,22695149,508
ENSG00000199410,16930338,16930440,102
ENSG00000142864,67873493,67896098,22605
ENSG00000201467,17062503,17062634,131
ENSG00000264372,9169955,9170020,65
ENSG00000211816,22739851,22740446,595
ENSG00000249482,9231367,9232959,1592
ENSG00000214322,17117905,17118362,457
ENSG00000250231,9240856,9242448,1592
ENSG00000211817,22748988,22749631,643
ENSG00000251694,9360109,9361701,1592
ENSG00000214321,17300760,17301216,456
ENSG00000168539,62676151,62689279,13128
ENSG00000265944,6511415,6590652,79237
ENSG00000205946,9369600,9370796,1196
ENSG00000238764,17376053,17376156,103
ENSG00000257382,44001606,44145324,143718
ENSG00000211818,22771939,22772438,499
ENSG00000265465,17444004,17444077,73
ENSG00000180263,95470525,95611258,140733
ENSG00000188438,9400930,9405291,4361
ENSG00000235834,17546558,17605281,58723
ENSG00000211819,22782922,22783351,429
ENSG00000230020,17570470,17575508,5038
ENSG00000252307,9412904,9412979,75
ENSG00000266978,10362944,10395784,32840
ENSG00000196400,69252845,69254032,1187
ENSG00000067141,73344051,73597547,253496
ENSG00000139746,79885962,79980612,94650
ENSG00000226153,17723459,17723811,352
ENSG00000211820,22788620,22789123,503
ENSG00000238515,23688460,23688528,68
ENSG00000232773,9424039,9431428,7389
ENSG00000145506,1008944,1039058,30114
ENSG00000267105,10369785,10370721,936
ENSG00000223928,24446764,24447710,946
ENSG00000204788,69377902,69380597,2695
ENSG00000227873,17787125,17787518,393
ENSG00000248364,9460981,9461970,989
ENSG00000211821,22891362,22892033,671
ENSG00000267607,10396477,10399695,3218
ENSG00000207930,24564614,24564710,96
ENSG00000225066,17951469,17952943,1474
ENSG00000215323,9470746,9471694,948
ENSG00000221566,10514134,10514214,80
ENSG00000199535,24929095,24929213,118
ENSG00000149575,118032666,118047388,14722
ENSG00000223997,22907539,22907546,7
ENSG00000266246,9472697,9472784,87
ENSG00000256463,76740275,76762677,22402
ENSG00000228667,25156574,25157119,545
ENSG00000250884,9485365,9486349,984
ENSG00000237235,22907999,22908007,8
ENSG00000226757,122685740,122687962,2222
ENSG00000251624,9495380,9499710,4330
ENSG00000228985,22918105,22918117,12
ENSG00000108578,28575218,28619074,43856
ENSG00000258037,44008114,44023958,15844
ENSG00000211825,22919081,22919131,50
ENSG00000240294,25197451,25197741,290
ENSG00000249866,9514554,9515523,969
ENSG00000172014,69381812,69425560,43748
ENSG00000273107,25242170,25242442,272
ENSG00000211826,22924241,22924288,47
ENSG00000249443,9523555,9523921,366
ENSG00000172244,43486803,43515247,28444
ENSG00000266069,25380385,25380483,98
ENSG00000257149,44008191,44023986,15795
ENSG00000173208,39943835,40013553,69718
ENSG00000242034,9555234,9555605,371
ENSG00000211827,22925681,22925734,53
ENSG00000231422,25401987,25450165,48178
ENSG00000221275,9557789,9557937,148
ENSG00000187796,139256355,139268133,11778
ENSG00000211828,22928090,22928148,58
ENSG00000244004,9564791,9565570,779
ENSG00000249799,9585566,9585755,189
ENSG00000233642,25447001,25465205,18204
ENSG00000211829,22931924,22934779,2855
ENSG00000265901,9601952,9602051,99
ENSG00000222543,25682486,25682773,287
ENSG00000250942,9678932,9679558,626
ENSG00000227465,25936499,25937033,534
ENSG00000186234,9694119,9704578,10459
ENSG00000271563,25980466,25981252,786
ENSG00000223019,26102740,26102846,106
ENSG00000173230,121382046,121468602,86556
ENSG00000251711,26108292,26108355,63
ENSG00000255423,73110810,73112488,1678
ENSG00000226304,26213377,26222639,9262
ENSG00000251087,9705374,9712436,7062
ENSG00000199733,26798518,26798633,115
ENSG00000205810,10564911,10573194,8283
ENSG00000236894,26866605,26868024,1419
ENSG00000233261,26878794,26883253,4459
ENSG00000249563,9734994,9743985,8991
ENSG00000250425,9756522,9757402,880
ENSG00000197901,62703857,62752455,48598
ENSG00000252002,9794375,9794485,110
ENSG00000214367,2229191,2243891,14700
ENSG00000249219,9924438,9925770,1332
ENSG00000165694,131211021,131262048,51027
ENSG00000176134,69650263,69660358,10095
ENSG00000257017,72088491,72094954,6463
ENSG00000185238,20409076,20530840,121764
ENSG00000204779,70175707,70178815,3108
ENSG00000157107,72251808,72386349,134541
ENSG00000184659,70426623,70429731,3108
ENSG00000088756,6729717,6915715,185998
ENSG00000137274,3118608,3153812,35204
ENSG00000205809,10579453,10594899,15446
ENSG00000182568,18386879,18487080,100201
ENSG00000160593,118064455,118095809,31354
ENSG00000102313,54775332,54824673,49341
ENSG00000196950,196440701,196602426,161725
ENSG00000257437,44150125,44280402,130277
ENSG00000123737,122722472,122738176,15704
ENSG00000226850,31551738,31554120,2382
ENSG00000121440,73431584,73674091,242507
ENSG00000165684,139270029,139293249,23220
ENSG00000141753,38599702,38613983,14281
ENSG00000100246,39174513,39190203,15690
ENSG00000156509,101145588,101158028,12440
ENSG00000184445,123011793,123110943,99150
ENSG00000173210,148521046,148640105,119059
ENSG00000123933,2249159,2264021,14862
ENSG00000181192,12110971,12165224,54253
ENSG00000134308,9724101,9771143,47042
ENSG00000169877,31539185,31540124,939
ENSG00000116717,68150744,68154021,3277
ENSG00000227565,31554142,31566099,11957
ENSG00000221890,39214457,39239987,25530
ENSG00000147669,101162812,101166230,3418
ENSG00000166377,76829285,77138283,308998
ENSG00000102471,80055287,80130210,74923
ENSG00000134545,10594863,10607284,12421
ENSG00000131746,38632080,38657849,25769
ENSG00000183117,2792875,4852494,2059619
ENSG00000267197,10601015,10601676,661
ENSG00000238364,10661709,10661768,59
ENSG00000183741,39257455,39268319,10864
ENSG00000221410,10662798,10662880,82
ENSG00000271010,10708677,10709641,964
ENSG00000172380,68167149,68299150,132001
ENSG00000123728,131337053,131353471,16418
ENSG00000267100,10762538,10764520,1982
ENSG00000268805,46511596,46515493,3897
ENSG00000207972,10829080,10829179,99
ENSG00000126602,3701640,3767598,65958
ENSG00000265879,10890930,10891011,81
ENSG00000267857,46520728,46534873,14145
ENSG00000207752,10928102,10928172,70
ENSG00000267544,10952515,10952926,411
ENSG00000235569,31698009,31719779,21770
ENSG00000125414,10424465,10453274,28809
ENSG00000266936,11121593,11126687,5094
ENSG00000266352,11122384,11122680,296
ENSG00000234296,26932157,26933945,1788
ENSG00000197302,31724550,31806190,81640
ENSG00000267082,11314304,11326844,12540
ENSG00000162595,68511645,68517314,5669
ENSG00000265747,11344419,11344674,255
ENSG00000181450,227751244,227865144,113900
ENSG00000267174,11411453,11435117,23664
ENSG00000231976,26932098,26942383,10285
ENSG00000154930,24986868,25039616,52748
ENSG00000142534,49999622,50002946,3324
ENSG00000166321,74870217,74891586,21369
ENSG00000267576,11432832,11434871,2039
ENSG00000267277,11478799,11485611,6812
ENSG00000202357,11519448,11519556,108
ENSG00000165689,139296377,139305061,8684
ENSG00000206503,29909037,29913661,4624
ENSG00000128383,39348746,39359188,10442
ENSG00000238349,11549997,11550096,99
ENSG00000227932,26953135,26965088,11953
ENSG00000265149,11578091,11578412,321
ENSG00000244080,11626864,11627150,286
ENSG00000256590,22938033,22938690,657
ENSG00000231408,31579318,31581588,2270
ENSG00000213304,11632783,11633313,530
ENSG00000211831,22944306,22944365,59
ENSG00000168938,122358945,122372436,13491
ENSG00000211832,22945543,22945596,53
ENSG00000126705,27860546,27930942,70396
ENSG00000231213,146294342,146324003,29661
ENSG00000213303,11634251,11634646,395
ENSG00000136158,80910111,80915086,4975
ENSG00000249840,11696061,11697950,1889
ENSG00000104450,101170134,101271506,101372
ENSG00000185650,69254377,69263190,8813
ENSG00000102316,54834032,54842445,8413
ENSG00000169139,48920960,48977268,56308
ENSG00000118246,207630081,207657233,27152
ENSG00000180116,40019969,40302102,282133
ENSG00000197332,11750591,11797382,46791
ENSG00000178235,84451344,84456528,5184
ENSG00000186866,46683843,46707813,23970
ENSG00000234788,27003551,27004761,1210
ENSG00000267500,11759179,11763692,4513
ENSG00000179066,35596873,35598141,1268
ENSG00000235843,27006564,27007707,1143
ENSG00000138068,37394963,37423741,28778
ENSG00000223027,27077946,27078086,140
ENSG00000206605,27079469,27079575,106
ENSG00000143740,227916240,227968927,52687
ENSG00000184564,86366925,86373623,6698
ENSG00000238414,27157094,27157193,99
ENSG00000214223,11776884,11777845,961
ENSG00000139352,103351464,103354294,2830
ENSG00000232224,27220135,27230930,10795
ENSG00000179750,39378352,39388809,10457
ENSG00000228321,31582831,31585600,2769
ENSG00000143554,153746830,153752633,5803
ENSG00000267343,11793361,11797005,3644
ENSG00000146574,6833765,6866401,32636
ENSG00000165970,20620946,20680831,59885
ENSG00000236983,27232252,27233347,1095
ENSG00000115221,160956177,161128399,172222
ENSG00000185947,31885079,31928668,43589
ENSG00000135185,86825478,86849903,24425
ENSG00000266922,11836776,11841598,4822
ENSG00000165300,88324870,88331871,7001
ENSG00000220949,11867348,11870748,3400
ENSG00000225882,17988317,18122764,134447
ENSG00000235211,18359336,18359466,130
ENSG00000078900,3569084,3652765,83681
ENSG00000061455,122424816,122529960,105144
ENSG00000267646,11906899,11909413,2514
ENSG00000207025,18414114,18414215,101
ENSG00000267089,11952056,11953254,1198
ENSG00000236187,18553199,18554240,1041
ENSG00000267274,12050774,12064196,13422
ENSG00000179399,92050929,93519490,1468561
ENSG00000237221,18706762,18709723,2961
ENSG00000223448,31587819,31589786,1967
ENSG00000257860,103545620,103562087,16467
ENSG00000196564,18856827,18857570,743
ENSG00000219665,12098432,12157090,58658
ENSG00000223018,18881682,18881826,144
ENSG00000166908,57984957,57997198,12241
ENSG00000224224,18883889,18884672,783
ENSG00000237836,18908414,18912615,4201
ENSG00000223931,32063311,32063601,290
ENSG00000270472,32077386,32077679,293
ENSG00000266710,18933365,18933653,288
ENSG00000202144,19394892,19394993,101
ENSG00000151062,1901123,2028002,126879
ENSG00000206663,20003176,20003277,101
ENSG00000244509,39410088,39416357,6269
ENSG00000264566,20035206,20035305,99
ENSG00000129250,4901243,4931696,30453
ENSG00000081692,227918126,227923112,4986
ENSG00000201882,20154184,20154253,69
ENSG00000000938,27938575,27961788,23213
ENSG00000201592,20154424,20154503,79
ENSG00000225037,20158086,20158562,476
ENSG00000252978,20470226,20470549,323
ENSG00000206716,21232755,21232861,106
ENSG00000263302,68646822,68665854,19032
ENSG00000205456,32264040,32267240,3200
ENSG00000231913,21439940,21440412,472
ENSG00000183098,93879095,95059655,1180560
ENSG00000199855,27377250,27377356,106
ENSG00000252639,27482287,27482429,142
ENSG00000266822,21581190,21581281,91
ENSG00000251839,27521184,27521245,61
ENSG00000206639,21890825,21890926,101
ENSG00000085978,234118697,234204320,85623
ENSG00000268000,50003781,50004614,833
ENSG00000263577,27524846,27524929,83
ENSG00000271286,21957579,21958278,699
ENSG00000100987,25051521,25062996,11475
ENSG00000116729,68564142,68698803,134661
ENSG00000262412,27532059,27539733,7674
ENSG00000265868,22072271,22072551,280
ENSG00000204414,61986957,61996198,9241
ENSG00000224204,22180850,22191100,10250
ENSG00000233067,22277914,23311263,1033349
ENSG00000230445,27535279,27548384,13105
ENSG00000231846,22446249,22512830,66581
ENSG00000243811,39410368,39429281,18913
ENSG00000132563,137774706,137782658,7952
ENSG00000224396,22453715,22454935,1220
ENSG00000152292,85645844,85664152,18308
ENSG00000201095,22545952,22546058,106
ENSG00000238021,27547691,27577753,30062
ENSG00000185888,228003394,228034171,30777
ENSG00000231011,22634861,22635260,399
ENSG00000265819,22655109,22655194,85
ENSG00000237019,22716574,22787083,70509
ENSG00000089356,35606732,35615228,8496
ENSG00000165688,139305110,139318213,13103
ENSG00000200369,27604049,27604155,106
ENSG00000174028,23093875,23094884,1009
ENSG00000215409,27620286,27630181,9895
ENSG00000250413,10008106,10011349,3243
ENSG00000149452,62756626,62783311,26685
ENSG00000261490,10069713,10074643,4930
ENSG00000221786,23138949,23139022,73
ENSG00000228610,23216456,23216807,351
ENSG00000183632,32684852,32688053,3201
ENSG00000143816,228106357,228135599,29242
ENSG00000264931,10080235,10080316,81
ENSG00000163501,219919142,219925189,6047
ENSG00000223086,10117380,10117508,128
ENSG00000159733,2271309,2420390,149081
ENSG00000170616,145554228,145559943,5715
ENSG00000250393,10144991,10145279,288
ENSG00000143614,153777201,153895451,118250
ENSG00000251296,10168783,10169389,606
ENSG00000128394,39436609,39449915,13306
ENSG00000248777,10201447,10202296,849
ENSG00000102387,100523241,100548059,24818
ENSG00000226774,23369130,23369567,437
ENSG00000271544,10239837,10239859,22
ENSG00000080166,95089558,95131936,42378
ENSG00000238327,23525328,23525430,102
ENSG00000250040,10256550,10258245,1695
ENSG00000263425,23774289,23774398,109
ENSG00000154342,228194752,228248961,54209
ENSG00000104870,50010073,50029590,19517
ENSG00000250573,10261069,10261762,693
ENSG00000211833,22946696,22946758,62
ENSG00000211834,22947861,22947923,62
ENSG00000250074,10269519,10269855,336
ENSG00000211835,22948510,22948571,61
ENSG00000214597,145575878,145578574,2696
ENSG00000259303,32859034,32859477,443
ENSG00000151229,40148823,40499891,351068
ENSG00000110934,51674822,51718452,43630
ENSG00000250505,10286585,10287332,747
ENSG00000179088,103631369,103889749,258380
ENSG00000211836,22951276,22951335,59
ENSG00000076770,131503345,131623996,120651
ENSG00000251278,10293819,10294332,513
ENSG00000233732,33006369,33006826,457
ENSG00000211837,22951993,22952058,65
ENSG00000251338,10296087,10297203,1116
ENSG00000211838,22955216,22955284,68
ENSG00000271130,33020496,33020941,445
ENSG00000211839,22957581,22957640,59
ENSG00000250613,10412620,10413268,648
ENSG00000222000,98947852,98972468,24616
ENSG00000231048,31593388,31596173,2785
ENSG00000211840,22958476,22958531,55
ENSG00000187736,219940039,220025587,85548
ENSG00000248419,10480148,10480547,399
ENSG00000211841,22959479,22959541,62
ENSG00000174963,147103833,147124647,20814
ENSG00000204348,31937587,31940069,2482
ENSG00000249334,10686627,10699285,12658
ENSG00000211842,22961838,22961894,56
ENSG00000101680,6941743,7117813,176070
ENSG00000207716,11370451,11370545,94
ENSG00000233785,23791109,23801073,9964
ENSG00000239713,39436924,39483748,46824
ENSG00000211843,22962389,22962451,62
ENSG00000257882,44327965,44330147,2182
ENSG00000250896,11373599,11374516,917
ENSG00000202272,23800327,23800427,100
ENSG00000205457,33204156,33264727,60571
ENSG00000222182,11415675,11415784,109
ENSG00000211844,22962911,22962976,65
ENSG00000238103,23854761,23855459,698
ENSG00000251152,11470874,11479820,8946
ENSG00000211845,22963806,22963868,62
ENSG00000211846,22964896,22964949,53
ENSG00000201407,24151303,24151434,131
ENSG00000234230,24164342,24167771,3429
ENSG00000143761,228270361,228286912,16551
ENSG00000211847,22965872,22965937,65
ENSG00000249631,11627338,11815582,188244
ENSG00000264184,24304662,24304794,132
ENSG00000211848,22966642,22966703,61
ENSG00000160588,118097409,118123065,25656
ENSG00000223611,24328979,24331432,2453
ENSG00000252060,12107624,12107731,107
ENSG00000212497,12138728,12138836,108
ENSG00000144191,98962618,99015064,52446
ENSG00000211849,22968672,22968732,60
ENSG00000252546,12180979,12181086,107
ENSG00000199444,12199060,12199161,101
ENSG00000237273,12207239,12207730,491
ENSG00000211850,22970585,22970647,62
ENSG00000264746,24366926,24367023,97
ENSG00000088451,95226308,95248511,22203
ENSG00000212576,12217312,12217429,117
ENSG00000223731,24380878,24383541,2663
ENSG00000005381,56347217,56358296,11079
ENSG00000211851,22971215,22971276,61
ENSG00000242615,12252621,12254137,1516
ENSG00000225071,24447690,24448037,347
ENSG00000211852,22972735,22972797,62
ENSG00000248300,11742572,11771092,28520
ENSG00000211853,22974096,22974155,59
ENSG00000248262,11916291,11921312,5021
ENSG00000271698,145576888,145579269,2381
ENSG00000234773,12305830,12348582,42752
ENSG00000211854,22975629,22975687,58
ENSG00000266669,12014971,12015065,94
ENSG00000214124,24531567,24531804,237
ENSG00000261509,33261515,33264716,3201
ENSG00000251210,12225075,12252910,27835
ENSG00000211855,22976651,22976708,57
ENSG00000204843,74588281,74619214,30933
ENSG00000211856,22977587,22977643,56
ENSG00000077080,100240720,100254084,13364
ENSG00000212282,12314212,12314314,102
ENSG00000257793,44339179,44390746,51567
ENSG00000211857,22978325,22978390,65
ENSG00000249995,12640710,12642633,1923
ENSG00000213293,12370941,12371352,411
ENSG00000244411,71238313,71239210,897
ENSG00000148384,139323071,139334274,11203
ENSG00000034239,49623348,49647870,24522
ENSG00000249780,12641922,12642261,339
ENSG00000211858,22979951,22980007,56
ENSG00000250371,12860725,12866585,5860
ENSG00000211859,22981834,22981890,56
ENSG00000241233,71249071,71250253,1182
ENSG00000179388,22545172,22550815,5643
ENSG00000250098,12949198,12950294,1096
ENSG00000234750,12395152,12396000,848
ENSG00000211860,22982921,22982980,59
ENSG00000261280,12456763,12458752,1989
ENSG00000252235,13052966,13053035,69
ENSG00000168944,122680579,122759286,78707
ENSG00000211861,22984601,22984666,65
ENSG00000254997,71259466,71260653,1187
ENSG00000231361,12484423,12484545,122
ENSG00000205940,13335038,13340281,5243
ENSG00000211862,22985251,22985309,58
ENSG00000248406,12490560,12494501,3941
ENSG00000211863,22987424,22987483,59
ENSG00000234848,12561749,12571519,9770
ENSG00000101945,48553945,48567403,13458
ENSG00000204572,71276609,71279980,3371
ENSG00000211864,22987790,22987849,59
ENSG00000246095,13547699,13549425,1726
ENSG00000100298,39493229,39500072,6843
ENSG00000236483,12613489,12614920,1431
ENSG00000266240,13629489,13629581,92
ENSG00000211865,22988947,22989009,62
ENSG00000249148,13633444,13634223,779
ENSG00000232579,12615479,12615704,225
ENSG00000204571,71292901,71314399,21498
ENSG00000230321,12615719,12616790,1071
ENSG00000211866,22989394,22989456,62
ENSG00000126709,27992572,27998729,6157
ENSG00000242209,13649321,13650024,703
ENSG00000137857,45422131,45457774,35643
ENSG00000116745,68894505,68915642,21137
ENSG00000234003,12617063,12618844,1781
ENSG00000187811,71292956,71318487,25531
ENSG00000128534,117824086,117832878,8792
ENSG00000152749,95254157,95286899,32742
ENSG00000250634,13656803,13978699,321896
ENSG00000134020,22570769,22857513,286744
ENSG00000153902,35615417,35633355,17938
ENSG00000196387,133656424,133684130,27706
ENSG00000252092,13660251,13660337,86
ENSG00000250497,13779001,13783781,4780
ENSG00000198837,153901977,153919172,17195
ENSG00000224569,13978790,13979652,862
ENSG00000185803,145577795,145584932,7137
ENSG00000197658,62847412,62911693,64281
ENSG00000113805,74311719,74570291,258572
ENSG00000257874,31595140,31596204,1064
ENSG00000248698,14113592,14141676,28084
ENSG00000138172,105206543,105212660,6117
ENSG00000183960,19189946,19577138,387192
ENSG00000125285,95361886,95364389,2503
ENSG00000126953,100600649,100604184,3535
ENSG00000158483,71498556,71512282,13726
ENSG00000235686,12618943,12619077,134
ENSG00000251317,14127963,14128288,325
ENSG00000251679,14136560,14145216,8656
ENSG00000269560,12640582,12643787,3205
ENSG00000100307,39516172,39548679,32507
ENSG00000230310,12663411,12664458,1047
ENSG00000106013,117854727,117882785,28058
ENSG00000213290,12670385,12671919,1534
ENSG00000143793,228288427,228293112,4685
ENSG00000005339,3775055,3930727,155672
ENSG00000165973,20691117,21597227,906110
ENSG00000115750,9983483,10074545,91062
ENSG00000221343,12740548,12740599,51
ENSG00000144410,207804278,207834198,29920
ENSG00000178464,12754089,12754733,644
ENSG00000227686,31749636,31753979,4343
ENSG00000171433,48620154,48632064,11910
ENSG00000236979,31596159,31600249,4090
ENSG00000008853,22844930,22877712,32782
ENSG00000028203,95611522,95696566,85044
ENSG00000172239,43526369,43557860,31491
ENSG00000211867,22991016,22991078,62
ENSG00000102145,48644962,48652716,7754
ENSG00000249988,14166079,14244437,78358
ENSG00000184999,62905339,63137190,231851
ENSG00000132517,4935895,4955304,19409
ENSG00000251412,14384747,14410702,25955
ENSG00000248425,14392063,14395616,3553
ENSG00000265506,24535357,24535457,100
ENSG00000260822,24563633,24568583,4950
ENSG00000184276,71544246,71548756,4510
ENSG00000113504,1050499,1112150,61651
ENSG00000106392,7196565,7288282,91717
ENSG00000149573,118124118,118135251,11133
ENSG00000100311,39619364,39640756,21392
ENSG00000248360,14472089,14889793,417704
ENSG00000147996,70432004,70497240,65236
ENSG00000118263,207938861,208031991,93130
ENSG00000261701,72088522,72111145,22623
ENSG00000226222,24650374,24650718,344
ENSG00000010671,100604435,100641183,36748
ENSG00000236836,24668190,24676354,8164
ENSG00000236487,24700026,24700751,725
ENSG00000005379,56378592,56406152,27560
ENSG00000262511,68665134,68710869,45735
ENSG00000264224,24716239,24716308,69
ENSG00000251869,24762558,24762687,129
ENSG00000207135,27624430,27624536,106
ENSG00000260151,27632365,27633846,1481
ENSG00000232472,24806509,24807186,677
ENSG00000213770,27638646,27639219,573
ENSG00000172850,31755421,31765001,9580
ENSG00000214111,25047662,25048352,690
ENSG00000211868,22992573,22992627,54
ENSG00000024526,68939835,68962904,23069
ENSG00000152795,83343717,83351294,7577
ENSG00000237956,27667067,27667291,224
ENSG00000268945,12793507,12798093,4586
ENSG00000240439,25078768,25079056,288
ENSG00000173226,121488610,121553926,65316
ENSG00000211869,22993296,22993352,56
ENSG00000176812,25212498,25213324,826
ENSG00000254469,71576555,71639700,63145
ENSG00000267791,12799736,12800052,316
ENSG00000230500,28033715,28056723,23008
ENSG00000209702,12817263,12817332,69
ENSG00000130164,11200038,11244492,44454
ENSG00000211870,22994233,22994292,59
ENSG00000212075,25224487,25224577,90
ENSG00000267004,12836331,12836700,369
ENSG00000229310,25609470,25609925,455
ENSG00000267212,12895353,12895915,562
ENSG00000211871,22994620,22994685,65
ENSG00000228519,25663839,25664444,605
ENSG00000249428,2451700,2464668,12968
ENSG00000263800,12897942,12898006,64
ENSG00000211872,22995812,22995874,62
ENSG00000233403,25896456,25911661,15205
ENSG00000156427,170846660,170884627,37967
ENSG00000232446,26165891,26166398,507
ENSG00000214854,39656865,39657063,198
ENSG00000072110,69340860,69446157,105297
ENSG00000211873,22997487,22997546,59
ENSG00000232030,26178718,26180013,1295
ENSG00000211875,22999278,22999329,51
ENSG00000197586,25176329,25207365,31036
ENSG00000227511,26188169,26189030,861
ENSG00000211876,23000026,23000088,62
ENSG00000232644,26218159,26218764,605
ENSG00000153250,161128662,161350305,221643
ENSG00000120738,137801179,137805004,3825
ENSG00000182271,28643351,28661077,17726
ENSG00000145386,122737599,122745087,7488
ENSG00000253110,171200656,171201743,1087
ENSG00000198851,118175260,118186890,11630
ENSG00000251252,14507489,14508104,615
ENSG00000202449,14692334,14692456,122
ENSG00000185662,171212876,171221602,8726
ENSG00000162592,3668962,3688209,19247
ENSG00000247624,14911585,15003669,92084
ENSG00000125257,95672083,95953687,281604
ENSG00000142552,50030875,50050219,19344
ENSG00000215018,7395834,7575484,179650
ENSG00000249252,15006566,15429538,422972
ENSG00000129654,74132414,74137380,4966
ENSG00000165355,39866873,39901704,34831
ENSG00000188906,40590546,40763087,172541
ENSG00000199420,15095391,15095718,327
ENSG00000237171,26242020,26242775,755
ENSG00000251379,15359765,15421656,61891
ENSG00000228464,26363353,26364359,1006
ENSG00000120705,137841784,137878989,37205
ENSG00000249930,15494353,15494596,243
ENSG00000231388,26515053,26523720,8667
ENSG00000273133,15565321,15565876,555
ENSG00000140829,72127461,72146811,19350
ENSG00000214846,15732585,15733250,665
ENSG00000230265,26575792,26576447,655
ENSG00000248188,15744819,15745205,386
ENSG00000259849,26576454,26579169,2715
ENSG00000118997,196602427,196933536,331109
ENSG00000236160,26675408,26675624,216
ENSG00000251644,15866561,15867563,1002
ENSG00000063978,2463947,2627047,163100
ENSG00000206383,31767647,31773092,5445
ENSG00000251758,16010299,16010410,111
ENSG00000249234,16180562,16184743,4181
ENSG00000263327,16228286,16321763,93477
ENSG00000108582,28705923,28797007,91084
ENSG00000141576,74138534,74236454,97920
ENSG00000182325,145579091,145583036,3945
ENSG00000242358,16257931,16258178,247
ENSG00000019549,49830249,49834299,4050
ENSG00000137522,71639747,71708643,68896
ENSG00000257822,44410812,44414829,4017
ENSG00000065665,12171636,12211960,40324
ENSG00000142546,50058968,50093519,34551
ENSG00000215328,31773491,31775973,2482
ENSG00000148396,139334549,139372141,37592
ENSG00000257717,44566755,44567102,347
ENSG00000162104,4003388,4166186,162798
ENSG00000257806,44575673,44578193,2520
ENSG00000258143,44624078,44624636,558
ENSG00000248851,16309079,16309790,711
ENSG00000257615,44705731,44708833,3102
ENSG00000249506,16362309,16398946,36637
ENSG00000262447,26662628,26674035,11407
ENSG00000168906,85766288,85772403,6115
ENSG00000072803,171288553,171433877,145324
ENSG00000257189,44736661,44752520,15859
ENSG00000009780,28052490,28089633,37143
ENSG00000270467,33605231,33605684,453
ENSG00000212866,31785766,31788290,2524
ENSG00000160741,153920145,153931101,10956
ENSG00000248138,16402053,16513810,111757
ENSG00000271178,33629681,33630128,447
ENSG00000211877,23000889,23000948,59
ENSG00000213901,219940051,220035549,95498
ENSG00000168333,49966870,49988649,21779
ENSG00000182871,46825052,46933634,108582
ENSG00000211878,23001452,23001511,59
ENSG00000227567,31602375,31608169,5794
ENSG00000040933,99061317,99210853,149536
ENSG00000211879,23002445,23002508,63
ENSG00000162910,228294380,228297013,2633
ENSG00000259680,33647044,33647696,652
ENSG00000211880,23004502,23004562,60
ENSG00000226618,31627937,31645035,17098
ENSG00000080824,102547075,102606036,58961
ENSG00000179755,34256507,34257278,771
ENSG00000157111,72416119,72427644,11525
ENSG00000100316,39708887,39716394,7507
ENSG00000232367,32735310,32744079,8769
ENSG00000216938,26704143,26706072,1929
ENSG00000253206,50448945,50466973,18028
ENSG00000236683,26766146,26767207,1061
ENSG00000171241,46614466,46655538,41072
ENSG00000206380,31792647,31797799,5152
ENSG00000252491,26808259,26808403,144
ENSG00000242021,27061024,27194415,133391
ENSG00000034677,101269288,101348446,79158
ENSG00000033122,70034081,70617628,583547
ENSG00000178038,46710487,46735194,24707
ENSG00000163576,19920964,19988517,67553
ENSG00000185739,4239375,4292081,52706
ENSG00000094631,48659784,48683392,23608
ENSG00000173876,92828,120103,27275
ENSG00000235169,3689352,3692546,3194
ENSG00000169689,79976578,79981983,5405
ENSG00000171714,22214722,22304903,90181
ENSG00000167286,118209669,118213459,3790
ENSG00000251810,28072775,28072982,207
ENSG00000226016,28193138,28194091,953
ENSG00000138686,122745595,122791652,46057
ENSG00000233472,28288717,28338544,49827
ENSG00000131196,77155856,77289325,133469
ENSG00000138622,73612200,73661605,49405
ENSG00000130764,3696784,3713068,16284
ENSG00000226395,28293631,28293861,230
ENSG00000178498,57998405,58003587,5182
ENSG00000222374,28599782,28599888,106
ENSG00000237746,28627483,28629871,2388
ENSG00000249998,16974898,17075526,100628
ENSG00000251212,17063501,17063788,287
ENSG00000147481,50822349,51706678,884329
ENSG00000250819,17173380,17187682,14302
ENSG00000090447,4307187,4323076,15889
ENSG00000206780,17322369,17322505,136
ENSG00000115486,85771846,85788670,16824
ENSG00000215278,17429319,17429897,578
ENSG00000238536,17530560,17530663,103
ENSG00000249488,17553740,17554375,635
ENSG00000249502,17589090,17616194,27104
ENSG00000268276,62571,62753,182
ENSG00000183324,73735499,73852355,116856
ENSG00000112992,43602794,43707507,104713
ENSG00000222666,28696969,28697180,211
ENSG00000265011,17596691,17596959,268
ENSG00000237128,28721937,28784742,62805
ENSG00000118260,208394461,208468155,73694
ENSG00000235413,17913297,17914599,1302
ENSG00000224439,28725130,28726007,877
ENSG00000251048,18489685,18491131,1446
ENSG00000134873,96085858,96232013,146155
ENSG00000248238,19173958,19458617,284659
ENSG00000218739,37423631,37443336,19705
ENSG00000222705,28731504,28731825,321
ENSG00000180574,10658201,10675734,17533
ENSG00000251816,19183437,19183479,42
ENSG00000248515,19457059,19911315,454256
ENSG00000254635,28811581,28821672,10091
ENSG00000172354,100271154,100276797,5643
ENSG00000249441,19748802,19756214,7412
ENSG00000241612,19815372,19815854,482
ENSG00000252401,28941559,28941684,125
ENSG00000091664,22359643,22401049,41406
ENSG00000250611,20039183,20039595,412
ENSG00000231911,28947916,28948396,480
ENSG00000211881,23005092,23005151,59
ENSG00000186106,101521980,101572012,50032
ENSG00000207483,28956848,28956954,106
ENSG00000248228,20393812,20396479,2667
ENSG00000211882,23006567,23006625,58
ENSG00000236716,29032674,29033592,918
ENSG00000201001,29049628,29049732,104
ENSG00000211883,23008016,23008077,61
ENSG00000185933,105213144,105218645,5501
ENSG00000235824,29078117,29085042,6925
ENSG00000160654,118215059,118225876,10817
ENSG00000207732,20529898,20530007,109
ENSG00000152977,147111209,147228080,116871
ENSG00000211884,23009190,23009249,59
ENSG00000272995,20768431,20768995,564
ENSG00000157510,148651434,148721365,69931
ENSG00000211885,23011142,23011204,62
ENSG00000184408,119913722,120390385,476663
ENSG00000250243,21306165,21318108,11943
ENSG00000067445,54946895,54957864,10969
ENSG00000211886,23012122,23012183,61
ENSG00000250092,21583719,21615351,31632
ENSG00000137267,3153903,3157760,3857
ENSG00000267721,26684604,26690705,6101
ENSG00000232624,29081732,29097148,15416
ENSG00000183128,105232561,105238997,6436
ENSG00000211887,23013015,23013080,65
ENSG00000069329,46690054,46723430,33376
ENSG00000242768,21658134,21658492,358
ENSG00000271220,29095050,29102387,7337
ENSG00000248343,21699073,21720649,21576
ENSG00000211888,23013981,23014042,61
ENSG00000111196,10758612,10766222,7610
ENSG00000199402,29163322,29163436,114
ENSG00000250039,21950638,22331953,381315
ENSG00000229605,29187925,29188422,497
ENSG00000229164,23016447,23021097,4650
ENSG00000126353,38710021,38721724,11703
ENSG00000239001,22120606,22120712,106
ENSG00000266964,35629712,35634013,4301
ENSG00000238383,22351073,22351177,104
ENSG00000164325,72469022,72470970,1948
ENSG00000126603,4364762,4389598,24836
ENSG00000244538,22595819,22596073,254
ENSG00000183161,22644079,22647387,3308
ENSG00000116198,3728645,3773778,45133
ENSG00000196366,139377947,139380518,2571
ENSG00000263225,26691290,26692265,975
ENSG00000259003,23025534,23027939,2405
ENSG00000257944,31811419,31812274,855
ENSG00000262318,26691310,26695033,3723
ENSG00000257705,31811806,31812495,689
ENSG00000229387,22646860,22647369,509
ENSG00000251516,22609124,22612686,3562
ENSG00000112658,43139037,43149243,10206
ENSG00000196584,152341864,152373250,31386
ENSG00000066557,70610488,70671303,60815
ENSG00000237350,22728998,22729573,575
ENSG00000129562,23033805,23058175,24370
ENSG00000106025,120427376,120498456,71080
ENSG00000267556,26691378,26725182,33804
ENSG00000220903,86430,89304,2874
ENSG00000148400,139388896,139440314,51418
ENSG00000115816,37428755,37458856,30101
ENSG00000184494,31815830,31821077,5247
ENSG00000174226,101585116,101675643,90527
ENSG00000156642,73852355,73926475,74120
ENSG00000233094,129789,134090,4301
ENSG00000266831,15194,15277,83
ENSG00000134874,96230457,96296957,66500
ENSG00000148935,22647188,22834601,187413
ENSG00000265343,40456,40754,298
ENSG00000238524,122779,122874,95
ENSG00000228933,27193037,27417114,224077
ENSG00000217930,4381550,4405608,24058
ENSG00000233807,27236248,27236795,547
ENSG00000117758,28099694,28150963,51269
ENSG00000252486,27270236,27270352,116
ENSG00000262062,26694297,26700110,5813
ENSG00000235642,27445894,27446348,454
ENSG00000206422,7231123,7232045,922
ENSG00000269337,70646589,70648956,2367
ENSG00000136514,187086120,187089864,3744
ENSG00000224960,27478921,27481413,2492
ENSG00000100439,23067146,23081265,14119
ENSG00000223391,27535888,27535998,110
ENSG00000180787,4981543,4999669,18126
ENSG00000224597,29698331,29776674,78343
ENSG00000204344,31938868,31950598,11730
ENSG00000238247,27536001,27537876,1875
ENSG00000139610,51722227,51740463,18236
ENSG00000231315,27765013,27766908,1895
ENSG00000005469,86974997,87029111,54114
ENSG00000257936,44738928,44752551,13623
ENSG00000229731,27830002,27831019,1017
ENSG00000172969,75713481,75716371,2890
ENSG00000257278,44771954,44775602,3648
ENSG00000221946,35634154,35645204,11050
ENSG00000226199,27850292,27851321,1029
ENSG00000157005,187386694,187388187,1493
ENSG00000232834,27865705,27866056,351
ENSG00000263043,68711180,68739968,28788
ENSG00000134317,10085341,10142411,57070
ENSG00000228345,27872440,27873470,1030
ENSG00000233243,27882010,27882466,456
ENSG00000215033,47746962,47770871,23909
ENSG00000224589,27911465,27912176,711
ENSG00000263509,28395080,28395178,98
ENSG00000223742,28589649,28604512,14863
ENSG00000145293,83351715,83382244,30529
ENSG00000226436,28677182,28677586,404
ENSG00000201666,28942186,28942255,69
ENSG00000248837,22999174,23058485,59311
ENSG00000167840,5008836,5026411,17575
ENSG00000249645,23107125,23125110,17985
ENSG00000196917,123104824,123215390,110566
ENSG00000249547,23236248,23287196,50948
ENSG00000165379,42076773,42373752,296979
ENSG00000257774,44831766,44874729,42963
ENSG00000251220,23516563,23516907,344
ENSG00000126460,50083903,50094272,10369
ENSG00000250137,23562546,23770275,207729
ENSG00000259384,61994560,61996179,1619
ENSG00000251292,23724885,23735202,10317
ENSG00000182782,123185840,123187890,2050
ENSG00000249453,23781213,23784183,2970
ENSG00000152726,47894023,47949412,55389
ENSG00000222262,24422799,24422924,125
ENSG00000255398,123199303,123201439,2136
ENSG00000265001,24431455,24431523,68
ENSG00000207697,24521815,24521913,98
ENSG00000154277,41258430,41270472,12042
ENSG00000144566,19988571,20026667,38096
ENSG00000139629,51745031,51786651,41620
ENSG00000172889,139553308,139567130,13822
ENSG00000243005,24564818,24565084,266
ENSG00000249256,24659695,24659998,303
ENSG00000173137,145596790,145618457,21667
ENSG00000261121,24661479,24673191,11712
ENSG00000262667,68787834,68852251,64417
ENSG00000189139,44973545,44976482,2937
ENSG00000103426,4390252,4470495,80243
ENSG00000249242,83404323,83483510,79187
ENSG00000251638,24769671,24769953,282
ENSG00000248444,24773089,24774042,953
ENSG00000139726,123237321,123255611,18290
ENSG00000271172,25222025,25222535,510
ENSG00000196873,70856397,70914929,58532
ENSG00000264496,25355592,25355693,101
ENSG00000249320,25474139,25475437,1298
ENSG00000179476,45366498,45376460,9962
ENSG00000248608,25506619,25508297,1678
ENSG00000102580,96329393,96447243,117850
ENSG00000238632,25600186,25600247,61
ENSG00000060140,10771538,10826917,55379
ENSG00000248545,25610333,25621087,10754
ENSG00000138606,45459412,45493373,33961
ENSG00000228154,25624399,25625223,824
ENSG00000110344,118230300,118269926,39626
ENSG00000242640,25680472,25680642,170
ENSG00000126464,50094900,50129696,34796
ENSG00000228435,31608257,31610731,2474
ENSG00000249277,25687824,25688080,256
ENSG00000010810,111981535,112194655,213120
ENSG00000089327,35645633,35660786,15153
ENSG00000227124,75758794,75834734,75940
ENSG00000137496,71709587,71716761,7174
ENSG00000161888,11242196,11266484,24288
ENSG00000214029,133694740,133707059,12319
ENSG00000119888,47572297,47614740,42443
ENSG00000213246,56422539,56430454,7915
ENSG00000115649,220036619,220042828,6209
ENSG00000116754,70671365,70718735,47370
ENSG00000173482,7566780,8406859,840079
ENSG00000169692,139567595,139581875,14280
ENSG00000237994,28960167,28960685,518
ENSG00000201356,29000969,29001087,118
ENSG00000198168,22835345,22851845,16500
ENSG00000227393,29387118,29387962,844
ENSG00000072163,128395956,128439360,43404
ENSG00000100321,39745930,39781593,35663
ENSG00000164654,7606503,7648560,42057
ENSG00000264090,29592395,29592475,80
ENSG00000227592,30035277,30035998,721
ENSG00000270794,30227540,30228326,786
ENSG00000151292,122847793,122952739,104946
ENSG00000249860,57358750,57360488,1738
ENSG00000266257,30333202,30333295,93
ENSG00000107954,105253736,105352309,98573
ENSG00000206338,31818406,31967104,148698
ENSG00000143774,228327663,228336685,9022
ENSG00000178556,30635571,30635810,239
ENSG00000234154,32824726,32843224,18498
ENSG00000232368,30648415,30648942,527
ENSG00000229331,30689752,30690283,531
ENSG00000103855,73976307,74006859,30552
ENSG00000120889,22877646,22926692,49046
ENSG00000241886,30716324,30740049,23725
ENSG00000243055,30718115,30742291,24176
ENSG00000126458,50138549,50143458,4909
ENSG00000231542,30852740,30853417,677
ENSG00000235512,30872438,30872824,386
ENSG00000143570,153931575,153940188,8613
ENSG00000113013,137890571,137911133,20562
ENSG00000252903,31366309,31366414,105
ENSG00000222922,32120182,32120293,111
ENSG00000236285,32224019,32224855,836
ENSG00000263600,32601773,32601869,96
ENSG00000221348,32659591,32659676,85
ENSG00000236828,32773057,32774517,1460
ENSG00000238969,32866024,32866122,98
ENSG00000122952,58116989,58121036,4047
ENSG00000226781,33059512,33059838,326
ENSG00000122882,74889913,74928813,38900
ENSG00000147316,6264113,6501144,237031
ENSG00000144891,148415571,148460795,45224
ENSG00000255359,22868477,22881972,13495
ENSG00000215310,33429061,33430290,1229
ENSG00000137860,45544428,45568149,23721
ENSG00000102595,96453834,96705736,251902
ENSG00000233928,33744625,33960397,215772
ENSG00000251493,72740654,72744352,3698
ENSG00000185638,34165153,34165703,550
ENSG00000233571,34224842,34433654,208812
ENSG00000236072,34405839,34406581,742
ENSG00000165716,139607022,139618502,11480
ENSG00000070756,101698044,101735037,36993
ENSG00000117751,28157289,28178187,20898
ENSG00000109063,10531843,10560626,28783
ENSG00000197256,11274943,11308467,33524
ENSG00000100324,39795746,39833065,37319
ENSG00000187398,24518516,25104150,585634
ENSG00000262186,26721775,26734216,12441
ENSG00000183977,20021453,20053822,32369
ENSG00000204003,139632619,139642905,10286
ENSG00000145741,72794233,72801460,7227
ENSG00000122515,44788180,44809477,21297
ENSG00000169598,3773845,3801993,28148
ENSG00000262169,68855801,68888468,32667
ENSG00000185008,75955846,77699115,1743269
ENSG00000138741,122800182,122872909,72727
ENSG00000187922,139632619,139637808,5189
ENSG00000005471,87031013,87109751,78738
ENSG00000240771,58003963,58013162,9199
ENSG00000167272,121016567,121019201,2634
ENSG00000114166,20081515,20195896,114381
ENSG00000250050,25719704,25721367,1663
ENSG00000248133,25721377,25721652,275
ENSG00000118557,72146056,72210777,64721
ENSG00000251353,25721721,25722053,332
ENSG00000248654,25722138,25722678,540
ENSG00000268302,25207122,25207370,248
ENSG00000250541,25771888,25775199,3311
ENSG00000251009,25866503,25871172,4669
ENSG00000126461,50145382,50161899,16517
ENSG00000248452,26113487,26115461,1974
ENSG00000265627,26639012,26639112,100
ENSG00000147485,52232138,52722005,489867
ENSG00000200999,26703931,26704010,79
ENSG00000128268,39853349,39888199,34850
ENSG00000240005,26861428,26862221,793
ENSG00000171766,45653322,45694525,41203
ENSG00000091879,6357172,6420930,63758
ENSG00000228537,70866135,70866572,437
ENSG00000248340,26875183,26875971,788
ENSG00000251080,27135618,27141673,6055
ENSG00000187559,70917276,70920000,2724
ENSG00000100994,25228705,25278650,49945
ENSG00000205830,27209127,27220026,10899
ENSG00000249699,27219101,27283847,64746
ENSG00000222206,27224941,27225049,108
ENSG00000251325,27264128,27268876,4748
ENSG00000130783,123258874,123312075,53201
ENSG00000267206,139638463,139642980,4517
ENSG00000250858,27586767,27587766,999
ENSG00000072786,171469077,171615390,146313
ENSG00000251410,27969345,27986685,17340
ENSG00000250064,28437071,28601897,164826
ENSG00000118454,70726271,70820417,94146
ENSG00000243548,28712820,28713094,274
ENSG00000254873,118267810,118272610,4800
ENSG00000250927,28824866,28825833,967
ENSG00000154330,70943224,71145977,202753
ENSG00000185262,74261283,74267375,6092
ENSG00000250190,28998146,29016216,18070
ENSG00000255804,23102673,23103716,1043
ENSG00000264547,26782771,26941216,158445
ENSG00000249228,29048213,29050387,2174
ENSG00000248176,29119930,29204392,84462
ENSG00000271136,34535037,34535475,438
ENSG00000091651,46723555,46732306,8751
ENSG00000248338,29216020,29222784,6764
ENSG00000167283,118271869,118302211,30342
ENSG00000225384,34735557,34736109,552
ENSG00000173638,46913486,46964325,50839
ENSG00000251373,29408722,29409634,912
ENSG00000251113,29467323,29469472,2149
ENSG00000100335,39895437,39914137,18700
ENSG00000252303,29512257,29512359,102
ENSG00000249542,29750379,29751722,1343
ENSG00000015171,180405,300577,120172
ENSG00000212045,29751818,29751932,114
ENSG00000249564,29909281,29909413,132
ENSG00000204001,139648838,139652678,3840
ENSG00000244031,29964266,29965380,1114
ENSG00000071243,120590803,120617270,26467
ENSG00000256223,133707161,133736051,28890
ENSG00000248281,30008573,30009938,1365
ENSG00000181778,71151496,71155783,4287
ENSG00000262104,76304096,76304188,92
ENSG00000228760,31646291,31659974,13683
ENSG00000249678,30777879,30795592,17713
ENSG00000241343,100645812,100651105,5293
ENSG00000185352,96743093,97485671,742578
ENSG00000268552,28177085,28177255,170
ENSG00000250624,30886065,30886804,739
ENSG00000243719,32838712,32860827,22115
ENSG00000107957,105348285,105615301,267016
ENSG00000269679,77275812,77276057,245
ENSG00000177984,139654086,139660707,6621
ENSG00000129646,74270130,74303761,33631
ENSG00000177558,35715703,35719632,3929
ENSG00000145284,83550692,83720010,169318
ENSG00000165621,97637973,97646984,9011
ENSG00000164284,148724993,148734146,9153
ENSG00000071894,145618444,145634753,16309
ENSG00000268046,8336437,8337038,601
ENSG00000155189,6565878,6617184,51306
ENSG00000133627,152456834,152552463,95629
ENSG00000214360,171621176,171630456,9280
ENSG00000205363,74032141,74045088,12947
ENSG00000233210,31611188,31616243,5055
ENSG00000197568,70820488,70851022,30534
ENSG00000060138,10851683,10875911,24228
ENSG00000206418,8609443,8639379,29936
ENSG00000179454,45393522,45511525,118003
ENSG00000244187,139685807,139687709,1902
ENSG00000112659,43149913,43192325,42412
ENSG00000168246,171636644,171711075,74431
ENSG00000130775,28199055,28213196,14141
ENSG00000128272,39915700,39918691,2991
ENSG00000155463,23235731,23241007,5276
ENSG00000203877,84562985,84567234,4249
ENSG00000060069,77439801,77514510,74709
ENSG00000171004,131760044,132095423,335379
ENSG00000174358,1201710,1225232,23522
ENSG00000262246,4404543,4475706,71163
ENSG00000272896,139685831,139695047,9216
ENSG00000107242,71320575,71624092,303517
ENSG00000168300,52730140,52811735,81595
ENSG00000206378,31821363,31837218,15855
ENSG00000167139,74165949,74181555,15606
ENSG00000145088,121554030,121605373,51343
ENSG00000272998,28730486,28730593,107
ENSG00000198835,228337553,228347527,9974
ENSG00000072444,48001603,48055018,53415
ENSG00000164825,6728097,6735544,7447
ENSG00000174705,171752185,171881527,129342
ENSG00000203684,228351787,228353213,1426
ENSG00000139793,97873688,98046374,172686
ENSG00000164822,6782215,6783598,1383
ENSG00000233948,28870945,28891932,20987
ENSG00000181873,228353516,228369958,16442
ENSG00000108375,56429861,56494956,65095
ENSG00000258003,44835770,44898747,62977
ENSG00000213213,139690802,139702193,11391
ENSG00000164821,6793344,6795860,2516
ENSG00000126456,50162826,50169132,6306
ENSG00000169683,79981178,79989027,7849
ENSG00000144567,220040947,220050201,9254
ENSG00000257377,44907918,44922890,14972
ENSG00000258049,44934644,44939509,4865
ENSG00000206047,6835171,6837602,2431
ENSG00000129038,74218330,74244478,26148
ENSG00000257529,100645999,100667285,21286
ENSG00000105699,35739233,35758867,19634
ENSG00000262654,26800312,26824800,24488
ENSG00000257939,45030984,45041395,10411
ENSG00000162913,228391207,228401365,10158
ENSG00000266791,43404731,43404862,131
ENSG00000059573,97365696,97416463,50767
ENSG00000265036,43494180,43494273,93
ENSG00000255384,118303836,118305921,2085
ENSG00000264068,43547829,43548118,289
ENSG00000007312,62006100,62009714,3614
ENSG00000265958,43600420,43600700,280
ENSG00000258322,43774683,43774961,278
ENSG00000240247,6854288,6875778,21490
ENSG00000129204,5019733,5078329,58596
ENSG00000116761,70876901,70905534,28633
ENSG00000264593,43818325,43818617,292
ENSG00000257873,43912820,43913891,1071
ENSG00000258166,31612912,31644296,31384
ENSG00000265025,43918344,43918413,69
ENSG00000131467,40976402,40995774,19372
ENSG00000257775,43956274,43956914,640
ENSG00000187051,39925098,39928860,3762
ENSG00000264709,43958570,43958671,101
ENSG00000239839,6873391,6875823,2432
ENSG00000163406,121612936,121662949,50013
ENSG00000198718,45431411,45543634,112223
ENSG00000251182,31172766,31213297,40531
ENSG00000163930,52435029,52444366,9337
ENSG00000187866,71394964,71398609,3645
ENSG00000251434,31351906,31353347,1441
ENSG00000183570,47063608,47362368,298760
ENSG00000249882,31508288,31560443,52155
ENSG00000164816,6912831,6914256,1425
ENSG00000251129,31999019,32157028,158009
ENSG00000171763,45694529,45713617,19088
ENSG00000130561,234216462,234255701,39239
ENSG00000118640,85788685,85809154,20469
ENSG00000251329,32352660,32354842,2182
ENSG00000165059,71627469,71629039,1570
ENSG00000130158,11309971,11373157,63186
ENSG00000125249,98086476,98121382,34906
ENSG00000250076,33012570,33013368,798
ENSG00000125386,2626988,2734292,107304
ENSG00000215372,7213039,7243080,30041
ENSG00000249452,33239861,33240292,431
ENSG00000249766,33402160,33402301,141
ENSG00000248417,33435132,33439499,4367
ENSG00000230700,31615195,31620303,5108
ENSG00000265035,33538366,33538464,98
ENSG00000250954,33777969,34041515,263546
ENSG00000222864,35074448,35074575,127
ENSG00000164331,72848160,72861511,13351
ENSG00000177257,7272382,7274385,2003
ENSG00000165060,71650175,71715094,64919
ENSG00000251755,33786557,33786615,58
ENSG00000229347,35077044,35078091,1047
ENSG00000145882,148737570,148749216,11646
ENSG00000250723,33852213,33981558,129345
ENSG00000252411,35612290,35612390,100
ENSG00000153002,148508889,148577974,69085
ENSG00000177243,7286410,7287870,1460
ENSG00000230227,35644247,35645181,934
ENSG00000151151,59951278,60027694,76416
ENSG00000233663,35729028,35730059,1031
ENSG00000239983,33969796,33970148,352
ENSG00000271088,35759717,35762699,2982
ENSG00000100997,25275379,25371619,96240
ENSG00000248685,34122516,34271369,148853
ENSG00000233880,35779616,35780596,980
ENSG00000271519,35882975,35887748,4773
ENSG00000164363,1225470,1246304,20834
ENSG00000263814,34388376,34388459,83
ENSG00000206733,36040056,36040162,106
ENSG00000229384,36229213,36229752,539
ENSG00000250597,34659228,34671054,11826
ENSG00000157782,121078355,121105127,26772
ENSG00000226484,36383741,36458375,74634
ENSG00000106399,7676149,7758238,82089
ENSG00000178342,77623668,77660184,36516
ENSG00000238694,34967863,34967966,103
ENSG00000233921,36392908,36393298,390
ENSG00000207612,29833933,29834026,93
ENSG00000250416,35489434,35491372,1938
ENSG00000221729,36595470,36595565,95
ENSG00000212411,29864235,29864310,75
ENSG00000206665,35497520,35497625,105
ENSG00000249467,36737991,36738294,303
ENSG00000216035,29891193,29891275,82
ENSG00000248466,36066682,36067348,666
ENSG00000235510,36975986,36976212,226
ENSG00000225976,29986832,29987157,325
ENSG00000223723,36980269,36981498,1229
ENSG00000247193,36245738,36275842,30104
ENSG00000176160,56497528,56565745,68217
ENSG00000164871,7300206,7321196,20990
ENSG00000231069,37003596,37004166,570
ENSG00000222092,30000844,30000937,93
ENSG00000237936,30179961,30180396,435
ENSG00000251438,36312812,36394032,81220
ENSG00000243048,37061096,37061650,554
ENSG00000200887,30588498,30588602,104
ENSG00000248215,36498159,36643522,145363
ENSG00000230125,30590752,30591001,249
ENSG00000214071,37095924,37096474,550
ENSG00000251588,36507665,36510491,2826
ENSG00000233810,37150420,37151479,1059
ENSG00000261761,37003438,37022330,18892
ENSG00000168899,85811531,85820535,9004
ENSG00000065615,84569362,84677143,107781
ENSG00000259994,30591755,30594995,3240
ENSG00000247810,37080199,37127046,46847
ENSG00000250833,30642635,30646294,3659
ENSG00000196642,139702374,139735639,33265
ENSG00000122490,77662420,77711664,49244
ENSG00000264319,37243532,37243613,81
ENSG00000181585,46742823,46752376,9553
ENSG00000248936,37589709,37590497,788
ENSG00000070193,44303646,44389808,86162
ENSG00000207075,37701517,37701624,107
ENSG00000266414,44046140,44046195,55
ENSG00000257348,44153192,44153384,192
ENSG00000257565,44449947,44450193,246
ENSG00000137497,71713910,71791739,77829
ENSG00000257889,44499892,44500132,240
ENSG00000257311,44544030,44544362,332
ENSG00000268553,172036245,172036436,191
ENSG00000257305,44560986,44561298,312
ENSG00000257468,44588766,44589837,1071
ENSG00000187682,48687283,48688548,1265
ENSG00000198035,48189612,48237508,47896
ENSG00000257537,44811786,44811978,192
ENSG00000140836,72816784,73093597,276813
ENSG00000265274,44856602,44856882,280
ENSG00000214357,172068269,172118543,50274
ENSG00000081320,196998290,197041227,42937
ENSG00000102109,48689504,48694035,4531
ENSG00000196262,44836279,44864163,27884
ENSG00000050628,71318036,71513491,195455
ENSG00000197910,48247669,48252143,4474
ENSG00000177023,7327830,7332604,4774
ENSG00000120129,172195093,172198198,3105
ENSG00000146830,100277130,100287071,9941
ENSG00000127743,148750887,148783765,32878
ENSG00000085563,87133175,87342611,209436
ENSG00000257153,28730511,28730618,107
ENSG00000066379,30026676,30032686,6010
ENSG00000187082,7340026,7343922,3896
ENSG00000118058,118307205,118397539,90334
ENSG00000197445,73160536,73178346,17810
ENSG00000136560,161993419,162092732,99313
ENSG00000143578,153940010,153946839,6829
ENSG00000140795,46740891,46824319,83428
ENSG00000186599,7345191,7347115,1924
ENSG00000166920,45722727,45740959,18232
ENSG00000264253,26833262,26865915,32653
ENSG00000108587,28804380,28854610,50230
ENSG00000144401,208445355,208490652,45297
ENSG00000262464,26674233,26684545,10312
ENSG00000130787,123319000,123347507,28507
ENSG00000262091,26684670,26708716,24046
ENSG00000140153,102605840,102691184,85344
ENSG00000103035,74330673,74340186,9513
ENSG00000090612,133707570,133783698,76128
ENSG00000134343,26210829,26684835,474006
ENSG00000173535,22941868,22974950,33082
ENSG00000229006,28870844,28891821,20977
ENSG00000241621,30653339,30663315,9976
ENSG00000067221,74275547,74286963,11416
ENSG00000232434,139738867,139741797,2930
ENSG00000104154,45771809,45815005,43196
ENSG00000113719,172261278,172379688,118410
ENSG00000126768,48750730,48755426,4696
ENSG00000220997,30653996,30654077,81
ENSG00000054148,139743176,139745488,2312
ENSG00000168502,8705659,8832776,127117
ENSG00000239625,30654962,30655247,285
ENSG00000214434,30669103,30669991,888
ENSG00000235679,30672329,30672551,222
ENSG00000165390,48255253,48279200,23947
ENSG00000073584,38781214,38804760,23546
ENSG00000224473,30692126,30692705,579
ENSG00000258589,31616062,31622410,6348
ENSG00000185246,45553302,45585485,32183
ENSG00000155330,46830519,46865323,34804
ENSG00000213778,30806545,30807790,1245
ENSG00000244672,31620339,31623736,3397
ENSG00000158552,220059959,220074373,14414
ENSG00000228800,30842783,30843412,629
ENSG00000173530,22993101,23021543,28442
ENSG00000226742,77724561,77730822,6261
ENSG00000239744,30844532,30844833,301
ENSG00000230298,30865628,30869111,3483
ENSG00000230998,30944418,30946464,2046
ENSG00000161542,74305567,74380602,75035
ENSG00000234814,30960495,31006195,45700
ENSG00000168140,4421849,4433529,11680
ENSG00000132485,71528974,71546980,18006
ENSG00000233566,28911713,28912373,660
ENSG00000107960,105642300,105677963,35663
ENSG00000198129,7353368,7366833,13465
ENSG00000100346,39966758,40085742,118984
ENSG00000141759,77732867,77793949,61082
ENSG00000177943,139745395,139755249,9854
ENSG00000233831,28962690,28973114,10424
ENSG00000198471,187416047,187420345,4298
ENSG00000255251,7397150,7399972,2822
ENSG00000104689,23047965,23082639,34674
ENSG00000166123,46918290,46965209,46919
ENSG00000105698,35759881,35770724,10843
ENSG00000255378,7636113,7638935,2822
ENSG00000065150,98605912,98676551,70639
ENSG00000186572,7669242,7673238,3996
ENSG00000101003,25388363,25433264,44901
ENSG00000169550,26580580,26593780,13200
ENSG00000228804,187420101,187451637,31536
ENSG00000186562,7679488,7681411,1923
ENSG00000135502,58013310,58019934,6624
ENSG00000227639,29012010,29013037,1027
ENSG00000226832,29054011,29055116,1105
ENSG00000186579,7682694,7686575,3881
ENSG00000112761,112375275,112392171,16896
ENSG00000233618,29079695,29080630,935
ENSG00000176782,7693993,7698764,4771
ENSG00000226000,29141342,29142382,1040
ENSG00000119139,71736209,71870124,133915
ENSG00000106034,120628731,120937498,308767
ENSG00000169750,79989500,79992080,2580
ENSG00000234195,29274499,29275615,1116
ENSG00000178127,9102628,9134343,31715
ENSG00000137285,3224495,3231964,7469
ENSG00000206549,46753605,46854064,100459
ENSG00000165521,89078775,89259096,180321
ENSG00000227137,29323121,29399418,76297
ENSG00000103423,4475806,4506776,30970
ENSG00000261603,46761073,46777919,16846
ENSG00000263411,26687677,26687757,80
ENSG00000138411,197059094,197458416,399322
ENSG00000265756,26688623,26689881,1258
ENSG00000250364,29340988,29417550,76562
ENSG00000107223,139756571,139760738,4167
ENSG00000148942,26688566,26744974,56408
ENSG00000112996,44809027,44820530,11503
ENSG00000266062,26729129,26731068,1939
ENSG00000130173,11348178,11352619,4441
ENSG00000266234,26732259,26733815,1556
ENSG00000178287,7705398,7726389,20991
ENSG00000266080,26743941,26744511,570
ENSG00000225247,29364084,29365116,1032
ENSG00000188086,46783582,46854048,70466
ENSG00000147457,23101150,23119512,18362
ENSG00000235441,29384748,29408405,23657
ENSG00000172260,71861623,72748417,886794
ENSG00000129810,20202085,20227784,25699
ENSG00000198912,3805689,3816857,11168
ENSG00000104164,45879321,45908197,28876
ENSG00000163751,148583043,148614983,31940
ENSG00000206376,31837931,31855870,17939
ENSG00000178055,46871032,46875585,4553
ENSG00000223898,29392955,29424524,31569
ENSG00000117748,28218035,28241257,23222
ENSG00000267883,47183565,47190005,6440
ENSG00000108389,56566898,56595266,28368
ENSG00000268040,47347679,47352477,4798
ENSG00000196436,74411776,74425978,14202
ENSG00000113712,148871760,148931007,59247
ENSG00000176971,27015628,27018630,3002
ENSG00000196581,4714792,4852594,137802
ENSG00000113916,187439165,187463515,24350
ENSG00000160808,46899362,46923659,24297
ENSG00000144230,128403439,128410213,6774
ENSG00000229408,29424634,29431781,7147
ENSG00000164338,72861268,72877794,16526
ENSG00000121377,10954131,10955226,1095
ENSG00000121314,10958650,10959892,1242
ENSG00000121381,10961693,10962767,1074
ENSG00000140839,74442529,74455368,12839
ENSG00000129151,27062272,27149356,87084
ENSG00000130167,11406824,11437672,30848
ENSG00000127191,139776364,139821059,44695
ENSG00000142156,47401651,47424964,23313
ENSG00000044115,137946656,138270723,324067
ENSG00000162620,74491699,74663871,172172
ENSG00000231974,31659685,31665479,5794
ENSG00000164588,45259349,45696253,436904
ENSG00000154358,228395831,228566577,170746
ENSG00000111215,10977559,11324212,346653
ENSG00000234507,32858771,32871622,12851
ENSG00000237313,28911820,28912480,660
ENSG00000105968,44866390,44887682,21292
ENSG00000122873,60028818,60049346,20528
ENSG00000228977,29012143,29013170,1027
ENSG00000267127,77794346,77854968,60622
ENSG00000233687,29054126,29055231,1105
ENSG00000237284,29454148,29455412,1264
ENSG00000069345,46989299,47007699,18400
ENSG00000226931,29068534,29069806,1272
ENSG00000158571,54959394,55024967,65573
ENSG00000230855,29079818,29080591,773
ENSG00000196231,29141459,29142499,1040
ENSG00000204619,30034486,30038110,3624
ENSG00000077044,234263153,234380750,117597
ENSG00000112459,29274637,29275753,1116
ENSG00000126453,50168823,50177173,8350
ENSG00000130768,28261504,28285668,24164
ENSG00000112461,29323244,29399524,76280
ENSG00000168894,85822848,85824736,1888
ENSG00000130226,153584182,154685995,1101813
ENSG00000204692,29341124,29417657,76533
ENSG00000131697,5922871,6052533,129662
ENSG00000102103,48755195,48760420,5225
ENSG00000143543,153946745,153950164,3419
ENSG00000204690,29364201,29365233,1032
ENSG00000269295,71869331,71869642,311
ENSG00000164362,1253262,1295184,41922
ENSG00000254685,74663896,74699770,35874
ENSG00000153406,4511681,4545764,34083
ENSG00000204689,29384851,29408511,23660
ENSG00000263062,68898377,68954986,56609
ENSG00000010318,52444673,52457657,12984
ENSG00000105514,11432722,11456946,24224
ENSG00000138688,123073488,123283913,210425
ENSG00000168916,123972608,124084500,111892
ENSG00000072401,60094735,60130513,35778
ENSG00000159069,139834887,139839148,4261
ENSG00000261974,94695787,94706777,10990
ENSG00000219545,7680342,8043689,363347
ENSG00000206472,29393060,29424633,31573
ENSG00000265447,26771082,26772582,1500
ENSG00000135063,71939488,72007371,67883
ENSG00000140464,74287014,74340153,53139
ENSG00000263266,26794841,26795425,584
ENSG00000109881,27352374,27385415,33041
ENSG00000101546,77794358,77806397,12039
ENSG00000110917,121124672,121139667,14995
ENSG00000206471,29424743,29431890,7147
ENSG00000136709,128458596,128568761,110165
ENSG00000205592,40787197,40964632,177435
ENSG00000106415,8008425,8133902,125477
ENSG00000172425,118398187,118401912,3725
ENSG00000168884,2743375,2758103,14728
ENSG00000135324,84743475,84800600,57125
ENSG00000236561,29624456,29639844,15388
ENSG00000206470,29454259,29455523,1264
ENSG00000105518,11453452,11457194,3742
ENSG00000160801,46919236,46945287,26051
ENSG00000159239,74641304,74648718,7414
ENSG00000107282,72042446,72287222,244776
ENSG00000101745,9136226,9285983,149757
ENSG00000090863,74485856,74641012,155156
ENSG00000260170,45879549,45968512,88963
ENSG00000176919,139839698,139841426,1728
ENSG00000175970,121148238,121161443,13205
ENSG00000168890,85825671,85830319,4648
ENSG00000239532,37822983,37823460,477
ENSG00000249863,37869913,37871599,1686
ENSG00000227325,37962056,37962665,609
ENSG00000205213,27387508,27494322,106814
ENSG00000259030,74663919,75009666,345747
ENSG00000251332,37997115,37997824,709
ENSG00000050438,51785101,51902980,117879
ENSG00000249649,38008405,38008726,321
ENSG00000221495,38240234,38240317,83
ENSG00000101544,77866915,77905406,38491
ENSG00000251642,38288615,38289112,497
ENSG00000261946,94706846,94732679,25833
ENSG00000248227,38368535,38387380,18845
ENSG00000139990,69517598,69619867,102269
ENSG00000244731,31949801,31970458,20657
ENSG00000152767,98794816,99102027,307211
ENSG00000249534,38422283,38524801,102518
ENSG00000135315,84833960,84937353,103393
ENSG00000249667,38511388,38519677,8289
ENSG00000262258,94758423,94760761,2338
ENSG00000251635,38565624,38572292,6668
ENSG00000262340,94607217,94658686,51469
ENSG00000183513,99215773,99224978,9205
ENSG00000226404,31626644,31634001,7357
ENSG00000231160,38614322,38666504,52182
ENSG00000176797,7738726,7740186,1460
ENSG00000136011,103981051,104160505,179454
ENSG00000188647,72324438,72374875,50437
ENSG00000005448,74648805,74652882,4077
ENSG00000184925,139844003,139849949,5946
ENSG00000171711,7752151,7754233,2082
ENSG00000172059,10182976,10194963,11987
ENSG00000171208,47111614,47177908,66294
ENSG00000103415,4524691,4560348,35657
ENSG00000215356,7783859,7812271,28412
ENSG00000037241,172385732,172396774,11042
ENSG00000115446,99225042,99234978,9936
ENSG00000104679,23127633,23153792,26159
ENSG00000121318,10977916,10978957,1041
ENSG00000268955,8046158,8046331,173
ENSG00000128791,9334765,9402418,67653
ENSG00000137767,45923346,45983492,60146
ENSG00000231887,11033610,11036854,3244
ENSG00000100442,45584803,45604522,19719
ENSG00000212128,11060525,11062161,1636
ENSG00000204711,72435709,72521148,85439
ENSG00000198454,139863695,139866442,2747
ENSG00000182319,8175258,8244008,68750
ENSG00000163249,208576264,208626563,50299
ENSG00000134551,11081835,11084940,3105
ENSG00000143545,153954127,153958834,4707
ENSG00000170571,49692026,49739082,47056
ENSG00000253958,8559448,8561616,2168
ENSG00000146676,44915896,44924960,9064
ENSG00000017797,9475007,9538114,63107
ENSG00000010319,52467069,52479101,12032
ENSG00000147324,8640864,8751155,110291
ENSG00000064042,41361624,41702061,340437
ENSG00000149582,118401756,118417995,16239
ENSG00000003147,8152814,8302317,149503
ENSG00000122971,121163538,121177811,14273
ENSG00000163754,148709128,148745419,36291
ENSG00000172336,100303676,100305118,1442
ENSG00000116783,74663947,75010112,346165
ENSG00000228177,31665567,31668042,2475
ENSG00000074935,112391980,112408732,16752
ENSG00000107317,139871956,139879887,7931
ENSG00000138286,74927924,75004262,76338
ENSG00000165072,72658497,72841886,183389
ENSG00000105697,35771619,35776046,4427
ENSG00000130427,100318423,100321323,2900
ENSG00000261844,94646212,94646931,719
ENSG00000126457,50179043,50192286,13243
ENSG00000263346,94745023,94745697,674
ENSG00000212127,11090005,11324172,234167
ENSG00000262799,94770647,94771621,974
ENSG00000263291,94773581,94774736,1155
ENSG00000261874,94782587,94784110,1523
ENSG00000161204,183903811,183911800,7989
ENSG00000183401,11455360,11465620,10260
ENSG00000154370,228581374,228594541,13167
ENSG00000139797,98828039,98829519,1480
ENSG00000101004,25433341,25566153,132812
ENSG00000263465,94800157,94801323,1166
ENSG00000136286,45002261,45018697,16436
ENSG00000104626,8859657,8974256,114599
ENSG00000212126,11138512,11139511,999
ENSG00000151917,56819773,56892140,72367
ENSG00000255837,11149094,11150474,1380
ENSG00000267270,77905807,77936315,30508
ENSG00000223932,31668499,31673553,5054
ENSG00000212124,11174218,11175219,1001
ENSG00000169188,55026790,55035490,8700
ENSG00000184154,71791382,71821828,30446
ENSG00000256436,11182986,11184006,1020
ENSG00000268301,11187087,11187275,188
ENSG00000226761,11213964,11214893,929
ENSG00000262170,68969494,68998376,28882
ENSG00000255374,11243886,11244912,1026
ENSG00000256188,11285557,11287243,1686
ENSG00000178184,77915115,78005429,90314
ENSG00000214402,139876356,139880862,4506
ENSG00000186136,11338599,11339543,944
ENSG00000089486,4560676,4588829,28153
ENSG00000157837,121200313,121342174,141861
ENSG00000119977,97423158,97453900,30742
ENSG00000262352,11103,15928,4825
ENSG00000263305,14195,16898,2703
ENSG00000105695,35783028,35804707,21679
ENSG00000262181,45004,45556,552
ENSG00000148362,139886870,139888436,1566
ENSG00000262081,80140,88570,8430
ENSG00000113732,172410760,172462448,51688
ENSG00000198887,72873937,72969804,95867
ENSG00000257421,31670223,31701614,31391
ENSG00000263006,109065,122219,13154
ENSG00000263884,268148,270278,2130
ENSG00000183111,148931510,149014531,83021
ENSG00000264514,316737,319165,2428
ENSG00000264433,316740,317366,626
ENSG00000162931,228595641,228604562,8921
ENSG00000007314,62015914,62050278,34364
ENSG00000102572,99102455,99230194,127739
ENSG00000170191,25593571,25604811,11240
ENSG00000265477,423744,424416,672
ENSG00000259752,47425693,47426320,627
ENSG00000169855,78646390,79816965,1170575
ENSG00000264265,508568,515294,6726
ENSG00000169583,139889087,139891255,2168
ENSG00000162621,74935562,74978298,42736
ENSG00000081177,69658228,69709075,50847
ENSG00000142173,47518011,47552763,34752
ENSG00000215020,48255279,48279199,23920
ENSG00000232960,31672506,31677613,5107
ENSG00000133028,10583654,10601692,18038
ENSG00000130684,25654851,25677477,22626
ENSG00000205832,4606491,4650715,44224
ENSG00000148943,27516123,27528320,12197
ENSG00000135454,58017193,58027138,9945
ENSG00000164463,172483355,172566291,82936
ENSG00000241607,37300776,37301321,545
ENSG00000165388,48355024,48373866,18842
ENSG00000219186,37351274,37351801,527
ENSG00000178965,75033795,75139422,105627
ENSG00000234355,37364563,37365113,550
ENSG00000119138,72999503,73029540,30037
ENSG00000174678,37400330,37404515,4185
ENSG00000158156,28285973,28294607,8634
ENSG00000206983,37729362,37729468,106
ENSG00000231488,31636901,31653368,16467
ENSG00000259977,37765400,37808658,43258
ENSG00000108387,56597611,56618179,20568
ENSG00000168148,228612546,228613026,480
ENSG00000224339,37805137,37806028,891
ENSG00000175170,25744102,25848861,104759
ENSG00000129636,47188298,47498060,309762
ENSG00000229674,37853597,37854043,446
ENSG00000181218,228645065,228645560,495
ENSG00000153443,4658884,4665028,6144
ENSG00000221466,37883148,37883239,91
ENSG00000226679,38080644,38082920,2276
ENSG00000204618,30038043,30043664,5621
ENSG00000252050,38167365,38167494,129
ENSG00000227988,38254622,38255148,526
ENSG00000206466,29523204,29600766,77562
ENSG00000196890,228645808,228646259,451
ENSG00000170222,10600911,10614550,13639
ENSG00000232370,38338468,38339166,698
ENSG00000087266,2794750,2842825,48075
ENSG00000229735,38344005,38344517,512
ENSG00000197870,11418857,11422739,3882
ENSG00000233007,38391176,38393427,2251
ENSG00000232962,32894248,32899682,5434
ENSG00000238606,38467468,38467529,61
ENSG00000168159,228674762,228683467,8705
ENSG00000235806,38629584,38658911,29327
ENSG00000238123,38660821,38663136,2315
ENSG00000207122,38940433,38940538,105
ENSG00000224610,39085356,39159040,73684
ENSG00000071073,99235569,99347589,112020
ENSG00000235304,39164210,39186616,22406
ENSG00000155465,23242431,23299029,56598
ENSG00000236747,39226539,39251028,24489
ENSG00000234191,39260506,39294078,33572
ENSG00000114854,52485118,52488086,2968
ENSG00000149531,29611857,29634010,22153
ENSG00000203778,112408802,112423993,15191
ENSG00000263730,39520470,39520575,105
ENSG00000264618,39645780,39646077,297
ENSG00000258543,31673372,31679720,6348
ENSG00000177954,153963235,153964626,1391
ENSG00000187790,45605143,45670093,64950
ENSG00000228232,39646386,39647390,1004
ENSG00000270759,39650834,39651158,324
ENSG00000261435,39696790,39707612,10822
ENSG00000176697,27676440,27743605,67165
ENSG00000116574,228870824,228882416,11592
ENSG00000263972,39696815,39696867,52
ENSG00000205795,10196907,10221071,24164
ENSG00000240433,31677649,31680816,3167
ENSG00000187824,10602332,10633633,31301
ENSG00000266733,28884130,28890511,6381
ENSG00000177800,229385383,229387557,2174
ENSG00000088386,99336055,99404908,68853
ENSG00000228883,31683954,31691310,7356
ENSG00000147804,145635126,145642279,7153
ENSG00000116791,75171170,75199092,27922
ENSG00000233502,10223908,10226228,2320
ENSG00000115657,220074490,220083712,9222
ENSG00000169738,79993012,79995608,2596
ENSG00000176170,74372665,74383941,11276
ENSG00000168118,229406822,229441641,34819
ENSG00000158161,28296855,28415207,118352
ENSG00000114993,74652963,74669549,16586
ENSG00000159289,74362198,74374891,12693
ENSG00000224420,50191921,50193832,1911
ENSG00000234669,29639864,29658187,18323
ENSG00000105520,11466062,11476374,10312
ENSG00000171848,10262455,10271545,9090
ENSG00000224383,62075711,62081664,5953
ENSG00000215547,29845467,29847435,1968
ENSG00000213029,229440129,229441248,1119
ENSG00000215545,29891015,29896388,5373
ENSG00000012124,35810164,35838258,28094
ENSG00000214047,39724678,39725142,464
ENSG00000163251,208627310,208634287,6977
ENSG00000223486,39868529,39871435,2906
ENSG00000131068,29956421,29961726,5305
ENSG00000236393,40122170,40146973,24803
ENSG00000166159,1929433,1945918,16485
ENSG00000151789,21459915,22414812,954897
ENSG00000238920,40144349,40144452,103
ENSG00000154429,229456758,229479041,22283
ENSG00000214045,40218436,40219979,1543
ENSG00000206677,40352092,40352192,100
ENSG00000235685,40374147,40374760,613
ENSG00000180483,29964967,29978406,13439
ENSG00000154845,9546789,9615238,68449
ENSG00000238730,40394754,40394815,61
ENSG00000107618,48381487,48390991,9504
ENSG00000238205,40482836,40483112,276
ENSG00000234636,40594652,40597950,3298
ENSG00000270791,40617736,40618303,567
ENSG00000214031,40619357,40620523,1166
ENSG00000158578,55035488,55057497,22009
ENSG00000237661,40691097,40691815,718
ENSG00000213551,74943120,75008620,65500
ENSG00000010322,52489134,52527087,37953
ENSG00000238222,40693738,40695258,1520
ENSG00000178385,208693027,208890284,197257
ENSG00000232801,40749900,40750790,890
ENSG00000268537,46927699,46930171,2472
ENSG00000189145,40767237,40767644,407
ENSG00000162623,75198836,75232362,33526
ENSG00000216866,40794198,40795117,919
ENSG00000237931,40936252,40937003,751
ENSG00000269941,41092886,41093536,650
ENSG00000102858,4666494,4740975,74481
ENSG00000143632,229566992,229569845,2853
ENSG00000223714,41134992,41136031,1039
ENSG00000199564,41152051,41152169,118
ENSG00000238426,41175741,41175842,101
ENSG00000102393,100652791,100662913,10122
ENSG00000226641,41181854,41182364,510
ENSG00000122584,8473585,8792593,319008
ENSG00000264573,41204835,41205129,294
ENSG00000229698,29687514,29703210,15696
ENSG00000225238,41331517,41331906,389
ENSG00000160799,46963216,47023500,60284
ENSG00000080823,102690837,102771537,80700
ENSG00000169403,28473677,28520447,46770
ENSG00000168116,56911347,56920023,8676
ENSG00000180822,3231637,3303607,71970
ENSG00000189043,10971578,10979883,8305
ENSG00000108064,60144782,60158981,14199
ENSG00000167178,74392652,74430881,38229
ENSG00000176390,29096406,29151794,55388
ENSG00000162624,75594119,75627218,33099
ENSG00000262305,69004901,69022788,17887
ENSG00000232941,52730143,52730969,826
ENSG00000126698,28525967,28559536,33569
ENSG00000065613,105726959,105788991,62032
ENSG00000151065,2055220,2113701,58481
ENSG00000182247,23244511,23633284,388773
ENSG00000134013,23154702,23282841,128139
ENSG00000204548,29992648,30000641,7993
ENSG00000230657,11460017,11463369,3352
ENSG00000160948,145649000,145653931,4931
ENSG00000180424,30028322,30038060,9738
ENSG00000143552,153965161,154127592,162431
ENSG00000169169,50194155,50216988,22833
ENSG00000215306,23286463,23291750,5287
ENSG00000180383,30053309,30064560,11251
ENSG00000251655,11504757,11548500,43743
ENSG00000069424,6051526,6161253,109727
ENSG00000122870,60272900,60591195,318295
ENSG00000088320,30063096,30072708,9612
ENSG00000069248,229577045,229644103,67058
ENSG00000112200,56951642,57035105,83463
ENSG00000107331,139901686,139923367,21681
ENSG00000168411,74655292,74700779,45487
ENSG00000147488,53023399,53373519,350120
ENSG00000112769,112429963,112576141,146178
ENSG00000121335,11544476,11653975,109499
ENSG00000049656,1317859,1345214,27355
ENSG00000172590,23299088,23304246,5158
ENSG00000137872,47476298,48066420,590122
ENSG00000102893,47495034,47735434,240400
ENSG00000176177,40139049,40289868,150819
ENSG00000168101,4743695,4745860,2165
ENSG00000118096,118415243,118443685,28442
ENSG00000105784,87256864,87461611,204747
ENSG00000197217,23243296,23315208,71912
ENSG00000233033,41379289,41381589,2300
ENSG00000137968,75667816,76076801,408985
ENSG00000212207,41430176,41430282,106
ENSG00000095002,47630108,47789450,159342
ENSG00000115233,162164549,162268228,103679
ENSG00000265741,41496727,41497012,285
ENSG00000217624,41535013,41535747,734
ENSG00000168404,74705753,74734858,29105
ENSG00000138674,83739814,83822319,82505
ENSG00000242559,41542424,41542719,295
ENSG00000145103,121706170,121741051,34881
ENSG00000160282,47556176,47575481,19305
ENSG00000229822,41607475,41607861,386
ENSG00000237875,41649445,41649503,58
ENSG00000251807,41778507,41778602,95
ENSG00000224552,31694219,31710687,16468
ENSG00000233103,41907136,41914089,6953
ENSG00000155846,149109861,149234585,124724
ENSG00000228847,41958007,41958426,419
ENSG00000212560,41998678,41998783,105
ENSG00000228780,42009764,42009997,233
ENSG00000206896,42033532,42033638,106
ENSG00000100351,40297086,40369725,72639
ENSG00000231772,42111712,42558636,446924
ENSG00000102055,42636722,42637330,608
ENSG00000270280,42859423,42859645,222
ENSG00000126945,100663283,100669121,5838
ENSG00000224294,43036243,43085847,49604
ENSG00000237206,43137374,43138907,1533
ENSG00000231750,43266914,43267808,894
ENSG00000236276,43808978,43828866,19888
ENSG00000214019,43888578,43890167,1589
ENSG00000071794,148747914,148804341,56427
ENSG00000198414,44143162,44145492,2330
ENSG00000268217,72894203,72896845,2642
ENSG00000214018,44168560,44169722,1162
ENSG00000002745,120965421,120981158,15737
ENSG00000200702,44260849,44260950,101
ENSG00000238269,55101496,55105342,3846
ENSG00000224054,44325937,44328201,2264
ENSG00000103089,74746853,74808729,61876
ENSG00000215035,44335273,44336668,1395
ENSG00000118231,208986331,208989225,2894
ENSG00000233670,10725792,10741762,15970
ENSG00000252120,44436600,44436684,84
ENSG00000256825,133707570,133778955,71385
ENSG00000233543,44492938,44494478,1540
ENSG00000139083,11802788,12048336,245548
ENSG00000163254,208992861,208994554,1693
ENSG00000229168,44508375,44508965,590
ENSG00000234068,55115441,55119275,3834
ENSG00000214016,44600333,44601210,877
ENSG00000196440,100673275,100788446,115171
ENSG00000242065,44632021,44632307,286
ENSG00000252113,44744751,44744811,60
ENSG00000106443,11013499,11209250,195751
ENSG00000182187,209007297,209010892,3595
ENSG00000229491,45042496,45193162,150666
ENSG00000215902,28527013,28527152,139
ENSG00000269804,28527070,28527419,349
ENSG00000196937,120988905,121036418,47513
ENSG00000160796,47021173,47051193,30020
ENSG00000168582,209025464,209028300,2836
ENSG00000151883,49961733,50142356,180623
ENSG00000168883,85829979,85876403,46424
ENSG00000130770,28562620,28573417,10797
ENSG00000121621,28042167,28129855,87688
ENSG00000101294,30102231,30157370,55139
ENSG00000133477,40390953,40439533,48580
ENSG00000112837,85397069,85474237,77168
ENSG00000160949,145654165,145669827,15662
ENSG00000135776,229652329,229694442,42113
ENSG00000108622,62079954,62097994,18040
ENSG00000188674,209030067,209054797,24730
ENSG00000088387,99445741,99738879,293138
ENSG00000188803,11144580,11467380,322800
ENSG00000149357,71796941,71814433,17492
ENSG00000168461,9708162,9862548,154386
ENSG00000130766,28586038,28609002,22964
ENSG00000196711,53446597,53478067,31470
ENSG00000100626,69725994,69821183,95189
ENSG00000222174,586517,586850,333
ENSG00000168096,4746513,4784379,37866
ENSG00000103091,74907468,75034071,126603
ENSG00000239158,603166,603258,92
ENSG00000266456,650229,652843,2614
ENSG00000263727,653985,657259,3274
ENSG00000265490,706523,707648,1125
ENSG00000266171,735746,737459,1713
ENSG00000264635,738058,739662,1604
ENSG00000264339,738058,739444,1386
ENSG00000206687,797990,798136,146
ENSG00000273355,813275,813757,482
ENSG00000266575,832239,832470,231
ENSG00000264179,856527,857046,519
ENSG00000262261,69477955,69510579,32624
ENSG00000265671,894436,907681,13245
ENSG00000237782,45240772,45241325,553
ENSG00000265179,902767,906668,3901
ENSG00000229563,45364633,45489447,124814
ENSG00000255748,133787246,133787772,526
ENSG00000259837,926084,927994,1910
ENSG00000272461,962593,976884,14291
ENSG00000169519,28129795,28355054,225259
ENSG00000214282,45491537,45492978,1441
ENSG00000173928,11485361,11487627,2266
ENSG00000263551,976590,1174824,198234
ENSG00000204915,45590241,45591177,936
ENSG00000227059,133794898,133812681,17783
ENSG00000270069,45604639,45629677,25038
ENSG00000168454,9885763,9889272,3509
ENSG00000087274,2845584,2931803,86219
ENSG00000207870,45605585,45605694,109
ENSG00000263505,1159199,1160405,1206
ENSG00000135801,229728858,229761794,32936
ENSG00000106278,121513143,121702090,188947
ENSG00000266251,1176791,1177013,222
ENSG00000095139,118443105,118473748,30643
ENSG00000170142,23847394,23932807,85413
ENSG00000233095,29791438,29795610,4172
ENSG00000182180,75006510,75012451,5941
ENSG00000132204,1254384,1408345,153961
ENSG00000138413,209100951,209130798,29847
ENSG00000187266,11488236,11495018,6782
ENSG00000160284,47581062,47604390,23328
ENSG00000023287,53535016,53658403,123387
ENSG00000180539,139921916,139931234,9318
ENSG00000182255,30031288,30038570,7282
ENSG00000180549,139924626,139927462,2836
ENSG00000135318,86159809,86205500,45691
ENSG00000131808,30252563,30256808,4245
ENSG00000249054,67607,69138,1531
ENSG00000135763,229761981,229795946,33965
ENSG00000113734,172571445,172591390,19945
ENSG00000100354,40440821,40731812,290991
ENSG00000146839,100331249,100395419,64170
ENSG00000110200,71817424,71823826,6402
ENSG00000199197,1323795,1324086,291
ENSG00000263396,1357652,1357943,291
ENSG00000238823,73185,73322,137
ENSG00000176208,29158988,29222887,63899
ENSG00000265417,1362446,1363874,1428
ENSG00000130772,28655513,28662476,6963
ENSG00000226210,73725,91218,17493
ENSG00000107281,139933922,139940655,6733
ENSG00000266602,1509184,1647098,137914
ENSG00000152219,30344598,30359774,15176
ENSG00000266450,1655178,1779956,124778
ENSG00000264080,1780330,1782065,1735
ENSG00000101558,9913999,9960018,46019
ENSG00000197885,23933151,23988082,54931
ENSG00000263745,1883525,2240847,357322
ENSG00000126266,35842445,35843367,922
ENSG00000117054,76190036,76253260,63224
ENSG00000121380,12202778,12364018,161240
ENSG00000196872,99410309,99552722,142413
ENSG00000185897,35849362,35851387,2025
ENSG00000264189,1927728,1929095,1367
ENSG00000257782,31697638,31859776,162138
ENSG00000238575,2555357,2555491,134
ENSG00000266783,2561171,2562219,1048
ENSG00000264150,2568391,2569121,730
ENSG00000214944,72921983,73237818,315835
ENSG00000066382,30406040,30608419,202379
ENSG00000126251,35861831,35863855,2024
ENSG00000235422,2593673,2594912,1239
ENSG00000239741,31714135,31725073,10938
ENSG00000202224,2621089,2621200,111
ENSG00000204138,28696114,28826881,130767
ENSG00000200875,2649760,2649866,106
ENSG00000248540,74418256,74421619,3363
ENSG00000266405,2652169,2655394,3225
ENSG00000132915,149237519,149324356,86837
ENSG00000139722,123349882,123380991,31109
ENSG00000266049,2688562,2833063,144501
ENSG00000126262,35934809,35942669,7860
ENSG00000143641,230193536,230417870,224334
ENSG00000238425,2774872,2774961,89
ENSG00000207034,2778939,2779055,116
ENSG00000272625,2920964,2921683,719
ENSG00000263606,2945548,2946888,1340
ENSG00000182518,55169535,55187743,18208
ENSG00000129009,74466012,74469213,3201
ENSG00000126947,100805514,100809683,4169
ENSG00000265907,2948236,2960754,12518
ENSG00000266397,2967016,2985408,18392
ENSG00000188508,35978226,35986460,8234
ENSG00000157227,23305766,23318236,12470
ENSG00000264186,2990650,2991076,426
ENSG00000252258,3025432,3025564,132
ENSG00000268332,6100630,6101399,769
ENSG00000252353,3093566,3093627,61
ENSG00000054179,139942550,139948497,5947
ENSG00000265399,3190395,3247275,56880
ENSG00000272688,3246399,3247084,685
ENSG00000264235,3255434,3261848,6414
ENSG00000205517,11495017,11530018,35001
ENSG00000243003,31656815,31667754,10939
ENSG00000266578,3284143,3327290,43147
ENSG00000259256,3347774,3350557,2783
ENSG00000165443,60936350,61007534,71184
ENSG00000223980,29897513,29902154,4641
ENSG00000240364,3377914,3378245,331
ENSG00000145012,187871072,188608460,737388
ENSG00000198960,100870110,100872991,2881
ENSG00000265243,3394887,3395310,423
ENSG00000166246,4784273,4799397,15124
ENSG00000136280,45039074,45116068,76994
ENSG00000243720,3406340,3406816,476
ENSG00000259101,31656856,31667868,11012
ENSG00000083067,73143979,74061820,917841
ENSG00000263460,3415143,3415578,435
ENSG00000238863,3424257,3424347,90
ENSG00000075303,87462883,87505672,42789
ENSG00000147454,23386318,23432976,46658
ENSG00000177614,230457392,230561475,104083
ENSG00000186193,139956581,139965040,8459
ENSG00000266835,3466248,3478976,12728
ENSG00000237482,31662286,31663762,1476
ENSG00000003509,37458774,37480546,21772
ENSG00000183729,53850991,53853677,2686
ENSG00000241223,3571214,3571509,295
ENSG00000238445,3572938,3573041,103
ENSG00000239900,40742507,40786467,43960
ENSG00000266373,3580167,3580752,585
ENSG00000234443,31665306,31667754,2448
ENSG00000137266,3269196,3457256,188060
ENSG00000177337,3593730,3598350,4620
ENSG00000170959,30851916,31391357,539441
ENSG00000082556,54138284,54164257,25973
ENSG00000174748,23958036,23965183,7147
ENSG00000256045,55207824,55208944,1120
ENSG00000261932,69966745,70078950,112205
ENSG00000258635,31714176,31725187,11011
ENSG00000103199,4798240,4817625,19385
ENSG00000197355,139971953,139978991,7038
ENSG00000236210,31719609,31721085,1476
ENSG00000158639,55246788,55250541,3753
ENSG00000188467,48413169,48434869,21700
ENSG00000085982,234384166,234475428,91262
ENSG00000224393,31668544,31676660,8116
ENSG00000204616,30070674,30080883,10209
ENSG00000225993,31722629,31725073,2444
ENSG00000160285,47608055,47648738,40683
ENSG00000268085,23412287,23420651,8364
ENSG00000007174,11501748,11873065,371317
ENSG00000215298,23430157,23432974,2817
ENSG00000102401,100877787,100882833,5046
ENSG00000135775,230778235,230829728,51493
ENSG00000167034,23536206,23540440,4234
ENSG00000268996,139980807,139981121,314
ENSG00000262001,3602998,3608334,5336
ENSG00000266401,3653410,3656282,2872
ENSG00000266513,3770017,3771430,1413
ENSG00000238790,3811317,3811420,103
ENSG00000263724,3878180,3897069,18889
ENSG00000180053,23559964,23564111,4147
ENSG00000228090,31725863,31733980,8117
ENSG00000116254,6161853,6240183,78330
ENSG00000207278,3894699,3894805,106
ENSG00000263878,3962353,4013943,51590
ENSG00000140623,4827670,4838522,10852
ENSG00000112208,57037124,57054631,17507
ENSG00000159167,23699428,23712320,12892
ENSG00000126467,50243010,50266587,23577
ENSG00000250933,3977649,3978615,966
ENSG00000005108,11409984,11871824,461840
ENSG00000261520,4264602,4295405,30803
ENSG00000215615,38792,97421,58629
ENSG00000136535,162272605,162282381,9776
ENSG00000134588,132158659,132231137,72478
ENSG00000010327,52529354,52558511,29157
ENSG00000204279,55284848,55291279,6431
ENSG00000146006,138204612,138211057,6445
ENSG00000129534,45672393,45722743,50350
ENSG00000183434,132350697,132352376,1679
ENSG00000135506,58087738,58115340,27602
ENSG00000177239,139981379,140003635,22256
ENSG00000112210,57053607,57087078,33471
ENSG00000137955,76251879,76260764,8885
ENSG00000135744,230838269,230850043,11774
ENSG00000076716,132434131,132549518,115387
ENSG00000150967,123405498,123466196,60698
ENSG00000134882,99853028,100038688,185660
ENSG00000233795,30016261,30022268,6007
ENSG00000183072,172659112,172662360,3248
ENSG00000115825,37477645,37551951,74306
ENSG00000100359,40766595,40806293,39698
ENSG00000156042,75013517,75118617,105100
ENSG00000176695,107471,111696,4225
ENSG00000138185,97471536,97637023,165487
ENSG00000154856,10454625,10489945,35320
ENSG00000196961,50270225,50310370,40145
ENSG00000104177,48431625,48470714,39089
ENSG00000165609,12207324,12238143,30819
ENSG00000197324,23340822,23350789,9967
ENSG00000141934,281040,291393,10353
ENSG00000113739,172741716,172756506,14790
ENSG00000135773,230883130,230937749,54619
ENSG00000120725,138282409,138629246,346837
ENSG00000042980,24151553,24216531,64978
ENSG00000235452,31725917,31729114,3197
ENSG00000047249,54628117,54756118,128001
ENSG00000125245,99906968,99913998,7030
ENSG00000019144,118477155,118528741,51586
ENSG00000169508,99946784,99959659,12875
ENSG00000145919,173034517,173043663,9146
ENSG00000134265,10525902,10552758,26856
ENSG00000256263,92239,93430,1191
ENSG00000206114,147073,149350,2277
ENSG00000065618,105791044,105845760,54716
ENSG00000256948,215690,221016,5326
ENSG00000105556,305575,344798,39223
ENSG00000249695,246577,258335,11758
ENSG00000180626,5082831,5095178,12347
ENSG00000233076,31734308,31737887,3579
ENSG00000125304,100153671,100216260,62589
ENSG00000256694,273830,275487,1657
ENSG00000174738,23986751,24022109,35358
ENSG00000256540,276022,291565,15543
ENSG00000119280,230972865,231005335,32470
ENSG00000164924,101928753,101965616,36863
ENSG00000176978,140004994,140009629,4635
ENSG00000161929,5112256,5138155,25899
ENSG00000057468,76262567,76378923,116356
ENSG00000100632,69846848,69865344,18496
ENSG00000175931,74385532,74449288,63756
ENSG00000267795,4838398,4846492,8094
ENSG00000143549,154127784,154167124,39340
ENSG00000214106,154720208,154741618,21410
ENSG00000170946,31391387,31453396,62009
ENSG00000264246,4430945,4431152,207
ENSG00000163009,10281509,10351851,70342
ENSG00000110203,71825915,71850936,25021
ENSG00000241635,234526291,234681956,155665
ENSG00000265545,4459230,4459458,228
ENSG00000154007,76384558,76398116,13558
ENSG00000266268,4775053,5004536,229483
ENSG00000151240,320130,735683,415553
ENSG00000222463,4988091,4988168,77
ENSG00000257328,28478550,28503695,25145
ENSG00000264775,5002758,5003253,495
ENSG00000139890,23352374,23356895,4521
ENSG00000237829,30024068,30027692,3624
ENSG00000265514,5081181,5095814,14633
ENSG00000215368,5132748,5133228,480
ENSG00000187601,55478538,55479998,1460
ENSG00000266153,5159331,5171025,11694
ENSG00000184005,76540404,77100286,559882
ENSG00000125246,100258919,100549387,290468
ENSG00000265091,5232875,5238525,5650
ENSG00000115756,10443015,10567743,124728
ENSG00000247746,55511049,55515635,4586
ENSG00000105549,361750,376013,14263
ENSG00000264575,5236723,5238597,1874
ENSG00000257770,28493789,28502728,8939
ENSG00000135951,99613724,99771427,157703
ENSG00000206468,29523204,29527517,4313
ENSG00000189299,55649833,55652621,2788
ENSG00000263753,5232875,5246507,13632
ENSG00000114013,121774213,121839983,65770
ENSG00000173349,128458597,128461385,2788
ENSG00000206467,29555489,29556551,1062
ENSG00000230467,30027625,30033246,5621
ENSG00000265188,5240254,5241166,912
ENSG00000148950,31453948,31531192,77244
ENSG00000106460,12250867,12282993,32126
ENSG00000264254,5310395,5317663,7268
ENSG00000029725,5185558,5289129,103571
ENSG00000110195,71900602,71907345,6743
ENSG00000117069,77333126,77531396,198270
ENSG00000266288,5381640,5385329,3689
ENSG00000265316,5463626,5480974,17348
ENSG00000252576,5558188,5558272,84
ENSG00000083750,55744172,55785207,41035
ENSG00000264000,5567129,5570941,3812
ENSG00000204614,30103885,30116512,12627
ENSG00000135048,74298282,74431606,133324
ENSG00000070018,12268959,12419946,150987
ENSG00000252572,5579413,5579484,71
ENSG00000252432,5661944,5662049,105
ENSG00000115020,209130991,209223475,92484
ENSG00000147257,132669773,133119922,450149
ENSG00000261738,5748818,5876327,127509
ENSG00000140798,48116884,48189929,73045
ENSG00000139800,100615218,100624163,8945
ENSG00000272380,5840694,5840832,138
ENSG00000148541,61005890,61122939,117049
ENSG00000264449,5887486,5909121,21635
ENSG00000137868,74471807,74504608,32801
ENSG00000248496,28539408,28555112,15704
ENSG00000144231,128603840,128615731,11891
ENSG00000265487,5956100,5960784,4684
ENSG00000200637,6017722,6017838,116
ENSG00000266846,6025090,6082454,57364
ENSG00000258247,95770984,95774672,3688
ENSG00000043355,100634026,100639018,4992
ENSG00000264707,6256746,6260933,4187
ENSG00000184867,100910267,100914876,4609
ENSG00000264058,38785049,38821393,36344
ENSG00000169733,80005778,80009707,3929
ENSG00000265628,6437063,6437337,274
ENSG00000199272,6454961,6455067,106
ENSG00000235552,6462143,6463014,871
ENSG00000143643,231041989,231114621,72632
ENSG00000266065,6493419,6495667,2248
ENSG00000257917,28731301,28731408,107
ENSG00000226651,31737851,31747033,9182
ENSG00000265174,6557821,6558653,832
ENSG00000113742,173315283,173388979,73696
ENSG00000243591,6601539,6601834,295
ENSG00000255671,302202,303296,1094
ENSG00000261627,6641970,6642477,507
ENSG00000266441,6728820,6729861,1041
ENSG00000256577,312808,314189,1381
ENSG00000067836,4846969,4852951,5982
ENSG00000142892,77554675,77685115,130440
ENSG00000255746,362608,366465,3857
ENSG00000263797,6873398,6875023,1625
ENSG00000109911,31531297,31805546,274249
ENSG00000232641,29624568,29639934,15366
ENSG00000203952,133371077,133380237,9160
ENSG00000265933,6919495,6929965,10470
ENSG00000165457,71927645,71932994,5349
ENSG00000204613,30119722,30128711,8989
ENSG00000178607,62116502,62208179,91677
ENSG00000008311,121715701,121784334,68633
ENSG00000114480,81538850,81811312,272462
ENSG00000109736,2932288,2936586,4298
ENSG00000157212,154735397,154794794,59397
ENSG00000264127,6926943,6928209,1266
ENSG00000251897,6936911,6937019,108
ENSG00000265069,6954676,6957418,2742
ENSG00000265890,6972707,6972988,281
ENSG00000265869,7064031,7064196,165
ENSG00000233932,48483736,48495953,12217
ENSG00000109132,41746099,41750987,4888
ENSG00000237071,28871599,28892590,20991
ENSG00000264475,7076816,7080122,3306
ENSG00000261799,383120,386289,3169
ENSG00000263716,7134930,7135818,888
ENSG00000154864,10666480,11148587,482107
ENSG00000256020,695031,695652,621
ENSG00000156531,133507283,133562820,55537
ENSG00000238370,698696,698755,59
ENSG00000255825,699799,700435,636
ENSG00000177406,740057,772872,32815
ENSG00000111142,95867296,95909615,42319
ENSG00000242515,234545100,234681951,136851
ENSG00000175198,100741269,101182686,441417
ENSG00000256672,783967,793293,9326
ENSG00000144233,128619204,128643496,24292
ENSG00000221439,890299,890424,125
ENSG00000029364,69864732,69929105,64373
ENSG00000250132,1083299,1100356,17057
ENSG00000255633,62284008,62284534,526
ENSG00000265997,1119501,1119792,291
ENSG00000249028,1489226,1500668,11442
ENSG00000267285,1494999,1496153,1154
ENSG00000183186,405438,409139,3701
ENSG00000249628,1609691,1616484,6793
ENSG00000107362,74477368,74525847,48479
ENSG00000233889,56100757,56102014,1257
ENSG00000112232,62389865,62996132,606267
ENSG00000266043,1769481,1769546,65
ENSG00000181013,56618948,56621729,2781
ENSG00000109133,41937137,41962589,25452
ENSG00000223858,29639954,29648669,8715
ENSG00000185056,173400782,173433143,32361
ENSG00000224168,30060269,30070469,10200
ENSG00000129673,74449433,74466199,16766
ENSG00000154027,77747736,78025651,277915
ENSG00000102349,56258854,56314322,55468
ENSG00000129946,416583,460996,44413
ENSG00000155621,74526426,74600970,74544
ENSG00000036828,121902530,122005342,102812
ENSG00000135317,86215214,86303874,88660
ENSG00000165458,71934745,71950149,15404
ENSG00000228859,31668598,31671795,3197
ENSG00000241119,234580499,234681946,101447
ENSG00000010361,50310126,50320633,10507
ENSG00000180198,28832455,28865812,33357
ENSG00000234487,29687668,29690477,2809
ENSG00000120963,102190106,102218421,28315
ENSG00000244122,234590584,234681945,91361
ENSG00000074803,48483861,48596275,112414
ENSG00000204669,74666292,74687733,21441
ENSG00000136478,62224587,62340661,116074
ENSG00000173409,231114727,231136341,21614
ENSG00000213424,38810917,38821433,10516
ENSG00000213132,187896331,187898598,2267
ENSG00000181781,463346,474983,11637
ENSG00000233931,30093487,30106107,12620
ENSG00000087269,2939660,2965112,25452
ENSG00000115758,10580094,10588630,8536
ENSG00000134864,101183810,101241782,57972
ENSG00000227317,31676987,31680566,3579
ENSG00000182118,231154704,231175992,21288
ENSG00000147509,54764368,54871863,107495
ENSG00000100461,23369854,23388393,18539
ENSG00000235878,47612391,47613673,1282
ENSG00000006634,87505531,87538856,33325
ENSG00000099866,489176,505347,16171
ENSG00000170091,173472607,173670504,197897
ENSG00000163263,154171848,154178809,6961
ENSG00000115828,37571717,37600465,28748
ENSG00000230961,31747261,31754696,7435
ENSG00000196588,40806285,41032706,226421
ENSG00000121101,56634039,56769416,135377
ENSG00000083307,102504660,102681954,177294
ENSG00000119283,231297858,231357302,59444
ENSG00000198003,11531272,11546603,15331
ENSG00000188001,188665003,189043093,378090
ENSG00000271500,1804996,1807210,2214
ENSG00000243663,1866397,1867177,780
ENSG00000256706,2027117,2032033,4916
ENSG00000136715,128698791,128785694,86903
ENSG00000036549,78028101,78149104,121003
ENSG00000198225,63921351,63922929,1578
ENSG00000165533,89290497,89344335,53838
ENSG00000116251,6241329,6269449,28120
ENSG00000172171,29224354,29233838,9484
ENSG00000119125,74729511,74872109,142598
ENSG00000196876,51984050,52206648,222598
ENSG00000125247,101256181,101327347,71166
ENSG00000146166,63985856,64029882,44026
ENSG00000134028,24241798,24263526,21728
ENSG00000142319,1392909,1445545,52636
ENSG00000144290,162280843,162841792,560949
ENSG00000180098,28879597,28905051,25454
ENSG00000212626,7301018,7301151,133
ENSG00000221631,7738109,7738223,114
ENSG00000167916,38854243,38860002,5759
ENSG00000266767,7741308,7754829,13521
ENSG00000264596,7814116,7815728,1612
ENSG00000212857,64252,65919,1667
ENSG00000263827,7840935,7841058,123
ENSG00000215719,35322,36221,899
ENSG00000167165,234600253,234681946,81693
ENSG00000199856,7995568,7995782,214
ENSG00000238993,111481,111574,93
ENSG00000125968,30193086,30194318,1232
ENSG00000273368,8154556,8155068,512
ENSG00000212067,8227101,8227183,82
ENSG00000112245,64231666,64293492,61826
ENSG00000266149,8360818,8367032,6214
ENSG00000160294,47655047,47706211,51164
ENSG00000265413,8402845,8405159,2314
ENSG00000263970,8406759,8406951,192
ENSG00000204897,38904273,38911584,7311
ENSG00000143633,231359509,231376933,17424
ENSG00000266613,8412127,8414302,2175
ENSG00000175985,69951409,69995215,43806
ENSG00000242985,8471829,8472124,295
ENSG00000229442,8486995,8513847,26852
ENSG00000225212,8545633,8546815,1182
ENSG00000131055,30225691,30232809,7118
ENSG00000266708,8635177,8636345,1168
ENSG00000263935,8688020,8688408,388
ENSG00000265962,8695854,8707619,11765
ENSG00000229346,30109310,30118301,8991
ENSG00000252319,8720032,8720130,98
ENSG00000186393,38922490,38928414,5924
ENSG00000272788,8801654,8802303,649
ENSG00000242058,9020027,9020762,735
ENSG00000237216,29791626,29795784,4158
ENSG00000165704,133594183,133654543,60360
ENSG00000265257,9102734,9254344,151610
ENSG00000140632,4853204,4897343,44139
ENSG00000263847,9112402,9115875,3473
ENSG00000251258,112668532,112672498,3966
ENSG00000235049,2038368,2045740,7372
ENSG00000158286,6265535,6281359,15824
ENSG00000266053,9121263,9136643,15380
ENSG00000180525,695888,711109,15221
ENSG00000120656,28915835,28969597,53762
ENSG00000200883,9249647,9249744,97
ENSG00000188021,56590026,56593443,3417
ENSG00000111261,12482198,12503475,21277
ENSG00000184060,29233362,29286340,52978
ENSG00000207092,9250108,9250209,101
ENSG00000273284,9259386,9260388,1002
ENSG00000120149,174151536,174157896,6360
ENSG00000176884,140032842,140063207,30365
ENSG00000239087,9277977,9278077,100
ENSG00000264964,9315192,9334439,19247
ENSG00000273335,9473419,9474004,585
ENSG00000171552,30252255,30311792,59537
ENSG00000204271,57002803,57021970,19167
ENSG00000266805,9506240,9509724,3484
ENSG00000251994,9518117,9518258,141
ENSG00000171446,38933060,38938786,5726
ENSG00000273352,9519447,9520197,750
ENSG00000266541,9587384,9590180,2796
ENSG00000263627,9615262,9619361,4099
ENSG00000212572,9617962,9618070,108
ENSG00000205791,12508342,12510001,1659
ENSG00000155130,114178541,114184648,6107
ENSG00000264644,9678245,9679490,1245
ENSG00000266891,9734879,9735599,720
ENSG00000126952,101087085,101112549,25464
ENSG00000266127,9785105,9787802,2697
ENSG00000242651,9830329,9830624,295
ENSG00000007372,31806340,31839509,33169
ENSG00000165714,12510013,12619840,109827
ENSG00000170965,133699868,133898352,198484
ENSG00000252680,9844714,9844843,129
ENSG00000163171,37869032,37965611,96579
ENSG00000188060,28918712,28921955,3243
ENSG00000265564,9880577,9880883,306
ENSG00000272799,9912313,9912846,533
ENSG00000223138,9923917,9924018,101
ENSG00000263630,10005097,10005194,97
ENSG00000265554,10125337,10144403,19066
ENSG00000264876,10323129,10372377,49248
ENSG00000168887,85833777,85839189,5412
ENSG00000107372,74966341,74980163,13822
ENSG00000255994,70037483,70038032,549
ENSG00000266102,10375100,10378111,3011
ENSG00000224145,30120577,30130067,9490
ENSG00000121552,122044091,122060819,16728
ENSG00000239031,10389895,10389997,102
ENSG00000128285,41074754,41078818,4064
ENSG00000267909,70038216,70040339,2123
ENSG00000260913,10405130,10414512,9382
ENSG00000138279,75134859,75173834,38975
ENSG00000131480,40996617,41002724,6107
ENSG00000265728,10594587,10604795,10208
ENSG00000268457,30309001,30309134,133
ENSG00000100647,70078313,70181859,103546
ENSG00000266604,10612301,10626350,14049
ENSG00000130175,11546109,11561783,15674
ENSG00000116906,231376953,231413719,36766
ENSG00000264503,10622120,10622264,144
ENSG00000162419,28995244,29045865,50621
ENSG00000264311,10623873,10624302,429
ENSG00000264072,10627643,10628843,1200
ENSG00000160124,122078438,122102078,23640
ENSG00000266470,10632235,10632393,158
ENSG00000143612,154179182,154193104,13922
ENSG00000165462,71950121,71956708,6587
ENSG00000265038,10636667,10637396,729
ENSG00000260779,10661930,10666884,4954
ENSG00000264843,10704295,10709597,5302
ENSG00000125388,2965335,3042474,77139
ENSG00000102452,101706130,102068843,362713
ENSG00000264714,10724617,10728537,3920
ENSG00000107929,855484,977564,122080
ENSG00000215608,126294,128249,1955
ENSG00000257736,31860647,31861502,855
ENSG00000088325,30327074,30389608,62534
ENSG00000258126,31861034,31861723,689
ENSG00000184261,47743720,47798078,54358
ENSG00000128610,121941448,121950745,9297
ENSG00000104490,102698771,103137135,438364
ENSG00000155850,149340300,149373018,32718
ENSG00000141933,507299,519654,12355
ENSG00000223957,31865098,31870345,5247
ENSG00000196591,114254192,114332472,78280
ENSG00000100372,41165634,41215403,49769
ENSG00000182308,41983713,41988476,4763
ENSG00000129667,74466973,74497872,30899
ENSG00000165091,75136717,75451267,314550
ENSG00000114023,122103023,122131181,28158
ENSG00000099804,531714,542097,10383
ENSG00000116903,231468480,231473598,5118
ENSG00000014824,41992489,42092474,99985
ENSG00000128951,48623208,48635570,12362
ENSG00000203593,2113832,2120558,6726
ENSG00000256837,2127379,2129698,2319
ENSG00000077254,78161672,78225537,63865
ENSG00000151090,24158651,24536773,378122
ENSG00000256257,2157518,2158629,1111
ENSG00000111325,123459127,123464590,5463
ENSG00000173908,38948455,38956211,7756
ENSG00000256025,2329703,2332645,2942
ENSG00000186787,57144984,57147980,2996
ENSG00000256721,2378942,2398103,19161
ENSG00000141404,11688955,11885684,196729
ENSG00000256769,2712516,2716606,4090
ENSG00000010072,231472850,231490769,17919
ENSG00000203648,2769103,2770135,1032
ENSG00000118094,118528026,118550399,22373
ENSG00000104973,50321539,50342073,20534
ENSG00000197540,544034,549919,5885
ENSG00000168994,3722848,3752260,29412
ENSG00000018236,41086244,41466220,379976
ENSG00000184709,140063210,140064503,1293
ENSG00000234046,30141782,30170758,28976
ENSG00000185863,140065310,140066861,1551
ENSG00000151465,12237964,12292588,54624
ENSG00000136014,95910336,95945266,34930
ENSG00000256271,2777666,2781386,3720
ENSG00000115761,10710892,10830101,119209
ENSG00000135766,231499497,231560790,61293
ENSG00000246627,2785167,2800366,15199
ENSG00000140481,74509613,74628813,119200
ENSG00000256150,2851792,2881074,29282
ENSG00000256902,2861763,2862298,535
ENSG00000255669,2870366,2879621,9255
ENSG00000224438,2891070,2891537,467
ENSG00000156504,133903596,133931262,27666
ENSG00000162129,72003469,72145692,142223
ENSG00000256030,2896097,2903461,7364
ENSG00000069206,24298443,24384483,86040
ENSG00000184845,174867042,174871211,4169
ENSG00000227715,29846763,29992167,145404
ENSG00000263952,10893615,10908781,15166
ENSG00000176248,140069236,140082989,13753
ENSG00000145945,3849620,3851551,1931
ENSG00000263682,11326269,11328831,2562
ENSG00000240224,234621638,234681945,60307
ENSG00000267051,11366912,11378408,11496
ENSG00000273119,11390032,11390728,696
ENSG00000270099,97620305,97684601,64296
ENSG00000165092,75515578,75695358,179780
ENSG00000270106,231664399,231954990,290591
ENSG00000241962,99757948,99939204,181256
ENSG00000121270,48200821,48281479,80658
ENSG00000146530,12370511,12443567,73056
ENSG00000187735,54879112,54935089,55977
ENSG00000169727,80008567,80015346,6779
ENSG00000204610,30130993,30140473,9480
ENSG00000172270,571297,583493,12196
ENSG00000198492,29063133,29096287,33154
ENSG00000258325,2906043,2922068,16025
ENSG00000049449,31833939,32127301,293362
ENSG00000182362,47706251,47717665,11414
ENSG00000145965,3982909,3984372,1463
ENSG00000116918,231664399,231702270,37871
ENSG00000164466,174904065,174956745,52680
ENSG00000198925,220074494,220094439,19945
ENSG00000267564,11447755,11489368,41613
ENSG00000215764,7891,96246,88355
ENSG00000015479,138609441,138667360,57919
ENSG00000101306,30407111,30422492,15381
ENSG00000267425,11454477,11465995,11518
ENSG00000147059,57160963,57164058,3095
ENSG00000161249,35988122,36004560,16438
ENSG00000267252,11488569,11506982,18413
ENSG00000176101,140083099,140084822,1723
ENSG00000116329,29138654,29190208,51554
ENSG00000153395,1456595,1524092,67497
ENSG00000173088,97667360,97698480,31120
ENSG00000165591,57313139,57515629,202490
ENSG00000175161,85008132,86123579,1115447
ENSG00000267371,11552365,11552846,481
ENSG00000236396,11609544,11610687,1143
ENSG00000115841,38150330,38294285,143955
ENSG00000168878,85884437,85895864,11427
ENSG00000267794,11618207,11618314,107
ENSG00000257513,11619508,11639698,20190
ENSG00000269948,97709725,97744785,35060
ENSG00000179772,30432103,30433420,1317
ENSG00000176058,140086069,140098645,12576
ENSG00000267143,11620716,11621157,441
ENSG00000267773,11644335,11644823,488
ENSG00000260759,11666455,11670164,3709
ENSG00000267333,11745625,11747580,1955
ENSG00000267455,11810405,11811483,1078
ENSG00000081803,121958481,122526813,568332
ENSG00000180488,78245309,78344106,98797
ENSG00000267165,11851413,11852750,1337
ENSG00000272703,11857154,11857553,399
ENSG00000273141,11908711,11909222,511
ENSG00000267079,11910633,11914343,3710
ENSG00000267661,11928837,11929475,638
ENSG00000100380,41220539,41253026,32487
ENSG00000266955,11993987,11994937,950
ENSG00000048392,103216730,103251346,34616
ENSG00000267480,12031177,12032180,1003
ENSG00000266995,12040100,12040299,199
ENSG00000131471,41003201,41010147,6946
ENSG00000188649,97733786,97792441,58655
ENSG00000267292,12050308,12050671,363
ENSG00000187713,140098534,140100090,1556
ENSG00000212712,12056675,12057821,1146
ENSG00000104722,24770525,24776607,6082
ENSG00000184937,32409321,32457176,47855
ENSG00000163755,148847371,148891519,44148
ENSG00000188848,42112955,42154895,41940
ENSG00000267533,12067172,12068416,1244
ENSG00000256616,12073231,12076653,3422
ENSG00000008277,87563458,87832204,268746
ENSG00000149599,30435440,30458550,23110
ENSG00000160298,47720095,47743789,23694
ENSG00000116237,6281253,6296032,14779
ENSG00000244474,234627424,234681945,54521
ENSG00000135046,75766673,75785309,18636
ENSG00000077092,25215823,25639423,423600
ENSG00000196361,11562141,11591861,29720
ENSG00000165449,61410523,61495760,85237
ENSG00000186395,38974369,38978847,4478
ENSG00000178343,42399856,42404504,4648
ENSG00000108559,5264258,5323480,59222
ENSG00000204364,31927379,31952872,25493
ENSG00000198455,57618269,57623906,5637
ENSG00000167920,38975358,38992522,17164
ENSG00000188566,140100147,140111461,11314
ENSG00000243135,234637754,234681945,44191
ENSG00000108091,61548521,61666414,117893
ENSG00000269563,47799601,47801998,2397
ENSG00000267477,11577055,11616513,39458
ENSG00000242366,234668894,234681945,13051
ENSG00000187242,39017555,39023462,5907
ENSG00000173673,6304252,6305638,1386
ENSG00000112739,4021501,4065217,43716
ENSG00000234127,30152232,30181204,28972
ENSG00000235931,61715188,61720671,5483
ENSG00000156384,105881816,105886143,4327
ENSG00000255112,11851395,11854448,3053
ENSG00000161914,11594242,11616738,22496
ENSG00000158292,6307406,6321035,13629
ENSG00000166147,48700503,48938046,237543
ENSG00000185038,234684370,234742069,57699
ENSG00000164296,149372681,149380730,8049
ENSG00000159023,29213603,29446553,232950
ENSG00000220575,154858777,154863267,4490
ENSG00000157219,154862034,154877459,15425
ENSG00000197386,3076408,3245676,169268
ENSG00000171617,73923234,73937249,14015
ENSG00000118900,4896666,4932361,35695
ENSG00000269920,97733786,97792432,58646
ENSG00000217825,154988273,154990165,1892
ENSG00000162614,78354198,78409580,55382
ENSG00000212864,140114707,140116033,1326
ENSG00000206538,86987119,87040269,53150
ENSG00000113716,149379884,149432386,52502
ENSG00000140459,74630100,74660081,29981
ENSG00000197191,140119087,140120763,1676
ENSG00000074527,96051583,96184930,133347
ENSG00000113749,175085033,175113245,28212
ENSG00000233198,140122018,140124090,2072
ENSG00000156500,133930819,133988640,57821
ENSG00000186480,155089486,155101945,12459
ENSG00000107443,97803151,97820627,17476
ENSG00000006747,12610203,12693228,83025
ENSG00000198569,140125209,140131006,5797
ENSG00000198963,77112281,77308093,195812
ENSG00000083937,87276421,87304698,28277
ENSG00000124406,42410390,42659122,248732
ENSG00000236808,30105180,30111187,6007
ENSG00000104960,50353992,50364001,10009
ENSG00000145920,175223313,175311023,87710
ENSG00000258092,2906302,2913104,6802
ENSG00000198542,102104966,102375456,270490
ENSG00000130159,11616731,11639989,23258
ENSG00000222493,2969115,2969199,84
ENSG00000238689,3038131,3038191,60
ENSG00000252996,3063406,3063504,98
ENSG00000250899,3150603,3154116,3513
ENSG00000234589,3180698,3181314,616
ENSG00000256197,3258963,3260642,1679
ENSG00000182578,149432854,149492935,60081
ENSG00000116062,47922669,48037240,114571
ENSG00000188229,140135665,140138159,2494
ENSG00000273045,99757948,99767950,10002
ENSG00000181481,29295803,29326929,31126
ENSG00000168152,83821837,83841122,19285
ENSG00000227081,3320775,3321096,321
ENSG00000165966,41582250,41968392,386142
ENSG00000271605,62461569,62464760,3191
ENSG00000022976,102783714,102809044,25330
ENSG00000250770,3405368,3409390,4022
ENSG00000257212,30179165,30328137,148972
ENSG00000236908,3427884,3434509,6625
ENSG00000097021,6324329,6454451,130122
ENSG00000257048,3476999,3480512,3513
ENSG00000118898,4932508,5010742,78234
ENSG00000237403,30112987,30116611,3624
ENSG00000188163,140138036,140142222,4186
ENSG00000171431,39032193,39041479,9286
ENSG00000102466,102372134,103054124,681990
ENSG00000197748,105889646,105992120,102474
ENSG00000123485,234742062,234763212,21150
ENSG00000256525,62473902,62493154,19252
ENSG00000111266,12628829,12715317,86488
ENSG00000118482,64345725,64489229,143504
ENSG00000204599,30294256,30311506,17250
ENSG00000131044,30458505,30532764,74259
ENSG00000197768,140145713,140147934,2221
ENSG00000198205,57931864,57937067,5203
ENSG00000230332,30116544,30122165,5621
ENSG00000108244,39078948,39093886,14938
ENSG00000256691,3571884,3572752,868
ENSG00000186767,62567107,62571223,4116
ENSG00000110367,118620034,118661858,41824
ENSG00000267722,12081539,12085266,3727
ENSG00000196981,122130715,122134882,4167
ENSG00000267478,12091673,12093140,1467
ENSG00000200827,12098426,12098531,105
ENSG00000267162,12101996,12102469,473
ENSG00000154889,11882621,11909222,26601
ENSG00000188986,140149625,140167998,18373
ENSG00000267116,12192202,12192933,731
ENSG00000267643,12200778,12201978,1200
ENSG00000129197,5322961,5336196,13235
ENSG00000099822,589893,617159,27266
ENSG00000267733,12201981,12223538,21557
ENSG00000262057,70098418,70169834,71416
ENSG00000144182,99771418,99779620,8202
ENSG00000162946,231762561,232177018,414457
ENSG00000149100,32605344,32627808,22464
ENSG00000267076,12211377,12211806,429
ENSG00000205740,1017097,1034281,17184
ENSG00000267247,12230410,12231572,1162
ENSG00000267663,12246588,12247054,466
ENSG00000229929,30283373,30303707,20334
ENSG00000267069,12288307,12291487,3180
ENSG00000198113,140172201,140177093,4892
ENSG00000131089,62854847,63005426,150579
ENSG00000135439,58118980,58135940,16960
ENSG00000199702,12304090,12304193,103
ENSG00000251937,12400411,12400472,61
ENSG00000134900,103249353,103331521,82168
ENSG00000256786,12431581,12432232,651
ENSG00000160683,118754475,118768508,14033
ENSG00000198435,140194083,140196703,2620
ENSG00000243507,3578116,3578462,346
ENSG00000267108,12432896,12437634,4738
ENSG00000051596,175344876,175461683,116807
ENSG00000196138,3797876,3799650,1774
ENSG00000267199,12438889,12448204,9315
ENSG00000222338,3835388,3835493,105
ENSG00000118976,3948625,3951691,3066
ENSG00000267515,12450446,12451041,595
ENSG00000268923,31973945,31974881,936
ENSG00000256862,3980900,4019504,38604
ENSG00000238309,12533423,12533524,101
ENSG00000196236,41253081,41363838,110757
ENSG00000267249,12670425,12671144,719
ENSG00000266961,12738964,12750067,11103
ENSG00000256969,4130143,4135824,5681
ENSG00000102910,48278207,48397033,118826
ENSG00000114030,122140796,122233792,92996
ENSG00000263071,68609180,68609681,501
ENSG00000267654,12739489,12749420,9931
ENSG00000256356,4206617,4208685,2068
ENSG00000263197,68629688,68630008,320
ENSG00000151150,61786056,62493248,707192
ENSG00000201466,12760716,12760817,101
ENSG00000162613,78409740,78444794,35054
ENSG00000260302,12774650,12775922,1272
ENSG00000263996,68751160,68751417,257
ENSG00000267570,12911185,12912022,837
ENSG00000262864,68765415,68765668,253
ENSG00000189308,83831126,83934079,102953
ENSG00000267336,12912843,12913905,1062
ENSG00000262146,68773020,68798008,24988
ENSG00000266969,12984693,12991172,6479
ENSG00000138623,74701630,74726808,25178
ENSG00000186174,118764584,118796317,31733
ENSG00000266528,68774539,68774811,272
ENSG00000267656,13139779,13140488,709
ENSG00000171421,1798500,1801480,2980
ENSG00000261895,68826198,68826302,104
ENSG00000267032,13151636,13152688,1052
ENSG00000262205,68834750,68834853,103
ENSG00000099821,617223,633597,16374
ENSG00000262977,68889083,68890825,1742
ENSG00000267286,13183401,13185616,2215
ENSG00000131482,41052814,41065386,12572
ENSG00000226248,31680530,31689717,9187
ENSG00000267239,13203773,13216366,12593
ENSG00000263113,69050904,69144625,93721
ENSG00000100650,70193617,70238722,45105
ENSG00000267177,13234944,13236469,1525
ENSG00000267393,13362202,13366242,4040
ENSG00000242444,4218827,4227298,8471
ENSG00000267690,13419420,13427479,8059
ENSG00000166432,101137262,101187004,49742
ENSG00000262391,69054485,69055468,983
ENSG00000064835,87308554,87325737,17183
ENSG00000266146,13459946,13460025,79
ENSG00000273155,99771461,99811761,40300
ENSG00000262989,69057393,69058099,706
ENSG00000267694,13461019,13470822,9803
ENSG00000249853,114376750,114664209,287459
ENSG00000256164,4357931,4385350,27419
ENSG00000186714,32623792,32816204,192412
ENSG00000187609,140201348,140317714,116366
ENSG00000107937,1034338,1065876,31538
ENSG00000267529,13471849,13472669,820
ENSG00000267702,13486461,13490675,4214
ENSG00000267366,13500640,13501288,648
ENSG00000267136,13514519,13522887,8368
ENSG00000272746,13526077,13526687,610
ENSG00000267503,13561398,13565034,3636
ENSG00000110375,118795873,118829269,33396
ENSG00000263527,13611113,13611199,86
ENSG00000266954,13644814,13645684,870
ENSG00000158411,99777890,99797521,19631
ENSG00000266606,13665114,13665165,51
ENSG00000242707,13715099,13715367,268
ENSG00000211528,13823914,13823985,71
ENSG00000243779,13919602,13919922,320
ENSG00000270469,14053950,14054760,810
ENSG00000267756,14074911,14075740,829
ENSG00000204960,155149680,155160629,10949
ENSG00000267150,14089934,14091018,1084
ENSG00000267356,14104541,14105225,684
ENSG00000218672,155174771,155189051,14280
ENSG00000252234,14118593,14118701,108
ENSG00000267704,14137709,14139271,1562
ENSG00000176302,118842417,118852001,9584
ENSG00000186187,75032928,75144892,111964
ENSG00000260415,52203789,52206636,2847
ENSG00000239927,30302028,30303781,1753
ENSG00000164778,155250824,155257526,6702
ENSG00000267324,14143595,14151138,7543
ENSG00000111696,104164231,104234975,70744
ENSG00000088356,30532758,30539895,7137
ENSG00000175319,14152998,14157341,4343
ENSG00000151233,42475647,42538681,63034
ENSG00000146910,155266901,155326557,59656
ENSG00000113721,149493400,149535435,42035
ENSG00000255920,4361901,4384231,22330
ENSG00000147459,25042238,25275598,233360
ENSG00000095585,97951458,98031344,79886
ENSG00000167612,52281744,52285448,3704
ENSG00000077097,25639475,25706398,66923
ENSG00000223531,30149160,30159367,10207
ENSG00000186481,14179096,14249455,70359
ENSG00000260903,30555805,30591190,35385
ENSG00000224389,31982539,32003195,20656
ENSG00000144407,209224438,209719227,494789
ENSG00000217792,147649,156325,8676
ENSG00000186166,118868852,118886501,17649
ENSG00000166816,75145758,75150669,4911
ENSG00000144481,234826043,234928166,102123
ENSG00000101331,30598245,30619984,21739
ENSG00000212329,14190699,14190805,106
ENSG00000103184,5008318,5069159,60841
ENSG00000139780,103338094,103346854,8760
ENSG00000266145,14222007,14222330,323
ENSG00000264222,14244624,14252139,7515
ENSG00000039650,50364461,50371166,6705
ENSG00000111269,12764761,12798042,33281
ENSG00000265787,14337422,14342524,5102
ENSG00000101928,134021656,134049297,27641
ENSG00000265437,14361433,14361942,509
ENSG00000120992,54958938,55014577,55639
ENSG00000187589,14377545,14378756,1211
ENSG00000015153,42550906,42632151,81245
ENSG00000265296,14391912,14393908,1996
ENSG00000175820,103381801,103389159,7358
ENSG00000183150,12813825,12849141,35316
ENSG00000188747,140317802,140328858,11056
ENSG00000130176,11649532,11661138,11606
ENSG00000100865,102808956,102829253,20297
ENSG00000253304,29445940,29450447,4507
ENSG00000162616,78444859,78483648,38789
ENSG00000172404,41255553,41258130,2577
ENSG00000100387,41347351,41369313,21962
ENSG00000047457,148880197,148939842,59645
ENSG00000138061,38294116,38337044,42928
ENSG00000184517,75182390,75206134,23744
ENSG00000151287,103418340,103426161,7821
ENSG00000262491,69062740,69064595,1855
ENSG00000204359,31952850,31957964,5114
ENSG00000262041,69062889,69063183,294
ENSG00000108654,62495734,62504317,8583
ENSG00000160299,47744036,47865682,121646
ENSG00000263336,69110379,69110816,437
ENSG00000262957,69122191,69122773,582
ENSG00000116350,29474255,29508499,34244
ENSG00000262932,69145316,69148817,3501
ENSG00000263035,69151881,69194073,42192
ENSG00000119121,77337411,77503010,165599
ENSG00000137960,78445226,78604133,158907
ENSG00000262034,69165769,69169270,3501
ENSG00000263330,69359870,69430017,70147
ENSG00000262331,69415951,69416918,967
ENSG00000262197,69433886,69438199,4313
ENSG00000262713,69446751,69463695,16944
ENSG00000236399,30182385,30195005,12620
ENSG00000143569,154192655,154243986,51331
ENSG00000262360,69475596,69477340,1744
ENSG00000179097,88039846,88042919,3073
ENSG00000188833,140328816,140336268,7452
ENSG00000263922,69515271,69515340,69
ENSG00000103174,5074845,5084142,9297
ENSG00000138629,74738318,74753523,15205
ENSG00000196859,39114669,39123144,8475
ENSG00000262474,69517117,69536103,18986
ENSG00000264351,69531524,69531627,103
ENSG00000168928,75237994,75241083,3089
ENSG00000154957,11880756,11900827,20071
ENSG00000262915,69545807,69571649,25842
ENSG00000263188,69575889,69576183,294
ENSG00000135378,32851489,32879669,28180
ENSG00000163320,88101094,88199035,97941
ENSG00000262641,69640521,69650987,10466
ENSG00000168268,52558386,52569070,10684
ENSG00000196470,48390275,48482313,92038
ENSG00000134901,103436631,103451357,14726
ENSG00000103995,49005125,49103343,98218
ENSG00000122420,78769568,79005434,235866
ENSG00000100393,41487790,41576081,88291
ENSG00000118181,118886422,118889401,2979
ENSG00000116991,232533711,232697304,163593
ENSG00000168925,75252898,75258822,5924
ENSG00000115523,85912298,85925977,13679
ENSG00000184675,63404997,63425624,20627
ENSG00000230254,30448676,30453414,4738
ENSG00000111816,116252312,116381921,129609
ENSG00000130165,11661962,11670051,8089
ENSG00000134897,103451399,103493885,42486
ENSG00000060749,32914724,33014862,100138
ENSG00000184905,101380660,101382683,2023
ENSG00000198881,63444076,63450511,6435
ENSG00000053254,89591215,90085493,494278
ENSG00000186642,72287185,72385635,98450
ENSG00000188107,64429876,66417118,1987242
ENSG00000163516,220094479,220101391,6912
ENSG00000204071,101395448,101397942,2494
ENSG00000137959,79085607,79111830,26223
ENSG00000248469,175476681,175489024,12343
ENSG00000138496,122246771,122283424,36653
ENSG00000213970,4433538,4433977,439
ENSG00000102921,48572637,48654059,81422
ENSG00000229381,30198208,30207199,8991
ENSG00000184515,101408680,101411029,2349
ENSG00000102043,63444187,63615333,171146
ENSG00000216895,155403925,155437899,33974
ENSG00000256748,4711157,4712586,1429
ENSG00000111276,12867992,12875305,7313
ENSG00000070388,639879,643703,3824
ENSG00000212916,232940643,232946092,5449
ENSG00000270181,103459704,103524748,65044
ENSG00000166343,75183339,75193319,9980
ENSG00000122644,12726481,12730559,4078
ENSG00000116353,29519385,29557454,38069
ENSG00000135778,233086351,233119628,33277
ENSG00000178878,12878851,12982909,104058
ENSG00000121690,33037410,33055128,17718
ENSG00000229729,88108424,88188123,79699
ENSG00000143882,10861775,10925236,63461
ENSG00000256799,4744515,4745306,791
ENSG00000266605,14450215,14450882,667
ENSG00000108384,56769934,56811703,41769
ENSG00000198551,11670189,11729950,59761
ENSG00000104517,103265240,103425069,159829
ENSG00000265766,14477954,14499277,21323
ENSG00000226882,30500573,30516369,15796
ENSG00000101336,30639991,30689659,49668
ENSG00000266242,14485805,14487500,1695
ENSG00000200132,14531675,14531781,106
ENSG00000145494,1801514,1816719,15205
ENSG00000265340,14570843,14571787,944
ENSG00000070423,647526,663277,15751
ENSG00000266693,14613136,14614183,1047
ENSG00000264570,14629831,14632805,2974
ENSG00000134899,103497194,103528345,31151
ENSG00000050820,75262928,75301951,39023
ENSG00000200645,14759187,14759293,106
ENSG00000188981,3246096,3273465,27369
ENSG00000265481,14771248,14771326,78
ENSG00000265737,14816150,14825248,9098
ENSG00000256381,4754662,4757193,2531
ENSG00000108561,5336097,5352150,16053
ENSG00000255474,4809583,4829268,19685
ENSG00000265499,14830165,14830241,76
ENSG00000256988,4915708,4917807,2099
ENSG00000265786,14877610,14884051,6441
ENSG00000102924,49311828,49315742,3914
ENSG00000255608,4948121,4951841,3720
ENSG00000256790,5127631,5130879,3248
ENSG00000264061,14888708,14890085,1377
ENSG00000135045,77561497,77567802,6305
ENSG00000256654,5132848,5134758,1910
ENSG00000263618,14903579,14915627,12048
ENSG00000182230,175487692,175559261,71569
ENSG00000139567,52300692,52317145,16453
ENSG00000266554,14946266,14973769,27503
ENSG00000262417,69863007,69957472,94465
ENSG00000119787,38522022,38604427,82405
ENSG00000263095,69883824,69886046,2222
ENSG00000264301,14969000,14970467,1467
ENSG00000166152,49407734,49433342,25608
ENSG00000136731,128848774,128953251,104477
ENSG00000263349,69886934,69897142,10208
ENSG00000263821,14978738,14979838,1100
ENSG00000126970,64136250,64254593,118343
ENSG00000266522,15003974,15006351,2377
ENSG00000263635,15075444,15122766,47322
ENSG00000266544,15090177,15090457,280
ENSG00000213782,12966250,12982915,16665
ENSG00000185554,101470280,101581634,111354
ENSG00000264498,69898425,69898512,87
ENSG00000137965,79115481,79129763,14282
ENSG00000264880,15159723,15164466,4743
ENSG00000204673,50372295,50381716,9421
ENSG00000113430,1877541,1887350,9809
ENSG00000261989,69956746,69957699,953
ENSG00000265015,15196998,15197774,776
ENSG00000156017,77595936,77643339,47403
ENSG00000262726,69986891,69987446,555
ENSG00000265631,15247428,15247996,568
ENSG00000262274,70048782,70048976,194
ENSG00000175105,88188254,88193815,5561
ENSG00000266818,15254417,15271743,17326
ENSG00000113722,149546358,149564120,17762
ENSG00000215512,15307662,15330281,22619
ENSG00000179021,88198893,88217879,18986
ENSG00000255996,5141554,5142107,553
ENSG00000256115,5343163,5352317,9154
ENSG00000049860,73935848,74018472,82624
ENSG00000102575,11685475,11689823,4348
ENSG00000184863,155437145,155574179,137034
ENSG00000100395,41601209,41627275,26066
ENSG00000222087,15320839,15320943,104
ENSG00000216205,18642344,18642434,90
ENSG00000244527,18699143,18699622,479
ENSG00000251886,18700365,18700467,102
ENSG00000011083,149569520,149602351,32831
ENSG00000263748,18762464,18763460,996
ENSG00000265984,18820636,18821332,696
ENSG00000125255,103696350,103719196,22846
ENSG00000265948,18896839,18897756,917
ENSG00000265751,18960247,19030978,70731
ENSG00000221139,19030614,19030717,103
ENSG00000263350,19210099,19213485,3386
ENSG00000264188,19241748,19242356,608
ENSG00000265656,19253589,19262522,8933
ENSG00000221493,19263471,19263558,87
ENSG00000252677,19291911,19292080,169
ENSG00000200750,19304080,19304190,110
ENSG00000264183,19356839,19356938,99
ENSG00000242971,19373844,19374118,274
ENSG00000135749,233119181,233431459,312278
ENSG00000196655,118889142,118896164,7022
ENSG00000196663,102829300,102968818,139518
ENSG00000033011,5083703,5137380,53677
ENSG00000199977,19397585,19397789,204
ENSG00000179361,74833518,74890472,56954
ENSG00000044524,89156674,89531284,374610
ENSG00000265142,19405448,19411371,5923
ENSG00000153774,75327596,75467383,139787
ENSG00000243303,19434601,19434948,347
ENSG00000264149,19451407,19473957,22550
ENSG00000252325,19459762,19459865,103
ENSG00000264289,19494330,19494621,291
ENSG00000182196,123464607,123467456,2849
ENSG00000162618,79355449,79472403,116954
ENSG00000236221,32072022,32105429,33407
ENSG00000182346,106118216,106143383,25167
ENSG00000106733,77675489,77703133,27644
ENSG00000176148,33060963,33127489,66526
ENSG00000070808,149599054,149669854,70800
ENSG00000178425,116422012,116570660,148648
ENSG00000160305,47878812,47989926,111114
ENSG00000100652,70242134,70264006,21872
ENSG00000137547,55047770,55060461,12691
ENSG00000078018,210288782,210598842,310060
ENSG00000261717,75446582,75498604,52022
ENSG00000165802,140342022,140353786,11764
ENSG00000185634,49115932,49255641,139709
ENSG00000258292,96196875,96217085,20210
ENSG00000269367,42624050,42628075,4025
ENSG00000125266,107142079,107187462,45383
ENSG00000166822,75476952,75499395,22443
ENSG00000102935,49521435,49891830,370395
ENSG00000107758,75196186,75255782,59596
ENSG00000229488,32155583,32161597,6014
ENSG00000139343,96252706,96297606,44900
ENSG00000184785,134124968,134126501,1533
ENSG00000235905,30209467,30218957,9490
ENSG00000212747,134154543,134156559,2016
ENSG00000069812,6472478,6484730,12252
ENSG00000006468,13930853,14031050,100197
ENSG00000134884,107194021,107220512,26491
ENSG00000134590,134166333,134167576,1243
ENSG00000065559,11924141,12047147,123006
ENSG00000183196,75510949,75529282,18333
ENSG00000198732,70320848,70499083,178235
ENSG00000134996,77703459,77762181,58722
ENSG00000164736,55370495,55373448,2953
ENSG00000203950,134184962,134186226,1264
ENSG00000260092,75562430,75579326,16896
ENSG00000123500,116440086,116479910,39824
ENSG00000070404,676392,683385,6993
ENSG00000159788,3294755,3441640,146885
ENSG00000204442,107820883,108519083,698200
ENSG00000204889,39133968,39143387,9419
ENSG00000135702,75562433,75569145,6712
ENSG00000168874,85978467,86015189,36722
ENSG00000234188,116442320,116443093,773
ENSG00000215203,42895284,43032675,137391
ENSG00000222520,19508946,19509055,109
ENSG00000169551,134290461,134305322,14861
ENSG00000187189,116571151,116575261,4110
ENSG00000265758,19561082,19631120,70038
ENSG00000229202,30516081,30522918,6837
ENSG00000265568,19579530,19579612,82
ENSG00000104946,50380682,50392005,11323
ENSG00000221363,19710564,19710690,126
ENSG00000187017,6484848,6521430,36582
ENSG00000266010,19746859,19748929,2070
ENSG00000212899,39149686,39150385,699
ENSG00000264012,19755426,19756623,1197
ENSG00000205423,50058321,50070999,12678
ENSG00000174405,108859787,108870716,10929
ENSG00000201852,19760073,19760179,106
ENSG00000266283,19780582,19785192,4610
ENSG00000104237,55528627,55543394,14767
ENSG00000264825,19793741,19807992,14251
ENSG00000205084,75572015,75590184,18169
ENSG00000185198,685521,695460,9939
ENSG00000238907,19840539,19840640,101
ENSG00000273348,19927809,19928215,406
ENSG00000270855,19998792,19999257,465
ENSG00000239490,20166428,20167190,762
ENSG00000206827,20227545,20227651,106
ENSG00000265943,20279444,20513727,234283
ENSG00000139826,108870727,108886603,15876
ENSG00000161544,74523438,74547257,23819
ENSG00000266850,20303454,20487684,184230
ENSG00000179335,74890841,74932057,41216
ENSG00000165972,96260826,96336752,75926
ENSG00000273232,20462788,20463320,532
ENSG00000183783,44175926,44450824,274898
ENSG00000231641,30230672,30259555,28883
ENSG00000265939,20480449,20480958,509
ENSG00000111817,116575336,116762424,187088
ENSG00000238537,20481487,20481589,102
ENSG00000168273,52568029,52613253,45224
ENSG00000264817,20513312,20513401,89
ENSG00000242182,20584527,20584820,293
ENSG00000223023,20604559,20604666,107
ENSG00000222999,20716399,20716476,77
ENSG00000143674,233463514,233520894,57380
ENSG00000149428,118914900,118927913,13013
ENSG00000266495,20837128,20840318,3190
ENSG00000199357,21036335,21036431,96
ENSG00000199366,21161980,21162085,105
ENSG00000267752,21252217,21252712,495
ENSG00000115525,86066267,86116137,49870
ENSG00000267301,21289789,21290251,462
ENSG00000177752,44624086,44680573,56487
ENSG00000102524,108903588,108960832,57244
ENSG00000016082,50678921,50690564,11643
ENSG00000221389,21474079,21474170,91
ENSG00000265752,21537718,21562520,24802
ENSG00000099864,708953,748329,39376
ENSG00000264745,21574177,21595303,21126
ENSG00000265204,21656758,21679284,22526
ENSG00000034713,75600249,75611779,11530
ENSG00000264924,21693601,21700967,7366
ENSG00000138663,83955600,83996971,41371
ENSG00000206863,21704134,21704249,115
ENSG00000212900,39155447,39156138,691
ENSG00000265750,21739473,21742175,2702
ENSG00000199874,21750469,21750587,118
ENSG00000197635,162848751,162931052,82301
ENSG00000212901,39164773,39175576,10803
ENSG00000135503,52345451,52390862,45411
ENSG00000255302,49170083,49172380,2297
ENSG00000185414,99797542,99814089,16547
ENSG00000135750,233749750,233808258,58508
ENSG00000221852,39182278,39183454,1176
ENSG00000072080,234959323,234985778,26455
ENSG00000206579,56014949,56454613,439664
ENSG00000204887,39185949,39186356,407
ENSG00000206766,21798264,21798368,104
ENSG00000099139,78505560,78977255,471695
ENSG00000221880,39190142,39191107,965
ENSG00000134283,42632249,42853517,221268
ENSG00000253976,56047763,56054918,7155
ENSG00000188581,39196811,39197713,902
ENSG00000214140,74523668,74549660,25992
ENSG00000100399,41625517,41636938,11421
ENSG00000253857,56074043,56077287,3244
ENSG00000256417,5399646,5492819,93173
ENSG00000176102,33098734,33183917,85183
ENSG00000212725,39202793,39203568,775
ENSG00000256146,5425127,5428513,3386
ENSG00000256218,5475214,5476940,1726
ENSG00000183780,234040679,234460262,419583
ENSG00000214518,39210750,39211482,732
ENSG00000065457,75630879,75657198,26319
ENSG00000163521,220101328,220110200,8872
ENSG00000141401,11981024,12030876,49852
ENSG00000197933,11832080,11849824,17744
ENSG00000170561,2745959,2752969,7010
ENSG00000212724,39215495,39216344,849
ENSG00000147437,25276776,25282170,5394
ENSG00000175175,56833230,57058983,225753
ENSG00000168275,234509202,234519795,10593
ENSG00000148377,1064847,1071799,6952
ENSG00000248789,51303865,51376821,72956
ENSG00000225201,30535711,30540449,4738
ENSG00000255983,5497755,5515817,18062
ENSG00000168452,32160665,32179182,18517
ENSG00000248167,30297359,30314631,17272
ENSG00000255973,5692963,5693251,288
ENSG00000188050,122337766,122339210,1444
ENSG00000240533,6204867,6205136,269
ENSG00000213417,39221369,39222131,762
ENSG00000255775,6264201,6269885,5684
ENSG00000202318,6343511,6343621,110
ENSG00000256103,6379325,6379591,266
ENSG00000235631,122341718,122343021,1303
ENSG00000240871,39240459,39241396,937
ENSG00000153446,5094123,5116111,21988
ENSG00000197044,11877815,11894893,17078
ENSG00000265388,6453720,6453999,279
ENSG00000186376,134382867,134478012,95145
ENSG00000256433,6503071,6504235,1164
ENSG00000128519,122634759,122635754,995
ENSG00000170085,175665365,175772994,107629
ENSG00000059588,234527059,234614849,87790
ENSG00000104756,25285366,25315992,30626
ENSG00000139344,96337071,96362370,25299
ENSG00000167904,56608983,56685966,76983
ENSG00000145975,4049668,4087578,37910
ENSG00000215788,6521211,6526255,5044
ENSG00000177599,11908482,11920437,11955
ENSG00000041515,109248500,109860355,611855
ENSG00000135002,79000433,79009433,9000
ENSG00000173275,134478721,134497077,18356
ENSG00000081800,122753585,122840040,86455
ENSG00000148834,105995114,106027217,32103
ENSG00000213949,52083730,52255040,171310
ENSG00000073282,189349205,189615068,265863
ENSG00000204880,39253233,39254393,1160
ENSG00000171295,11925099,11946016,20917
ENSG00000181626,12093852,12129748,35896
ENSG00000099812,751126,764319,13193
ENSG00000143575,154244987,154248351,3364
ENSG00000104951,50392911,50432796,39885
ENSG00000185674,99858709,99871745,13036
ENSG00000189241,116597741,116601066,3325
ENSG00000271793,86267696,86324952,57256
ENSG00000168264,234740015,234745271,5256
ENSG00000065427,75661622,75682541,20919
ENSG00000067064,1085848,1095110,9262
ENSG00000188042,235401685,235405697,4012
ENSG00000187210,79034752,79122332,87580
ENSG00000165359,134654584,134716435,61851
ENSG00000183876,149675906,149718870,42964
ENSG00000213942,6518803,6519179,376
ENSG00000173726,235272651,235292251,19600
ENSG00000215046,101470280,101567445,97165
ENSG00000101337,30697309,30755061,57752
ENSG00000188820,116782533,116784934,2401
ENSG00000176194,12254318,12277594,23276
ENSG00000108395,57059999,57184282,124283
ENSG00000130653,140354404,140444986,90582
ENSG00000163840,122283085,122294050,10965
ENSG00000102053,64708615,64727767,19152
ENSG00000155393,50099852,50140298,40446
ENSG00000186493,2752245,2755508,3263
ENSG00000100401,41641615,41682255,40640
ENSG00000196712,29421945,29709134,287189
ENSG00000151806,44680444,44702943,22499
ENSG00000241241,39257754,39258461,707
ENSG00000224906,6547664,6548018,354
ENSG00000212722,39261584,39262740,1156
ENSG00000156381,102973179,102976136,2957
ENSG00000188739,235294498,235324772,30274
ENSG00000212721,39273433,39274606,1173
ENSG00000100462,23389720,23398794,9074
ENSG00000253633,103540968,103550896,9928
ENSG00000135316,86318053,86353510,35457
ENSG00000215039,6548167,6560733,12566
ENSG00000213416,39279343,39280419,1076
ENSG00000196411,100400187,100425121,24934
ENSG00000130147,235860617,235964358,103741
ENSG00000155087,103563800,103573245,9445
ENSG00000198090,39295685,39296739,1054
ENSG00000198271,39305178,39306054,876
ENSG00000171396,39315910,39316983,1073
ENSG00000185950,110406184,110438915,32731
ENSG00000225989,30530573,30556377,25804
ENSG00000126003,30780306,30795594,15288
ENSG00000196156,39323484,39324424,940
ENSG00000144214,99900701,99921205,20504
ENSG00000171291,11959541,11994565,35024
ENSG00000110422,33278218,33378569,100351
ENSG00000145287,84011201,84058228,47027
ENSG00000169718,80015382,80023763,8381
ENSG00000189001,36014269,36019253,4984
ENSG00000001497,64732462,64754655,22193
ENSG00000173200,122296449,122357894,61445
ENSG00000256913,6586880,6589373,2493
ENSG00000241370,30312908,30314661,1753
ENSG00000198429,11998599,12025144,26545
ENSG00000176014,12307668,12344319,36651
ENSG00000101346,30795683,30826470,30787
ENSG00000230293,31689902,31714807,24905
ENSG00000173626,116816152,116866773,50621
ENSG00000185689,4079440,4131185,51745
ENSG00000011304,797075,812327,15252
ENSG00000182154,140445651,140447007,1356
ENSG00000196757,12035883,12061588,25705
ENSG00000155090,103661007,103668130,7123
ENSG00000106772,79226292,79521003,294711
ENSG00000105679,36024314,36036218,11904
ENSG00000187498,110801318,110959496,158178
ENSG00000089902,103058998,103196913,137915
ENSG00000239002,6619388,6619717,329
ENSG00000084110,96366440,96390143,23703
ENSG00000122203,175773064,175788971,15907
ENSG00000228581,30587611,30603408,15797
ENSG00000197054,12035890,12091196,55306
ENSG00000170549,3596168,3601517,5349
ENSG00000148399,140449356,140473387,24031
ENSG00000143595,154293566,154297801,4235
ENSG00000005100,5344232,5372380,28148
ENSG00000166848,75681684,75795770,114086
ENSG00000101350,30865467,30922814,57347
ENSG00000255966,6641456,6642664,1208
ENSG00000269968,6646960,6647536,576
ENSG00000245667,6652670,6654097,1427
ENSG00000070731,74559792,74583038,23246
ENSG00000185945,101615316,101726732,111416
ENSG00000060656,29563028,29653325,90297
ENSG00000160307,48018875,48025121,6246
ENSG00000173085,84182689,84206067,23378
ENSG00000115514,99935445,99957165,21720
ENSG00000090975,123468027,123634562,166535
ENSG00000105677,36036497,36038428,1931
ENSG00000213024,50410082,50433020,22938
ENSG00000141052,12569207,12672266,103059
ENSG00000121274,50186829,50269221,82392
ENSG00000184661,25316513,25365436,48923
ENSG00000115263,162999392,163008914,9522
ENSG00000178033,116832809,116845955,13146
ENSG00000258792,90095265,90109015,13750
ENSG00000165724,140476531,140484942,8411
ENSG00000070526,74620843,74639920,19077
ENSG00000247853,6687788,6693905,6117
ENSG00000204612,79634571,79635869,1298
ENSG00000251898,6690640,6690775,135
ENSG00000219410,6772426,6781235,8809
ENSG00000054267,235294949,235491534,196585
ENSG00000243897,32171812,32175485,3673
ENSG00000268590,899,2487,1588
ENSG00000179151,74922899,74988633,65734
ENSG00000244537,39333698,39334460,762
ENSG00000164451,116850174,116880031,29857
ENSG00000198443,39340354,39341594,1240
ENSG00000117114,81771845,82458120,686275
ENSG00000269104,41685388,41685686,298
ENSG00000240542,39344697,39346891,2194
ENSG00000065621,106028631,106064703,36072
ENSG00000214325,75728367,75734089,5722
ENSG00000239886,39382900,39383904,1004
ENSG00000140025,90261013,90421121,160108
ENSG00000145536,5140443,5320417,179974
ENSG00000267179,12035890,12090105,54215
ENSG00000204873,39388715,39389705,990
ENSG00000187272,39394297,39395256,959
ENSG00000241595,39405939,39406904,965
ENSG00000204592,30457244,30461982,4738
ENSG00000198083,39411636,39412616,980
ENSG00000100403,41697526,41756151,58625
ENSG00000197070,140500106,140509812,9706
ENSG00000160310,48055079,48085036,29957
ENSG00000137574,56685701,56738007,52306
ENSG00000221818,25699246,25902913,203667
ENSG00000155096,103838585,103906092,67507
ENSG00000134871,110958159,111165374,207215
ENSG00000197647,12125547,12146556,21009
ENSG00000151092,25760435,25831530,71095
ENSG00000047056,1095478,1178237,82759
ENSG00000255737,58120054,58122139,2085
ENSG00000164675,123092454,123175131,82677
ENSG00000110427,33563618,33695648,132030
ENSG00000252186,6818618,6818718,100
ENSG00000118894,5134305,5147809,13504
ENSG00000143515,154298029,154323783,25754
ENSG00000270068,6832399,6832853,454
ENSG00000269892,6852151,6852807,656
ENSG00000244532,6893020,6893327,307
ENSG00000171456,30946155,31027122,80967
ENSG00000240370,6982553,6993905,11352
ENSG00000184500,93591881,93692910,101029
ENSG00000227642,32175416,32185300,9884
ENSG00000248593,6993846,6994950,1104
ENSG00000157985,236402733,237040444,637711
ENSG00000135452,58131796,58143994,12198
ENSG00000272173,7052671,7053767,1096
ENSG00000078098,163027194,163101661,74467
ENSG00000152910,76311176,76593135,281959
ENSG00000233564,30603120,30609957,6837
ENSG00000107447,98064085,98098321,34236
ENSG00000212659,39421591,39422893,1302
ENSG00000180386,39431911,39432949,1038
ENSG00000163281,44684217,44728612,44395
ENSG00000203993,140509784,140513358,3574
ENSG00000109758,3443614,3451211,7597
ENSG00000205177,33719807,33722347,2540
ENSG00000068654,86247339,86333278,85939
ENSG00000139832,111175417,111214080,38663
ENSG00000167074,41763337,41795330,31993
ENSG00000121281,50280048,50352046,71998
ENSG00000182534,74668633,74707098,38465
ENSG00000141385,12328943,12377313,48370
ENSG00000161835,52400724,52409673,8949
ENSG00000152904,235490665,235507847,17182
ENSG00000183864,41829496,41843027,13531
ENSG00000232478,134847185,134857354,10169
ENSG00000213995,111267881,111292340,24459
ENSG00000140465,75011883,75017951,6068
ENSG00000085063,33719807,33757991,38184
ENSG00000254087,56792372,56923940,131568
ENSG00000072849,5374571,5390131,15560
ENSG00000100410,41855721,41864729,9008
ENSG00000108825,41102543,41132545,30002
ENSG00000238104,30559598,30577810,18212
ENSG00000198721,4115923,4135831,19908
ENSG00000181090,140513444,140764468,251024
ENSG00000144406,210636717,210864024,227307
ENSG00000148841,106071894,106098162,26268
ENSG00000111832,116892530,116918838,26308
ENSG00000221914,26149007,26230196,81189
ENSG00000269179,50412758,50461648,48890
ENSG00000070814,149737202,149779871,42669
ENSG00000204590,30509154,30524951,15797
ENSG00000105675,36040945,36054560,13615
ENSG00000143889,38789120,38830728,41608
ENSG00000116957,235530675,235612283,81608
ENSG00000163285,46037786,46126098,88312
ENSG00000257355,12128703,12163782,35079
ENSG00000169136,50431959,50437192,5233
ENSG00000197183,31030862,31172876,142014
ENSG00000131323,103243813,103377837,134024
ENSG00000257446,12154620,12167127,12507
ENSG00000141391,12407895,12432237,24342
ENSG00000223547,12175514,12192380,16866
ENSG00000173083,84213614,84256306,42692
ENSG00000214189,12203078,12248050,44972
ENSG00000161640,50452242,50464429,12187
ENSG00000223775,30576907,30585593,8686
ENSG00000170312,62538089,62554610,16521
ENSG00000175414,175792471,175828866,36395
ENSG00000238411,9683191,9683272,81
ENSG00000264462,9825832,9826011,179
ENSG00000264063,9826203,9826263,60
ENSG00000140505,75041185,75048543,7358
ENSG00000188474,12203078,12225491,22413
ENSG00000146828,100424442,100464631,40189
ENSG00000188681,9907190,9968585,61395
ENSG00000134905,111293759,111365950,72191
ENSG00000162885,235613238,235667781,54543
ENSG00000236342,30617610,30643414,25804
ENSG00000239179,9937696,9937777,81
ENSG00000078328,6069095,7763340,1694245
ENSG00000239107,9937936,9938018,82
ENSG00000263839,10199943,10200025,82
ENSG00000132010,12203658,12251222,47564
ENSG00000264002,10380380,10380661,281
ENSG00000252199,10385953,10386047,94
ENSG00000136267,14184674,15014402,829728
ENSG00000137941,84330711,84464833,134122
ENSG00000256269,118955576,118964259,8683
ENSG00000270533,10475515,10476061,546
ENSG00000186635,72396114,72504644,108530
ENSG00000048162,175810949,175815976,5027
ENSG00000152684,52083774,52099880,16106
ENSG00000235476,10872119,10872429,310
ENSG00000147065,64808257,64961791,153534
ENSG00000223925,10899082,10900005,923
ENSG00000228907,32185558,32187997,2439
ENSG00000227691,10935976,10936167,191
ENSG00000238923,7052979,7053041,62
ENSG00000173193,122399465,122449687,50222
ENSG00000143870,10923517,10978103,54586
ENSG00000213297,12242932,12267546,24614
ENSG00000164347,74017029,74063196,46167
ENSG00000249115,36103646,36116251,12605
ENSG00000163939,52579368,52719933,140565
ENSG00000151834,46250444,46477247,226803
ENSG00000182628,57187312,57232630,45318
ENSG00000197430,98102973,98119092,16119
ENSG00000212658,39458078,39459103,1025
ENSG00000126749,7072408,7105520,33112
ENSG00000160712,154377669,154441926,64257
ENSG00000257591,12251032,12267546,16514
ENSG00000222007,236682499,236692031,9532
ENSG00000212657,39463952,39465505,1553
ENSG00000168243,235710987,235814054,103067
ENSG00000186860,39471173,39471947,774
ENSG00000242185,134866214,134874614,8400
ENSG00000168505,237073879,237077012,3133
ENSG00000006059,39502344,39507064,4720
ENSG00000103653,75074398,75095539,21141
ENSG00000131738,39519746,39526052,6306
ENSG00000110429,33762485,33796089,33604
ENSG00000237634,28908184,28908844,660
ENSG00000111834,116937642,116954148,16506
ENSG00000197969,79792269,80036457,244188
ENSG00000135298,69345259,70099403,754144
ENSG00000232417,134883488,134891885,8397
ENSG00000261833,76587314,76669520,82206
ENSG00000215029,101629549,101726732,97183
ENSG00000166164,50347398,50402845,55447
ENSG00000175920,3465033,3503200,38167
ENSG00000158417,99953816,100017789,63973
ENSG00000185736,1228073,1779670,551597
ENSG00000223687,28959158,28969698,10540
ENSG00000146066,175815748,175816772,1024
ENSG00000103111,77224732,77236302,11570
ENSG00000134278,12446511,12658133,211622
ENSG00000253320,103876528,103990104,113576
ENSG00000182177,237102095,237173052,70957
ENSG00000115661,220110177,220115059,4882
ENSG00000008988,56979854,56987069,7215
ENSG00000129951,812518,821967,9449
ENSG00000229058,32188172,32191528,3356
ENSG00000262795,34757299,34861212,103913
ENSG00000131737,39533902,39538655,4753
ENSG00000163956,3508103,3534286,26183
ENSG00000204393,31175281,31196695,21414
ENSG00000051825,123636867,123728561,91694
ENSG00000042088,90421283,90511106,89823
ENSG00000094796,39549976,39553844,3868
ENSG00000175416,175819456,175843570,24114
ENSG00000120051,106113522,106214848,101326
ENSG00000205078,77233294,77247112,13818
ENSG00000006740,12692856,12894960,202104
ENSG00000164171,52285156,52390609,105453
ENSG00000162510,31184124,31196434,12310
ENSG00000172232,825097,832017,6920
ENSG00000149600,31290493,31331803,41310
ENSG00000120727,138677276,138705406,28130
ENSG00000158164,101768604,101771712,3108
ENSG00000263160,34804792,34861875,57083
ENSG00000100412,41865129,41924993,59864
ENSG00000108417,39577005,39580775,3770
ENSG00000183049,12391481,12877545,486064
ENSG00000164690,155592680,155604967,12287
ENSG00000163312,84328496,84377009,48513
ENSG00000143669,235824341,236046940,222599
ENSG00000232258,8619502,8622304,2802
ENSG00000169291,154442248,154474589,32341
ENSG00000196646,12273879,12300064,26185
ENSG00000258890,62502706,62538579,35873
ENSG00000171360,39592698,39597173,4475
ENSG00000204876,155755326,155759037,3711
ENSG00000168830,87647024,87726349,79325
ENSG00000162511,31205316,31230667,25351
ENSG00000244291,156431057,156433348,2291
ENSG00000196415,840963,848175,7212
ENSG00000148408,140772241,141019076,246835
ENSG00000135346,87795216,87804824,9608
ENSG00000140873,77281710,77469011,187301
ENSG00000262911,34870054,34873585,3531
ENSG00000125962,101854096,101859087,4991
ENSG00000162512,31342314,31381608,39294
ENSG00000170482,138702885,138720242,17357
ENSG00000197857,12335501,12405702,70201
ENSG00000132321,237232794,237416185,183391
ENSG00000127824,220114433,220142892,28459
ENSG00000104765,26240414,26363152,122738
ENSG00000187172,10996026,11098980,102954
ENSG00000170516,46736844,46911252,174408
ENSG00000231852,32006042,32009447,3405
ENSG00000228836,134928331,134953994,25663
ENSG00000067365,8715540,8740081,24541
ENSG00000092036,23415437,23426370,10933
ENSG00000105982,156432975,156469824,36849
ENSG00000172680,57025501,57026541,1040
ENSG00000262473,34880498,34925355,44857
ENSG00000231962,11153837,11155057,1220
ENSG00000188868,12428291,12444534,16243
ENSG00000271308,11169720,11184046,14326
ENSG00000072422,62629196,62761198,132002
ENSG00000234643,11180920,11181815,895
ENSG00000111144,96394606,96437298,42692
ENSG00000229306,14371997,14389013,17016
ENSG00000181690,57073463,57123883,50420
ENSG00000163239,154474695,154520623,45928
ENSG00000224309,14410481,14439354,28873
ENSG00000198342,12460185,12476719,16534
ENSG00000207097,14419904,14420010,106
ENSG00000168122,14467626,14486111,18485
ENSG00000100413,41921808,41940610,18802
ENSG00000169379,93698983,93774512,75529
ENSG00000237202,14492565,14493128,563
ENSG00000153487,111365083,111373421,8338
ENSG00000185390,14721586,14722969,1383
ENSG00000155097,104033291,104085279,51988
ENSG00000109158,46920917,46996424,75507
ENSG00000188994,87862551,87973914,111363
ENSG00000155659,65241580,65259967,18387
ENSG00000153975,116956781,116989957,33176
ENSG00000175302,14756570,14800094,43524
ENSG00000140807,50582241,50670647,88406
ENSG00000070495,74708919,74722866,13947
ENSG00000075142,87834433,87856308,21875
ENSG00000266211,14778705,14778781,76
ENSG00000123358,52416616,52453291,36675
ENSG00000226930,14815694,14861497,45803
ENSG00000126254,36119932,36128588,8656
ENSG00000219280,14848692,14849584,892
ENSG00000197561,851014,856242,5228
ENSG00000068489,57232860,57282066,49206
ENSG00000255874,111521578,111522162,584
ENSG00000168216,70385694,70507003,121309
ENSG00000228184,14897920,14900900,2980
ENSG00000179381,14916603,14917506,903
ENSG00000228159,14918354,14930782,12428
ENSG00000236875,11987,14522,2535
ENSG00000236939,104145191,104153703,8512
ENSG00000218549,14953365,14954325,960
ENSG00000207476,14993898,14994004,106
ENSG00000266299,15017096,15017171,75
ENSG00000227874,15038189,15039867,1678
ENSG00000116962,236139130,236228462,89332
ENSG00000214319,15048343,15049437,1094
ENSG00000268744,12490003,12512088,22085
ENSG00000229231,15134659,15136653,1994
ENSG00000234101,29008603,29009630,1027
ENSG00000224922,15142253,15144061,1808
ENSG00000197766,859453,863453,4000
ENSG00000181404,14511,29739,15228
ENSG00000164929,104152938,104242533,89595
ENSG00000173231,15148407,15149587,1180
ENSG00000232797,15164956,15165462,506
ENSG00000088448,111530887,111567416,36529
ENSG00000105053,50479724,50529203,49479
ENSG00000257327,104235229,104238442,3213
ENSG00000224860,15196727,15197956,1229
ENSG00000215562,15199017,15199948,931
ENSG00000136720,128994290,129076151,81861
ENSG00000113194,175874629,175937075,62446
ENSG00000135446,58141510,58149796,8286
ENSG00000234538,15211439,15211730,291
ENSG00000196466,12500830,12512085,11255
ENSG00000228314,15215454,15220685,5231
ENSG00000233180,29050654,29051759,1105
ENSG00000088305,31350191,31397162,46971
ENSG00000156049,80037995,80263223,225228
ENSG00000235291,30646635,30664848,18213
ENSG00000215527,12658042,12663470,5428
ENSG00000142875,84543745,84704181,160436
ENSG00000268870,12502763,12551896,49133
ENSG00000170791,57124245,57131357,7112
ENSG00000166348,75257296,75385711,128415
ENSG00000187546,15239943,15601640,361697
ENSG00000240694,26362202,26371608,9406
ENSG00000108759,39616063,39623681,7618
ENSG00000180855,12540521,12551926,11405
ENSG00000242284,134945598,134953994,8396
ENSG00000266367,34836774,34836866,92
ENSG00000227518,27657,30891,3234
ENSG00000095587,98124363,98273675,149312
ENSG00000262148,34863444,34864059,615
ENSG00000166126,103388993,103399933,10940
ENSG00000167842,5389605,5394134,4529
ENSG00000263314,34864363,34866122,1759
ENSG00000218839,34394,35856,1462
ENSG00000140876,77756411,77776157,19746
ENSG00000169710,80036214,80056208,19994
ENSG00000268781,3511523,3511678,155
ENSG00000156052,80331003,80646374,315371
ENSG00000144140,52452,73323,20871
ENSG00000216560,3578596,3592438,13842
ENSG00000167208,50700211,50715264,15053
ENSG00000225655,72701,88826,16125
ENSG00000266027,31689974,31714813,24839
ENSG00000196911,117002350,117063029,60679
ENSG00000128789,12658737,12725739,67002
ENSG00000184160,3768075,3770251,2176
ENSG00000077585,236305832,236385165,79333
ENSG00000151093,25824408,25836025,11617
ENSG00000227917,100804,102941,2137
ENSG00000231808,112716,113754,1038
ENSG00000235880,267966,273002,5036
ENSG00000132300,86333305,86369280,35975
ENSG00000166598,104323885,104347423,23538
ENSG00000163319,84377085,84390888,13803
ENSG00000269755,12543917,12595630,51713
ENSG00000227155,454304,492112,37808
ENSG00000128609,123177051,123198309,21258
ENSG00000100678,70510934,70655787,144853
ENSG00000172346,41956767,41973745,16978
ENSG00000105672,36132647,36135773,3126
ENSG00000222014,130737235,130740311,3076
ENSG00000242852,12571998,12624668,52670
ENSG00000160714,154521053,154531504,10451
ENSG00000235330,477750,478423,673
ENSG00000170476,138723169,138725770,2601
ENSG00000234549,30586040,30606022,19982
ENSG00000135924,220143989,220151622,7633
ENSG00000106511,15650837,15726437,75600
ENSG00000228115,487774,495610,7836
ENSG00000264949,507258,507553,295
ENSG00000226403,547317,549531,2214
ENSG00000202172,558826,558930,104
ENSG00000196826,12572373,12662288,89915
ENSG00000229875,659986,660326,340
ENSG00000092964,26371791,26515694,143903
ENSG00000227914,673478,685555,12077
ENSG00000163762,149036285,149052201,15916
ENSG00000252991,1001858,1001963,105
ENSG00000228783,1011085,1011799,714
ENSG00000230965,15278281,15278809,528
ENSG00000198932,101906294,101914011,7717
ENSG00000224836,1151807,1152140,333
ENSG00000100417,41972898,41985894,12996
ENSG00000236594,1164414,1164867,453
ENSG00000171724,77822427,78014004,191577
ENSG00000214960,16130817,16460947,330130
ENSG00000233575,1328664,1328987,323
ENSG00000202383,1333837,1333953,116
ENSG00000175221,867962,893218,25256
ENSG00000224092,1977784,1978547,763
ENSG00000215559,15281895,15352758,70863
ENSG00000236199,2041900,2046023,4123
ENSG00000222973,2162763,2162953,190
ENSG00000264615,2228963,2229241,278
ENSG00000169087,122458846,122512671,53825
ENSG00000227074,31712761,31714813,2052
ENSG00000196604,130831108,130886795,55687
ENSG00000236404,2422702,2641395,218693
ENSG00000257084,7072409,7073610,1201
ENSG00000146083,175953698,175965026,11328
ENSG00000086619,236378855,236445319,66464
ENSG00000148019,80850978,80894606,43628
ENSG00000167207,50727514,50766988,39474
ENSG00000230891,25900024,25915191,15167
ENSG00000164930,104310661,104345094,34433
ENSG00000231052,2541097,2541635,538
ENSG00000163288,46995740,47428461,432721
ENSG00000169908,149086809,149095652,8843
ENSG00000236496,2875442,2876427,985
ENSG00000229184,2900320,2900804,484
ENSG00000203616,15309314,15309646,332
ENSG00000126267,36139125,36149763,10638
ENSG00000223287,15340810,15340916,106
ENSG00000266838,15357768,15357840,72
ENSG00000183249,15373248,15377600,4352
ENSG00000227835,2907073,3053408,146335
ENSG00000233442,15379455,15387201,7746
ENSG00000164151,5420777,5490347,69570
ENSG00000179796,26664297,26752267,87970
ENSG00000203943,84764049,84855640,91591
ENSG00000221450,2924323,2924410,87
ENSG00000067057,3108525,3179904,71379
ENSG00000236511,3181589,3198517,16928
ENSG00000163982,4190530,4228616,38086
ENSG00000215297,3364329,3364792,463
ENSG00000013588,13043716,13070871,27155
ENSG00000139266,58148881,58154190,5309
ENSG00000134644,31404353,31538838,134485
ENSG00000229861,30663945,30672631,8686
ENSG00000171680,6526152,6580121,53969
ENSG00000232104,3526723,3671646,144923
ENSG00000135363,33880122,33913836,33714
ENSG00000144476,237476430,237491001,14571
ENSG00000166509,78056412,78100658,44246
ENSG00000164411,87992696,88038996,46300
ENSG00000237359,3647335,3648338,1003
ENSG00000235326,3674546,3691814,17268
ENSG00000171243,16501106,16570205,69099
ENSG00000226669,3684076,3689626,5550
ENSG00000236724,3875584,3878809,3225
ENSG00000132406,4237269,4249950,12681
ENSG00000237009,3898642,3901248,2606
ENSG00000169903,149191761,149221068,29307
ENSG00000230001,4070906,4071884,978
ENSG00000228322,4299390,4306046,6656
ENSG00000111291,13093709,13105081,11372
ENSG00000158301,101967104,101973607,6503
ENSG00000184566,33902189,33903338,1149
ENSG00000221730,4378423,4378494,71
ENSG00000207713,7072862,7072929,67
ENSG00000111850,88032301,88052043,19742
ENSG00000200941,4386410,4386556,146
ENSG00000207708,7073260,7073354,94
ENSG00000225893,4633027,4633756,729
ENSG00000271969,7074112,7074545,433
ENSG00000105668,36157715,36169367,11652
ENSG00000238795,7076500,7076769,269
ENSG00000273061,4676600,4679502,2902
ENSG00000272201,7087683,7089103,1420
ENSG00000163322,84382092,84444501,62409
ENSG00000198752,103398716,103523799,125083
ENSG00000270639,4768617,4769895,1278
ENSG00000140506,75105057,75118099,13042
ENSG00000220105,4781475,4782078,603
ENSG00000232178,29076341,29077276,935
ENSG00000266316,24523,24637,114
ENSG00000013583,13127798,13153207,25409
ENSG00000156395,106400859,107024993,624134
ENSG00000091592,5402747,5522744,119997
ENSG00000233186,4803788,4804972,1184
ENSG00000181038,74722912,74730018,7106
ENSG00000199065,4850291,4850381,90
ENSG00000101624,12661832,12702776,40944
ENSG00000228165,4850299,4850373,74
ENSG00000137976,84864215,84880701,16486
ENSG00000100418,41994032,42017100,23068
ENSG00000169019,47452885,47465736,12851
ENSG00000220937,4944670,4945902,1232
ENSG00000231676,29137979,29139019,1040
ENSG00000186197,236511562,236648214,136652
ENSG00000145220,4269428,4291896,22468
ENSG00000196932,63166401,63213208,46807
ENSG00000135069,80912059,80945009,32950
ENSG00000249709,12636184,12662356,26172
ENSG00000238362,4968097,4968185,88
ENSG00000234534,5040945,5041940,995
ENSG00000225291,29271118,29272234,1116
ENSG00000182347,5084999,5086112,1113
ENSG00000227730,5091093,5091604,511
ENSG00000198612,237993955,238009109,15154
ENSG00000228166,5094139,5095014,875
ENSG00000224083,5096666,5098193,1527
ENSG00000265303,57274927,57292587,17660
ENSG00000269693,12636534,12691789,55255
ENSG00000235917,5098341,5099325,984
ENSG00000228097,5099560,5100229,669
ENSG00000084444,13197218,13295455,98237
ENSG00000197713,210867289,210886300,19011
ENSG00000237711,5100236,5101009,773
ENSG00000019582,149781200,149792492,11292
ENSG00000233046,29319722,29396318,76596
ENSG00000236254,5107937,5109290,1353
ENSG00000188033,12688775,12750912,62137
ENSG00000226907,134962849,134971244,8395
ENSG00000230225,5109496,5110762,1266
ENSG00000117133,84944942,84963473,18531
ENSG00000236567,5110913,5112849,1936
ENSG00000254017,5113549,5114804,1255
ENSG00000237553,5193339,5193558,219
ENSG00000198908,101975616,102008468,32852
ENSG00000214195,5311444,5311716,272
ENSG00000204576,30524663,30531500,6837
ENSG00000272866,5351796,5352410,614
ENSG00000231967,5356312,5356525,213
ENSG00000167447,57286761,57292608,5847
ENSG00000135387,34073230,34122703,49473
ENSG00000214190,5418373,5418976,603
ENSG00000186153,78133310,79246564,1113254
ENSG00000231509,5584490,5588994,4504
ENSG00000225408,5719021,5720244,1223
ENSG00000213578,75118888,75124141,5253
ENSG00000223621,5855781,5856426,645
ENSG00000115267,163123589,163175213,51624
ENSG00000238654,5890150,5890256,106
ENSG00000263575,6007826,6007904,78
ENSG00000135945,100016938,100106497,89559
ENSG00000228739,6047360,6066714,19354
ENSG00000237274,6195934,6197248,1314
ENSG00000237100,30606238,30612400,6162
ENSG00000173875,12721732,12742735,21003
ENSG00000224905,15399742,15516789,117047
ENSG00000183346,63422719,63526524,103805
ENSG00000228132,6276640,6276974,334
ENSG00000233846,6278667,6279153,486
ENSG00000233367,6415145,6449558,34413
ENSG00000105983,156461646,156685924,224278
ENSG00000249493,15436646,15441408,4762
ENSG00000163491,27151576,27410951,259375
ENSG00000264530,6542094,6542350,256
ENSG00000252110,6566332,6566425,93
ENSG00000201812,15443192,15443307,115
ENSG00000237158,6568844,6569360,516
ENSG00000240755,15515902,15516479,577
ENSG00000206147,6639139,6639604,465
ENSG00000174021,84964008,84972248,8240
ENSG00000236924,6645956,6670635,24679
ENSG00000164932,104383743,104395225,11482
ENSG00000226524,88032323,88109459,77136
ENSG00000127954,87905744,87936206,30462
ENSG00000266863,6661651,6661936,285
ENSG00000229057,6662424,6663792,1368
ENSG00000183044,8768422,8878432,110010
ENSG00000102606,111766906,111958084,191178
ENSG00000231381,6668999,6670008,1009
ENSG00000150347,63661059,63856703,195644
ENSG00000203872,88054567,88075181,20614
ENSG00000232946,6675284,6675614,330
ENSG00000146809,123207064,123277951,70887
ENSG00000145246,47487305,47595503,108198
ENSG00000229611,6704471,6707780,3309
ENSG00000243064,15608527,15735075,126548
ENSG00000225489,6716548,6727438,10890
ENSG00000160716,154540257,154552502,12245
ENSG00000152076,130896860,130902707,5847
ENSG00000231108,6734598,6735076,478
ENSG00000203871,88106840,88109467,2627
ENSG00000256968,6748703,6748981,278
ENSG00000182348,88388682,88966346,577664
ENSG00000230581,6834456,6835577,1121
ENSG00000197079,39632941,39637392,4451
ENSG00000224972,6902670,6978859,76189
ENSG00000230207,7477045,7478320,1275
ENSG00000164933,104410863,104427417,16554
ENSG00000178654,7597823,7598377,554
ENSG00000164645,88423420,88425035,1615
ENSG00000273056,7786105,7786688,583
ENSG00000226376,7930827,7935137,4310
ENSG00000231902,7960413,7961080,667
ENSG00000011590,36195429,36207940,12511
ENSG00000196419,42017123,42060044,42921
ENSG00000235389,8700595,8701552,957
ENSG00000212695,8713311,8713841,530
ENSG00000188486,118964564,118966177,1613
ENSG00000272514,88117701,88174183,56482
ENSG00000087077,100464760,100471076,6316
ENSG00000164647,89783689,89794143,10454
ENSG00000162408,6581407,6614595,33188
ENSG00000239102,8797135,8797194,59
ENSG00000089472,65382391,65488709,106318
ENSG00000126337,39642388,39648798,6410
ENSG00000117151,85015289,85040163,24874
ENSG00000225706,8858130,8862255,4125
ENSG00000123395,52463030,52471278,8248
ENSG00000251699,8888136,8888207,71
ENSG00000234021,8936079,8963077,26998
ENSG00000232005,32191945,32197387,5442
ENSG00000230048,31715552,31727293,11741
ENSG00000212829,9090876,9091311,435
ENSG00000221708,9425461,9425558,97
ENSG00000108018,108333421,108924292,590871
ENSG00000265735,9442060,9442347,287
ENSG00000230920,9799423,9803784,4361
ENSG00000153982,57297828,57353328,55500
ENSG00000234360,10532145,10532411,266
ENSG00000074276,175969512,176022975,53463
ENSG00000226717,10613202,10620420,7218
ENSG00000133983,70791798,70826448,34650
ENSG00000138678,84457067,84527028,69961
ENSG00000232035,10631750,10632203,453
ENSG00000227138,10777357,10777525,168
ENSG00000230589,10829752,10830308,556
ENSG00000270372,10948372,10948481,109
ENSG00000140474,75128457,75135687,7230
ENSG00000234146,11011748,11013096,1348
ENSG00000230365,11275314,11276314,1000
ENSG00000239701,7139412,7139702,290
ENSG00000224935,12098660,12159147,60487
ENSG00000257078,7148460,7148945,485
ENSG00000231491,12287320,12288238,918
ENSG00000222581,12300266,12300451,185
ENSG00000138463,122513642,122599986,86344
ENSG00000172269,118967213,118979041,11828
ENSG00000235448,12700100,12814344,114244
ENSG00000116977,236681300,236716281,34981
ENSG00000243115,12764762,12765054,292
ENSG00000222658,12885320,12885416,96
ENSG00000205885,7260648,7275097,14449
ENSG00000214121,12972842,12973437,595
ENSG00000272333,36208921,36229779,20858
ENSG00000234586,13021693,13022891,1198
ENSG00000135372,34127149,34169217,42068
ENSG00000171401,39657233,39661957,4724
ENSG00000234740,13274509,13279186,4677
ENSG00000223672,13322805,13323449,644
ENSG00000170786,57212569,57233335,20766
ENSG00000205858,16566505,16621193,54688
ENSG00000270547,13406379,13433052,26673
ENSG00000200345,7271381,7271487,106
ENSG00000256967,7281675,7283794,2119
ENSG00000226197,13446490,13487510,41020
ENSG00000205636,13927970,13945609,17639
ENSG00000228672,138727635,138730885,3250
ENSG00000255572,7319270,7341665,22395
ENSG00000139168,42705880,42719920,14040
ENSG00000229268,13986174,13987908,1734
ENSG00000235533,14025970,14030114,4144
ENSG00000256480,7390028,7393582,3554
ENSG00000223568,14040715,14041860,1145
ENSG00000255836,7591376,7592586,1210
ENSG00000077147,98277866,98347209,69343
ENSG00000111012,58156117,58162769,6652
ENSG00000235868,7718965,7719978,1013
ENSG00000213954,14068931,14069416,485
ENSG00000234982,14204247,14205038,791
ENSG00000225472,14317084,14357907,40823
ENSG00000180869,85093913,85100703,6790
ENSG00000133398,6371994,6378707,6713
ENSG00000237137,14531914,14532040,126
ENSG00000178750,93733213,93747454,14241
ENSG00000181433,134971374,134995220,23846
ENSG00000273399,14586767,14587324,557
ENSG00000198858,896503,913240,16737
ENSG00000102128,102192200,102193228,1028
ENSG00000272871,14588795,14590063,1268
ENSG00000170807,123295861,123304344,8483
ENSG00000182010,63942794,64028466,85672
ENSG00000229029,14593575,14594198,623
ENSG00000199814,14850427,14850533,106
ENSG00000106524,16639401,16685442,46041
ENSG00000214110,14921335,14922332,997
ENSG00000256331,7756946,7757810,864
ENSG00000255977,7759430,7759927,497
ENSG00000178700,93766680,93782233,15553
ENSG00000111305,13236494,13256619,20125
ENSG00000201549,7936999,7937107,108
ENSG00000170469,138732252,138739777,7525
ENSG00000175354,12785477,12929642,144165
ENSG00000199912,7952957,7953063,106
ENSG00000232000,14987300,15146399,159099
ENSG00000222978,7999884,7999978,94
ENSG00000126246,36230058,36233354,3296
ENSG00000201663,8003313,8003414,101
ENSG00000241828,8013033,8013360,327
ENSG00000106299,123321989,123389121,67132
ENSG00000181195,57349233,57359293,10060
ENSG00000215237,14993310,15019727,26417
ENSG00000183807,117073363,117086886,13523
ENSG00000083799,50775961,50835846,59885
ENSG00000259132,23415479,23451467,35988
ENSG00000234297,15055055,15056050,995
ENSG00000251960,15143287,15143384,97
ENSG00000263817,15348166,15348453,287
ENSG00000215236,15361391,15362132,741
ENSG00000143891,38893052,38968379,75327
ENSG00000251834,15431897,15432004,107
ENSG00000226171,30612310,30632260,19950
ENSG00000240613,15525782,15526079,297
ENSG00000213362,15527131,15527681,550
ENSG00000133169,102317579,102319168,1589
ENSG00000164934,104426942,104455681,28739
ENSG00000115271,163175350,163228105,52755
ENSG00000214530,72465774,72504726,38952
ENSG00000207433,15544186,15544292,106
ENSG00000267120,36230153,36236333,6180
ENSG00000106829,82186688,82341658,154970
ENSG00000231376,15588353,15588613,260
ENSG00000018408,149235022,149454501,219479
ENSG00000207360,15776179,15776284,105
ENSG00000172375,118972908,118989252,16344
ENSG00000231756,16473186,16476235,3049
ENSG00000130921,123717463,123742506,25043
ENSG00000230694,16625674,16626388,714
ENSG00000268977,79015647,79015739,92
ENSG00000168826,4291924,4323513,31589
ENSG00000108854,62538413,62658186,119773
ENSG00000234779,16726812,16727522,710
ENSG00000233551,16775571,16775843,272
ENSG00000153495,111968531,111996596,28065
ENSG00000237153,17048917,17112813,63896
ENSG00000173612,117113248,117150200,36952
ENSG00000241152,17053899,17054200,301
ENSG00000167767,52562780,52585784,23004
ENSG00000226470,17096299,17096444,145
ENSG00000054356,220154345,220174370,20025
ENSG00000178573,79619740,79634611,14871
ENSG00000237083,17108302,17108602,300
ENSG00000224488,17447143,17448541,1398
ENSG00000228810,17589159,17591316,2157
ENSG00000184857,8874241,8891505,17264
ENSG00000204398,112240548,112324955,84407
ENSG00000227167,18360595,18362218,1623
ENSG00000264638,18573304,18573377,73
ENSG00000252960,18651145,18651448,303
ENSG00000236857,18717972,18718524,552
ENSG00000182968,112721913,112726020,4107
ENSG00000223211,18834835,18834925,90
ENSG00000139174,42852140,42984157,132017
ENSG00000236680,19026890,19028127,1237
ENSG00000160710,154554538,154600475,45937
ENSG00000251733,19063654,19063784,130
ENSG00000252943,19073841,19073944,103
ENSG00000175155,57409050,57479090,70040
ENSG00000082293,70576463,70919679,343216
ENSG00000201118,19089591,19089686,95
ENSG00000264126,19106479,19106788,309
ENSG00000101367,31407699,31438211,30512
ENSG00000232176,19200333,19201044,711
ENSG00000232978,19291335,19292574,1239
ENSG00000238348,19310689,19310786,97
ENSG00000153498,113030633,113089003,58370
ENSG00000185002,117198375,117253326,54951
ENSG00000272842,19371384,19371943,559
ENSG00000273226,19375449,19375994,545
ENSG00000234853,19383215,19383885,670
ENSG00000147206,102330738,102348157,17419
ENSG00000260912,19453207,19455171,1964
ENSG00000223662,15954523,15970624,16101
ENSG00000231909,19460924,19464522,3598
ENSG00000145198,183948217,183960117,11900
ENSG00000163623,85413140,85419603,6463
ENSG00000232884,16119083,16126184,7101
ENSG00000232158,19705336,19705653,317
ENSG00000142528,50528971,50556671,27700
ENSG00000037897,58162254,58166576,4322
ENSG00000266224,19829751,19829845,94
ENSG00000228600,16129909,16130673,764
ENSG00000161265,36233365,36236346,2981
ENSG00000261402,19926092,19929935,3843
ENSG00000215218,6448736,6495022,46286
ENSG00000226751,16134031,16135411,1380
ENSG00000270712,19957392,19958145,753
ENSG00000157214,89796904,89867451,70547
ENSG00000225502,16146622,16147583,961
ENSG00000221744,20295002,20295086,84
ENSG00000215529,31446729,31549006,102277
ENSG00000237434,20331444,20332275,831
ENSG00000263790,20411146,20411236,90
ENSG00000255885,8023448,8023966,518
ENSG00000163624,85504132,85572491,68359
ENSG00000222202,20418319,20418425,106
ENSG00000235609,16191164,16254296,63132
ENSG00000264941,20502263,20502340,77
ENSG00000140650,8882680,8943188,60508
ENSG00000176654,8045172,8052736,7564
ENSG00000237088,20532550,20533337,787
ENSG00000170162,117586721,117594728,8007
ENSG00000226406,16201475,16202310,835
ENSG00000252324,20576216,20576300,84
ENSG00000227071,20683303,20684687,1384
ENSG00000235277,16290855,16319417,28562
ENSG00000178694,93781760,93847389,65629
ENSG00000117155,85109390,85156486,47096
ENSG00000229047,16333630,16336554,2924
ENSG00000207609,20716104,20716187,83
ENSG00000138311,64133951,64431771,297820
ENSG00000236697,32197967,32202724,4757
ENSG00000231201,16343791,16365175,21384
ENSG00000202189,20786926,20787054,128
ENSG00000230208,21058770,21059322,552
ENSG00000236471,16439391,16440158,767
ENSG00000225027,21106542,21106835,293
ENSG00000120907,26605667,26724790,119123
ENSG00000199635,21160234,21160335,101
ENSG00000229425,16742841,16774624,31783
ENSG00000232281,21178588,21179187,599
ENSG00000224132,238165734,238166319,585
ENSG00000226597,21190653,21191243,590
ENSG00000224524,16862849,16863086,237
ENSG00000267168,74729060,74734604,5544
ENSG00000232056,10987703,10995081,7378
ENSG00000224247,16866251,16868443,2192
ENSG00000223684,21209188,21209778,590
ENSG00000173662,6615241,6639817,24576
ENSG00000212564,16986602,16986708,106
ENSG00000232138,21231265,21231852,587
ENSG00000221497,17065527,17065622,95
ENSG00000224416,21278049,21278618,569
ENSG00000226298,17066619,17068900,2281
ENSG00000172273,118992297,119006752,14455
ENSG00000162975,11052063,11054350,2287
ENSG00000226393,21321299,21321826,527
ENSG00000161652,50655805,50666452,10647
ENSG00000238591,17080978,17081077,99
ENSG00000261696,21394887,21396345,1458
ENSG00000231195,21398613,21399138,525
ENSG00000234159,17116323,17117399,1076
ENSG00000152315,90528109,90652201,124092
ENSG00000126216,113139325,113242481,103156
ENSG00000235108,21403080,21403650,570
ENSG00000167098,31571579,31592239,20660
ENSG00000252273,17407733,17407829,96
ENSG00000150873,11273179,11286916,13737
ENSG00000237691,21420233,21420812,579
ENSG00000269242,12754645,12759211,4566
ENSG00000238271,21455483,21456048,565
ENSG00000169446,135044229,135056222,11993
ENSG00000171889,21455641,21559668,104027
ENSG00000199177,21512114,21512184,70
ENSG00000264379,21524306,21524381,75
ENSG00000227443,21638284,21638675,391
ENSG00000229835,21695175,21696942,1767
ENSG00000168589,80574631,80584657,10026
ENSG00000244230,21699313,21699569,256
ENSG00000266732,21808057,21808123,66
ENSG00000100764,90722839,90738968,16129
ENSG00000229298,21811620,21812346,726
ENSG00000265194,21858909,21861925,3016
ENSG00000264801,21929456,21931072,1616
ENSG00000231257,30673078,30693061,19983
ENSG00000232339,32202044,32231292,29248
ENSG00000266134,112375275,112392172,16897
ENSG00000215386,17442842,17999716,556874
ENSG00000171346,39669995,39678781,8786
ENSG00000037474,6599352,6633404,34052
ENSG00000136261,16685756,16746148,60392
ENSG00000213463,70838148,70883778,45630
ENSG00000162976,11295324,11319000,23676
ENSG00000119285,236712305,236767804,55499
ENSG00000170464,138744279,138780180,35901
ENSG00000104331,57870492,57906403,35911
ENSG00000240498,21994777,22121096,126319
ENSG00000204859,6640061,6649340,9279
ENSG00000078898,31595406,31611515,16109
ENSG00000168477,32008931,32083111,74180
ENSG00000139985,70918874,70926622,7748
ENSG00000084628,31652592,31712401,59809
ENSG00000269028,96335981,96337000,1019
ENSG00000198689,135067598,135129423,61825
ENSG00000134007,70989075,71001732,12657
ENSG00000166446,80631803,80838226,206423
ENSG00000169122,58907068,59116838,209770
ENSG00000104774,12757325,12777556,20231
ENSG00000204574,30539153,30564956,25803
ENSG00000264528,112391980,112408732,16752
ENSG00000006744,12895708,12921504,25796
ENSG00000266446,21995481,21996012,531
ENSG00000215221,22012154,22012535,381
ENSG00000236921,22203989,22214671,10682
ENSG00000116014,917287,921015,3728
ENSG00000108406,57642886,57685706,42820
ENSG00000234840,22646199,22824212,178013
ENSG00000171517,85277285,85358896,81611
ENSG00000236739,22747699,22748233,534
ENSG00000268141,154585067,154585190,123
ENSG00000224549,22767174,22768315,1141
ENSG00000164587,149822753,149829319,6566
ENSG00000265572,22953018,22953102,84
ENSG00000227607,23632104,23632358,254
ENSG00000197595,113301358,113338811,37453
ENSG00000233906,23671786,23672397,611
ENSG00000226626,23681892,23682660,768
ENSG00000231460,23829668,23849912,20244
ENSG00000060688,31732417,31769662,37245
ENSG00000236428,30635612,30638612,3000
ENSG00000237414,23894988,23898052,3064
ENSG00000133997,71047974,71067384,19410
ENSG00000269957,24545950,24591991,46041
ENSG00000085415,12947132,12987535,40403
ENSG00000216088,24872710,24872796,86
ENSG00000196781,84198598,84304220,105622
ENSG00000223088,24905467,24905733,266
ENSG00000222693,25088809,25089149,340
ENSG00000116017,925781,975939,50158
ENSG00000236306,25780054,25784560,4506
ENSG00000270683,25937910,25938432,522
ENSG00000266429,26614038,26614123,85
ENSG00000254261,26746951,26786872,39921
ENSG00000140497,75136071,75165706,29635
ENSG00000252580,26796171,26796302,131
ENSG00000253400,26801731,26805860,4129
ENSG00000080224,96533425,97471304,937879
ENSG00000232466,26880176,26880547,371
ENSG00000213204,88117730,88221352,103622
ENSG00000240306,26895676,26895968,292
ENSG00000234676,26955778,26956293,515
ENSG00000254396,27102628,27104726,2098
ENSG00000223162,27198285,27198399,114
ENSG00000114744,149456257,149470286,14029
ENSG00000096171,31727480,31745915,18435
ENSG00000232867,27210325,27210624,299
ENSG00000231459,27245682,27282791,37109
ENSG00000255356,8049204,8049552,348
ENSG00000206636,8128855,8128956,101
ENSG00000103121,81009698,81053875,44177
ENSG00000153898,85391268,85462796,71528
ENSG00000138081,48016455,48132932,116477
ENSG00000240739,8147366,8147680,314
ENSG00000168824,4349867,4420785,70918
ENSG00000237734,27391732,27397561,5829
ENSG00000255964,8167620,8169002,1382
ENSG00000215441,27608380,27610743,2363
ENSG00000255581,8169797,8170456,659
ENSG00000260390,27829274,27844479,15205
ENSG00000115875,38970741,38978636,7895
ENSG00000235602,8286368,8287447,1079
ENSG00000260412,27937615,27944495,6880
ENSG00000229060,28148209,28149234,1025
ENSG00000224955,28598666,28599290,624
ENSG00000256171,8293764,8295293,1529
ENSG00000215966,28863624,28863704,80
ENSG00000215939,28888877,28888953,76
ENSG00000143603,154669931,154842756,172825
ENSG00000230276,29254073,29254424,351
ENSG00000229834,29636484,29636851,367
ENSG00000070614,149865381,149937773,72392
ENSG00000226711,8332805,8368747,35942
ENSG00000230097,29824740,29826709,1969
ENSG00000253903,26943694,26944766,1072
ENSG00000239155,30178473,30178575,102
ENSG00000214976,17466735,17467692,957
ENSG00000232060,30558878,30559479,601
ENSG00000123427,58165275,58176324,11049
ENSG00000145244,47596015,47840123,244108
ENSG00000239792,30670962,30671964,1002
ENSG00000224602,17493630,17493964,334
ENSG00000231135,30659033,30677115,18082
ENSG00000215210,30689103,30690270,1167
ENSG00000201025,17657017,17657089,72
ENSG00000270071,17664112,17680454,16342
ENSG00000221111,30771095,30771197,102
ENSG00000270139,17789459,17791400,1941
ENSG00000235626,30773462,30774730,1268
ENSG00000167104,31619454,31631853,12399
ENSG00000207638,17911409,17911489,80
ENSG00000211510,30774226,30774317,91
ENSG00000199030,17912143,17912236,93
ENSG00000226246,30799469,30800744,1275
ENSG00000172350,119019722,119033360,13638
ENSG00000269950,17947038,17954957,7919
ENSG00000233278,30831876,30832223,347
ENSG00000207863,17962557,17962645,88
ENSG00000111328,123745528,123756881,11353
ENSG00000214020,30935483,30935975,492
ENSG00000228798,18003146,18013002,9856
ENSG00000164346,74062817,74072737,9920
ENSG00000270093,18015848,18017384,1536
ENSG00000228557,30988083,30990570,2487
ENSG00000239023,18091317,18091476,159
ENSG00000065268,983174,994569,11395
ENSG00000237735,18126838,18188007,61169
ENSG00000205155,36236015,36237911,1896
ENSG00000223421,31165616,31166978,1362
ENSG00000232886,18235195,18246011,10816
ENSG00000232203,31253899,31254775,876
ENSG00000225735,18582787,18583665,878
ENSG00000068650,113344643,113541482,196839
ENSG00000260720,31371609,31381488,9879
ENSG00000186190,31643230,31661434,18204
ENSG00000252462,18803865,18803965,100
ENSG00000226998,31505278,31505941,663
ENSG00000252613,18824999,18825052,53
ENSG00000229080,31505944,31506613,669
ENSG00000226580,18872997,18873142,145
ENSG00000266195,18878771,18879044,273
ENSG00000161547,74730197,74733456,3259
ENSG00000235148,31644574,31645158,584
ENSG00000232260,18890841,18891311,470
ENSG00000206199,149478892,149686172,207280
ENSG00000100138,42069934,42086508,16574
ENSG00000252313,32293556,32293690,134
ENSG00000188223,36236579,36245420,8841
ENSG00000225347,32333455,32334352,897
ENSG00000168010,72525353,72554719,29366
ENSG00000203543,32547881,32548148,267
ENSG00000203542,32548215,32548487,272
ENSG00000015592,27092840,27115937,23097
ENSG00000153046,4706393,4955785,249392
ENSG00000235453,32551142,32567003,15861
ENSG00000129474,23440383,23451851,11468
ENSG00000267796,36239262,36245420,6158
ENSG00000184611,163227917,163695240,467323
ENSG00000203659,32553187,32553801,614
ENSG00000164414,88180341,88222054,41713
ENSG00000214006,32556904,32557921,1017
ENSG00000214929,84603687,84610171,6484
ENSG00000232303,32566146,32567124,978
ENSG00000184208,42084943,42094140,9197
ENSG00000256239,32629452,32635667,6215
ENSG00000077522,236849754,236927931,78177
ENSG00000223440,32633452,32648683,15231
ENSG00000230516,32643101,32645024,1923
ENSG00000238001,32676061,32676518,457
ENSG00000230867,32727067,32727520,453
ENSG00000221696,32764294,32764420,126
ENSG00000272113,32820249,32820356,107
ENSG00000236796,32836573,32869593,33020
ENSG00000165105,85594500,85678092,83592
ENSG00000163625,85590704,85887544,296840
ENSG00000111145,96588160,96663613,75453
ENSG00000105792,89874488,89940377,65889
ENSG00000231193,32840596,32841760,1164
ENSG00000223807,32926049,32926448,399
ENSG00000237437,32945994,32947220,1226
ENSG00000162643,85464830,85598821,133991
ENSG00000244050,8352195,8371507,19312
ENSG00000236184,32979558,32980401,843
ENSG00000121766,31769842,31837783,67941
ENSG00000215114,59323823,59364060,40237
ENSG00000225693,33019680,33020163,483
ENSG00000254016,8380330,8384360,4030
ENSG00000222169,33042107,33042214,107
ENSG00000233554,33166973,33179981,13008
ENSG00000266026,8382368,8382433,65
ENSG00000252224,33174168,33174293,125
ENSG00000164845,8385108,8395544,10436
ENSG00000200544,33352786,33352872,86
ENSG00000223678,33402855,33409946,7091
ENSG00000134318,11319887,11488456,168569
ENSG00000270542,33449753,33449939,186
ENSG00000103449,51169886,51185278,15392
ENSG00000144445,210886147,211036107,149960
ENSG00000226823,33503653,33510709,7056
ENSG00000206245,32299914,32391764,91850
ENSG00000163344,154897210,154909467,12257
ENSG00000228072,33512957,33514771,1814
ENSG00000105357,50691443,50813802,122359
ENSG00000087087,100472733,100486285,13552
ENSG00000225123,33574359,33574586,227
ENSG00000171992,149980642,150038782,58140
ENSG00000234373,33576378,33577012,634
ENSG00000269590,12775642,12780211,4569
ENSG00000226562,33580693,33605289,24596
ENSG00000153048,8946799,8962866,16067
ENSG00000167910,59402737,59412795,10058
ENSG00000166451,81040103,81066719,26616
ENSG00000204982,33613846,33614007,161
ENSG00000198780,74073399,74162776,89377
ENSG00000231991,33624223,33625532,1309
ENSG00000082684,122628041,122747452,119411
ENSG00000234122,33634109,33634244,135
ENSG00000215206,33649045,33649612,567
ENSG00000178802,75182346,75191798,9452
ENSG00000168818,4417469,4544073,126604
ENSG00000240215,33662164,33662661,497
ENSG00000132305,86371055,86422893,51838
ENSG00000237984,33673502,33677497,3995
ENSG00000268192,119027590,119027930,340
ENSG00000172159,85857905,86153461,295556
ENSG00000231165,33695765,33696057,292
ENSG00000260947,33697457,33700984,3527
ENSG00000227301,33719688,33722553,2865
ENSG00000214160,183960089,183967336,7247
ENSG00000233776,33732973,33738414,5441
ENSG00000176809,62850430,62915598,65168
ENSG00000235481,33785948,33818793,32845
ENSG00000146282,88224096,88299721,75625
ENSG00000223394,33786526,33786826,300
ENSG00000167077,42095503,42195460,99957
ENSG00000200834,33830976,33831076,100
ENSG00000251748,33868538,33868663,125
ENSG00000257921,58166811,58180829,14018
ENSG00000100802,23456110,23479375,23265
ENSG00000230925,33909607,33911120,1513
ENSG00000238300,33934294,33934374,80
ENSG00000238886,33952767,33952848,81
ENSG00000225412,32400085,32414370,14285
ENSG00000226801,33968069,33968516,447
ENSG00000252406,34018258,34018319,61
ENSG00000222259,34049964,34050242,278
ENSG00000228352,34084330,34096223,11893
ENSG00000224802,34109169,34109966,797
ENSG00000162413,6650784,6674667,23883
ENSG00000239392,34133155,34134694,1539
ENSG00000249751,138784245,138842328,58083
ENSG00000203513,34169687,34169934,247
ENSG00000227383,34191553,34191879,326
ENSG00000004776,36245469,36248980,3511
ENSG00000264440,112408802,112423993,15191
ENSG00000200141,34194810,34194905,95
ENSG00000055732,85483765,85514182,30417
ENSG00000203512,34195642,34195883,241
ENSG00000269071,138852108,138852506,398
ENSG00000203511,34201271,34201513,242
ENSG00000252164,34206132,34206239,107
ENSG00000182263,164449906,164592522,142616
ENSG00000233668,34223982,34224626,644
ENSG00000222426,34282526,34282668,142
ENSG00000134531,13349650,13369708,20058
ENSG00000266881,34296377,34296428,51
ENSG00000123154,12777614,12786646,9032
ENSG00000177791,75391412,75401515,10103
ENSG00000137575,59465483,59495419,29936
ENSG00000116273,6673745,6684093,10348
ENSG00000123297,58176372,58201854,25482
ENSG00000215241,8388011,8395160,7149
ENSG00000184584,138855119,138862520,7401
ENSG00000133985,71108504,71142077,33573
ENSG00000256589,8407123,8461445,54322
ENSG00000106302,123469037,123517532,48495
ENSG00000226091,8448582,8549399,100817
ENSG00000116984,236958610,237067281,108671
ENSG00000148057,86237964,86259045,21081
ENSG00000171345,39679869,39684560,4691
ENSG00000180861,13524023,13540101,16078
ENSG00000186191,31667450,31699557,32107
ENSG00000160703,119037277,119054725,17448
ENSG00000041988,6684926,6695646,10720
ENSG00000164591,150040436,150058927,18491
ENSG00000101639,12991361,13125051,133690
ENSG00000261190,52039399,52112386,72987
ENSG00000167595,36249044,36261930,12886
ENSG00000166317,75404639,75423561,18922
ENSG00000097096,85622556,85666729,44173
ENSG00000176155,80059336,80170706,111370
ENSG00000106304,123565286,123611468,46182
ENSG00000256552,8472977,8522151,49174
ENSG00000187555,8985951,9058371,72420
ENSG00000131050,31749574,31769218,19644
ENSG00000232421,30679427,30684652,5225
ENSG00000103460,52471917,52581714,109797
ENSG00000162642,85715639,85725355,9716
ENSG00000163359,238232646,238323018,90372
ENSG00000102409,102470020,102472174,2154
ENSG00000173157,43747669,43945724,198055
ENSG00000006432,71189243,71276251,87008
ENSG00000135018,86274878,86323118,48240
ENSG00000205436,103566481,103576896,10415
ENSG00000086589,150070356,150080669,10313
ENSG00000131059,31805116,31815564,10448
ENSG00000166016,34172535,34379555,207020
ENSG00000059758,96672039,96794338,122299
ENSG00000142867,85731931,85742773,10842
ENSG00000224120,30693277,30699447,6170
ENSG00000166454,81069452,81080963,11511
ENSG00000251394,29337930,29414451,76521
ENSG00000121769,31838472,31849697,11225
ENSG00000163346,154916552,154928599,12047
ENSG00000263699,112430063,112576141,146078
ENSG00000269117,31823091,31823387,296
ENSG00000176406,104512976,105268322,755346
ENSG00000235966,29361002,29362034,1032
ENSG00000082996,149530495,149679926,149431
ENSG00000273079,13693165,14133053,439888
ENSG00000135480,52626304,52645970,19666
ENSG00000244020,237167403,237167718,315
ENSG00000139697,123773656,123849390,75734
ENSG00000182698,220192131,220197899,5768
ENSG00000224234,29381648,29405305,23657
ENSG00000198183,31823801,31831115,7314
ENSG00000007923,6694228,6761984,67756
ENSG00000153904,85784164,86043933,259769
ENSG00000121691,34460472,34493609,33137
ENSG00000144218,100162323,100759201,596878
ENSG00000168528,31882412,31907525,25113
ENSG00000112280,70924764,71012786,88022
ENSG00000165113,86354336,86444431,90095
ENSG00000230780,29389855,29421426,31571
ENSG00000170448,47849257,47916653,67396
ENSG00000179314,5675554,6027747,352193
ENSG00000269169,999601,999952,351
ENSG00000171403,39722096,39728310,6214
ENSG00000234224,123670973,123673523,2550
ENSG00000136699,130908981,130940323,31342
ENSG00000116032,1000418,1009731,9313
ENSG00000170775,124386051,124405681,19630
ENSG00000231377,30699357,30719302,19945
ENSG00000268950,31902192,31902614,422
ENSG00000186847,39738531,39743173,4642
ENSG00000004777,36265434,36279724,14290
ENSG00000142871,86046444,86049645,3201
ENSG00000200754,18899458,18899565,107
ENSG00000199962,18949116,18949224,108
ENSG00000226956,19031594,19032702,1108
ENSG00000146909,156742417,156765876,23459
ENSG00000226260,32446282,32451493,5211
ENSG00000235132,29421536,29428682,7146
ENSG00000240770,19135632,19164840,29208
ENSG00000135336,88299839,88377169,77330
ENSG00000244676,19165805,19183162,17357
ENSG00000181915,64564516,64568238,3722
ENSG00000231755,19207333,19257925,50592
ENSG00000221335,19264028,19264116,88
ENSG00000215369,19266510,19266802,292
ENSG00000142910,32042116,32053288,11172
ENSG00000152147,38978676,39012142,33466
ENSG00000227330,19394687,19487222,92535
ENSG00000228708,19849676,19858917,9241
ENSG00000122877,64571756,64679660,107904
ENSG00000227826,32542662,32557610,14948
ENSG00000224141,19933583,20132321,198738
ENSG00000126861,29599031,29624557,25526
ENSG00000256101,8474472,8482210,7738
ENSG00000178761,75192328,75199462,7134
ENSG00000119720,90742580,90798481,55901
ENSG00000104228,27142404,27168836,26432
ENSG00000135374,34500340,34535352,35012
ENSG00000117174,86115106,86174116,59010
ENSG00000172650,75434033,75457639,23606
ENSG00000182087,1009647,1021117,11470
ENSG00000148572,64893050,64914783,21733
ENSG00000229074,32691166,32725266,34100
ENSG00000165115,86451613,86536342,84729
ENSG00000180964,102507923,102510131,2208
ENSG00000126217,113548692,113754053,205361
ENSG00000128513,124462440,124570037,107597
ENSG00000221307,8476927,8477027,100
ENSG00000242661,8511650,8512430,780
ENSG00000225060,30722654,30734160,11506
ENSG00000221104,8519282,8519427,145
ENSG00000256136,8559429,8559791,362
ENSG00000238152,8567376,8568401,1025
ENSG00000266218,8579196,8579283,87
ENSG00000214487,8580236,8581206,970
ENSG00000163132,4861393,4865663,4270
ENSG00000151468,12938627,13141652,203025
ENSG00000120063,63006833,63052957,46124
ENSG00000166455,81087102,81110872,23770
ENSG00000171681,14518610,14651697,133087
ENSG00000022267,135229559,135293518,63959
ENSG00000100147,42196683,42222303,25620
ENSG00000125999,31861286,31897684,36398
ENSG00000225890,32748724,32771089,22365
ENSG00000131398,50815194,50836772,21578
ENSG00000131080,65815479,65859108,43629
ENSG00000231502,31747358,31756947,9589
ENSG00000165118,86553226,86571901,18675
ENSG00000140905,81115566,81130008,14442
ENSG00000108039,111624524,111683311,58787
ENSG00000163348,154929502,154936329,6827
ENSG00000137478,72547790,72853306,305516
ENSG00000124787,4994966,5004297,9331
ENSG00000198626,237205505,237997288,791783
ENSG00000233141,29451051,29452315,1264
ENSG00000113966,97483365,97519953,36588
ENSG00000135407,58191159,58212487,21328
ENSG00000198911,42229109,42303312,74203
ENSG00000141367,57697219,57773671,76452
ENSG00000172367,119056166,119060932,4766
ENSG00000170891,5016313,5021199,4886
ENSG00000258145,32768066,32777985,9919
ENSG00000258062,32768896,32769252,356
ENSG00000178741,75212132,75230509,18377
ENSG00000257123,32778165,32778539,374
ENSG00000177586,8589999,8591021,1022
ENSG00000035681,59496063,59572403,76340
ENSG00000243830,8613214,8613828,614
ENSG00000201780,8637342,8637448,106
ENSG00000246115,8664970,8665322,352
ENSG00000047936,117609463,117747018,137555
ENSG00000064666,1026298,1039068,12770
ENSG00000131508,138906016,139008018,102002
ENSG00000135373,34642640,34682604,39964
ENSG00000147647,105342552,105479281,136729
ENSG00000177200,53088945,53363062,274117
ENSG00000130675,156786745,156803345,16600
ENSG00000185215,103589779,103603776,13997
ENSG00000129221,6297013,6338519,41506
ENSG00000234258,31759586,31765032,5446
ENSG00000230143,30686935,30701969,15034
ENSG00000164935,105351315,105368917,17602
ENSG00000166473,81134480,81253975,119495
ENSG00000234475,31765431,31767913,2482
ENSG00000171502,86194916,86622626,427710
ENSG00000185862,29630784,29641130,10346
ENSG00000234809,30734312,30737685,3373
ENSG00000176986,75504120,75531919,27799
ENSG00000121764,32083287,32098119,14832
ENSG00000107959,3179920,3215003,35083
ENSG00000266967,41102543,41116515,13972
ENSG00000115361,211052663,211090215,37552
ENSG00000182831,9185505,9215497,29992
ENSG00000169258,176022803,176037134,14331
ENSG00000260362,9760742,9770700,9958
ENSG00000268130,113755563,113756608,1045
ENSG00000248712,119060347,119067479,7132
ENSG00000065485,122785909,122944074,158165
ENSG00000171735,6845384,7829766,984382
ENSG00000116996,238045705,238054094,8389
ENSG00000074317,176047085,176057530,10445
ENSG00000164172,52391509,52405893,14384
ENSG00000234965,42307297,42310570,3273
ENSG00000123992,220238268,220264744,26476
ENSG00000101391,31946645,31989367,42722
ENSG00000057593,113760105,113774995,14890
ENSG00000162517,32095463,32110497,15034
ENSG00000255801,8700957,8720209,19252
ENSG00000204065,102528619,102531800,3181
ENSG00000138639,86396267,86923823,527556
ENSG00000231555,31777702,31780222,2520
ENSG00000129317,44122410,44152620,30210
ENSG00000100731,71374122,71582099,207977
ENSG00000270188,238107024,238108575,1551
ENSG00000169016,11584501,11606297,21796
ENSG00000131408,50832910,50886239,53329
ENSG00000175766,176057683,176073642,15959
ENSG00000133019,239549865,240078750,528885
ENSG00000133134,102564274,102565974,1700
ENSG00000250799,36290890,36304201,13311
ENSG00000110395,119076752,119178859,102107
ENSG00000170442,52643084,52702947,59863
ENSG00000229300,31784575,31789730,5155
ENSG00000233280,97540884,97594132,53248
ENSG00000182916,102585124,102587254,2130
ENSG00000126218,113777128,113803843,26715
ENSG00000175591,72929343,72947397,18054
ENSG00000183454,9852376,10276611,424235
ENSG00000080200,97595819,97663810,67991
ENSG00000155816,240177648,240638489,460841
ENSG00000108370,63133549,63223821,90272
ENSG00000165119,86582998,86595569,12571
ENSG00000237095,30746071,30764152,18081
ENSG00000115290,165349322,165478358,129036
ENSG00000163293,47916159,48042188,126029
ENSG00000147650,105501459,105601252,99793
ENSG00000171988,64926981,65225722,298741
ENSG00000048140,176074388,176086058,11670
ENSG00000120899,27168999,27316903,147904
ENSG00000161270,36316866,36360189,43323
ENSG00000126231,113812968,113826694,13726
ENSG00000265118,29632231,29645849,13618
ENSG00000171604,139026884,139063467,36583
ENSG00000178718,75246757,75249805,3048
ENSG00000171631,72975550,73009662,34112
ENSG00000185222,102611373,102613397,2024
ENSG00000100664,103799881,103811362,11481
ENSG00000269446,156902674,156903764,1090
ENSG00000253350,105602961,106431488,828527
ENSG00000268365,240629183,240643504,14321
ENSG00000105583,12778885,12782170,3285
ENSG00000180875,240652873,240775449,122576
ENSG00000225824,32779140,32788434,9294
ENSG00000149089,34874641,34938046,63405
ENSG00000198668,90862846,90874605,11759
ENSG00000009335,156931607,157062066,130459
ENSG00000159958,42321045,42322822,1777
ENSG00000163938,52715172,52728508,13336
ENSG00000049245,7831329,7841492,10163
ENSG00000258296,32849115,32852880,3765
ENSG00000169946,106330920,106816760,485840
ENSG00000092931,74731947,74777531,45584
ENSG00000231823,32862880,32868441,5561
ENSG00000168530,211154874,211179914,25040
ENSG00000238943,8745072,8745181,109
ENSG00000047932,117639374,117923691,284317
ENSG00000252727,8750105,8750236,131
ENSG00000255967,8786963,8790204,3241
ENSG00000255829,8816607,8821607,5000
ENSG00000198515,47937994,48018689,80695
ENSG00000131400,50861734,50869087,7353
ENSG00000198794,75249560,75313837,64277
ENSG00000256004,8831369,8832266,897
ENSG00000244131,8895024,8895668,644
ENSG00000205426,52679697,52685318,5621
ENSG00000229493,32877673,32885131,7458
ENSG00000095059,12786531,12792716,6185
ENSG00000100162,42334725,42343168,8443
ENSG00000135697,81272053,81324747,52694
ENSG00000145545,6633456,6669675,36219
ENSG00000132912,150088002,150138671,50669
ENSG00000126860,29644578,29648902,4324
ENSG00000064687,1040102,1065571,25469
ENSG00000049246,7844380,7905237,60857
ENSG00000234343,31807625,31812872,5247
ENSG00000183955,123868320,123893905,25585
ENSG00000166681,102631268,102633005,1737
ENSG00000256661,8928815,8983543,54728
ENSG00000082438,165510134,165700189,190055
ENSG00000249790,8940853,8948385,7532
ENSG00000206235,32943409,32960357,16948
ENSG00000261609,81348557,81424489,75932
ENSG00000256904,8972412,8973309,897
ENSG00000113763,176237478,176307897,70419
ENSG00000257105,9139771,9149162,9391
ENSG00000110435,34937376,35042138,104762
ENSG00000121542,122920774,122992977,72203
ENSG00000213049,9180128,9181685,1557
ENSG00000122417,86814344,86862023,47679
ENSG00000255776,9188940,9189840,900
ENSG00000214851,9208182,9217666,9484
ENSG00000150977,123899936,123921264,21328
ENSG00000084636,32117848,32169920,52072
ENSG00000172476,102754678,102774417,19739
ENSG00000245105,9217773,9220651,2878
ENSG00000129680,135295381,135338641,43260
ENSG00000256937,9280379,9281241,862
ENSG00000198001,44152747,44183346,30599
ENSG00000126226,113831891,113863029,31138
ENSG00000219607,5085720,5087455,1735
ENSG00000070087,149682691,149768575,85884
ENSG00000134363,52776239,52782964,6725
ENSG00000211542,9280467,9280581,114
ENSG00000256720,9287680,9288187,507
ENSG00000146005,139175406,139224051,48645
ENSG00000182901,240931554,241520530,588976
ENSG00000184209,123942188,123957701,15513
ENSG00000198846,59717977,60031767,313790
ENSG00000138621,75315896,75409803,93907
ENSG00000105793,89964537,90020769,56232
ENSG00000152953,5053169,5502725,449556
ENSG00000256235,150157508,150176296,18788
ENSG00000214113,5102827,5261172,158345
ENSG00000100167,42372276,42394225,21949
ENSG00000269636,150157867,150176297,18430
ENSG00000110237,73019334,73080136,60802
ENSG00000132004,12798867,12807457,8590
ENSG00000235030,30702435,30703790,1355
ENSG00000237693,150226085,150280298,54213
ENSG00000132313,86426478,86440917,14439
ENSG00000074966,48068410,48136273,67863
ENSG00000164465,117774980,117891021,116041
ENSG00000178966,86595626,86618985,23359
ENSG00000256817,9308477,9308968,491
ENSG00000258291,30978726,30994957,16231
ENSG00000153815,81478775,81745367,266592
ENSG00000238831,9362159,9362217,58
ENSG00000234674,31120397,31126071,5674
ENSG00000204569,30568177,30586389,18212
ENSG00000112941,6714718,6757161,42443
ENSG00000176928,74323289,74326724,3435
ENSG00000145908,150273954,150284545,10591
ENSG00000188026,123955925,124018265,62340
ENSG00000145194,183967438,184010819,43381
ENSG00000167173,75487984,75504510,16526
ENSG00000179603,126078652,126893348,814696
ENSG00000197506,86890372,86955672,65300
ENSG00000054967,73087309,73108519,21210
ENSG00000131242,29718642,29865236,146594
ENSG00000236443,32962293,32966279,3986
ENSG00000135334,88384790,88411927,27137
ENSG00000145700,74364100,74532703,168603
ENSG00000062822,50887461,50921273,33812
ENSG00000091483,241660903,241683061,22158
ENSG00000160883,176307870,176326333,18463
ENSG00000137975,86889769,86922241,32472
ENSG00000133142,102831159,102842657,11498
ENSG00000129195,6347735,6354789,7054
ENSG00000101400,31995761,32031698,35937
ENSG00000169083,66764465,66950461,185996
ENSG00000256069,9381129,9428413,47284
ENSG00000166669,10420291,10577495,157204
ENSG00000158458,139226364,139422884,196520
ENSG00000123240,13141449,13180291,38842
ENSG00000049247,7903143,7913572,10429
ENSG00000068615,86441116,86565206,124090
ENSG00000231503,9392582,9392927,345
ENSG00000211445,150400124,150408554,8430
ENSG00000167195,75550940,75562540,11600
ENSG00000176125,100486346,100487339,993
ENSG00000170523,52708085,52715182,7097
ENSG00000170500,100889753,100939195,49442
ENSG00000082929,5526296,5529528,3232
ENSG00000016864,52728505,52740048,11543
ENSG00000178538,61099906,61193971,94065
ENSG00000140478,75575176,75586816,11640
ENSG00000016490,86934051,86965972,31921
ENSG00000054965,73111532,73309234,197702
ENSG00000155629,98353069,98480271,127202
ENSG00000266823,112475967,112487670,11703
ENSG00000269766,35150091,35150215,124
ENSG00000271233,112538842,112540772,1930
ENSG00000126259,36346763,36358011,11248
ENSG00000270663,112555367,112555960,593
ENSG00000165476,65281123,65384883,103760
ENSG00000153976,13399006,13505244,106238
ENSG00000141526,80186273,80219005,32732
ENSG00000229684,30766464,30771689,5225
ENSG00000117009,241695434,241758944,63510
ENSG00000237582,31121263,31132565,11302
ENSG00000237248,9392599,9395635,3036
ENSG00000267964,75531935,75532378,443
ENSG00000170854,97660662,97691301,30639
ENSG00000141378,57751997,57784987,32990
ENSG00000213853,10622279,10674555,52276
ENSG00000175215,58213710,58240522,26812
ENSG00000262773,169643049,169722026,78977
ENSG00000049249,7979907,8000926,21019
ENSG00000196968,75532049,75540009,7960
ENSG00000033867,27414214,27525911,111697
ENSG00000006695,13972813,14111994,139181
ENSG00000016602,87012761,87046437,33676
ENSG00000109339,86936276,87515284,579008
ENSG00000087206,176332006,176449634,117628
ENSG00000256427,9399093,9410556,11463
ENSG00000104388,61429416,61536186,106770
ENSG00000086598,124069078,124083116,14038
ENSG00000076706,119179241,119192231,12990
ENSG00000111788,9429831,9466684,36853
ENSG00000121316,14656595,14721283,64688
ENSG00000186832,39766030,39772151,6121
ENSG00000105576,12810008,12834825,24817
ENSG00000116288,8014351,8045565,31214
ENSG00000054277,241753404,241840678,87274
ENSG00000173040,5544499,5711275,166776
ENSG00000078699,32077881,32237842,159961
ENSG00000097033,87170259,87213867,43608
ENSG00000183230,67672276,69455927,1783651
ENSG00000153989,117996665,118031803,35138
ENSG00000135605,48137800,48271881,134081
ENSG00000203668,241792155,241799232,7077
ENSG00000173175,123001143,123168605,167462
ENSG00000263162,28356186,28567298,211112
ENSG00000160691,154934774,154946871,12097
ENSG00000145982,5261277,5771813,510536
ENSG00000105290,36358801,36370693,11892
ENSG00000196376,118228689,118638839,410150
ENSG00000148053,87283466,87638505,355039
ENSG00000113161,74632154,74657929,25775
ENSG00000157224,90013035,90142716,129681
ENSG00000167889,74864538,74946475,81937
ENSG00000262452,169690642,169786870,96228
ENSG00000087085,100487615,100494594,6979
ENSG00000173456,119205237,119208023,2786
ENSG00000172586,75541805,75543410,1605
ENSG00000163214,39024871,39103075,78204
ENSG00000105993,157128075,157210133,82058
ENSG00000223953,119209652,119217383,7731
ENSG00000183066,42394729,42454460,59731
ENSG00000180448,1065922,1086627,20705
ENSG00000183291,87328132,87380107,51975
ENSG00000204954,104343980,104359486,15506
ENSG00000261967,28623776,28637136,13360
ENSG00000115365,211295973,211342376,46403
ENSG00000267873,52709128,52709790,662
ENSG00000196507,102862379,102884618,22239
ENSG00000239836,32965712,33001163,35451
ENSG00000135443,52753790,52761265,7475
ENSG00000162843,241815580,241965435,149855
ENSG00000267901,71683031,71683462,431
ENSG00000111860,118781935,119031238,249303
ENSG00000262563,169774739,169783494,8755
ENSG00000235718,119209652,119217383,7731
ENSG00000079482,67262186,67653755,391569
ENSG00000062716,57784553,57919616,135063
ENSG00000153936,87380331,87602334,222003
ENSG00000262872,28776381,28789737,13356
ENSG00000198951,42454358,42466846,12488
ENSG00000226173,32966785,32975554,8769
ENSG00000164258,52856463,52979168,122705
ENSG00000091622,6354584,6459814,105230
ENSG00000259159,119209652,119217368,7716
ENSG00000140365,75628232,75634268,6036
ENSG00000103479,53467889,53525561,57672
ENSG00000171316,61591337,61779465,188128
ENSG00000267561,87458692,87634884,176192
ENSG00000222022,238330063,238333919,3856
ENSG00000021300,73357223,73373864,16641
ENSG00000263298,169796437,169904821,108384
ENSG00000143013,87794151,87814606,20455
ENSG00000177096,42470255,42475445,5190
ENSG00000262581,28577376,28581745,4369
ENSG00000197943,81772702,81991899,219197
ENSG00000166896,58335324,58351052,15728
ENSG00000213676,32065953,32096030,30077
ENSG00000261951,28594196,28603160,8964
ENSG00000153060,10721358,10788802,67444
ENSG00000185305,53179775,53606412,426637
ENSG00000262906,28606968,28610830,3862
ENSG00000270043,28632285,28632589,304
ENSG00000263579,28633480,28633562,82
ENSG00000268175,149689066,149690535,1469
ENSG00000262627,28647912,28650069,2157
ENSG00000265006,28682937,28683030,93
ENSG00000183172,42475695,42480288,4593
ENSG00000262353,28711609,28714548,2939
ENSG00000262733,28730092,28730212,120
ENSG00000228263,31813158,31829008,15850
ENSG00000174371,242011269,242058450,47181
ENSG00000036672,119225925,119252436,26511
ENSG00000120903,27317279,27337400,20121
ENSG00000197555,71787166,72207946,420780
ENSG00000145901,150409506,150473138,63632
ENSG00000196428,150126122,150184218,58096
ENSG00000204568,30585486,30594172,8686
ENSG00000111364,124086624,124105488,18864
ENSG00000103274,10837643,10863208,25565
ENSG00000151067,2079952,2802108,722156
ENSG00000239329,33056220,33074714,18494
ENSG00000258231,58937907,59206842,268935
ENSG00000164830,107282473,107764922,482449
ENSG00000224740,30773972,30787802,13830
ENSG00000100804,23485752,23504439,18687
ENSG00000109171,48343339,48428229,84890
ENSG00000188596,96883349,97269333,385984
ENSG00000123144,12841454,12845589,4135
ENSG00000169271,53751445,53752207,762
ENSG00000269074,11603927,11606274,2347
ENSG00000197769,242158792,242162375,3583
ENSG00000139842,113862552,113919399,56847
ENSG00000181704,67718165,67757127,38962
ENSG00000178996,53813589,53842415,28826
ENSG00000026508,35160417,35253949,93532
ENSG00000165914,91006932,91282823,275891
ENSG00000214655,75545340,75561551,16211
ENSG00000198356,12847953,12859137,11184
ENSG00000116285,8064464,8086368,21904
ENSG00000249016,54252063,54253674,1611
ENSG00000172465,102883632,102885881,2249
ENSG00000106537,16793160,16824161,31001
ENSG00000164283,54273692,54318499,44807
ENSG00000184983,42481529,42486959,5430
ENSG00000267906,16828866,16829246,380
ENSG00000180287,242246288,242687998,441710
ENSG00000075413,103851729,103970168,118439
ENSG00000135049,88161455,88356944,195489
ENSG00000166676,10854776,10912651,57875
ENSG00000115648,238394071,238463961,69890
ENSG00000065243,89149905,89301938,152033
ENSG00000162426,8377886,8404227,26341
ENSG00000141551,80196899,80231607,34708
ENSG00000264457,28747518,28747611,93
ENSG00000070019,14765576,14849519,83943
ENSG00000262250,28763390,28765572,2182
ENSG00000266882,28779951,28780033,82
ENSG00000262127,28780919,28781197,278
ENSG00000106541,16831435,16873057,41622
ENSG00000206435,31229147,31232539,3392
ENSG00000262080,28846258,28942030,95772
ENSG00000166971,53524952,53538323,13371
ENSG00000125967,32244893,32262269,17376
ENSG00000196208,11674242,11782914,108672
ENSG00000072840,5712924,5830772,117848
ENSG00000099817,1086594,1095598,9004
ENSG00000167604,36378555,36393205,14650
ENSG00000128422,39775689,39781094,5405
ENSG00000169894,100547187,100611118,63931
ENSG00000185896,113951556,113977987,26431
ENSG00000100197,42522501,42526908,4407
ENSG00000123562,102930424,102943086,12662
ENSG00000114902,52738971,52742182,3211
ENSG00000222028,23511376,23513269,1893
ENSG00000118434,88757507,88776550,19043
ENSG00000139835,113978505,114018446,39941
ENSG00000115548,86667770,86719839,52069
ENSG00000082269,71122644,71270877,148233
ENSG00000126264,36393382,36395279,1897
ENSG00000039987,12862516,12869272,6756
ENSG00000151239,44187526,44200178,12652
ENSG00000153531,114076260,114107839,31579
ENSG00000139880,23516271,23526747,10476
ENSG00000118432,88849583,88876078,26495
ENSG00000179583,10971055,11026079,55024
ENSG00000142599,8412457,8877702,465245
ENSG00000078295,7396321,7830194,433873
ENSG00000137947,89318615,89357627,39012
ENSG00000243189,33070204,33092323,22119
ENSG00000145248,48485360,48491213,5853
ENSG00000114904,52744800,52804965,60165
ENSG00000182223,48492269,48496406,4137
ENSG00000011600,36395303,36399197,3894
ENSG00000161849,52771596,52779436,7840
ENSG00000137343,30594619,30614600,19981
ENSG00000175084,220283099,220291461,8362
ENSG00000150401,114110134,114145267,35133
ENSG00000143702,243287730,243418650,130920
ENSG00000169507,165752696,165812035,59339
ENSG00000120915,27348296,27403081,54785
ENSG00000223510,14138990,14140179,1189
ENSG00000139263,59265931,59314303,48372
ENSG00000183185,97705517,97754148,48631
ENSG00000135040,88556061,88637213,81152
ENSG00000184860,82031221,82045093,13872
ENSG00000173467,16899029,16921611,22582
ENSG00000113761,176449697,176508190,58493
ENSG00000156920,135383122,135519215,136093
ENSG00000161850,52787715,52800139,12424
ENSG00000223680,30927312,30938427,11115
ENSG00000228273,100547257,100550424,3167
ENSG00000198739,68685764,68859588,173824
ENSG00000095066,12873817,12983554,109737
ENSG00000142539,50919056,50931666,12610
ENSG00000125430,14204400,14252721,48321
ENSG00000173801,39775692,39943183,167491
ENSG00000124785,5998232,6007200,8968
ENSG00000263186,39463952,39465505,1553
ENSG00000204315,32096484,32098068,1584
ENSG00000086696,82068609,82132139,63530
ENSG00000150403,114145310,114204542,59232
ENSG00000269383,100986705,100987007,302
ENSG00000108176,69556427,69597924,41497
ENSG00000102239,135570046,135575939,5893
ENSG00000167468,1103936,1106787,2851
ENSG00000197837,14920933,14924065,3132
ENSG00000137944,89401456,89458636,57180
ENSG00000269404,50922195,50934570,12375
ENSG00000140398,75639296,75647592,8296
ENSG00000204314,32116136,32122150,6014
ENSG00000109099,15133095,15168643,35548
ENSG00000198523,118869461,118881893,12432
ENSG00000121753,32192718,32230494,37776
ENSG00000173207,154947129,154951725,4596
ENSG00000205702,42536214,42540576,4362
ENSG00000126243,36426260,36436669,10409
ENSG00000102241,135579238,135594505,15267
ENSG00000234704,33090267,33103106,12839
ENSG00000115526,101008327,101034118,25791
ENSG00000205277,100612904,100662230,49326
ENSG00000111880,89319985,89673348,353363
ENSG00000135052,88641061,88715088,74027
ENSG00000111877,119134605,119256327,121722
ENSG00000135698,82181403,82203831,22428
ENSG00000175582,73386683,73472182,85499
ENSG00000086967,50936160,50969578,33418
ENSG00000269795,243388058,243395911,7853
ENSG00000198176,114239013,114295785,56772
ENSG00000170454,52817854,52828309,10455
ENSG00000108423,57936851,57970304,33453
ENSG00000100207,42556019,42739622,183603
ENSG00000058091,90095738,90839905,744167
ENSG00000205138,36486090,36487220,1130
ENSG00000213439,97783316,97784240,924
ENSG00000228768,29898161,29902678,4517
ENSG00000196578,97806017,97806946,929
ENSG00000072832,5749811,5894785,144974
ENSG00000231192,97851542,97852483,941
ENSG00000236032,97868170,97869249,1079
ENSG00000213516,89445139,89458643,13504
ENSG00000172301,30178883,30186356,7473
ENSG00000233412,97887544,97888485,941
ENSG00000186009,114303119,114312501,9382
ENSG00000181392,36494209,36499695,5486
ENSG00000230301,97983088,97984200,1112
ENSG00000124491,6144318,6321246,176928
ENSG00000142530,50970042,50980010,9968
ENSG00000197938,98001732,98002676,944
ENSG00000064932,1107636,1174282,66646
ENSG00000113163,74664311,74807963,143652
ENSG00000048405,126986844,127071978,85134
ENSG00000054282,243419320,243663394,244074
ENSG00000187753,88835180,88874572,39392
ENSG00000232535,98030757,98031687,930
ENSG00000196098,98072698,98073663,965
ENSG00000185974,114321470,114440708,119238
ENSG00000263341,39471169,39471947,778
ENSG00000234370,30954519,30960441,5922
ENSG00000206536,98109510,98110475,965
ENSG00000232382,98188324,98189420,1096
ENSG00000261986,39502344,39507064,4720
ENSG00000120742,150259781,150321015,61234
ENSG00000228964,31314550,31317907,3357
ENSG00000263012,39519746,39526052,6306
ENSG00000103494,53631595,53737850,106255
ENSG00000135070,88879461,88897676,18215
ENSG00000096717,69644427,69678147,33720
ENSG00000184497,114462216,114514926,52710
ENSG00000232632,29519995,29597568,77573
ENSG00000262045,39533917,39538652,4735
ENSG00000075539,48499378,48782339,282961
ENSG00000262748,39541224,39545959,4735
ENSG00000185479,52840435,52845910,5475
ENSG00000246705,14927270,14930936,3666
ENSG00000161671,50979657,50986608,6951
ENSG00000117226,89472349,89488577,16228
ENSG00000100813,23527773,23564823,37050
ENSG00000074800,8921061,8939308,18247
ENSG00000160867,176513887,176525145,11258
ENSG00000130052,67867508,67945684,78176
ENSG00000170465,52862300,52867569,5269
ENSG00000139350,97301001,97347129,46128
ENSG00000108651,30187923,30228784,40861
ENSG00000084463,14939410,14956474,17064
ENSG00000168646,63524681,63557765,33084
ENSG00000154096,119288090,119295695,7605
ENSG00000140945,82660408,83830204,1169796
ENSG00000198920,6481468,6544247,62779
ENSG00000111361,124104953,124118313,13360
ENSG00000231225,31360501,31376956,16455
ENSG00000140400,75648133,75660971,12838
ENSG00000235568,42776416,42828401,51985
ENSG00000212440,9439269,9439418,149
ENSG00000021826,211342406,211543831,201425
ENSG00000255753,9466998,9468769,1771
ENSG00000260423,9520060,9550213,30153
ENSG00000206527,123209667,123304032,94365
ENSG00000256673,9550951,9567447,16496
ENSG00000161677,51009255,51014610,5355
ENSG00000183087,114523522,114567046,43524
ENSG00000171223,12902310,12904124,1814
ENSG00000182108,11022748,11036317,13569
ENSG00000117020,243651535,244014381,362846
ENSG00000181215,5958845,5991545,32700
ENSG00000189306,42905974,42915808,9834
ENSG00000231558,33125750,33131183,5433
ENSG00000160688,154955814,154965587,9773
ENSG00000214826,9570309,9600825,30516
ENSG00000090776,68048840,68061990,13150
ENSG00000110400,119494120,119599794,105674
ENSG00000140718,53737875,54155853,417978
ENSG00000204653,51014857,51017947,3090
ENSG00000072195,220299568,220363009,63441
ENSG00000117228,89518002,89531043,13041
ENSG00000231861,98216448,98217496,1048
ENSG00000129657,75082798,75213179,130381
ENSG00000111875,119215384,119230332,14948
ENSG00000038532,11038345,11276046,237701
ENSG00000227772,31455821,31468850,13029
ENSG00000221988,32121218,32134011,12793
ENSG00000083223,88902648,88969369,66721
ENSG00000239382,36500022,36505141,5119
ENSG00000131409,51020149,51071302,51153
ENSG00000111358,124118375,124147153,28778
ENSG00000179456,244214585,244220778,6193
ENSG00000055957,52811603,52826078,14475
ENSG00000167815,12907634,12912694,5060
ENSG00000268146,244227632,244231211,3579
ENSG00000106546,17338246,17385776,47530
ENSG00000188010,39103103,39156213,53110
ENSG00000173728,244515937,244552965,37028
ENSG00000183569,42949623,42970388,20765
ENSG00000266076,63534220,63637151,102931
ENSG00000185989,114747194,114898086,150892
ENSG00000162645,89571815,89616139,44324
ENSG00000104889,12917394,12924452,7058
ENSG00000213023,51124564,51171651,47087
ENSG00000035687,244571796,244615436,43640
ENSG00000228163,33186489,33202701,16212
ENSG00000152969,6027926,6202318,174392
ENSG00000259517,54279456,54304658,25202
ENSG00000163629,87515468,87736324,220856
ENSG00000175643,11343476,11445619,102143
ENSG00000149609,32250090,32253425,3335
ENSG00000175581,73498361,73576178,77817
ENSG00000177508,54317216,54320675,3459
ENSG00000144895,150264465,150302029,37564
ENSG00000213512,89597434,89641723,44289
ENSG00000182584,32254304,32256331,2027
ENSG00000267840,31474452,31474925,473
ENSG00000226841,31486441,31487956,1515
ENSG00000137699,119981983,120056237,74254
ENSG00000177182,61969717,62414204,444487
ENSG00000101412,32263489,32274210,10721
ENSG00000230989,83841448,83853342,11894
ENSG00000254899,31487943,31504306,16363
ENSG00000214694,39117021,39202590,85569
ENSG00000262993,39557276,39561144,3868
ENSG00000162654,89646831,89664615,17784
ENSG00000118046,1189406,1228428,39022
ENSG00000263022,39584330,39588100,3770
ENSG00000262591,39479679,39485797,6118
ENSG00000262282,39490884,39491985,1101
ENSG00000101417,32294512,32308125,13613
ENSG00000111879,119280928,119470552,189624
ENSG00000262603,39565993,39588626,22633
ENSG00000071189,17830385,17980124,149739
ENSG00000262040,39570089,39575352,5263
ENSG00000103150,83932731,83949787,17056
ENSG00000154240,63631656,64188202,556546
ENSG00000203863,89674246,89676685,2439
ENSG00000182993,14956506,15059520,103014
ENSG00000110436,35272753,35441610,168857
ENSG00000163888,183977001,183979251,2250
ENSG00000146278,89790470,89794879,4409
ENSG00000260300,83941738,83985058,43320
ENSG00000179256,14957584,14967116,9532
ENSG00000132026,12936292,12946242,9950
ENSG00000181924,73583712,73588033,4321
ENSG00000185338,11348262,11350036,1774
ENSG00000111339,14978503,14996429,17926
ENSG00000180447,89559279,89562104,2825
ENSG00000154548,89805678,89827800,22122
ENSG00000080822,98216756,98241910,25154
ENSG00000179397,244617679,244804479,186800
ENSG00000178279,11361605,11363390,1785
ENSG00000204446,89763559,89774471,10912
ENSG00000178257,11367144,11367452,308
ENSG00000163352,154966062,154966791,729
ENSG00000196233,98592017,98740800,148783
ENSG00000122304,11369496,11370337,841
ENSG00000146281,89855769,89875284,19515
ENSG00000105270,36505562,36524245,18683
ENSG00000065534,123328896,123603178,274282
ENSG00000131061,32319463,32380075,60612
ENSG00000154451,89724633,89738544,13911
ENSG00000175646,11374693,11375207,514
ENSG00000235034,51152702,51162567,9865
ENSG00000113088,54320081,54330398,10317
ENSG00000176842,54964774,54968397,3623
ENSG00000169006,11798304,11810290,11986
ENSG00000229295,33197846,33209127,11281
ENSG00000165496,47120222,47121028,806
ENSG00000146276,89887220,89940997,53777
ENSG00000130177,115000362,115038198,37836
ENSG00000145649,54398476,54406080,7604
ENSG00000204640,101086944,101099742,12798
ENSG00000153253,165944032,166060577,116545
ENSG00000159387,55357672,55364672,7000
ENSG00000071677,238475217,238475818,601
ENSG00000160685,154975127,154990998,15871
ENSG00000115539,101179152,101193197,14045
ENSG00000121644,244816237,244872335,56098
ENSG00000188897,11453702,11617444,163742
ENSG00000175166,184016497,184026842,10345
ENSG00000163508,27757440,27764206,6766
ENSG00000183347,89829617,89852020,22403
ENSG00000140961,83981887,83999937,18050
ENSG00000112799,6588341,6655216,66875
ENSG00000203667,244998624,245008359,9735
ENSG00000124839,238482965,238510257,27292
ENSG00000139915,47308826,48144157,835331
ENSG00000179933,23563974,23569665,5691
ENSG00000260069,34493132,34503984,10852
ENSG00000175575,73587744,73638790,51046
ENSG00000161681,51165084,51222707,57623
ENSG00000134668,32256023,32281652,25629
ENSG00000229937,18066405,18067486,1081
ENSG00000174429,107771711,107782473,10762
ENSG00000148634,69681665,69835105,153440
ENSG00000099625,1228286,1238026,9740
ENSG00000164287,54408799,54469005,60206
ENSG00000120885,27454434,27472548,18114
ENSG00000196730,90112143,90323548,211405
ENSG00000234032,30954577,30972803,18226
ENSG00000103154,84002237,84036381,34144
ENSG00000197147,89990395,90063423,73028
ENSG00000234949,238499663,238504624,4961
ENSG00000134324,11817721,11967535,149814
ENSG00000169062,115047059,115071283,24224
ENSG00000136274,45120037,45128513,8476
ENSG00000170485,101436614,101613291,176677
ENSG00000169375,75661720,75748183,86463
ENSG00000154188,108261721,108510283,248562
ENSG00000099624,1241749,1244824,3075
ENSG00000169876,100663353,100702020,38667
ENSG00000171488,90098631,90235462,136831
ENSG00000182732,72399156,73030654,631498
ENSG00000203876,111701029,111713649,12620
ENSG00000161277,36525887,36545664,19777
ENSG00000153187,245014468,245027844,13376
ENSG00000271949,90098699,90398809,300110
ENSG00000179562,127220672,127233665,12993
ENSG00000087245,55423612,55540603,116991
ENSG00000176984,120039685,120042387,2702
ENSG00000197043,150480273,150537443,57170
ENSG00000198824,115079988,115092796,12808
ENSG00000163354,154990996,155006257,15261
ENSG00000155640,98741041,98745582,4541
ENSG00000184232,120081475,120101041,19566
ENSG00000131686,9005926,9035151,29225
ENSG00000215604,19041312,19059588,18276
ENSG00000166558,84043272,84076241,32969
ENSG00000067082,3818188,3827473,9285
ENSG00000270496,19066044,19066559,515
ENSG00000124831,238536219,238722325,186106
ENSG00000231238,19114637,19124837,10200
ENSG00000233905,19183272,19183842,570
ENSG00000236669,157318477,157320019,1542
ENSG00000229788,19184438,19185815,1377
ENSG00000149090,35453370,35551848,98478
ENSG00000139173,44229770,44783545,553775
ENSG00000171492,90286573,90402170,115597
ENSG00000235876,19239375,19241361,1986
ENSG00000227333,31829721,31847649,17928
ENSG00000231914,19246967,19250303,3336
ENSG00000125409,15207128,15244958,37830
ENSG00000226361,19254634,19255846,1212
ENSG00000136270,45139699,45151646,11947
ENSG00000102243,135614311,135638966,24655
ENSG00000228797,19271143,19271647,504
ENSG00000236169,19292907,19293869,962
ENSG00000230931,19298555,19299044,489
ENSG00000197241,9063359,9086404,23045
ENSG00000189067,11641853,11730237,88384
ENSG00000204718,19300846,19301554,708
ENSG00000137709,120107349,120190653,83304
ENSG00000215217,7830491,7851603,21112
ENSG00000227784,19308220,19309036,816
ENSG00000244155,19315870,19316858,988
ENSG00000227568,19381419,19382158,739
ENSG00000173812,39845137,39848920,3783
ENSG00000225016,19383970,19384188,218
ENSG00000148700,111756126,111895323,139197
ENSG00000181191,68380694,68385636,4942
ENSG00000206192,19390858,19446107,55249
ENSG00000235439,31487943,31500172,12229
ENSG00000269891,98757795,99052413,294618
ENSG00000242756,19411908,19412238,330
ENSG00000227332,19433967,19434882,915
ENSG00000223024,19443325,19443431,106
ENSG00000205420,52880958,52887041,6083
ENSG00000206787,19454194,19454297,103
ENSG00000101421,32399110,32442172,43062
ENSG00000111341,15034115,15038860,4745
ENSG00000235500,19466400,19469370,2970
ENSG00000198363,62413116,62627155,214039
ENSG00000226250,19479579,19481950,2371
ENSG00000231358,19496029,19497905,1876
ENSG00000226057,19520895,19636858,115963
ENSG00000130054,68725084,68752351,27267
ENSG00000147655,108911544,109095913,184369
ENSG00000269210,39186764,39187483,719
ENSG00000105472,51226586,51228974,2388
ENSG00000162664,90460671,90501090,40419
ENSG00000272195,245132652,245134390,1738
ENSG00000075702,36545783,36596008,50225
ENSG00000139055,15066969,15092016,25047
ENSG00000232685,19582399,19586699,4300
ENSG00000181264,120195838,120204391,8553
ENSG00000100784,91336799,91526980,190181
ENSG00000167470,1248552,1259142,10590
ENSG00000229375,19589627,19593476,3849
ENSG00000142511,51273721,51274989,1268
ENSG00000187721,19600138,19606766,6628
ENSG00000135047,90340434,90346308,5874
ENSG00000142583,9095166,9148537,53371
ENSG00000142513,51293672,51298481,4809
ENSG00000226619,19601977,19602841,864
ENSG00000213741,50043390,50065408,22018
ENSG00000252287,19662627,19662721,94
ENSG00000224778,19700539,19713751,13212
ENSG00000102245,135730352,135742549,12197
ENSG00000158813,68835911,69259319,423408
ENSG00000252675,19717122,19717217,95
ENSG00000234894,19725694,19726447,753
ENSG00000004059,127228399,127231759,3360
ENSG00000229147,19726707,19745334,18627
ENSG00000124275,7851299,7906138,54839
ENSG00000179431,35639735,35642419,2684
ENSG00000227879,19775777,19801572,25795
ENSG00000111348,15094951,15114662,19711
ENSG00000232243,19836937,19838013,1076
ENSG00000203666,245133007,245290466,157459
ENSG00000166326,35684353,35829775,145422
ENSG00000143032,91177096,91182794,5698
ENSG00000237636,19864733,19918965,54232
ENSG00000125970,32581452,32696114,114662
ENSG00000105613,12944765,12985765,41000
ENSG00000215349,19878733,19879765,1032
ENSG00000236834,19919189,19920889,1700
ENSG00000224976,19923277,19982102,58825
ENSG00000184007,32372022,32410457,38435
ENSG00000231184,19956348,19957525,1177
ENSG00000229791,19982182,19983669,1487
ENSG00000237164,19985371,19990328,4957
ENSG00000223625,20032538,20032858,320
ENSG00000152082,130939310,130948302,8992
ENSG00000169871,100728720,100735017,6297
ENSG00000272636,5810,31427,25617
ENSG00000232894,20126711,20144428,17717
ENSG00000215572,20134153,20135409,1256
ENSG00000238132,20137729,20139040,1311
ENSG00000155093,157331750,158380480,1048730
ENSG00000167747,51300961,51308186,7225
ENSG00000225316,20161258,20162490,1232
ENSG00000185129,139487362,139496321,8959
ENSG00000257110,20247071,20247197,126
ENSG00000100227,42979727,43010968,31241
ENSG00000226352,20248764,20250024,1260
ENSG00000268852,80214131,80216080,1949
ENSG00000265624,20311117,20311394,277
ENSG00000157240,90893783,90898123,4340
ENSG00000109501,6271576,6304992,33416
ENSG00000108443,57970447,58027925,57478
ENSG00000233469,20392261,20392759,498
ENSG00000115904,39208537,39351486,142949
ENSG00000182700,139505521,139508391,2870
ENSG00000223576,20415967,20417812,1845
ENSG00000238665,20449327,20449425,98
ENSG00000266230,20504944,20505031,87
ENSG00000237672,20644390,20646276,1886
ENSG00000129675,135747706,135864247,116541
ENSG00000236076,20676840,20677369,529
ENSG00000187726,73661364,73681411,20047
ENSG00000120306,139554227,139661637,107410
ENSG00000226633,20753117,20753601,484
ENSG00000260131,20755670,20756081,411
ENSG00000048052,18126572,19042039,915467
ENSG00000263978,21007917,21007985,68
ENSG00000173762,80272744,80275478,2734
ENSG00000238286,21181407,21182270,863
ENSG00000222726,21186300,21186477,177
ENSG00000265710,21277842,21277922,80
ENSG00000105612,12986025,12992282,6257
ENSG00000203614,21286570,21288285,1715
ENSG00000140943,84087368,84150511,63143
ENSG00000164294,54455946,54462899,6953
ENSG00000260199,34522245,34524134,1889
ENSG00000122482,91380859,91487829,106970
ENSG00000233524,21321174,21322196,1022
ENSG00000090530,189674517,189840226,165709
ENSG00000186081,52908359,52914471,6112
ENSG00000179241,35965531,36253686,288155
ENSG00000165671,176560026,176727216,167190
ENSG00000236704,21495803,21497372,1569
ENSG00000113068,139624624,139682706,58082
ENSG00000233780,21512703,21523738,11035
ENSG00000162849,245318287,245872733,554446
ENSG00000168077,27491385,27534293,42908
ENSG00000181555,47057919,47205457,147538
ENSG00000152086,130949318,130956034,6716
ENSG00000260717,34538284,34540254,1970
ENSG00000125977,32676104,32700138,24034
ENSG00000163357,155006300,155023406,17106
ENSG00000234363,21530318,21530582,264
ENSG00000213621,21535449,21536334,885
ENSG00000238893,21543457,21543555,98
ENSG00000251902,21573506,21573606,100
ENSG00000233851,21579296,21592261,12965
ENSG00000175567,73685712,73694352,8640
ENSG00000239704,15339332,15406922,67590
ENSG00000110442,36295051,36310999,15948
ENSG00000201821,21612668,21612806,138
ENSG00000257230,59917059,59917965,906
ENSG00000180172,21668457,21668853,396
ENSG00000234602,54515442,54523143,7701
ENSG00000225585,21677142,21678510,1368
ENSG00000087253,55542910,55620582,77672
ENSG00000252128,21714025,21714096,71
ENSG00000263607,21716330,21716629,299
ENSG00000147160,69260392,69269788,9396
ENSG00000271250,21790694,21790799,105
ENSG00000259795,34581015,34591935,10920
ENSG00000233405,21808707,21809343,636
ENSG00000141574,80278900,80291950,13050
ENSG00000154079,71276620,71299272,22652
ENSG00000235438,21834154,21867568,33414
ENSG00000259024,15339338,15466875,127537
ENSG00000177992,90497741,90503814,6073
ENSG00000144591,220363589,220371710,8121
ENSG00000181031,62293,236045,173752
ENSG00000229137,21861545,21868998,7453
ENSG00000257544,33199096,33201475,2379
ENSG00000169410,75759462,75871630,112168
ENSG00000233325,21872278,21880512,8234
ENSG00000167748,51322404,51327043,4639
ENSG00000260287,34651203,34662129,10926
ENSG00000115561,86730554,86948245,217691
ENSG00000136710,131095814,131099922,4108
ENSG00000113070,139712428,139726216,13788
ENSG00000224429,21877654,21922860,45206
ENSG00000103160,84155886,84178797,22911
ENSG00000188828,102962152,102983583,21431
ENSG00000245017,98879322,98897633,18311
ENSG00000215571,21893231,21895005,1774
ENSG00000105610,12995237,12997995,2758
ENSG00000259801,34704907,34715799,10892
ENSG00000180758,9160364,9189229,28865
ENSG00000101440,32782375,32857150,74775
ENSG00000104408,109213445,109447562,234117
ENSG00000124782,7107830,7252213,144383
ENSG00000196914,120207787,120360645,152858
ENSG00000235076,21932512,21933453,941
ENSG00000152669,54526980,54529508,2528
ENSG00000118596,59989848,60176395,186547
ENSG00000111885,119498374,119670926,172552
ENSG00000185420,245912642,246670614,757972
ENSG00000179363,102965837,102968956,3119
ENSG00000074211,6322305,6565327,243022
ENSG00000175106,15341205,15466909,125704
ENSG00000258388,32121622,32139755,18133
ENSG00000249884,86732791,86948245,215454
ENSG00000184613,44902058,45315631,413573
ENSG00000253459,50064193,50065882,1689
ENSG00000049239,9294834,9331396,36562
ENSG00000156345,90581356,90589668,8312
ENSG00000222747,21943929,21944038,109
ENSG00000105261,36602104,36604613,2509
ENSG00000236953,21951116,21952013,897
ENSG00000101444,32868074,32899608,31534
ENSG00000226908,22057973,22058313,340
ENSG00000238878,22101939,22102039,100
ENSG00000230022,22104829,22105462,633
ENSG00000207518,22125443,22125549,106
ENSG00000135362,36317838,36486754,168916
ENSG00000226525,22202552,22203154,602
ENSG00000244197,22364676,22364982,306
ENSG00000165501,50065415,50081390,15975
ENSG00000171621,9352939,9429591,76652
ENSG00000226722,22446909,22449705,2796
ENSG00000112305,71377479,71571718,194239
ENSG00000105258,36604612,36606248,1636
ENSG00000237175,22673302,22673683,381
ENSG00000226118,22687258,22687477,219
ENSG00000127989,91321323,91510034,188711
ENSG00000232187,23270162,23270713,551
ENSG00000168778,124155660,124192948,37288
ENSG00000225777,23278878,23280345,1467
ENSG00000165568,4828821,4890254,61433
ENSG00000253094,23377284,23377363,79
ENSG00000237952,23377435,23377787,352
ENSG00000171612,9599541,9645237,45696
ENSG00000226507,23411165,23412019,854
ENSG00000231650,23424240,23424700,460
ENSG00000268716,52922915,52922980,65
ENSG00000229556,23425912,23428277,2365
ENSG00000105607,13001840,13025021,23181
ENSG00000240341,23453264,23453338,74
ENSG00000272916,75556272,75571409,15137
ENSG00000262619,23468795,23490508,21713
ENSG00000111886,89966927,90025018,58091
ENSG00000139648,52937693,52946931,9238
ENSG00000230535,23471480,23472144,664
ENSG00000100243,43013846,43045574,31728
ENSG00000234685,23489790,23490662,872
ENSG00000139053,15125956,15134799,8843
ENSG00000262198,23492730,23498741,6011
ENSG00000212432,9597654,9597801,147
ENSG00000104412,109455830,109499145,43315
ENSG00000123560,103028647,103047548,18901
ENSG00000178691,30264037,30328064,64027
ENSG00000165502,50085237,50087403,2166
ENSG00000162851,246703862,246729626,25764
ENSG00000175564,73711326,73720480,9154
ENSG00000170484,52959566,52967609,8043
ENSG00000198833,90036344,90062567,26223
ENSG00000168282,50087489,50090198,2709
ENSG00000134533,15260717,15501609,240892
ENSG00000154099,84178865,84212373,33508
ENSG00000166507,75561669,75571589,9920
ENSG00000092067,23586513,23588825,2312
ENSG00000165506,50091892,50101948,10056
ENSG00000106723,91003334,91093609,90275
ENSG00000169371,75890424,75918810,28386
ENSG00000106328,127231463,127242198,10735
ENSG00000187122,98757795,98945677,187882
ENSG00000099622,1259384,1274879,15495
ENSG00000146350,121400640,121655891,255251
ENSG00000239305,86830516,86850989,20473
ENSG00000174562,51328545,51340469,11924
ENSG00000147419,27590835,27630170,39335
ENSG00000162852,246729746,246831886,102140
ENSG00000122679,45197390,45225901,28511
ENSG00000025039,90074355,90121989,47634
ENSG00000162669,91726323,91870426,144103
ENSG00000106366,100770370,100782547,12177
ENSG00000256812,55600584,55601599,1015
ENSG00000212673,32379174,32380745,1571
ENSG00000130045,91150016,91199189,49173
ENSG00000188807,9648932,9674935,26003
ENSG00000139372,104359582,104382652,23070
ENSG00000153561,86947296,87005164,57868
ENSG00000147274,135930163,135962923,32760
ENSG00000214776,9620148,9728864,108716
ENSG00000186354,91605778,91611055,5277
ENSG00000256975,9658943,9661036,2093
ENSG00000170486,52979373,52995322,15949
ENSG00000105254,36605191,36616849,11658
ENSG00000113073,139739787,139754728,14941
ENSG00000121774,32479430,32526451,47021
ENSG00000266633,9699564,9699633,69
ENSG00000212345,9776718,9776824,106
ENSG00000092068,23594504,23652883,58379
ENSG00000106367,100797678,100804877,7199
ENSG00000143653,246887349,246931439,44090
ENSG00000120802,98909290,98944157,34867
ENSG00000256594,9787188,9811008,23820
ENSG00000213694,91606362,91619925,13563
ENSG00000267318,58018269,58050462,32193
ENSG00000233719,9794398,9795603,1205
ENSG00000272917,9795468,9809666,14198
ENSG00000100479,50110273,50155140,44867
ENSG00000256442,9799610,9800605,995
ENSG00000142515,51358171,51364020,5849
ENSG00000181464,15468797,15469590,793
ENSG00000129235,6544078,6547861,3783
ENSG00000078747,32951041,33099198,148157
ENSG00000148082,91628060,91793682,165622
ENSG00000122008,74807581,74896969,89388
ENSG00000185158,30334891,30380523,45632
ENSG00000091583,64208151,64252643,44492
ENSG00000189050,58029601,58042122,12521
ENSG00000237814,30977672,30978494,822
ENSG00000164841,109619079,109799844,180765
ENSG00000241322,15468798,15522826,54028
ENSG00000189401,69282341,69284029,1688
ENSG00000103546,55689516,55740104,50588
ENSG00000174417,110098850,110131813,32963
ENSG00000169228,176728199,176730745,2546
ENSG00000112309,71566382,71666741,100359
ENSG00000089289,69353299,69386174,32875
ENSG00000257232,30987293,30997453,10160
ENSG00000257027,9811163,9814681,3518
ENSG00000213443,9847980,9848823,843
ENSG00000256582,9856673,9861946,5273
ENSG00000256912,9969946,9970621,675
ENSG00000255882,10019626,10022407,2781
ENSG00000227506,31030034,31036234,6200
ENSG00000184502,39868578,39872221,3643
ENSG00000119900,71998506,72018653,20147
ENSG00000123975,91926113,91931618,5505
ENSG00000184210,69397333,69425395,28062
ENSG00000120526,110253148,110346614,93466
ENSG00000135299,90142889,90343553,200664
ENSG00000175104,36508577,36531822,23245
ENSG00000257590,31039435,31040043,608
ENSG00000204195,69454505,69460477,5972
ENSG00000106331,127250346,127255982,5636
ENSG00000187118,28283075,28366633,83558
ENSG00000224105,31157528,31158864,1336
ENSG00000067248,54552073,54603550,51477
ENSG00000121775,32537632,32568467,30835
ENSG00000233734,31161055,31186363,25308
ENSG00000185344,124196865,124246302,49437
ENSG00000177971,75931426,75941047,9621
ENSG00000166349,36532259,36614706,82447
ENSG00000168014,73723763,73882255,158492
ENSG00000071082,101618177,101640494,22317
ENSG00000164742,45613739,45762715,148976
ENSG00000237165,31161395,31166747,5352
ENSG00000173548,75940247,75954642,14395
ENSG00000184602,11762270,11773015,10745
ENSG00000145283,87744621,87770416,25795
ENSG00000177483,238707032,238751451,44419
ENSG00000227246,31183859,31185675,1816
ENSG00000173805,39873994,39890896,16902
ENSG00000175097,36597124,36619829,22705
ENSG00000013288,6576902,6625089,48187
ENSG00000198673,62102040,62672931,570891
ENSG00000166165,103985996,103989448,3452
ENSG00000127914,91570181,91739987,169806
ENSG00000153207,247002400,247095280,92880
ENSG00000173546,75966663,76005189,38526
ENSG00000163633,87797358,87857354,59996
ENSG00000187742,91933421,91974557,41136
ENSG00000198848,55836763,55867249,30486
ENSG00000203392,75970672,75973093,2421
ENSG00000103168,84211458,84220669,9211
ENSG00000153066,11772936,11836734,63798
ENSG00000225231,10089178,10096094,6916
ENSG00000182950,76016318,76020029,3711
ENSG00000132329,238767536,238820756,53220
ENSG00000267060,41120105,41132545,12440
ENSG00000163512,28356494,28390618,34124
ENSG00000269601,120329880,120330047,167
ENSG00000256530,76030311,76031568,1257
ENSG00000186912,69478016,69479654,1638
ENSG00000241404,32132360,32136058,3698
ENSG00000167751,51364824,51383823,18999
ENSG00000097046,91966408,91991321,24913
ENSG00000153563,87011729,87035519,23790
ENSG00000136718,131099798,131105383,5585
ENSG00000186049,53001354,53012343,10989
ENSG00000198624,150560613,150603706,43093
ENSG00000198843,150320662,150348222,27560
ENSG00000141696,39958199,39968856,10657
ENSG00000120500,69488155,69501690,13535
ENSG00000120533,110346553,110358182,11629
ENSG00000149403,120382468,120859613,477145
ENSG00000213347,176728462,176739758,11296
ENSG00000251537,15474805,15554967,80162
ENSG00000182459,80317123,80321652,4529
ENSG00000109180,48807229,48863834,56605
ENSG00000140367,76135622,76193419,57797
ENSG00000181408,80332153,80333462,1309
ENSG00000124783,7268539,7347679,79140
ENSG00000161860,13009600,13030090,20490
ENSG00000072182,220378892,220403494,24602
ENSG00000071575,12857015,12882860,25845
ENSG00000224180,31188755,31204550,15795
ENSG00000163347,190023490,190040264,16774
ENSG00000205111,39402787,39456729,53942
ENSG00000197157,127292234,127732661,440427
ENSG00000215277,23654525,23742686,88161
ENSG00000171320,27629466,27670157,40691
ENSG00000088727,47269516,47324941,55425
ENSG00000135747,247108849,247242113,133264
ENSG00000196743,150591711,150650001,58290
ENSG00000166352,36616051,36694823,78772
ENSG00000122299,11844442,11891123,46681
ENSG00000068097,58120555,58156292,35737
ENSG00000125971,33104214,33128762,24548
ENSG00000197472,247108849,247171395,62546
ENSG00000172493,87856154,88062206,206052
ENSG00000204564,30614816,30620987,6171
ENSG00000123989,220403669,220408509,4840
ENSG00000179010,6641818,6644472,2654
ENSG00000222012,157406715,157411457,4742
ENSG00000069702,92145902,92371892,225990
ENSG00000101460,33134658,33148149,13491
ENSG00000171608,9711790,9789172,77382
ENSG00000148948,40135753,41481323,1345570
ENSG00000268791,6693782,6694189,407
ENSG00000206559,28390637,28579613,188976
ENSG00000136531,166095912,166248818,152906
ENSG00000163993,6694796,6698897,4101
ENSG00000172867,53038342,53045948,7606
ENSG00000025800,32573639,32642169,68530
ENSG00000187134,4934796,5025475,90679
ENSG00000179115,13033293,13044851,11558
ENSG00000178988,6709428,6711607,2179
ENSG00000188295,247263264,247267674,4410
ENSG00000120820,104382762,104457961,75199
ENSG00000186334,150656323,150683327,27004
ENSG00000186222,6717842,6719387,1545
ENSG00000223699,33284377,33314194,29817
ENSG00000165370,136112307,136113833,1526
ENSG00000126247,36630477,36641255,10778
ENSG00000156925,136648301,136659850,11549
ENSG00000221953,247273462,247275719,2257
ENSG00000123570,103077252,103087158,9906
ENSG00000170871,6783102,6885897,102795
ENSG00000162267,52828784,52843025,14241
ENSG00000215271,23741666,23768656,26990
ENSG00000196418,247285277,247335318,50041
ENSG00000158427,103173479,103229570,56091
ENSG00000249222,43035809,43036607,798
ENSG00000267988,45902684,45906045,3361
ENSG00000204306,120382511,120385732,3221
ENSG00000167196,76196200,76227609,31409
ENSG00000179218,13049392,13055303,5911
ENSG00000128274,43088127,43117304,29177
ENSG00000187764,91975702,92113045,137343
ENSG00000039123,54603588,54721409,117821
ENSG00000147127,69501943,69504852,2909
ENSG00000131503,139781399,139929163,147764
ENSG00000185942,63161150,63912211,751061
ENSG00000161281,36641824,36643771,1947
ENSG00000133943,91526677,91691976,165299
ENSG00000162714,247460714,247495148,34434
ENSG00000221926,15531274,15587625,56351
ENSG00000123569,103265719,103268259,2540
ENSG00000184182,238875469,238951236,75767
ENSG00000166181,43333513,43366079,32566
ENSG00000181396,80347099,80376513,29414
ENSG00000188760,220408385,220415317,6932
ENSG00000154114,120894781,120961484,66703
ENSG00000205038,110374706,110542559,167853
ENSG00000171490,11929056,11945442,16386
ENSG00000101812,103268269,103297021,28752
ENSG00000113946,190040330,190129932,89602
ENSG00000168078,27667137,27695612,28475
ENSG00000196357,36673188,36737159,63971
ENSG00000146678,45927956,45933267,5311
ENSG00000197653,124247042,124420753,173711
ENSG00000137563,63927638,63951730,24092
ENSG00000167635,36705504,36729676,24172
ENSG00000214517,73882144,73965748,83604
ENSG00000242247,43192508,43254112,61604
ENSG00000186335,150694539,150727151,32612
ENSG00000101464,33148346,33264910,116564
ENSG00000130222,92219928,92221470,1542
ENSG00000142065,36827162,36870101,42939
ENSG00000084652,32645287,32663886,18599
ENSG00000176274,103343898,103401708,57810
ENSG00000198863,41132582,41145707,13125
ENSG00000159398,55880066,55989943,109877
ENSG00000167768,53068520,53074191,5671
ENSG00000166707,103356822,103360533,3711
ENSG00000181007,36874022,36909558,35536
ENSG00000144642,29322473,30051886,729413
ENSG00000267880,51377552,51378040,488
ENSG00000146918,158424003,158497520,73517
ENSG00000165023,93372114,93405386,33272
ENSG00000162711,247579458,247612410,32952
ENSG00000166166,103995521,104003410,7889
ENSG00000179840,9712668,9714644,1976
ENSG00000261256,34756462,34765353,8891
ENSG00000228300,1275026,1279248,4222
ENSG00000123575,103411301,103440583,29282
ENSG00000198398,190146444,190167665,21221
ENSG00000167749,51409608,51413994,4386
ENSG00000151490,15475331,15750333,275002
ENSG00000260952,34814005,34823193,9188
ENSG00000075415,98987369,98995946,8577
ENSG00000132405,6910969,7034845,123876
ENSG00000189182,53083410,53097247,13837
ENSG00000129682,137713735,138304939,591204
ENSG00000137561,63961112,63998612,37500
ENSG00000169230,176730775,176733960,3185
ENSG00000186017,36936021,36980804,44783
ENSG00000109927,120971882,121062202,90320
ENSG00000148660,75572259,75634343,62084
ENSG00000197776,50159823,50219870,60047
ENSG00000198646,33284722,33413452,128730
ENSG00000204310,32135989,32145873,9884
ENSG00000177535,247614255,247615308,1053
ENSG00000166170,104022881,104029168,6287
ENSG00000170802,48541776,48606433,64657
ENSG00000260164,34823008,34869611,46603
ENSG00000152661,121756838,121770873,14035
ENSG00000137948,92414928,92479983,65055
ENSG00000165025,93564069,93660831,96762
ENSG00000120509,69506445,69510364,3919
ENSG00000167754,51446559,51456349,9790
ENSG00000185069,53161939,53171129,9190
ENSG00000185728,64081112,64125346,44234
ENSG00000171603,9789084,9884584,95500
ENSG00000160050,32665987,32670988,5001
ENSG00000172116,87042462,87089047,46585
ENSG00000160953,1285890,1378430,92540
ENSG00000235194,23764852,23772057,7205
ENSG00000140955,84224744,84230774,6030
ENSG00000179262,13056669,13064456,7787
ENSG00000169224,247670360,247740992,70632
ENSG00000145332,88081255,88161466,80211
ENSG00000025156,122720691,122754264,33573
ENSG00000261300,34862388,34866669,4281
ENSG00000257040,72456191,72458326,2135
ENSG00000128564,100805790,100808874,3084
ENSG00000100266,43231418,43411151,179733
ENSG00000123576,103494719,103499614,4895
ENSG00000260508,34872292,34917807,45515
ENSG00000167011,100813774,100823557,9783
ENSG00000160051,32671236,32674288,3052
ENSG00000129473,23767999,23780968,12969
ENSG00000162981,14772810,14790933,18123
ENSG00000229615,87089023,87092827,3804
ENSG00000167755,51461887,51472929,11042
ENSG00000196242,247693434,247697141,3707
ENSG00000205683,73086004,73360809,274805
ENSG00000108590,6546635,6554954,8319
ENSG00000169752,76228310,76352136,123826
ENSG00000264001,19097,19180,83
ENSG00000177489,247751662,247752615,953
ENSG00000266558,33748,33830,82
ENSG00000165516,50234326,50249909,15583
ENSG00000241601,33986,34068,82
ENSG00000254004,37001597,37019562,17965
ENSG00000265604,37003,37085,82
ENSG00000240010,40401,40482,81
ENSG00000177476,247768856,247769838,982
ENSG00000145247,48887036,48908954,21918
ENSG00000148090,93976097,94124195,148098
ENSG00000197437,247835320,247836365,1045
ENSG00000234920,31502186,31504572,2386
ENSG00000258643,23776044,23794578,18534
ENSG00000178662,166326157,166545917,219760
ENSG00000169214,247875045,247876105,1060
ENSG00000241128,247886401,247887345,944
ENSG00000109929,121163162,121179403,16241
ENSG00000168418,84255823,84273356,17533
ENSG00000124006,220415451,220436581,21130
ENSG00000153230,247901917,247902861,944
ENSG00000090889,69509879,69640682,130803
ENSG00000101981,138612917,138645617,32700
ENSG00000169223,176758563,176778853,20290
ENSG00000221888,247920676,247921982,1306
ENSG00000106384,100838288,100844302,6014
ENSG00000231543,31847749,31895640,47891
ENSG00000196772,247978102,247979031,929
ENSG00000103175,84328252,84363450,35198
ENSG00000087258,56225302,56391356,166054
ENSG00000257396,31197072,31197189,117
ENSG00000197591,248004199,248005254,1055
ENSG00000165030,94171327,94186144,14817
ENSG00000236346,31504594,31516550,11956
ENSG00000172031,92495539,92529093,33554
ENSG00000187624,260118,273510,13392
ENSG00000162722,248020501,248041507,21006
ENSG00000224472,31204889,31210518,5629
ENSG00000100836,23790498,23795394,4896
ENSG00000222046,32674695,32681797,7102
ENSG00000212734,6554971,6556791,1820
ENSG00000187627,87135076,87241104,106028
ENSG00000078804,33292094,33301243,9149
ENSG00000183688,289769,295730,5961
ENSG00000189108,103810996,105011822,1200826
ENSG00000186020,37025676,37096178,70502
ENSG00000103342,11961985,12009939,47954
ENSG00000238243,248031277,248060449,29172
ENSG00000149380,73946846,74022702,75856
ENSG00000052841,43380482,43516483,136001
ENSG00000177462,248084320,248085258,938
ENSG00000179271,13064972,13068050,3078
ENSG00000169071,94325373,94712444,387071
ENSG00000177275,248097071,248098057,986
ENSG00000189195,92545862,92613393,67531
ENSG00000179284,13075973,13085567,9594
ENSG00000119950,111967363,112047123,79760
ENSG00000196071,248100493,248264224,163731
ENSG00000180828,65492814,65496181,3367
ENSG00000122691,19060614,19157295,96681
ENSG00000147654,110551940,110578225,26285
ENSG00000111897,122764499,122792967,28468
ENSG00000196936,248112160,248113098,938
ENSG00000135655,62654119,62811211,157092
ENSG00000187080,248128535,248129641,1106
ENSG00000172817,65500320,65711318,210998
ENSG00000146618,19184405,19185044,639
ENSG00000131067,33432523,33460663,28140
ENSG00000197454,248185250,248186188,938
ENSG00000203663,248201474,248202607,1133
ENSG00000160055,32680073,32687972,7899
ENSG00000198128,248223984,248224922,938
ENSG00000184640,75276651,75496678,220027
ENSG00000146674,45951949,45961473,9524
ENSG00000162727,248308450,248309388,938
ENSG00000099617,1286153,1301430,15277
ENSG00000141485,6588032,6616886,28854
ENSG00000235068,31205745,31217015,11270
ENSG00000159461,56395364,56459450,64086
ENSG00000198601,248343288,248344331,1043
ENSG00000228198,248366332,248367392,1060
ENSG00000163513,30647994,30735634,87640
ENSG00000171180,248402231,248403166,935
ENSG00000170509,88224941,88244058,19117
ENSG00000234719,12021230,12070500,49270
ENSG00000069712,92632542,92650280,17738
ENSG00000090054,94794281,94877666,83385
ENSG00000177212,248436073,248437138,1065
ENSG00000135549,122793076,123047518,254442
ENSG00000177201,248457918,248458880,962
ENSG00000177186,248486894,248487899,1005
ENSG00000178585,9908334,9970394,62060
ENSG00000104442,66514694,66546442,31748
ENSG00000065328,13203554,13253104,49550
ENSG00000177174,248512077,248513015,938
ENSG00000123643,150816607,150871942,55335
ENSG00000231560,10100736,10105935,5199
ENSG00000256803,10167839,10183205,15366
ENSG00000196944,248524883,248525929,1046
ENSG00000064270,84402133,84497793,95660
ENSG00000256626,10193447,10198310,4863
ENSG00000198104,248550910,248551836,926
ENSG00000223042,10236785,10237089,304
ENSG00000169035,51479729,51487355,7626
ENSG00000255734,10264337,10265070,733
ENSG00000261508,34919858,34928764,8906
ENSG00000255958,10366760,10367360,600
ENSG00000203910,92683497,92711370,27873
ENSG00000175143,248569296,248570405,1109
ENSG00000227152,248604508,248605434,926
ENSG00000196240,248616077,248617130,1053
ENSG00000105849,19735085,19748710,13625
ENSG00000262595,34929530,34936936,7406
ENSG00000138347,69865912,69971774,105862
ENSG00000196539,248636627,248637634,1007
ENSG00000169758,76352178,76521462,169284
ENSG00000203661,248651885,248652898,1013
ENSG00000268702,23790839,23791484,645
ENSG00000261545,34561825,34561930,105
ENSG00000168079,27727399,27850244,122845
ENSG00000261032,34569075,34569182,107
ENSG00000188558,248684916,248685964,1048
ENSG00000154229,64298754,64806861,508107
ENSG00000165434,74041363,74109518,68155
ENSG00000182783,248721784,248722797,1013
ENSG00000183310,248737022,248738080,1058
ENSG00000169220,176784838,176799602,14764
ENSG00000184022,248756052,248757100,1048
ENSG00000114648,47324407,47388306,63899
ENSG00000169660,80376194,80400521,24327
ENSG00000265629,14775215,14790933,15718
ENSG00000183130,248789420,248790491,1071
ENSG00000230279,31529774,31532044,2270
ENSG00000177151,248801588,248802559,971
ENSG00000083099,90277863,90348472,70609
ENSG00000115286,1383526,1395583,12057
ENSG00000133149,104463611,104465358,1747
ENSG00000187701,248813232,248814185,953
ENSG00000149084,43577986,43878167,300181
ENSG00000189181,248844628,248845629,1001
ENSG00000173013,7042579,7044728,2149
ENSG00000266949,248902716,248903150,434
ENSG00000126214,104028233,104167888,139655
ENSG00000175538,74165886,74178774,12888
ENSG00000092096,23815515,23822121,6606
ENSG00000256288,10485460,10490891,5431
ENSG00000261499,34601602,34647923,46321
ENSG00000256155,10511063,10513644,2581
ENSG00000141252,411908,624957,213049
ENSG00000173011,7043626,7059679,16053
ENSG00000245648,10516368,10551105,34737
ENSG00000265889,34612688,34612789,101
ENSG00000257016,10703865,10704134,269
ENSG00000175137,249104648,249120832,16184
ENSG00000106397,100849258,100861701,12443
ENSG00000256039,10705962,10710648,4686
ENSG00000261099,34624739,34654989,30250
ENSG00000008441,13106422,13209610,103188
ENSG00000263315,34732197,34732303,106
ENSG00000258984,238875656,239008053,132397
ENSG00000109519,7060633,7069924,9291
ENSG00000261152,34777516,34784896,7380
ENSG00000167434,58227297,58248260,20963
ENSG00000109182,48988264,49064098,75834
ENSG00000256667,10741077,10752434,11357
ENSG00000262017,34818569,34818692,123
ENSG00000261688,34901830,34902693,863
ENSG00000230108,31533287,31536056,2769
ENSG00000162441,9982173,10003465,21292
ENSG00000174842,92711959,92764544,52585
ENSG00000171161,249132409,249143716,11307
ENSG00000086570,150883654,150948505,64851
ENSG00000137642,121322912,121504402,181490
ENSG00000048462,12058964,12061925,2961
ENSG00000161298,37095719,37119499,23780
ENSG00000238114,31538275,31540242,1967
ENSG00000184985,7194265,7744554,550289
ENSG00000129455,51499263,51505967,6704
ENSG00000261955,29079491,29079605,114
ENSG00000262399,29113866,29114424,558
ENSG00000269121,12062000,12062333,333
ENSG00000263134,29152548,29181345,28797
ENSG00000076201,47422501,47454931,32430
ENSG00000173452,19758933,19813221,54288
ENSG00000124279,7859272,7869150,9878
ENSG00000115339,166604101,166651192,47091
ENSG00000100271,43435522,43485434,49912
ENSG00000140374,76507696,76603813,96117
ENSG00000175536,74202757,74204778,2021
ENSG00000197808,37128094,37157755,29661
ENSG00000048471,12070594,12668146,597552
ENSG00000167005,56463045,56486111,23066
ENSG00000123572,105066536,105202602,136066
ENSG00000196305,94972489,95056038,83549
ENSG00000256888,10902833,10930043,27210
ENSG00000189233,27879481,27941388,61907
ENSG00000080819,98239976,98312567,72591
ENSG00000170832,58256455,58499831,243376
ENSG00000183742,20174278,20257027,82749
ENSG00000132330,238969530,239008054,38524
ENSG00000072135,131113580,131132982,19402
ENSG00000204308,32146131,32151930,5799
ENSG00000231321,33315284,33322384,7100
ENSG00000104903,13209847,13213975,4128
ENSG00000154165,98250743,98251960,1217
ENSG00000077514,74204896,74380162,175266
ENSG00000175604,12180603,12184159,3556
ENSG00000166199,43902361,43941816,39455
ENSG00000204634,101624079,101869328,245249
ENSG00000100290,43506754,43525718,18964
ENSG00000103381,12756919,12897874,140955
ENSG00000189042,37178514,37218603,40089
ENSG00000119953,112050488,112064709,14221
ENSG00000144644,30767692,30936257,168565
ENSG00000233539,46713383,46799449,86066
ENSG00000122484,92764522,92867613,103091
ENSG00000100294,43528212,43539400,11188
ENSG00000171163,249144205,249153343,9138
ENSG00000130005,1397091,1401569,4478
ENSG00000087263,56485402,56513012,27610
ENSG00000101977,138663929,138790386,126457
ENSG00000066855,66556969,66683496,126527
ENSG00000235930,10922904,10923204,300
ENSG00000256651,10983673,10984615,942
ENSG00000256682,11047542,11048481,939
ENSG00000269741,51499274,51512837,13563
ENSG00000151779,15307032,15701454,394422
ENSG00000212125,11117024,11117951,927
ENSG00000256019,11200931,11201855,924
ENSG00000256274,11229368,11231770,2402
ENSG00000100300,43547520,43559248,11728
ENSG00000140950,84511681,84587639,75958
ENSG00000189045,74907284,74967671,60387
ENSG00000164434,123100620,123105219,4599
ENSG00000173614,10003486,10045559,42073
ENSG00000183281,87229682,87248975,19293
ENSG00000237515,12995477,13334272,338795
ENSG00000084623,32687529,32697205,9676
ENSG00000213022,51503806,51512890,9084
ENSG00000075429,64831235,64881603,50368
ENSG00000105855,20370325,20455377,85052
ENSG00000256400,11249778,11249873,95
ENSG00000256981,11311384,11312293,909
ENSG00000175455,123616152,123680564,64412
ENSG00000253095,11315699,11315763,64
ENSG00000256712,11318689,11323952,5263
ENSG00000064225,98451080,98540045,88965
ENSG00000256537,11323963,11324164,201
ENSG00000256629,11332272,11333061,789
ENSG00000179774,69990386,69991871,1485
ENSG00000162444,10057264,10076078,18814
ENSG00000267041,37205285,37263727,58442
ENSG00000131183,176806236,176825849,19613
ENSG00000204560,30620896,30640814,19918
ENSG00000129451,51515995,51523431,7436
ENSG00000267260,37264055,37267980,3925
ENSG00000162676,92940319,92952433,12114
ENSG00000100304,43562628,43583139,20511
ENSG00000134014,27947190,28048673,101483
ENSG00000119599,73393040,73426411,33371
ENSG00000112159,90352218,90529442,177224
ENSG00000230791,31543845,31546630,2785
ENSG00000123607,166713985,166810353,96368
ENSG00000112902,9035138,9546187,511049
ENSG00000100842,23825611,23834961,9350
ENSG00000071626,1407568,1435719,28151
ENSG00000197863,37308330,37341689,33359
ENSG00000108187,70042417,70092806,50389
ENSG00000183615,32712834,32714457,1623
ENSG00000258002,31216884,31232984,16100
ENSG00000103187,84599200,84651683,52483
ENSG00000104907,13215716,13228381,12665
ENSG00000172594,123110315,123130865,20550
ENSG00000185220,249200395,249214145,13750
ENSG00000167757,51525472,51531295,5823
ENSG00000131069,33459949,33515769,55820
ENSG00000143537,155023042,155035252,12210
ENSG00000223972,11869,14412,2543
ENSG00000256657,11348987,11349908,921
ENSG00000256373,11365126,11404303,39177
ENSG00000146352,123317116,123394072,76956
ENSG00000075461,64961026,65029514,68488
ENSG00000186442,53183469,53189901,6432
ENSG00000163527,31574130,31679112,104982
ENSG00000136205,47314752,47622156,307404
ENSG00000251247,37341263,37403931,62668
ENSG00000255790,11552315,11639612,87297
ENSG00000185610,45408455,45444882,36427
ENSG00000225691,31313666,31317037,3371
ENSG00000196570,176827108,176827637,529
ENSG00000119242,124403207,124457378,54171
ENSG00000067208,92974253,93257961,283708
ENSG00000130939,10092890,10241297,148407
ENSG00000227232,14363,29806,15443
ENSG00000109184,52709166,52783003,73837
ENSG00000067113,54720682,54830878,110196
ENSG00000175595,14014014,14046202,32188
ENSG00000227402,33322141,33326135,3994
ENSG00000182866,32716840,32751766,34926
ENSG00000170477,53200333,53208335,8002
ENSG00000187479,43946892,43965888,18996
ENSG00000135686,84682131,84701292,19161
ENSG00000233999,87565634,87566158,524
ENSG00000178597,7432022,7436700,4678
ENSG00000125551,88047606,88058312,10706
ENSG00000205126,44069531,44081527,11996
ENSG00000243485,29554,31109,1555
ENSG00000196083,190231840,190375843,144003
ENSG00000163645,150377672,150421758,44086
ENSG00000128594,127667124,127672160,5036
ENSG00000185869,37379026,37407193,28167
ENSG00000237613,34554,36081,1527
ENSG00000186439,123537483,123958238,420755
ENSG00000228357,33326338,33328531,2193
ENSG00000159307,43593289,43739394,146105
ENSG00000268020,52473,54936,2463
ENSG00000240361,62948,63887,939
ENSG00000174697,127881337,127897681,16344
ENSG00000238009,89295,133566,44271
ENSG00000204305,32148745,32152101,3356
ENSG00000123999,220433884,220440435,6551
ENSG00000122406,93297582,93307481,9899
ENSG00000125124,56500748,56554195,53447
ENSG00000239945,89551,91105,1554
ENSG00000233750,131025,134836,3811
ENSG00000196526,7760441,7941653,181212
ENSG00000164304,7326889,7389976,63087
ENSG00000177119,45609770,45834187,224417
ENSG00000268903,135141,135895,754
ENSG00000269981,137682,137965,283
ENSG00000239906,139790,140339,549
ENSG00000235107,33330195,33334422,4227
ENSG00000241860,141474,173862,32388
ENSG00000214708,30468245,30470154,1909
ENSG00000259571,121986062,121986923,861
ENSG00000222623,157784,157887,103
ENSG00000241599,160446,161525,1079
ENSG00000110455,44087475,44105772,18297
ENSG00000004846,20654830,20816658,161828
ENSG00000123561,105277197,105282729,5532
ENSG00000228463,227615,267253,39638
ENSG00000257187,31545597,31546661,1064
ENSG00000185304,88055474,88285309,229835
ENSG00000241670,228292,228775,483
ENSG00000154127,122526383,122685181,158798
ENSG00000106344,127937738,127983962,46224
ENSG00000228919,7940728,7942022,1294
ENSG00000237094,317720,453948,136228
ENSG00000157502,105412298,105452949,40651
ENSG00000159556,76629065,76634817,5752
ENSG00000055955,52846991,52865495,18504
ENSG00000223833,31546616,31550705,4089
ENSG00000154511,93307724,93427057,119333
ENSG00000186260,14165178,14360630,195452
ENSG00000103194,84733584,84813528,79944
ENSG00000250575,326096,328112,2016
ENSG00000233653,329431,332236,2805
ENSG00000224813,334126,334305,179
ENSG00000269732,379105,379467,362
ENSG00000256186,450820,450910,90
ENSG00000214167,65027509,65028198,689
ENSG00000236601,453633,460480,6847
ENSG00000108878,65040706,65052909,12203
ENSG00000236743,459656,461954,2298
ENSG00000144589,220462582,220481173,18591
ENSG00000232126,31398032,31401418,3386
ENSG00000236679,470971,471355,384
ENSG00000177058,54921673,55069022,147349
ENSG00000237303,11634317,11634590,273
ENSG00000231709,521369,523833,2464
ENSG00000160877,13228917,13251955,23038
ENSG00000270863,11665657,11667070,1413
ENSG00000235146,523009,530148,7139
ENSG00000256237,11694329,11708772,14443
ENSG00000131187,176829141,176836577,7436
ENSG00000239664,529833,532878,3045
ENSG00000166090,23842018,23845612,3594
ENSG00000054938,74407474,74442430,34956
ENSG00000257981,33355728,33367637,11909
ENSG00000230021,536816,659930,123114
ENSG00000147231,105855160,105922672,67512
ENSG00000186474,51532348,51538486,6138
ENSG00000223659,562757,564390,1633
ENSG00000223618,33371956,33373655,1699
ENSG00000225972,564442,564813,371
ENSG00000225630,565020,566063,1043
ENSG00000237973,566454,567996,1542
ENSG00000229344,568137,568818,681
ENSG00000240409,568915,569121,206
ENSG00000248527,569076,569756,680
ENSG00000116478,32757687,32799236,41549
ENSG00000273285,28743697,28743804,107
ENSG00000198744,569756,570302,546
ENSG00000273083,28751414,28751785,371
ENSG00000268663,610222,610645,423
ENSG00000273120,28763753,28763816,63
ENSG00000229376,657472,660283,2811
ENSG00000096746,70090931,70102948,12017
ENSG00000273040,28805650,28806787,1137
ENSG00000224956,661611,663527,1916
ENSG00000273200,28827406,28831131,3725
ENSG00000235373,677193,685396,8203
ENSG00000273286,28829197,28829828,631
ENSG00000223181,693613,693716,103
ENSG00000240618,694412,700305,5893
ENSG00000104915,13254872,13261197,6325
ENSG00000166091,23846017,23848981,2964
ENSG00000264777,28883427,28883526,99
ENSG00000229905,696291,697369,1078
ENSG00000226462,28936915,28938245,1330
ENSG00000228327,700237,714006,13769
ENSG00000265326,28945258,28945553,295
ENSG00000233035,28953985,28955266,1281
ENSG00000257670,31551176,31658141,106965
ENSG00000240111,28954582,28956318,1736
ENSG00000144488,239008798,239041928,33130
ENSG00000187607,15602891,15640874,37983
ENSG00000237491,714150,745440,31290
ENSG00000132530,6658766,6678966,20200
ENSG00000167759,51559463,51568371,8908
ENSG00000147642,110586207,110704020,117813
ENSG00000166439,74459913,74553458,93545
ENSG00000198265,65066554,65242105,175551
ENSG00000235588,31572910,31574747,1837
ENSG00000230092,736259,745541,9282
ENSG00000102891,56598961,56602869,3908
ENSG00000250091,124410971,124419531,8560
ENSG00000115268,1438358,1440583,2225
ENSG00000240453,745489,753092,7603
ENSG00000177757,752751,755214,2463
ENSG00000225880,761586,762902,1316
ENSG00000160888,13261229,13265722,4493
ENSG00000198000,95059640,95087918,28278
ENSG00000109943,122709208,122743347,34139
ENSG00000140386,76640526,77197785,557259
ENSG00000198453,37407231,37489602,82371
ENSG00000228794,762988,794826,31838
ENSG00000143033,93544792,93604638,59846
ENSG00000087250,56622986,56625000,2014
ENSG00000113140,151040657,151066726,26069
ENSG00000165525,50249997,50319921,69924
ENSG00000179195,124456392,124499986,43594
ENSG00000205268,66629745,66754557,124812
ENSG00000232781,28994461,28995388,927
ENSG00000230368,803451,812283,8832
ENSG00000233019,29039604,29040379,775
ENSG00000268798,1440838,1441937,1099
ENSG00000185640,53215194,53228079,12885
ENSG00000152359,74969949,75013313,43364
ENSG00000227529,29044353,29044948,595
ENSG00000234711,808672,809729,1057
ENSG00000144645,31699382,32119072,419690
ENSG00000225441,29068731,29069669,938
ENSG00000272438,840214,851356,11142
ENSG00000230699,846815,850328,3513
ENSG00000231960,29091992,29096689,4697
ENSG00000241180,849551,850351,800
ENSG00000186732,43807202,43903728,96526
ENSG00000223764,852245,856396,4151
ENSG00000109944,122753391,122830506,77115
ENSG00000272512,931346,933431,2085
ENSG00000106400,100860949,100867471,6522
ENSG00000231702,943456,943609,153
ENSG00000224969,947377,948573,1196
ENSG00000242590,990413,991496,1083
ENSG00000170423,53231588,53242876,11288
ENSG00000213390,98978996,99052413,73417
ENSG00000141371,58469790,58508782,38992
ENSG00000221128,11694857,11694979,122
ENSG00000217801,995114,1004735,9621
ENSG00000251747,11699413,11699474,61
ENSG00000247157,11700964,11743303,42339
ENSG00000079841,72596406,73112845,516439
ENSG00000198055,176830205,176869902,39697
ENSG00000151491,15773092,16035263,262171
ENSG00000197050,37498759,37621216,122457
ENSG00000188909,122848278,122852428,4150
ENSG00000198134,12264097,12264423,326
ENSG00000242405,12308196,12308706,510
ENSG00000151348,44117099,44266979,149880
ENSG00000199551,12379608,12379711,103
ENSG00000166435,74518784,74660245,141461
ENSG00000270857,12401925,12402361,436
ENSG00000177556,151121877,151152093,30216
ENSG00000207010,12442161,12442263,102
ENSG00000273443,997588,998668,1080
ENSG00000243141,12491710,12492188,478
ENSG00000106404,100875373,100882101,6728
ENSG00000223823,1072397,1079436,7039
ENSG00000271370,12605037,12605415,378
ENSG00000207730,1102484,1102578,94
ENSG00000255670,12638287,12644515,6228
ENSG00000207607,1103243,1103332,89
ENSG00000240424,12721135,12721710,575
ENSG00000198976,1104385,1104467,82
ENSG00000062725,58520520,58603580,83060
ENSG00000272141,1104737,1105723,986
ENSG00000205231,1108436,1114935,6499
ENSG00000267360,37583921,37701414,117493
ENSG00000260179,1185157,1186714,1557
ENSG00000230415,1210603,1215800,5197
ENSG00000158435,101869264,101886778,17514
ENSG00000240731,1252961,1254069,1108
ENSG00000223663,1314046,1314412,366
ENSG00000115266,1446300,1473243,26943
ENSG00000264293,1340841,1341132,291
ENSG00000111727,104458235,104498639,40404
ENSG00000272455,1344476,1345998,1522
ENSG00000225905,1355625,1358071,2446
ENSG00000225285,1365919,1369953,4034
ENSG00000188993,52859868,52883786,23918
ENSG00000271215,12767293,12768841,1548
ENSG00000215791,1497726,1499904,2178
ENSG00000264507,27604049,27604155,106
ENSG00000236684,1515136,1515379,243
ENSG00000257004,12821916,12838009,16093
ENSG00000262361,27671730,27671836,106
ENSG00000172086,88326724,88355248,28524
ENSG00000256658,12876231,12876945,714
ENSG00000272106,1549138,1551175,2037
ENSG00000207983,12917583,12917677,94
ENSG00000272004,1590786,1594063,3277
ENSG00000270296,12924285,12924639,354
ENSG00000198189,88257762,88312538,54776
ENSG00000242329,12993738,12994013,275
ENSG00000269737,1603429,1604850,1421
ENSG00000241352,13003916,13004674,758
ENSG00000269227,1604714,1605836,1122
ENSG00000163995,7967039,8160559,193520
ENSG00000215914,1631369,1633249,1880
ENSG00000169777,9629109,9712490,83381
ENSG00000146112,30644166,30655672,11506
ENSG00000178882,124457788,124800570,342782
ENSG00000163069,52886872,52904648,17776
ENSG00000057019,98514785,98620533,105748
ENSG00000234498,13028433,13029044,611
ENSG00000207817,13068763,13068852,89
ENSG00000100983,33516236,33543620,27384
ENSG00000126858,30469473,30580393,110920
ENSG00000117500,93615299,93646285,30986
ENSG00000168427,239047363,239061588,14225
ENSG00000103196,84853590,84954374,100784
ENSG00000129437,51580752,51587502,6750
ENSG00000247498,13080660,13137579,56919
ENSG00000268575,1634175,1669127,34952
ENSG00000267772,58641908,58663984,22076
ENSG00000186976,43924624,44208217,283593
ENSG00000197616,23851199,23877486,26287
ENSG00000227775,1655951,1668690,12739
ENSG00000142544,51600863,51611627,10764
ENSG00000001630,91741465,91772266,30801
ENSG00000145907,151150606,151192346,41740
ENSG00000178752,239067623,239077541,9918
ENSG00000231050,1822910,1824097,1187
ENSG00000196834,131217028,131267239,50211
ENSG00000233542,1944652,1946969,2317
ENSG00000170836,58677544,58741849,64305
ENSG00000226969,1980642,1981509,867
ENSG00000150756,10226442,10250009,23567
ENSG00000271806,2072523,2076718,4195
ENSG00000170502,88343734,88380606,36872
ENSG00000182873,2113233,2115828,2595
ENSG00000129450,51628165,51639908,11743
ENSG00000243558,2143610,2144013,403
ENSG00000188312,95087766,95382815,295049
ENSG00000234396,2143962,2152177,8215
ENSG00000272161,2257640,2258132,492
ENSG00000152093,131278770,131285579,6809
ENSG00000269896,2281853,2284259,2406
ENSG00000238240,2283083,2283296,213
ENSG00000133135,105937024,106040223,103199
ENSG00000272420,2294500,2295067,567
ENSG00000271921,2306292,2306792,500
ENSG00000271847,2309056,2309799,743
ENSG00000178642,2316811,2319922,3111
ENSG00000224387,2423739,2424697,958
ENSG00000229393,2424876,2425918,1042
ENSG00000272449,2477904,2478899,995
ENSG00000115593,88367299,88412906,45607
ENSG00000164651,20823906,20826505,2599
ENSG00000214253,100882739,100895597,12858
ENSG00000238164,2481359,2488470,7111
ENSG00000163162,101887681,101925163,37482
ENSG00000168995,51645556,51656783,11227
ENSG00000132323,239079042,239112370,33328
ENSG00000225931,2497849,2501327,3478
ENSG00000170421,53290977,53343738,52761
ENSG00000078814,33563206,33590240,27034
ENSG00000228037,2512999,2515972,2973
ENSG00000140694,14529558,14726585,197027
ENSG00000106809,95146249,95166978,20729
ENSG00000237058,2564007,2568059,4052
ENSG00000233234,2728415,2729257,842
ENSG00000105866,21467652,21554440,86788
ENSG00000109971,122928197,122933938,5741
ENSG00000231630,2730997,2731563,566
ENSG00000196967,37597636,37663643,66007
ENSG00000114650,47455203,47518616,63413
ENSG00000137404,30655824,30659197,3373
ENSG00000131469,41150290,41154976,4686
ENSG00000177133,2976179,2985001,8822
ENSG00000256011,13115234,13116473,1239
ENSG00000221611,13124987,13125077,90
ENSG00000165861,73436159,73493920,57761
ENSG00000255621,13153385,13193613,40228
ENSG00000183935,13152812,13155768,2956
ENSG00000163071,52917497,52963458,45961
ENSG00000243129,13174194,13174540,346
ENSG00000052850,44281994,44331716,49722
ENSG00000256761,2978523,2978959,436
ENSG00000226286,3049491,3050273,782
ENSG00000272235,3223200,3226660,3460
ENSG00000272088,3403810,3404191,381
ENSG00000207776,3477259,3477354,95
ENSG00000127083,95176527,95186743,10216
ENSG00000238260,3539754,3541307,1553
ENSG00000114867,184032283,184053146,20863
ENSG00000152583,88394487,88452213,57726
ENSG00000227589,3575502,3585336,9834
ENSG00000235131,3628764,3630862,2098
ENSG00000141837,13317256,13734804,417548
ENSG00000227372,3652548,3663900,11352
ENSG00000178927,80400465,80408705,8240
ENSG00000184761,131296668,131307456,10788
ENSG00000266075,3699379,3699673,294
ENSG00000238289,31542228,31555259,13031
ENSG00000272153,3701572,3702102,530
ENSG00000264428,3800628,3800697,69
ENSG00000245680,37672481,37709055,36574
ENSG00000117906,77223960,77242601,18641
ENSG00000236423,3816936,3833789,16853
ENSG00000183292,131328402,131341734,13332
ENSG00000106819,95218487,95244788,26301
ENSG00000233304,4000673,4015322,14649
ENSG00000188580,124125286,125146803,1021517
ENSG00000226374,4007209,4009040,1831
ENSG00000229280,4235588,4235959,371
ENSG00000085117,44585977,44641913,55936
ENSG00000165879,99079022,99081672,2650
ENSG00000235054,4472111,4484747,12636
ENSG00000189079,46123448,46301823,178375
ENSG00000150753,10250033,10266524,16491
ENSG00000227169,4611795,4612205,410
ENSG00000221845,47694842,47701246,6404
ENSG00000232596,4631608,4643481,11873
ENSG00000231510,5146519,5150959,4440
ENSG00000054523,10270863,10441661,170798
ENSG00000269020,31560862,31561338,476
ENSG00000260972,5553038,5554734,1696
ENSG00000136698,131350339,131357123,6784
ENSG00000264341,5624131,5624203,72
ENSG00000236948,5647428,5728355,80927
ENSG00000228662,31572848,31574363,1515
ENSG00000216045,5875931,5876019,88
ENSG00000264101,5922732,5922801,69
ENSG00000266687,5953899,5953984,85
ENSG00000131188,176873446,176883283,9837
ENSG00000226944,6264900,6265840,940
ENSG00000181788,150458914,150481264,22350
ENSG00000225077,6296300,6299504,3204
ENSG00000119559,1461142,1479555,18413
ENSG00000271746,6453615,6454451,836
ENSG00000265392,6489894,6489956,62
ENSG00000231868,6503094,6507066,3972
ENSG00000122483,93645476,93744287,98811
ENSG00000253022,6600914,6601024,110
ENSG00000130055,69642881,69653240,10359
ENSG00000181274,99092255,99094458,2203
ENSG00000229519,6607965,6608679,714
ENSG00000214237,150588832,150612089,23257
ENSG00000153786,85007787,85045141,37354
ENSG00000228750,6784697,6790072,5375
ENSG00000175130,32799433,32801980,2547
ENSG00000152591,88529681,88538062,8381
ENSG00000239166,6812779,6812881,102
ENSG00000237436,6843952,6844903,951
ENSG00000136273,47735328,48019178,283850
ENSG00000227950,6894393,6894678,285
ENSG00000133138,106045910,106119375,73465
ENSG00000106823,95256365,95298937,42572
ENSG00000237365,7068436,7074339,5903
ENSG00000207056,7279420,7279584,164
ENSG00000162526,32817122,32829913,12791
ENSG00000237402,7429003,7430331,1328
ENSG00000105877,21582833,21941457,358624
ENSG00000130540,44220389,44258398,38009
ENSG00000260234,150600784,150659530,58746
ENSG00000237728,7442548,7449814,7266
ENSG00000225126,7501156,7501614,458
ENSG00000270171,7753184,7754904,1720
ENSG00000152592,88571459,88585513,14054
ENSG00000270035,7758363,7758932,569
ENSG00000146373,125283691,125413779,130088
ENSG00000269978,7760764,7761030,266
ENSG00000269925,7836443,7836835,392
ENSG00000240720,91741473,91808845,67372
ENSG00000236266,7870302,7887402,17100
ENSG00000225828,32826871,32829879,3008
ENSG00000270330,8002432,8002786,354
ENSG00000248050,110656344,110660313,3969
ENSG00000200344,8042941,8043043,102
ENSG00000238290,8086798,8182762,95964
ENSG00000232848,8117305,8118523,1218
ENSG00000163646,150643950,150690786,46836
ENSG00000229305,8249884,8252830,2946
ENSG00000105383,51728320,51747115,18795
ENSG00000201476,13593818,13593935,117
ENSG00000164794,110975874,110988076,12202
ENSG00000201909,13612604,13612710,106
ENSG00000065371,123687368,123711025,23657
ENSG00000200975,8266494,8266657,163
ENSG00000256306,13679788,13700516,20728
ENSG00000227634,8268732,8275270,6538
ENSG00000243696,52847298,52869745,22447
ENSG00000233645,8278250,8280589,2339
ENSG00000252445,13740814,13740918,104
ENSG00000168081,28174503,28200872,26369
ENSG00000188283,37708828,37734828,26000
ENSG00000200475,13836476,13836820,344
ENSG00000265414,8335184,8335438,254
ENSG00000114923,220492049,220506702,14653
ENSG00000256346,14322680,14322811,131
ENSG00000251977,8352217,8352323,106
ENSG00000252254,8388127,8388239,112
ENSG00000227760,14344936,14345218,282
ENSG00000177294,6679542,6700420,20878
ENSG00000029559,88720733,88733074,12341
ENSG00000232912,8484705,8494898,10193
ENSG00000115257,1481427,1490751,9324
ENSG00000127080,95375466,95432547,57081
ENSG00000221083,8571854,8571978,124
ENSG00000270282,8572712,8573080,368
ENSG00000243364,155036207,155042029,5822
ENSG00000140368,77285700,77329673,43973
ENSG00000234619,8810489,8811146,657
ENSG00000224315,8846270,8846972,702
ENSG00000222511,8856633,8856731,98
ENSG00000147570,66933795,67012751,78956
ENSG00000138166,112257596,112271302,13706
ENSG00000226545,8858534,8859565,1031
ENSG00000124784,7389729,7418270,28541
ENSG00000178568,212240446,213403565,1163119
ENSG00000228423,8865919,8867110,1191
ENSG00000023734,16035325,16056412,21087
ENSG00000229716,8891066,8891434,368
ENSG00000236269,8935847,8938066,2219
ENSG00000230679,8938894,8939953,1059
ENSG00000167858,6692452,6735080,42628
ENSG00000179213,51749603,51772584,22981
ENSG00000201725,8943486,8943592,106
ENSG00000158683,47814250,47988088,173838
ENSG00000238249,8953468,8954210,742
ENSG00000186918,28203102,28260218,57116
ENSG00000232208,8967452,8967803,351
ENSG00000232663,8969801,8969963,162
ENSG00000265141,9039637,9039933,296
ENSG00000252404,9142755,9142938,183
ENSG00000207865,9211727,9211836,109
ENSG00000228526,9242066,9262678,20612
ENSG00000234546,9242263,9252148,9885
ENSG00000252841,9338450,9338592,142
ENSG00000252956,9497728,9497837,109
ENSG00000224940,127990379,128001739,11360
ENSG00000235263,9561151,9563530,2379
ENSG00000117505,93811445,93835055,23610
ENSG00000272573,52867130,52869235,2105
ENSG00000231181,9636485,9637043,558
ENSG00000233268,9720886,9722684,1798
ENSG00000185963,95473645,95527094,53449
ENSG00000269049,14564842,14565054,212
ENSG00000231789,9732484,9747613,15129
ENSG00000266749,14366028,14366299,271
ENSG00000256084,14369524,14374231,4707
ENSG00000271264,9840880,9841298,418
ENSG00000248592,52867137,52931578,64441
ENSG00000255763,14390025,14390255,230
ENSG00000223989,9908376,9910212,1836
ENSG00000113758,176883609,176901402,17793
ENSG00000228150,10002981,10010032,7051
ENSG00000202415,10007376,10007694,318
ENSG00000265521,10027439,10027516,77
ENSG00000241326,10043199,10044626,1427
ENSG00000109189,53457138,53525502,68364
ENSG00000225786,10078085,10078592,507
ENSG00000118363,74660292,74690076,29784
ENSG00000224340,10114503,10114839,336
ENSG00000128581,100956975,100965104,8129
ENSG00000233623,10118729,10119706,977
ENSG00000143590,155036224,155060014,23790
ENSG00000125148,56642111,56643409,1298
ENSG00000144893,150803484,151154860,351376
ENSG00000157570,44748015,44953972,205957
ENSG00000201746,10223326,10223432,106
ENSG00000255104,15603006,15648092,45086
ENSG00000264881,10287776,10287861,85
ENSG00000181666,37803739,37860267,56528
ENSG00000199562,10359024,10359130,106
ENSG00000264501,10366523,10366813,290
ENSG00000265945,10450059,10450353,294
ENSG00000214050,28205804,28347835,142031
ENSG00000271989,10489938,10490734,796
ENSG00000203469,10518612,10519395,783
ENSG00000197170,65334032,65362743,28711
ENSG00000243267,10676893,10677170,277
ENSG00000272078,10699298,10714390,15092
ENSG00000108055,112327449,112364394,36945
ENSG00000225158,10955818,10956055,237
ENSG00000103429,14726672,14763093,36421
ENSG00000215785,11051035,11051854,819
ENSG00000169715,56659387,56661024,1637
ENSG00000264181,11058233,11058320,87
ENSG00000092054,23881947,23904927,22980
ENSG00000207213,11059919,11060002,83
ENSG00000271895,11089716,11090585,869
ENSG00000127081,95607874,95640304,32430
ENSG00000226849,11128528,11133154,4626
ENSG00000230337,11159732,11162157,2425
ENSG00000234852,31849569,31851954,2385
ENSG00000225602,11203955,11209594,5639
ENSG00000268317,56662971,56666150,3179
ENSG00000253086,11212407,11212509,102
ENSG00000251246,155036224,155059283,23059
ENSG00000257600,31860976,31861221,245
ENSG00000271794,11229564,11229670,106
ENSG00000160058,32830704,32860332,29628
ENSG00000207451,11286311,11286417,106
ENSG00000205364,56666145,56667898,1753
ENSG00000238173,11293020,11293169,149
ENSG00000142549,51815102,51833608,18506
ENSG00000238199,11338673,11339408,735
ENSG00000163832,47537130,47555251,18121
ENSG00000196498,124808961,125052135,243174
ENSG00000224338,11485314,11485878,564
ENSG00000235643,11669588,11673412,3824
ENSG00000135355,90604188,90605839,1651
ENSG00000177553,11837134,11839676,2542
ENSG00000205362,56672578,56673999,1421
ENSG00000162139,74699179,74729938,30759
ENSG00000215067,6779954,6915668,135714
ENSG00000242349,11901074,11908136,7062
ENSG00000115255,1491165,1497926,6761
ENSG00000175874,101962013,102004057,42044
ENSG00000186235,239133193,239140318,7125
ENSG00000224904,11937827,11940463,2636
ENSG00000199347,11968209,11968328,119
ENSG00000186806,51834790,51845378,10588
ENSG00000201801,11969865,11969984,119
ENSG00000270914,12077273,12077365,92
ENSG00000169688,56685811,56687116,1305
ENSG00000202461,12084069,12084181,112
ENSG00000243539,12096799,12097071,272
ENSG00000251908,14403166,14403275,109
ENSG00000201135,12137938,12138041,103
ENSG00000255749,14407846,14408160,314
ENSG00000227875,12140350,12140604,254
ENSG00000265119,14464277,14464549,272
ENSG00000052749,99116115,99161127,45012
ENSG00000263676,12251770,12251830,60
ENSG00000100991,33590207,33680674,90467
ENSG00000171561,74799758,74800799,1041
ENSG00000244573,14509776,14518437,8661
ENSG00000225196,12280851,12281166,315
ENSG00000069764,14766405,14788526,22121
ENSG00000252969,12281205,12281328,123
ENSG00000239149,12567300,12567451,151
ENSG00000255649,14683085,14686163,3078
ENSG00000169242,155099936,155107333,7397
ENSG00000229484,12587766,12588462,696
ENSG00000200830,14706636,14706904,268
ENSG00000221340,12630000,12630100,100
ENSG00000198417,56691606,56694610,3004
ENSG00000137942,93913688,94020218,106530
ENSG00000256751,14720684,14772689,52005
ENSG00000272482,12678906,12679250,344
ENSG00000119714,91698876,91720269,21393
ENSG00000147573,67039131,67087720,48589
ENSG00000226166,12752925,12753036,111
ENSG00000238771,12799693,12799796,103
ENSG00000228338,12882549,12883022,473
ENSG00000112182,90636248,91006627,370379
ENSG00000269832,50291993,50293258,1265
ENSG00000241534,31895618,31902052,6434
ENSG00000231103,12897978,12901210,3232
ENSG00000197502,50300810,50311552,10742
ENSG00000105379,51848423,51869672,21249
ENSG00000207434,12982374,12982480,106
ENSG00000162869,48667737,48742525,74788
ENSG00000165527,50359810,50361490,1680
ENSG00000234064,12985990,12988081,2091
ENSG00000250894,13012966,13015755,2789
ENSG00000135709,85061375,85127836,66461
ENSG00000270601,13108842,13112679,3837
ENSG00000108839,6899384,6914055,14671
ENSG00000125144,56700643,56701977,1334
ENSG00000082458,69664711,69725337,60626
ENSG00000214900,50448430,50474238,25808
ENSG00000250113,13123246,13126086,2840
ENSG00000127084,95709733,95798518,88785
ENSG00000196460,102013823,102091165,77342
ENSG00000204505,13140456,13145000,4544
ENSG00000229496,31574350,31590705,16355
ENSG00000233336,13146777,13147256,479
ENSG00000197385,32023263,32033120,9857
ENSG00000168260,50550369,50559361,8992
ENSG00000185761,1505017,1513603,8586
ENSG00000205358,56703726,56705041,1315
ENSG00000153789,85131965,85146114,14149
ENSG00000001631,91828283,91875480,47197
ENSG00000152642,32147181,32210205,63024
ENSG00000214772,14818589,14910897,92308
ENSG00000261324,14915438,14920865,5427
ENSG00000187193,56716336,56718108,1772
ENSG00000100483,50575350,50583318,7968
ENSG00000256339,14994026,14997642,3616
ENSG00000111907,125440195,125585553,145358
ENSG00000144810,99357319,99518070,160751
ENSG00000255727,15154767,15159617,4850
ENSG00000262601,85204882,85218969,14087
ENSG00000261567,85391069,85393055,1986
ENSG00000166250,122943035,123065989,122954
ENSG00000145888,151202074,151304403,102329
ENSG00000226887,53588785,53617807,29022
ENSG00000128045,53728457,53733000,4543
ENSG00000258875,91709103,91717426,8323
ENSG00000137491,74811608,74917594,105986
ENSG00000170293,32280171,32411817,131646
ENSG00000254667,123301058,123306427,5369
ENSG00000175274,44907454,44972840,65386
ENSG00000212884,117169,119085,1916
ENSG00000206750,81439,81539,100
ENSG00000215705,122920,123169,249
ENSG00000221666,136235,136317,82
ENSG00000221397,138777,138857,80
ENSG00000266596,139016,139098,82
ENSG00000265703,144571,144653,82
ENSG00000220994,152040,152122,82
ENSG00000221692,164643,164725,82
ENSG00000224712,14802801,14820195,17394
ENSG00000221570,165363,165438,75
ENSG00000114646,47603729,47622282,18553
ENSG00000263455,168185,168260,75
ENSG00000157303,95820989,95847420,26431
ENSG00000153551,32433163,32524559,91396
ENSG00000088298,33703167,33865928,162761
ENSG00000106348,128032331,128050306,17975
ENSG00000184178,53739149,54232242,493093
ENSG00000254852,14841923,14859270,17347
ENSG00000104290,28351729,28431775,80046
ENSG00000137936,94027347,94312706,285359
ENSG00000136275,47834889,47859445,24556
ENSG00000015133,91737667,91884188,146521
ENSG00000165233,95858500,95875565,17065
ENSG00000269403,51853627,51871353,17726
ENSG00000091317,32522804,32544900,22096
ENSG00000131149,85645015,85709810,64795
ENSG00000144485,239146908,239149303,2395
ENSG00000160318,51870352,51872257,1905
ENSG00000011566,39476407,39664453,188046
ENSG00000169241,155107820,155111329,3509
ENSG00000131669,95883771,95896570,12799
ENSG00000135341,91223292,91296764,73472
ENSG00000105374,51874860,51875969,1109
ENSG00000102900,56764017,56878797,114780
ENSG00000213533,52870235,52931612,61377
ENSG00000012232,28457986,28613116,155130
ENSG00000222038,131369054,131415664,46610
ENSG00000103512,14927538,14990017,62479
ENSG00000023171,123396344,123498482,102138
ENSG00000164744,48026745,48068716,41971
ENSG00000173302,131486643,131487909,1266
ENSG00000105370,51883163,51891214,8051
ENSG00000133131,106057101,106243474,186373
ENSG00000144635,32567463,32612366,44903
ENSG00000144285,166845670,166984523,138853
ENSG00000100341,44275558,44287893,12335
ENSG00000067334,94333373,94345474,12101
ENSG00000160963,101006101,101202304,196203
ENSG00000178171,131513008,131525707,12699
ENSG00000142657,10458649,10480201,21552
ENSG00000189164,37861963,37883968,22005
ENSG00000204130,70100864,70167051,66187
ENSG00000140391,77336359,77376326,39967
ENSG00000030419,213864429,214017151,152722
ENSG00000019485,45115564,45247734,132170
ENSG00000023909,94350761,94374966,24205
ENSG00000132911,151771093,151812929,41836
ENSG00000164796,113235157,114449328,1214171
ENSG00000100344,44319619,44360368,40749
ENSG00000147571,67088620,67090960,2340
ENSG00000262874,51891543,51893828,2285
ENSG00000061987,62860597,62991363,130766
ENSG00000219200,6915736,6917851,2115
ENSG00000254553,32930658,33066393,135735
ENSG00000179041,67341263,67342966,1703
ENSG00000019505,45261852,45307870,46018
ENSG00000262783,72659114,72847028,187914
ENSG00000196437,37902057,37960177,58120
ENSG00000100485,50583847,50698276,114429
ENSG00000273274,32930670,32962287,31617
ENSG00000175279,10490159,10512210,22051
ENSG00000262817,72702213,72728782,26569
ENSG00000185988,1524073,1535455,11382
ENSG00000263297,72768036,72796884,28848
ENSG00000129460,23938897,23979071,40174
ENSG00000196923,176910395,176924607,14212
ENSG00000160062,33005028,33071540,66512
ENSG00000262278,72809567,72809746,179
ENSG00000137337,30667584,30685666,18082
ENSG00000119707,73525144,73588122,62978
ENSG00000131153,85709804,85723679,13875
ENSG00000261594,74951950,74954742,2792
ENSG00000104299,28625178,28747759,122581
ENSG00000181588,1554668,1568057,13389
ENSG00000100347,44351301,44406411,55110
ENSG00000122012,75378997,75649764,270767
ENSG00000173517,77400471,77712486,312015
ENSG00000179085,155112367,155113071,704
ENSG00000141756,39968932,39979465,10533
ENSG00000254996,139781493,139929154,147661
ENSG00000116106,222282747,222438922,156175
ENSG00000176261,33065773,33116504,50731
ENSG00000101000,33759876,33765165,5289
ENSG00000171827,37958487,37976260,17773
ENSG00000204304,32152512,32157963,5451
ENSG00000071655,1576639,1592882,16243
ENSG00000125966,33814457,33864801,50344
ENSG00000198691,94458393,94586688,128295
ENSG00000139218,46312914,46385903,72989
ENSG00000154102,85723690,85784735,61045
ENSG00000070915,56899119,56949762,50643
ENSG00000163463,155141884,155145951,4067
ENSG00000165238,95947198,96082854,135656
ENSG00000173473,47626762,47823596,196834
ENSG00000164649,21940518,21985702,45184
ENSG00000137486,74975226,75062873,87647
ENSG00000131148,85805364,85833214,27850
ENSG00000206268,31902055,31909055,7000
ENSG00000166257,123499895,123525952,26057
ENSG00000147576,67342420,67383836,41416
ENSG00000140382,77712754,77777949,65195
ENSG00000183426,15016659,15045915,29256
ENSG00000142512,51913275,51921057,7782
ENSG00000151632,5029967,5060223,30256
ENSG00000132326,239152679,239198743,46064
ENSG00000273088,155141885,155159748,17863
ENSG00000023697,16064106,16190220,126114
ENSG00000188677,44395091,44568829,173738
ENSG00000267059,1578338,1605444,27106
ENSG00000136002,131594489,131804836,210347
ENSG00000160145,123798870,124445172,646302
ENSG00000188227,37997841,38039664,41823
ENSG00000184220,99536678,99897447,360769
ENSG00000127540,1597171,1605480,8309
ENSG00000117868,158523686,158622944,99258
ENSG00000104957,13842574,13874110,31536
ENSG00000125089,8183799,8243530,59731
ENSG00000152595,88742563,88767969,25406
ENSG00000167695,635652,646206,10554
ENSG00000213523,139916925,139937895,20970
ENSG00000204352,96080481,96108696,28215
ENSG00000242372,33866714,33872788,6074
ENSG00000169432,167051695,167232503,180808
ENSG00000251503,10490159,10512210,22051
ENSG00000269871,6915928,6917755,1827
ENSG00000141376,58754814,59470199,715385
ENSG00000243056,139927251,139929163,1912
ENSG00000230900,31588589,31602936,14347
ENSG00000106436,101256605,101272576,15971
ENSG00000155511,152869175,153193429,324254
ENSG00000111906,125541108,125623282,82174
ENSG00000188938,96208776,96215874,7098
ENSG00000241563,10509776,10511959,2183
ENSG00000131143,85832239,85840650,8411
ENSG00000037757,13875346,13885096,9750
ENSG00000161939,6915954,6920839,4885
ENSG00000162521,33116743,33151812,35069
ENSG00000175264,45670427,45687172,16745
ENSG00000160049,10516579,10532583,16004
ENSG00000137962,94614544,94740624,126080
ENSG00000205106,45792983,45793909,926
ENSG00000104979,13884982,13889276,4294
ENSG00000164746,48075108,48100901,25793
ENSG00000235125,31590993,31602942,11949
ENSG00000268396,239192329,239192498,169
ENSG00000141698,39981335,39992523,11188
ENSG00000181830,45825623,45834566,8943
ENSG00000169783,77905369,78113242,207873
ENSG00000204104,239229082,239309541,80459
ENSG00000142655,10532345,10690815,158470
ENSG00000226275,31616138,31618410,2272
ENSG00000171817,38042308,38104998,62690
ENSG00000079785,15731302,15771235,39933
ENSG00000121671,45868669,45904798,36129
ENSG00000048828,96214004,96328397,114393
ENSG00000163935,52937588,53080766,143178
ENSG00000182973,32726637,32815367,88730
ENSG00000183696,48128225,48148330,20105
ENSG00000135333,93949738,94129265,179527
ENSG00000214946,15635561,15649476,13915
ENSG00000167202,78276378,78370066,93688
ENSG00000051108,56965960,56977798,11838
ENSG00000166261,123594885,123612383,17498
ENSG00000179889,15068448,15233196,164748
ENSG00000135547,126068810,126082415,13605
ENSG00000180479,38045684,38085673,39989
ENSG00000120498,69748790,70128581,379791
ENSG00000068079,41158742,41166473,7731
ENSG00000196139,5077546,5149878,72332
ENSG00000121653,45907202,45928016,20814
ENSG00000163586,88422510,88427635,5125
ENSG00000145216,54243810,55161439,917629
ENSG00000130940,10696661,10856707,160046
ENSG00000221931,123624196,123625253,1057
ENSG00000197724,96338689,96441869,103180
ENSG00000138964,44568836,44615413,46577
ENSG00000179409,647654,657239,9585
ENSG00000152670,55033845,55112985,79140
ENSG00000196099,123676043,123677095,1052
ENSG00000163462,155145873,155157447,11574
ENSG00000140968,85932409,85956215,23806
ENSG00000125998,33873534,33880204,6670
ENSG00000113108,139937853,139973337,35484
ENSG00000101974,138808505,139027435,218930
ENSG00000204300,123753633,123756349,2716
ENSG00000256500,104029299,104152261,122962
ENSG00000234776,45928085,45928833,748
ENSG00000087299,50704281,50779266,74985
ENSG00000188991,16341419,16430619,89200
ENSG00000181518,123777109,123778183,1074
ENSG00000117528,94883933,94984222,100289
ENSG00000146094,176928908,176938275,9367
ENSG00000214109,13890884,13900972,10088
ENSG00000126870,158649269,158749438,100169
ENSG00000166130,99007183,99038891,31708
ENSG00000131668,96713905,96717654,3749
ENSG00000105366,51954101,51961710,7609
ENSG00000162520,33145507,33169197,23690
ENSG00000170425,15848231,15879060,30829
ENSG00000144115,88469835,88486146,16311
ENSG00000008394,16500076,16762193,262117
ENSG00000171014,123810250,123811344,1094
ENSG00000132003,13906274,13943044,36770
ENSG00000181499,123813492,123814580,1088
ENSG00000120784,38104650,38183238,78588
ENSG00000125375,50779044,50802276,23232
ENSG00000196248,123847368,123848488,1120
ENSG00000145703,75699074,76003957,304883
ENSG00000196326,5196335,5244449,48114
ENSG00000198674,123864870,123865868,998
ENSG00000158079,96793076,96872138,79062
ENSG00000174946,150915619,150920988,5369
ENSG00000223952,31619653,31622422,2769
ENSG00000254737,123886282,123887217,935
ENSG00000187556,13972877,13991571,18694
ENSG00000272305,53003135,53133469,130334
ENSG00000236981,123893720,123894655,935
ENSG00000174944,150929905,150996255,66350
ENSG00000103241,86544133,86548076,3943
ENSG00000136367,23990066,24025401,35335
ENSG00000147223,106143293,106146565,3272
ENSG00000236237,31624641,31626608,1967
ENSG00000152154,39892122,39945103,52981
ENSG00000121680,45931220,45940363,9143
ENSG00000138271,151011891,151034740,22849
ENSG00000214941,15879874,15903031,23157
ENSG00000204283,75875109,75878659,3550
ENSG00000181631,151044100,151047336,3236
ENSG00000165376,106143394,106174091,30697
ENSG00000117525,94994781,95007356,12575
ENSG00000269402,30506379,30506885,506
ENSG00000175787,97021593,97063736,42143
ENSG00000162522,33207486,33240571,33085
ENSG00000257923,101458959,101927249,468290
ENSG00000132016,13993161,14017265,24104
ENSG00000147421,28747911,28922281,174370
ENSG00000101019,33890369,33999944,109575
ENSG00000213822,51979838,51994206,14368
ENSG00000120837,104510855,104532067,21212
ENSG00000149273,75110530,75133324,22794
ENSG00000234560,123900297,123901341,1044
ENSG00000136237,22157856,22396763,238907
ENSG00000182634,123908773,123909717,944
ENSG00000089682,106307650,106362057,54407
ENSG00000141314,30593195,30651680,58485
ENSG00000138346,70173821,70231879,58058
ENSG00000135903,223064607,223163715,99108
ENSG00000111912,126102307,126252266,149959
ENSG00000167699,660337,685581,25244
ENSG00000130950,97077605,97090926,13321
ENSG00000071564,1609291,1652604,43313
ENSG00000254521,51994611,52005043,10432
ENSG00000103248,86563782,86588841,25059
ENSG00000256053,104029299,104073860,44561
ENSG00000169313,151055168,151102600,47432
ENSG00000234514,31630207,31632990,2783
ENSG00000148110,97136833,97223324,86491
ENSG00000179869,48211055,48687092,476037
ENSG00000213654,32158543,32163300,4757
ENSG00000170801,8271492,8308838,37346
ENSG00000172073,88824169,88829102,4933
ENSG00000132024,14017014,14041692,24678
ENSG00000259431,24025216,24029480,4264
ENSG00000130957,97321002,97356075,35073
ENSG00000118785,88896819,88904562,7743
ENSG00000152580,151143172,151176497,33325
ENSG00000072201,54325468,54567572,242104
ENSG00000144451,214149113,215275225,1126112
ENSG00000111057,53342655,53346685,4030
ENSG00000110002,123986069,124018428,32359
ENSG00000165905,45943172,45950647,7475
ENSG00000165140,97365415,97402531,37116
ENSG00000231031,15830906,15884463,53557
ENSG00000205922,1752372,1780987,28615
ENSG00000204301,32162620,32191844,29224
ENSG00000134323,16080686,16087129,6443
ENSG00000078687,76000249,76104916,104667
ENSG00000138944,44639547,44708731,69184
ENSG00000175262,11006528,11042094,35566
ENSG00000196381,38158652,38183223,24571
ENSG00000172071,88856259,88927094,70835
ENSG00000163933,53122499,53164478,41979
ENSG00000065802,239335383,239360891,25508
ENSG00000220702,44761431,44762164,733
ENSG00000183476,78370150,78397251,27101
ENSG00000188636,44888452,44894178,5726
ENSG00000267552,38180766,38210089,29323
ENSG00000258315,6917814,6920844,3030
ENSG00000233608,239756673,239795893,39220
ENSG00000011295,15902694,15948329,45635
ENSG00000106018,158820866,158937649,116783
ENSG00000136425,78396948,78423886,26938
ENSG00000198182,38187264,38210691,23427
ENSG00000087008,8368009,8442450,74441
ENSG00000055147,153369688,153418496,48808
ENSG00000143036,95285898,95360802,74904
ENSG00000120948,11072414,11085796,13382
ENSG00000134684,33240840,33283754,42914
ENSG00000221949,62995531,62997214,1683
ENSG00000169085,67372238,67430759,58521
ENSG00000122912,70237756,70287231,49475
ENSG00000105492,52022779,52035110,12331
ENSG00000087237,56995762,57017757,21995
ENSG00000186654,45064593,45133561,68968
ENSG00000135245,128095903,128098472,2569
ENSG00000148120,97488983,97849441,360458
ENSG00000130270,1782074,1812275,30201
ENSG00000118762,88928820,88998929,70109
ENSG00000223493,31909043,31919714,10671
ENSG00000197872,16730727,16847599,116872
ENSG00000153574,88991162,89050452,59290
ENSG00000168386,99548985,99833357,284372
ENSG00000189144,38226734,38307940,81206
ENSG00000048540,16701307,16763528,62221
ENSG00000149243,75133438,75141674,8236
ENSG00000132153,47844399,47891685,47286
ENSG00000172469,96025419,96057333,31914
ENSG00000213983,24028774,24037279,8505
ENSG00000266488,11901147,11934974,33827
ENSG00000116497,33282368,33324476,42108
ENSG00000198088,106366657,106449670,83013
ENSG00000068024,239969864,240323348,353484
ENSG00000264064,11922258,11922531,273
ENSG00000172461,96463860,96663488,199628
ENSG00000211592,89156674,89157196,522
ENSG00000265773,11943406,11944640,1234
ENSG00000211593,89160080,89160117,37
ENSG00000266576,11949922,11955708,5786
ENSG00000166411,78423840,78464291,40451
ENSG00000176692,86600857,86602539,1682
ENSG00000165349,70145432,70150975,5543
ENSG00000211594,89160398,89160434,36
ENSG00000266695,11953029,11954160,1131
ENSG00000126215,104163946,104181841,17895
ENSG00000211595,89160733,89160770,37
ENSG00000176678,86609974,86615303,5329
ENSG00000111110,63037762,63328817,291055
ENSG00000196230,30687978,30693203,5225
ENSG00000225211,31632976,31637066,4090
ENSG00000014123,96969471,97003152,33681
ENSG00000260456,87117168,87351022,233854
ENSG00000132000,14042000,14064204,22204
ENSG00000197309,124055923,124056952,1029
ENSG00000138336,70320413,70454239,133826
ENSG00000109220,54875956,54930857,54901
ENSG00000197953,151451704,151479127,27423
ENSG00000197849,124120423,124135763,15340
ENSG00000157045,15131710,15149921,18211
ENSG00000211596,89161037,89161074,37
ENSG00000255298,124134723,124135763,1040
ENSG00000118777,89011416,89152474,141058
ENSG00000211597,89161398,89161435,37
ENSG00000158169,97861336,98079991,218655
ENSG00000211598,89184913,89185669,756
ENSG00000196341,124179708,124180733,1025
ENSG00000269506,54927213,54927377,164
ENSG00000185499,155158300,155162707,4407
ENSG00000211599,89196748,89197300,552
ENSG00000197263,124189134,124190184,1050
ENSG00000135365,45950871,46142985,192114
ENSG00000243466,89246819,89247475,656
ENSG00000180613,54965690,54968672,2982
ENSG00000204293,124252291,124253258,967
ENSG00000141562,80416056,80448413,32357
ENSG00000196661,124266278,124267264,986
ENSG00000198657,124293807,124294789,982
ENSG00000117519,95362507,95392834,30327
ENSG00000100490,50796310,50883179,86869
ENSG00000197125,124310022,124311054,1032
ENSG00000171804,38375463,38397317,21854
ENSG00000248405,45098113,45258586,160473
ENSG00000170953,124412578,124413575,997
ENSG00000163932,53190025,53226733,36708
ENSG00000197892,28924796,29120641,195845
ENSG00000037749,153418466,153600038,181572
ENSG00000204183,34020827,34023248,2421
ENSG00000114771,151531825,151546276,14451
ENSG00000131152,87336482,87367879,31397
ENSG00000100796,91923955,91976898,52943
ENSG00000160097,33327869,33338083,10214
ENSG00000158555,75145685,75236948,91263
ENSG00000125965,34021145,34042568,21423
ENSG00000185697,67474410,67526482,52072
ENSG00000163081,223162866,223169936,7070
ENSG00000103264,87360593,87425748,65155
ENSG00000196119,124439893,124441037,1144
ENSG00000163082,223289236,223425667,136431
ENSG00000235985,31659258,31661095,1837
ENSG00000172339,95439963,95538501,98538
ENSG00000253207,114612539,114629187,16648
ENSG00000154143,124481386,124490252,8866
ENSG00000085721,15153879,15188174,34295
ENSG00000203933,139037884,139047679,9795
ENSG00000105497,52074551,52092991,18440
ENSG00000063046,53399942,53435993,36051
ENSG00000012983,50885219,51027844,142625
ENSG00000105889,22459063,22672544,213481
ENSG00000167765,52095036,52097630,2594
ENSG00000108666,30651584,30677042,25458
ENSG00000152078,95582894,95663163,80269
ENSG00000147164,70279094,70288273,9179
ENSG00000185760,73331520,73908574,577054
ENSG00000116120,223435255,223521056,85801
ENSG00000183258,176938578,176944470,5892
ENSG00000105501,52114781,52150151,35370
ENSG00000105738,38397868,38699012,301144
ENSG00000080572,106449862,106487473,37611
ENSG00000152102,131805449,131851033,45584
ENSG00000161940,6926339,6933609,7270
ENSG00000271092,95583479,95712781,129302
ENSG00000268500,52115344,52150142,34798
ENSG00000136244,22765503,22771621,6118
ENSG00000154144,124492732,124505287,12555
ENSG00000120875,29190581,29208185,17604
ENSG00000254415,52145806,52150054,4248
ENSG00000259991,49973943,49974971,1028
ENSG00000104447,116420724,116821899,401175
ENSG00000261383,50003006,50004068,1062
ENSG00000079313,1815248,1848452,33204
ENSG00000267970,48887362,48891221,3859
ENSG00000122481,95699711,95712781,13070
ENSG00000198829,151591431,151602405,10974
ENSG00000126001,34042985,34099804,56819
ENSG00000188730,49813257,49961546,148289
ENSG00000184481,70316047,70323385,7338
ENSG00000140941,87417601,87438385,20784
ENSG00000009724,11086580,11107290,20710
ENSG00000265973,49865040,49868085,3045
ENSG00000174453,215275789,215443683,167894
ENSG00000196683,22852251,22862470,10219
ENSG00000060339,70480769,70552134,71365
ENSG00000001629,91875548,92030698,155150
ENSG00000136546,167260083,167350757,90674
ENSG00000166148,63539014,63544722,5708
ENSG00000105509,52216365,52227247,10882
ENSG00000260354,49893378,49895619,2241
ENSG00000165055,128116783,128146656,29873
ENSG00000042813,49890017,50160925,270908
ENSG00000237435,96403457,96488436,84979
ENSG00000134595,139585152,139587225,2073
ENSG00000111911,126277927,126301387,23460
ENSG00000134853,55095264,55164414,69150
ENSG00000203930,139791932,139854844,62912
ENSG00000164574,153570290,153800544,230254
ENSG00000183793,15457516,15474904,17388
ENSG00000116649,11114641,11120081,5440
ENSG00000155275,8437867,8495258,57391
ENSG00000184258,139865425,139866723,1298
ENSG00000241484,45098355,45258665,160310
ENSG00000227234,140084756,140085871,1115
ENSG00000138376,215590370,215674428,84058
ENSG00000140948,87439852,87525651,85799
ENSG00000157613,46299212,46342972,43760
ENSG00000261130,15489611,15609205,119594
ENSG00000235604,140096761,140097876,1115
ENSG00000121905,33351595,33364042,12447
ENSG00000203867,112404155,112599227,195072
ENSG00000111371,46576846,46663800,86954
ENSG00000182195,140269934,140271310,1376
ENSG00000122591,22980878,23053749,72871
ENSG00000198573,140335596,140336629,1033
ENSG00000156968,15489611,15507125,17514
ENSG00000198021,140671796,140673133,1337
ENSG00000121900,33360195,33367039,6844
ENSG00000129911,1852399,1863567,11168
ENSG00000171051,52248425,52307363,58938
ENSG00000147677,117654369,117779164,124795
ENSG00000114491,124449213,124464040,14827
ENSG00000243501,73919469,73972919,53450
ENSG00000066651,126307576,126360422,52846
ENSG00000256980,73933267,73935493,2226
ENSG00000206557,32859510,32939318,79808
ENSG00000112214,97010424,97064512,54088
ENSG00000171049,52255279,52273779,18500
ENSG00000103740,78459810,78538030,78220
ENSG00000239855,89265781,89266286,505
ENSG00000141524,76106539,76128488,21949
ENSG00000166780,15528152,15718885,190733
ENSG00000183813,32993066,32997841,4775
ENSG00000133872,29920528,29940723,20195
ENSG00000243063,89277987,89278600,613
ENSG00000147234,106765680,106848481,82801
ENSG00000135314,73951037,74020088,69051
ENSG00000203926,140677562,140678899,1337
ENSG00000240671,89291928,89292450,522
ENSG00000116514,33402046,33430286,28240
ENSG00000241755,89309479,89310012,533
ENSG00000196406,140785568,140786896,1328
ENSG00000235156,99904531,99913035,8504
ENSG00000171824,11126675,11159938,33263
ENSG00000121068,59477257,59486827,9570
ENSG00000185920,98205262,98279339,74077
ENSG00000174327,6939394,6943440,4046
ENSG00000267885,33439268,33439642,374
ENSG00000204296,32256303,32339684,83381
ENSG00000120868,99038919,99129204,90285
ENSG00000011332,38701646,38720354,18708
ENSG00000165509,140926102,140985618,59516
ENSG00000152601,151961617,152183569,221952
ENSG00000241351,89326668,89327228,560
ENSG00000147224,106871737,106894256,22519
ENSG00000243290,89339721,89340242,521
ENSG00000204165,70323739,70326638,2899
ENSG00000129968,1876809,1885546,8737
ENSG00000125975,34111014,34117481,6467
ENSG00000244437,89384673,89385283,610
ENSG00000236765,31919773,31922255,2482
ENSG00000117569,97187221,97289294,102073
ENSG00000240864,89399352,89399854,502
ENSG00000240382,89416833,89417335,502
ENSG00000239951,89442057,89442643,586
ENSG00000147679,117778742,117861702,82960
ENSG00000211611,89459235,89459850,615
ENSG00000112218,97242002,97285353,43351
ENSG00000047849,47892182,48130769,238587
ENSG00000080815,73603126,73690399,87273
ENSG00000147168,70327254,70331958,4704
ENSG00000123545,97337189,97345757,8568
ENSG00000004455,33473585,33546597,73012
ENSG00000036054,99979844,100044095,64251
ENSG00000203909,74062785,74064018,1233
ENSG00000175073,67540722,67579452,38730
ENSG00000124003,223536505,223574649,38144
ENSG00000203908,74072400,74073894,1494
ENSG00000155495,140991680,140997174,5494
ENSG00000154118,87635441,87731762,96321
ENSG00000146067,176946789,176981542,34753
ENSG00000140403,78556428,78574538,18110
ENSG00000203907,74078278,74104856,26578
ENSG00000270024,67579831,67772707,192876
ENSG00000265906,49895725,49898365,2640
ENSG00000150593,112631565,112659764,28199
ENSG00000170266,33038100,33138722,100622
ENSG00000260435,49897788,49898190,402
ENSG00000226180,87727144,87729753,2609
ENSG00000155269,8560452,8621486,61034
ENSG00000213865,67579850,67597799,17949
ENSG00000225748,31664743,31681839,17096
ENSG00000163644,89178772,89205921,27149
ENSG00000186231,97372605,97588630,216025
ENSG00000198431,104609557,104744061,134504
ENSG00000177990,63952693,64062719,110026
ENSG00000149257,75273101,75283828,10727
ENSG00000104660,29952914,30034724,81810
ENSG00000213828,240083493,240084053,560
ENSG00000174326,6944949,6947242,2293
ENSG00000164500,50135632,50199426,63794
ENSG00000222020,240323130,240324058,928
ENSG00000110013,124503009,124565603,62594
ENSG00000268926,98534605,98537013,2408
ENSG00000073060,125261402,125367214,105812
ENSG00000196758,240499995,240507788,7793
ENSG00000046774,141290131,141293076,2945
ENSG00000220256,240684554,240724577,40023
ENSG00000171861,685513,695749,10236
ENSG00000188641,97543299,98386605,843306
ENSG00000115762,131862420,132111282,248862
ENSG00000157404,55524085,55606881,82796
ENSG00000157259,92076767,92088150,11383
ENSG00000104731,87730091,87799598,69507
ENSG00000064199,124543694,124567414,23720
ENSG00000132514,6977856,6983626,5770
ENSG00000260061,49904551,49904926,375
ENSG00000259809,49913814,49915329,1515
ENSG00000123983,223725652,223809357,83705
ENSG00000232325,70972,71835,863
ENSG00000242611,77038,80418,3380
ENSG00000261160,49919819,49920738,919
ENSG00000182150,98637983,98776842,138859
ENSG00000242474,135853,149466,13613
ENSG00000109625,8594387,8621488,27101
ENSG00000154146,124609742,124617106,7364
ENSG00000144452,215796266,216003151,206885
ENSG00000260559,49936565,49937196,631
ENSG00000261354,49938943,49940030,1087
ENSG00000185811,50343720,50472799,129079
ENSG00000167693,702553,883010,180457
ENSG00000240859,149597,155465,5868
ENSG00000164754,117858174,117887105,28931
ENSG00000149091,46354455,46402104,47649
ENSG00000140853,57023397,57117443,94046
ENSG00000187013,59489112,59490641,1529
ENSG00000268657,92038788,92041383,2595
ENSG00000241294,89475812,89476644,832
ENSG00000166783,15688243,15737023,48780
ENSG00000130414,240831867,240964819,132952
ENSG00000214842,17691851,17699706,7855
ENSG00000259853,49941864,49942966,1102
ENSG00000260801,49944601,49945438,837
ENSG00000169231,155165379,155178842,13463
ENSG00000162627,99127236,99226056,98820
ENSG00000164576,153825517,153840614,15097
ENSG00000121075,59529765,59562471,32706
ENSG00000125991,34129770,34145405,15635
ENSG00000133962,92047040,92247051,200011
ENSG00000163032,17720393,17838285,117892
ENSG00000177669,29989340,30002202,12862
ENSG00000242950,92097694,92107300,9606
ENSG00000130948,98997588,99064434,66846
ENSG00000198793,11166592,11322564,155972
ENSG00000260079,50040322,50041219,897
ENSG00000244575,89512908,89513413,505
ENSG00000261795,161765,164972,3207
ENSG00000198610,5237425,5260912,23487
ENSG00000263313,102706532,102714534,8002
ENSG00000111404,18233803,18473041,239238
ENSG00000260811,50054412,50055332,920
ENSG00000104671,30013813,30041156,27343
ENSG00000244116,89521179,89521942,763
ENSG00000239715,174920,176013,1093
ENSG00000260595,50074948,50075847,899
ENSG00000240093,182935,194180,11245
ENSG00000243238,89544264,89545079,815
ENSG00000260562,50124155,50124436,281
ENSG00000248999,330617,330787,170
ENSG00000242076,89567758,89568263,505
ENSG00000142920,33546705,33586131,39426
ENSG00000248767,331310,334388,3078
ENSG00000141027,15932471,16121499,189028
ENSG00000249574,419325,422678,3353
ENSG00000056487,45277042,45405880,128838
ENSG00000239862,89597021,89597542,521
ENSG00000234471,523744,535755,12011
ENSG00000242371,89619383,89619904,521
ENSG00000223855,560028,564869,4841
ENSG00000252986,590370,590450,80
ENSG00000189326,142113704,142122488,8784
ENSG00000229380,601595,605256,3661
ENSG00000211619,89629873,89630186,313
ENSG00000203760,126661320,126670021,8701
ENSG00000251039,89890601,89891307,706
ENSG00000167642,38734675,38783254,48579
ENSG00000263310,76740275,76762678,22403
ENSG00000117598,99355806,99470588,114782
ENSG00000189252,142596564,142605303,8739
ENSG00000251546,89901292,89901791,499
ENSG00000122550,23145353,23217533,72180
ENSG00000130958,99082988,99145992,63004
ENSG00000250036,89923550,89924026,476
ENSG00000262406,102733467,102745765,12298
ENSG00000239975,89952792,89953355,563
ENSG00000104205,67624653,67774257,149604
ENSG00000198513,50999227,51099786,100559
ENSG00000239571,89975669,89976489,820
ENSG00000184840,177019159,177023125,3966
ENSG00000164509,55147207,55218678,71471
ENSG00000253506,59667794,59668563,769
ENSG00000161594,39991937,40004636,12699
ENSG00000179542,142710596,142723596,13000
ENSG00000243264,89986322,89987079,757
ENSG00000163092,167744997,168116263,371266
ENSG00000262782,76834837,77142822,307985
ENSG00000203924,142795055,142804516,9461
ENSG00000161944,7004641,7019019,14378
ENSG00000262809,102617699,102707497,89798
ENSG00000080007,74104471,74127292,22821
ENSG00000102069,142967173,142968355,1182
ENSG00000019102,124617368,124622134,4766
ENSG00000227500,1905213,1926016,20803
ENSG00000165244,99148223,99180611,32388
ENSG00000187474,52298416,52329442,31026
ENSG00000136492,59758627,59940882,182255
ENSG00000146374,127439749,127518910,79161
ENSG00000117600,99729509,99775146,45637
ENSG00000167641,38741877,38747231,5354
ENSG00000130956,99212483,99253618,41135
ENSG00000127980,92116334,92157845,41511
ENSG00000176087,139944041,139948688,4647
ENSG00000146263,97590037,97731093,141056
ENSG00000138642,89299891,89364263,64372
ENSG00000205047,87731749,87739290,7541
ENSG00000224474,99179228,99185831,6603
ENSG00000093000,45559722,45583896,24174
ENSG00000149564,124622026,124632186,10160
ENSG00000004478,2904119,2914576,10457
ENSG00000140395,78570177,78592136,21959
ENSG00000213638,1905377,1913444,8067
ENSG00000242534,89998789,89999564,775
ENSG00000138050,39963200,40006407,43207
ENSG00000103257,87863629,87903094,39465
ENSG00000211623,90024732,90025512,780
ENSG00000170458,140011313,140013286,1973
ENSG00000241566,90043607,90044439,832
ENSG00000161551,52359055,52394203,35148
ENSG00000204290,32361740,32374905,13165
ENSG00000118518,127587755,127609712,21957
ENSG00000225523,90060377,90060995,618
ENSG00000171314,99185917,99193198,7281
ENSG00000184634,70338406,70362303,23897
ENSG00000211625,90077680,90078311,631
ENSG00000165623,13263767,13276334,12567
ENSG00000211626,90108504,90109080,576
ENSG00000163029,17845079,17981509,136430
ENSG00000242766,90121477,90122133,656
ENSG00000133275,1941188,1981337,40149
ENSG00000134294,46751972,46766650,14678
ENSG00000171533,75297963,75380165,82202
ENSG00000099260,100111499,100160097,48598
ENSG00000241244,90139078,90139580,502
ENSG00000092051,24037244,24048009,10765
ENSG00000262280,76736555,76739074,2519
ENSG00000267748,38779791,38795550,15759
ENSG00000224041,90153696,90154258,562
ENSG00000262540,102751225,102751577,352
ENSG00000211630,90192768,90193424,656
ENSG00000113196,153854532,153857824,3292
ENSG00000164220,75911307,75919259,7952
ENSG00000240834,90198535,90199190,655
ENSG00000211632,90211643,90212253,610
ENSG00000262276,102774623,102774684,61
ENSG00000120458,124636394,124670569,34175
ENSG00000157514,106956451,107020572,64121
ENSG00000174990,87921625,87970135,48510
ENSG00000211633,90229045,90229531,486
ENSG00000242580,90248739,90249395,656
ENSG00000226257,31921138,31932782,11644
ENSG00000239819,90259593,90260248,655
ENSG00000172318,168675182,168730551,55369
ENSG00000166391,75428864,75444003,15139
ENSG00000166426,78632666,78640572,7906
ENSG00000203923,144328348,144337632,9284
ENSG00000235896,90273679,90274235,556
ENSG00000270999,90458201,90458671,470
ENSG00000198093,52392477,52408293,15816
ENSG00000178502,40009797,40021684,11887
ENSG00000228325,90537839,90538397,558
ENSG00000132436,50511831,50518088,6257
ENSG00000181104,76011868,76031606,19738
ENSG00000178473,5406972,5416169,9197
ENSG00000027847,177027101,177037348,10247
ENSG00000116525,33611003,33647660,36657
ENSG00000132017,14063304,14072254,8950
ENSG00000133243,1985447,2034880,49433
ENSG00000156869,100174259,100232187,57928
ENSG00000176024,52430400,52452012,21612
ENSG00000198648,168810530,169104651,294121
ENSG00000062282,75470557,75512579,42022
ENSG00000185985,144899350,144907360,8010
ENSG00000136381,78729773,78793798,64025
ENSG00000100867,24099324,24114848,15524
ENSG00000182083,240968841,240969906,1065
ENSG00000081377,99252523,99382112,129589
ENSG00000131495,140018325,140027370,9045
ENSG00000108506,59942731,60005377,62646
ENSG00000221961,240981230,240982399,1169
ENSG00000155506,154092462,154197167,104705
ENSG00000221870,144908928,144911368,2440
ENSG00000178586,240984494,240985489,995
ENSG00000132005,14072350,14117851,45501
ENSG00000267963,241053907,241064304,10397
ENSG00000205085,128312342,128326929,14587
ENSG00000188219,131975882,132022965,47083
ENSG00000237181,642822,648119,5297
ENSG00000273151,919427,926184,6757
ENSG00000256683,52467596,52490109,22513
ENSG00000172428,241065980,241076224,10244
ENSG00000199023,1062569,1062662,93
ENSG00000164045,48198636,48229892,31256
ENSG00000225146,1068661,1083527,14866
ENSG00000114021,100053545,100075710,22165
ENSG00000108828,41166622,41177140,10518
ENSG00000128052,55944644,55991756,47112
ENSG00000164430,74123238,74161999,38761
ENSG00000178602,241078446,241083979,5533
ENSG00000171136,14138960,14141854,2894
ENSG00000164251,76114758,76131140,16382
ENSG00000167645,38795753,38807913,12160
ENSG00000173171,155178490,155183615,5125
ENSG00000104998,14142560,14163743,21183
ENSG00000188167,33131913,33138293,6380
ENSG00000135248,128349115,128371797,22682
ENSG00000061656,34203814,34208971,5157
ENSG00000204287,32407619,32412823,5204
ENSG00000163060,95537178,95542574,5396
ENSG00000198382,75526212,75854239,328027
ENSG00000187867,14164177,14169971,5794
ENSG00000154134,124735282,124751366,16084
ENSG00000170275,33155471,33189265,33794
ENSG00000072864,15737124,15820210,83086
ENSG00000152049,223916532,224063117,146585
ENSG00000171643,76145826,76217475,71649
ENSG00000141854,14183348,14185874,2526
ENSG00000224997,104177607,104179149,1542
ENSG00000197619,52494585,52511483,16898
ENSG00000165929,92246095,92333880,87785
ENSG00000171951,224461658,224467221,5563
ENSG00000113119,140019012,140024993,5981
ENSG00000188032,14192431,14196687,4256
ENSG00000173705,33191537,33260707,69170
ENSG00000100711,104182067,104200005,17938
ENSG00000150991,125396150,125401914,5764
ENSG00000170074,177134982,177210399,75417
ENSG00000111203,2921788,2968957,47169
ENSG00000141858,14198652,14201848,3196
ENSG00000214871,23210760,23234503,23743
ENSG00000157110,30241944,30429778,187834
ENSG00000141568,80477589,80602538,124949
ENSG00000152056,224616403,224702744,86341
ENSG00000085741,75897369,75921780,24411
ENSG00000158122,99401859,99417585,15726
ENSG00000102081,146993469,147032645,39176
ENSG00000142556,52516018,52533493,17475
ENSG00000160999,101928405,101962178,33773
ENSG00000163931,53258723,53290068,31345
ENSG00000010244,30677136,30708905,31769
ENSG00000137492,76061000,76092015,31015
ENSG00000137312,30695486,30710510,15024
ENSG00000160094,33722146,33766320,44174
ENSG00000081386,99518147,99540411,22264
ENSG00000172005,95691422,95719737,28315
ENSG00000178460,67782984,67834283,51299
ENSG00000072062,14202500,14228896,26396
ENSG00000136243,23221446,23240630,19184
ENSG00000128563,102004319,102067123,62804
ENSG00000145708,76248538,76276983,28445
ENSG00000110492,46402306,46405375,3069
ENSG00000184389,33772367,33786699,14332
ENSG00000171819,11249398,11256038,6640
ENSG00000082781,124480795,124620265,139470
ENSG00000151748,51098776,51135049,36273
ENSG00000262826,153717774,153763786,46012
ENSG00000099875,2037470,2051243,13773
ENSG00000154174,100082275,100120242,37967
ENSG00000215612,8847802,8873543,25741
ENSG00000196597,99578754,99637905,59151
ENSG00000131473,40023161,40086795,63634
ENSG00000120942,11333263,11356106,22843
ENSG00000165730,70587298,70655188,67890
ENSG00000229924,9172135,9178453,6318
ENSG00000214413,112658488,112679032,20544
ENSG00000105011,14230321,14247768,17447
ENSG00000177628,155204243,155214490,10247
ENSG00000170935,107020963,107037912,16949
ENSG00000196312,99660348,99775862,115514
ENSG00000256087,52534632,52598991,64359
ENSG00000232399,9212383,9228214,15831
ENSG00000179240,76092357,76125663,33306
ENSG00000205002,117950438,117956726,6288
ENSG00000231396,9212383,9213975,1592
ENSG00000141505,7076750,7082883,6133
ENSG00000172530,87982850,88110924,128074
ENSG00000233136,9217131,9218723,1592
ENSG00000178206,132044330,132050127,5797
ENSG00000227551,9221878,9223470,1592
ENSG00000135297,74171301,74218959,47658
ENSG00000198502,32485120,32498064,12944
ENSG00000257607,1094996,1098897,3901
ENSG00000188152,99690592,99702535,11943
ENSG00000224079,1114086,1117672,3586
ENSG00000223569,9236111,9237700,1589
ENSG00000173272,132222473,132250316,27843
ENSG00000226291,1120499,1121814,1315
ENSG00000080561,107068985,107170423,101438
ENSG00000134686,33789224,33896653,107429
ENSG00000229043,1200010,1204903,4893
ENSG00000184486,99282580,99286660,4080
ENSG00000249104,9245605,9247197,1592
ENSG00000234651,31683095,31696765,13670
ENSG00000233082,1306989,1308903,1914
ENSG00000250844,9250356,9251948,1592
ENSG00000225981,1499573,1503644,4071
ENSG00000162688,100315640,100389579,73939
ENSG00000273230,1504133,1507158,3025
ENSG00000107537,13319796,13344412,24616
ENSG00000231927,1548291,1549063,772
ENSG00000248920,9255104,9256696,1592
ENSG00000196126,32546546,32557625,11079
ENSG00000197608,52567719,52599018,31299
ENSG00000164756,117962512,118188953,226441
ENSG00000256005,1580047,1581609,1562
ENSG00000268280,55224468,55224569,101
ENSG00000144029,95752952,95815179,62227
ENSG00000132437,50526134,50633154,107020
ENSG00000206535,100120037,100175163,55126
ENSG00000112234,99316420,99395849,79429
ENSG00000250745,9259850,9261442,1592
ENSG00000072071,14260750,14316999,56249
ENSG00000230487,1609709,1629262,19553
ENSG00000249811,9264598,9266190,1592
ENSG00000180720,46406640,46408107,1467
ENSG00000248933,9269345,9270937,1592
ENSG00000250913,9274090,9274640,550
ENSG00000136943,99794940,99801925,6985
ENSG00000128039,56212276,56239263,26987
ENSG00000232264,9326891,9328483,1592
ENSG00000093144,127609855,127664754,54899
ENSG00000230430,9331637,9333229,1592
ENSG00000164252,76325076,76361059,35983
ENSG00000085449,224720433,224810104,89671
ENSG00000139144,18400548,18801348,400800
ENSG00000229579,9336384,9337976,1592
ENSG00000118600,64173583,64203338,29755
ENSG00000227140,9341129,9342721,1592
ENSG00000235780,9345874,9347466,1592
ENSG00000231051,9350619,9352211,1592
ENSG00000140092,92335756,92414331,78575
ENSG00000167644,38794801,38795649,848
ENSG00000231637,9355364,9356956,1592
ENSG00000134851,56262124,56319564,57440
ENSG00000228856,9364855,9366447,1592
ENSG00000230444,1654226,1654961,735
ENSG00000231476,1660290,1661041,751
ENSG00000138646,89378268,89427314,49046
ENSG00000234977,1731542,1732086,544
ENSG00000099337,38810484,38819660,9176
ENSG00000172292,169312372,169631644,319272
ENSG00000236081,1778266,1781927,3661
ENSG00000266391,1820330,1820427,97
ENSG00000265089,1883816,1883889,73
ENSG00000178462,5435061,5446793,11732
ENSG00000197265,30435835,30515768,79933
ENSG00000271098,2327550,2328063,513
ENSG00000262003,812872,814452,1580
ENSG00000230914,2423756,2428232,4476
ENSG00000263163,153764061,153769864,5803
ENSG00000271163,2433482,2433766,284
ENSG00000175873,2477398,2487485,10087
ENSG00000177370,900357,906911,6554
ENSG00000236734,2514360,2516528,2168
ENSG00000221962,152057484,152058779,1295
ENSG00000261787,67858736,67874825,16089
ENSG00000169860,152552736,152555841,3105
ENSG00000134352,55230923,55290821,59898
ENSG00000264357,2566708,2566779,71
ENSG00000219492,9385743,9390709,4966
ENSG00000107625,70661034,70706603,45569
ENSG00000158636,76155967,76264069,108102
ENSG00000181467,152880029,152886265,6236
ENSG00000186146,9446260,9452240,5980
ENSG00000146267,99719045,99797938,78893
ENSG00000238857,2590504,2590599,95
ENSG00000231357,2875255,2875656,401
ENSG00000133392,15797029,15950890,153861
ENSG00000178125,67876334,67968839,92505
ENSG00000160991,102073553,102097268,23715
ENSG00000110497,46417964,46615675,197711
ENSG00000164758,118532952,118552501,19549
ENSG00000154133,124753587,124768396,14809
ENSG00000123146,14491313,14519537,28224
ENSG00000141580,80572438,80606429,33991
ENSG00000205835,190570666,190610218,39552
ENSG00000109667,9772777,10056560,283783
ENSG00000173848,5454514,5500426,45912
ENSG00000196935,64238073,64541613,303540
ENSG00000170925,107224094,107225600,1506
ENSG00000117620,100435345,100492535,57190
ENSG00000181458,100211463,100296288,84825
ENSG00000170271,154198051,154238812,40761
ENSG00000182197,118806729,119124092,317363
ENSG00000063660,241375088,241407493,32405
ENSG00000153558,33318517,33445154,126637
ENSG00000099338,38826415,38861589,35174
ENSG00000244207,31931985,31952643,20658
ENSG00000188729,190917030,190983404,66374
ENSG00000075886,132233666,132240507,6841
ENSG00000253457,30496117,30503581,7464
ENSG00000237286,2983669,2986725,3056
ENSG00000237787,153202284,153220486,18202
ENSG00000201794,3038728,3039028,300
ENSG00000228334,3122886,3126055,3169
ENSG00000121022,67955314,67996018,40704
ENSG00000231892,3236258,3237888,1630
ENSG00000145337,89442136,89444964,2828
ENSG00000196735,32595956,32614839,18883
ENSG00000218416,241388732,241396131,7399
ENSG00000111077,53440753,53458156,17403
ENSG00000135900,224822121,224832431,10310
ENSG00000197816,100000765,100140806,140041
ENSG00000204611,52616344,52643175,26831
ENSG00000160767,155216996,155225274,8278
ENSG00000150990,125431371,125473668,42297
ENSG00000156875,100503653,100548933,45280
ENSG00000204624,11539223,11597641,58418
ENSG00000100364,45586219,45636650,50431
ENSG00000261992,153794432,153912682,118250
ENSG00000121903,33938246,33962107,23861
ENSG00000196267,52657117,52674896,17779
ENSG00000167895,76126851,76139049,12198
ENSG00000114790,153838792,153975616,136824
ENSG00000104687,30535583,30585443,49860
ENSG00000188958,190984957,191048325,63368
ENSG00000132423,99817276,99842080,24804
ENSG00000132535,7093209,7123021,29812
ENSG00000140848,57126449,57181878,55429
ENSG00000116661,11708424,11715842,7418
ENSG00000138641,89442199,89629693,187494
ENSG00000101842,107288200,107322414,34214
ENSG00000108061,112679301,112773425,94124
ENSG00000159842,906758,1132315,225557
ENSG00000156876,100549119,100598511,49392
ENSG00000236708,3303664,3342084,38420
ENSG00000172081,2071037,2096672,25635
ENSG00000224593,3377521,3378233,712
ENSG00000108510,60019966,60142643,122677
ENSG00000211544,3458699,3458781,82
ENSG00000236510,3682447,3683416,969
ENSG00000261809,4551590,4551664,74
ENSG00000238781,4729111,4729214,103
ENSG00000100373,45680863,45691755,10892
ENSG00000264474,4828196,4828270,74
ENSG00000206895,4850819,4850920,101
ENSG00000169676,9783258,9785632,2374
ENSG00000213935,4905063,4905435,372
ENSG00000105568,52693292,52730687,37395
ENSG00000225614,88493879,88507165,13286
ENSG00000196204,5013619,5080306,66687
ENSG00000197775,24407940,24409196,1256
ENSG00000099840,2096380,2099592,3212
ENSG00000179588,88519725,88603424,83699
ENSG00000100376,45704849,45737836,32987
ENSG00000108830,41177258,41184057,6799
ENSG00000132879,11714432,11723384,8952
ENSG00000177570,119201698,119634234,432536
ENSG00000122435,100598706,100616053,17347
ENSG00000174206,64580096,64616076,35980
ENSG00000171311,99195899,99205774,9875
ENSG00000139209,47158546,47226191,67645
ENSG00000144504,241418839,241508626,89787
ENSG00000225885,119294378,119412844,118466
ENSG00000183023,40324410,40838193,513783
ENSG00000113141,140026643,140042064,15421
ENSG00000071127,10075963,10118573,42610
ENSG00000134852,56294070,56413305,119235
ENSG00000180423,46624411,46639459,15048
ENSG00000164761,119935796,119964439,28643
ENSG00000196116,100174232,100258407,84175
ENSG00000214078,34213953,34252878,38925
ENSG00000163072,169643049,169722024,78975
ENSG00000172775,57186378,57220028,33650
ENSG00000137507,76368568,76381791,13223
ENSG00000158545,88636789,88698374,61585
ENSG00000157326,24422795,24438488,15693
ENSG00000122477,100614409,100643771,29362
ENSG00000077935,45739944,45809500,69556
ENSG00000144820,100328433,100414323,85890
ENSG00000121904,33979609,34631443,651834
ENSG00000176988,147062849,147108187,45338
ENSG00000184374,120007691,120118821,111130
ENSG00000182704,76493295,76509198,15903
ENSG00000178372,5540658,5541533,875
ENSG00000128595,128379346,128411861,32515
ENSG00000268898,40488147,40490117,1970
ENSG00000116521,155225770,155232221,6451
ENSG00000205086,42162508,42181406,18898
ENSG00000132846,76367897,76383148,15251
ENSG00000160993,102096685,102105323,8638
ENSG00000136842,100263462,100364030,100568
ENSG00000249109,177209198,177221397,12199
ENSG00000137992,100652475,100715390,62915
ENSG00000175325,177419236,177423243,4007
ENSG00000178363,5566924,5568225,1301
ENSG00000128408,45809572,45828376,18804
ENSG00000163040,132285248,132291239,5991
ENSG00000124391,88704999,88706881,1882
ENSG00000226215,31696476,31702270,5794
ENSG00000104695,30631973,30671830,39857
ENSG00000100503,51186481,51297839,111358
ENSG00000161036,102105376,102113615,8239
ENSG00000204677,177433406,177482560,49154
ENSG00000162878,42275160,42285668,10508
ENSG00000099341,38865176,38874464,9288
ENSG00000065000,2100988,2164464,63476
ENSG00000136925,100362362,100395962,33600
ENSG00000078124,76571911,76737841,165930
ENSG00000101843,107327437,107334848,7411
ENSG00000136235,23275586,23314727,39141
ENSG00000137331,30710976,30712331,1355
ENSG00000145911,177540444,177553088,12644
ENSG00000133863,30689060,30748122,59062
ENSG00000155966,147582139,148082193,500054
ENSG00000137996,100731763,100758325,26562
ENSG00000254943,124761200,124762022,822
ENSG00000196372,5680830,5708558,27728
ENSG00000139211,47469490,47473734,4244
ENSG00000165478,124789089,124806308,17219
ENSG00000138363,216176540,216214487,37947
ENSG00000051523,88709691,88717560,7869
ENSG00000187997,76142434,76162258,19824
ENSG00000088808,104200089,104313927,113838
ENSG00000123136,14519631,14530192,10561
ENSG00000179715,47473386,47630443,157057
ENSG00000221932,124789146,124790573,1427
ENSG00000175224,46638826,46696368,57542
ENSG00000174953,153990335,154042286,51951
ENSG00000196338,70364681,70391051,26370
ENSG00000136937,100395908,100436030,40122
ENSG00000116663,11724181,11734411,10230
ENSG00000179168,38874905,38878722,3817
ENSG00000149548,124824017,124911385,87368
ENSG00000164512,55395507,55529186,133679
ENSG00000145916,177557997,177577566,19569
ENSG00000255072,89442724,89442940,216
ENSG00000136999,120428546,120436593,8047
ENSG00000173702,124624289,124672663,48374
ENSG00000113231,76506274,76725632,219358
ENSG00000177432,89617066,89619386,2320
ENSG00000100815,92432335,92507240,74905
ENSG00000172733,30853321,30891231,37910
ENSG00000197927,132479948,132524973,45025
ENSG00000167508,88718343,88729569,11226
ENSG00000133393,15959577,15982482,22905
ENSG00000159579,57220049,57274387,54338
ENSG00000175182,184053714,184064063,10349
ENSG00000136936,100437191,100459639,22448
ENSG00000187630,24439148,24475617,36469
ENSG00000188266,78799906,78829714,29808
ENSG00000173706,124684554,124774802,90248
ENSG00000178919,100615536,100618986,3450
ENSG00000104218,67974661,68108498,133837
ENSG00000165392,30891317,31031285,139968
ENSG00000100767,73704205,73741348,37143
ENSG00000268838,78830023,78831288,1265
ENSG00000134955,124932963,124959131,26168
ENSG00000136932,100666771,100684852,18081
ENSG00000164047,48264837,48266981,2144
ENSG00000128617,128412545,128415844,3299
ENSG00000116670,11734537,11751707,17170
ENSG00000188766,38879061,38886881,7820
ENSG00000136929,100689073,100707138,18065
ENSG00000079335,100810584,100985833,175249
ENSG00000196214,52772824,52795977,23153
ENSG00000214338,127759551,127840500,80949
ENSG00000164048,48282590,48340743,58153
ENSG00000114354,100428205,100467810,39605
ENSG00000077942,45898118,45997015,98897
ENSG00000176444,155232659,155248282,15623
ENSG00000178295,17935125,17966632,31507
ENSG00000136938,100745643,100778225,32582
ENSG00000130244,38893775,38899728,5953
ENSG00000176256,34326076,34330392,4316
ENSG00000186648,24521206,24538937,17731
ENSG00000270822,5048795,5048959,164
ENSG00000273313,5111756,5112854,1098
ENSG00000053702,2934514,2944710,10196
ENSG00000272595,5156800,5157718,918
ENSG00000188542,241499471,241503431,3960
ENSG00000159904,5160870,5184177,23307
ENSG00000198464,52800430,52829175,28745
ENSG00000123143,14543865,14582679,38814
ENSG00000095380,100819021,100845357,26336
ENSG00000138640,89647106,90032549,385443
ENSG00000185669,88744090,88752901,8811
ENSG00000142698,34632484,34684732,52248
ENSG00000041357,78832747,78841604,8857
ENSG00000221955,124801480,124998021,196541
ENSG00000255330,127759551,127840146,80595
ENSG00000185306,64660217,64784972,124755
ENSG00000198488,76745385,76753096,7711
ENSG00000179344,32627244,32636160,8916
ENSG00000005175,48057070,48099844,42774
ENSG00000163866,35178338,35325417,147079
ENSG00000143924,42396490,42559688,163198
ENSG00000167554,52839498,52871031,31533
ENSG00000158717,88762903,88772829,9926
ENSG00000106785,100831557,100881494,49937
ENSG00000202039,5219692,5219793,101
ENSG00000263808,5315967,5316046,79
ENSG00000241269,5459458,5460398,940
ENSG00000156928,23338358,23351348,12990
ENSG00000181656,101003693,101007574,3881
ENSG00000149260,76777979,76837201,59222
ENSG00000142327,241505221,241520789,15568
ENSG00000221923,52873170,52889048,15878
ENSG00000150594,112836790,112840658,3868
ENSG00000005075,102113565,102119354,5789
ENSG00000102931,57279010,57287516,8506
ENSG00000162490,11751786,11785914,34128
ENSG00000106789,100883257,100954922,71665
ENSG00000226531,31702358,31704832,2474
ENSG00000150433,124966398,124981659,15261
ENSG00000108671,30771279,30810336,39057
ENSG00000141542,80612849,80656604,43755
ENSG00000254550,76813886,76814377,491
ENSG00000139151,18836103,18890991,54888
ENSG00000136231,23349828,23510086,160258
ENSG00000102934,57290004,57318599,28595
ENSG00000167555,52901102,52921665,20563
ENSG00000169684,78857862,78887611,29749
ENSG00000156411,104378625,104394606,15981
ENSG00000162692,101185298,101204601,19303
ENSG00000101844,107334898,107397901,63003
ENSG00000189367,127761488,127780536,19048
ENSG00000143630,155247374,155259639,12265
ENSG00000102962,57392684,57400102,7418
ENSG00000103222,16043434,16236931,193497
ENSG00000006210,57406370,57418960,12590
ENSG00000232312,31705289,31710343,5054
ENSG00000189280,35220648,35224113,3465
ENSG00000184530,127840600,127912962,72362
ENSG00000170667,102122892,102158228,35336
ENSG00000080644,78885394,78913637,28243
ENSG00000189433,35225342,35229325,3983
ENSG00000160951,14583278,14586174,2896
ENSG00000188365,5459477,5462753,3276
ENSG00000175220,46698630,46722165,23535
ENSG00000272953,5465401,5466032,631
ENSG00000234432,5465908,5468558,2650
ENSG00000188910,35246790,35251970,5180
ENSG00000273084,5468362,5469303,941
ENSG00000102970,57438679,57449974,11295
ENSG00000095383,100961311,101017915,56604
ENSG00000108021,5726801,5805703,78902
ENSG00000230733,5515435,5519442,4007
ENSG00000238394,5525026,5525132,106
ENSG00000207973,5535450,5535548,98
ENSG00000263900,5567734,5567817,83
ENSG00000145912,177576461,177580968,4507
ENSG00000272719,5596362,5596876,514
ENSG00000157168,31496902,32622548,1125646
ENSG00000151379,17997763,17998368,605
ENSG00000258151,31707013,31738404,31391
ENSG00000228974,5600374,5600686,312
ENSG00000187513,35258599,35261348,2749
ENSG00000162694,101337943,101361554,23611
ENSG00000119927,113909624,113975135,65511
ENSG00000117971,78916461,79020096,103635
ENSG00000170745,18059114,18542882,483768
ENSG00000198633,52932440,52955568,23128
ENSG00000237738,5702063,5720092,18029
ENSG00000128596,128430811,128462186,31375
ENSG00000116544,35331037,35395186,64149
ENSG00000136960,120569326,120685693,116367
ENSG00000163440,56422692,56458379,35687
ENSG00000123159,14588572,14606944,18372
ENSG00000235944,5862791,5894066,31275
ENSG00000224398,31709296,31717606,8310
ENSG00000258405,52956829,53015407,58578
ENSG00000162695,101361632,101447309,85677
ENSG00000240857,18735989,18741946,5957
ENSG00000153560,33429828,33482863,53035
ENSG00000106070,50657760,50861159,203399
ENSG00000136928,101050391,101471479,421088
ENSG00000136378,79051545,79103773,52228
ENSG00000175213,46722368,46727462,5094
ENSG00000173786,40118759,40129749,10990
ENSG00000152253,169690642,169769881,79239
ENSG00000137474,76839310,76926284,86974
ENSG00000109255,56461396,56502865,41469
ENSG00000171777,38899695,38916945,17250
ENSG00000152254,169757750,169766505,8755
ENSG00000184575,64798130,64844907,46777
ENSG00000241132,31713178,31717606,4428
ENSG00000198482,53030905,53067717,36812
ENSG00000165495,125034583,125303285,268702
ENSG00000237495,31720744,31728100,7356
ENSG00000073734,169779448,169887832,108384
ENSG00000104885,2164148,2232577,68429
ENSG00000143627,155259630,155271225,11595
ENSG00000142330,241526133,241557122,30989
ENSG00000265040,5911386,5911681,295
ENSG00000201990,6043914,6044016,102
ENSG00000157388,53528683,53847760,319077
ENSG00000207217,6056508,6056642,134
ENSG00000240718,6087354,6087651,297
ENSG00000252929,6097131,6097235,104
ENSG00000180210,46740730,46761056,20326
ENSG00000005194,57462081,57481440,19359
ENSG00000231704,6120734,6132716,11982
ENSG00000064313,120743015,120845103,102088
ENSG00000169562,70435044,70445366,10322
ENSG00000117543,101455179,101491644,36465
ENSG00000156414,104394799,104519004,124205
ENSG00000165138,101493611,101559247,65636
ENSG00000206044,2958397,2966213,7816
ENSG00000250741,18736811,18770830,34019
ENSG00000271741,35447134,35497342,50208
ENSG00000264605,6122736,6122805,69
ENSG00000238534,6214842,6214935,93
ENSG00000202273,6252269,6252371,102
ENSG00000231359,6530424,6530729,305
ENSG00000243749,35447136,35450954,3818
ENSG00000178163,10441498,10459034,17536
ENSG00000090989,56719782,56771200,51418
ENSG00000141560,80674559,80688204,13645
ENSG00000167562,53059075,53090427,31352
ENSG00000111206,2966847,2986206,19359
ENSG00000104886,2230002,2237703,7701
ENSG00000236063,31731009,31747477,16468
ENSG00000114859,184063973,184079439,15466
ENSG00000119514,101569981,101612363,42382
ENSG00000177674,11796141,11814859,18718
ENSG00000109684,10488019,10686489,198470
ENSG00000237541,32709119,32714992,5873
ENSG00000185013,18737050,18770838,33788
ENSG00000100884,24540046,24547309,7263
ENSG00000269175,101455761,101457653,1892
ENSG00000010404,148558521,148615470,56949
ENSG00000132002,14625582,14640582,15000
ENSG00000170989,101702444,101707074,4630
ENSG00000163867,35449523,35497569,48046
ENSG00000232629,32723875,32731311,7436
ENSG00000204291,101705461,101833069,127608
ENSG00000154175,100468000,100712359,244359
ENSG00000174177,88772871,88781794,8923
ENSG00000104897,2236520,2248678,12158
ENSG00000172673,128029217,128239776,210559
ENSG00000241106,32780540,32784825,4285
ENSG00000167766,53097313,53193749,96436
ENSG00000232581,6618196,6628605,10409
ENSG00000205903,6676953,6694242,17289
ENSG00000185787,79102829,79190475,87646
ENSG00000160752,155278539,155290457,11918
ENSG00000260054,6694495,6696063,1568
ENSG00000228010,6703605,6748532,44927
ENSG00000265245,6731608,6731690,82
ENSG00000119913,114043493,114064793,21300
ENSG00000118733,102268130,102462586,194456
ENSG00000240396,4607,4688,81
ENSG00000187953,6749759,6793493,43734
ENSG00000180346,90033968,90036050,2082
ENSG00000172113,48334754,48343175,8421
ENSG00000263953,5755,5838,83
ENSG00000241559,8050,8132,82
ENSG00000128591,128470431,128499328,28897
ENSG00000215910,11821844,11849642,27798
ENSG00000185477,90157537,90229161,71624
ENSG00000176749,30813637,30818274,4637
ENSG00000127993,92158087,92167319,9232
ENSG00000164548,23544399,23571660,27261
ENSG00000136982,120846216,120868250,22034
ENSG00000066777,68085747,68255912,170165
ENSG00000197451,177631508,177638164,6656
ENSG00000106799,101866320,101916474,50154
ENSG00000091262,16242785,16317379,74594
ENSG00000149557,125315646,125366213,50567
ENSG00000130638,46067678,46241187,173509
ENSG00000073737,169921299,169952677,31378
ENSG00000099797,14627897,14676792,48895
ENSG00000171792,2985424,2998626,13202
ENSG00000234545,92190107,92219708,29601
ENSG00000145335,90645250,90759466,114216
ENSG00000177000,11845780,11866977,21197
ENSG00000176658,30819540,31204195,384655
ENSG00000119523,101978708,101984238,5530
ENSG00000272897,34220262,34262466,42204
ENSG00000177938,18891045,18892121,1076
ENSG00000078246,2986389,3050306,63917
ENSG00000147130,70459474,70474996,15522
ENSG00000106803,101984346,101992897,8551
ENSG00000104899,2249308,2252072,2764
ENSG00000155792,120885957,121063152,177195
ENSG00000188064,46316242,46373009,56767
ENSG00000197056,35525387,35581460,56073
ENSG00000168259,40128451,40173394,44943
ENSG00000175216,46764598,46867847,103249
ENSG00000167476,2252251,2269758,17507
ENSG00000119508,102584137,102629173,45036
ENSG00000244462,34236847,34252878,16031
ENSG00000229453,48348336,48369831,21495
ENSG00000182257,46445358,46450024,4666
ENSG00000163848,124944405,125094198,149793
ENSG00000178795,76927603,77012732,85129
ENSG00000197182,46449749,46509808,60059
ENSG00000273252,6875051,6875425,374
ENSG00000255537,125365110,125369424,4314
ENSG00000156508,74225473,74233520,8047
ENSG00000155070,6895116,6899461,4345
ENSG00000257418,31734428,31896594,162166
ENSG00000164049,48413709,48442666,28957
ENSG00000160753,155290687,155300905,10218
ENSG00000205897,6906289,6907303,1014
ENSG00000088682,57481337,57495187,13850
ENSG00000104904,2269485,2273487,4002
ENSG00000236902,31750965,31761981,11016
ENSG00000197142,114133776,114188138,54362
ENSG00000136874,102668915,102732618,63703
ENSG00000183735,64845660,64895888,50228
ENSG00000227782,15943505,15943994,489
ENSG00000204580,30844198,30867933,23735
ENSG00000002587,11394774,11431389,36615
ENSG00000072778,7120444,7128592,8148
ENSG00000197905,3068496,3149839,81343
ENSG00000186951,46546424,46639653,93229
ENSG00000244005,34255977,34287281,31304
ENSG00000023318,102741461,102861322,119861
ENSG00000099795,14676890,14682874,5984
ENSG00000108474,16120505,16252115,131610
ENSG00000263457,6918176,6918263,87
ENSG00000250561,6919258,6920257,999
ENSG00000157869,13362978,13485989,123011
ENSG00000243531,6940055,6940254,199
ENSG00000226943,6963435,6970466,7031
ENSG00000241539,6963709,6964144,435
ENSG00000102978,57496299,57505922,9623
ENSG00000143867,19551246,19558414,7168
ENSG00000240957,31750946,31754656,3710
ENSG00000187955,121072019,121384275,312256
ENSG00000149269,77032752,77185680,152928
ENSG00000242731,6971315,6979234,7919
ENSG00000221011,7034846,7034949,103
ENSG00000264679,7106242,7106323,81
ENSG00000235769,31756401,31757877,1476
ENSG00000149547,125439112,125454575,15463
ENSG00000167363,80693451,80709073,15622
ENSG00000174948,154055461,154147504,92043
ENSG00000213020,53206066,53238326,32260
ENSG00000109705,13542454,13546674,4220
ENSG00000266287,7106595,7106676,81
ENSG00000263504,7106998,7107080,82
ENSG00000265155,7107675,7107757,82
ENSG00000266409,7107818,7107900,82
ENSG00000266121,7108454,7108535,81
ENSG00000239696,7117926,7119373,1447
ENSG00000167778,53458388,53473204,14816
ENSG00000250264,32781544,32806599,25055
ENSG00000183891,20096404,20101747,5343
ENSG00000237459,31762657,31770773,8116
ENSG00000119509,102861538,103063282,201744
ENSG00000197565,107386780,107682727,295947
ENSG00000189190,53267448,53290044,22596
ENSG00000057608,5807186,5884095,76909
ENSG00000196218,38924339,39078204,153865
ENSG00000038219,13570362,13629347,58985
ENSG00000227729,104406763,104408645,1882
ENSG00000187912,14693896,14721969,28073
ENSG00000204267,32789610,32806557,16947
ENSG00000205643,46639908,46646576,6668
ENSG00000103226,16326352,16388668,62316
ENSG00000103811,79213400,79241916,28516
ENSG00000198538,53300662,53360853,60191
ENSG00000111405,48103517,48119350,15833
ENSG00000166183,104552016,104579098,27082
ENSG00000130943,46651560,46659219,7659
ENSG00000060718,103342023,103574052,232029
ENSG00000172728,33228342,33330940,102598
ENSG00000131355,14729929,14800839,70910
ENSG00000134569,46878419,46940193,61774
ENSG00000138722,90800683,90875780,75097
ENSG00000152894,128289924,128841870,551946
ENSG00000167779,53491220,53496129,4909
ENSG00000075234,46663858,46689905,26047
ENSG00000196549,154741913,154901497,159584
ENSG00000116560,35641979,35658749,16770
ENSG00000125995,34287194,34288906,1712
ENSG00000163539,33537737,33759848,222111
ENSG00000136891,103064359,103115221,50862
ENSG00000241489,148564074,148615470,51396
ENSG00000052126,19282648,19529334,246686
ENSG00000115944,42560686,42652228,91542
ENSG00000166582,16245848,16256970,11122
ENSG00000174799,56815037,56899529,84492
ENSG00000011021,11866207,11903201,36994
ENSG00000204604,53341261,53360902,19641
ENSG00000228250,31762711,31765908,3197
ENSG00000164050,48445261,48471594,26333
ENSG00000184305,91048686,92523064,1474378
ENSG00000114520,125165495,125239041,73546
ENSG00000188305,2274631,2282181,7550
ENSG00000066697,103189438,103213511,24073
ENSG00000182986,53367043,53400946,33903
ENSG00000108639,76164639,76169608,4969
ENSG00000201218,7142204,7142312,108
ENSG00000244167,7217583,7217955,372
ENSG00000125170,57505863,57521239,15376
ENSG00000230825,7294785,7317410,22625
ENSG00000165078,68334360,68658620,324260
ENSG00000220008,2289774,2308156,18382
ENSG00000251349,103204553,103339918,135365
ENSG00000225635,31771101,31774680,3579
ENSG00000103335,88781751,88851619,69868
ENSG00000130332,2321516,2328619,7103
ENSG00000241697,103204560,103339918,135358
ENSG00000167780,53497302,53518322,21020
ENSG00000170681,103340361,103350188,9827
ENSG00000197620,148621900,148632055,10155
ENSG00000147140,70503042,70521018,17976
ENSG00000128524,128502880,128505898,3018
ENSG00000075218,46692638,46726707,34069
ENSG00000268635,77184416,77188074,3658
ENSG00000178297,2389769,2426237,36468
ENSG00000148123,103790991,104087417,296426
ENSG00000046889,68864353,69149265,284912
ENSG00000146463,35734568,35887659,153091
ENSG00000160961,14800613,14844558,43945
ENSG00000118965,20110021,20189892,79871
ENSG00000249049,92240185,92246457,6272
ENSG00000248511,93218402,93225329,6927
ENSG00000167513,88869621,88875666,6045
ENSG00000169193,23636998,23684327,47329
ENSG00000099800,2425622,2427892,2270
ENSG00000136881,104122699,104145801,23102
ENSG00000074201,77225981,77348850,122869
ENSG00000141556,80709940,80900724,190784
ENSG00000116539,155305059,155532598,227539
ENSG00000136897,104149915,104160896,10981
ENSG00000149179,46958240,47185936,227696
ENSG00000185946,104068313,104097861,29548
ENSG00000226417,31774644,31783827,9183
ENSG00000176619,2427636,2456994,29358
ENSG00000152208,93225550,94695707,1470157
ENSG00000128604,128577666,128590089,12423
ENSG00000175309,177635498,177659792,24294
ENSG00000136870,104161155,104172942,11787
ENSG00000175206,11905766,11908402,2636
ENSG00000198931,88875747,88878352,2605
ENSG00000188732,23719749,23742868,23119
ENSG00000135736,57546090,57570511,24421
ENSG00000120937,11917521,11918988,1467
ENSG00000099860,2476120,2478257,2137
ENSG00000136872,104182860,104198105,15245
ENSG00000116685,11979648,11986485,6837
ENSG00000236712,7333139,7333511,372
ENSG00000172172,121393000,121457642,64642
ENSG00000272732,7589735,7592071,2336
ENSG00000171307,99205927,99217127,11200
ENSG00000272894,7592093,7606627,14534
ENSG00000176533,2511217,2702707,191490
ENSG00000178301,77300436,77321400,20964
ENSG00000131051,34291531,34330234,38703
ENSG00000272745,7659503,7660174,671
ENSG00000270314,7775374,7776482,1108
ENSG00000234718,7778165,7782204,4039
ENSG00000159618,57576333,57625593,49260
ENSG00000269721,7781722,7782166,444
ENSG00000240038,104096437,104122156,25719
ENSG00000129535,24549316,24584223,34907
ENSG00000201747,7946150,7946255,105
ENSG00000214998,7948931,7950080,1149
ENSG00000165152,104235453,104295819,60366
ENSG00000123584,148663309,148669116,5807
ENSG00000234141,7989484,7990340,856
ENSG00000233108,7997814,8009534,11720
ENSG00000170315,16284112,16286059,1947
ENSG00000171129,148674172,148676974,2802
ENSG00000129696,33330904,33371119,40215
ENSG00000106078,51083909,51384515,300606
ENSG00000141012,88880142,88923378,43236
ENSG00000178623,241544848,241570676,25828
ENSG00000183889,16411301,16444447,33146
ENSG00000109265,57036361,57194791,158430
ENSG00000134910,125461607,125495110,33503
ENSG00000268550,14834747,14835121,374
ENSG00000172167,121457640,121554373,96733
ENSG00000185176,241615835,241622323,6488
ENSG00000155827,104296133,104325622,29489
ENSG00000243480,104159999,104168402,8403
ENSG00000180257,53430388,53466164,35776
ENSG00000066735,104605060,104647231,42171
ENSG00000153179,65004293,65091347,87054
ENSG00000083444,11994262,12035595,41333
ENSG00000176490,2714565,2721416,6851
ENSG00000050767,177664619,178017556,352937
ENSG00000221874,53431728,53466076,34348
ENSG00000267001,2717767,2740046,22279
ENSG00000185046,99120235,100378432,1258197
ENSG00000233264,8019943,8021859,1916
ENSG00000269526,53517174,53519375,2201
ENSG00000268964,53547991,53554329,6338
ENSG00000227719,8153655,8156191,2536
ENSG00000265212,8194566,8194652,86
ENSG00000100416,46726772,46753237,26465
ENSG00000244239,8301863,8302451,588
ENSG00000155984,148678216,148713568,35352
ENSG00000237763,104197912,104207173,9261
ENSG00000186825,132552534,132559234,6700
ENSG00000229970,8301894,8384146,82252
ENSG00000144909,125247702,125313934,66232
ENSG00000141873,2732202,2740150,7948
ENSG00000100889,24563262,24579807,16545
ENSG00000268822,241624478,241624705,227
ENSG00000198785,104331635,104500862,169227
ENSG00000163046,132905164,133015542,110378
ENSG00000184945,241631262,241637900,6638
ENSG00000172238,94750042,94751221,1179
ENSG00000104969,2754712,2783369,28657
ENSG00000188386,104353897,104357283,3386
ENSG00000248727,55753622,55777773,24151
ENSG00000133961,73741815,73930348,188533
ENSG00000225940,55807394,55902059,94665
ENSG00000170949,53569859,53606689,36830
ENSG00000100504,51324609,51411454,86845
ENSG00000155833,105757593,105780770,23177
ENSG00000006042,31254928,31272124,17196
ENSG00000137449,15004298,15071777,67479
ENSG00000214967,16472912,16487811,14899
ENSG00000157426,57204456,57253666,49210
ENSG00000095015,56111401,56191979,80578
ENSG00000125459,155579979,155718153,138174
ENSG00000104814,39078281,39109522,31241
ENSG00000120314,140044261,140053709,9448
ENSG00000103489,17195626,17564738,369112
ENSG00000149554,125495036,125546150,51114
ENSG00000174876,104230037,104239302,9265
ENSG00000256453,140050379,140053171,2792
ENSG00000183840,133174147,133404132,229985
ENSG00000163104,95128762,95212443,83681
ENSG00000272328,8343371,8380973,37602
ENSG00000236748,8978417,8978999,582
ENSG00000268028,65090189,65090329,140
ENSG00000198042,33342268,33358778,16510
ENSG00000139631,53551447,53575135,23688
ENSG00000011105,3186521,3395730,209209
ENSG00000048649,77371041,77532063,161022
ENSG00000058335,79252289,79383115,130826
ENSG00000171126,42669157,42721237,52080
ENSG00000105810,92234235,92465908,231673
ENSG00000133874,33405273,33424643,19370
ENSG00000012048,41196312,41277500,81188
ENSG00000248801,69215703,69243726,28023
ENSG00000269422,88894366,88894545,179
ENSG00000130294,241653181,241759725,106544
ENSG00000081479,169983619,170219195,235576
ENSG00000172009,2785458,2813599,28141
ENSG00000170954,53611132,53636330,25198
ENSG00000133878,33448856,33457624,8768
ENSG00000187733,104293028,104301312,8284
ENSG00000167900,76170160,76183314,13154
ENSG00000111218,3490515,3703139,212624
ENSG00000205413,92728829,92747336,18507
ENSG00000167515,88922628,88929094,6466
ENSG00000135677,65107225,65153227,46002
ENSG00000136824,106856541,106903698,47157
ENSG00000198890,107599267,107601916,2649
ENSG00000172164,121547985,121825513,277528
ENSG00000163145,15341442,15447790,106348
ENSG00000196335,23749786,23872132,122346
ENSG00000221900,53103349,53104617,1268
ENSG00000165084,69242957,69731257,488300
ENSG00000214940,18411799,18441131,29332
ENSG00000087884,77532155,77629478,97323
ENSG00000235711,79575146,79590580,15434
ENSG00000170961,122624356,122653630,29274
ENSG00000127507,14843205,14889353,46148
ENSG00000150551,133402426,133429152,26726
ENSG00000178764,123793633,123986750,193117
ENSG00000177409,92759368,92777682,18314
ENSG00000271526,9123652,9123805,153
ENSG00000170419,54610018,54638773,28755
ENSG00000166557,79603404,79704334,100930
ENSG00000264766,9634247,9634353,106
ENSG00000233876,9654608,9655615,1007
ENSG00000205022,88928034,88933068,5034
ENSG00000271077,9673900,9675333,1433
ENSG00000057935,42721709,42984087,262378
ENSG00000197320,9765870,9767915,2045
ENSG00000233024,18451943,18473188,21245
ENSG00000234710,9776951,9809142,32191
ENSG00000205899,1173853,1174754,901
ENSG00000270611,9890553,9891015,462
ENSG00000185247,148769894,148798926,29032
ENSG00000235431,10000651,10021444,20793
ENSG00000187688,16318856,16340317,21461
ENSG00000184811,1182957,1204281,21324
ENSG00000212422,10262424,10262637,213
ENSG00000170445,140052758,140071609,18851
ENSG00000229091,10490938,10492153,1215
ENSG00000234356,10516208,10516505,297
ENSG00000169330,79724858,79764632,39774
ENSG00000236414,10742303,10747033,4730
ENSG00000132432,54819943,54827667,7724
ENSG00000201774,10941605,10941701,96
ENSG00000271185,10980050,10980362,312
ENSG00000230370,11046026,11046503,477
ENSG00000230333,11221359,11559802,338443
ENSG00000172006,2819872,2835771,15899
ENSG00000136371,80125927,80189721,63794
ENSG00000156687,35092975,35654068,561093
ENSG00000149262,77589766,77705724,115958
ENSG00000113240,178029665,178057616,27951
ENSG00000108953,1247566,1303672,56106
ENSG00000186881,107266455,107267547,1092
ENSG00000148136,107288534,107289490,956
ENSG00000259332,80137537,80216096,78559
ENSG00000189366,125648118,125655882,7764
ENSG00000204246,107298030,107299137,1107
ENSG00000136986,124025404,124054663,29259
ENSG00000180953,80191182,80216044,24862
ENSG00000186943,107331449,107332411,962
ENSG00000228032,104710541,104712473,1932
ENSG00000132031,20191872,20212455,20583
ENSG00000176771,133429374,134326034,896660
ENSG00000142687,35899091,36023551,124460
ENSG00000255800,107360650,107361788,1138
ENSG00000259642,80215113,80217194,2081
ENSG00000257019,107366924,107367951,1027
ENSG00000257028,80215507,80217194,1687
ENSG00000258986,104941015,105071984,130969
ENSG00000130038,3715799,3873985,158186
ENSG00000136839,107379529,107380485,956
ENSG00000227314,31784012,31808922,24910
ENSG00000162631,107682629,108026080,343451
ENSG00000140379,80253231,80263788,10557
ENSG00000179055,107456660,107457766,1106
ENSG00000188153,107683074,107940775,257701
ENSG00000129993,88941266,89043612,102346
ENSG00000136783,107509969,107522403,12434
ENSG00000149182,47185848,47198676,12828
ENSG00000171116,148855726,148858525,2799
ENSG00000169131,178138593,178157703,19110
ENSG00000188175,92817899,92855837,37938
ENSG00000114547,125687987,125702297,14310
ENSG00000165028,107526438,107539738,13300
ENSG00000155542,56205087,56221359,16272
ENSG00000166008,148863584,148869397,5813
ENSG00000168256,40163400,40177659,14259
ENSG00000156009,149009941,149014609,4668
ENSG00000164253,76721795,76916436,194641
ENSG00000184601,105046021,105056852,10831
ENSG00000185164,18511182,18573533,62351
ENSG00000116688,12040238,12073571,33333
ENSG00000016391,53846362,53880417,34055
ENSG00000163106,95219686,95264027,44341
ENSG00000131969,51338878,51371688,32810
ENSG00000086666,80351910,80430735,78825
ENSG00000196569,129204342,129837714,633372
ENSG00000056736,53880607,53899827,19220
ENSG00000128059,57259528,57301781,42253
ENSG00000183077,76183398,76203782,20384
ENSG00000114805,155093369,155462856,369487
ENSG00000165029,107543283,107690518,147235
ENSG00000178982,39109735,39127595,17860
ENSG00000197937,53627325,53662328,35003
ENSG00000167193,1323983,1366456,42473
ENSG00000151364,77726761,77757237,30476
ENSG00000259112,77728017,77790911,62894
ENSG00000151365,77774907,77779397,4490
ENSG00000048342,15471489,15603180,131691
ENSG00000064419,128594948,128695198,100250
ENSG00000197497,53662466,53696639,34173
ENSG00000269686,133874577,133876625,2048
ENSG00000151366,77779350,77791265,11915
ENSG00000134940,125541417,125551018,9601
ENSG00000163882,184079506,184086384,6878
ENSG00000226827,11297308,11298162,854
ENSG00000230435,11446582,11453705,7123
ENSG00000235920,11859943,11860920,977
ENSG00000152127,134877554,135212192,334638
ENSG00000204264,32808494,32812480,3986
ENSG00000197928,53731577,53758151,26574
ENSG00000100897,24583404,24594451,11047
ENSG00000178338,178286954,178315123,28169
ENSG00000186300,2841433,2860482,19049
ENSG00000141316,31297394,31324895,27501
ENSG00000025293,34359896,34538303,178407
ENSG00000134215,108113782,108507766,393984
ENSG00000236048,12510978,12512171,1193
ENSG00000075275,46756731,46933067,176336
ENSG00000203523,12530721,12531630,909
ENSG00000130402,39138289,39222223,83934
ENSG00000226690,12536055,12581536,45481
ENSG00000156787,124054208,124164393,110185
ENSG00000172000,2867333,2878515,11182
ENSG00000198939,178322895,178360213,37318
ENSG00000023041,114190058,114206672,16614
ENSG00000068697,20232411,20251789,19378
ENSG00000165912,47199076,47207994,8918
ENSG00000171970,2900896,2918474,17578
ENSG00000172482,241807896,241819919,12023
ENSG00000159063,77811982,77850706,38724
ENSG00000155545,56215429,56267502,52073
ENSG00000134461,5903580,5931869,28289
ENSG00000203485,105155943,105185942,29999
ENSG00000175691,2933216,2944969,11753
ENSG00000075240,46971909,47075688,103779
ENSG00000233863,35649365,35653384,4019
ENSG00000205018,89006197,89017932,11735
ENSG00000196131,53761545,53765090,3545
ENSG00000240065,32811913,32827362,15449
ENSG00000020129,36023074,36032875,9801
ENSG00000228567,53769929,53770972,1043
ENSG00000163098,53792856,53794875,2019
ENSG00000162881,42989642,42991401,1759
ENSG00000004766,92861653,92988338,126685
ENSG00000146648,55086714,55324313,237599
ENSG00000111490,65174589,65274812,100223
ENSG00000104953,2977444,2995177,17733
ENSG00000213799,53837002,53858122,21120
ENSG00000178187,178368192,178393434,25242
ENSG00000162882,42994229,43019733,25504
ENSG00000070214,108006903,108201452,194549
ENSG00000137573,70378859,70573150,194291
ENSG00000152128,135213330,135476570,263240
ENSG00000100422,47080308,47134158,53850
ENSG00000203326,53868946,53895470,26524
ENSG00000176715,89154783,89222254,67471
ENSG00000224667,12545633,12547104,1471
ENSG00000225606,12609751,12611017,1266
ENSG00000229233,12693804,12694610,806
ENSG00000113262,178405328,178423207,17879
ENSG00000271253,12725262,12725658,396
ENSG00000199470,12740383,12740514,131
ENSG00000222974,12916309,12916571,262
ENSG00000168394,32812986,32821755,8769
ENSG00000230879,12962170,12962545,375
ENSG00000229618,13141016,13743774,602758
ENSG00000197021,149097745,149107029,9284
ENSG00000171053,125616188,125619762,3574
ENSG00000237713,13378826,13404674,25848
ENSG00000224330,13893980,13898650,4670
ENSG00000103876,80444832,80479288,34456
ENSG00000213875,13911481,13912138,657
ENSG00000215262,36641842,36793646,151804
ENSG00000116691,12079523,12092102,12579
ENSG00000234284,178450753,178462065,11312
ENSG00000196844,125646008,125648714,2706
ENSG00000134574,47236493,47260767,24274
ENSG00000236027,125658006,125661495,3489
ENSG00000108684,31340105,32501983,1161878
ENSG00000237353,125703211,125709964,6753
ENSG00000085491,108676658,108743471,66813
ENSG00000129910,89238175,89261900,23725
ENSG00000172478,241825465,241836306,10841
ENSG00000183779,37553269,37557537,4268
ENSG00000198331,125753509,125770543,17034
ENSG00000196417,53893046,53930574,37528
ENSG00000170248,33839844,33911194,71350
ENSG00000259495,80637195,80695917,58722
ENSG00000252374,14050294,14050388,94
ENSG00000223445,14110160,14111005,845
ENSG00000177932,178487416,178510538,23122
ENSG00000233167,14230420,14231782,1362
ENSG00000221428,14815031,14815148,117
ENSG00000226323,14853756,14856190,2434
ENSG00000225816,15025003,15025699,696
ENSG00000151532,114206756,114578503,371747
ENSG00000183154,37592279,37594944,2665
ENSG00000227489,15105832,15108276,2444
ENSG00000237070,15707572,15721605,14033
ENSG00000054611,47158518,47571336,412818
ENSG00000110060,125763381,125773116,9735
ENSG00000114544,125725198,125820404,95206
ENSG00000106701,108210077,108314714,104637
ENSG00000182472,39220827,39260544,39717
ENSG00000198346,53970989,54006950,35961
ENSG00000120949,12123434,12204264,80830
ENSG00000087116,178537852,178772431,234579
ENSG00000115884,20400558,20425194,24636
ENSG00000196427,108765963,108786689,20726
ENSG00000111224,3900213,3982608,82395
ENSG00000152492,191046866,191116459,69593
ENSG00000172379,80696692,80890278,193586
ENSG00000229108,15728003,15735116,7113
ENSG00000225974,15728700,15730479,1779
ENSG00000259803,89262406,89268072,5666
ENSG00000235828,15741057,15741377,320
ENSG00000229379,15880922,15881985,1063
ENSG00000188997,77882295,77899868,17573
ENSG00000065717,2997636,3047633,49997
ENSG00000109832,125773271,125793158,19887
ENSG00000122585,24323782,24331484,7702
ENSG00000268171,57276682,57277131,449
ENSG00000205336,57644564,57698944,54380
ENSG00000156076,65444406,65515346,70940
ENSG00000170100,89284118,89295363,11245
ENSG00000226321,241858202,241932728,74526
ENSG00000163110,95373037,95589377,216340
ENSG00000164051,48473574,48481866,8292
ENSG00000147475,37594117,37616619,22502
ENSG00000134452,5931535,5979556,48021
ENSG00000266442,31784084,31808928,24844
ENSG00000171222,34541539,34547394,5855
ENSG00000205076,39261611,39264132,2521
ENSG00000134575,47260853,47270457,9604
ENSG00000273477,16127152,16129275,2123
ENSG00000178934,39279851,39282389,2538
ENSG00000230981,16128696,16129261,565
ENSG00000224683,16248570,16248890,320
ENSG00000105926,24612887,24733812,120925
ENSG00000229688,16250113,16310229,60116
ENSG00000106692,108320411,108403399,82988
ENSG00000118369,77899858,77925757,25899
ENSG00000128050,57301907,57327534,25627
ENSG00000234951,31806876,31808928,2052
ENSG00000181350,16344891,16395467,50576
ENSG00000272537,16510809,16510998,189
ENSG00000186086,108918421,109013624,95203
ENSG00000224280,16623407,16626382,2975
ENSG00000268024,32581900,32582306,406
ENSG00000272361,16633253,16633849,596
ENSG00000214919,155459933,155461515,1582
ENSG00000149646,34556512,34618622,62110
ENSG00000116819,36038971,36060929,21958
ENSG00000197879,1367392,1396106,28714
ENSG00000100505,51441980,51562779,120799
ENSG00000146376,129897277,130031370,134093
ENSG00000174928,155480401,155524140,43739
ENSG00000126067,36067185,36107445,40260
ENSG00000186051,108424738,108425367,629
ENSG00000141040,16454701,16472520,17819
ENSG00000028137,12227060,12269285,42225
ENSG00000226209,13350145,13350447,302
ENSG00000142686,36179476,36185073,5597
ENSG00000108691,32582304,32584222,1918
ENSG00000095209,108456825,108538893,82068
ENSG00000223757,31809667,31821408,11741
ENSG00000167522,89334038,89556969,222931
ENSG00000136379,80972025,81047962,75937
ENSG00000118971,4382938,4414516,31578
ENSG00000147166,70521584,70525221,3637
ENSG00000235837,16735496,16759523,24027
ENSG00000197566,16524051,16557170,33119
ENSG00000162636,109102711,109187522,84811
ENSG00000232112,48481667,48485616,3949
ENSG00000134419,18792617,18801705,9088
ENSG00000218357,47857048,47882860,25812
ENSG00000105928,24737972,24809244,71272
ENSG00000139651,53574484,53584596,10112
ENSG00000033327,77926343,78129394,203051
ENSG00000219438,48885272,49246724,361452
ENSG00000013619,149529689,149682448,152759
ENSG00000158457,128784712,128808671,23959
ENSG00000174780,57333081,57369839,36758
ENSG00000171747,39292311,39304004,11693
ENSG00000219016,48934712,48943199,8487
ENSG00000260342,18799385,18812841,13456
ENSG00000162639,109190912,109204148,13236
ENSG00000148143,109625378,109775915,150537
ENSG00000092853,36185819,36235568,49749
ENSG00000188269,14903302,14946188,42886
ENSG00000113812,53901093,53916229,15136
ENSG00000170540,18802991,18813000,10009
ENSG00000164053,48488114,48507115,19001
ENSG00000127530,14909958,14911023,1065
ENSG00000171100,149737069,149841795,104726
ENSG00000127515,14951760,14952689,929
ENSG00000187595,40177594,40217383,39789
ENSG00000224264,31821595,31840030,18435
ENSG00000185385,14991138,14992264,1126
ENSG00000118564,15606162,15683302,77140
ENSG00000127529,15052301,15053260,959
ENSG00000176783,178977559,179037027,59468
ENSG00000130844,54024235,54083523,59288
ENSG00000088367,34679426,34820721,141295
ENSG00000163374,155629237,155658791,29554
ENSG00000260548,107965300,107975917,10617
ENSG00000139626,53585102,53601091,15989
ENSG00000242631,109685630,109686455,825
ENSG00000055917,20448452,20551995,103543
ENSG00000104823,39306062,39322645,16583
ENSG00000133124,107975712,107979651,3939
ENSG00000105143,15060846,15133802,72956
ENSG00000187105,73945189,74025651,80462
ENSG00000101890,108616135,108725301,109166
ENSG00000148737,114710009,114927437,217428
ENSG00000134186,109234945,109244425,9480
ENSG00000119318,110045418,110094475,49057
ENSG00000155229,99218081,99258551,40470
ENSG00000147689,124191200,124222314,31114
ENSG00000078237,4430371,4462338,31967
ENSG00000086475,13359424,13390297,30873
ENSG00000184227,74003818,74010498,6680
ENSG00000268218,89334512,89339452,4940
ENSG00000160994,15121556,15134081,12525
ENSG00000188511,49808176,50051190,243014
ENSG00000101888,108779010,108787919,8909
ENSG00000139921,51706880,51722759,15879
ENSG00000113811,53918437,53926015,7578
ENSG00000105141,15160195,15169104,8909
ENSG00000094661,15197791,15199032,1241
ENSG00000176076,108866929,108868393,1464
ENSG00000118972,4477393,4488894,11501
ENSG00000270593,16889581,16890349,768
ENSG00000232400,16903891,16905932,2041
ENSG00000227965,16928245,16928509,264
ENSG00000223867,16977849,16978181,332
ENSG00000111241,4537321,4554780,17459
ENSG00000232841,17072713,17073102,389
ENSG00000147471,37620111,37637283,17172
ENSG00000105137,15218214,15225799,7585
ENSG00000197912,89557325,89624176,66851
ENSG00000237773,17319458,17338981,19523
ENSG00000064309,125825691,125933230,107539
ENSG00000143107,109255279,109285365,30086
ENSG00000136826,110247133,110252763,5630
ENSG00000103888,81071684,81244117,172433
ENSG00000174106,65563351,65642107,78756
ENSG00000214645,110539471,110540419,948
ENSG00000148156,111616871,111619239,2368
ENSG00000139154,19556979,19873735,316756
ENSG00000187003,111624603,111626035,1432
ENSG00000047621,4596894,4647674,50780
ENSG00000048707,12290124,12572099,281975
ENSG00000068366,108867473,108976632,109159
ENSG00000116266,109289296,109352148,62852
ENSG00000170160,16592851,16707767,114916
ENSG00000268083,39308111,39330818,22707
ENSG00000108688,32597240,32599261,2021
ENSG00000100425,50166931,50221160,54229
ENSG00000063601,149861435,149933576,72141
ENSG00000105135,15225795,15236596,10801
ENSG00000134698,36273773,36323491,49718
ENSG00000119673,74034324,74042357,8033
ENSG00000025434,47269851,47290396,20545
ENSG00000228913,29519995,29524308,4313
ENSG00000162804,241938255,242034983,96728
ENSG00000259649,81188532,81202118,13586
ENSG00000169359,155538813,155572218,33405
ENSG00000196503,57371509,57390614,19105
ENSG00000117899,81239667,81282219,42552
ENSG00000199473,17412825,17412950,125
ENSG00000249693,57396775,57469673,72898
ENSG00000236318,17414491,17506288,91797
ENSG00000236039,17474101,17500296,26195
ENSG00000269650,34756461,34758180,1719
ENSG00000104824,39327028,39342987,15959
ENSG00000226598,17503069,17598533,95464
ENSG00000070061,111629797,111696396,66599
ENSG00000228675,17719173,17720283,1110
ENSG00000236195,18001702,18002652,950
ENSG00000165526,126071993,126081587,9594
ENSG00000265876,18033058,18033123,65
ENSG00000225998,31841473,31851062,9589
ENSG00000172156,32612687,32615353,2666
ENSG00000131043,34824381,34858840,34459
ENSG00000139926,51955818,52197445,241627
ENSG00000163093,170335688,170382432,46744
ENSG00000172995,35680437,35835988,155551
ENSG00000243244,48756522,48826025,69503
ENSG00000100426,50247490,50283726,36236
ENSG00000185100,105190523,105213662,23139
ENSG00000157106,18816175,18937776,121601
ENSG00000257383,31897466,31898321,855
ENSG00000203756,130152389,130182692,30303
ENSG00000171476,57514155,57548065,33910
ENSG00000171540,76924538,76935513,10975
ENSG00000268864,54102882,54106751,3869
ENSG00000138696,95679119,96079599,400480
ENSG00000157445,54156574,55108584,952010
ENSG00000092847,36335409,36395211,59802
ENSG00000115970,43393800,43823185,429385
ENSG00000204595,54135310,54140263,4953
ENSG00000182858,50293877,50312106,18229
ENSG00000182885,57702099,57723975,21876
ENSG00000171530,76986991,77164604,177613
ENSG00000132434,55433141,55501435,68294
ENSG00000147133,70586114,70752224,166110
ENSG00000257601,31897853,31898542,689
ENSG00000229185,29552288,29553350,1062
ENSG00000167526,89627065,89630950,3885
ENSG00000080845,34894258,35157040,262782
ENSG00000189376,124232196,124253638,21442
ENSG00000227129,31901917,31907164,5247
ENSG00000128602,128828713,128853386,24673
ENSG00000162641,109358520,109506106,147586
ENSG00000137513,78147007,78285919,138912
ENSG00000177465,74058410,74063200,4790
ENSG00000205669,74077649,74086592,8943
ENSG00000242574,32902406,32908847,6441
ENSG00000137571,70579282,70747299,168017
ENSG00000259305,124238431,124279627,41196
ENSG00000119328,111696461,111713024,16563
ENSG00000197798,126081309,126132881,51572
ENSG00000140406,81293295,81296342,3047
ENSG00000074181,15270444,15311792,41348
ENSG00000198945,130334844,130462594,127750
ENSG00000251569,170335990,170382432,46442
ENSG00000156206,81299374,81441516,142142
ENSG00000119661,74111578,74170435,58857
ENSG00000142405,54296857,54327648,30791
ENSG00000165156,124260696,124287781,27085
ENSG00000239474,170366212,170382772,16560
ENSG00000269197,70850403,70850635,232
ENSG00000089685,76210267,76221717,11450
ENSG00000187994,39358470,39368919,10449
ENSG00000147596,70963886,70983928,20042
ENSG00000184164,50311815,50321188,9373
ENSG00000149256,78363876,79151992,788116
ENSG00000111247,4647950,4669214,21264
ENSG00000172572,20522179,20837315,315136
ENSG00000128040,57676026,57687908,11882
ENSG00000121957,109417972,109477167,59195
ENSG00000182934,126132814,126139039,6225
ENSG00000182168,96083655,96470357,386702
ENSG00000158467,128864864,129070052,205188
ENSG00000119326,111704851,111775809,70958
ENSG00000132842,77296349,77590579,294230
ENSG00000132676,155657751,155708801,51050
ENSG00000178773,89642176,89663654,21478
ENSG00000020181,37641709,37702414,60705
ENSG00000179820,54369477,54379691,10214
ENSG00000182103,82443053,82444906,1853
ENSG00000104964,3052908,3063105,10197
ENSG00000153086,135596117,135659604,63487
ENSG00000159625,57728705,57765717,37012
ENSG00000122085,242011584,242041747,30163
ENSG00000140396,71021997,71316040,294043
ENSG00000172349,81451916,81605104,153188
ENSG00000139155,20848289,20906320,58031
ENSG00000108771,40253422,40264751,11329
ENSG00000229077,31907450,31923299,15849
ENSG00000126070,36396319,36538101,141782
ENSG00000213689,48506445,48509044,2599
ENSG00000248993,32905141,32920899,15758
ENSG00000137509,82534544,82681626,147082
ENSG00000084093,57774075,57802010,27935
ENSG00000088256,3094408,3124002,29594
ENSG00000126583,54382444,54410906,28462
ENSG00000105131,15337730,15344246,6516
ENSG00000156802,124332090,124428590,96500
ENSG00000237765,15683285,15707188,23903
ENSG00000106771,111777432,111882225,104793
ENSG00000138399,170386259,170430385,44126
ENSG00000198355,50354161,50357728,3567
ENSG00000157600,109245859,109425962,180103
ENSG00000060558,3136191,3163767,27576
ENSG00000154978,55503749,55640681,136932
ENSG00000090534,184089723,184095932,6209
ENSG00000121940,109472130,109506111,33981
ENSG00000125910,3172344,3180329,7985
ENSG00000084092,57829536,57844989,15453
ENSG00000101335,35169887,35178228,8341
ENSG00000062194,56469775,56560506,90731
ENSG00000260230,111892573,111929571,36998
ENSG00000141867,15347647,15443356,95709
ENSG00000104221,37700786,37707422,6636
ENSG00000162496,12627939,12677737,49798
ENSG00000118707,35201891,35222353,20462
ENSG00000068903,39369197,39390502,21305
ENSG00000004948,93053799,93204042,150243
ENSG00000095203,111934255,112083244,148989
ENSG00000204257,32916390,32936871,20481
ENSG00000259399,35202956,35240787,37831
ENSG00000163114,96761239,96762625,1386
ENSG00000144908,125822412,125916837,94425
ENSG00000110074,126138950,126148026,9076
ENSG00000237834,29621355,29636747,15392
ENSG00000125912,3185561,3209573,24012
ENSG00000163116,98105244,99064391,959147
ENSG00000101084,35234137,35240960,6823
ENSG00000141579,80787311,80798454,11143
ENSG00000109743,15704573,15739936,35363
ENSG00000070882,24836158,25021253,185095
ENSG00000165490,82611017,82669319,58302
ENSG00000047315,57843888,57897334,53446
ENSG00000140854,57769642,57791162,21520
ENSG00000176903,74178494,74181128,2634
ENSG00000164054,48509197,48542259,33062
ENSG00000169045,179041179,179061785,20606
ENSG00000102181,149934810,150067289,132479
ENSG00000175711,80900031,81009686,109655
ENSG00000172345,81601394,81616524,15130
ENSG00000204518,12704566,12727097,22531
ENSG00000082258,135675805,135716912,41107
ENSG00000188984,12776118,12788726,12608
ENSG00000070159,112137746,112260590,122844
ENSG00000156675,37716136,37756985,40849
ENSG00000157330,12806163,12823847,17684
ENSG00000170537,18995256,19075264,80008
ENSG00000092850,36549676,36553876,4200
ENSG00000101082,35240721,35274619,33898
ENSG00000090539,184097861,184108524,10663
ENSG00000105127,15464196,15490609,26413
ENSG00000238134,31924012,31941947,17935
ENSG00000085433,109512836,109584850,72014
ENSG00000015413,89679716,89704839,25123
ENSG00000101935,109437414,109683461,246047
ENSG00000268310,76210462,76220740,10278
ENSG00000116863,36554476,36559533,5057
ENSG00000156030,74181825,74256988,75163
ENSG00000204278,76227391,76237068,9677
ENSG00000137502,82684175,82782965,98790
ENSG00000171812,36560837,36590821,29984
ENSG00000188869,81623558,81666554,42996
ENSG00000161082,3224701,3297074,72373
ENSG00000243444,112403068,112713755,310687
ENSG00000184557,76352864,76356158,3294
ENSG00000186469,52292913,52446060,153147
ENSG00000259371,24590560,24601038,10478
ENSG00000139914,24600484,24602058,1574
ENSG00000172819,53604354,53626764,22410
ENSG00000131165,89710839,89724253,13414
ENSG00000054116,36602173,36615098,12925
ENSG00000147162,70752933,70795747,42814
ENSG00000197780,109605108,109618624,13516
ENSG00000067167,71485677,71520622,34945
ENSG00000066427,92524896,92572965,48069
ENSG00000116726,12834984,12838049,3065
ENSG00000215717,109632425,109639556,7131
ENSG00000116721,12851546,12856777,5231
ENSG00000154997,55861237,55930482,69245
ENSG00000157654,112542589,112934792,392203
ENSG00000138698,99182535,99365012,182477
ENSG00000253548,191178952,191179245,293
ENSG00000180219,100041531,100043824,2293
ENSG00000249773,55954970,56022932,67962
ENSG00000204256,32936437,32949282,12845
ENSG00000204513,12884468,12891264,6796
ENSG00000179172,12907261,12908578,1317
ENSG00000133136,109589700,109590201,501
ENSG00000167523,89724210,89737680,13470
ENSG00000179902,109648573,109656479,7906
ENSG00000178665,55955169,56009918,54749
ENSG00000167186,19078921,19091417,12496
ENSG00000120952,12916941,12921764,4823
ENSG00000258928,52382863,52385289,2426
ENSG00000092010,24605367,24608176,2809
ENSG00000243073,12939045,12946025,6980
ENSG00000267802,52436014,52436247,233
ENSG00000108773,40265126,40273376,8250
ENSG00000243978,109602044,109699562,97518
ENSG00000132376,1397865,1420182,22317
ENSG00000188263,50432942,50451088,18146
ENSG00000187545,12952727,12958101,5374
ENSG00000213002,71485681,71486671,990
ENSG00000246366,71520812,71575514,54702
ENSG00000087302,52456193,52471420,15227
ENSG00000204510,12976450,12980569,4119
ENSG00000101079,35280169,35374481,94312
ENSG00000176601,135722061,135805038,82977
ENSG00000004468,15779898,15854853,74955
ENSG00000164483,130465460,130686570,221110
ENSG00000241978,112542769,112934792,392023
ENSG00000184990,105219437,105234831,15394
ENSG00000138892,50453552,50495364,41812
ENSG00000116871,36621180,36646450,25270
ENSG00000232423,12998181,13117751,119570
ENSG00000188959,112952328,112970469,18141
ENSG00000266302,16593575,16707767,114192
ENSG00000169154,37791799,37797647,5848
ENSG00000146729,56019486,56067874,48388
ENSG00000185324,89747145,89762772,15627
ENSG00000144771,54952264,55001115,48851
ENSG00000136810,113006091,113018920,12829
ENSG00000188778,37820516,37824483,3967
ENSG00000141905,3359561,3469215,109654
ENSG00000240505,16832849,16875432,42583
ENSG00000187840,37887859,37917883,30024
ENSG00000183496,82334119,82338482,4363
ENSG00000144681,36421836,36589499,167663
ENSG00000259518,82380935,82390035,9100
ENSG00000101938,109917084,110039286,122202
ENSG00000165494,82868030,82898493,30463
ENSG00000138398,170440850,170497916,57066
ENSG00000114251,55499743,55523973,24230
ENSG00000111647,100422233,100536626,114393
ENSG00000204193,113065801,113100127,34326
ENSG00000100427,50497820,50524331,26511
ENSG00000140859,57792129,57896957,104828
ENSG00000116299,109656301,109749401,93100
ENSG00000204508,13035543,13038381,2838
ENSG00000156795,124428965,124479470,50505
ENSG00000068781,48757064,49003654,246590
ENSG00000239810,13052394,13052998,604
ENSG00000205730,19125254,19132946,7692
ENSG00000229571,13216356,13219581,3225
ENSG00000140598,82422571,82555104,132533
ENSG00000140043,74318547,74353530,34983
ENSG00000261427,19125324,19184900,59576
ENSG00000145685,77781038,78065844,284806
ENSG00000147592,71547553,71581409,33856
ENSG00000204503,13328196,13331692,3496
ENSG00000087157,76374721,76421195,46474
ENSG00000010219,4671370,4723325,51955
ENSG00000129691,37962760,38001594,38834
ENSG00000150455,126152960,126168740,15780
ENSG00000267261,40271692,40306934,35242
ENSG00000204502,13359819,13369057,9238
ENSG00000197723,40274756,40275371,615
ENSG00000176845,81037567,81052864,15297
ENSG00000029993,150148982,150159248,10266
ENSG00000104825,39390340,39399533,9193
ENSG00000221947,71581600,71702606,121006
ENSG00000255062,126164193,126174213,10020
ENSG00000103528,19179293,19279652,100359
ENSG00000100908,24608174,24610797,2623
ENSG00000142208,105235686,105262088,26402
ENSG00000108774,40276994,40307035,30041
ENSG00000102195,150345125,150349937,4812
ENSG00000110063,126173647,126215644,41997
ENSG00000116580,155719508,155829191,109683
ENSG00000262484,39399620,39402798,3178
ENSG00000163453,57896939,57976551,79612
ENSG00000169067,56775846,56778636,2790
ENSG00000115687,242045514,242089679,44165
ENSG00000113273,78073032,78281910,208878
ENSG00000156804,124510129,124553446,43317
ENSG00000137494,82904781,82971736,66955
ENSG00000137440,15937192,15940363,3171
ENSG00000111700,20963636,21243040,279404
ENSG00000172115,25159710,25164980,5270
ENSG00000095932,3474405,3480540,6135
ENSG00000137441,15961866,15970932,9066
ENSG00000273288,4961,5048,87
ENSG00000273172,33615,41378,7763
ENSG00000262920,171183,172244,1061
ENSG00000145632,57749809,57756087,6278
ENSG00000160131,150564987,150577836,12849
ENSG00000261210,19297061,19333467,36406
ENSG00000262061,180996,183279,2283
ENSG00000182330,13386646,13390765,4119
ENSG00000154479,170501935,170550943,49008
ENSG00000165124,113127531,113342160,214629
ENSG00000129932,3490819,3500938,10119
ENSG00000204501,13421176,13428191,7015
ENSG00000262294,202429,207372,4943
ENSG00000262558,204528,206673,2145
ENSG00000149636,35380194,35402221,22027
ENSG00000241525,254326,263814,9488
ENSG00000104835,39405906,39440495,34589
ENSG00000110514,47290712,47351582,60870
ENSG00000168785,99391518,99579780,188262
ENSG00000204495,13447414,13452656,5242
ENSG00000187672,55542336,56502391,960055
ENSG00000100911,24612574,24616779,4205
ENSG00000144362,170550975,170558218,7243
ENSG00000075089,100592900,100635643,42743
ENSG00000073146,50528308,50600119,71811
ENSG00000114279,191857184,192485553,628369
ENSG00000204491,13474689,13477522,2833
ENSG00000263015,406411,414587,8176
ENSG00000164484,130686879,130764208,77329
ENSG00000263300,426380,443816,17436
ENSG00000011243,15490859,15529952,39093
ENSG00000204488,13495254,13498260,3006
ENSG00000256162,131148546,131158275,9729
ENSG00000031698,109756540,109780791,24251
ENSG00000204252,32971955,32977389,5434
ENSG00000104313,72109668,72274467,164799
ENSG00000114268,48555117,48599448,44331
ENSG00000166049,150732094,150845211,113117
ENSG00000127928,93220885,93540577,319692
ENSG00000262905,455806,456657,851
ENSG00000260259,89749028,89752977,3949
ENSG00000255150,104697517,104698980,1463
ENSG00000175946,124657767,124665190,7423
ENSG00000158792,89762751,89768113,5362
ENSG00000188659,82555151,82577271,22120
ENSG00000224153,184119325,184157436,38111
ENSG00000105825,93514709,93520303,5594
ENSG00000205281,82635130,82641706,6576
ENSG00000182580,184279572,184300197,20625
ENSG00000104537,124693034,124749647,56613
ENSG00000153790,25174316,25219975,45659
ENSG00000075399,89773542,89787394,13852
ENSG00000132837,78293438,78531861,238423
ENSG00000197978,82722223,82731338,9115
ENSG00000171310,104849073,105155792,306719
ENSG00000103534,19421818,19510435,88617
ENSG00000030304,113431051,113563859,132808
ENSG00000133030,16945859,17120993,175134
ENSG00000269547,39406044,39440495,34451
ENSG00000110080,126225535,126310239,84704
ENSG00000163673,36753913,36781352,27439
ENSG00000137500,82970139,82997450,27311
ENSG00000184779,82821158,82824972,3814
ENSG00000130032,150863596,150874396,10800
ENSG00000128626,39421188,39423802,2614
ENSG00000089558,40308909,40333296,24387
ENSG00000262708,519242,519835,593
ENSG00000244097,560034,560787,753
ENSG00000231784,655900,658576,2676
ENSG00000177383,184428156,184429836,1680
ENSG00000180611,192514604,192635950,121346
ENSG00000011451,15532319,15560762,28443
ENSG00000007062,15964699,16086001,121302
ENSG00000213160,170550998,170633499,82501
ENSG00000143126,109792641,109818372,25731
ENSG00000087303,52471521,52535712,64191
ENSG00000257046,20968608,21243179,274571
ENSG00000187775,76419778,76573476,153698
ENSG00000151247,99792835,99851788,58953
ENSG00000198121,113635543,113800981,165438
ENSG00000127252,192958914,192995527,36613
ENSG00000258653,74318674,74398981,80307
ENSG00000196737,666805,668559,1754
ENSG00000187185,57832098,57850850,18752
ENSG00000262228,666805,668559,1754
ENSG00000262434,692984,693765,781
ENSG00000262133,781142,783333,2191
ENSG00000263017,862274,862606,332
ENSG00000265403,885276,885361,85
ENSG00000158805,89786808,89807311,20503
ENSG00000264429,925716,925799,83
ENSG00000235361,1085187,1088380,3193
ENSG00000262213,1145233,1157294,12061
ENSG00000262777,1327767,1329778,2011
ENSG00000168016,36868311,36986548,118237
ENSG00000171133,114089763,114090800,1037
ENSG00000204486,13516066,13526943,10877
ENSG00000105605,54412589,54447195,34606
ENSG00000149639,35405845,35492089,86244
ENSG00000147378,150884507,150891666,7159
ENSG00000157358,13641973,13648988,7015
ENSG00000239789,56019512,56024192,4680
ENSG00000231389,33032346,33048552,16206
ENSG00000142408,54466294,54493469,27175
ENSG00000105325,3506271,3538328,32057
ENSG00000128578,129074274,129128240,53966
ENSG00000226560,31942047,31989896,47849
ENSG00000105954,25264189,25268105,3916
ENSG00000204481,13668269,13673511,5242
ENSG00000132718,155829300,155854990,25690
ENSG00000236618,1420225,1421390,1165
ENSG00000130433,54495542,54515923,20381
ENSG00000243704,1507670,1507966,296
ENSG00000070729,57917503,58005020,87517
ENSG00000204480,13694889,13698405,3516
ENSG00000050344,26191860,26226745,34885
ENSG00000215749,82930438,82939159,8721
ENSG00000204479,13716092,13719089,2997
ENSG00000146733,56078744,56119297,40553
ENSG00000054118,36690017,36770958,80941
ENSG00000269190,39432044,39466550,34506
ENSG00000240204,129142320,129152773,10453
ENSG00000259243,83011379,83018198,6819
ENSG00000176853,124780696,124827692,46996
ENSG00000204478,13736907,13747803,10896
ENSG00000079819,131160487,131384462,223975
ENSG00000162494,13801445,13840543,39098
ENSG00000134470,5990855,6020150,29295
ENSG00000196648,83098710,83108085,9375
ENSG00000138385,170648443,170668574,20131
ENSG00000189068,54544079,54567207,23128
ENSG00000168229,52734431,52743442,9011
ENSG00000161243,39481354,39523425,42071
ENSG00000272921,4714110,4771809,57699
ENSG00000101342,35504524,35522638,18114
ENSG00000122566,26229547,26241149,11602
ENSG00000165626,13480484,13570974,90490
ENSG00000143622,155867599,155881195,13596
ENSG00000147465,38001167,38008783,7616
ENSG00000183862,150906923,150913776,6853
ENSG00000106459,129251555,129396922,145367
ENSG00000162493,13909960,13944452,34492
ENSG00000214193,36771988,36790484,18496
ENSG00000161091,3538259,3574288,36029
ENSG00000105122,15562435,15575382,12947
ENSG00000182774,83205504,83209315,3811
ENSG00000119725,74353320,74399214,45894
ENSG00000248385,54573149,54584634,11485
ENSG00000238946,1519486,1519589,103
ENSG00000183760,39574553,39602133,27580
ENSG00000175324,38020839,38034248,13409
ENSG00000136813,114122972,114247025,124053
ENSG00000073150,50609160,50618723,9563
ENSG00000134222,109822178,109825808,3630
ENSG00000146731,56119323,56131682,12359
ENSG00000186594,1614805,1620468,5663
ENSG00000142694,36787632,36789755,2123
ENSG00000115839,135809835,135933964,124129
ENSG00000178567,37027357,37034795,7438
ENSG00000116883,36789335,36794822,5487
ENSG00000147381,151080981,151093642,12661
ENSG00000182544,53645035,53648189,3154
ENSG00000147174,70798261,70833433,35172
ENSG00000101347,35518632,35580246,61614
ENSG00000170909,54597933,54606000,8067
ENSG00000161031,15579456,15609767,30311
ENSG00000006007,19513015,19533467,20452
ENSG00000148702,115310596,115349361,38765
ENSG00000156735,38034051,38070819,36768
ENSG00000170638,50624344,50638027,13683
ENSG00000196182,36805225,36851497,46272
ENSG00000183397,3539152,3544028,4876
ENSG00000221986,109834987,109849663,14676
ENSG00000079337,48128455,48164823,36368
ENSG00000164024,99916771,99983964,67193
ENSG00000260836,83208783,83224682,15899
ENSG00000175857,57787262,57792917,5655
ENSG00000116731,14026693,14151574,124881
ENSG00000111254,4724674,4758213,33539
ENSG00000261086,83209620,83231124,21504
ENSG00000159648,58010339,58022020,11681
ENSG00000135476,53662083,53687427,25344
ENSG00000170906,54606036,54612564,6528
ENSG00000187527,192992579,193096632,104053
ENSG00000250127,57837394,57854070,16676
ENSG00000234196,31943870,31946255,2385
ENSG00000132680,155882834,155904191,21357
ENSG00000223865,33043703,33054978,11275
ENSG00000257733,31955270,31955515,245
ENSG00000125384,52781023,52795324,14301
ENSG00000205754,20968673,21245679,277006
ENSG00000150471,62066976,62944053,877077
ENSG00000171954,15619304,15663128,43824
ENSG00000103540,19535133,19564730,29597
ENSG00000087301,52897308,53019240,121932
ENSG00000085788,38082736,38133076,50340
ENSG00000187741,89803957,89883065,79108
ENSG00000105619,54610320,54619055,8735
ENSG00000262791,1629042,1641879,12837
ENSG00000173258,114287439,114340124,52685
ENSG00000265504,1733135,1733217,82
ENSG00000166188,58028572,58034357,5785
ENSG00000214814,124864227,125132302,268075
ENSG00000108958,1761333,1761740,407
ENSG00000134243,109852192,109940573,88381
ENSG00000213780,30875961,30881883,5922
ENSG00000163884,126061478,126076285,14807
ENSG00000243570,31989874,31996308,6434
ENSG00000149571,126293254,126873355,580101
ENSG00000132840,78365540,78385289,19749
ENSG00000115685,242088991,242123067,34076
ENSG00000173080,155911480,155912625,1145
ENSG00000164983,125324231,125384933,60702
ENSG00000262445,1898908,1906965,8057
ENSG00000103005,58033450,58055522,22072
ENSG00000228133,1921010,1924000,2990
ENSG00000262869,1923246,1926958,3712
ENSG00000214575,83211951,83317612,105661
ENSG00000262533,1946194,1946719,525
ENSG00000263050,1946769,1948262,1493
ENSG00000163885,126113782,126155399,41617
ENSG00000139180,4758261,4798454,40193
ENSG00000156931,184529931,184770402,240471
ENSG00000181817,36856839,36863493,6654
ENSG00000197894,99992132,100009952,17820
ENSG00000186810,70835766,70838367,2601
ENSG00000180376,56591189,56655846,64657
ENSG00000106853,114312002,114362135,50133
ENSG00000064961,3572775,3579086,6311
ENSG00000152932,57878048,58155213,277165
ENSG00000073169,50639408,50656045,16637
ENSG00000204131,71130938,71363424,232486
ENSG00000204661,179068545,179072047,3502
ENSG00000143106,109941653,109969062,27409
ENSG00000168255,102178365,102213103,34738
ENSG00000186591,129470572,129592789,122217
ENSG00000145040,48599160,48601206,2046
ENSG00000116885,36881428,36916086,34658
ENSG00000242732,71346958,71351758,4800
ENSG00000136052,105196331,105352522,156191
ENSG00000102287,151121596,151143152,21556
ENSG00000228259,179078298,179079445,1147
ENSG00000204659,179105584,179107975,2391
ENSG00000186529,15751707,15773635,21928
ENSG00000179627,105266933,105271049,4116
ENSG00000059769,114393632,114432508,38876
ENSG00000134571,47352957,47374253,21296
ENSG00000143028,110009180,110024759,15579
ENSG00000080839,35624752,35724398,99646
ENSG00000244115,114393666,114432509,38843
ENSG00000270249,102181948,102232891,50943
ENSG00000130669,39616410,39673456,57046
ENSG00000183665,125463048,125474391,11343
ENSG00000242616,114423615,114432526,8911
ENSG00000128159,50656118,50683421,27303
ENSG00000170881,125486979,125500155,13176
ENSG00000205238,102191679,102202755,11076
ENSG00000102996,58059470,58080805,21335
ENSG00000076242,37034823,37107380,72557
ENSG00000174238,1421012,1466110,45098
ENSG00000162650,110026101,110035426,9325
ENSG00000115414,216225163,216300895,75732
ENSG00000188505,39687601,39692524,4923
ENSG00000077264,110187513,110470589,283076
ENSG00000134954,128328656,128457453,128797
ENSG00000179751,39693471,39694906,1435
ENSG00000161610,40336078,40337470,1392
ENSG00000099814,105331617,105363107,31490
ENSG00000197110,39734246,39735646,1400
ENSG00000127022,179105629,179157926,52297
ENSG00000272395,39737773,39739219,1446
ENSG00000183709,39759154,39760732,1578
ENSG00000186204,15783567,15807984,24417
ENSG00000257062,21200113,21329829,129716
ENSG00000174151,110036674,110045554,8880
ENSG00000182393,39786965,39789313,2348
ENSG00000128011,39797208,39805976,8768
ENSG00000165181,114448453,114557288,108835
ENSG00000179598,17104309,17109629,5320
ENSG00000134538,21284136,21392180,108044
ENSG00000253379,72315675,72504260,188585
ENSG00000147687,125500726,125551699,50973
ENSG00000167925,40340817,40346531,5714
ENSG00000105808,102220093,102257204,37111
ENSG00000103723,83328033,83378666,50633
ENSG00000181754,110046797,110052360,5563
ENSG00000229363,31996311,32003316,7005
ENSG00000151702,128556430,128683162,126732
ENSG00000235531,72740402,73030628,290226
ENSG00000070761,58147496,58163354,15858
ENSG00000114270,48601506,48632700,31194
ENSG00000130755,39818993,39833012,14019
ENSG00000178860,72753784,72756703,2919
ENSG00000103544,19566562,19718115,151553
ENSG00000156097,110082494,110091028,8534
ENSG00000150672,83166055,85338966,2172911
ENSG00000091732,129658126,129691291,33165
ENSG00000148154,114659046,114697649,38603
ENSG00000152518,43449541,43453748,4207
ENSG00000242441,48844937,48960287,115350
ENSG00000070770,58191811,58231824,40013
ENSG00000105618,54618837,54635140,16303
ENSG00000116898,36921319,36930038,8719
ENSG00000065135,110091233,110136975,45742
ENSG00000146205,242127924,242164792,36868
ENSG00000113448,58264865,59817947,1553082
ENSG00000197893,115348475,115423886,75411
ENSG00000104321,72932152,72987852,55700
ENSG00000264187,17105963,17140499,34536
ENSG00000177951,167784,207428,39644
ENSG00000269846,35724188,35725581,1393
ENSG00000084453,21417534,21572528,154994
ENSG00000103021,58265061,58317740,52679
ENSG00000152527,43864412,43995126,130714
ENSG00000198099,100044808,100078949,34141
ENSG00000154803,17115526,17140502,24976
ENSG00000134183,110145889,110155679,9790
ENSG00000161021,179159851,179223512,63661
ENSG00000171942,15838834,15839862,1028
ENSG00000171936,15852203,15853153,950
ENSG00000205678,65140975,65275186,134211
ENSG00000116584,155916630,155976861,60231
ENSG00000172519,15904761,15905892,1131
ENSG00000004975,7128660,7137864,9204
ENSG00000186723,15917817,15918936,1119
ENSG00000179134,39833036,39876350,43314
ENSG00000213316,179220981,179223648,2667
ENSG00000106868,114803065,114937688,134623
ENSG00000124260,151301782,151307033,5251
ENSG00000186115,15988833,16008930,20097
ENSG00000182674,73449626,73850584,400958
ENSG00000070476,126156444,126194762,38318
ENSG00000179855,3585551,3593539,7988
ENSG00000101353,35729629,35807991,78362
ENSG00000006638,3594504,3606838,12334
ENSG00000172955,100123795,100140694,16899
ENSG00000088038,54641444,54659419,17975
ENSG00000147601,73921099,73960357,39258
ENSG00000167703,1472561,1532180,59619
ENSG00000204991,89884587,89937727,53140
ENSG00000081148,100941390,101039404,98014
ENSG00000092098,24615892,24629870,13978
ENSG00000166153,100597447,100660857,63410
ENSG00000119535,36931644,36948879,17235
ENSG00000103023,58313901,58328951,15050
ENSG00000180998,53019866,53104431,84565
ENSG00000123349,53689075,53693234,4159
ENSG00000189337,14925200,15444539,519339
ENSG00000011677,151334706,151619830,285124
ENSG00000181938,58328984,58440048,111064
ENSG00000105298,3610639,3626813,16174
ENSG00000100429,50683612,50689834,6222
ENSG00000267200,1953202,1953302,100
ENSG00000267195,1953565,1953674,109
ENSG00000188076,193080,194573,1493
ENSG00000127920,93551011,93557922,6911
ENSG00000262810,1992975,2004854,11879
ENSG00000262402,2030724,2031198,474
ENSG00000265777,2103056,2103331,275
ENSG00000236838,2116991,2117708,717
ENSG00000236457,2118776,2119309,533
ENSG00000147684,125551344,125580751,29407
ENSG00000225084,2135974,2136904,930
ENSG00000262333,2210055,2211009,954
ENSG00000177947,196738,200261,3523
ENSG00000066336,47376411,47400127,23716
ENSG00000118705,35806813,35870022,63209
ENSG00000119314,114980715,115095947,115232
ENSG00000171729,15479028,15546976,67948
ENSG00000121988,135894486,136288806,394320
ENSG00000105829,93592074,93633694,41620
ENSG00000173757,40351186,40428725,77539
ENSG00000187758,100197524,100212185,14661
ENSG00000166428,105391153,105399574,8421
ENSG00000105617,54658899,54663620,4721
ENSG00000204464,15490840,15497813,6973
ENSG00000171903,16023177,16045677,22500
ENSG00000211584,48147699,48176536,28837
ENSG00000145242,66185281,66536213,350932
ENSG00000138382,170666591,170681441,14850
ENSG00000151704,128706210,128737268,31058
ENSG00000147402,151806637,151825999,19362
ENSG00000116337,110158726,110174673,15947
ENSG00000212552,2232413,2232507,94
ENSG00000177963,207511,215113,7602
ENSG00000122565,26240782,26252976,12194
ENSG00000127249,193119866,193310900,191034
ENSG00000212163,2233570,2233664,94
ENSG00000165886,99258625,99330966,72341
ENSG00000186111,3630181,3700477,70296
ENSG00000165915,47428683,47438047,9364
ENSG00000263345,2278355,2282600,4245
ENSG00000164692,94023873,94060544,36671
ENSG00000120457,128761251,128790930,29679
ENSG00000186628,83424114,83474822,50708
ENSG00000145692,78407602,78428108,20506
ENSG00000129103,56131695,56148363,16668
ENSG00000119471,115142217,115234690,92473
ENSG00000174370,128769460,128775930,6470
ENSG00000136021,100660918,100735502,74584
ENSG00000077274,110488331,110513751,25420
ENSG00000262456,2288141,2289958,1817
ENSG00000156232,83478380,83503611,25231
ENSG00000243049,2461096,2461388,292
ENSG00000262953,2489624,2491160,1536
ENSG00000262480,2516578,2517238,660
ENSG00000239024,2558973,2559076,103
ENSG00000239884,2584242,2584528,286
ENSG00000141030,17150141,17184607,34466
ENSG00000120471,128804626,128813040,8414
ENSG00000086300,26331541,26413949,82408
ENSG00000164764,73976775,74036323,59548
ENSG00000230185,115196096,115249484,53388
ENSG00000167608,54663846,54676944,13098
ENSG00000122548,26572740,26578407,5667
ENSG00000103942,83509838,83654661,144823
ENSG00000222004,26677490,26686889,9399
ENSG00000170873,125563031,125740730,177699
ENSG00000163873,37261128,37499730,238602
ENSG00000147604,74202506,74208024,5518
ENSG00000165185,115249127,115431677,182550
ENSG00000006712,39876492,39881835,5343
ENSG00000134460,6052652,6104288,51636
ENSG00000138468,101043049,101232085,189036
ENSG00000115677,242166679,242256476,89797
ENSG00000232616,32003304,32013975,10671
ENSG00000148153,115446206,115480516,34310
ENSG00000168765,110198703,110208118,9415
ENSG00000005020,26706681,27034858,328177
ENSG00000142621,15573768,15726779,153011
ENSG00000163479,155978839,155990750,11911
ENSG00000118702,35879489,35890238,10749
ENSG00000105289,3708107,3750811,42704
ENSG00000137411,30876019,30894236,18217
ENSG00000159650,126200124,126236616,36492
ENSG00000148158,115513118,115643951,130833
ENSG00000101363,35918041,35945663,27622
ENSG00000163946,56654161,56717265,63104
ENSG00000077279,110537007,110655603,118596
ENSG00000197930,53106634,53162618,55984
ENSG00000269167,31956131,31957067,936
ENSG00000119457,115641200,115653193,11993
ENSG00000259529,24620427,24636611,16184
ENSG00000205236,102222970,102283316,60346
ENSG00000128607,129710350,129775560,65210
ENSG00000136866,115800660,115819039,18379
ENSG00000196616,100226121,100242558,16437
ENSG00000255639,4766800,4853747,86947
ENSG00000134909,128834955,129149219,314264
ENSG00000103550,19714902,19729557,14655
ENSG00000141002,89940000,89977792,37792
ENSG00000136867,115913222,115926417,13195
ENSG00000165630,13628927,13672868,43941
ENSG00000197122,35973088,36034453,61365
ENSG00000130035,4829507,4960277,130770
ENSG00000213928,24630262,24635774,5512
ENSG00000224313,32014034,32016516,2482
ENSG00000165916,47440320,47447993,7673
ENSG00000040633,7138347,7143041,4694
ENSG00000145241,68337521,68411324,73803
ENSG00000197172,151867214,151870825,3611
ENSG00000213366,110210644,110252171,41527
ENSG00000151079,4918342,4960277,41935
ENSG00000111262,5019071,5040527,21456
ENSG00000126561,40439565,40463961,24396
ENSG00000171204,85339629,85347580,7951
ENSG00000185567,105403581,105444694,41113
ENSG00000169612,83654959,83659809,4850
ENSG00000130037,5153085,5155949,2864
ENSG00000174628,19727778,19868907,141129
ENSG00000105991,27132612,27135615,3003
ENSG00000183305,151883082,151887096,4014
ENSG00000165887,99332198,99343641,11443
ENSG00000074660,1537152,1549041,11889
ENSG00000119321,115923286,115983641,60355
ENSG00000121039,74206847,74237516,30669
ENSG00000236625,31964725,31979014,14289
ENSG00000163874,37940153,37949980,9827
ENSG00000160803,156005092,156023585,18493
ENSG00000169609,83657193,83680393,23200
ENSG00000139637,53693470,53700961,7491
ENSG00000248144,100257649,100274184,16535
ENSG00000142082,215458,236931,21473
ENSG00000171202,85359011,85367591,8580
ENSG00000241935,99344080,99372559,28479
ENSG00000100519,53173890,53195305,21415
ENSG00000121351,21507893,21532912,25019
ENSG00000268965,76422409,76422834,425
ENSG00000011132,3750817,3761697,10880
ENSG00000268470,76494911,76499138,4227
ENSG00000142634,15736391,15756839,20448
ENSG00000163875,37958176,37980375,22199
ENSG00000136868,115983808,116028674,44866
ENSG00000166619,36120874,36156333,35459
ENSG00000134184,110230436,110251661,21225
ENSG00000196344,100333418,100356894,23476
ENSG00000188130,50683879,50700254,16375
ENSG00000156050,74398204,74417117,18913
ENSG00000176386,116018115,116037869,19754
ENSG00000063322,39881943,39891277,9334
ENSG00000151131,105380088,105443515,63427
ENSG00000137504,85370752,85393951,23199
ENSG00000161013,179224597,179233952,9355
ENSG00000213401,151899293,151903184,3891
ENSG00000258839,89978527,89987385,8858
ENSG00000125505,54677107,54693733,16626
ENSG00000146842,129804555,129847610,43055
ENSG00000043039,129245835,129322171,76336
ENSG00000064726,83685174,83736106,50932
ENSG00000185652,5541278,5630702,89424
ENSG00000136875,116037623,116055185,17562
ENSG00000180938,125985540,125991631,6091
ENSG00000121350,21590549,21623300,32751
ENSG00000167191,19868616,19897489,28873
ENSG00000128016,39897453,39900052,2599
ENSG00000163877,38000050,38019903,19853
ENSG00000162438,15764935,15775737,10802
ENSG00000134201,110254864,110318050,63186
ENSG00000138813,100432161,100463460,31299
ENSG00000198211,89985573,90002500,16927
ENSG00000053438,36149617,36152092,2475
ENSG00000116586,156024543,156028301,3758
ENSG00000163879,38022520,38032458,9938
ENSG00000179071,85394893,85397320,2427
ENSG00000108669,76670130,76778379,108249
ENSG00000183617,3762662,3768573,5911
ENSG00000204248,33130458,33160276,29818
ENSG00000165188,116059373,116065656,6283
ENSG00000198930,151903228,151909518,6290
ENSG00000173976,3769087,3772233,3146
ENSG00000140104,105452112,105476819,24707
ENSG00000138036,44001178,44037149,35971
ENSG00000047617,5641035,6055398,414363
ENSG00000151715,129685714,129729898,44184
ENSG00000103034,58496750,58547532,50782
ENSG00000165917,47459308,47470730,11422
ENSG00000104549,126010739,126034525,23786
ENSG00000136404,83776159,83813606,37447
ENSG00000136010,105413568,105478355,64787
ENSG00000180767,126243126,126262134,19008
ENSG00000134202,110276554,110284384,7830
ENSG00000093167,37094117,37225180,131063
ENSG00000226033,32015399,32025671,10272
ENSG00000118507,131456806,131604675,147869
ENSG00000180697,126245842,126277808,31966
ENSG00000148225,116075502,116102578,27076
ENSG00000132698,156030951,156040295,9344
ENSG00000258947,89987800,90005169,17369
ENSG00000197763,126290622,126373998,83376
ENSG00000119723,74416629,74430373,13744
ENSG00000170892,54693789,54697585,3796
ENSG00000184750,151918387,151922364,3977
ENSG00000007264,3777971,3802127,24156
ENSG00000112855,140071011,140078889,7878
ENSG00000110799,6058040,6233936,175896
ENSG00000040341,74332604,74659943,327339
ENSG00000061273,48176505,48226915,50410
ENSG00000118520,131894284,131905472,11188
ENSG00000119411,116111821,116133513,21692
ENSG00000254726,156041804,156051789,9985
ENSG00000132792,36322408,36500531,178123
ENSG00000179520,100750857,100815837,64980
ENSG00000145331,100467866,100485189,17323
ENSG00000119431,116135699,116139279,3580
ENSG00000170322,129733531,129765485,31954
ENSG00000198758,110292702,110306649,13947
ENSG00000180269,20042807,20085239,42432
ENSG00000272770,2586599,2588382,1783
ENSG00000272911,2591767,2592254,487
ENSG00000262050,2615603,2616127,524
ENSG00000105996,27139721,27142430,2709
ENSG00000261963,2627714,2652714,25000
ENSG00000272920,2651372,2651476,104
ENSG00000221200,2651372,2651476,104
ENSG00000265566,2657126,2657430,304
ENSG00000262884,2865542,2869189,3647
ENSG00000142163,3019717,3020660,943
ENSG00000148218,116148597,116163613,15016
ENSG00000261848,3038263,3080325,42062
ENSG00000268012,78523714,78523911,197
ENSG00000227746,32058986,32079643,20657
ENSG00000166503,83784320,83876770,92450
ENSG00000152409,78532012,78623038,91026
ENSG00000167705,1549444,1553371,3927
ENSG00000048991,136289025,136482840,193815
ENSG00000149187,47487496,47587121,99625
ENSG00000134453,6130950,6159420,28470
ENSG00000262085,3057183,3058176,993
ENSG00000232414,31981894,31985266,3372
ENSG00000255095,3143970,3144908,938
ENSG00000132821,36531499,36573752,42253
ENSG00000262106,3168905,3169835,930
ENSG00000164961,126036502,126104082,67580
ENSG00000164776,56148440,56160689,12249
ENSG00000161011,179233388,179265078,31690
ENSG00000169347,20320894,20339130,18236
ENSG00000148229,116169515,116172952,3437
ENSG00000094914,53701240,53718648,17408
ENSG00000100918,24641062,24649463,8401
ENSG00000134697,38032417,38061536,29119
ENSG00000090924,39903225,39919054,15829
ENSG00000004700,21621845,21654603,32758
ENSG00000101407,36611409,36661870,50461
ENSG00000176231,16059818,16060768,950
ENSG00000263169,90795584,90796324,740
ENSG00000157653,116172334,116191964,19630
ENSG00000263283,90802650,90805117,2467
ENSG00000198252,53196898,53241716,44818
ENSG00000267368,102277472,102283238,5766
ENSG00000146007,140078265,140086248,7983
ENSG00000273326,10954131,10955226,1095
ENSG00000100522,53241912,53258386,16474
ENSG00000169594,83924655,83953466,28811
ENSG00000221867,151934652,151938240,3588
ENSG00000169218,38076951,38100595,23644
ENSG00000170889,54704610,54752862,48252
ENSG00000155252,99344131,99436191,92060
ENSG00000105278,3804022,3869030,65008
ENSG00000228049,102277474,102312076,34602
ENSG00000184371,110452864,110473614,20750
ENSG00000204970,140165876,140391929,226053
ENSG00000167460,16177831,16213813,35982
ENSG00000144357,170683968,170940641,256673
ENSG00000012504,100867486,100958191,90705
ENSG00000267645,102277496,102312088,34592
ENSG00000272712,10958650,10959892,1242
ENSG00000140600,84115980,84287495,171515
ENSG00000105997,27145803,27192200,46397
ENSG00000185386,50702142,50709196,7054
ENSG00000273086,10961736,10962767,1031
ENSG00000173678,102290772,102301847,11075
ENSG00000116922,38147242,38157914,10672
ENSG00000263247,10977559,11356160,378601
ENSG00000138039,48859428,48982880,123452
ENSG00000197576,27168126,27170418,2292
ENSG00000138823,100484918,100545156,60238
ENSG00000106004,27180671,27183287,2616
ENSG00000170296,7143333,7146089,2756
ENSG00000101413,36661948,36720768,58820
ENSG00000170779,105475910,105487485,11575
ENSG00000101901,110909043,111003877,94834
ENSG00000106006,27185015,27190222,5207
ENSG00000174231,1553923,1588176,34253
ENSG00000249967,99344131,99433667,89536
ENSG00000185627,236546,252983,16437
ENSG00000165120,129847700,129856683,8983
ENSG00000122592,27193335,27197555,4220
ENSG00000203942,99349450,99350690,1240
ENSG00000262670,3182069,3289633,107564
ENSG00000180068,3213539,3214740,1201
ENSG00000147400,151995517,151999321,3804
ENSG00000272546,3214487,3215186,699
ENSG00000078399,27202054,27210117,8063
ENSG00000073712,53323986,53419153,95167
ENSG00000267129,3280821,3280896,75
ENSG00000137501,85405267,85522184,116917
ENSG00000158516,129906667,129929638,22971
ENSG00000171160,99374310,99393344,19034
ENSG00000257184,27203154,27219632,16478
ENSG00000222011,102389418,102449672,60254
ENSG00000167461,16222439,16245044,22605
ENSG00000169344,20344374,20367623,23249
ENSG00000147383,151999511,152038273,38762
ENSG00000272805,10977916,10978957,1041
ENSG00000253293,27210210,27219880,9670
ENSG00000204577,54720147,54746602,26455
ENSG00000152413,78668459,78810040,141581
ENSG00000273457,11060525,11062161,1636
ENSG00000272803,11081835,11084940,3105
ENSG00000168710,110527308,110566357,39049
ENSG00000183484,105515728,105531782,16054
ENSG00000261984,11090005,11356120,266115
ENSG00000005073,27221129,27224842,3713
ENSG00000231608,31984751,32061164,76413
ENSG00000174173,101280706,101285290,4584
ENSG00000273431,11138512,11139511,999
ENSG00000156218,84322838,84708594,385756
ENSG00000180042,3289224,3290132,908
ENSG00000262526,7143746,7147954,4208
ENSG00000273092,11149094,11150474,1380
ENSG00000106031,27233122,27239725,6603
ENSG00000273404,10954131,10955226,1095
ENSG00000263028,11174218,11175219,1001
ENSG00000263338,3481249,3482147,898
ENSG00000206483,126290625,126327398,36773
ENSG00000263097,11182986,11184006,1020
ENSG00000273359,10958650,10959892,1242
ENSG00000106153,56169262,56174269,5007
ENSG00000261916,3505055,3505566,511
ENSG00000262248,3522550,3523207,657
ENSG00000119986,99437181,99447080,9899
ENSG00000272930,10961736,10962767,1031
ENSG00000106038,27282164,27290112,7948
ENSG00000262903,3558915,3561386,2471
ENSG00000196576,50713408,50746056,32648
ENSG00000262525,11213964,11214893,929
ENSG00000205309,17206649,17250977,44328
ENSG00000196684,16244838,16269386,24548
ENSG00000262612,11243907,11244933,1026
ENSG00000105193,39923847,39926588,2741
ENSG00000226858,29636767,29645520,8753
ENSG00000262111,11317505,11319191,1686
ENSG00000272718,10983673,10984615,942
ENSG00000263040,10977559,11320498,342939
ENSG00000127995,94138531,94186331,47800
ENSG00000155254,99472930,99477907,4977
ENSG00000138835,116207011,116360018,153007
ENSG00000272751,11047542,11048481,939
ENSG00000273144,11117024,11117951,927
ENSG00000159685,126423063,126679249,256186
ENSG00000263158,11200931,11201855,924
ENSG00000224838,59726565,59726939,374
ENSG00000010278,6308881,6347425,38544
ENSG00000167654,3879862,3928077,48215
ENSG00000240898,3568514,3568996,482
ENSG00000263083,11229368,11231770,2402
ENSG00000035720,68424446,68473055,48609
ENSG00000262692,3624922,3625782,860
ENSG00000262358,3632655,3633787,1132
ENSG00000175826,7146910,7155810,8900
ENSG00000262194,3705459,3706676,1217
ENSG00000262758,3710042,3712148,2106
ENSG00000263312,3880397,3885193,4796
ENSG00000252456,3960050,3960170,120
ENSG00000141977,16272179,16284336,12157
ENSG00000112282,131895106,131949369,54263
ENSG00000238807,4017902,4018004,102
ENSG00000263165,4067204,4068007,803
ENSG00000251812,4089621,4089719,98
ENSG00000213619,47586888,47606114,19226
ENSG00000207390,4096063,4096160,97
ENSG00000263219,4125386,4127123,1737
ENSG00000261868,4204667,4205993,1326
ENSG00000263882,4267463,4267748,285
ENSG00000262823,4385261,4389648,4387
ENSG00000204969,140174444,140391929,217485
ENSG00000170325,129769601,129872730,103129
ENSG00000111711,21654715,21671342,16627
ENSG00000105058,16296191,16302857,6666
ENSG00000035499,59892739,59996017,103278
ENSG00000143093,110574199,110617263,43064
ENSG00000198959,36756863,36794980,38117
ENSG00000128510,129932974,129964020,31046
ENSG00000169340,20370492,20416059,45567
ENSG00000010256,48636435,48648409,11974
ENSG00000239665,13652047,13710299,58252
ENSG00000081154,101292939,101313281,20342
ENSG00000160789,156052364,156109880,57516
ENSG00000110536,47586982,47595013,8031
ENSG00000142615,15783223,15798586,15363
ENSG00000033178,68478370,68566897,88527
ENSG00000077009,3933101,3942414,9313
ENSG00000235134,32082523,32085891,3368
ENSG00000141026,17380300,17396540,16240
ENSG00000164329,78907943,78982471,74528
ENSG00000262293,11249795,11249890,95
ENSG00000215704,15792404,15817895,25491
ENSG00000147394,152082986,152142024,59038
ENSG00000149633,36838890,36889174,50284
ENSG00000123444,47593749,47600567,6818
ENSG00000185290,56182374,56184093,1719
ENSG00000140995,90014333,90034468,20135
ENSG00000183549,20420856,20452658,31802
ENSG00000156150,110602616,110613322,10706
ENSG00000268427,50714103,50714350,247
ENSG00000170525,6186881,6277495,90614
ENSG00000185177,57187321,57207571,20250
ENSG00000072958,16308389,16346160,37771
ENSG00000186150,110655062,110656569,1507
ENSG00000229782,4400689,4402969,2280
ENSG00000262921,4469047,4475055,6008
ENSG00000182111,57509883,57533252,23369
ENSG00000262519,4475501,4475810,309
ENSG00000259511,84841242,84850986,9744
ENSG00000261863,4513744,4520945,7201
ENSG00000222429,4523044,4523147,103
ENSG00000134690,38158090,38175391,17301
ENSG00000230000,62809239,62812151,2912
ENSG00000273279,10977916,10978957,1041
ENSG00000268181,62858414,62858860,446
ENSG00000235085,4578674,4600126,21452
ENSG00000205593,50747459,50765489,18030
ENSG00000184916,105607318,105635161,27843
ENSG00000273105,11060525,11062161,1636
ENSG00000257482,63505821,63538927,33106
ENSG00000197106,110693108,110744824,51716
ENSG00000244184,4607525,4608824,1299
ENSG00000273050,11081835,11084940,3105
ENSG00000255408,140180783,140391929,211146
ENSG00000213939,4608111,4608512,401
ENSG00000197123,63688852,63727309,38457
ENSG00000196497,24649425,24658170,8745
ENSG00000262103,11090005,11320458,230453
ENSG00000261898,4635051,4635666,615
ENSG00000101425,36888551,36965907,77356
ENSG00000262165,4704454,4710308,5854
ENSG00000230201,4760052,4760669,617
ENSG00000167657,3958451,3971121,12670
ENSG00000272952,11138512,11139511,999
ENSG00000234444,63767837,63815238,47401
ENSG00000204967,140186659,140391929,205270
ENSG00000272873,11149094,11150474,1380
ENSG00000157657,116638562,116818871,180309
ENSG00000262393,11174217,11175218,1001
ENSG00000263599,4778921,4779205,284
ENSG00000264113,4786270,4786591,321
ENSG00000262429,4871290,4872117,827
ENSG00000109163,68605046,68620078,15032
ENSG00000132906,15817327,15853029,35702
ENSG00000262379,11183296,11184316,1020
ENSG00000234203,4876146,4877976,1830
ENSG00000163947,56761446,57113357,351911
ENSG00000262889,11216134,11217063,929
ENSG00000262678,4889761,4890619,858
ENSG00000262908,11281895,11283582,1687
ENSG00000258677,74600926,74791089,190163
ENSG00000203562,4890302,4890972,670
ENSG00000204965,140201222,140391929,190707
ENSG00000262227,4891001,4891741,740
ENSG00000174885,278365,285359,6994
ENSG00000272868,10983673,10984615,942
ENSG00000227495,4922509,4923388,879
ENSG00000248713,100557686,100575805,18119
ENSG00000108551,17397751,17399709,1958
ENSG00000272590,11047542,11048481,939
ENSG00000262495,4963651,4965418,1767
ENSG00000273191,11117024,11117951,927
ENSG00000262431,11201237,11202161,924
ENSG00000262324,11232340,11233269,929
ENSG00000116396,110753965,110825722,71757
ENSG00000184206,84904525,84914120,9595
ENSG00000262693,4978973,4981408,2435
ENSG00000262233,11245762,11246691,929
ENSG00000070190,100737990,100791311,53321
ENSG00000161040,102453308,102715286,261978
ENSG00000103037,58549383,58554431,5048
ENSG00000244482,54720737,54746649,25912
ENSG00000234327,5014763,5017674,2911
ENSG00000183317,38179552,38230805,51253
ENSG00000161010,179261436,179289173,27737
ENSG00000106927,116822407,116840752,18345
ENSG00000261885,11307670,11308579,909
ENSG00000155256,99496878,99520664,23786
ENSG00000081842,140207563,140391929,184366
ENSG00000262042,11311985,11312049,64
ENSG00000263019,11314975,11320238,5263
ENSG00000262396,11320249,11320450,201
ENSG00000008323,6419602,6437672,18070
ENSG00000104343,74692332,74791145,98813
ENSG00000187068,184795838,184870802,74964
ENSG00000156831,126103921,126379362,275441
ENSG00000204963,140213969,140391929,177960
ENSG00000134548,21679241,21690311,11070
ENSG00000114554,126707437,126756235,48798
ENSG00000127528,16435628,16438685,3057
ENSG00000183747,20462783,20498991,36208
ENSG00000136883,116848406,116861507,13101
ENSG00000206258,32085376,32161818,76442
ENSG00000162775,110881128,110889299,8171
ENSG00000176371,85144217,85171027,26810
ENSG00000204962,140220907,140391929,171022
ENSG00000111713,21689123,21757781,68658
ENSG00000185090,38259474,38266809,7335
ENSG00000116138,15853308,15918874,65566
ENSG00000113790,184908412,184999778,91366
ENSG00000268485,242167319,242168850,1531
ENSG00000109270,100799493,100815647,16154
ENSG00000231880,47599277,47599823,546
ENSG00000262829,11267953,11268873,920
ENSG00000261936,11281388,11282317,929
ENSG00000204961,140227048,140391929,164881
ENSG00000261853,11343332,11344241,909
ENSG00000066422,101367733,101396339,28606
ENSG00000196666,47608198,47610746,2548
ENSG00000263128,11347647,11347711,64
ENSG00000262531,11350637,11355900,5263
ENSG00000262986,11355911,11356112,201
ENSG00000137403,29684537,29700280,15743
ENSG00000173041,63980262,64023484,43222
ENSG00000267981,129936836,129944012,7176
ENSG00000172247,47611216,47616211,4995
ENSG00000153802,68686594,68749750,63156
ENSG00000250120,140235595,140391929,156334
ENSG00000114391,101399935,101405626,5691
ENSG00000129988,36974759,37005665,30906
ENSG00000106049,27565061,27702614,137553
ENSG00000262302,7150148,7165408,15260
ENSG00000196235,39926796,39967310,40514
ENSG00000173334,126442563,126450647,8084
ENSG00000249034,140240341,140243224,2883
ENSG00000116771,15898848,15911605,12757
ENSG00000196247,64126511,64171404,44893
ENSG00000127990,94214542,94285521,70979
ENSG00000249158,140248689,140391929,143240
ENSG00000109919,47638867,47664175,25308
ENSG00000167658,3976054,3985467,9413
ENSG00000196739,116917840,117074791,156951
ENSG00000133027,17408877,17495022,86145
ENSG00000259938,101459219,101927238,468019
ENSG00000197312,15943995,15995539,51544
ENSG00000164031,100817405,100867883,50478
ENSG00000168679,110905470,110933704,28234
ENSG00000187054,68775103,68829858,54755
ENSG00000100523,53510686,53620000,109314
ENSG00000215695,15986364,15988217,1853
ENSG00000262855,5030035,5030305,270
ENSG00000215504,85563600,85565986,2386
ENSG00000111716,21788276,21910791,122515
ENSG00000261879,5095379,5151364,55985
ENSG00000168468,32041705,32071805,30100
ENSG00000177082,85185999,85197574,11575
ENSG00000263164,5143803,5144838,1035
ENSG00000263220,5267610,5274921,7311
ENSG00000168672,127564687,127570638,5951
ENSG00000263272,5328459,5336196,7737
ENSG00000105229,4007644,4039384,31740
ENSG00000170291,7154735,7163259,8524
ENSG00000212993,128426535,128432311,5776
ENSG00000154582,74851404,74884522,33118
ENSG00000150676,85566144,85631064,64920
ENSG00000183396,48658192,48659288,1096
ENSG00000267824,20499024,20500981,1957
ENSG00000136997,128747680,128753674,5994
ENSG00000168610,40465342,40540586,75244
ENSG00000055483,76783463,76837523,54060
ENSG00000229314,117085336,117088755,3419
ENSG00000134248,110943871,110950564,6693
ENSG00000256655,128959126,128960591,1465
ENSG00000105609,54754263,54761164,6901
ENSG00000198092,68918916,68995598,76682
ENSG00000187097,74424713,74486102,61389
ENSG00000147697,130760442,130799134,38692
ENSG00000197008,64254766,64294054,39288
ENSG00000226894,69054242,69083798,29556
ENSG00000084234,129939732,130014699,74967
ENSG00000251664,140255058,140391929,136871
ENSG00000142102,289135,296107,6972
ENSG00000143125,110993822,110999976,6154
ENSG00000127527,16466050,16582896,116846
ENSG00000185873,69092371,69111438,19067
ENSG00000158525,129984630,130008571,23941
ENSG00000228278,117092149,117095532,3383
ENSG00000164032,100869243,100871545,2302
ENSG00000143105,111059839,111061797,1958
ENSG00000100239,50781733,50883514,101781
ENSG00000116786,16010827,16061264,50437
ENSG00000144674,37284668,37408242,123574
ENSG00000121361,21917889,21928515,10626
ENSG00000182504,101442769,101489406,46637
ENSG00000072315,111017543,111326004,308461
ENSG00000239389,140261793,140391929,130136
ENSG00000206013,298200,299526,1326
ENSG00000066813,20547548,20587749,40201
ENSG00000177301,111136202,111174096,37894
ENSG00000185201,307631,315272,7641
ENSG00000175606,74884672,74895018,10346
ENSG00000168385,242254515,242293442,38927
ENSG00000196260,30899130,30899952,822
ENSG00000177272,111214310,111217655,3345
ENSG00000185885,313506,315272,1766
ENSG00000248383,140306302,140391929,85627
ENSG00000142089,319669,327537,7868
ENSG00000143119,111415775,111442550,26775
ENSG00000224200,32072259,32073843,1584
ENSG00000205147,4041127,4043154,2027
ENSG00000108557,17584787,17714767,129980
ENSG00000144224,136499189,136542625,43436
ENSG00000170471,37101459,37207504,106045
ENSG00000178951,4044362,4066943,22581
ENSG00000165923,47681143,47736941,55798
ENSG00000182272,369796,382116,12320
ENSG00000214324,126911974,126917025,5051
ENSG00000196189,156117157,156147543,30386
ENSG00000225141,32091910,32097926,6016
ENSG00000071909,171034655,171511681,477026
ENSG00000196449,38268616,38273857,5241
ENSG00000121931,111489807,111506701,16894
ENSG00000177946,90036206,90038942,2736
ENSG00000069431,21950335,22094336,144001
ENSG00000144815,101498046,101547073,49027
ENSG00000197982,38272651,38275126,2475
ENSG00000083896,69176105,69215807,39702
ENSG00000126934,4090319,4124126,33807
ENSG00000153310,130851839,131029375,177536
ENSG00000003249,90071273,90086536,15263
ENSG00000243232,140345820,140391936,46116
ENSG00000073803,185000729,185206885,206156
ENSG00000168631,30908749,30921998,13249
ENSG00000106948,117096436,117156685,60249
ENSG00000188786,38275239,38325292,50053
ENSG00000128606,102553438,102585396,31958
ENSG00000197696,85198360,85201794,3434
ENSG00000204544,30951495,30957680,6185
ENSG00000225697,48663156,48672926,9770
ENSG00000230610,38292232,38293886,1654
ENSG00000245317,179286013,179288283,2270
ENSG00000163870,127291912,127317094,25182
ENSG00000184363,392614,404908,12294
ENSG00000156171,111659955,111682838,22883
ENSG00000187823,111697727,111700473,2746
ENSG00000261272,30978251,31003179,24928
ENSG00000136051,105501102,105562912,61810
ENSG00000204542,31079000,31080336,1336
ENSG00000100241,50883429,50913454,30025
ENSG00000182508,111873876,111923375,49499
ENSG00000242265,94285637,94299007,13370
ENSG00000073921,85668727,85780924,112197
ENSG00000145358,101107027,101111939,4912
ENSG00000140612,85212775,85259947,47172
ENSG00000185561,1611064,1613732,2668
ENSG00000204540,31082527,31107869,25342
ENSG00000154589,74903587,74941322,37735
ENSG00000262099,5372412,5373680,1268
ENSG00000253071,5417529,5417590,61
ENSG00000262961,5633609,5634405,796
ENSG00000005187,20621565,20808903,187338
ENSG00000228116,32096994,32101885,4891
ENSG00000262231,6092681,6093861,1180
ENSG00000206618,6110483,6110589,106
ENSG00000262609,6225733,6226548,815
ENSG00000262818,6321005,6321584,579
ENSG00000131042,54777675,54785039,7364
ENSG00000170632,102715328,102740205,24877
ENSG00000200914,6504264,6504371,107
ENSG00000256806,6555059,6556617,1558
ENSG00000183828,105639275,105647660,8385
ENSG00000138075,44039611,44066004,26393
ENSG00000182035,37209838,37217106,7268
ENSG00000164035,101316498,101801283,484785
ENSG00000197226,179289066,179334859,45793
ENSG00000106052,27778950,27884183,105233
ENSG00000204084,38326369,38412729,86360
ENSG00000164181,60047618,60140216,92598
ENSG00000268069,48178706,48179787,1081
ENSG00000124143,37230577,37279678,49101
ENSG00000171815,140430979,140433512,2533
ENSG00000164309,78985700,79096063,110363
ENSG00000141013,90086037,90111383,25346
ENSG00000112852,140474227,140476962,2735
ENSG00000126016,112017731,112084043,66312
ENSG00000134255,111682249,111727724,45475
ENSG00000095397,117164360,117267730,103370
ENSG00000101438,37353105,37358015,4910
ENSG00000113205,140480234,140483406,3172
ENSG00000181885,7163222,7167302,4080
ENSG00000198039,64330550,64391344,60794
ENSG00000261996,6556783,6558328,1545
ENSG00000160785,156163880,156182587,18707
ENSG00000264468,6558759,6558828,69
ENSG00000081818,140501581,140505201,3620
ENSG00000262990,6653004,6653297,293
ENSG00000162461,16062900,16067891,4991
ENSG00000101442,37377085,37400834,23749
ENSG00000244283,6653037,6653507,470
ENSG00000060566,4153598,4173051,19453
ENSG00000113209,140514800,140517703,2903
ENSG00000263090,39382900,39383904,1004
ENSG00000139354,100967461,101022064,54603
ENSG00000162460,16068917,16074477,5560
ENSG00000198883,152157368,152162671,5303
ENSG00000262749,39388714,39389705,991
ENSG00000213922,39930212,39932082,1870
ENSG00000262512,39405871,39406837,966
ENSG00000158528,94536514,94925727,389213
ENSG00000115850,136545410,136594750,49340
ENSG00000228628,32142344,32172461,30117
ENSG00000262943,6757180,6857426,100246
ENSG00000267728,39411573,39412558,985
ENSG00000267635,39421610,39422134,524
ENSG00000109920,47738072,47788995,50923
ENSG00000136888,117350026,117360653,10627
ENSG00000183837,152224766,152228827,4061
ENSG00000104369,75146935,75233563,86628
ENSG00000204539,31082867,31088223,5356
ENSG00000166716,85291866,85349659,57793
ENSG00000261516,144766622,144796068,29446
ENSG00000235961,152240819,152243399,2580
ENSG00000111424,48235320,48336831,101511
ENSG00000204538,31105313,31107127,1814
ENSG00000259885,101928441,101964991,36550
ENSG00000157693,117373486,117408702,35216
ENSG00000125107,58553855,58663790,109935
ENSG00000262218,39447756,39448781,1025
ENSG00000267208,39394253,39394717,464
ENSG00000260238,156182773,156213123,30350
ENSG00000263103,39426534,39426740,206
ENSG00000162458,16083102,16113089,29987
ENSG00000183431,38422647,38456593,33946
ENSG00000186451,57094469,57109460,14991
ENSG00000261283,102007152,102069956,62804
ENSG00000198590,37427760,37476988,49228
ENSG00000067182,6437923,6451280,13357
ENSG00000223666,32172915,32174499,1584
ENSG00000101445,37434348,37551667,117319
ENSG00000072310,17713713,17740325,26612
ENSG00000162777,111729796,111747157,17361
ENSG00000185187,405716,417455,11739
ENSG00000181634,117546915,117568406,21491
ENSG00000104381,75233365,75401107,167742
ENSG00000113211,140529683,140532868,3185
ENSG00000106952,117656003,117692697,36694
ENSG00000255622,140535577,140538639,3062
ENSG00000154269,131949582,132068553,118971
ENSG00000177034,79275584,79287082,11498
ENSG00000227122,32192562,32198576,6014
ENSG00000113212,140552243,140555957,3714
ENSG00000049167,60169658,60240900,71242
ENSG00000119636,74486056,74549566,63510
ENSG00000120322,140557371,140560081,2710
ENSG00000153814,27870192,28220362,350170
ENSG00000262503,6830791,6831510,719
ENSG00000136383,85359911,85416713,56802
ENSG00000263316,6857417,6882279,24862
ENSG00000196963,140560980,140565793,4813
ENSG00000267047,6888813,6922733,33920
ENSG00000261535,101796635,101797743,1108
ENSG00000147246,113818551,114144624,326073
ENSG00000262089,6897961,6898508,547
ENSG00000151572,101111304,101522419,411115
ENSG00000260294,101816779,101818248,1469
ENSG00000267532,6919137,6922978,3841
ENSG00000120324,140571942,140575215,3273
ENSG00000144802,101546835,101579866,33031
ENSG00000128165,50919985,50924869,4884
ENSG00000153317,131064353,131455906,391553
ENSG00000262778,101837356,101837444,88
ENSG00000266484,101881601,101881686,85
ENSG00000263739,101936383,101936467,84
ENSG00000261518,101970536,101972810,2274
ENSG00000197479,140579183,140582618,3435
ENSG00000263152,101980149,101980250,101
ENSG00000065526,16174359,16266955,92596
ENSG00000259965,101980596,101982395,1799
ENSG00000101447,37554955,37581703,26748
ENSG00000087128,69313167,69363322,50155
ENSG00000262067,6962253,6962523,270
ENSG00000149418,130029457,130080271,50814
ENSG00000260097,101991668,101998241,6573
ENSG00000125378,54416454,54425479,9025
ENSG00000213876,7044249,7044911,662
ENSG00000199053,7126616,7126698,82
ENSG00000077463,4174106,4182601,8495
ENSG00000030066,47799639,47870107,70468
ENSG00000100253,50925213,50929077,3864
ENSG00000254349,75512010,75735548,223538
ENSG00000144668,37493606,37865005,371399
ENSG00000152926,64432154,64467062,34908
ENSG00000113296,79287134,79379110,91976
ENSG00000213462,64451187,64467121,15934
ENSG00000120328,140588269,140591696,3427
ENSG00000160783,156182784,156212874,30090
ENSG00000224201,152240839,152340864,100025
ENSG00000187372,140593509,140596993,3484
ENSG00000091704,130020180,130027955,7775
ENSG00000123496,114238538,114254540,16002
ENSG00000202251,7169374,7169485,111
ENSG00000259875,101996513,101998642,2129
ENSG00000263342,7186266,7187390,1124
ENSG00000224647,7233771,7238732,4961
ENSG00000167716,1619817,1641893,22076
ENSG00000105197,39971052,39984422,13370
ENSG00000181856,7184986,7191576,6590
ENSG00000120327,140602931,140605858,2927
ENSG00000146757,64838712,64866038,27326
ENSG00000261073,102007442,102023913,16471
ENSG00000143921,44066103,44105605,39502
ENSG00000074266,85955586,85989855,34269
ENSG00000263171,7256006,7258263,2257
ENSG00000262880,7323422,7347400,23978
ENSG00000260993,102023745,102026017,2272
ENSG00000113248,140625147,140627799,2652
ENSG00000263329,102049022,102049135,113
ENSG00000262624,7339876,7340842,966
ENSG00000259872,102070098,102078060,7962
ENSG00000120329,140682196,140683612,1416
ENSG00000156222,85427885,85518876,90991
ENSG00000137558,75736772,75767264,30492
ENSG00000006607,242295658,242434256,138598
ENSG00000269058,16589868,16607003,17135
ENSG00000261246,144789522,144790224,702
ENSG00000196323,130096572,130184581,88009
ENSG00000178913,140698057,140700330,2273
ENSG00000197888,69402902,69434245,31343
ENSG00000163900,185194284,185216845,22561
ENSG00000141979,16589878,16739015,149137
ENSG00000260463,144798429,144804628,6199
ENSG00000196620,69512348,69536346,23998
ENSG00000204231,33161365,33168630,7265
ENSG00000166743,20634559,20710212,75653
ENSG00000138814,101944566,102269435,324869
ENSG00000170866,54799854,54809952,10098
ENSG00000064886,111743393,111786062,42669
ENSG00000221819,90095316,90096309,993
ENSG00000146592,28338940,28865511,526571
ENSG00000204956,140710252,140892546,182294
ENSG00000183386,38462442,38471278,8836
ENSG00000105072,16607122,16632163,25041
ENSG00000100526,54863567,54886936,23369
ENSG00000121005,75896750,75946793,50043
ENSG00000126856,90122974,90158480,35506
ENSG00000134291,48357352,48362661,5309
ENSG00000226892,32236325,32315209,78884
ENSG00000263301,7342478,7346646,4168
ENSG00000231618,32197644,32216187,18543
ENSG00000272884,7342825,7349285,6460
ENSG00000187116,54818353,54824409,6056
ENSG00000242252,156211753,156213112,1359
ENSG00000183520,38474930,38490496,15566
ENSG00000081853,140718539,140892546,174007
ENSG00000066654,20744986,20753406,8420
ENSG00000261812,90159562,90162762,3200
ENSG00000254245,140723601,140892546,168945
ENSG00000144730,57124010,57204334,80324
ENSG00000239961,54844456,54850421,5965
ENSG00000259522,24649601,24659622,10021
ENSG00000041982,117782806,117880536,97730
ENSG00000134917,130274820,130298888,24068
ENSG00000113269,179338651,179499118,160467
ENSG00000254221,140729828,140892546,162718
ENSG00000109181,69681711,69696914,15203
ENSG00000116809,16268364,16302627,34263
ENSG00000170820,49189296,49381676,192380
ENSG00000269558,65112081,65113280,1199
ENSG00000138095,44113647,44223144,109497
ENSG00000101452,37590942,37668366,77424
ENSG00000196715,65338254,65424550,86296
ENSG00000085872,16628700,16653341,24641
ENSG00000185101,417933,442011,24078
ENSG00000185668,38509523,38512450,2927
ENSG00000165806,115438942,115490662,51720
ENSG00000204536,31110216,31126015,15799
ENSG00000257088,152243996,152245978,1982
ENSG00000229741,32336148,32350396,14248
ENSG00000135220,69794181,69817509,23328
ENSG00000203902,152341458,152343394,1936
ENSG00000116954,39303870,39325495,21625
ENSG00000185024,105675623,105781926,106303
ENSG00000198681,152481522,152486115,4593
ENSG00000180658,132021520,132022635,1115
ENSG00000236761,132029581,132032206,2625
ENSG00000196678,20791515,20911671,120156
ENSG00000161048,102740223,102790007,49784
ENSG00000201489,7440413,7440513,100
ENSG00000261380,144806103,144815971,9868
ENSG00000063587,152599613,152625568,25955
ENSG00000265500,7466604,7482033,15429
ENSG00000233614,61553,64093,2540
ENSG00000166106,130318869,130346532,27663
ENSG00000100258,50941376,50946135,4759
ENSG00000264772,7476144,7485342,9198
ENSG00000169919,65425671,65447301,21630
ENSG00000209582,7478031,7478165,134
ENSG00000100926,24658349,24682679,24330
ENSG00000238917,7480129,7480270,141
ENSG00000130224,114345185,114468635,123450
ENSG00000189420,152683780,152687087,3307
ENSG00000262576,140734768,140892546,157778
ENSG00000233223,7485282,7487390,2108
ENSG00000175728,130542851,130587247,44396
ENSG00000251860,7514499,7514591,92
ENSG00000262251,7588578,7589689,1111
ENSG00000240480,7657638,7658294,656
ENSG00000253910,140739703,140892546,152843
ENSG00000173077,117904097,118164923,260826
ENSG00000197594,132129156,132216295,87139
ENSG00000149196,86013253,86056969,43716
ENSG00000006047,7191571,7197934,6363
ENSG00000119711,74523553,74551196,27643
ENSG00000090932,39989535,39999121,9586
ENSG00000253485,140743898,140892546,148648
ENSG00000262209,140749831,140892546,142715
ENSG00000260803,67514,85195,17681
ENSG00000183479,152710178,152736045,25867
ENSG00000231439,72910,75123,2213
ENSG00000167613,54865362,54882165,16803
ENSG00000171234,69917081,69978705,61624
ENSG00000226942,79336,88321,8985
ENSG00000164300,79407050,79551898,144848
ENSG00000163898,185224050,185270401,46351
ENSG00000183888,16330731,16335302,4571
ENSG00000269482,140629,141100,471
ENSG00000182752,118916083,119164601,248518
ENSG00000228779,175736,177218,1482
ENSG00000206178,213121,215155,2034
ENSG00000134216,111833484,111863188,29704
ENSG00000103042,58699013,58719008,19995
ENSG00000170044,101818088,102198685,380597
ENSG00000252835,7809440,7809578,138
ENSG00000179859,7816642,7819271,2629
ENSG00000186838,40005753,40011326,5573
ENSG00000262492,7858186,7858940,754
ENSG00000005421,94926988,95025673,98685
ENSG00000238676,7937805,7937902,97
ENSG00000173641,16340523,16346089,5566
ENSG00000263427,7959543,7960939,1396
ENSG00000120451,130745331,130786404,41073
ENSG00000264005,7991374,7991465,91
ENSG00000200463,8076772,8076905,133
ENSG00000144677,37903451,38025960,122509
ENSG00000225323,218678,219333,655
ENSG00000177469,40554470,40575535,21065
ENSG00000266824,8080130,8086130,6000
ENSG00000164749,76320149,76479078,158929
ENSG00000266638,8090493,8090577,84
ENSG00000207243,228553,228655,102
ENSG00000271002,8102441,8102755,314
ENSG00000155897,131792547,132054672,262125
ENSG00000268836,235747,236293,546
ENSG00000178977,8123960,8127361,3401
ENSG00000206168,281133,281471,338
ENSG00000089847,4183351,4224811,41460
ENSG00000269928,8128139,8128798,659
ENSG00000269947,8181081,8181754,673
ENSG00000170374,53720362,53739099,18737
ENSG00000271029,8199823,8200534,711
ENSG00000226871,8221406,8222030,624
ENSG00000146090,179527795,179636153,108358
ENSG00000260968,144873090,144897549,24459
ENSG00000174915,448268,491393,43125
ENSG00000254531,102268937,102270040,1103
ENSG00000120057,99526508,99531709,5201
ENSG00000213759,70065669,70080449,14780
ENSG00000256040,119160439,119162885,2446
ENSG00000155265,99609996,99631337,21341
ENSG00000112473,33168222,33172216,3994
ENSG00000105246,4229495,4237528,8033
ENSG00000185591,53773960,53810230,36270
ENSG00000167711,1646130,1658562,12432
ENSG00000073417,85523671,85682376,158705
ENSG00000176401,40021630,40023494,1864
ENSG00000175718,114423963,114427431,3468
ENSG00000111319,6456009,6486896,30887
ENSG00000236829,432097,442960,10863
ENSG00000127526,16660642,16683193,22551
ENSG00000253731,140753651,140892546,138895
ENSG00000214114,39328636,39347289,18653
ENSG00000173947,111888910,111895635,6725
ENSG00000212206,8232901,8233037,136
ENSG00000266279,8241015,8242076,1061
ENSG00000102021,114524293,114542121,17828
ENSG00000176396,40028890,40030870,1980
ENSG00000105819,102937869,102969958,32089
ENSG00000149201,86085778,86134151,48373
ENSG00000076003,136597196,136633996,36800
ENSG00000253537,140762467,140892546,130079
ENSG00000105198,40093164,40098116,4952
ENSG00000228987,32382335,32387545,5210
ENSG00000201034,489297,489397,100
ENSG00000230428,501404,503461,2057
ENSG00000160781,156213206,156217881,4675
ENSG00000149177,48002113,48189670,187557
ENSG00000256323,542366,542567,201
ENSG00000266124,585316,585368,52
ENSG00000266235,593277,593366,89
ENSG00000025770,50946645,50961901,15256
ENSG00000261691,597185,603847,6662
ENSG00000111726,22199108,22218608,19500
ENSG00000196674,653555,653904,349
ENSG00000131233,39330175,39347289,17114
ENSG00000197727,691039,691688,649
ENSG00000228201,698473,699200,727
ENSG00000253953,140767452,140892546,125094
ENSG00000249861,40146534,40151287,4753
ENSG00000262528,705034,706194,1160
ENSG00000260394,728504,729777,1273
ENSG00000125166,58741035,58768261,27226
ENSG00000148735,115511213,115543188,31975
ENSG00000253767,140772381,140892546,120165
ENSG00000106066,29034847,29235067,200220
ENSG00000085465,111956936,111970399,13463
ENSG00000175619,48238344,48239314,970
ENSG00000261934,140782520,140892546,110026
ENSG00000172208,48266608,48267622,1014
ENSG00000006659,40194946,40200084,5138
ENSG00000158315,39351479,39407471,55992
ENSG00000176567,48285413,48286330,917
ENSG00000106477,130033612,130082274,48662
ENSG00000153064,102332443,102995969,663526
ENSG00000253305,140787770,140892546,104776
ENSG00000176555,48327775,48328704,929
ENSG00000261659,739001,742554,3553
ENSG00000259840,760746,761277,531
ENSG00000207579,820183,820277,94
ENSG00000204103,39314488,39317880,3392
ENSG00000176547,48346472,48347507,1035
ENSG00000253846,140792743,140892546,99803
ENSG00000105852,94989256,95025680,36424
ENSG00000176540,48387037,48388017,980
ENSG00000265749,8268881,8284646,15765
ENSG00000005189,20817751,20860987,43236
ENSG00000105085,16685718,16739873,54155
ENSG00000237388,48510269,48511332,1063
ENSG00000174574,39456895,39471731,14836
ENSG00000164299,79615444,79617661,2217
ENSG00000236884,32516731,32550833,34102
ENSG00000198900,39657458,39753127,95669
ENSG00000252363,8414443,8414506,63
ENSG00000241708,8450235,8450526,291
ENSG00000182053,49050504,49059579,9075
ENSG00000222033,171568961,171571077,2116
ENSG00000254692,24658363,24682679,24316
ENSG00000050748,179660143,179719099,58956
ENSG00000186510,16345370,16360545,15175
ENSG00000268790,16688453,16770926,82473
ENSG00000254122,140797427,140892546,95119
ENSG00000205659,74551499,74667936,116437
ENSG00000214891,49075266,49080664,5398
ENSG00000148219,119187504,120177348,989844
ENSG00000260240,59743897,59788752,44855
ENSG00000253873,140800762,140891835,91073
ENSG00000139908,24674903,24677568,2665
ENSG00000095713,99624757,99790585,165828
ENSG00000116455,111982512,111991998,9486
ENSG00000132507,7210318,7215774,5456
ENSG00000163666,57231944,57260549,28605
ENSG00000253159,140810185,140892546,82361
ENSG00000105248,4247076,4269087,22011
ENSG00000091656,77593454,77779521,186067
ENSG00000240592,32208792,32212490,3698
ENSG00000198952,156219015,156252620,33605
ENSG00000008300,48673902,48700348,26446
ENSG00000182667,131240373,132206716,966343
ENSG00000073111,127317066,127341276,24210
ENSG00000132386,1665253,1680868,15615
ENSG00000033627,40610862,40674629,63767
ENSG00000236418,32574291,32596644,22353
ENSG00000039319,79703832,79775169,71337
ENSG00000105251,4278598,4290721,12123
ENSG00000213397,152713124,152760978,47854
ENSG00000023191,494512,507300,12788
ENSG00000150394,61681146,62070939,389793
ENSG00000135226,70146217,70160768,14551
ENSG00000116459,111991486,112005395,13909
ENSG00000118523,132269316,132272513,3197
ENSG00000035862,76849059,76921469,72410
ENSG00000167664,4292229,4302428,10199
ENSG00000124181,39765600,39811629,46029
ENSG00000151376,86152150,86383678,231528
ENSG00000136059,38029550,38048679,19129
ENSG00000111728,22216707,22589975,373268
ENSG00000168653,39491990,39500308,8318
ENSG00000164182,60240956,60448853,207897
ENSG00000119401,119449581,119463579,13998
ENSG00000170017,105085753,105295744,209991
ENSG00000086205,49168187,49230222,62035
ENSG00000143110,112016414,112021134,4720
ENSG00000260022,933780,935090,1310
ENSG00000235758,32212421,32222305,9884
ENSG00000260316,950520,955224,4704
ENSG00000260439,971033,984495,13462
ENSG00000100528,54893654,54908149,14495
ENSG00000136869,120466610,120479149,12539
ENSG00000105255,4304597,4323840,19243
ENSG00000135409,53817639,53825318,7679
ENSG00000260807,1025761,1031596,5835
ENSG00000157500,57261765,57307496,45731
ENSG00000105205,40221890,40228668,6778
ENSG00000213921,40267235,40276775,9540
ENSG00000184908,16370272,16383803,13531
ENSG00000260485,144898514,144912029,13515
ENSG00000260496,1041148,1050926,9778
ENSG00000078725,121915736,122131745,216009
ENSG00000121933,112025970,112106584,80614
ENSG00000115866,136664247,136743670,79423
ENSG00000163472,156252726,156262976,10250
ENSG00000132294,132916335,133025889,109554
ENSG00000225452,32222563,32225000,2437
ENSG00000254505,24678789,24683075,4286
ENSG00000102024,114795501,114885181,89680
ENSG00000212743,6392278,6394723,2445
ENSG00000260970,122257653,122286403,28750
ENSG00000185519,16384264,16400127,15863
ENSG00000205352,53835389,53840429,5040
ENSG00000240184,140855580,140892542,36962
ENSG00000214046,16741562,16771253,29691
ENSG00000242419,140864741,140892546,27805
ENSG00000150687,86502101,86663952,161851
ENSG00000115694,242432089,242449145,17056
ENSG00000105204,40315990,40324841,8851
ENSG00000116473,112084840,112259313,174473
ENSG00000178404,76866992,76899299,32307
ENSG00000139219,48366748,48398269,31521
ENSG00000065675,6469105,6622263,153158
ENSG00000126522,65540785,65558545,17760
ENSG00000269267,60411538,60411762,224
ENSG00000188215,20866247,20911706,45459
ENSG00000188725,60453536,60458301,4765
ENSG00000142627,16450832,16482582,31750
ENSG00000105854,95034175,95064510,30335
ENSG00000261713,1114093,1128707,14614
ENSG00000138821,103172198,103352415,180217
ENSG00000261720,1115240,1116502,1262
ENSG00000181791,1115299,1116349,1050
ENSG00000260702,1153280,1155461,2181
ENSG00000102897,20911190,20936328,25138
ENSG00000197852,112223252,112298446,75194
ENSG00000260532,1161627,1163399,1772
ENSG00000260403,1206976,1207974,998
ENSG00000156096,70345883,70391732,45849
ENSG00000259910,1209548,1210176,628
ENSG00000261294,1256560,1257124,564
ENSG00000260182,1307340,1308075,735
ENSG00000196364,1310953,1313846,2893
ENSG00000167614,54926393,54948080,21687
ENSG00000261564,1323752,1326523,2771
ENSG00000260991,1330162,1330545,383
ENSG00000260284,1336352,1338838,2486
ENSG00000260710,1344552,1349167,4615
ENSG00000174804,86656721,86666433,9712
ENSG00000261505,1367892,1372846,4954
ENSG00000106069,29161890,29553944,392054
ENSG00000219274,1379079,1379778,699
ENSG00000198715,156259880,156265463,5583
ENSG00000260425,1408901,1411406,2505
ENSG00000265529,1429290,1429424,134
ENSG00000260132,1458835,1462249,3414
ENSG00000261641,1495344,1496520,1176
ENSG00000260051,1501761,1502654,893
ENSG00000261430,1517674,1522685,5011
ENSG00000219027,1527831,1528584,753
ENSG00000258417,133036467,133097902,61435
ENSG00000197045,54941202,54955914,14712
ENSG00000173610,70454135,70518965,64830
ENSG00000119614,74706175,74729441,23266
ENSG00000230514,32225175,32228531,3356
ENSG00000140937,64977656,65160015,182359
ENSG00000064703,112297867,112310638,12771
ENSG00000253117,133036467,133071627,35160
ENSG00000170776,85923802,86292586,368784
ENSG00000079931,132617194,132722684,105490
ENSG00000224963,152751314,152752546,1232
ENSG00000108679,76967320,76976191,8871
ENSG00000106484,130126012,130146133,20121
ENSG00000132297,133073733,133123406,49673
ENSG00000164751,77892494,77913280,20786
ENSG00000166575,86748886,87034800,285914
ENSG00000163904,185300284,185351339,51055
ENSG00000198836,193310933,193415612,104679
ENSG00000079950,132767006,132834337,67331
ENSG00000158486,20944433,21170762,226329
ENSG00000213920,24683143,24685276,2133
ENSG00000072954,16771938,16800840,28902
ENSG00000111321,6484211,6500733,16522
ENSG00000182492,152760397,152775012,14615
ENSG00000132522,7214643,7218883,4240
ENSG00000271271,70454135,70505360,51225
ENSG00000130449,60628100,60841997,213897
ENSG00000167615,54960065,54973217,13152
ENSG00000237110,132859429,132860470,1041
ENSG00000146385,132873832,132874860,1028
ENSG00000269783,99627889,99631294,3405
ENSG00000146383,132891461,132892498,1037
ENSG00000171033,79428374,79517502,89128
ENSG00000255526,24683161,24701558,18397
ENSG00000171385,112313284,112531777,218493
ENSG00000189030,156268415,156269428,1013
ENSG00000135569,132909731,132910877,1146
ENSG00000119688,74752126,74769759,17633
ENSG00000146378,132938161,132945414,7253
ENSG00000256870,101549271,101604185,54914
ENSG00000270386,70454912,70518967,64055
ENSG00000258817,49973943,49974971,1028
ENSG00000146399,132966123,132967142,1019
ENSG00000142632,16524349,16539104,14755
ENSG00000221954,50003009,50004071,1062
ENSG00000100532,54976530,55005567,29037
ENSG00000221840,51411378,51412448,1070
ENSG00000166024,99894387,100004654,110267
ENSG00000112299,133002729,133035188,32459
ENSG00000225997,51435459,51436403,944
ENSG00000104427,79578282,79632000,53718
ENSG00000185926,51515282,51516211,929
ENSG00000130489,50961997,50964868,2871
ENSG00000150244,55029658,55038595,8937
ENSG00000143079,112938803,113006078,67275
ENSG00000204377,16555368,16556038,670
ENSG00000181961,55110627,55111707,1080
ENSG00000249319,65552756,65617228,64472
ENSG00000181958,55135360,55136394,1034
ENSG00000132881,16558195,16563657,5462
ENSG00000178722,60933535,61047590,114055
ENSG00000181939,55321783,55322895,1112
ENSG00000173597,70586880,70653679,66799
ENSG00000187091,38048987,38071253,22266
ENSG00000131459,179727690,179780387,52697
ENSG00000182909,54972981,54974894,1913
ENSG00000181935,55339604,55340536,932
ENSG00000120800,101673887,101780394,106507
ENSG00000105821,102952921,102985320,32399
ENSG00000167617,54976210,54984411,8201
ENSG00000188039,16830787,16928774,97987
ENSG00000241258,65579591,65619555,39964
ENSG00000172188,55370830,55371874,1044
ENSG00000178078,4324040,4342783,18743
ENSG00000181927,55405834,55406772,938
ENSG00000037637,16573334,16678949,105615
ENSG00000134245,113009163,113072787,63624
ENSG00000174982,55418380,55419315,935
ENSG00000181903,55432614,55433671,1057
ENSG00000104432,79587978,79717758,129780
ENSG00000186532,1682779,1733928,51149
ENSG00000123892,87846410,87908635,62225
ENSG00000167618,55009100,55021897,12797
ENSG00000025708,50964181,50968485,4304
ENSG00000198877,55540914,55541858,944
ENSG00000186113,55563032,55563976,944
ENSG00000174306,39807088,39946312,139224
ENSG00000186117,55578854,55579952,1098
ENSG00000186119,55587086,55588073,987
ENSG00000179776,66400533,66438686,38153
ENSG00000109193,70676498,70725870,49372
ENSG00000205030,55594695,55595630,935
ENSG00000129559,24686058,24701660,15602
ENSG00000055070,16679070,16724640,45570
ENSG00000205029,55606228,55607214,986
ENSG00000124900,55650773,55659286,8513
ENSG00000068796,61601989,61833076,231087
ENSG00000093134,133043926,133055904,11978
ENSG00000177989,50968139,50971009,2870
ENSG00000213672,48701364,48723797,22433
ENSG00000132793,39969560,39989222,19662
ENSG00000104970,55043909,55057053,13144
ENSG00000008382,4343524,4360083,16559
ENSG00000104435,80523049,80578410,55361
ENSG00000136861,123151147,123342448,191301
ENSG00000130487,50986462,50989451,2989
ENSG00000217442,50989541,51001334,11793
ENSG00000187612,55681126,55682058,932
ENSG00000109320,103422486,103538459,115973
ENSG00000114423,105374305,105588396,214091
ENSG00000167825,55702932,55703876,944
ENSG00000174970,55734975,55735990,1015
ENSG00000183798,39988606,39995467,6861
ENSG00000149133,55761157,55762101,944
ENSG00000109861,88026760,88070955,44195
ENSG00000181785,55797895,55798869,974
ENSG00000172154,55860753,55861762,1009
ENSG00000176720,242498136,242513546,15410
ENSG00000181767,55872519,55873457,938
ENSG00000181761,55889849,55890787,938
ENSG00000138131,100007447,100028007,20560
ENSG00000167822,55904247,55905194,947
ENSG00000127511,16940211,16991164,50953
ENSG00000181752,55926870,55927793,923
ENSG00000197111,53835525,53874946,39421
ENSG00000176946,242523820,242576864,53044
ENSG00000141985,4360367,4400544,40177
ENSG00000261915,7215980,7222493,6513
ENSG00000257955,48413554,48419165,5611
ENSG00000239998,55084387,55099027,14640
ENSG00000126545,70796799,70812289,15490
ENSG00000121966,136871919,136875735,3816
ENSG00000020577,55033815,55260033,226218
ENSG00000113300,179921412,180005405,83993
ENSG00000124177,40030741,40247133,216392
ENSG00000187144,16713612,16763919,50307
ENSG00000184156,133133108,133493200,360092
ENSG00000174957,55944094,55945032,938
ENSG00000254658,55978334,55979298,964
ENSG00000181718,55999490,56000737,1247
ENSG00000166546,66461200,66527432,66232
ENSG00000111731,22601517,22697480,95963
ENSG00000172489,56019676,56020698,1022
ENSG00000011638,21169698,21191937,22239
ENSG00000181698,56043029,56044146,1117
ENSG00000181693,56057529,56058566,1037
ENSG00000139193,6554033,6560884,6851
ENSG00000260851,66503715,66551215,47500
ENSG00000181689,56085783,56086721,938
ENSG00000247270,66516775,66519747,2972
ENSG00000150261,56113421,56114507,1086
ENSG00000172487,56127691,56128764,1073
ENSG00000172199,56143100,56144029,929
ENSG00000114631,127348024,127391652,43628
ENSG00000100938,24701628,24708448,6820
ENSG00000169902,65670186,65885530,215344
ENSG00000228532,114952650,114953669,1019
ENSG00000272987,56180172,56181156,984
ENSG00000205560,51007290,51017899,10609
ENSG00000079387,48436681,48500091,63410
ENSG00000174942,56184734,56185708,974
ENSG00000180772,115301975,115306225,4250
ENSG00000129295,133584320,133687838,103518
ENSG00000150269,56229945,56230877,932
ENSG00000174937,56236964,56238014,1050
ENSG00000183655,86302554,86338261,35707
ENSG00000171302,76987799,77005949,18150
ENSG00000181371,56257825,56258871,1046
ENSG00000157191,16767167,16786573,19406
ENSG00000255223,56309746,56310757,1011
ENSG00000103310,21208773,21225831,17058
ENSG00000087916,115567790,115592625,24835
ENSG00000254834,56344212,56345263,1051
ENSG00000139192,6560856,6575683,14827
ENSG00000255012,56380031,56380978,947
ENSG00000172464,56408942,56409947,1005
ENSG00000172459,56431138,56432163,1025
ENSG00000267941,65939543,65940709,1166
ENSG00000106780,123363091,123476748,113657
ENSG00000166748,86685227,87572283,887056
ENSG00000167670,4402659,4445015,42356
ENSG00000151474,13685706,14504141,818435
ENSG00000164683,80676245,80680098,3853
ENSG00000132383,1732996,1803376,70380
ENSG00000176532,29603427,29606911,3484
ENSG00000175311,21244986,21263750,18764
ENSG00000243335,66093868,66276446,182578
ENSG00000119402,123514256,123555690,41434
ENSG00000166548,66541906,66586447,44541
ENSG00000175662,17746828,17875736,128908
ENSG00000122574,29846102,29956682,110580
ENSG00000239388,57302375,57326710,24335
ENSG00000168397,242576628,242613272,36644
ENSG00000168959,88237744,88799113,561369
ENSG00000204019,115592849,115594164,1315
ENSG00000236353,32228948,32234390,5442
ENSG00000005981,95107756,95169544,61788
ENSG00000144229,137523115,138435287,912172
ENSG00000103316,21250195,21314404,64209
ENSG00000077498,88910620,89028927,118307
ENSG00000131979,55308726,55369570,60844
ENSG00000185924,1837971,1928639,90668
ENSG00000095261,123577774,123605262,27488
ENSG00000067842,152783134,152848397,65263
ENSG00000268674,16865561,16866070,509
ENSG00000234243,32234970,32239727,4757
ENSG00000127533,16999671,17003417,3746
ENSG00000219481,16888814,16940057,51243
ENSG00000254413,51007298,51021394,14096
ENSG00000119943,100143322,100174941,31619
ENSG00000163468,156278759,156337664,58905
ENSG00000104972,55085346,55148979,63633
ENSG00000167671,4444996,4457819,12823
ENSG00000161055,180017103,180018540,1437
ENSG00000265096,77015291,77023737,8446
ENSG00000119403,123617977,123639606,21629
ENSG00000114626,127391778,127399768,7990
ENSG00000008226,38080696,38165516,84820
ENSG00000165071,133697253,133772958,75705
ENSG00000223355,32239047,32268294,29247
ENSG00000140538,88418230,88799999,381769
ENSG00000127603,39546988,39952849,405861
ENSG00000150540,138721590,138773930,52340
ENSG00000174844,57327727,57530071,202344
ENSG00000160111,17003758,17137625,133867
ENSG00000003096,117031776,117251303,219527
ENSG00000174914,56467864,56468781,917
ENSG00000172457,56510303,56511287,984
ENSG00000068745,48725436,48777786,52350
ENSG00000215041,7218947,7232712,13765
ENSG00000241356,56587052,56587980,928
ENSG00000109323,103552660,103682151,129491
ENSG00000181273,56756347,56757342,995
ENSG00000169246,21413558,21459888,46330
ENSG00000056558,123664671,123691451,26780
ENSG00000183908,56949221,56959191,9970
ENSG00000184887,105714827,105717430,2603
ENSG00000037280,180028506,180076624,48118
ENSG00000134817,57001051,57004709,3658
ENSG00000135222,70820974,70826725,5751
ENSG00000100288,51017378,51039884,22506
ENSG00000007341,113066140,113163447,97307
ENSG00000173918,77018896,77045870,26974
ENSG00000126549,70861647,70868287,6640
ENSG00000136193,29959719,30029905,70186
ENSG00000149115,57067112,57092426,25314
ENSG00000217555,66586466,66600154,13688
ENSG00000106804,123714616,123812554,97938
ENSG00000108963,1933404,1946724,13320
ENSG00000237881,32360675,32415872,55197
ENSG00000139190,6571403,6580153,8750
ENSG00000137310,31126319,31134936,8617
ENSG00000106080,30050203,30066300,16097
ENSG00000149136,57093459,57103351,9892
ENSG00000167674,4472284,4502223,29939
ENSG00000147586,80830952,80942524,111572
ENSG00000161057,102984701,103009842,25141
ENSG00000109991,57105848,57138073,32225
ENSG00000129292,133787618,133861052,73434
ENSG00000179364,105766900,105864484,97584
ENSG00000156575,57144242,57148623,4381
ENSG00000269449,95171457,95173854,2397
ENSG00000205649,70894130,70902255,8125
ENSG00000131351,17160539,17186435,25896
ENSG00000138483,107096188,107097481,1293
ENSG00000004799,95212811,95225803,12992
ENSG00000186652,57154267,57158130,3863
ENSG00000106086,30067020,30170096,103076
ENSG00000197006,21608539,21668794,60255
ENSG00000154710,66147151,66276451,129300
ENSG00000254979,57154838,57191532,36694
ENSG00000008735,51039114,51052409,13295
ENSG00000183715,132284871,133402414,1117543
ENSG00000254788,66586490,66613038,26548
ENSG00000112303,133065009,133084598,19589
ENSG00000196090,40701392,41818610,1117218
ENSG00000107521,100175955,100206684,30729
ENSG00000158623,130146089,130353598,207509
ENSG00000086991,89057524,89322779,265255
ENSG00000163467,156307105,156316786,9681
ENSG00000116489,113161795,113214241,52446
ENSG00000225845,32436807,32451073,14266
ENSG00000166118,133710526,133715433,4907
ENSG00000213265,130353488,130372268,18780
ENSG00000092330,24708849,24711880,3031
ENSG00000174339,180166042,180167099,1057
ENSG00000230726,32482996,32488206,5210
ENSG00000134802,57174427,57195053,20626
ENSG00000198554,55405668,55493823,88155
ENSG00000158560,95401866,95739634,337768
ENSG00000259494,89002707,89010650,7943
ENSG00000167676,4502204,4517716,15512
ENSG00000089505,66600294,66613040,12746
ENSG00000080854,133778459,133826880,48421
ENSG00000231021,32578924,32593887,14963
ENSG00000140749,21652609,21663981,11372
ENSG00000119397,123837141,123939888,102747
ENSG00000181991,89010684,89022222,11538
ENSG00000131446,180217541,180242652,25111
ENSG00000214456,4522543,4535236,12693
ENSG00000086189,61683081,61699766,16685
ENSG00000114439,107241783,107530171,288388
ENSG00000228284,32631439,32652184,20745
ENSG00000104974,55105047,55113555,8508
ENSG00000171962,17876127,17920203,44076
ENSG00000133980,74769772,74826711,56939
ENSG00000076554,80870571,81143467,272896
ENSG00000111639,6601150,6603007,1857
ENSG00000124193,42086568,42092245,5677
ENSG00000166086,133938820,134021896,83076
ENSG00000183379,74872596,74892805,20209
ENSG00000237847,16999498,17000007,509
ENSG00000268991,17060447,17060956,509
ENSG00000224730,55147173,55150343,3170
ENSG00000168393,242615157,242626406,11249
ENSG00000106609,66386212,66423538,37326
ENSG00000119655,74942895,74960880,17985
ENSG00000155363,113215763,113243368,27605
ENSG00000146409,133090509,133119701,29192
ENSG00000204531,31132119,31148508,16389
ENSG00000155719,21689835,21772050,82215
ENSG00000058453,17066768,17299474,232706
ENSG00000179915,50145643,51259674,1114031
ENSG00000132677,156339003,156355011,16008
ENSG00000186818,55155340,55181810,26470
ENSG00000174840,57542003,57552571,10568
ENSG00000074416,127407909,127542051,134142
ENSG00000119396,123940415,123985292,44877
ENSG00000100299,51061182,51066607,5425
ENSG00000185513,42136320,42179590,43270
ENSG00000196670,180274611,180288286,13675
ENSG00000168374,57557090,57583947,26857
ENSG00000144228,139259371,139331117,71746
ENSG00000174595,130417401,130418888,1487
ENSG00000060971,38144620,38178733,34113
ENSG00000126550,70916119,70924562,8443
ENSG00000112306,133135580,133138703,3123
ENSG00000267385,4528439,4540079,11640
ENSG00000099331,17186591,17325346,138755
ENSG00000171236,4536421,4540486,4065
ENSG00000186907,57228022,57245007,16985
ENSG00000117122,17300997,17307330,6333
ENSG00000151503,134020014,134095348,75334
ENSG00000010292,6602522,6641121,38599
ENSG00000139163,22778009,22843599,65590
ENSG00000167280,77071021,77084681,13660
ENSG00000109332,103715540,103790053,74513
ENSG00000128585,130794855,131181395,386540
ENSG00000262664,1945327,1946724,1397
ENSG00000168395,242641450,242668893,27443
ENSG00000231286,32658022,32667070,9048
ENSG00000149150,57252007,57283259,31252
ENSG00000167680,4542600,4559820,17220
ENSG00000140543,89054790,89089906,35116
ENSG00000177374,1957448,1962981,5533
ENSG00000144227,139428342,139537918,109576
ENSG00000181026,89164527,89175513,10986
ENSG00000140932,66613351,66622178,8827
ENSG00000174839,57611184,57678816,67632
ENSG00000185361,4639530,4655580,16050
ENSG00000126524,66452664,66460588,7924
ENSG00000255103,39876151,39882154,6003
ENSG00000131725,117480036,117583924,103888
ENSG00000183682,39957318,39991607,34289
ENSG00000074842,4641386,4670382,28996
ENSG00000172183,89179384,89199714,20330
ENSG00000139625,53874274,53893847,19573
ENSG00000251322,51112843,51171726,58883
ENSG00000165898,74960423,74963809,3386
ENSG00000180354,30174426,30202378,27952
ENSG00000258182,32729153,32732918,3765
ENSG00000159363,17312453,17338423,25970
ENSG00000206301,32742904,32748772,5868
ENSG00000114302,48782030,48885279,103249
ENSG00000180233,30323923,30452118,128195
ENSG00000170615,102993177,103086624,93447
ENSG00000100312,51176624,51183762,7138
ENSG00000140931,66637777,66647795,10018
ENSG00000147382,152853377,152865500,12123
ENSG00000187715,127634075,127706514,72439
ENSG00000168702,140988992,142889270,1900278
ENSG00000167633,55235969,55378448,142479
ENSG00000187533,70999333,71042516,43183
ENSG00000226174,105864916,105916443,51527
ENSG00000228254,32757661,32765119,7458
ENSG00000155366,113243728,113250056,6328
ENSG00000092295,24718320,24733638,15318
ENSG00000198874,66460160,66704501,244341
ENSG00000112319,133561736,133853258,291522
ENSG00000070366,1963133,2207065,243932
ENSG00000125462,156374042,156400493,26451
ENSG00000183723,66648653,66730610,81957
ENSG00000058262,127770484,127790526,20042
ENSG00000134809,57295936,57298276,2340
ENSG00000109205,71062213,71070293,8080
ENSG00000214414,89443467,89451040,7573
ENSG00000090621,40026488,40042462,15974
ENSG00000157766,89346674,89418585,71911
ENSG00000168930,89530823,89541743,10920
ENSG00000214872,57308979,57318108,9129
ENSG00000181617,71091788,71100969,9181
ENSG00000180008,55493948,55516206,22258
ENSG00000142002,4675236,4724685,49449
ENSG00000189253,89602450,89609185,6735
ENSG00000156587,57319129,57335757,16628
ENSG00000106100,30464143,30518400,54257
ENSG00000053501,17326155,17330638,4483
ENSG00000168175,55518349,55536910,18561
ENSG00000171209,71108305,71117145,8840
ENSG00000271810,113245236,113254055,8819
ENSG00000148180,123970072,124095121,125049
ENSG00000223417,89644279,89654935,10656
ENSG00000145309,71200683,71202833,2150
ENSG00000109208,71226478,71232875,6397
ENSG00000204449,89764274,89806558,42284
ENSG00000131981,55590828,55612126,21298
ENSG00000079974,51205929,51222091,16162
ENSG00000171201,71235810,71255961,20151
ENSG00000006625,30536237,30591095,54858
ENSG00000171199,71263599,71275911,12312
ENSG00000086200,61699799,61924409,224610
ENSG00000113303,180326077,180377906,51829
ENSG00000151502,134094539,134117686,23147
ENSG00000149131,57364860,57382326,17466
ENSG00000042832,133879203,134147147,267944
ENSG00000155367,113252616,113258099,5483
ENSG00000135720,66754796,66785701,30905
ENSG00000182979,105886159,105937066,50907
ENSG00000077616,89864683,89926062,61379
ENSG00000178537,48894369,48936426,42057
ENSG00000134532,23682440,24103966,421526
ENSG00000101049,42187608,42216877,29269
ENSG00000241910,32814044,32818329,4285
ENSG00000242019,55235984,55248003,12019
ENSG00000151500,134118173,134123264,5091
ENSG00000206344,31165537,31171745,6208
ENSG00000184599,113263041,113269857,6816
ENSG00000117118,17345217,17380665,35448
ENSG00000148175,124101355,124132531,31176
ENSG00000147251,117629861,117820126,190265
ENSG00000180902,242673994,242708231,34237
ENSG00000185864,21845890,21892148,46258
ENSG00000267987,124103625,124110410,6785
ENSG00000237599,32823109,32840035,16926
ENSG00000158321,69063905,70258054,1194149
ENSG00000163909,40089825,40105617,15792
ENSG00000204525,31236526,31239907,3381
ENSG00000130829,152907946,152916781,8835
ENSG00000171953,17880723,17942523,61800
ENSG00000100949,24734744,24740945,6201
ENSG00000117115,17393256,17445948,52692
ENSG00000155380,113454469,113499635,45166
ENSG00000140511,89420519,89438857,18338
ENSG00000230413,29788431,29792600,4169
ENSG00000168903,180415845,180433727,17882
ENSG00000154252,242716240,242743623,27383
ENSG00000189013,55236002,55325972,89970
ENSG00000226201,32841974,32845960,3986
ENSG00000152556,48498922,48540187,41265
ENSG00000099330,17337013,17340028,3015
ENSG00000233866,16062157,16063236,1079
ENSG00000229286,16076052,16076172,120
ENSG00000136848,124329336,124547809,218473
ENSG00000151498,134123389,134135749,12360
ENSG00000128567,131185021,131242976,57955
ENSG00000126787,55614830,55658396,43566
ENSG00000140740,21963981,21994981,31000
ENSG00000198799,113615831,113674882,59051
ENSG00000171195,71296209,71348714,52505
ENSG00000240508,32845393,32880808,35415
ENSG00000110172,89934328,89956532,22204
ENSG00000140545,89441916,89456642,14726
ENSG00000166793,57412560,57417417,4857
ENSG00000204099,242749920,242758739,8819
ENSG00000167281,77085427,77613550,528123
ENSG00000235265,16084249,16084826,577
ENSG00000223875,16100517,16124973,24456
ENSG00000004864,95749532,95951459,201927
ENSG00000215270,16122720,16123768,1048
ENSG00000206195,16147979,16193004,45025
ENSG00000106105,30634297,30673649,39352
ENSG00000271672,16150776,16151397,621
ENSG00000272872,16154073,16154766,693
ENSG00000232775,16157079,16172700,15621
ENSG00000116981,40124793,40137710,12917
ENSG00000130822,152935185,152954465,19280
ENSG00000175764,124584207,124855885,271678
ENSG00000155714,21995186,22012433,17247
ENSG00000172409,57416465,57429340,12875
ENSG00000271127,16179617,16181004,1387
ENSG00000225255,16199666,16231333,31667
ENSG00000116604,156433519,156470620,37101
ENSG00000116983,40144320,40157361,13041
ENSG00000249961,66788879,66835523,46644
ENSG00000205189,81397854,81438500,40646
ENSG00000141965,4791728,4795571,3843
ENSG00000119421,124894745,124922098,27353
ENSG00000127666,4815944,4831716,15772
ENSG00000230705,32846466,32855235,8769
ENSG00000101052,42219571,42275936,56365
ENSG00000142623,17531621,17572500,40879
ENSG00000156599,57435219,57468659,33440
ENSG00000185681,124922190,124962367,40177
ENSG00000165810,180467225,180488523,21298
ENSG00000187689,71384257,71398459,14202
ENSG00000072818,7239848,7254797,14949
ENSG00000172987,100218875,100995619,776744
ENSG00000139546,53894705,53900215,5510
ENSG00000106113,30692200,30739745,47545
ENSG00000142619,17575593,17610728,35135
ENSG00000235992,16227138,16228807,1669
ENSG00000241838,16255355,16256477,1122
ENSG00000236666,16274560,16278602,4042
ENSG00000212216,16276398,16276504,106
ENSG00000234381,16333633,16342783,9150
ENSG00000105355,4838353,4867780,29427
ENSG00000118526,134210276,134216691,6415
ENSG00000084072,40157854,40229586,71732
ENSG00000243772,55249980,55295776,45796
ENSG00000224435,16345912,16355362,9450
ENSG00000226474,16362385,16362561,176
ENSG00000231565,16364867,16366204,1337
ENSG00000178522,71457973,71473005,15032
ENSG00000183648,92582466,92588261,5795
ENSG00000159339,17634690,17690499,55809
ENSG00000230471,16373081,16377055,3974
ENSG00000119681,74964873,75079306,114433
ENSG00000185372,180551357,180552304,947
ENSG00000140526,89630690,89745591,114901
ENSG00000230643,16389485,16389602,117
ENSG00000145354,103790135,103810399,20264
ENSG00000237299,16399957,16436527,36570
ENSG00000182156,77704681,77716021,11340
ENSG00000182613,180581943,180582890,947
ENSG00000213727,16404698,16405874,1176
ENSG00000215268,16413687,16415946,2259
ENSG00000233408,16417269,16420386,3117
ENSG00000213859,7255208,7258258,3050
ENSG00000235759,16424125,16427059,2934
ENSG00000236831,16485399,16487973,2574
ENSG00000265406,16569924,16570006,82
ENSG00000264612,16575148,16575230,82
ENSG00000265270,16576109,16576191,82
ENSG00000236097,16627920,16628496,576
ENSG00000185716,22018959,22098855,79896
ENSG00000184624,16634898,16651926,17028
ENSG00000182896,7258442,7260538,2096
ENSG00000236235,16680767,16687245,6478
ENSG00000156603,57471186,57479693,8507
ENSG00000111640,6643093,6647537,4444
ENSG00000173894,77751931,77761782,9851
ENSG00000106852,124964856,124991905,27049
ENSG00000225293,16868420,16871613,3193
ENSG00000226160,16886056,16886143,87
ENSG00000229658,16904668,16906756,2088
ENSG00000227367,16909690,16957613,47923
ENSG00000172936,38179969,38184513,4544
ENSG00000146054,180620924,180632293,11369
ENSG00000164684,81540686,81787016,246330
ENSG00000166105,134144139,134189458,45319
ENSG00000081026,113933371,114228545,295174
ENSG00000101057,42295754,42345136,49382
ENSG00000196776,107762145,107809872,47727
ENSG00000242386,32935860,32954358,18498
ENSG00000213593,57480072,57508445,28373
ENSG00000076641,81880045,82024303,144258
ENSG00000175792,127783621,127872757,89136
ENSG00000119446,124999903,125027118,27215
ENSG00000226444,16967410,16969212,1802
ENSG00000160113,17342692,17356749,14057
ENSG00000235969,16984194,16990365,6171
ENSG00000273362,17001949,17008127,6178
ENSG00000116985,40222854,40254533,31679
ENSG00000241644,30737601,30797218,59617
ENSG00000233995,17052917,17055527,2610
ENSG00000140522,89753100,89764982,11882
ENSG00000115919,143635067,143799890,164823
ENSG00000164687,82192598,82197012,4414
ENSG00000239435,17061816,17063607,1791
ENSG00000175267,22103859,22168287,64428
ENSG00000269095,17346749,17366257,19508
ENSG00000240122,17075979,17076375,396
ENSG00000221084,17079607,17079694,87
ENSG00000028839,134273308,134311570,38262
ENSG00000165934,92588281,92630755,42474
ENSG00000198754,40235195,40237020,1825
ENSG00000254959,30791753,30931696,139943
ENSG00000100181,17082777,17179632,96855
ENSG00000124196,42354804,42355638,834
ENSG00000155926,134048973,134115298,66325
ENSG00000132464,71494461,71552533,58072
ENSG00000125498,55281263,55295774,14511
ENSG00000141034,17942606,17971718,29112
ENSG00000183856,156495197,156542396,47199
ENSG00000188389,242792033,242801060,9027
ENSG00000124191,42543504,42698256,154752
ENSG00000147588,82352561,82359758,7197
ENSG00000130307,17359985,17393595,33610
ENSG00000239463,32949846,32971961,22115
ENSG00000268942,61808070,61808309,239
ENSG00000221957,55344131,55360024,15893
ENSG00000221883,48955221,48956818,1597
ENSG00000205784,4890449,4902879,12430
ENSG00000172939,38206580,38296979,90399
ENSG00000254462,57480077,57559058,78981
ENSG00000174292,7283853,7293093,9240
ENSG00000165323,92085262,92629618,544356
ENSG00000188011,242811752,242815975,4223
ENSG00000186105,61874562,61877275,2713
ENSG00000205186,82370576,82373814,3238
ENSG00000216921,242836136,242844702,8566
ENSG00000148187,125026882,125085743,58861
ENSG00000267338,17097060,17098004,944
ENSG00000249288,17126585,17127471,886
ENSG00000227061,197569,202605,5036
ENSG00000249263,17134782,17140518,5736
ENSG00000228643,286419,301515,15096
ENSG00000189295,17134956,17160374,25418
ENSG00000259271,17151980,17160383,8403
ENSG00000141570,77765931,77775482,9551
ENSG00000269468,17655507,17676070,20563
ENSG00000273244,17156906,17175538,18632
ENSG00000241717,17170993,17185367,14374
ENSG00000132465,71521258,71547534,26276
ENSG00000235343,17227759,17229535,1776
ENSG00000229027,17308364,17310225,1861
ENSG00000221866,131808091,132333447,525356
ENSG00000234121,17318412,17318556,144
ENSG00000237835,17336694,17337052,358
ENSG00000220248,17338509,17341608,3099
ENSG00000179051,17733256,17766220,32964
ENSG00000146063,180649499,180662809,13310
ENSG00000188554,41322498,41363708,41210
ENSG00000164037,103806205,103940896,134691
ENSG00000127663,4969125,5153606,184481
ENSG00000106125,30811033,30932002,120969
ENSG00000170323,82390654,82395498,4844
ENSG00000163681,57741177,57914895,173718
ENSG00000134640,92702886,92718232,15346
ENSG00000197416,82437216,82443613,6397
ENSG00000177479,48956254,49023815,67561
ENSG00000043514,40306723,40349183,42460
ENSG00000234745,31321649,31324965,3316
ENSG00000235779,305111,314367,9256
ENSG00000132467,71554196,71556267,2071
ENSG00000157379,24759804,24769039,9235
ENSG00000180773,92877341,92931130,53789
ENSG00000146411,134309835,134373774,63939
ENSG00000140090,92788925,92962596,173671
ENSG00000095303,125132824,125157982,25158
ENSG00000130821,152953554,152962048,8494
ENSG00000116793,114239453,114302111,62658
ENSG00000240583,30893010,30965131,72121
ENSG00000108591,17991200,18011285,20085
ENSG00000178394,63256183,63258334,2151
ENSG00000159593,66836778,66907159,70381
ENSG00000140525,89787180,89860492,73312
ENSG00000250424,30893010,30963427,70417
ENSG00000185274,70597155,71178585,581430
ENSG00000269738,125148344,125148928,584
ENSG00000127922,96110938,96339203,228265
ENSG00000136834,125239220,125240235,1015
ENSG00000197233,125273081,125274022,941
ENSG00000104415,134203282,134242587,39305
ENSG00000239590,125281420,125282361,941
ENSG00000171505,125288637,125289572,935
ENSG00000106128,30978284,31032869,54585
ENSG00000171501,125315391,125316493,1102
ENSG00000187862,156549519,156556562,7043
ENSG00000171496,125329778,125330838,1060
ENSG00000018189,71569921,71673032,103111
ENSG00000165202,125376948,125378026,1078
ENSG00000119946,101088856,101154087,65231
ENSG00000178974,55738021,55828636,90615
ENSG00000171484,125390858,125391852,994
ENSG00000167720,2206677,2228554,21877
ENSG00000183470,132333553,132413528,79975
ENSG00000149328,134201768,134248235,46467
ENSG00000173679,125423845,125424927,1082
ENSG00000171481,125437315,125438432,1117
ENSG00000126775,55833110,55878576,45466
ENSG00000081019,114304454,114355098,50644
ENSG00000136939,125486269,125487204,935
ENSG00000171459,125512019,125513062,1043
ENSG00000106554,132469629,132766848,297219
ENSG00000074964,17866330,18024369,158039
ENSG00000148215,125551150,125552237,1087
ENSG00000196943,24769068,24778330,9262
ENSG00000164038,103941025,104006986,65961
ENSG00000136940,125560668,125590910,30242
ENSG00000118515,134490384,134639250,148866
ENSG00000183166,71244476,71912136,667660
ENSG00000132394,127872297,128127485,255188
ENSG00000165204,125562370,125563395,1025
ENSG00000164197,63461671,63668696,207025
ENSG00000149596,42740335,42816218,75883
ENSG00000172940,38307303,38319806,12503
ENSG00000109956,134248398,134281812,33414
ENSG00000179407,128181282,128186091,4809
ENSG00000182521,55880259,55923444,43185
ENSG00000163382,156561554,156564091,2537
ENSG00000119682,75120140,75179818,59678
ENSG00000132823,42825136,42839431,14295
ENSG00000268936,134855246,134856693,1447
ENSG00000253826,75780,76143,363
ENSG00000141582,77806955,77813228,6273
ENSG00000224777,86649,87586,937
ENSG00000254468,121279,125784,4505
ENSG00000270921,123312,126123,2811
ENSG00000179348,128198270,128212028,13758
ENSG00000230724,127115,139612,12497
ENSG00000136305,24774302,24780636,6334
ENSG00000255229,129279,186136,56857
ENSG00000222225,152999,153102,103
ENSG00000232495,203485,204363,878
ENSG00000186479,63802084,63908139,106055
ENSG00000189056,103112231,103629963,517732
ENSG00000254559,203623,205470,1847
ENSG00000255026,287305,288987,1682
ENSG00000255533,303856,304144,288
ENSG00000124194,42875887,42909013,33126
ENSG00000254910,310139,311141,1002
ENSG00000251661,318640,325631,6991
ENSG00000255089,321991,322426,435
ENSG00000270105,322186,322727,541
ENSG00000270030,325703,326294,591
ENSG00000105393,17378159,17392058,13899
ENSG00000255328,327171,330122,2951
ENSG00000197851,96110938,96132835,21897
ENSG00000270972,333192,333688,496
ENSG00000243562,440406,440693,287
ENSG00000255237,462930,463899,969
ENSG00000254739,528907,529659,752
ENSG00000144671,38323785,38360066,36281
ENSG00000165325,93063137,93171653,108516
ENSG00000254815,557595,560107,2512
ENSG00000006377,96634860,96640351,5491
ENSG00000105426,5158506,5340814,182308
ENSG00000247095,565660,568457,2797
ENSG00000197296,42931478,42939809,8331
ENSG00000233684,317912,342118,24206
ENSG00000236856,388412,416885,28473
ENSG00000101074,42965626,42979875,14249
ENSG00000226277,421057,422303,1246
ENSG00000182809,105939299,105946499,7200
ENSG00000223985,490944,492655,1711
ENSG00000225942,545805,546667,862
ENSG00000233633,558204,578145,19941
ENSG00000233296,677186,697371,20185
ENSG00000133731,82570196,82598928,28732
ENSG00000116990,40361098,40367928,6830
ENSG00000233970,692083,693235,1152
ENSG00000213906,24774940,24781259,6319
ENSG00000167291,77906142,78009647,103505
ENSG00000056586,125606835,125667620,60785
ENSG00000166002,93211638,93276674,65036
ENSG00000199038,568089,568198,109
ENSG00000255158,665910,678391,12481
ENSG00000269915,708564,727047,18483
ENSG00000177236,780117,780755,638
ENSG00000255142,781645,782105,460
ENSG00000199785,811681,811814,133
ENSG00000255108,823634,832883,9249
ENSG00000250397,856880,859795,2915
ENSG00000168748,66878282,66888056,9774
ENSG00000060982,24964295,25102393,138098
ENSG00000114446,107879659,107941417,61758
ENSG00000134242,114356433,114414381,57948
ENSG00000120053,101156627,101190381,33754
ENSG00000172840,66912492,66929657,17165
ENSG00000101076,42984340,43061485,77145
ENSG00000093217,38388251,38462839,74588
ENSG00000186130,125670335,125675609,5274
ENSG00000104419,134249414,134314265,64851
ENSG00000269307,17378227,17393775,15548
ENSG00000145642,63986135,64013917,27782
ENSG00000160818,156564279,156571288,7009
ENSG00000131724,117861535,117928502,66967
ENSG00000183921,22177618,22203075,25457
ENSG00000105880,96649704,96654409,4705
ENSG00000168389,40420802,40435638,14836
ENSG00000187838,7293046,7307416,14370
ENSG00000103319,22217603,22298554,80951
ENSG00000168746,43080624,43093984,13360
ENSG00000075884,143848931,144525921,676990
ENSG00000167721,2225797,2240801,15004
ENSG00000131558,132937829,133751342,813513
ENSG00000166004,93394805,93463522,68717
ENSG00000204628,180663909,180675096,11187
ENSG00000160117,17392454,17398455,6001
ENSG00000253598,82605842,82608409,2567
ENSG00000196636,96745902,96811075,65173
ENSG00000272658,24778161,24781252,3091
ENSG00000222561,948421,948524,103
ENSG00000264671,951295,951364,69
ENSG00000254872,1049880,1055284,5404
ENSG00000255177,1263491,1270906,7415
ENSG00000255153,1330999,1331937,938
ENSG00000153006,64013971,64064512,50541
ENSG00000188761,114420790,114430169,9379
ENSG00000006128,97361220,97369784,8564
ENSG00000213903,24780656,24787242,6586
ENSG00000233930,1592583,1620414,27831
ENSG00000117148,18081808,18153558,71750
ENSG00000231487,1683814,1684573,759
ENSG00000140521,89859534,89878092,18558
ENSG00000205866,1686827,1689086,2259
ENSG00000256528,1687097,1689085,1988
ENSG00000205865,1704499,1706859,2360
ENSG00000227306,1709527,1710286,759
ENSG00000119919,101292690,101296278,3588
ENSG00000235027,1781578,1783716,2138
ENSG00000229512,1784239,1784979,740
ENSG00000265587,1785161,1785255,94
ENSG00000230834,1798160,1799618,1458
ENSG00000230980,1813783,1814100,317
ENSG00000230080,1824119,1825325,1206
ENSG00000117154,18434240,18704977,270737
ENSG00000267281,53900472,54019763,119291
ENSG00000264493,1880694,1880766,72
ENSG00000249086,1885407,1887897,2490
ENSG00000229671,1923877,1929145,5268
ENSG00000252187,1941339,1941488,149
ENSG00000226416,2004467,2011150,6683
ENSG00000232987,2012326,2014699,2373
ENSG00000139574,53900474,53901422,948
ENSG00000185825,152965947,152990152,24205
ENSG00000227713,724966,731224,6258
ENSG00000198685,128290843,128294929,4086
ENSG00000272342,739588,740164,576
ENSG00000231173,741977,749856,7879
ENSG00000223751,742488,747767,5279
ENSG00000179023,18807424,18812478,5054
ENSG00000237667,779837,864112,84275
ENSG00000228799,895902,901137,5235
ENSG00000114455,108015376,108097132,81756
ENSG00000234796,906612,916810,10198
ENSG00000235688,945320,945960,640
ENSG00000235403,1054819,1064027,9208
ENSG00000236665,1153996,1156110,2114
ENSG00000233553,1344816,1350340,5524
ENSG00000228613,1550437,1623885,73448
ENSG00000231482,1576326,1584083,7757
ENSG00000203635,1624282,1629191,4909
ENSG00000130600,2016406,2022700,6294
ENSG00000132702,156589086,156595517,6431
ENSG00000078549,31092076,31151089,59013
ENSG00000232057,1828184,1832439,4255
ENSG00000225619,2323004,2330882,7878
ENSG00000124120,43104526,43123244,18718
ENSG00000234929,2645761,2660402,14641
ENSG00000227364,2733680,2734729,1049
ENSG00000009709,18957500,19075360,117860
ENSG00000237720,2838036,2842163,4127
ENSG00000228391,2874330,2875003,673
ENSG00000058600,22308730,22346424,37694
ENSG00000234423,2898820,3129798,230978
ENSG00000263570,3020991,3021102,111
ENSG00000238722,3079444,3079544,100
ENSG00000236760,3135353,3149551,14198
ENSG00000226649,3160527,3161568,1041
ENSG00000224885,3302112,3305236,3124
ENSG00000240801,2150351,2151194,843
ENSG00000225234,3485013,3486180,1167
ENSG00000207805,2155364,2155439,75
ENSG00000141519,78010435,78074412,63977
ENSG00000271868,3500727,3501199,472
ENSG00000235078,3523046,3526968,3922
ENSG00000099869,2161731,2169894,8163
ENSG00000242282,3579403,3584463,5060
ENSG00000265258,2194293,2194368,75
ENSG00000207308,2342948,2343057,109
ENSG00000126777,56025790,56168244,142454
ENSG00000179002,19166093,19186176,20083
ENSG00000234171,3606082,3609324,3242
ENSG00000166589,66942025,66952887,10862
ENSG00000134262,114437370,114447823,10453
ENSG00000104231,82613569,82645138,31569
ENSG00000252531,3628160,3628322,162
ENSG00000237370,3650987,3651832,845
ENSG00000255275,19175767,19247615,71848
ENSG00000188765,3665138,3665347,209
ENSG00000232718,3735611,3736571,960
ENSG00000164039,104000592,104021040,20448
ENSG00000224661,3750175,3751743,1568
ENSG00000227363,3891774,3895001,3227
ENSG00000132824,43124862,43150750,25888
ENSG00000065809,14560556,14816896,256340
ENSG00000177981,48541571,48574996,33425
ENSG00000170653,53901640,54020199,118559
ENSG00000237401,4005245,4021660,16415
ENSG00000264071,4077271,4077549,278
ENSG00000229550,4184234,4188321,4087
ENSG00000215960,4276018,4276108,90
ENSG00000231821,4561794,4562646,852
ENSG00000231532,4675812,4703805,27993
ENSG00000252238,4874591,4874674,83
ENSG00000207192,4992867,4992973,106
ENSG00000228585,5453873,5454267,394
ENSG00000232835,5689912,5696163,6251
ENSG00000224128,5742637,5831620,88983
ENSG00000141258,2240792,2284352,43560
ENSG00000230090,5758459,5831250,72791
ENSG00000262481,7293053,7307416,14363
ENSG00000155287,101370282,101380366,10084
ENSG00000183718,180681417,180688119,6702
ENSG00000127220,17402940,17421045,18105
ENSG00000242540,5836352,5848227,11875
ENSG00000236106,5866581,5870474,3893
ENSG00000159423,19197926,19229275,31349
ENSG00000168734,43160426,43252888,92462
ENSG00000237266,5950773,5952728,1955
ENSG00000140743,22357257,22448486,91229
ENSG00000232044,6072819,6141407,68588
ENSG00000101986,152990323,153010216,19893
ENSG00000268397,180682720,180684578,1858
ENSG00000118655,114447763,114456708,8945
ENSG00000163902,128338817,128399918,61101
ENSG00000230178,180794269,180795263,994
ENSG00000105428,5455426,5456867,1441
ENSG00000130312,17403418,17417652,14234
ENSG00000250020,58313,59030,717
ENSG00000144821,108099216,108248169,148953
ENSG00000249430,92266,139978,47712
ENSG00000199540,144202,144312,110
ENSG00000261434,195893,196456,563
ENSG00000234275,6453086,6465778,12692
ENSG00000153015,64064757,64314590,249833
ENSG00000260774,214013,217394,3381
ENSG00000227007,6506142,6515554,9412
ENSG00000248925,269973,271631,1658
ENSG00000231610,6636009,6636930,921
ENSG00000250848,288948,290436,1488
ENSG00000226488,6636135,6643938,7803
ENSG00000214278,403846,404661,815
ENSG00000166592,66955582,66959547,3965
ENSG00000129467,24787555,24804299,16744
ENSG00000205544,7306294,7307456,1162
ENSG00000130254,5587010,5624057,37047
ENSG00000140519,89998680,90039844,41164
ENSG00000236172,6755722,6790667,34945
ENSG00000075785,128444965,128533639,88674
ENSG00000130311,17420327,17434110,13783
ENSG00000132692,156611182,156629324,18142
ENSG00000254184,72023729,72298777,275048
ENSG00000204520,31371356,31383092,11736
ENSG00000169992,7308193,7323179,14986
ENSG00000269605,43234346,43248126,13780
ENSG00000166012,93463114,93517557,54443
ENSG00000198018,101419263,101465997,46734
ENSG00000074855,17434032,17445638,11606
ENSG00000250645,418818,419224,406
ENSG00000225138,473351,480999,7648
ENSG00000196839,43248163,43280874,32711
ENSG00000132463,71681499,71705662,24163
ENSG00000250385,524820,526709,1889
ENSG00000264233,535955,535997,42
ENSG00000249650,602735,612325,9590
ENSG00000271781,675941,676731,790
ENSG00000249908,767512,769046,1534
ENSG00000247872,816461,817116,655
ENSG00000100599,92980118,93155339,175221
ENSG00000248949,946430,956635,10205
ENSG00000215246,987295,997423,10128
ENSG00000166595,66965959,66968326,2367
ENSG00000203594,991214,991386,172
ENSG00000221244,1004302,1004392,90
ENSG00000164600,31377075,31380508,3433
ENSG00000272347,1005154,1006738,1584
ENSG00000263834,1063011,1063089,78
ENSG00000249201,1173256,1178720,5464
ENSG00000204516,31462658,31478901,16243
ENSG00000263670,1309425,1309492,67
ENSG00000250584,1363697,1380182,16485
ENSG00000268719,29809936,29810766,830
ENSG00000248951,1370658,1371060,402
ENSG00000169991,19230775,19283180,52405
ENSG00000196313,72349936,72421979,72043
ENSG00000243716,22490442,22547842,57400
ENSG00000181323,7323679,7324951,1272
ENSG00000177875,48577366,48579709,2343
ENSG00000172640,48596081,48597170,1089
ENSG00000269514,48592170,48595814,3644
ENSG00000172831,66968347,66978999,10652
ENSG00000184560,7328934,7330887,1953
ENSG00000140534,90118713,90174287,55574
ENSG00000174460,117957753,117960931,3178
ENSG00000187166,48722763,48724062,1299
ENSG00000091536,18012020,18083116,71096
ENSG00000070669,97481430,97501854,20424
ENSG00000180347,31553704,31698334,144630
ENSG00000178467,49027319,49044587,17268
ENSG00000064205,43343485,43357150,13665
ENSG00000167528,48733791,48745197,11406
ENSG00000132688,156638555,156647189,8634
ENSG00000268865,25055243,25057615,2372
ENSG00000198753,153029651,153044801,15150
ENSG00000226397,25146358,25150453,4095
ENSG00000155428,72430016,72439997,9981
ENSG00000114739,38495342,38534633,39291
ENSG00000214670,75158879,75179800,20921
ENSG00000166813,90152020,90198682,46662
ENSG00000175556,118108581,118152318,43737
ENSG00000182919,93474757,93497915,23158
ENSG00000143320,156669398,156675608,6210
ENSG00000124249,43374421,43379675,5254
ENSG00000119616,75179847,75203394,23547
ENSG00000163507,108268716,108308491,39775
ENSG00000121964,144695635,145090135,394500
ENSG00000101098,43380449,43438979,58530
ENSG00000106341,31726329,31748069,21740
ENSG00000135390,54026510,54071192,44682
ENSG00000164695,82644669,82671750,27081
ENSG00000130299,17445729,17453544,7815
ENSG00000166819,90207596,90222658,15062
ENSG00000178252,49044495,49053386,8891
ENSG00000143319,156691683,156698591,6908
ENSG00000160633,5623046,5668489,45443
ENSG00000181284,7338762,7340998,2236
ENSG00000166913,43514317,43537173,22856
ENSG00000163349,114471814,114520426,48612
ENSG00000104497,82711816,82755101,43285
ENSG00000161958,7341592,7348256,6664
ENSG00000267985,72459478,72464996,5518
ENSG00000177646,128598439,128634910,36471
ENSG00000119929,101462315,101515891,53576
ENSG00000166821,90220995,90234014,13019
ENSG00000138778,104026963,104119566,92603
ENSG00000154678,31790793,32338941,548148
ENSG00000224320,29898587,29903209,4622
ENSG00000118308,25173936,25261268,87332
ENSG00000130305,72716514,72722864,6350
ENSG00000164815,103766788,103848495,81707
ENSG00000122254,22825498,22927659,102161
ENSG00000173542,71768043,71888166,120123
ENSG00000172828,66995140,67009051,13911
ENSG00000140527,90234028,90286869,52841
ENSG00000213145,105952654,105955284,2630
ENSG00000143303,156698234,156706752,8518
ENSG00000103404,23072727,23160591,87864
ENSG00000269282,48759919,48761738,1819
ENSG00000139223,48866448,48866843,395
ENSG00000250423,118212598,118284542,71944
ENSG00000155530,133812052,133949343,137291
ENSG00000049192,64444563,64777747,333184
ENSG00000166828,23194036,23228204,34168
ENSG00000008513,134467091,134584183,117092
ENSG00000116774,114522063,114524876,2813
ENSG00000170175,7348380,7361026,12646
ENSG00000257341,105953536,105958604,5068
ENSG00000184672,85095022,85834079,739057
ENSG00000010295,6647541,6665239,17698
ENSG00000157036,38537618,38583652,46034
ENSG00000172824,67022492,67043661,21169
ENSG00000101104,43538703,43587676,48973
ENSG00000177627,48876286,48890295,14009
ENSG00000101856,118370216,118378429,8213
ENSG00000168447,23289552,23392620,103068
ENSG00000014919,101471601,101491857,20256
ENSG00000143314,156707095,156711382,4287
ENSG00000130300,17462257,17488159,25902
ENSG00000258973,24801516,24806588,5072
ENSG00000134207,114631913,114696541,64628
ENSG00000156136,71858255,71896631,38376
ENSG00000119596,75230069,75322244,92175
ENSG00000204511,31496494,31498009,1515
ENSG00000166823,90291892,90294541,2649
ENSG00000130255,5674958,5691887,16929
ENSG00000254870,31497996,31514385,16389
ENSG00000130303,17513748,17516457,2709
ENSG00000188095,90303822,90321982,18160
ENSG00000146755,72726535,72742085,15550
ENSG00000129465,24805227,24809251,4024
ENSG00000077713,118533023,118588441,55418
ENSG00000166825,90328120,90358633,30513
ENSG00000100600,93170152,93215047,44895
ENSG00000168434,23399814,23464501,64687
ENSG00000012822,54104903,54121529,16626
ENSG00000171298,78075355,78093678,18323
ENSG00000141971,17516531,17544533,28002
ENSG00000025772,43570771,43589127,18356
ENSG00000066827,135490031,135725292,235261
ENSG00000174917,5678432,5680907,2475
ENSG00000197376,48901137,48923680,22543
ENSG00000167531,48961467,48963849,2382
ENSG00000143321,156711899,156736717,24818
ENSG00000114315,193853934,193856521,2587
ENSG00000178149,49052921,49059726,6805
ENSG00000133739,86019382,86058311,38929
ENSG00000197323,114935399,115053781,118382
ENSG00000067955,67063019,67134961,71942
ENSG00000101109,43595115,43708600,113485
ENSG00000205060,133974084,134001803,27719
ENSG00000005022,118602363,118605282,2919
ENSG00000125149,67143861,67182442,38581
ENSG00000077800,72742167,72772634,30467
ENSG00000116752,115110178,115124260,14082
ENSG00000188763,72848109,72850450,2341
ENSG00000157823,90373831,90437574,63743
ENSG00000188051,17546318,17559376,13058
ENSG00000167733,5680615,5688533,7918
ENSG00000143294,156720402,156770607,50205
ENSG00000269035,17547420,17571613,24193
ENSG00000171773,17566234,17571763,5529
ENSG00000139620,49047184,49076021,28837
ENSG00000184343,153041867,153051187,9320
ENSG00000009954,72854728,72936608,81880
ENSG00000124134,43720951,43729753,8802
ENSG00000175121,43738093,43743813,5720
ENSG00000127481,19401000,19536770,135770
ENSG00000130304,17579578,17616977,37399
ENSG00000185347,105956192,105965912,9720
ENSG00000175984,115125469,115213043,87574
ENSG00000250021,90377540,90456114,78574
ENSG00000168703,43752066,43753106,1040
ENSG00000237172,67182008,67185117,3109
ENSG00000242498,90443159,90456188,13029
ENSG00000169836,104507188,104640973,133785
ENSG00000124102,43803517,43805185,1668
ENSG00000102871,67188083,67194201,6118
ENSG00000103365,23474863,23533316,58453
ENSG00000168772,105389469,105416058,26589
ENSG00000198563,31497996,31510225,12229
ENSG00000124233,43835638,43838413,2775
ENSG00000080493,72053003,72437804,384801
ENSG00000136044,105567074,105630016,62942
ENSG00000135722,67193834,67198473,4639
ENSG00000198919,108308529,108413693,105164
ENSG00000140548,90544624,90625438,80814
ENSG00000114656,128628709,128721533,92824
ENSG00000124157,43849941,43853099,3158
ENSG00000130313,17622438,17632097,9659
ENSG00000116748,115215719,115238239,22520
ENSG00000027869,156776035,156786654,10619
ENSG00000103356,23533335,23569052,35717
ENSG00000085662,134127102,134144036,16934
ENSG00000174282,7362685,7387582,24897
ENSG00000259224,7384721,7386383,1662
ENSG00000213281,115247090,115259515,12425
ENSG00000018610,118672112,118699397,27285
ENSG00000182054,90626277,90645736,19459
ENSG00000168769,106067032,106200973,133941
ENSG00000103353,23568392,23585710,17318
ENSG00000136068,57994127,58157982,163855
ENSG00000111641,6666029,6677857,11828
ENSG00000181222,7387685,7417933,30248
ENSG00000187695,128628717,128690173,61456
ENSG00000077721,118708501,118718381,9880
ENSG00000114654,128720472,128759585,39113
ENSG00000023839,101542489,101611949,69460
ENSG00000169704,128779610,128781249,1639
ENSG00000102878,67197288,67203848,6560
ENSG00000124107,43880880,43883205,2325
ENSG00000178772,194060494,194072057,11563
ENSG00000187416,103969104,104549001,579897
ENSG00000172780,128806412,128841644,35232
ENSG00000042429,93517393,93547861,30468
ENSG00000091542,18086392,18113268,26876
ENSG00000172061,194075976,194090472,14496
ENSG00000214376,93551398,93583697,32299
ENSG00000133740,86089460,86129387,39927
ENSG00000131899,18128901,18148189,19288
ENSG00000106635,72950686,72972332,21646
ENSG00000124159,43922085,43937169,15084
ENSG00000181333,93754527,93846917,92390
ENSG00000178732,194115550,194119995,4445
ENSG00000196365,5691845,5720583,28738
ENSG00000261796,128806418,128879879,73461
ENSG00000139946,56584532,56768244,183712
ENSG00000110218,93862094,93915138,53044
ENSG00000135175,97613996,97620481,6485
ENSG00000067829,153051221,153059978,8757
ENSG00000124232,43935491,43945803,10312
ENSG00000183560,94038759,94040887,2128
ENSG00000070444,2287354,2304412,17058
ENSG00000240682,128846258,128880136,33878
ENSG00000123901,94110477,94134585,24108
ENSG00000124145,43953928,43977064,23136
ENSG00000164715,97736197,97838945,102748
ENSG00000184986,105992940,105996539,3599
ENSG00000123364,54332535,54340328,7793
ENSG00000004779,23592323,23607677,15354
ENSG00000204070,43990577,44005438,14861
ENSG00000198074,134212344,134226160,13816
ENSG00000169554,145141648,145282147,140499
ENSG00000070269,56955072,57117324,162252
ENSG00000211890,106053226,106054732,1506
ENSG00000127804,2308856,2415185,106329
ENSG00000123407,54348618,54352740,4122
ENSG00000005483,104654626,104754808,100182
ENSG00000133657,194123401,194219093,95692
ENSG00000009307,115259534,115301297,41763
ENSG00000123388,54366910,54371427,4517
ENSG00000198400,156785432,156851642,66210
ENSG00000083093,23614488,23652631,38143
ENSG00000180535,97840739,97842291,1552
ENSG00000211891,106064224,106068065,3841
ENSG00000167483,17634110,17664648,30538
ENSG00000180818,54378849,54384063,5214
ENSG00000020922,94152895,94227074,74179
ENSG00000211892,106090687,106092403,1716
ENSG00000227471,134233888,134264627,30739
ENSG00000166847,23652713,23681195,28482
ENSG00000178057,49057892,49060928,3036
ENSG00000185033,90703836,90772911,69075
ENSG00000100968,24834879,24848810,13931
ENSG00000205356,97843936,97881563,37627
ENSG00000265690,67197288,67199718,2430
ENSG00000174898,5720688,5778745,58057
ENSG00000168876,94226795,94232749,5954
ENSG00000130309,17666403,17693971,27568
ENSG00000129315,49082247,49110681,28434
ENSG00000106638,72983262,72993121,9859
ENSG00000254806,43991840,44039250,47410
ENSG00000166851,23688977,23701688,12711
ENSG00000123219,64813593,64858998,45405
ENSG00000052723,115312100,115323306,11206
ENSG00000124251,44002526,44036529,34003
ENSG00000119608,75319736,75330537,10801
ENSG00000066455,93260576,93306308,45732
ENSG00000027644,156809855,156828810,18955
ENSG00000140939,67204057,67209643,5586
ENSG00000134627,94277006,94354587,77581
ENSG00000184988,41363854,41372061,8207
ENSG00000212123,5782971,5784776,1805
ENSG00000257987,49121218,49159569,38351
ENSG00000267157,5784016,5785630,1614
ENSG00000138777,106290234,106395238,105004
ENSG00000178035,49061758,49066841,5083
ENSG00000244274,44034697,44039250,4553
ENSG00000196371,94277017,94283063,6046
ENSG00000239697,7452208,7464925,12717
ENSG00000141543,78109013,78120982,11969
ENSG00000196123,67209505,67217943,8438
ENSG00000177731,18148150,18162230,14080
ENSG00000185043,90773207,90777279,4072
ENSG00000141994,5784843,5791249,6406
ENSG00000166025,94439597,94609918,170321
ENSG00000198218,49067140,49131796,64656
ENSG00000106355,32524951,32534895,9944
ENSG00000198765,115397424,115537991,140567
ENSG00000174233,49159975,49182820,22845
ENSG00000118307,25261354,25348096,86742
ENSG00000187800,156863490,156886226,22736
ENSG00000131773,136469700,136668965,199265
ENSG00000163515,108462271,108476231,13960
ENSG00000211893,106109389,106111127,1738
ENSG00000273049,54379629,54428672,49043
ENSG00000134398,23701647,23724821,23174
ENSG00000211895,106173457,106175002,1545
ENSG00000163519,108541545,108573852,32307
ENSG00000124155,44044717,44054884,10167
ENSG00000127463,19542158,19578046,35888
ENSG00000141527,78143791,78183130,39339
ENSG00000197757,54384408,54424607,40199
ENSG00000134200,115572415,115576941,4526
ENSG00000205821,2310279,2318731,8452
ENSG00000166869,23765948,23770272,4324
ENSG00000100604,93389425,93401638,12213
ENSG00000171119,5823813,5828335,4522
ENSG00000147724,139142266,139509065,366799
ENSG00000115239,53759810,54087170,327360
ENSG00000134198,115590632,115632121,41489
ENSG00000169714,128888327,128902765,14438
ENSG00000007168,2496504,2588909,92405
ENSG00000130477,17712137,17799401,87264
ENSG00000186280,94706845,94732682,25837
ENSG00000183208,90777040,90785315,8275
ENSG00000235268,94758422,94760760,2338
ENSG00000134259,115828539,115880857,52318
ENSG00000271885,94800361,94802388,2027
ENSG00000009950,73007524,73038873,31349
ENSG00000149218,94822974,94865809,42835
ENSG00000166501,23847322,24231932,384610
ENSG00000213471,90792762,90808199,15437
ENSG00000172331,134331560,134364565,33005
ENSG00000261147,90792788,90815440,22652
ENSG00000180879,153058971,153063960,4989
ENSG00000182768,90808891,90816463,7572
ENSG00000149212,94898704,94965705,67001
ENSG00000113593,64859063,64883376,24313
ENSG00000238244,90890819,90892669,1850
ENSG00000211896,106202680,106209408,6728
ENSG00000173218,116184574,116240845,56271
ENSG00000160838,156890442,156902886,12444
ENSG00000196391,90895477,90909324,13847
ENSG00000180806,54388679,54397121,8442
ENSG00000259133,57115683,57197253,81570
ENSG00000179044,67218269,67224107,5838
ENSG00000119689,75348594,75370448,21854
ENSG00000156413,5830621,5839742,9121
ENSG00000165588,57267425,57277197,9772
ENSG00000067840,153067621,153096020,28399
ENSG00000138472,108626639,108672742,46103
ENSG00000118729,116242628,116311402,68774
ENSG00000077458,95502106,95523573,21467
ENSG00000248871,7452416,7464918,12502
ENSG00000185267,14861249,14880574,19325
ENSG00000171124,5842899,5851485,8586
ENSG00000205250,67226072,67232821,6749
ENSG00000140575,90931450,91045475,114025
ENSG00000164713,97881691,97937162,55471
ENSG00000177551,116378998,116386538,7540
ENSG00000130383,5865837,5903798,37961
ENSG00000175906,41476327,41478505,2178
ENSG00000053372,19578033,19586622,8589
ENSG00000006116,24266874,24374122,107248
ENSG00000161955,7461609,7464925,3316
ENSG00000107554,101635334,101769676,134342
ENSG00000267740,5866182,5903798,37616
ENSG00000163393,116519119,116612675,93556
ENSG00000169436,139600478,139926249,325771
ENSG00000173212,116654376,116677861,23485
ENSG00000269549,44074071,44077220,3149
ENSG00000268111,44095910,44107452,11542
ENSG00000130479,17830051,17845325,15274
ENSG00000187522,14880163,14913740,33577
ENSG00000101443,44098346,44110172,11826
ENSG00000122786,134429003,134655479,226476
ENSG00000166037,95523129,95565857,42728
ENSG00000101446,44141101,44144264,3163
ENSG00000243543,44162835,44168134,5299
ENSG00000121989,148602086,148688393,86307
ENSG00000132361,2592680,2615957,23277
ENSG00000111642,6679249,6716642,37393
ENSG00000167535,49207577,49222724,15147
ENSG00000101448,44165625,44176391,10766
ENSG00000122257,24549014,24584184,35170
ENSG00000211454,19592476,19600688,8212
ENSG00000211897,106235439,106237742,2303
ENSG00000162482,19609052,19615744,6692
ENSG00000163399,116915290,116952883,37593
ENSG00000102890,67233014,67237932,4918
ENSG00000211898,106303099,106312010,8911
ENSG00000037965,54402832,54407570,4738
ENSG00000211899,106320349,106322323,1974
ENSG00000006453,97920963,98030380,109417
ENSG00000053371,19630459,19638640,8181
ENSG00000198353,54410715,54449813,39098
ENSG00000174886,5891287,5904017,12730
ENSG00000211900,106329408,106329468,60
ENSG00000242472,106330024,106330072,48
ENSG00000172789,54426637,54429142,2505
ENSG00000267314,5904852,5914718,9866
ENSG00000114487,108677086,108836989,159903
ENSG00000240041,106330425,106330470,45
ENSG00000187650,5904869,5910864,5995
ENSG00000273266,54447661,54449814,2153
ENSG00000242887,106330797,106330845,48
ENSG00000269279,116915890,116926718,10828
ENSG00000105519,5911718,5915888,4170
ENSG00000183873,38589548,38691164,101616
ENSG00000132694,156904632,157015162,110530
ENSG00000116815,117057157,117113661,56504
ENSG00000115947,148687968,148779147,91179
ENSG00000198208,75370657,75390099,19442
ENSG00000123415,54558529,54582778,24249
ENSG00000087053,95566046,95658479,92433
ENSG00000100605,93403259,93582665,179406
ENSG00000067596,41561233,41621831,60598
ENSG00000211904,106331409,106331460,51
ENSG00000211905,106331617,106331668,51
ENSG00000236597,106331761,106331771,10
ENSG00000211907,106346892,106346911,19
ENSG00000225825,106347397,106347414,17
ENSG00000211909,106349761,106349780,19
ENSG00000227196,106350728,106350746,18
ENSG00000211911,106351889,106351919,30
ENSG00000198910,153126969,153174677,47708
ENSG00000172053,49133365,49142553,9188
ENSG00000106236,98246609,98259180,12571
ENSG00000143061,117117031,117210375,93344
ENSG00000120054,101801950,101841634,39684
ENSG00000181789,128968449,128996614,28165
ENSG00000161956,7465192,7475287,10095
ENSG00000205707,25348150,25362579,14429
ENSG00000040487,19638820,19655794,16974
ENSG00000203864,117236734,117249225,12491
ENSG00000105778,32535038,33078516,543478
ENSG00000163530,109012635,109035364,22729
ENSG00000211912,106354409,106354436,27
ENSG00000116824,117297007,117311850,14843
ENSG00000237020,106357049,106357065,16
ENSG00000211914,106357557,106357577,20
ENSG00000211915,106359400,106359419,19
ENSG00000227800,106360366,106360381,15
ENSG00000211917,106361492,106361528,36
ENSG00000211918,106363815,106363845,30
ENSG00000253831,157061836,157069600,7764
ENSG00000166448,98444111,98468394,24283
ENSG00000227108,106366496,106366512,16
ENSG00000121570,109044988,109056419,11431
ENSG00000211920,106367000,106367020,20
ENSG00000211921,106368507,106368529,22
ENSG00000232543,106369474,106369489,15
ENSG00000031823,5916150,5978153,62003
ENSG00000211923,106370355,106370385,30
ENSG00000211924,106370539,106370569,30
ENSG00000211925,106373069,106373099,30
ENSG00000237197,106375766,106375782,16
ENSG00000228131,106376269,106376286,17
ENSG00000170852,32907784,32933743,25959
ENSG00000211928,106378116,106378135,19
ENSG00000181523,78180515,78194722,14207
ENSG00000236699,106473777,106629250,155473
ENSG00000134247,117452679,117532980,80301
ENSG00000094916,54624724,54673886,49162
ENSG00000133703,25357723,25403870,46147
ENSG00000233655,106379081,106379096,15
ENSG00000268076,25381515,25390840,9325
ENSG00000117036,157090983,157108266,17283
ENSG00000211930,106380218,106380248,30
ENSG00000077549,19665267,19812066,146799
ENSG00000070367,57670518,57735726,65208
ENSG00000135250,104751151,105039755,288604
ENSG00000122642,32997017,33046543,49526
ENSG00000152936,25562241,25801513,239272
ENSG00000134256,117544382,117579167,34785
ENSG00000184384,95709762,96076344,366582
ENSG00000176428,73082155,73086442,4287
ENSG00000165943,93648541,93651273,2732
ENSG00000212928,57671888,57673291,1403
ENSG00000113595,64885507,64921802,36295
ENSG00000153485,93651296,93653434,2138
ENSG00000259066,93651318,93684932,33614
ENSG00000149231,96085933,96123087,37154
ENSG00000119630,75408537,75422487,13950
ENSG00000053770,57735627,57756797,21170
ENSG00000176410,73095299,73097783,2484
ENSG00000183340,96123153,96240738,117585
ENSG00000213760,31512239,31516204,3965
ENSG00000116830,117602925,117650075,47150
ENSG00000122643,33053742,33102409,48667
ENSG00000090905,24741016,24838953,97937
ENSG00000130475,17858527,17899377,40850
ENSG00000138785,106603784,106817143,213359
ENSG00000107566,101909851,101948091,38240
ENSG00000145014,194308402,194354418,46016
ENSG00000149972,98891683,100229616,1337933
ENSG00000071462,73097355,73119491,22136
ENSG00000204498,31514647,31526606,11959
ENSG00000185313,38738293,38835501,97208
ENSG00000134253,117653682,117665209,11527
ENSG00000138780,106629935,106768885,138950
ENSG00000173436,19923477,19956314,32837
ENSG00000213341,101948055,101989376,41321
ENSG00000169427,140613081,140715299,102218
ENSG00000270136,19923473,19984549,61076
ENSG00000143297,157483167,157522310,39143
ENSG00000139977,57857262,57882635,25373
ENSG00000125122,67241042,67260951,19909
ENSG00000134258,117686209,117753556,67347
ENSG00000184574,6728001,6745613,17612
ENSG00000237102,67244251,67260930,16679
ENSG00000196367,98475556,98610866,135310
ENSG00000161960,7476024,7482323,6299
ENSG00000168701,67261006,67263181,2175
ENSG00000165895,100558384,100862668,304284
ENSG00000158865,24857162,24922949,65787
ENSG00000100557,57936019,57960585,24566
ENSG00000168356,38887260,38992052,104792
ENSG00000198162,117910071,118071494,161423
ENSG00000167632,140742586,141468678,726092
ENSG00000135723,67263290,67281561,18271
ENSG00000235162,105629068,105789875,160807
ENSG00000158747,19967048,19984945,17897
ENSG00000113597,64920543,64962060,41517
ENSG00000183508,118148556,118170994,22438
ENSG00000164610,33134409,33149013,14604
ENSG00000111644,6747241,6756626,9385
ENSG00000158748,19991780,20006055,14275
ENSG00000170647,100862811,100864663,1852
ENSG00000205978,24867992,24888494,20502
ENSG00000270898,53897430,54087297,189867
ENSG00000196505,118406107,118472253,66146
ENSG00000135740,67271586,67306093,34507
ENSG00000162542,20008706,20126438,117732
ENSG00000151812,58030640,58448912,418272
ENSG00000132359,2680350,2941033,260683
ENSG00000087903,5993175,6199583,206408
ENSG00000163518,157543539,157567870,24331
ENSG00000074590,106457118,106533811,76693
ENSG00000226979,31539831,31542101,2270
ENSG00000174243,49223547,49246625,23078
ENSG00000143942,53994929,54002333,7404
ENSG00000168743,106815932,106925184,109252
ENSG00000065183,118472343,118509165,36822
ENSG00000170270,93669239,93673439,4200
ENSG00000082175,100900355,101001255,100900
ENSG00000163687,58177984,58200424,22440
ENSG00000178828,20140523,20141771,1248
ENSG00000111653,6759446,6772314,12868
ENSG00000169914,20209006,20239438,30432
ENSG00000012963,93673401,93695561,22160
ENSG00000196987,153146127,153154444,8317
ENSG00000163686,58223233,58281420,58187
ENSG00000196155,67311413,67323402,11989
ENSG00000126895,153167985,153172620,4635
ENSG00000206532,110607231,110612323,5092
ENSG00000250733,140943416,140946190,2774
ENSG00000122507,33168856,33645680,476824
ENSG00000140750,24930706,25026987,96281
ENSG00000181045,78193498,78227299,33801
ENSG00000104472,141521397,141527236,5839
ENSG00000137672,101322295,101743293,420998
ENSG00000177707,110788918,110994410,205492
ENSG00000123094,26111962,26232825,120863
ENSG00000155761,118496484,118727846,231362
ENSG00000068912,54014181,54045956,31775
ENSG00000188784,20246502,20250110,3608
ENSG00000119718,75469614,75476292,6678
ENSG00000188257,20301925,20306932,5007
ENSG00000179913,17905637,17923891,18254
ENSG00000139899,24895738,24900160,4422
ENSG00000262510,23470936,23488847,17911
ENSG00000262752,23507018,23508403,1385
ENSG00000261847,23526270,23526619,349
ENSG00000262704,23577511,23577651,140
ENSG00000091127,105080108,105162714,82606
ENSG00000248099,17927321,17932383,5062
ENSG00000262476,23582258,23799841,217583
ENSG00000127472,20354672,20417683,63011
ENSG00000232810,31543344,31546113,2769
ENSG00000163684,58291974,58310422,18448
ENSG00000117215,20438432,20446050,7618
ENSG00000100441,24898492,24910540,12048
ENSG00000187151,101761405,101787253,25848
ENSG00000158786,20465819,20476879,11060
ENSG00000187980,20487746,20503917,16171
ENSG00000105639,17935589,17958880,23291
ENSG00000153283,111011566,111384597,373031
ENSG00000092607,119425669,119532179,106510
ENSG00000204406,148778580,149275805,497225
ENSG00000089820,153172821,153200452,27631
ENSG00000110318,101785746,101871789,86043
ENSG00000172602,49250928,49259681,8753
ENSG00000116874,119573839,119683294,109455
ENSG00000162543,20512578,20522541,9963
ENSG00000114742,39093489,39138155,44666
ENSG00000160856,157644111,157670647,26536
ENSG00000105640,17970685,17974962,4277
ENSG00000095485,101992055,102027437,35382
ENSG00000011114,93703896,93799438,95542
ENSG00000116882,119911402,119936753,25351
ENSG00000168676,67323331,67360666,37335
ENSG00000227507,31548302,31550299,1997
ENSG00000158816,20617412,20681387,63975
ENSG00000172046,49145479,49158371,12892
ENSG00000203859,119957554,119965658,8104
ENSG00000135249,105172532,105208124,35592
ENSG00000105641,17982782,18005983,23201
ENSG00000175832,41605212,41656988,51776
ENSG00000119684,75480467,75518235,37768
ENSG00000100445,24908972,24912111,3139
ENSG00000272822,49297286,49351148,53862
ENSG00000007080,18043825,18054800,10975
ENSG00000137691,101918174,101955291,37117
ENSG00000105642,18062102,18110889,48787
ENSG00000139537,49297893,49325623,27730
ENSG00000203857,120049821,120057681,7860
ENSG00000123095,26272959,26278060,5101
ENSG00000258744,24970800,24977894,7094
ENSG00000162545,20808884,20812713,3829
ENSG00000092009,24974559,24977471,2912
ENSG00000262628,2965963,2966901,938
ENSG00000090432,20825943,20834654,8711
ENSG00000184166,2995352,2996290,938
ENSG00000183024,3029878,3030875,997
ENSG00000204482,31553901,31556686,2785
ENSG00000183114,20878932,20881512,2580
ENSG00000100448,25042728,25045466,2738
ENSG00000172150,3100813,3101742,929
ENSG00000143067,120162045,120190396,28351
ENSG00000130377,6135258,6193112,57854
ENSG00000158825,20915441,20945401,29960
ENSG00000134285,49315301,49320257,4956
ENSG00000172146,3118915,3119844,929
ENSG00000173862,33765593,33768068,2475
ENSG00000139971,58466453,58764857,298404
ENSG00000123096,26274924,26452223,177299
ENSG00000221882,3181193,3182268,1075
ENSG00000164619,33944523,34195484,250961
ENSG00000159708,67360701,67419106,58405
ENSG00000180090,3194929,3195876,947
ENSG00000180016,3300398,3301704,1306
ENSG00000130382,6212966,6279959,66993
ENSG00000159961,3323862,3324827,965
ENSG00000092621,120202421,120286838,84417
ENSG00000127780,3336164,3337135,971
ENSG00000167769,6306153,6333640,27487
ENSG00000100450,25075686,25078905,3219
ENSG00000106089,73113536,73134002,20466
ENSG00000137693,101981192,102104154,122962
ENSG00000152455,14920819,14946314,25495
ENSG00000125656,6361463,6368919,7456
ENSG00000135999,149402009,149545130,143121
ENSG00000125652,6372444,6375042,2598
ENSG00000125650,6375159,6379069,3910
ENSG00000105643,18111941,18124911,12970
ENSG00000132704,157715523,157746922,31399
ENSG00000158828,20959948,20978004,18056
ENSG00000141255,3343313,3417146,73833
ENSG00000196072,102033713,102046469,12756
ENSG00000134240,120290619,120311528,20909
ENSG00000125651,6379580,6393992,14412
ENSG00000136026,106631655,106698057,66402
ENSG00000255154,58303341,58303847,506
ENSG00000244038,20978270,20988000,9730
ENSG00000253251,64920592,64926718,6126
ENSG00000114745,39138150,39149854,11704
ENSG00000131966,58666798,58701750,34952
ENSG00000197860,64961755,65018862,57107
ENSG00000096996,18169805,18209754,39949
ENSG00000133958,93799565,94174222,374657
ENSG00000023445,102188215,102210134,21919
ENSG00000134193,120336641,120354283,17642
ENSG00000205629,25123050,25189552,66502
ENSG00000159713,67423712,67427438,3726
ENSG00000134249,120436156,120439118,2962
ENSG00000100453,25100160,25103473,3313
ENSG00000177494,111311747,111314290,2543
ENSG00000117245,20990507,21044510,54003
ENSG00000214841,34685709,34699772,14063
ENSG00000099308,18208603,18262502,53899
ENSG00000240891,111393523,111565294,171771
ENSG00000166046,106695707,106740793,45086
ENSG00000106077,73150424,73153197,2773
ENSG00000185055,105205567,105241322,35755
ENSG00000159714,67428322,67450736,22414
ENSG00000134250,120454176,120612240,158064
ENSG00000088247,6413359,6424805,11446
ENSG00000110330,102217942,102249401,31459
ENSG00000163534,157764193,157789895,25702
ENSG00000168297,58318607,58411748,93141
ENSG00000105647,18263928,18281350,17422
ENSG00000187258,34697851,34917944,220093
ENSG00000146776,105245514,105517050,271536
ENSG00000103375,25227052,25240261,13209
ENSG00000176387,67464555,67471456,6901
ENSG00000189410,21046225,21059330,13105
ENSG00000188610,120837756,120855681,17925
ENSG00000041802,194361517,194393206,31689
ENSG00000155592,25247322,25269252,21930
ENSG00000152558,102267063,102341115,74052
ENSG00000181240,6426048,6433790,7742
ENSG00000198019,120926979,120935937,8958
ENSG00000255482,102337986,102369532,31546
ENSG00000137673,102391239,102401484,10245
ENSG00000182601,25703347,26149009,445662
ENSG00000159720,67471917,67515140,43223
ENSG00000126746,6775643,6798738,23095
ENSG00000257562,30007503,30067212,59709
ENSG00000236334,143767144,143767881,737
ENSG00000168952,25278862,25519503,240641
ENSG00000215784,143896452,143913143,16691
ENSG00000123104,26490342,26986131,495789
ENSG00000173821,78234665,78372586,137921
ENSG00000268173,18263968,18288927,24959
ENSG00000073754,157800704,157868046,67342
ENSG00000165215,73183328,73184600,1272
ENSG00000216490,18283972,18288927,4955
ENSG00000189143,73213872,73247014,33142
ENSG00000125648,6436090,6465214,29124
ENSG00000127483,21069154,21113816,44662
ENSG00000254858,18303992,18307758,3766
ENSG00000224859,30016578,30022582,6004
ENSG00000139910,26912299,27066960,154661
ENSG00000105649,18307594,18314884,7290
ENSG00000198742,98625061,98741723,116662
ENSG00000159723,67516474,67517716,1242
ENSG00000100567,58711549,58738730,27181
ENSG00000137674,102447566,102496063,48497
ENSG00000155666,27214807,27233089,18282
ENSG00000255798,102552041,102554644,2603
ENSG00000137675,102562218,102576537,14319
ENSG00000119640,75519924,75536186,16262
ENSG00000144824,111451344,111695364,244020
ENSG00000118113,102582526,102597781,15255
ENSG00000162825,144146808,144224481,77673
ENSG00000108381,3375668,3406713,31045
ENSG00000169189,27236312,27280115,43803
ENSG00000119703,75530873,75545126,14253
ENSG00000255863,49315767,49333446,17679
ENSG00000107593,102047903,102090243,42340
ENSG00000172037,49158547,49170551,12004
ENSG00000185467,98771197,98805129,33932
ENSG00000130545,6463788,6467232,3444
ENSG00000134287,49329506,49351334,21828
ENSG00000168026,39149152,39180394,31242
ENSG00000165171,73248920,73256865,7945
ENSG00000231360,144339738,144521058,181320
ENSG00000169884,49359123,49365546,6423
ENSG00000255854,144363462,144364246,784
ENSG00000175877,73275489,73280223,4734
ENSG00000039523,67552321,67580691,28370
ENSG00000013503,106751436,106903976,152540
ENSG00000205744,6467218,6482568,15350
ENSG00000123213,65018023,65167553,149530
ENSG00000183853,157963063,158070052,106989
ENSG00000167723,3413796,3461289,47493
ENSG00000173852,34968488,35077883,109395
ENSG00000128536,105517242,105676877,159635
ENSG00000245888,27279526,27301813,22287
ENSG00000158473,158149737,158154686,4949
ENSG00000164532,35242042,35293758,51716
ENSG00000158477,158223927,158228059,4132
ENSG00000176165,29235050,29238870,3820
ENSG00000186960,29241910,29282493,40583
ENSG00000168614,144811744,144830413,18669
ENSG00000125084,49372398,49375459,3061
ENSG00000158481,158259576,158263420,3844
ENSG00000181418,49388932,49393092,4160
ENSG00000168280,149632819,149883273,250454
ENSG00000075151,21132963,21503377,370414
ENSG00000122557,35672269,35735181,62912
ENSG00000144827,111697857,111712210,14353
ENSG00000077238,27324989,27376099,51110
ENSG00000158485,158297741,158301321,3580
ENSG00000241685,98923521,98985787,62266
ENSG00000184304,30045687,30661104,615417
ENSG00000204475,31556672,31560762,4090
ENSG00000104833,6494330,6502859,8529
ENSG00000119638,75548822,75594047,45225
ENSG00000181929,49396057,49412980,16923
ENSG00000166670,102641234,102651359,10125
ENSG00000099194,102106881,102124591,17710
ENSG00000196611,102660651,102668891,8240
ENSG00000105650,18318771,18366229,47458
ENSG00000103522,27413483,27462115,48632
ENSG00000187581,93813537,93814702,1165
ENSG00000149968,102706532,102714534,8002
ENSG00000175785,94184644,94254827,70183
ENSG00000064102,27058114,27091259,33145
ENSG00000125657,6531010,6535931,4921
ENSG00000129226,7482785,7485429,2644
ENSG00000137745,102813724,102826463,12739
ENSG00000122545,35840542,35944917,104375
ENSG00000140067,94385240,94395954,10714
ENSG00000137692,102932805,102962944,30139
ENSG00000144834,111717511,111732734,15223
ENSG00000168291,58413357,58419584,6227
ENSG00000077235,27470876,27561234,90358
ENSG00000102974,67596310,67673086,76776
ENSG00000100628,94400499,94443137,42638
ENSG00000092140,31028329,31089269,60940
ENSG00000111790,27091316,27119583,28267
ENSG00000130518,18367908,18385319,17411
ENSG00000170348,75598173,75643334,45161
ENSG00000125726,6583194,6604114,20920
ENSG00000144655,39183346,39196053,12707
ENSG00000125735,6663148,6670599,7451
ENSG00000129255,7486847,7496107,9260
ENSG00000159753,67678822,67691472,12650
ENSG00000130429,98971872,98992424,20552
ENSG00000168334,39224701,39234087,9386
ENSG00000187240,102980160,103350591,370431
ENSG00000125730,6677715,6730573,52858
ENSG00000168329,39304985,39323226,18241
ENSG00000158488,158323254,158327343,4089
ENSG00000176040,111753690,111800116,46426
ENSG00000064115,27126128,27167367,41239
ENSG00000047578,27561454,27791690,230236
ENSG00000262304,3468738,3539543,70805
ENSG00000258740,75705319,75735986,30667
ENSG00000112851,65222303,65378377,156074
ENSG00000170345,75745477,75748933,3456
ENSG00000008282,105730949,105753022,22073
ENSG00000258987,94405901,94410475,4574
ENSG00000125734,6729925,6737614,7689
ENSG00000089723,94492675,94515276,22601
ENSG00000049540,73442119,73484237,42118
ENSG00000117298,21543740,21671997,128257
ENSG00000089737,94517266,94547591,30325
ENSG00000186306,158368312,158369256,944
ENSG00000180708,158389718,158390656,938
ENSG00000152457,14939358,14996431,57073
ENSG00000169181,27798850,28074830,275980
ENSG00000196689,3468738,3500392,31654
ENSG00000075290,102222798,102243501,20703
ENSG00000173285,158435272,158436344,1072
ENSG00000198965,158449668,158450675,1007
ENSG00000197532,158516918,158517895,977
ENSG00000142794,21766621,21811498,44877
ENSG00000186440,158532441,158533394,953
ENSG00000140044,75894419,75940814,46395
ENSG00000167548,49412758,49453557,40799
ENSG00000186400,158548709,158549689,980
ENSG00000169180,28109300,28223241,113941
ENSG00000106244,98989671,99006452,16781
ENSG00000198967,158576229,158577170,941
ENSG00000106245,99006264,99017239,10975
ENSG00000152944,27175479,27219276,43797
ENSG00000105835,105888731,105926772,38041
ENSG00000075826,102246399,102289628,43229
ENSG00000156127,75988768,76013358,24590
ENSG00000162551,21835858,21904905,69047
ENSG00000139200,6802958,6809966,7008
ENSG00000168301,58477841,58488087,10246
ENSG00000163554,158580496,158656488,75992
ENSG00000114529,111805182,111849851,44669
ENSG00000125733,6737936,6751537,13601
ENSG00000119686,76044960,76129557,84597
ENSG00000170962,103777914,104035107,257193
ENSG00000165948,94547628,94570192,22564
ENSG00000188322,28303840,28335170,31330
ENSG00000185112,194406622,194409762,3140
ENSG00000170967,103907308,103909922,2614
ENSG00000198156,28353876,28374829,20953
ENSG00000204472,31582961,31584798,1837
ENSG00000174500,111839688,111852152,12464
ENSG00000005102,41717756,41739322,21566
ENSG00000214700,27233991,27235447,1456
ENSG00000204403,104756445,104769397,12952
ENSG00000205609,28390900,28415200,24300
ENSG00000253276,106297211,106301442,4231
ENSG00000129194,7491496,7493488,1992
ENSG00000178104,144836157,145076186,240029
ENSG00000119737,54080050,54087126,7076
ENSG00000111652,6832907,6841041,8134
ENSG00000233232,28467693,28481868,14175
ENSG00000211455,27396901,27478892,81991
ENSG00000261832,28477974,28503333,25359
ENSG00000150556,149894621,150071776,177155
ENSG00000105851,106505723,106547590,41867
ENSG00000168306,58490863,58523046,32183
ENSG00000177352,49199968,49203754,3786
ENSG00000196171,158669369,158670486,1117
ENSG00000129245,7494548,7518189,23641
ENSG00000185909,49209044,49213917,4873
ENSG00000268466,58754751,58755865,1114
ENSG00000203757,158686958,158687953,995
ENSG00000180433,158724510,158725681,1171
ENSG00000167550,49458468,49463808,5340
ENSG00000197403,158735466,158736492,1026
ENSG00000173950,194789008,194991896,202888
ENSG00000106246,99014362,99063787,49425
ENSG00000188340,158746472,158747425,953
ENSG00000197417,3511556,3539616,28060
ENSG00000204469,31588497,31605548,17051
ENSG00000165949,94571182,94583033,11851
ENSG00000163563,158801107,158819296,18189
ENSG00000076864,21922708,21995801,73093
ENSG00000032219,58765103,58840605,75502
ENSG00000040531,3539762,3564836,25074
ENSG00000172139,111859734,112013105,153371
ENSG00000248919,99017372,99063820,46448
ENSG00000236980,49215065,49229291,14226
ENSG00000187123,150186499,150330662,144163
ENSG00000005249,106685094,106802256,117162
ENSG00000139549,49483204,49488602,5398
ENSG00000173421,49235861,49295537,59676
ENSG00000160917,99036545,99054994,18449
ENSG00000225399,49297518,49298744,1226
ENSG00000188315,49306035,49315342,9307
ENSG00000268172,144989309,144991365,2056
ENSG00000213240,145209119,145291972,82853
ENSG00000255168,145209145,145319796,110651
ENSG00000114316,49315264,49378145,62881
ENSG00000119685,76099968,76421421,321453
ENSG00000068878,54091204,54197977,106773
ENSG00000139636,49490919,49504683,13764
ENSG00000163564,158900586,158946844,46258
ENSG00000173818,78388965,78411886,22921
ENSG00000196860,58862634,58875419,12785
ENSG00000100575,58875212,58894332,19120
ENSG00000268503,7517264,7517427,163
ENSG00000168288,150426148,150444330,18182
ENSG00000163386,145289772,145370303,80531
ENSG00000089693,6857170,6876641,19471
ENSG00000115963,151324709,151395525,70816
ENSG00000188603,28477983,28506896,28913
ENSG00000029153,27485787,27576241,90454
ENSG00000129214,7517382,7536700,19318
ENSG00000255339,102265385,102289638,24253
ENSG00000168509,145413095,145417545,4450
ENSG00000234058,30024382,30028006,3624
ENSG00000168309,58549844,58613337,63493
ENSG00000166136,102267203,102289757,22554
ENSG00000213977,3566196,3571976,5780
ENSG00000257950,3566357,3599488,33131
ENSG00000100578,58894103,59015216,121113
ENSG00000117289,145438469,145442635,4166
ENSG00000198643,58619673,58652575,32902
ENSG00000125731,6752171,6767599,15428
ENSG00000127774,3572109,3572962,853
ENSG00000105856,106809406,106842974,33568
ENSG00000167941,41831099,41836156,5057
ENSG00000121851,145456236,145470388,14152
ENSG00000233276,49394609,49396033,1424
ENSG00000181039,145470508,145475646,5138
ENSG00000119632,94594116,94596590,2474
ENSG00000152022,145477085,145501669,24584
ENSG00000067560,49396578,49450431,53853
ENSG00000131795,145507598,145513536,5938
ENSG00000091972,112051194,112081659,30465
ENSG00000141968,6772725,6857377,84652
ENSG00000108861,41843489,41856356,12867
ENSG00000159335,6874682,6880116,5434
ENSG00000131779,145516252,145523730,7478
ENSG00000083454,3575493,3599698,24205
ENSG00000089692,6881678,6887621,5943
ENSG00000145022,49449639,49453908,4269
ENSG00000010610,6896024,6929974,33950
ENSG00000214314,99040552,99040747,195
ENSG00000163565,158969758,159024945,55187
ENSG00000119698,94612465,94746072,133607
ENSG00000174837,6887577,6940470,52893
ENSG00000241468,99046098,99063954,17856
ENSG00000114331,194995465,195163807,168342
ENSG00000186265,112182815,112218408,35593
ENSG00000204752,7011514,7013338,1824
ENSG00000237247,7030589,7033022,2433
ENSG00000205718,7037759,7040190,2431
ENSG00000143127,145524891,145543868,18977
ENSG00000230522,7049332,7051746,2414
ENSG00000182315,7056220,7058651,2431
ENSG00000130544,7069455,7087979,18524
ENSG00000164597,106842000,107204959,362959
ENSG00000145020,49454211,49460186,5975
ENSG00000163689,58703092,59035810,332718
ENSG00000141504,7529552,7531194,1642
ENSG00000231256,41857803,41864980,7177
ENSG00000198483,145549230,145568526,19296
ENSG00000171105,7112266,7294045,181779
ENSG00000165935,27619743,27655118,35375
ENSG00000163568,159032274,159116886,84612
ENSG00000165617,59100685,59115039,14354
ENSG00000198556,99070464,99101273,30809
ENSG00000227171,30027939,30033560,5621
ENSG00000144848,112251356,112280893,29537
ENSG00000184730,28505970,28510291,4321
ENSG00000204463,31606805,31620482,13677
ENSG00000250510,6930711,6939136,8425
ENSG00000197272,28510683,28523372,12689
ENSG00000176046,28548606,28550495,1889
ENSG00000131788,145575233,145586546,11313
ENSG00000140093,94749650,94759608,9958
ENSG00000176476,28565236,28603111,37875
ENSG00000170099,94770585,94789731,19146
ENSG00000263264,7413848,7448271,34423
ENSG00000129244,7549945,7561086,11141
ENSG00000162706,159141399,159173103,31704
ENSG00000197165,28603264,28608430,5166
ENSG00000100592,59655364,59838123,182759
ENSG00000186364,145586115,145589439,3324
ENSG00000161647,41878167,41910538,32371
ENSG00000268861,7445850,7535131,89281
ENSG00000104880,7459999,7537363,77364
ENSG00000186141,145592605,145611025,18420
ENSG00000197249,94843084,94857030,13946
ENSG00000110811,6937572,6949018,11446
ENSG00000153914,65435799,65479443,43644
ENSG00000213088,159173097,159176290,3193
ENSG00000121848,145611036,145696218,85182
ENSG00000196502,28616903,28634946,18043
ENSG00000171246,78440948,78451643,10695
ENSG00000145029,49460379,49466759,6380
ENSG00000222031,151857734,151905288,47554
ENSG00000226402,30060592,30070807,10215
ENSG00000184898,152104454,152118393,13939
ENSG00000117281,145695798,145715614,19816
ENSG00000104883,7541761,7562335,20574
ENSG00000110841,27676364,27848497,172133
ENSG00000179639,159259504,159278014,18510
ENSG00000198723,7557862,7573336,15474
ENSG00000106683,73497263,73536855,39592
ENSG00000267952,7571938,7584508,12570
ENSG00000196266,159283460,159284449,989
ENSG00000198816,7580178,7585912,5734
ENSG00000255524,28648975,28670003,21028
ENSG00000174827,145726918,145764074,37156
ENSG00000249730,159401994,159402928,934
ENSG00000141510,7565097,7590856,25759
ENSG00000257545,106889736,107168696,278960
ENSG00000133935,76116134,76127532,11398
ENSG00000196184,159409512,159410600,1088
ENSG00000090674,7587512,7598895,11383
ENSG00000141564,78518619,78940171,421552
ENSG00000184155,159504793,159505842,1049
ENSG00000160908,99084142,99097947,13805
ENSG00000132703,159557615,159558655,1040
ENSG00000184203,195241221,195270209,28988
ENSG00000173402,49506146,49573048,66902
ENSG00000119650,76368479,76550928,182449
ENSG00000172209,107110463,107116098,5635
ENSG00000181619,59895740,59932060,36320
ENSG00000105865,107203929,107218906,14977
ENSG00000126790,59927081,59951148,24067
ENSG00000196652,99102274,99132323,30049
ENSG00000132693,159682079,159684379,2300
ENSG00000166135,102288829,102319755,30926
ENSG00000189283,59735036,61237133,1502097
ENSG00000123416,49521565,49525180,3615
ENSG00000221909,99143931,99156159,12228
ENSG00000050130,59951161,59972128,20967
ENSG00000184110,28699879,28747051,47172
ENSG00000158716,159750722,159752333,1611
ENSG00000123609,152126979,152146571,19592
ENSG00000138459,112280556,112304424,23868
ENSG00000117262,145764411,145827103,62692
ENSG00000083457,3617922,3704537,86615
ENSG00000111664,6949118,6956557,7439
ENSG00000268614,7598481,7604945,6464
ENSG00000075790,107220422,107269615,49193
ENSG00000075891,102495360,102589698,94338
ENSG00000106682,73588575,73611431,22856
ENSG00000181036,159770301,159786041,15740
ENSG00000197343,99156029,99174076,18047
ENSG00000196644,145883868,145924373,40505
ENSG00000164061,49591922,49708978,117056
ENSG00000119699,76424442,76449334,24892
ENSG00000111783,106976685,107156581,179896
ENSG00000269415,59957215,59957583,368
ENSG00000158714,159796540,159807039,10499
ENSG00000032444,7598890,7626650,27760
ENSG00000164062,49711435,49721396,9961
ENSG00000144724,61547243,62283288,736045
ENSG00000167552,49578579,49583107,4528
ENSG00000188004,159804264,159825137,20873
ENSG00000196993,28763108,28784128,21020
ENSG00000243284,159824106,159832447,8341
ENSG00000091986,112323407,112368377,44970
ENSG00000089916,76618259,76720685,102426
ENSG00000152042,146032647,146082765,50118
ENSG00000086730,73613982,73644161,30179
ENSG00000186910,94908801,94919127,10326
ENSG00000177602,3627211,3630067,2856
ENSG00000189058,195295573,195311076,15503
ENSG00000074356,3714460,3749545,35085
ENSG00000256029,159827690,159842843,15153
ENSG00000170054,94929054,94946026,16972
ENSG00000174236,27849428,27850566,1138
ENSG00000151838,59971257,60043549,72292
ENSG00000061794,27863706,27909228,45522
ENSG00000206531,112534556,112565703,31147
ENSG00000272647,99156291,99205433,49142
ENSG00000111665,6953957,6961230,7273
ENSG00000091137,107301080,107358254,57174
ENSG00000161649,41924516,41940997,16481
ENSG00000213085,159842154,159869953,27799
ENSG00000165953,94953611,94984181,30570
ENSG00000069020,65892176,66465423,573247
ENSG00000100665,95027428,95036250,8822
ENSG00000139970,60062694,60337684,274990
ENSG00000228001,30093815,30106445,12630
ENSG00000168488,28834356,28848558,14202
ENSG00000186275,146373546,146467744,94198
ENSG00000141499,7589389,7606820,17431
ENSG00000269620,159879884,159880159,275
ENSG00000111667,6961292,6975796,14504
ENSG00000163606,112640056,112693969,53913
ENSG00000176945,195447753,195467994,20241
ENSG00000123610,152214106,152236560,22454
ENSG00000076826,7660788,7683190,22402
ENSG00000131791,146626685,146644129,17444
ENSG00000188488,95027779,95059457,31678
ENSG00000076924,7684411,7694451,10040
ENSG00000173531,49721380,49726934,5554
ENSG00000158710,159887897,159895522,7625
ENSG00000178952,28853732,28857729,3997
ENSG00000167553,49582519,49667114,84595
ENSG00000237192,30109655,30118642,8987
ENSG00000229833,7694623,7696842,2219
ENSG00000105879,107384142,107402112,17970
ENSG00000131781,146646930,146714700,67770
ENSG00000049541,73645829,73668774,22945
ENSG00000135406,49687035,49692465,5430
ENSG00000197889,15001438,15030049,28611
ENSG00000085552,159896829,159915386,18557
ENSG00000163607,112709765,112733907,24142
ENSG00000111669,6976283,6980112,3829
ENSG00000108947,7608520,7614696,6176
ENSG00000162723,159921282,159924044,2762
ENSG00000091138,107405912,107443670,37758
ENSG00000143315,159997462,160001783,4321
ENSG00000177807,160007257,160040038,32781
ENSG00000080345,152266397,152364527,98130
ENSG00000273259,95058395,95090983,32588
ENSG00000162728,160051360,160060353,8993
ENSG00000131951,60386431,60530277,143846
ENSG00000131778,146714291,146767443,53152
ENSG00000162729,160061130,160068733,7603
ENSG00000106665,73703805,73820273,116468
ENSG00000108852,41952725,41987068,34343
ENSG00000183914,7620672,7737062,116390
ENSG00000126773,60558629,60635851,77222
ENSG00000119906,102672326,102724893,52567
ENSG00000116128,147013182,147098017,84835
ENSG00000176108,78965398,78983317,17919
ENSG00000196136,95078714,95090392,11678
ENSG00000162836,147101453,147142618,41165
ENSG00000055950,102729215,102747272,18057
ENSG00000164068,49726932,49758962,32030
ENSG00000143140,147228332,147245484,17152
ENSG00000163608,112721287,112738708,17421
ENSG00000018625,160085549,160113381,27832
ENSG00000121634,147374946,147381393,6447
ENSG00000175911,78977135,78978932,1797
ENSG00000188092,147400506,147465753,65247
ENSG00000152463,15074226,15115851,41625
ENSG00000135451,49717019,49725514,8495
ENSG00000111671,6980099,6998522,18423
ENSG00000006704,73868120,74016931,148811
ENSG00000091140,107531415,107572175,40760
ENSG00000203836,147574428,147634886,60458
ENSG00000133937,95234553,95236562,2009
ENSG00000269647,147631967,147632428,461
ENSG00000255963,147954635,147955419,784
ENSG00000175866,79008948,79091232,82284
ENSG00000010626,6982733,7023407,40674
ENSG00000132681,160121360,160156767,35407
ENSG00000100612,60610838,60636574,25736
ENSG00000122497,148003642,148025863,22221
ENSG00000204444,31620193,31625987,5794
ENSG00000111674,7022909,7032861,9952
ENSG00000100697,95552565,95624347,71782
ENSG00000256374,148201752,148202536,784
ENSG00000134061,66478103,66492627,14524
ENSG00000143318,160160285,160171676,11391
ENSG00000186897,49726200,49730971,4771
ENSG00000132510,7743222,7758114,14892
ENSG00000162734,160175127,160185166,10039
ENSG00000178401,49740700,49751309,10609
ENSG00000203832,148250249,148347506,97257
ENSG00000077809,74071994,74175026,103032
ENSG00000123352,49760367,49921205,160838
ENSG00000091136,107564244,107643700,79456
ENSG00000100614,60712470,60765805,53335
ENSG00000111676,7033626,7051484,17858
ENSG00000179008,60863187,60982261,119074
ENSG00000144857,112929850,113006303,76453
ENSG00000111678,7052141,7055166,3025
ENSG00000132716,160185505,160254920,69415
ENSG00000167874,7758383,7759417,1034
ENSG00000183011,7760003,7788556,28553
ENSG00000182224,7761064,7765600,4536
ENSG00000111679,7055631,7070479,14848
ENSG00000184302,60975669,60979568,3899
ENSG00000126778,61110133,61124977,14844
ENSG00000100625,61176246,61191066,14820
ENSG00000020426,61201460,61436671,235211
ENSG00000176020,49754267,49761349,7082
ENSG00000126814,61438169,61448076,9907
ENSG00000173540,49754277,49761384,7107
ENSG00000139974,61447832,61550451,102619
ENSG00000258465,160187254,160254920,67666
ENSG00000176095,49761727,49823975,62248
ENSG00000162735,160246602,160256138,9536
ENSG00000158517,74188309,74203659,15350
ENSG00000183091,152341850,152591001,249151
ENSG00000215021,7074490,7079988,5498
ENSG00000187492,49828165,49837268,9103
ENSG00000122218,160259063,160313190,54127
ENSG00000027075,61654277,62017694,363417
ENSG00000204439,31626075,31628549,2474
ENSG00000253787,67485704,67494235,8531
ENSG00000185614,49840687,49842463,1776
ENSG00000182179,49842640,49851379,8739
ENSG00000095539,102729275,102745628,16353
ENSG00000196275,74210483,74267847,57364
ENSG00000183763,49866034,49894007,27973
ENSG00000145113,195473636,195539148,65512
ENSG00000111684,7085348,7125814,40466
ENSG00000145675,67511548,67597649,86101
ENSG00000182107,61744088,61748558,4470
ENSG00000258989,61995846,62124682,128836
ENSG00000232774,62037258,62125414,88156
ENSG00000183086,74379083,74438803,59720
ENSG00000204438,31629006,31634060,5054
ENSG00000100644,62162231,62214976,52745
ENSG00000204435,31633013,31638120,5107
ENSG00000174374,74441226,74490064,48838
ENSG00000107815,102747124,102754158,7034
ENSG00000162736,160313062,160328742,15680
ENSG00000164076,49895421,49907655,12234
ENSG00000227147,30120906,30130396,9490
ENSG00000182326,7096351,7178336,81985
ENSG00000171786,160336857,160342638,5781
ENSG00000176244,15119522,15130775,11253
ENSG00000162738,160370376,160398468,28092
ENSG00000170634,54197975,54532437,334462
ENSG00000174428,74508364,74565623,57259
ENSG00000176236,15137384,15139318,1934
ENSG00000162739,160454820,160493052,38232
ENSG00000023608,62229075,62263146,34071
ENSG00000152464,15139179,15181817,42638
ENSG00000164078,49924435,49941299,16864
ENSG00000139973,62453803,62568431,114628
ENSG00000230230,30142137,30171100,28963
ENSG00000066294,160510885,160549306,38421
ENSG00000140015,63173287,63568755,395468
ENSG00000159403,7187513,7245203,57690
ENSG00000198750,74807499,74867509,60010
ENSG00000268891,74999908,75005425,5517
ENSG00000178809,75024337,75040279,15942
ENSG00000126785,63670832,63759937,89105
ENSG00000228008,49941278,49954370,13092
ENSG00000117090,160577890,160617085,39195
ENSG00000135213,75046066,75115548,69482
ENSG00000111785,107168373,107283090,114717
ENSG00000117091,160648536,160681641,33105
ENSG00000164077,49946302,49967606,21304
ENSG00000178021,54480315,54483409,3094
ENSG00000154001,63838075,64010092,172017
ENSG00000139178,7242183,7261869,19686
ENSG00000177994,54557171,54610879,53708
ENSG00000026751,160709037,160724611,15574
ENSG00000004534,49977440,50137478,160038
ENSG00000152465,15144583,15210692,66109
ENSG00000127946,75162621,75368280,205659
ENSG00000139194,7276280,7281538,5258
ENSG00000139182,7282294,7311541,29247
ENSG00000122224,160765864,160798051,32187
ENSG00000115306,54683422,54896812,213390
ENSG00000267496,41994576,41995326,750
ENSG00000261514,42015731,42016327,596
ENSG00000108849,42018172,42019836,1664
ENSG00000122223,160799950,160832692,32742
ENSG00000179914,160846329,160854960,8631
ENSG00000224994,30284058,30304393,20335
ENSG00000158764,160914815,160924589,9774
ENSG00000158769,160965001,160991138,26137
ENSG00000270149,160967747,161008752,41005
ENSG00000151135,107349497,107372556,23059
ENSG00000131096,42030106,42081837,51731
ENSG00000161653,42081914,42086431,4517
ENSG00000215845,161007421,161008780,1359
ENSG00000091947,42088556,42101314,12758
ENSG00000120832,107371069,107380944,9875
ENSG00000158773,161009041,161015767,6726
ENSG00000148468,15253642,15413061,159419
ENSG00000186517,161016736,161039760,23024
ENSG00000008405,107385142,107487607,102465
ENSG00000268154,161035655,161035943,288
ENSG00000161654,42112003,42144987,32984
ENSG00000143217,161040785,161059389,18604
ENSG00000077943,15555948,15762124,206176
ENSG00000162755,161068151,161070136,1985
ENSG00000143256,161070346,161087901,17555
ENSG00000241863,30302714,30304467,1753
ENSG00000158793,161087876,161095235,7359
ENSG00000141349,42148103,42153709,5606
ENSG00000214595,54950636,55199157,248521
ENSG00000158796,161090764,161102478,11714
ENSG00000143222,161122566,161128646,6080
ENSG00000143258,161129240,161135513,6273
ENSG00000151136,107712190,108053419,341229
ENSG00000143224,161136200,161147803,11603
ENSG00000158850,161141100,161147287,6187
ENSG00000158859,161154098,161168846,14748
ENSG00000108840,42154114,42201070,46956
ENSG00000158864,161166894,161184185,17291
ENSG00000158869,161185024,161190489,5465
ENSG00000268387,161190160,161192296,2136
ENSG00000233904,30447104,30451842,4738
ENSG00000158874,161192082,161193421,1339
ENSG00000158882,161195793,161200408,4615
ENSG00000148481,15820169,15902519,82350
ENSG00000061938,195590235,195638816,48581
ENSG00000143257,161199456,161208092,8636
ENSG00000248485,161228517,161255240,26723
ENSG00000158887,161274525,161279762,5237
ENSG00000143252,161284047,161332984,48937
ENSG00000188931,161334521,161337664,3143
ENSG00000143226,161475220,161493803,18583
ENSG00000173110,161494036,161496681,2645
ENSG00000115310,55199325,55339757,140432
ENSG00000203747,161511549,161600917,89368
ENSG00000258333,30460850,30464750,3900
ENSG00000235986,30498998,30514796,15798
ENSG00000072694,161551101,161648444,97343
ENSG00000244682,161551129,161575452,24323
ENSG00000162747,161592986,161601753,8767
ENSG00000136045,108079509,108106944,27435
ENSG00000165983,16478942,16555736,76794
ENSG00000125319,42219274,42239844,20570
ENSG00000132185,161676762,161684142,7380
ENSG00000162746,161691353,161697933,6580
ENSG00000081721,161719548,161727028,7480
ENSG00000072274,195754054,195809060,55006
ENSG00000118217,161736084,161933860,197776
ENSG00000165985,16555742,16564004,8262
ENSG00000110851,108126643,108155049,28406
ENSG00000162745,161952982,161993644,40662
ENSG00000148484,16632610,16859527,226917
ENSG00000198929,162039564,162353321,313757
ENSG00000161664,42247815,42256451,8636
ENSG00000254706,162335197,162351905,16708
ENSG00000239887,162336698,162356600,19902
ENSG00000171722,162342993,162346660,3667
ENSG00000228186,30514508,30521345,6837
ENSG00000198574,162365056,162381928,16872
ENSG00000152332,162467041,162499419,32378
ENSG00000117143,162531323,162569627,38304
ENSG00000168591,42264338,42269099,4761
ENSG00000187855,108168162,108170421,2259
ENSG00000162733,162601163,162757190,156027
ENSG00000075035,108523248,108644314,121066
ENSG00000132196,162760492,162782607,22115
ENSG00000236149,30529000,30554805,25805
ENSG00000185860,162794248,162838605,44357
ENSG00000117152,163038565,163046592,8027
ENSG00000143248,163080911,163291577,210666
ENSG00000162994,55401927,55459699,57772
ENSG00000143228,163236366,163325554,89188
ENSG00000107611,16865963,17171830,305867
ENSG00000185630,164524821,164868533,343712
ENSG00000087152,42269173,42277481,8308
ENSG00000162761,165171104,165325952,154848
ENSG00000143171,165370159,165414433,44274
ENSG00000162763,165513244,165533198,19954
ENSG00000174600,108681821,108733118,51297
ENSG00000143198,165600098,165631033,30935
ENSG00000143149,165631453,165668100,36647
ENSG00000163958,195924320,195938308,13988
ENSG00000198855,108908962,108919614,10652
ENSG00000143183,165696032,165796992,100960
ENSG00000163959,195938358,195970049,31691
ENSG00000143179,165796768,165880855,84087
ENSG00000188859,166026674,166136206,109532
ENSG00000267884,166026679,166028709,2030
ENSG00000143157,166808681,166825581,16900
ENSG00000152382,166825747,166845564,19817
ENSG00000075856,108916357,108955176,38819
ENSG00000143195,166882443,166944719,62276
ENSG00000143947,55459039,55462989,3950
ENSG00000143194,166958346,166991451,33105
ENSG00000143167,167022073,167059868,37795
ENSG00000198842,167063282,167098402,35120
ENSG00000108312,42282401,42298994,16593
ENSG00000143190,167190066,167396582,206516
ENSG00000198821,167399877,167487847,87970
ENSG00000143162,167498914,167523004,24090
ENSG00000107614,17184253,17244053,59800
ENSG00000198771,167599330,167675486,76156
ENSG00000197965,167690429,167761156,70727
ENSG00000161217,195941093,196014828,73735
ENSG00000143199,167778625,167883453,104828
ENSG00000143158,167885967,167906278,20311
ENSG00000085760,55463731,55496483,32752
ENSG00000230995,30558026,30576238,18212
ENSG00000272741,195975101,196045093,69992
ENSG00000143164,167905021,168045081,140060
ENSG00000213123,196018090,196045170,27080
ENSG00000273331,196042953,196065244,22291
ENSG00000143147,168053997,168106821,52824
ENSG00000143155,168148171,168169950,21779
ENSG00000213064,168195176,168222263,27087
ENSG00000143178,168250278,168283664,33386
ENSG00000143185,168510003,168513235,3232
ENSG00000143184,168545711,168551315,5604
ENSG00000143196,168664697,168698502,33805
ENSG00000143153,169074935,169101960,27025
ENSG00000143156,169101769,169337205,235436
ENSG00000117475,169337208,169365778,28570
ENSG00000117477,169364108,169429907,65799
ENSG00000117479,169433147,169455241,22094
ENSG00000198734,169483404,169555826,72422
ENSG00000115355,55514978,55647057,132079
ENSG00000174175,169558087,169599431,41344
ENSG00000000460,169631245,169823221,191976
ENSG00000145107,196046213,196065374,19161
ENSG00000188404,169659808,169680839,21031
ENSG00000136003,108956358,108963160,6802
ENSG00000227420,30575335,30584021,8686
ENSG00000007908,169691781,169733846,42065
ENSG00000163960,196074533,196159345,84812
ENSG00000171806,169761670,169764107,2437
ENSG00000004939,42325753,42345509,19756
ENSG00000000457,169818772,169863408,44636
ENSG00000075945,169890467,170054349,163882
ENSG00000203740,170115142,170136931,21789
ENSG00000120370,170501270,170522587,21317
ENSG00000116132,170631869,170708560,76691
ENSG00000117501,170904612,171033906,129294
ENSG00000223752,30584468,30604447,19979
ENSG00000007933,171060018,171086959,26941
ENSG00000117507,171106879,171130707,23828
ENSG00000094963,171154347,171181822,27475
ENSG00000183160,108983622,108992096,8474
ENSG00000010932,171217638,171255117,37479
ENSG00000076258,171283347,171311223,27876
ENSG00000026025,17270258,17279592,9334
ENSG00000117523,171454651,171562650,107999
ENSG00000163961,196195654,196230639,34985
ENSG00000034971,171604557,171621823,17266
ENSG00000110876,109015686,109027735,12049
ENSG00000117533,171669300,171711387,42087
ENSG00000010165,171750788,171783163,32375
ENSG00000110880,109038885,109125372,86487
ENSG00000197959,171810621,172387606,576985
ENSG00000214097,196233748,196242237,8489
ENSG00000214921,42325758,42327236,1478
ENSG00000268413,42335297,42355825,20528
ENSG00000135845,172339329,172413230,73901
ENSG00000108309,42385781,42396039,10258
ENSG00000180999,172389828,172437971,48143
ENSG00000185798,196281056,196295545,14489
ENSG00000174013,196295482,196315930,20448
ENSG00000174004,196366557,196388875,22318
ENSG00000163964,196366646,196462878,96232
ENSG00000094975,172501489,172580971,79482
ENSG00000117560,172628154,172636014,7860
ENSG00000120337,173009100,173020103,11003
ENSG00000117586,173152873,173176452,23579
ENSG00000117592,173446405,173457946,11541
ENSG00000162753,173469603,173572233,102630
ENSG00000183831,173578700,173639001,60301
ENSG00000013306,42396993,42402238,5245
ENSG00000076321,173684080,173755840,71760
ENSG00000120334,173768688,173793858,25170
ENSG00000174007,196433148,196439164,6016
ENSG00000117593,173793641,173827684,34043
ENSG00000180370,196466728,196559518,92790
ENSG00000185278,173837220,173872687,35467
ENSG00000117601,173872947,173886516,13569
ENSG00000084112,109176466,109251366,74900
ENSG00000135870,173900352,173991435,91083
ENSG00000119231,196594727,196661585,66858
ENSG00000148488,17360382,17496329,135947
ENSG00000233641,30604663,30610825,6162
ENSG00000114503,196662273,196669468,7195
ENSG00000152061,174128548,174964445,835897
ENSG00000165996,17631958,17659376,27418
ENSG00000203737,174417212,174418683,1471
ENSG00000116161,174968300,174980851,12551
ENSG00000120333,174979925,174992561,12636
ENSG00000120332,175036994,175117202,80208
ENSG00000235750,175126123,175162135,36012
ENSG00000163001,55746740,55773015,26275
ENSG00000116147,175284330,175712906,428576
ENSG00000136738,17686124,17757913,71789
ENSG00000143207,175913967,176176629,262662
ENSG00000110887,109252708,109294819,42111
ENSG00000116183,176432307,176814735,382428
ENSG00000233561,30610735,30630683,19948
ENSG00000119227,196673214,196695931,22717
ENSG00000152092,176826438,177134109,307671
ENSG00000030582,42422614,42430470,7856
ENSG00000198797,177140633,177251558,110925
ENSG00000163975,196715492,196756687,41195
ENSG00000120341,177893091,177953438,60347
ENSG00000138041,55774428,55846015,71587
ENSG00000166111,109304658,109459045,154387
ENSG00000148483,17794251,17842867,48616
ENSG00000075391,178062864,178448644,385780
ENSG00000240021,178482212,178517734,35522
ENSG00000213057,178511887,178518024,6137
ENSG00000184909,178511950,178517579,5629
ENSG00000116191,178694300,178889238,194938
ENSG00000116194,178818840,178840187,21347
ENSG00000116199,178994939,179045697,50758
ENSG00000186283,179050512,179067158,16646
ENSG00000075711,196769431,197026171,256740
ENSG00000143322,179068462,179198819,130357
ENSG00000057252,179262925,179327815,64890
ENSG00000183748,17851362,17953178,101816
ENSG00000162779,179334855,179523870,189015
ENSG00000269064,179443716,179457805,14089
ENSG00000135093,109460894,109525831,64937
ENSG00000116218,179519674,179545087,25413
ENSG00000231247,30634035,30645541,11506
ENSG00000162782,179560748,179660407,99659
ENSG00000143340,179712298,179785333,73035
ENSG00000235773,30645693,30649066,3373
ENSG00000169905,179809102,179846938,37836
ENSG00000161682,42430583,42441243,10660
ENSG00000143337,179851177,179894135,42958
ENSG00000138035,55861400,55921045,59645
ENSG00000135837,179923873,180084015,160142
ENSG00000189046,109525996,109531436,5440
ENSG00000116260,180123969,180173165,49196
ENSG00000121454,180199421,180249380,49959
ENSG00000005961,42449548,42466873,17325
ENSG00000135847,180244515,180472089,227574
ENSG00000184040,18041218,18089855,48637
ENSG00000143324,180601140,180859387,258247
ENSG00000076248,109535379,109548797,13418
ENSG00000135835,180882290,180920750,38460
ENSG00000234237,180941695,180949868,8173
ENSG00000135823,180941861,180992047,50186
ENSG00000153029,181003067,181031074,28007
ENSG00000162783,181057638,181059977,2339
ENSG00000224587,30657449,30675531,18082
ENSG00000120586,18098352,18200091,101739
ENSG00000076555,109554400,109706031,151631
ENSG00000198216,181382238,181777219,394981
ENSG00000179930,182023705,182030847,7142
ENSG00000115380,56093102,56151274,58172
ENSG00000135821,182350839,182361341,10502
ENSG00000203730,182367252,182369751,2499
ENSG00000186566,42472652,42580798,108146
ENSG00000148482,18240768,18332221,91453
ENSG00000121446,182419256,182529734,110478
ENSG00000135828,182542769,182558391,15622
ENSG00000143333,182567758,182573543,5785
ENSG00000227739,30677842,30683067,5225
ENSG00000135824,182615239,182653711,38472
ENSG00000135838,182758428,182799519,41091
ENSG00000180340,42634925,42636907,1982
ENSG00000135829,182808504,182856886,48382
ENSG00000157060,182869000,182922660,53660
ENSG00000135862,182992595,183114727,122132
ENSG00000165995,18429606,18830798,401192
ENSG00000058085,183155373,183214035,58662
ENSG00000157064,183217372,183387737,170365
ENSG00000180336,42733762,42767676,33914
ENSG00000161267,197236654,197300194,63540
ENSG00000055813,56411258,56613308,202050
ENSG00000116698,183441351,183567381,126030
ENSG00000028116,58134786,58387055,252269
ENSG00000180329,42750437,42767147,16710
ENSG00000116701,183524698,183560011,35313
ENSG00000161692,42785976,42829632,43656
ENSG00000162704,183592401,183604892,12491
ENSG00000143344,183605220,183897665,292445
ENSG00000173627,183615541,183622451,6910
ENSG00000145016,197398264,197476598,78334
ENSG00000198756,183898796,184006863,108067
ENSG00000198860,184020811,184043346,22535
ENSG00000116667,184356192,184598154,241962
ENSG00000139445,109715784,109747025,31241
ENSG00000116406,184659365,184724047,64682
ENSG00000174527,109785708,109893328,107620
ENSG00000135842,184759858,184943682,183824
ENSG00000121481,185014496,185071740,57244
ENSG00000115392,58386378,58468507,82129
ENSG00000121486,185087220,185126204,38984
ENSG00000116668,185126212,185260897,134685
ENSG00000122068,197464050,197514467,50417
ENSG00000116679,185265520,185286461,20941
ENSG00000232280,30685348,30700375,15027
ENSG00000143341,185703683,186160085,456402
ENSG00000073670,42836399,42859214,22815
ENSG00000116690,186265405,186283694,18289
ENSG00000047410,186280784,186344825,64041
ENSG00000110906,109886461,109915349,28888
ENSG00000241058,18834490,18940551,106061
ENSG00000157181,186344890,186390510,45620
ENSG00000268662,186364123,186365908,1785
ENSG00000262180,186369704,186370587,883
ENSG00000116703,186412698,186430254,17556
ENSG00000073756,186640923,186649559,8636
ENSG00000186001,197518097,197615307,97210
ENSG00000116711,186798085,186958113,160028
ENSG00000162670,190066792,190446759,379967
ENSG00000150681,192127587,192154945,27358
ENSG00000119866,60678302,60780702,102400
ENSG00000253148,192286122,192336415,50293
ENSG00000090104,192544857,192549161,4304
ENSG00000271786,18931405,18944123,12718
ENSG00000165997,18948334,18970568,22234
ENSG00000127074,192605275,192629390,24115
ENSG00000182963,42875816,42908184,32368
ENSG00000116741,192778169,192781403,3234
ENSG00000204740,19492779,20079330,586551
ENSG00000116750,192981380,193029237,47857
ENSG00000151148,109915207,109974507,59300
ENSG00000116747,193028552,193060907,32355
ENSG00000131097,42923721,42927848,4127
ENSG00000237155,30700841,30702196,1355
ENSG00000023572,193065598,193075244,9646
ENSG00000134371,193091147,193223031,131884
ENSG00000162630,193148175,193155784,7609
ENSG00000108883,42927311,42977030,49719
ENSG00000162687,196194909,196578355,383446
ENSG00000120594,20105168,20578785,473617
ENSG00000000971,196621008,196716634,95626
ENSG00000116785,196743925,196763203,19278
ENSG00000244414,196788887,196801319,12432
ENSG00000080910,196788898,196928356,139458
ENSG00000134365,196819371,196888102,68731
ENSG00000134389,196946667,196978804,32137
ENSG00000143278,197008321,197036397,28076
ENSG00000137332,30838646,30857829,19183
ENSG00000066279,197053258,197115824,62566
ENSG00000115421,60983365,61029220,45855
ENSG00000177888,197122810,197169672,46862
ENSG00000114473,197615946,197687013,71067
ENSG00000078114,21068902,21463116,394214
ENSG00000134376,197170592,197447585,276993
ENSG00000182899,197676858,197683481,6623
ENSG00000213047,197473878,197744826,270948
ENSG00000162924,61108656,61158745,50089
ENSG00000203724,197871777,197876497,4720
ENSG00000143355,197881037,197904608,23571
ENSG00000185621,197687071,197770591,83520
ENSG00000151414,198126093,198291550,165457
ENSG00000151418,198492352,198510075,17723
ENSG00000162927,61167357,61245394,78037
ENSG00000167131,42976510,42982758,6248
ENSG00000139428,109991542,110011679,20137
ENSG00000204683,21414692,21435488,20796
ENSG00000081237,198607801,198726545,118744
ENSG00000204682,21781587,21786191,4604
ENSG00000180592,21802407,21814611,12204
ENSG00000214447,42977135,42982758,5623
ENSG00000116833,199996730,200146552,149822
ENSG00000162702,200374068,200379184,5116
ENSG00000078403,21823094,22032559,209465
ENSG00000118193,200520628,200589862,69234
ENSG00000118197,200593024,200639097,46073
ENSG00000131095,42982376,42994305,11929
ENSG00000118200,200708686,200829832,121146
ENSG00000170128,200842083,200843306,1223
ENSG00000163362,200860176,200884863,24687
ENSG00000236895,30865832,30871754,5922
ENSG00000116852,200938520,200992828,54308
ENSG00000223587,65431,66175,744
ENSG00000224918,95031,96029,998
ENSG00000224318,237441,239024,1583
ENSG00000252017,324372,324475,103
ENSG00000231660,350397,351005,608
ENSG00000234661,405053,427478,22425
ENSG00000162928,61244360,61279125,34765
ENSG00000224957,577914,887698,309784
ENSG00000238075,659472,659997,525
ENSG00000224239,898807,899774,967
ENSG00000235158,1049819,1054618,4799
ENSG00000244169,1107266,1107559,293
ENSG00000232563,1435857,1436132,275
ENSG00000184423,1637461,1637929,468
ENSG00000081248,201008642,201081694,73052
ENSG00000232237,201083081,201096312,13231
ENSG00000110921,110011060,110035067,24007
ENSG00000116857,201103900,201140702,36802
ENSG00000214074,1771754,1772158,404
ENSG00000214073,1947335,1947809,474
ENSG00000162929,61293006,61391960,98954
ENSG00000163395,201159953,201198080,38127
ENSG00000225044,2004065,2029154,25089
ENSG00000223040,2130617,2130895,278
ENSG00000227588,2152093,2185925,33832
ENSG00000230398,2403942,2404422,480
ENSG00000225310,3026915,3027259,344
ENSG00000237990,3080717,3102829,22112
ENSG00000253049,3144597,3144699,102
ENSG00000271870,3194626,3195119,493
ENSG00000223727,3292371,3668980,376609
ENSG00000223036,3688140,3688262,122
ENSG00000229241,4023665,4025979,2314
ENSG00000234325,4456264,4456644,380
ENSG00000231249,4532575,4534847,2272
ENSG00000235947,4790876,4793274,2398
ENSG00000239126,4920283,4920386,103
ENSG00000235831,4938493,5021646,83153
ENSG00000230182,5110361,5110729,368
ENSG00000224082,5121897,5126114,4217
ENSG00000081277,201252580,201302121,49541
ENSG00000236178,30865890,30883959,18069
ENSG00000118194,201328136,201346890,18754
ENSG00000159166,201342372,201368736,26364
ENSG00000159173,201373625,201398994,25369
ENSG00000186185,43002077,43025082,23005
ENSG00000174307,201434620,201438365,3745
ENSG00000207283,5127863,5127964,101
ENSG00000237566,5141312,5141546,234
ENSG00000233912,5198590,5229014,30424
ENSG00000265180,5291862,5291940,78
ENSG00000241227,5294613,5294908,295
ENSG00000230944,5297220,5298446,1226
ENSG00000229642,6004529,6165807,161278
ENSG00000136770,22045466,22292698,247232
ENSG00000226022,6190171,6407572,217401
ENSG00000232958,6249956,6250258,302
ENSG00000189229,6532166,6777816,245650
ENSG00000139438,110152033,110208312,56279
ENSG00000226258,6673376,6847136,173760
ENSG00000159176,201452658,201478584,25926
ENSG00000237651,61372243,61391964,19721
ENSG00000173209,61404553,61418338,13785
ENSG00000131094,43037061,43045439,8378
ENSG00000269690,201592013,201592738,725
ENSG00000111199,110220890,110271212,50322
ENSG00000134369,201592411,201796102,203691
ENSG00000172992,43100708,43138473,37765
ENSG00000223719,6734006,6734775,769
ENSG00000236152,6814724,6815030,306
ENSG00000237665,6934319,6935709,1390
ENSG00000236202,7561428,7602020,40592
ENSG00000270207,7648577,7649584,1007
ENSG00000227110,7994492,8653610,659118
ENSG00000266293,8048164,8048248,84
ENSG00000198700,201798269,201853422,55153
ENSG00000136448,43128978,43186384,57406
ENSG00000198892,201857808,201861434,3626
ENSG00000228351,8121009,8154611,33602
ENSG00000253081,8406215,8406334,119
ENSG00000231401,8406393,8408078,1685
ENSG00000237697,8613468,8615561,2093
ENSG00000224884,8615412,8634810,19398
ENSG00000215160,8729829,8730845,1016
ENSG00000265330,8737000,8737076,76
ENSG00000264097,8737735,8737803,68
ENSG00000266275,8737863,8737942,79
ENSG00000265169,8741697,8741784,87
ENSG00000223601,22497743,22498950,1207
ENSG00000163431,201865580,201915715,50135
ENSG00000266778,8812877,8812973,96
ENSG00000199815,8973179,8973316,137
ENSG00000224808,9055807,9057663,1856
ENSG00000134375,201924619,201939789,15170
ENSG00000148444,22604903,22609235,4332
ENSG00000176393,201951500,201975275,23775
ENSG00000228723,9234177,9236137,1960
ENSG00000163435,201977073,201986316,9243
ENSG00000115464,61414598,61697904,283306
ENSG00000170075,202091986,202102720,10734
ENSG00000143862,202102532,202113869,11337
ENSG00000227929,9258579,9259771,1192
ENSG00000235830,9298443,9299191,748
ENSG00000254485,9334272,9404987,70715
ENSG00000214041,9390071,9390952,881
ENSG00000143851,202116141,202130716,14575
ENSG00000206573,9391373,9440263,48890
ENSG00000266001,9467941,9468034,93
ENSG00000269975,9540045,9541253,1208
ENSG00000235338,9642432,9644412,1980
ENSG00000269886,9854446,9854781,335
ENSG00000212327,9960735,9960837,102
ENSG00000269894,9977390,9977942,552
ENSG00000230082,9989088,9996471,7383
ENSG00000269982,10000401,10004223,3822
ENSG00000180385,10028577,10048674,20097
ENSG00000161714,43186335,43210721,24386
ENSG00000133067,202163029,202288909,125880
ENSG00000232901,10042331,10042624,293
ENSG00000206567,10048102,10052893,4791
ENSG00000139433,110288748,110318293,29545
ENSG00000077152,202300785,202311108,10323
ENSG00000269897,22605317,22618471,13154
ENSG00000186162,10055932,10068049,12117
ENSG00000201182,10079236,10079339,103
ENSG00000229217,10099657,10099971,314
ENSG00000238642,10175069,10175172,103
ENSG00000238345,10182834,10182931,97
ENSG00000222348,10258896,10259003,107
ENSG00000231177,10326103,10327430,1327
ENSG00000168283,22610140,22620413,10273
ENSG00000240288,10327438,10335133,7695
ENSG00000077157,202317827,202561834,244007
ENSG00000139437,110338069,110421646,83577
ENSG00000264534,10371913,10371969,56
ENSG00000216135,10436173,10436246,73
ENSG00000239167,10523647,10523709,62
ENSG00000236999,10607939,10612059,4120
ENSG00000224771,10667706,10668492,786
ENSG00000143858,202559724,202679545,119821
ENSG00000181513,43209967,43221548,11581
ENSG00000117139,202696526,202778598,82072
ENSG00000226567,10801169,10805877,4708
ENSG00000230599,10809149,10813403,4254
ENSG00000232287,11047784,11060910,13126
ENSG00000213964,11275942,11276268,326
ENSG00000226621,11332092,11332349,257
ENSG00000235240,11529774,11529947,173
ENSG00000270531,11570962,11571229,267
ENSG00000271716,11648658,11652222,3564
ENSG00000272483,11653076,11653671,595
ENSG00000244030,11761930,11766453,4523
ENSG00000230342,11901148,11932646,31498
ENSG00000224246,30888849,30889671,822
ENSG00000224263,11920304,11920603,299
ENSG00000225275,11941485,11942719,1234
ENSG00000231897,11948001,11953787,5786
ENSG00000251038,11951108,11952239,1131
ENSG00000263988,11994264,11994559,295
ENSG00000184774,202789394,202796353,6959
ENSG00000183155,202848085,202858263,10178
ENSG00000157152,12045876,12232900,187024
ENSG00000117153,202860228,202897764,37536
ENSG00000159346,202909951,202927700,17749
ENSG00000159348,202930997,202936408,5411
ENSG00000163444,202976514,202993976,17462
ENSG00000139436,110367607,110434194,66587
ENSG00000232308,30908600,30911697,3097
ENSG00000234137,30941181,30947386,6205
ENSG00000257972,30964485,30993378,28893
ENSG00000257147,31028109,31031915,3806
ENSG00000229432,31071500,31072836,1336
ENSG00000235487,31075027,31100333,25306
ENSG00000077327,22634399,22743153,108754
ENSG00000137197,31075367,31080724,5357
ENSG00000224544,31097829,31099645,1816
ENSG00000186834,43224684,43229468,4784
ENSG00000168517,43238067,43247407,9340
ENSG00000226642,12111695,12112860,1165
ENSG00000234114,31102772,31118543,15771
ENSG00000265870,12112538,12112621,83
ENSG00000233026,12206799,12207142,343
ENSG00000236062,12299300,12299959,659
ENSG00000225026,12369502,12369773,271
ENSG00000251777,12543122,12543203,81
ENSG00000200114,12552594,12552712,118
ENSG00000251774,12556205,12556306,101
ENSG00000239140,12674233,12674333,100
ENSG00000233252,12715198,12715382,184
ENSG00000184922,43298811,43324687,25876
ENSG00000213943,12828892,12830170,1278
ENSG00000272263,12873718,12874227,509
ENSG00000207496,12881811,12881949,138
ENSG00000250939,12892158,12892359,201
ENSG00000232746,12919021,12926710,7689
ENSG00000231362,13094467,13094622,155
ENSG00000238138,13501794,13501898,104
ENSG00000223398,13501924,13502389,465
ENSG00000244502,13518482,13521553,3071
ENSG00000224514,13692196,13788132,95936
ENSG00000265457,13759417,13759507,90
ENSG00000238827,13779558,13779629,71
ENSG00000233121,13968310,13969275,965
ENSG00000250439,13974553,13978977,4424
ENSG00000224752,14130607,14131371,764
ENSG00000228242,14186223,14189784,3561
ENSG00000150867,22823778,23003484,179706
ENSG00000255021,14313873,14345345,31472
ENSG00000251576,14389951,14394068,4117
ENSG00000199609,14436148,14436257,109
ENSG00000144596,14530619,14583588,52969
ENSG00000082898,61704984,61765761,60777
ENSG00000262743,243062007,243062204,197
ENSG00000261859,243064438,243064620,182
ENSG00000271453,243117332,243117785,453
ENSG00000262523,94822976,94865811,42835
ENSG00000266592,4934796,5025475,90679
ENSG00000264466,5046902,5047034,132
ENSG00000263495,5090055,5090173,118
ENSG00000265721,5135600,5135735,135
ENSG00000265431,5238076,5238165,89
ENSG00000271668,57552873,57553602,729
ENSG00000265385,70866135,70866572,437
ENSG00000264996,70922309,70923361,1052
ENSG00000272336,118935973,118936387,414
ENSG00000272208,118938084,118938408,324
ENSG00000273005,130125883,130126024,141
ENSG00000263487,130135952,130136045,93
ENSG00000264035,130266449,130266567,118
ENSG00000273491,130600118,130603315,3197
ENSG00000265177,130605414,130773830,168416
ENSG00000272014,130217801,130218782,981
ENSG00000261883,118955575,118964258,8683
ENSG00000272357,145464395,145464879,484
ENSG00000263064,56870561,56872546,1985
ENSG00000268248,56881183,56883671,2488
ENSG00000269764,56884715,56885557,842
ENSG00000268843,56886601,56887395,794
ENSG00000268025,56888439,56889377,938
ENSG00000268187,56890421,56894804,4383
ENSG00000265551,46222648,46288409,65761
ENSG00000273246,56897122,56900285,3163
ENSG00000270256,46308096,46308392,296
ENSG00000264282,46310876,46313036,2160
ENSG00000267377,34443570,34504870,61300
ENSG00000264842,46321042,46349323,28281
ENSG00000266986,34488982,34490296,1314
ENSG00000267536,34552622,34554183,1561
ENSG00000267602,34962056,34962685,629
ENSG00000264889,46349541,46411619,62078
ENSG00000264291,46351755,46351870,115
ENSG00000264217,46435970,46436302,332
ENSG00000265354,46467922,46484300,16378
ENSG00000265733,46480058,46480258,200
ENSG00000262705,139141824,139143051,1227
ENSG00000266214,141559618,141559669,51
ENSG00000260295,49872181,49884080,11899
ENSG00000260169,49875632,49880954,5322
ENSG00000266412,46500536,46526162,25626
ENSG00000270851,190901057,190901762,705
ENSG00000261910,76839307,76926281,86974
ENSG00000263185,62224587,62340661,116074
ENSG00000262909,62619655,62739428,119773
ENSG00000271812,62650189,62650441,252
ENSG00000264606,206072825,206087470,14645
ENSG00000265183,206143800,206143885,85
ENSG00000265640,206238621,206240807,2186
ENSG00000265448,206396888,206396999,111
ENSG00000264611,206442425,206445160,2735
ENSG00000264375,206698210,206699183,973
ENSG00000265184,206699097,206747980,48883
ENSG00000263695,206745524,206745596,72
ENSG00000266641,206748505,206797844,49339
ENSG00000264533,206759398,206759830,432
ENSG00000241541,206811541,206811653,112
ENSG00000270950,29730998,29731132,134
ENSG00000263668,29770729,29771525,796
ENSG00000266810,29780097,29780228,131
ENSG00000264100,29858199,29859330,1131
ENSG00000264683,29868164,29868530,366
ENSG00000266519,29869403,29870265,862
ENSG00000270063,29887572,29888562,990
ENSG00000266161,29888048,29890825,2777
ENSG00000264487,29893936,29894121,185
ENSG00000265088,29901734,29902726,992
ENSG00000263992,29916221,29918195,1974
ENSG00000264325,29759097,29769948,10851
ENSG00000264751,29794491,29798554,4063
ENSG00000263282,101804400,101804617,217
ENSG00000262398,101805576,101806076,500
ENSG00000262840,57327727,57578372,250645
ENSG00000260297,101830099,101830319,220
ENSG00000262935,101831879,101832108,229
ENSG00000266796,29849263,29852708,3445
ENSG00000272624,101993749,101995253,1504
ENSG00000269100,31902192,31902614,422
ENSG00000266735,112517642,112517748,106
ENSG00000265434,29902129,29909270,7141
ENSG00000262325,102813725,102826464,12739
ENSG00000266888,112557295,112671296,114001
ENSG00000262844,15009217,15010240,1023
ENSG00000270046,40194484,40194986,502
ENSG00000267718,40196965,40199369,2404
ENSG00000263010,111886030,111886847,817
ENSG00000270353,111907350,111907586,236
ENSG00000262506,111944809,111955873,11064
ENSG00000268161,8646044,8647599,1555
ENSG00000268376,8695555,8703533,7978
ENSG00000269880,8843549,8843745,196
ENSG00000262124,8874588,8897212,22624
ENSG00000262330,8836096,8838684,2588
ENSG00000262341,50277054,50277416,362
ENSG00000268612,26597180,26600278,3098
ENSG00000271281,26612131,26613337,1206
ENSG00000268998,26630782,26632007,1225
ENSG00000269264,26634611,26637008,2397
ENSG00000267894,26636518,26659980,23462
ENSG00000267814,26686469,26688192,1723
ENSG00000263639,46528753,46541772,13019
ENSG00000264852,46555796,46556144,348
ENSG00000264586,46558698,46559168,470
ENSG00000264204,46604943,46627108,22165
ENSG00000264221,46694725,46698084,3359
ENSG00000263471,46718591,46719863,1272
ENSG00000263482,46729423,46769005,39582
ENSG00000263673,46780296,46781445,1149
ENSG00000266301,46832672,46848689,16017
ENSG00000262722,47039422,47050978,11556
ENSG00000263480,47073665,47089621,15956
ENSG00000263939,47078230,47093593,15363
ENSG00000266253,47093366,47107602,14236
ENSG00000264651,47105922,47147473,41551
ENSG00000272340,47127835,47130920,3085
ENSG00000266880,47130359,47130914,555
ENSG00000266585,47144396,47144679,283
ENSG00000264404,47236044,47246689,10645
ENSG00000265854,47253537,47254648,1111
ENSG00000265366,47254541,47282319,27778
ENSG00000265424,47270683,47271629,946
ENSG00000265124,47283838,47333708,49870
ENSG00000264664,47302906,47303021,115
ENSG00000265397,47366306,47390774,24468
ENSG00000264821,72138047,72138146,99
ENSG00000264427,72162874,72162949,75
ENSG00000271506,72187850,72188054,204
ENSG00000266147,72287855,72288128,273
ENSG00000262295,72294382,72302287,7905
ENSG00000263191,72306396,72306684,288
ENSG00000261894,72327714,72335467,7753
ENSG00000262122,72344322,72416397,72075
ENSG00000273072,72389375,72390082,707
ENSG00000265426,79374516,79374578,62
ENSG00000266303,79424904,79424988,84
ENSG00000266662,79502196,79510930,8734
ENSG00000262696,72412538,72419747,7209
ENSG00000262421,72424442,72434423,9981
ENSG00000263067,72434653,72470879,36226
ENSG00000262863,72434771,72436684,1913
ENSG00000262709,72448318,72448418,100
ENSG00000269406,72453906,72459424,5518
ENSG00000268956,72470498,72606602,136104
ENSG00000262574,72476101,72476202,101
ENSG00000262461,72484688,72550995,66307
ENSG00000262060,72502343,72565663,63320
ENSG00000269634,72560314,72560415,101
ENSG00000264832,47406844,47497936,91092
ENSG00000261948,72619902,72670574,50672
ENSG00000263213,72652926,72653693,767
ENSG00000262984,72685533,72700902,15369
ENSG00000261952,72758454,72767456,9002
ENSG00000266524,47795834,47808995,13161
ENSG00000262589,72767474,72773824,6350
ENSG00000263761,47817957,47821718,3761
ENSG00000265203,47843819,47853323,9504
ENSG00000265383,47847188,47847286,98
ENSG00000262964,72777496,72793039,15543
ENSG00000262374,72779064,72780170,1106
ENSG00000265763,47860944,47879786,18842
ENSG00000266298,47876210,47876884,674
ENSG00000263703,47902613,47910022,7409
ENSG00000262532,72793121,72823582,30461
ENSG00000262901,72804051,72804157,106
ENSG00000262013,72868745,72868846,101
ENSG00000263254,72898736,72901077,2341
ENSG00000265190,47955610,47979557,23947
ENSG00000262694,72905355,72987235,81880
ENSG00000262123,72972165,72972231,66
ENSG00000263801,47955611,47979531,23920
ENSG00000270156,47972596,47985476,12880
ENSG00000271545,47979905,47980204,299
ENSG00000264883,47982667,47987141,4474
ENSG00000264561,47997302,48045198,47896
ENSG00000263151,73001313,73022959,21646
ENSG00000266787,48027800,48027915,115
ENSG00000263605,48035554,48047394,11840
ENSG00000265630,48059000,48065145,6145
ENSG00000264436,48059704,48061463,1759
ENSG00000266217,48076662,48077769,1107
ENSG00000265578,48185155,48226140,40985
ENSG00000266165,48187892,48188175,283
ENSG00000266034,48201651,48202250,599
ENSG00000264199,48405841,48414013,8172
ENSG00000265018,48424102,48445940,21838
ENSG00000263484,48454691,48454806,115
ENSG00000270025,48462448,48474245,11797
ENSG00000273225,46864535,46868997,4462
ENSG00000264230,46871075,46887229,16154
ENSG00000266170,46956547,46961329,4782
ENSG00000264717,48332968,48337753,4785
ENSG00000263049,73033889,73043748,9859
ENSG00000262077,73058151,73089500,31349
ENSG00000272618,72039493,72293191,253698
ENSG00000268972,137029561,137029686,125
ENSG00000273298,137033891,137034462,571
ENSG00000269862,99497378,99649053,151675
ENSG00000269733,99511459,99551024,39565
ENSG00000269174,99672061,99675035,2974
ENSG00000269714,99679552,99794452,114900
ENSG00000268741,99682546,99688599,6053
ENSG00000269283,99648309,99678794,30485
ENSG00000269277,133787054,133812430,25376
ENSG00000269797,132815705,132902448,86743
ENSG00000269262,137198748,137200214,1466
ENSG00000269571,137221915,137345402,123487
ENSG00000267806,132902889,132906498,3609
ENSG00000267930,43759014,43759454,440
ENSG00000268284,43765668,43767139,1471
ENSG00000268986,43781090,43782161,1071
ENSG00000268733,132934857,132999583,64726
ENSG00000268290,70323382,70323697,315
ENSG00000268837,70477199,70481595,4396
ENSG00000269863,70492270,70493667,1397
ENSG00000269137,70551272,70551374,102
ENSG00000269211,70708895,70711220,2325
ENSG00000269325,70718375,70718473,98
ENSG00000268329,57769642,57791162,21520
ENSG00000268430,70313961,71048647,734686
ENSG00000269180,57792129,57896965,104836
ENSG00000269214,57864448,57864554,106
ENSG00000270675,57847692,57850839,3147
ENSG00000269324,133046882,133340606,293724
ENSG00000262018,73132782,73137069,4287
ENSG00000261940,73145926,73148410,2484
ENSG00000262030,73147982,73170118,22136
ENSG00000263024,73164163,73184629,20466
ENSG00000266280,73176274,73176354,80
ENSG00000262387,73197528,73197828,300
ENSG00000261908,73199995,73201011,1016
ENSG00000262947,73201051,73203824,2773
ENSG00000262073,73233955,73235227,1272
ENSG00000262988,73264499,73297641,33142
ENSG00000262499,73299547,73307492,7945
ENSG00000262459,73326116,73330850,4734
ENSG00000262981,73450949,73453724,2775
ENSG00000262184,73492746,73534864,42118
ENSG00000262058,73524533,73527241,2708
ENSG00000262063,73547890,73587482,39592
ENSG00000263344,73639202,73662058,22856
ENSG00000263190,73656155,73656251,96
ENSG00000262128,73664609,73694788,30179
ENSG00000261911,73696456,73719401,22945
ENSG00000262047,73723483,73723573,90
ENSG00000263226,73754432,73870900,116468
ENSG00000261920,73918747,74067561,148814
ENSG00000261918,73952385,73952497,112
ENSG00000263294,74036304,74036381,77
ENSG00000273401,74071870,74072256,386
ENSG00000261919,74238919,74254272,15353
ENSG00000268855,74360773,74360874,101
ENSG00000262388,74429911,74430016,105
ENSG00000262960,74621596,74637001,15405
ENSG00000262648,74668898,74669562,664
ENSG00000263081,74697885,74698881,996
ENSG00000267828,74762947,74763048,101
ENSG00000268250,74790916,74791017,101
ENSG00000268978,74818842,74818943,101
ENSG00000268330,74835589,74841107,5518
ENSG00000262779,74846595,74846695,100
ENSG00000261875,74856912,74860391,3479
ENSG00000262895,74860020,74875953,15933
ENSG00000263044,74875279,74881744,6465
ENSG00000262760,74939664,74951065,11401
ENSG00000262834,74959038,74969261,10223
ENSG00000261876,74967887,74993105,25218
ENSG00000267932,74977982,74978083,101
ENSG00000263334,74998257,75203919,205662
ENSG00000264942,75045600,75045862,262
ENSG00000262029,75234490,75254853,20363
ENSG00000262306,75276622,75288313,11691
ENSG00000263104,75300620,75301098,478
ENSG00000262744,75307559,75353883,46324
ENSG00000262569,75364157,75451812,87655
ENSG00000265726,75380154,75380226,72
ENSG00000262650,75387712,75388400,688
ENSG00000262432,75408739,75408873,134
ENSG00000262309,75451794,75459616,7822
ENSG00000262263,75461295,75512961,51666
ENSG00000262847,75513008,75532465,19457
ENSG00000263227,75536426,75539920,3494
ENSG00000261953,75552401,75552504,103
ENSG00000262876,75555388,75573736,18348
ENSG00000262270,75573391,75573720,329
ENSG00000262064,75577755,75577853,98
ENSG00000261851,75577983,75578357,374
ENSG00000262711,75582682,75597144,14462
ENSG00000262751,75638690,75642162,3472
ENSG00000262321,75666855,75752244,85389
ENSG00000265234,75753747,75754010,263
ENSG00000263001,74122661,74225649,102988
ENSG00000263008,74507134,74538820,31686
ENSG00000273150,74557549,74611888,54339
ENSG00000272391,74883570,74906074,22504
ENSG00000269731,16680767,16687245,6478
ENSG00000268486,16699848,16713306,13458
ENSG00000267966,51195376,51239737,44361
ENSG00000269671,51205929,51222091,16162
ENSG00000261345,61038553,61051026,12473
ENSG00000272470,61052926,61053650,724
ENSG00000262780,61088965,61091152,2187
ENSG00000268420,45589997,45590933,936
ENSG00000270080,45604456,45629519,25063
ENSG00000269317,45605402,45605511,109
ENSG00000268666,45606260,45606369,109
ENSG00000270089,45624017,45624544,527
ENSG00000267928,36229213,36229752,539
ENSG00000268513,45752157,45752224,67
ENSG00000269029,45772363,45773116,753
ENSG00000269675,45772512,45776285,3773
ENSG00000259988,61119399,61126582,7183
ENSG00000268183,16904970,16908163,3193
ENSG00000268212,36246735,36403433,156698
ENSG00000269856,16095340,16096419,1079
ENSG00000268753,16109235,16109355,120
ENSG00000267949,16117432,16118009,577
ENSG00000272999,36383743,36458409,74666
ENSG00000272032,61125509,61145820,20311
ENSG00000269453,36392910,36393300,390
ENSG00000269351,36595513,36595608,95
ENSG00000268258,36738035,36738338,303
ENSG00000261850,61129359,61129435,76
ENSG00000269062,36976030,36976256,226
ENSG00000265022,61139968,61140069,101
ENSG00000259927,61147727,61148440,713
ENSG00000263273,61150646,61152563,1917
ENSG00000260888,61208737,61210560,1823
ENSG00000268867,36980313,36981542,1229
ENSG00000260775,61208828,61210918,2090
ENSG00000268502,37003640,37004210,570
ENSG00000269230,37026476,37029783,3307
ENSG00000268451,37061140,37061694,554
ENSG00000269664,37095968,37096518,550
ENSG00000269854,43929900,43930001,101
ENSG00000269687,44069223,44074616,5393
ENSG00000268150,44102810,44103090,280
ENSG00000267803,43846595,43847666,1071
ENSG00000269703,43907914,43908327,413
ENSG00000269525,43920023,43920169,146
ENSG00000269314,43954674,43955041,367
ENSG00000269513,44039070,44041322,2252
ENSG00000267945,44054525,44055596,1071
ENSG00000269348,37151230,37152289,1059
ENSG00000268431,37209337,37317357,108020
ENSG00000269562,34894258,35116559,222301
ENSG00000269550,37209392,38547737,1338345
ENSG00000268169,37301585,37302130,545
ENSG00000267902,37352083,37352610,527
ENSG00000269704,37365372,37365922,550
ENSG00000269394,44077977,44115835,37858
ENSG00000268437,37401139,37405324,4185
ENSG00000269670,37431631,37544525,112894
ENSG00000267876,19136089,19137796,1707
ENSG00000269380,37545821,37592192,46371
ENSG00000268587,19158908,19160352,1444
ENSG00000269438,49967364,50094910,127546
ENSG00000268928,19163095,19166343,3248
ENSG00000268765,37640073,37673523,33450
ENSG00000272185,37479778,37487256,7478
ENSG00000269212,19225956,19226252,296
ENSG00000268668,50334647,50557302,222655
ENSG00000268890,19237386,19237479,93
ENSG00000268638,19245033,19246319,1286
ENSG00000269735,50388118,50388209,91
ENSG00000269712,50392641,50392740,99
ENSG00000269426,50648438,50648866,428
ENSG00000269479,50653784,50659607,5823
ENSG00000269669,50674114,50674548,434
ENSG00000267836,50773422,50774357,935
ENSG00000268011,50825818,50834228,8410
ENSG00000269413,50838844,50914400,75556
ENSG00000269644,50905864,50906677,813
ENSG00000269003,51075231,51080525,5294
ENSG00000268939,51099944,51139462,39518
ENSG00000268966,51139511,51208661,69150
ENSG00000269448,51149915,51151835,1920
ENSG00000269203,51233011,51239596,6585
ENSG00000268569,19318211,19435214,117003
ENSG00000269141,51245090,51254005,8915
ENSG00000269607,51361109,51361594,485
ENSG00000268077,51453791,51455131,1340
ENSG00000268273,51486385,51489228,2843
ENSG00000269301,19338881,19435745,96864
ENSG00000268018,51546007,51645357,99350
ENSG00000269216,19166989,19279229,112240
ENSG00000268910,51599968,51601066,1098
ENSG00000268405,51613706,51613809,103
ENSG00000269088,51646338,51646850,512
ENSG00000269362,51664864,51665499,635
ENSG00000268585,51666552,51666740,188
ENSG00000269527,51722223,51723012,789
ENSG00000268113,51793860,51797255,3395
ENSG00000268682,51804827,51812272,7445
ENSG00000267972,50111880,50213722,101842
ENSG00000268023,62518717,62519143,426
ENSG00000268042,62562697,62780541,217844
ENSG00000268762,62566698,62570814,4116
ENSG00000268755,62569116,62571648,2532
ENSG00000268229,62854437,63005016,150579
ENSG00000268443,62889666,62890972,1306
ENSG00000267975,62986345,62986870,525
ENSG00000269724,63005472,63005557,85
ENSG00000268498,71549366,71792953,243587
ENSG00000268304,71596829,71597019,190
ENSG00000268579,71798664,71934169,135505
ENSG00000268086,71880320,71880569,249
ENSG00000269878,71908800,71932198,23398
ENSG00000269689,71945973,71946187,214
ENSG00000268356,71947827,71948671,844
ENSG00000269245,71960556,71960719,163
ENSG00000268159,71996859,72068652,71793
ENSG00000270004,71997458,71998947,1489
ENSG00000268994,72001715,72002510,795
ENSG00000268143,72027275,72028060,785
ENSG00000268369,51806347,51806474,127
ENSG00000269401,72218238,72222706,4468
ENSG00000269076,52112030,52118680,6650
ENSG00000268347,52125053,52128614,3561
ENSG00000268572,52191587,52194138,2551
ENSG00000267891,72223363,72225562,2199
ENSG00000268905,52228046,52228916,870
ENSG00000269805,52238668,52243812,5144
ENSG00000269502,72091875,72097714,5839
ENSG00000268934,52252903,52253164,261
ENSG00000262401,52255077,52263803,8726
ENSG00000268071,52269974,52270838,864
ENSG00000268054,52288151,52290695,2544
ENSG00000268776,52304769,52305301,532
ENSG00000269726,52326989,52329312,2323
ENSG00000269530,52341494,52346289,4795
ENSG00000269544,52349532,52354758,5226
ENSG00000269780,52355656,52356523,867
ENSG00000267833,52365935,52376948,11013
ENSG00000267995,52387090,52397900,10810
ENSG00000268448,52398207,52400254,2047
ENSG00000269252,52408231,52408347,116
ENSG00000268534,52415718,52420051,4333
ENSG00000268775,52430363,52430633,270
ENSG00000267864,52439896,52450189,10293
ENSG00000268114,52450602,52452933,2331
ENSG00000269868,52465319,52465525,206
ENSG00000269281,52513808,52514078,270
ENSG00000268494,52524452,52528786,4334
ENSG00000268792,52539144,52541101,1957
ENSG00000269128,52544400,52544529,129
ENSG00000269249,52555204,52561301,6097
ENSG00000268247,52567267,52572267,5000
ENSG00000269819,52575704,52576899,1195
ENSG00000269052,52605528,52611068,5540
ENSG00000268476,52792091,52823615,31524
ENSG00000270278,52808053,52808548,495
ENSG00000268269,52825367,52831540,6173
ENSG00000269762,52836710,52837858,1148
ENSG00000268406,52837145,52910014,72869
ENSG00000269239,52856018,52856274,256
ENSG00000269098,52873481,52873541,60
ENSG00000272242,52885832,52886913,1081
ENSG00000269643,52886034,52886117,83
ENSG00000267944,52907391,52907557,166
ENSG00000271073,52912097,52913914,1817
ENSG00000269816,52934321,52968422,34101
ENSG00000269462,52955408,52957679,2271
ENSG00000268372,52975876,53064324,88448
ENSG00000269164,53065990,53066822,832
ENSG00000269734,53067562,53067674,112
ENSG00000269024,53080783,53080973,190
ENSG00000269844,53083986,53084505,519
ENSG00000269384,53117149,53165728,48579
ENSG00000269265,53165690,53174111,8421
ENSG00000268188,53174258,53177373,3115
ENSG00000268435,53175722,53176032,310
ENSG00000268780,53199273,53200029,756
ENSG00000268244,53205209,53205310,101
ENSG00000269233,53229672,53229771,99
ENSG00000269370,53299223,53299341,118
ENSG00000268251,53300192,53300274,82
ENSG00000269004,53502026,53502204,178
ENSG00000268319,53511986,53512219,233
ENSG00000268692,53550776,53551623,847
ENSG00000268726,53568887,53569309,422
ENSG00000267897,53652054,53652161,107
ENSG00000268312,53679676,53791958,112282
ENSG00000269160,53807845,53807966,121
ENSG00000268158,53811324,53926281,114957
ENSG00000268270,53890372,53890659,287
ENSG00000269511,53935823,54101642,165819
ENSG00000268806,53966324,53967062,738
ENSG00000269143,54086546,54086652,106
ENSG00000269710,51927823,51935266,7443
ENSG00000272246,51942840,51946226,3386
ENSG00000268447,52494231,52504536,10305
ENSG00000268134,52640400,52651556,11156
ENSG00000268350,52690258,52701414,11156
ENSG00000268980,53275144,53429752,154608
ENSG00000268918,112765709,112766221,512
ENSG00000269674,112859527,113181445,321918
ENSG00000271703,113125817,113126894,1077
ENSG00000268305,113187414,113187626,212
ENSG00000269756,113193144,113193309,165
ENSG00000269508,113219570,113219860,290
ENSG00000268911,113260260,113260329,69
ENSG00000269229,100580392,100580498,106
ENSG00000267832,100592713,100593277,564
ENSG00000268820,100594905,100595922,1017
ENSG00000268249,100600649,100604184,3535
ENSG00000268897,100604435,100641183,36748
ENSG00000269315,100645812,100651105,5293
ENSG00000269719,100645999,100667285,21286
ENSG00000268815,100652791,100662913,10122
ENSG00000268642,100663283,100669121,5838
ENSG00000268722,100673275,100788446,115171
ENSG00000268415,100682381,100682483,102
ENSG00000267817,100698695,100699091,396
ENSG00000268633,100792472,100794263,1791
ENSG00000269801,100805518,100809687,4169
ENSG00000268935,100852497,100853658,1161
ENSG00000268213,100870107,100872988,2881
ENSG00000269173,100877784,100882830,5046
ENSG00000268497,100877970,100879151,1181
ENSG00000267853,100882855,100883505,650
ENSG00000268377,101395448,101397942,2494
ENSG00000269258,100888993,100889099,106
ENSG00000269503,101408680,101411029,2349
ENSG00000269817,101428072,101439993,11921
ENSG00000268294,101680400,101683046,2646
ENSG00000268368,101768648,101771756,3108
ENSG00000268235,101470273,101481763,11490
ENSG00000268151,100910268,100914878,4610
ENSG00000268198,100938767,100939436,669
ENSG00000269405,101502072,101581691,79619
ENSG00000269341,100946567,100946672,105
ENSG00000269437,101615368,101694980,79612
ENSG00000267866,75249730,75250165,435
ENSG00000269056,75392771,75398039,5268
ENSG00000268029,101715291,101726784,11493
ENSG00000268539,75442472,75442932,460
ENSG00000269204,75464803,75464909,106
ENSG00000268019,75554676,75555680,1004
ENSG00000269654,75647488,75651186,3698
ENSG00000269593,75874844,75874962,118
ENSG00000267862,75875333,75876394,1061
ENSG00000269677,76225239,76225336,97
ENSG00000269616,76286544,76286662,118
ENSG00000268005,76594047,76601154,7107
ENSG00000268558,103159251,103159683,432
ENSG00000269822,103165234,103166281,1047
ENSG00000269065,103183028,103183946,918
ENSG00000269625,103216738,103217220,482
ENSG00000267820,103230754,103231249,495
ENSG00000268381,103266076,103268616,2540
ENSG00000269512,103810996,105011820,1200824
ENSG00000268629,104463614,104465356,1742
ENSG00000269685,103268626,103297383,28757
ENSG00000268176,103367060,103370771,3711
ENSG00000268570,103421549,103450831,29282
ENSG00000268259,103504967,103509862,4895
ENSG00000268574,72297126,72299362,2236
ENSG00000268881,72300017,72304485,4468
ENSG00000268035,72345887,72347930,2043
ENSG00000268667,103217580,103221224,3644
ENSG00000269226,103327497,103331141,3644
ENSG00000269518,103331501,103331983,482
ENSG00000269743,103354144,103411956,57812
ENSG00000269092,113625458,113625625,167
ENSG00000271556,113625605,113626424,819
ENSG00000268796,113627144,113627726,582
ENSG00000269075,113820548,114146531,325983
ENSG00000269461,113826090,113826405,315
ENSG00000269368,113867267,113867394,127
ENSG00000268634,113872730,113872836,106
ENSG00000269740,113875905,113875989,84
ENSG00000268450,113888014,113888093,79
ENSG00000268137,113951703,113951814,111
ENSG00000269213,113999654,113999733,79
ENSG00000268607,114011298,114013245,1947
ENSG00000268661,114059924,114060034,110
ENSG00000271212,114136829,114137044,215
ENSG00000268456,114240445,114256447,16002
ENSG00000268131,114268897,114269003,106
ENSG00000268045,114300406,114301264,858
ENSG00000268715,114305707,114306316,609
ENSG00000268417,114347092,114470542,123450
ENSG00000269023,114362786,114362914,128
ENSG00000268180,114375500,114375593,93
ENSG00000269572,114425870,114429338,3468
ENSG00000268014,114434902,114435219,317
ENSG00000267900,114526197,114544026,17829
ENSG00000271069,114691203,114691664,461
ENSG00000272184,114754652,114799201,44549
ENSG00000268145,114782107,114782187,80
ENSG00000268767,114797644,114887331,89687
ENSG00000271132,114896183,114896492,309
ENSG00000268727,114901365,114902603,1238
ENSG00000271915,114939281,114940590,1309
ENSG00000269247,142372763,142604589,231826
ENSG00000269299,142431762,142432371,609
ENSG00000267967,142520828,142521744,916
ENSG00000269864,142522303,142523066,763
ENSG00000267851,142533994,142534123,129
ENSG00000268490,142596521,142605261,8740
ENSG00000268526,142764939,142766148,1209
ENSG00000269268,142845523,142915919,70396
ENSG00000269569,142894177,142894519,342
ENSG00000268718,143396620,143396866,246
ENSG00000267921,143396918,143397479,561
ENSG00000269158,142715914,142722992,7078
ENSG00000268988,142799741,142809209,9468
ENSG00000268363,115803778,115814271,10493
ENSG00000268703,115822838,115824153,1315
ENSG00000269070,115826878,115828156,1278
ENSG00000269080,115882498,115882845,347
ENSG00000268770,114957297,114959383,2086
ENSG00000267996,115033604,115085422,51818
ENSG00000268127,115108801,115109100,299
ENSG00000269183,115159816,115160751,935
ENSG00000268389,115223254,115224763,1509
ENSG00000269602,115287055,115291305,4250
ENSG00000269582,115517181,115517286,105
ENSG00000269010,115578015,115579336,1321
ENSG00000268104,115552912,115575288,22376
ENSG00000252830,144126020,144126129,109
ENSG00000264145,144135691,144138791,3100
ENSG00000265030,144185602,144186927,1325
ENSG00000270758,144228060,144228125,65
ENSG00000263534,144228183,144259249,31066
ENSG00000266797,144281631,144322056,40425
ENSG00000268559,134193715,134257982,64267
ENSG00000269286,119144681,119149507,4826
ENSG00000268511,134209166,134210627,1461
ENSG00000268748,119170199,119280817,110618
ENSG00000269631,134229058,134232664,3606
ENSG00000267960,119205846,119211705,5859
ENSG00000269263,134252985,134254556,1571
ENSG00000269184,134253087,134253195,108
ENSG00000268824,134257269,134257634,365
ENSG00000268349,119243016,119249900,6884
ENSG00000269156,134257270,134257630,360
ENSG00000268514,134269179,134269800,621
ENSG00000269105,119251605,119253663,2058
ENSG00000268919,119292524,119298002,5478
ENSG00000268542,119336024,119336711,687
ENSG00000268695,134290566,134305428,14862
ENSG00000269500,119344424,119346643,2219
ENSG00000268848,134314285,134328709,14424
ENSG00000269603,119384715,119392361,7646
ENSG00000268600,134335761,134349262,13501
ENSG00000267962,134340591,134340676,85
ENSG00000269833,134370823,134371378,555
ENSG00000269162,134382950,134478116,95166
ENSG00000269442,134386606,134387613,1007
ENSG00000268760,119392613,119445519,52906
ENSG00000269327,134478825,134497181,18356
ENSG00000269536,134530458,134531793,1335
ENSG00000268419,134555972,134562103,6131
ENSG00000269260,134562197,134562314,117
ENSG00000267899,134566989,134572663,5674
ENSG00000271476,134598358,134599513,1155
ENSG00000268002,134654112,134654703,591
ENSG00000268370,119407090,119407489,399
ENSG00000268630,134654688,134716539,61851
ENSG00000268880,134702596,134702695,99
ENSG00000268345,134717680,134719189,1509
ENSG00000269251,134732956,134749460,16504
ENSG00000268825,134807620,134820180,12560
ENSG00000268449,134864762,134866226,1464
ENSG00000268233,134885148,134886612,1464
ENSG00000269096,134893822,134971309,77487
ENSG00000269820,135023245,135047090,23845
ENSG00000269017,135076507,135081168,4661
ENSG00000269231,135096099,135108092,11993
ENSG00000269036,135119468,135181293,61825
ENSG00000268807,135211873,135212660,787
ENSG00000268893,135231864,135232377,513
ENSG00000268940,134847482,134857255,9773
ENSG00000271449,134928421,134984823,56402
ENSG00000269586,134962963,135019384,56421
ENSG00000270946,134997808,135002098,4290
ENSG00000268676,140008337,140008384,47
ENSG00000269658,140013903,140079613,65710
ENSG00000269853,140084756,140085871,1115
ENSG00000269617,140200195,140200301,106
ENSG00000267856,140220643,140221339,696
ENSG00000269060,140255400,140255753,353
ENSG00000268691,140257914,140259290,1376
ENSG00000269309,140323628,140324661,1033
ENSG00000268245,140343284,140346378,3094
ENSG00000269108,140462988,140463272,284
ENSG00000269063,140665839,140667176,1337
ENSG00000268239,140671600,140672937,1337
ENSG00000269485,140708029,140708898,869
ENSG00000269838,140779576,140780904,1328
ENSG00000269218,114940282,114940337,55
ENSG00000269390,114954800,114955819,1019
ENSG00000269566,114955250,114955835,585
ENSG00000265581,144306409,144306942,533
ENSG00000266322,144338465,144338630,165
ENSG00000270860,144385871,144386034,163
ENSG00000265021,144406925,144407059,134
ENSG00000271684,144415822,144415985,163
ENSG00000265963,144422481,144424319,1838
ENSG00000263446,144431295,144457279,25984
ENSG00000265475,144452955,144455498,2543
ENSG00000270979,144470791,144471086,295
ENSG00000266480,144476425,144478755,2330
ENSG00000263379,144477957,144478102,145
ENSG00000263590,144479231,144483523,4292
ENSG00000270626,144515182,144515273,91
ENSG00000265066,144532512,144532919,407
ENSG00000264363,144561586,144591065,29479
ENSG00000264088,144564146,144571491,7345
ENSG00000272785,144590716,144592379,1663
ENSG00000264140,144591902,144621191,29289
ENSG00000265232,144591970,144592381,411
ENSG00000266434,144616409,144616797,388
ENSG00000263771,144999835,145000416,581
ENSG00000265897,145010684,145011001,317
ENSG00000271112,145087484,145087770,286
ENSG00000265044,145098991,145099155,164
ENSG00000263398,145104538,145105671,1133
ENSG00000266639,145105093,145105605,512
ENSG00000266338,145107801,145148089,40288
ENSG00000264033,145129021,145129419,398
ENSG00000264805,145158950,145161205,2255
ENSG00000265797,145601107,145781943,180836
ENSG00000265886,145603585,145606317,2732
ENSG00000270206,145651440,145651550,110
ENSG00000264416,145782415,145799107,16692
ENSG00000270519,145818577,145818668,91
ENSG00000265937,145919250,145919953,703
ENSG00000270913,145927830,145928614,784
ENSG00000270363,145956019,145956305,286
ENSG00000268065,145967531,145967694,163
ENSG00000265318,145973025,145974170,1145
ENSG00000271372,146094187,146094588,401
ENSG00000270384,146117942,146118108,166
ENSG00000270722,146152032,146152195,163
ENSG00000264111,146288361,146294273,5912
ENSG00000264337,146294375,146357063,62688
ENSG00000265111,146357400,146394563,37163
ENSG00000264806,146510503,146528920,18417
ENSG00000266054,146532044,146535368,3324
ENSG00000263461,146534937,146546251,11314
ENSG00000263773,146552975,146572260,19285
ENSG00000264162,146577623,146596604,18981
ENSG00000266474,146579262,146579898,636
ENSG00000265832,146597765,146605252,7487
ENSG00000264665,146613005,146645521,32516
ENSG00000265970,146703883,146708333,4450
ENSG00000270840,146738496,146738659,163
ENSG00000266790,146975011,146975111,100
ENSG00000265348,147561736,147600709,38973
ENSG00000268094,147643532,147644074,542
ENSG00000263387,147688346,147690033,1687
ENSG00000264639,147705751,147810940,105189
ENSG00000266845,147737232,147738896,1664
ENSG00000263451,147766161,147766285,124
ENSG00000263915,147768753,147769993,1240
ENSG00000266198,147841521,147858965,17444
ENSG00000265360,147859186,147897983,38797
ENSG00000272778,147859601,147939074,79473
ENSG00000272535,147862017,147864155,2138
ENSG00000265196,147864528,147866042,1514
ENSG00000263665,147889691,147891347,1656
ENSG00000264117,147909969,147910763,794
ENSG00000264980,147929056,147982177,53121
ENSG00000264481,148005525,148006639,1114
ENSG00000264154,148105465,148106298,833
ENSG00000265914,148106614,148106715,101
ENSG00000271719,148131994,148132548,554
ENSG00000265531,144561208,144569993,8785
ENSG00000263513,144641706,144658404,16698
ENSG00000270872,144661157,144754876,93719
ENSG00000271567,145059290,145060074,784
ENSG00000270339,145279283,145280067,784
ENSG00000273296,145375927,145377287,1360
ENSG00000272419,145852607,145856510,3903
ENSG00000264863,145901266,145902353,1087
ENSG00000271254,145976421,146277520,301099
ENSG00000272150,146260284,146274466,14182
ENSG00000266249,146414640,146425703,11063
ENSG00000265491,146432834,146510487,77653
ENSG00000265241,146607983,146613951,5968
ENSG00000271601,146619839,146644434,24595
ENSG00000272031,146645856,146650997,5141
ENSG00000266741,146651118,146665263,14145
ENSG00000265972,146678960,146682902,3942
ENSG00000271425,146752733,146831219,78486
ENSG00000264343,146838681,146915449,76768
ENSG00000271121,146984419,146985587,1168
ENSG00000271001,147030421,147031205,784
ENSG00000272427,147429220,147460378,31158
ENSG00000268043,147646386,147682613,36227
ENSG00000266748,147872674,147912053,39379
ENSG00000272252,147950795,147971812,21017
ENSG00000271928,148168653,148169043,390
ENSG00000266095,148227827,148312631,84804
ENSG00000266723,148384209,148385750,1541
ENSG00000263549,148464005,148475368,11363
ENSG00000264011,148527377,148528774,1397
ENSG00000264499,148589235,148595681,6446
ENSG00000264776,148614808,148679936,65128
ENSG00000266084,148680277,148698514,18237
ENSG00000265609,148680716,148696007,15291
ENSG00000272965,148698214,148698643,429
ENSG00000270582,148700832,148700998,166
ENSG00000271345,148725168,148725331,163
ENSG00000270738,148815912,148816313,401
ENSG00000263366,148832809,148835981,3172
ENSG00000267846,148846103,148846564,461
ENSG00000243644,148880131,148880253,122
ENSG00000265449,148920716,148920750,34
ENSG00000266681,148932584,148933100,516
ENSG00000265297,148949891,148950047,156
ENSG00000265468,148958299,148967164,8865
ENSG00000263469,148974416,148975366,950
ENSG00000264360,148977305,148982274,4969
ENSG00000264430,148981595,148983971,2376
ENSG00000265925,148982207,148983686,1479
ENSG00000266842,149004098,149004428,330
ENSG00000265765,149015414,149031051,15637
ENSG00000266011,149016686,149016809,123
ENSG00000266686,149021027,149021177,150
ENSG00000273251,149044660,149045101,441
ENSG00000270834,149048785,149048948,163
ENSG00000263844,149072244,149072378,134
ENSG00000263374,149074905,149075066,161
ENSG00000264252,149089130,149089290,160
ENSG00000266773,149101612,149115776,14164
ENSG00000265464,149121520,149123341,1821
ENSG00000270746,149482212,149482740,528
ENSG00000265862,149525898,149526147,249
ENSG00000264992,149579542,149581598,2056
ENSG00000242576,149626154,149626232,78
ENSG00000264601,149692724,149695942,3218
ENSG00000271636,149693492,149693557,65
ENSG00000266874,149705086,149712684,7598
ENSG00000264532,149734991,149737688,2697
ENSG00000266350,149884411,149887505,3094
ENSG00000273134,149950667,149951231,564
ENSG00000270483,150323181,150323344,163
ENSG00000270867,150423724,150423815,91
ENSG00000266394,150440716,150441125,409
ENSG00000266332,150469086,150478933,9847
ENSG00000263376,150469104,150498788,29684
ENSG00000265922,150469292,150498172,28880
ENSG00000266386,150472074,150479435,7361
ENSG00000265133,150499686,150500096,410
ENSG00000270827,150525953,150527608,1655
ENSG00000269861,150529456,150529948,492
ENSG00000263736,150530913,150535439,4526
ENSG00000273147,150532231,150532901,670
ENSG00000269488,150536608,150537187,579
ENSG00000266225,150537491,150538039,548
ENSG00000270263,150539034,150540689,1655
ENSG00000266131,150547686,150548919,1233
ENSG00000264719,150570875,150573097,2222
ENSG00000263521,150573390,150573826,436
ENSG00000263965,150573884,150574331,447
ENSG00000265570,150574305,150587213,12908
ENSG00000265307,150589733,150604297,14564
ENSG00000263977,150609732,150614759,5027
ENSG00000264524,150615066,150623313,8247
ENSG00000264738,150740279,150741449,1170
ENSG00000266444,150898047,150898338,291
ENSG00000266883,150923382,150923571,189
ENSG00000263486,150948109,150948212,103
ENSG00000266334,150951819,150955995,4176
ENSG00000266177,150954615,150967331,12716
ENSG00000266764,150968958,150973508,4550
ENSG00000265228,151007891,151039610,31719
ENSG00000266562,151049506,151162981,113475
ENSG00000265277,148333781,148356927,23146
ENSG00000265107,148443603,148445686,2083
ENSG00000263956,148788461,148838605,50144
ENSG00000263962,149145229,149146286,1057
ENSG00000263464,149169083,149169742,659
ENSG00000270629,149219394,149282305,62911
ENSG00000268576,149283884,149366178,82294
ENSG00000270650,149435202,149436370,1168
ENSG00000264708,149575878,149719430,143552
ENSG00000269713,149740448,149768726,28278
ENSG00000264983,150092791,150154445,61654
ENSG00000271383,150162303,150242670,80367
ENSG00000270537,150270238,150271022,784
ENSG00000272058,150388743,150392131,3388
ENSG00000270882,150519072,150519467,395
ENSG00000272196,150528636,150529113,477
ENSG00000270276,150547179,150547574,395
ENSG00000264522,150626747,150697152,70405
ENSG00000264082,150753700,150831742,78042
ENSG00000272207,150836333,150846010,9677
ENSG00000265346,150906790,150922509,15719
ENSG00000264654,150944189,150951476,7287
ENSG00000266472,150980264,150994799,14535
ENSG00000271374,105766900,105864484,97584
ENSG00000270357,105840955,105841308,353
ENSG00000270943,105861979,105862477,498
ENSG00000270616,105864916,105916443,51527
ENSG00000270266,105883221,105886076,2855
ENSG00000270410,105886159,105937066,50907
ENSG00000271451,105934130,105936954,2824
ENSG00000270931,105939299,105946499,7200
ENSG00000270784,105952654,105955284,2630
ENSG00000271325,105953536,105958604,5068
ENSG00000270288,105956192,105965912,9720
ENSG00000271694,105992940,105996539,3599
ENSG00000270545,106003198,106003576,378
ENSG00000270707,106012947,106016031,3084
ENSG00000270464,106053226,106054732,1506
ENSG00000271055,106056273,106056350,77
ENSG00000271512,106057407,106057466,59
ENSG00000270944,106064028,106066546,2518
ENSG00000270340,106064224,106068065,3841
ENSG00000270283,106067809,106071694,3885
ENSG00000270498,106090687,106092403,1716
ENSG00000270895,106109389,106111127,1738
ENSG00000270651,106110833,106115394,4561
ENSG00000271411,106130970,106136180,5210
ENSG00000270737,106138645,106139651,1006
ENSG00000270203,106170301,106170939,638
ENSG00000271189,106173457,106175002,1545
ENSG00000270221,106178260,106178329,69
ENSG00000270715,106185955,106188864,2909
ENSG00000271292,106202680,106209408,6728
ENSG00000270355,106235439,106237742,2303
ENSG00000271282,106251842,106252168,326
ENSG00000271438,106303102,106312014,8912
ENSG00000271541,106320581,106322555,1974
ENSG00000271388,106323850,106323909,59
ENSG00000271528,106323910,106323969,59
ENSG00000271087,106324080,106324139,59
ENSG00000270844,106324502,106324579,77
ENSG00000270752,106324672,106324749,77
ENSG00000270952,106324891,106324960,69
ENSG00000270310,106325821,106325890,69
ENSG00000271008,106329535,106329595,60
ENSG00000271258,106329753,106329802,49
ENSG00000270662,106330151,106330199,48
ENSG00000270564,106330552,106330597,45
ENSG00000270396,106330924,106330972,48
ENSG00000270345,106331130,106331189,59
ENSG00000271169,106331536,106331587,51
ENSG00000271323,106331744,106331795,51
ENSG00000271391,106331888,106331898,10
ENSG00000270940,106331961,106332015,54
ENSG00000270454,106347371,106347390,19
ENSG00000270963,106347876,106347893,17
ENSG00000271622,106350240,106350259,19
ENSG00000270805,106351207,106351225,18
ENSG00000271393,106352368,106352398,30
ENSG00000271444,106354888,106354915,27
ENSG00000270967,106356421,106362914,6493
ENSG00000270473,106357528,106357544,16
ENSG00000270622,106358036,106358056,20
ENSG00000271534,106359879,106359898,19
ENSG00000270643,106360845,106360860,15
ENSG00000270796,106361971,106362007,36
ENSG00000270888,106364294,106364324,30
ENSG00000270686,106366975,106366991,16
ENSG00000271634,106367479,106367499,20
ENSG00000271688,106368986,106369008,22
ENSG00000270418,106369953,106369968,15
ENSG00000271312,106370834,106370864,30
ENSG00000270899,106371018,106371048,30
ENSG00000271144,106373548,106373578,30
ENSG00000270608,106376244,106376260,16
ENSG00000271371,106376747,106376764,17
ENSG00000270311,106378594,106378613,19
ENSG00000271276,106379559,106379574,15
ENSG00000271031,106380696,106380726,30
ENSG00000271571,106383163,106383193,30
ENSG00000271432,106385839,106385855,16
ENSG00000270703,106406093,106406590,497
ENSG00000271577,106411547,106411726,179
ENSG00000270224,106444857,106445483,626
ENSG00000270452,106452921,106453420,499
ENSG00000270636,106467871,106468161,290
ENSG00000271535,106471434,106471911,477
ENSG00000271062,106504240,106504702,462
ENSG00000270600,106506003,106506101,98
ENSG00000270877,106511937,106512197,260
ENSG00000270609,106521886,106522335,449
ENSG00000270398,106528488,106529020,532
ENSG00000271648,106582974,106583541,567
ENSG00000270417,106586544,106586810,266
ENSG00000271574,106588757,106589046,289
ENSG00000270676,106595879,106596409,530
ENSG00000270873,106608624,106608914,290
ENSG00000271274,106612228,106612468,240
ENSG00000271058,106619961,106620500,539
ENSG00000271497,106629920,106630139,219
ENSG00000270214,106631542,106632067,525
ENSG00000270373,106640679,106641097,418
ENSG00000271968,106436075,106438606,2531
ENSG00000273421,54544079,54567207,23128
ENSG00000271658,54597922,54605946,8024
ENSG00000270825,54573201,54584619,11418
ENSG00000271261,106651238,106651731,493
ENSG00000270566,106663037,106663327,290
ENSG00000271191,106672940,106674908,1968
ENSG00000271106,106673115,106673223,108
ENSG00000270774,106677275,106677790,515
ENSG00000270642,106701401,106701931,530
ENSG00000270925,106724099,106724560,461
ENSG00000270428,106729699,106729963,264
ENSG00000271446,106731025,106731052,27
ENSG00000271562,106734945,106735477,532
ENSG00000271689,106742885,106743380,495
ENSG00000271403,106753148,106753994,846
ENSG00000270596,106755366,106755816,450
ENSG00000271193,106759905,106760145,240
ENSG00000270298,106767733,106768199,466
ENSG00000270649,106775754,106776003,249
ENSG00000271221,106780988,106781312,324
ENSG00000270819,106784160,106784573,413
ENSG00000271493,106790593,106791097,504
ENSG00000270474,106797453,106797889,436
ENSG00000270550,106801419,106801950,531
ENSG00000271539,106809061,106809292,231
ENSG00000271050,106810732,106811170,438
ENSG00000270295,106815622,106816129,507
ENSG00000270468,106821009,106821045,36
ENSG00000270439,106822502,106822928,426
ENSG00000270565,106826130,106826661,531
ENSG00000271520,106833722,106834001,279
ENSG00000271176,106835444,106835883,439
ENSG00000271023,106840000,106840482,482
ENSG00000270958,106843637,106844070,433
ENSG00000270635,106855729,106856195,466
ENSG00000270227,106859111,106859568,457
ENSG00000270341,106863013,106863451,438
ENSG00000271186,106876830,106877358,528
ENSG00000270250,106884362,106884415,53
ENSG00000271083,106888048,106888555,507
ENSG00000271592,106891702,106891900,198
ENSG00000271004,106902752,106902892,140
ENSG00000270465,106907287,106907344,57
ENSG00000270559,106926429,106927392,963
ENSG00000270529,106929595,106929895,300
ENSG00000270315,106936601,106937137,536
ENSG00000270197,106944557,106944730,173
ENSG00000271295,106955682,106956093,411
ENSG00000270613,106960471,106960720,249
ENSG00000270644,106973335,106973828,493
ENSG00000271224,106977454,106978193,739
ENSG00000270309,106982155,106982191,36
ENSG00000270572,106984919,106985364,445
ENSG00000270476,106997478,106997808,330
ENSG00000270597,107004149,107004681,532
ENSG00000270786,107023275,107023814,539
ENSG00000271300,107030712,107030935,223
ENSG00000270939,107032454,107032892,438
ENSG00000271531,107045081,107045573,492
ENSG00000270208,107049843,107050144,301
ENSG00000270463,107051055,107051313,258
ENSG00000271448,107052713,107053163,450
ENSG00000271089,107059015,107059684,669
ENSG00000271692,107066007,107066261,254
ENSG00000271504,107072438,107072888,450
ENSG00000271294,107076099,107076533,434
ENSG00000270841,107085231,107085510,279
ENSG00000271080,107088696,107089192,496
ENSG00000270668,107092129,107094162,2033
ENSG00000270684,107097534,107097990,456
ENSG00000199654,107103009,107103123,114
ENSG00000271416,107104055,107104310,255
ENSG00000270358,107105458,107105994,536
ENSG00000270284,107109479,107109922,443
ENSG00000271575,107116888,107117122,234
ENSG00000270436,107118574,107119018,444
ENSG00000271450,107124062,107124595,533
ENSG00000270489,107132429,107132869,440
ENSG00000270291,107138134,107138381,247
ENSG00000270881,107141354,107141881,527
ENSG00000271289,107146940,107147379,439
ENSG00000271422,107149732,107150687,955
ENSG00000271082,107152854,107152899,45
ENSG00000271331,107153450,107153537,87
ENSG00000270201,107158994,107159225,231
ENSG00000271548,107161439,107161734,295
ENSG00000270530,107170189,107170483,294
ENSG00000271469,107181021,107181518,497
ENSG00000270376,107189912,107190430,518
ENSG00000271060,107241494,107241955,461
ENSG00000271695,107257031,107257570,539
ENSG00000270724,107269031,107269570,539
ENSG00000270305,107276779,107277468,689
ENSG00000270717,107287511,107287751,240
ENSG00000270215,107290024,107290484,460
ENSG00000270551,107294206,107294500,294
ENSG00000270693,107298104,107298389,285
ENSG00000271319,107317222,107317336,114
ENSG00000270254,107317460,107317754,294
ENSG00000270816,106955103,106961852,6749
ENSG00000271342,46464753,46618490,153737
ENSG00000271091,46696375,46741793,45418
ENSG00000270459,46746852,46759138,12286
ENSG00000270349,46937811,46952748,14937
ENSG00000270253,46946941,46947047,106
ENSG00000271665,46992106,46992261,155
ENSG00000270272,47001651,47004939,3288
ENSG00000268921,47636226,47638096,1870
ENSG00000268625,47657325,47664188,6863
ENSG00000269594,47696301,47861960,165659
ENSG00000269123,47700362,47701101,739
ENSG00000271352,47004304,47046248,41944
ENSG00000270803,47016073,47017634,1561
ENSG00000271310,47050296,47074563,24267
ENSG00000271674,47064356,47065300,944
ENSG00000270633,47077295,47089432,12137
ENSG00000271363,46771868,46920676,148808
ENSG00000271016,54605982,54612511,6529
ENSG00000271203,54610267,54618929,8662
ENSG00000271442,54618711,54634963,16252
ENSG00000271135,54622765,54628597,5832
ENSG00000271542,54658415,54663136,4721
ENSG00000271019,54676667,54693136,16469
ENSG00000270502,54693192,54696984,3792
ENSG00000271038,54702708,54703225,517
ENSG00000271572,54703996,54752257,48261
ENSG00000270267,54712346,54712672,326
ENSG00000270216,54719532,54746007,26475
ENSG00000271125,54727777,54728135,358
ENSG00000270592,54732290,54733467,1177
ENSG00000270471,54749355,54750576,1221
ENSG00000271561,54767205,54767313,108
ENSG00000270908,54771258,54772296,1038
ENSG00000271246,54771259,54772299,1040
ENSG00000271481,54777075,54784438,7363
ENSG00000271012,54785363,54785434,71
ENSG00000270785,54797303,54797620,317
ENSG00000271489,54801359,54802068,709
ENSG00000271126,54805012,54809280,4268
ENSG00000270338,54823458,54824466,1008
ENSG00000271229,54831526,54834688,3162
ENSG00000270366,54836439,54842404,5965
ENSG00000271037,54882743,54883214,471
ENSG00000271669,54933908,54937952,4044
ENSG00000270630,54937437,54937919,482
ENSG00000270595,54941264,54941600,336
ENSG00000271103,54941919,54942434,515
ENSG00000271637,54948067,54952299,4232
ENSG00000270238,54950084,54950301,217
ENSG00000270365,54968280,54976518,8238
ENSG00000271116,55001133,55013941,12808
ENSG00000271030,55024977,55025285,308
ENSG00000270687,55055224,55055510,286
ENSG00000270501,55076174,55090814,14640
ENSG00000270756,55077133,55140782,63649
ENSG00000270219,55092695,55093541,846
ENSG00000271188,55096836,55105344,8508
ENSG00000270217,55111124,55111630,506
ENSG00000271640,55132646,55132717,71
ENSG00000271107,55138976,55142146,3170
ENSG00000271326,55147143,55173613,26470
ENSG00000271487,55151198,55152107,909
ENSG00000271247,55155339,55155484,145
ENSG00000270534,55174485,55175845,1360
ENSG00000270319,55199858,55204159,4301
ENSG00000270247,55207206,55207489,283
ENSG00000271619,55209485,55209554,69
ENSG00000271516,55211170,55216707,5537
ENSG00000271039,55227718,55370248,142530
ENSG00000269824,47695352,47696192,840
ENSG00000271124,55227733,55239790,12057
ENSG00000271139,55227750,55301540,73790
ENSG00000271713,55227751,55317772,90021
ENSG00000270787,55241769,55287579,45810
ENSG00000270645,55258277,55270625,12348
ENSG00000270186,55273065,55287577,14512
ENSG00000270481,55289610,55293573,3963
ENSG00000269642,55335931,55351824,15893
ENSG00000271613,55353698,55370462,16764
ENSG00000271059,55372194,55372300,106
ENSG00000271210,55377503,55393727,16224
ENSG00000271067,55393928,55394675,747
ENSG00000271000,55409405,55419395,9990
ENSG00000270884,55426764,55469567,42803
ENSG00000271007,55454889,55455848,959
ENSG00000270370,55456385,55504397,48012
ENSG00000271279,55477072,55477672,600
ENSG00000270594,55509448,55551341,41893
ENSG00000270886,55516960,55541519,24559
ENSG00000271206,55530848,55557183,26335
ENSG00000270998,55542363,55574546,32183
ENSG00000270836,55575275,55591178,15903
ENSG00000270262,54640974,54658961,17987
ENSG00000270942,54663352,54676504,13152
ENSG00000270848,54753663,54760558,6895
ENSG00000262610,54810571,54816336,5765
ENSG00000270671,54856880,54868368,11488
ENSG00000270420,54918685,54940126,21441
ENSG00000270985,54952141,54965270,13129
ENSG00000270220,55036045,55046986,10941
ENSG00000269334,47834250,47863377,29127
ENSG00000269649,47842755,47931057,88302
ENSG00000268260,47863735,47869128,5393
ENSG00000267933,47941166,47941269,103
ENSG00000269673,47967381,47980085,12704
ENSG00000268393,47990056,47992012,1956
ENSG00000268082,47995057,47995558,501
ENSG00000269287,48013267,48015340,2073
ENSG00000268263,48013379,48013473,94
ENSG00000269632,48015766,48025749,9983
ENSG00000268092,48037130,48037422,292
ENSG00000268256,48045619,48056162,10543
ENSG00000267999,48056620,48058830,2210
ENSG00000268610,48065657,48065773,116
ENSG00000269567,48072190,48077409,5219
ENSG00000268962,48088232,48088358,126
ENSG00000268118,48104293,48105144,851
ENSG00000268546,48114716,48126843,12127
ENSG00000269561,48134303,48134446,143
ENSG00000268124,48136103,48136977,874
ENSG00000269683,48138822,48141191,2369
ENSG00000269306,48156215,48165578,9363
ENSG00000268022,48166168,48168454,2286
ENSG00000268793,48181748,48186082,4334
ENSG00000268952,48193074,48193838,764
ENSG00000270603,48196298,48196568,270
ENSG00000269122,48205827,48216106,10279
ENSG00000268917,48216524,48218894,2370
ENSG00000269144,48231304,48231494,190
ENSG00000268611,48282741,48282867,126
ENSG00000268197,48292600,48301018,8418
ENSG00000267887,48306292,48308278,1986
ENSG00000269875,48335552,48345763,10211
ENSG00000269090,48365922,48368237,2315
ENSG00000268138,48368361,48380213,11852
ENSG00000268394,48380557,48388115,7558
ENSG00000269499,48398856,48422008,23152
ENSG00000268073,48421101,48421200,99
ENSG00000268786,48432493,48434286,1793
ENSG00000268489,48433848,48438465,4617
ENSG00000268619,48439173,48440556,1383
ENSG00000268771,48442492,48442738,246
ENSG00000267843,48449441,48464592,15151
ENSG00000268487,48495564,48496534,970
ENSG00000267912,48535995,48550826,14831
ENSG00000268740,48554953,48568411,13458
ENSG00000269626,48558362,48596562,38200
ENSG00000269454,48583854,48583960,106
ENSG00000268712,48621149,48633047,11898
ENSG00000268937,48635392,48636369,977
ENSG00000269152,48636364,48636470,106
ENSG00000267841,48645953,48653708,7755
ENSG00000269101,48660776,48684381,23605
ENSG00000268426,48688272,48689537,1265
ENSG00000267823,48752846,48757542,4696
ENSG00000268142,48757311,48762542,5231
ENSG00000267929,48762581,48771357,8776
ENSG00000267878,48772581,48778423,5842
ENSG00000267983,48781427,48817785,36358
ENSG00000268418,48799391,48800207,816
ENSG00000268033,48818578,48818681,103
ENSG00000267829,48820777,48830968,10191
ENSG00000269491,48866958,48867265,307
ENSG00000269748,48888130,48902885,14755
ENSG00000269698,48931125,48960569,29444
ENSG00000269389,48931125,48939286,8161
ENSG00000268840,48941427,48941564,137
ENSG00000268675,48972795,48983200,10405
ENSG00000269470,49012050,49012341,291
ENSG00000269034,49031325,49034638,3313
ENSG00000268353,49047215,49059658,12443
ENSG00000268382,49058365,49061853,3488
ENSG00000268253,49062641,49062727,86
ENSG00000269057,49064462,49092770,28308
ENSG00000267997,49093355,49093900,545
ENSG00000268501,49094866,49109925,15059
ENSG00000269002,49109835,49124225,14390
ENSG00000269870,49129242,49160849,31607
ENSG00000270129,49132453,49135167,2714
ENSG00000269030,49163068,49179243,16175
ENSG00000269149,49181456,49188783,7327
ENSG00000268524,49339268,49339384,116
ENSG00000270290,49341610,49348937,7327
ENSG00000271641,49351166,49358493,7327
ENSG00000268016,49360732,49368048,7316
ENSG00000270928,49370275,49377604,7329
ENSG00000271467,49379833,49387153,7320
ENSG00000271354,49389382,49396700,7318
ENSG00000269016,49398928,49406226,7298
ENSG00000269663,49408424,49417935,9511
ENSG00000268004,49441899,49442748,849
ENSG00000268185,49474243,49478079,3836
ENSG00000268009,48242915,48252742,9827
ENSG00000269791,48261481,48271309,9828
ENSG00000269587,48317944,48329576,11632
ENSG00000268646,48690493,48695033,4540
ENSG00000268679,48836322,48861663,25341
ENSG00000272067,48912971,48927863,14892
ENSG00000269313,49022242,49026896,4654
ENSG00000268139,49034953,49045768,10815
ENSG00000272421,107143410,107147869,4459
ENSG00000271735,107165327,107235416,70089
ENSG00000268853,76715111,76718232,3121
ENSG00000272528,107186823,107186929,106
ENSG00000271764,107232000,107232095,95
ENSG00000273379,120619239,120619714,475
ENSG00000264656,120669597,120669697,100
ENSG00000271867,107476078,107499217,23139
ENSG00000263850,121629975,121638933,8958
ENSG00000271753,107513057,107563144,50087
ENSG00000272013,107580946,107581045,99
ENSG00000265834,121630151,121659299,29148
ENSG00000268946,76765832,77047170,281338
ENSG00000265497,121632912,121640278,7366
ENSG00000265540,121650833,121659880,9047
ENSG00000266116,121660749,121689449,28700
ENSG00000272309,107600432,107907439,307007
ENSG00000272101,107379652,107379921,269
ENSG00000272398,107417708,107422630,4922
ENSG00000269744,76988821,76989034,213
ENSG00000269639,77087318,77156547,69229
ENSG00000268385,77098243,77098349,106
ENSG00000269702,77146331,77146584,253
ENSG00000269083,77160392,77168327,7935
ENSG00000266766,120477737,120612326,134589
ENSG00000269395,77171651,77311349,139698
ENSG00000265808,120698575,120719144,20569
ENSG00000272089,120823868,120825921,2053
ENSG00000270392,120975013,120976326,1313
ENSG00000269803,77171695,77225844,54149
ENSG00000269135,77228915,77230592,1677
ENSG00000270231,120978974,121010467,31493
ENSG00000272497,121157717,121159770,2053
ENSG00000273429,121266731,121346462,79731
ENSG00000273136,121356529,121384104,27575
ENSG00000269666,77326142,77390250,64108
ENSG00000263353,121432369,121433153,784
ENSG00000263560,121455774,121456861,1087
ENSG00000269257,77390702,77400660,9958
ENSG00000269346,77426650,77433376,6726
ENSG00000271910,51026325,51130715,104390
ENSG00000272151,51117659,51117988,329
ENSG00000271790,51162260,51162460,200
ENSG00000272222,92316566,92334585,18019
ENSG00000268811,3816936,3833789,16853
ENSG00000272331,51180809,51190099,9290
ENSG00000272073,92414610,92436668,22058
ENSG00000272363,92416642,92417976,1334
ENSG00000272074,51187711,51187826,115
ENSG00000271962,51196364,51218545,22181
ENSG00000272290,54036874,54043735,6861
ENSG00000272038,54039549,54084752,45203
ENSG00000272245,51229228,51275849,46621
ENSG00000272228,51233181,51235409,2228
ENSG00000272517,70674412,70781325,106913
ENSG00000271873,70682662,70682756,94
ENSG00000272026,70694517,70695627,1110
ENSG00000272064,51275934,51341555,65621
ENSG00000269840,49496849,49505392,8543
ENSG00000268090,49638659,49643372,4713
ENSG00000268868,49686123,49688640,2517
ENSG00000268425,49721019,49721761,742
ENSG00000269240,49732014,49908634,176620
ENSG00000268787,49754735,49754841,106
ENSG00000268057,49812547,49812637,90
ENSG00000269568,49812902,49812987,85
ENSG00000268795,49816055,49816137,82
ENSG00000271104,49817830,49817913,83
ENSG00000268596,49818363,49818427,64
ENSG00000270245,49819121,49819204,83
ENSG00000269310,49820070,49820148,78
ENSG00000269033,49822640,49822736,96
ENSG00000271891,49823997,49824082,85
ENSG00000268481,49965558,49965770,212
ENSG00000269039,49980596,49980696,100
ENSG00000269285,50000162,50010412,10250
ENSG00000268264,50012112,50159099,146987
ENSG00000271760,70834750,70995357,160607
ENSG00000272169,70914274,70918956,4682
ENSG00000272503,71004442,71017775,13333
ENSG00000272433,71030289,71030558,269
ENSG00000272352,71035775,71047732,11957
ENSG00000272095,71037930,71038606,676
ENSG00000272210,71057347,71062953,5606
ENSG00000272526,71115002,71117090,2088
ENSG00000271772,71127721,71160577,32856
ENSG00000272353,71157471,71157546,75
ENSG00000271809,71163013,71192537,29524
ENSG00000271961,71166449,71222467,56018
ENSG00000272423,71168948,71175741,6793
ENSG00000272111,71183030,71183365,335
ENSG00000272348,71192702,71192996,294
ENSG00000271799,71205511,71212627,7116
ENSG00000272125,71213069,71222076,9007
ENSG00000272318,71221574,71229885,8311
ENSG00000271718,71229662,71291874,62212
ENSG00000272257,71239462,71239538,76
ENSG00000272492,71240220,71240288,68
ENSG00000272105,71244155,71244240,85
ENSG00000271942,71256159,71257024,865
ENSG00000273187,65125,65233,108
ENSG00000273260,105959,107114,1155
ENSG00000272826,136461,136568,107
ENSG00000272867,201409,205009,3600
ENSG00000273422,212610,255985,43375
ENSG00000272730,224215,224323,108
ENSG00000272557,268982,269531,549
ENSG00000273465,269866,270175,309
ENSG00000272889,270675,305321,34646
ENSG00000273278,336258,336786,528
ENSG00000272957,337814,384864,47050
ENSG00000272978,338097,338583,486
ENSG00000272637,342821,342962,141
ENSG00000273334,350157,350252,95
ENSG00000272570,393534,393658,124
ENSG00000273371,409809,409915,106
ENSG00000272747,416118,416537,419
ENSG00000273195,425435,474129,48694
ENSG00000272580,425815,499156,73341
ENSG00000272665,467528,467636,108
ENSG00000265723,121660818,121661233,415
ENSG00000264335,121684674,121685061,387
ENSG00000273078,140165876,140391929,226053
ENSG00000264820,121710269,121728190,17921
ENSG00000273201,140174444,140391929,217485
ENSG00000265389,121727603,121730136,2533
ENSG00000272818,140180783,140391929,211146
ENSG00000266833,121902779,121941429,38650
ENSG00000272756,140186659,140391929,205270
ENSG00000266659,121907886,121930711,22825
ENSG00000270026,121934018,121935343,1325
ENSG00000273146,140201222,140391929,190707
ENSG00000265792,121939377,122005752,66375
ENSG00000266056,121955342,121971897,16555
ENSG00000264214,122037002,122053006,16004
ENSG00000264938,122044967,122046514,1547
ENSG00000273043,122060989,122061452,463
ENSG00000265305,122061968,122111416,49448
ENSG00000273256,140207563,140391929,184366
ENSG00000265952,122116569,122123147,6578
ENSG00000273482,53190025,53226733,36708
ENSG00000272615,140213969,140391929,177960
ENSG00000273263,140220907,140391929,171022
ENSG00000272794,140227048,140391929,164881
ENSG00000272935,140235595,140391929,156334
ENSG00000272607,499200,540196,40996
ENSG00000273029,140240341,140243224,2883
ENSG00000273332,140240860,140243104,2244
ENSG00000273220,140248689,140391929,143240
ENSG00000273277,53243969,53244062,93
ENSG00000272547,157610520,157644735,34215
ENSG00000273021,157612445,157612533,88
ENSG00000273475,157620179,157621260,1081
ENSG00000272819,157645098,157645611,513
ENSG00000273206,157687124,157688057,933
ENSG00000273317,140255058,140391929,136871
ENSG00000272974,140261793,140391929,130136
ENSG00000272550,140306302,140391929,85627
ENSG00000272602,53333,162774,109441
ENSG00000272548,140345820,140391936,46116
ENSG00000273324,124084,125541,1457
ENSG00000272731,140430979,140433512,2533
ENSG00000260225,140474228,140476963,2735
ENSG00000273390,140479830,140481795,1965
ENSG00000272585,140480235,140483407,3172
ENSG00000272687,53258723,53290068,31345
ENSG00000272737,140498265,140500350,2085
ENSG00000272633,140501584,140505204,3620
ENSG00000273383,140514803,140517706,2903
ENSG00000273392,140529687,140532872,3185
ENSG00000273039,140535581,140538643,3062
ENSG00000272845,140552247,140555961,3714
ENSG00000273227,140557375,140560085,2710
ENSG00000272587,140566904,140571123,4219
ENSG00000268060,140571954,140575227,3273
ENSG00000262565,140579195,140582630,3435
ENSG00000273042,53317212,53317315,103
ENSG00000272903,140588282,140591709,3427
ENSG00000273346,53322887,53323140,253
ENSG00000273241,53367076,53367144,68
ENSG00000273357,140593522,140597006,3484
ENSG00000273480,53421729,53421852,123
ENSG00000273310,140602944,140605871,2927
ENSG00000273067,140613951,140617114,3163
ENSG00000273468,140619535,140621881,2346
ENSG00000272886,53317443,53381643,64200
ENSG00000272641,140625164,140627816,2652
ENSG00000272653,140682214,140683630,1416
ENSG00000272674,140560984,140565803,4819
ENSG00000272725,64990542,65019657,29115
ENSG00000272959,65081990,65084127,2137
ENSG00000273140,65216055,65228267,12212
ENSG00000272956,65220439,65220572,133
ENSG00000272605,65224965,65225099,134
ENSG00000273161,65238533,65266980,28447
ENSG00000273034,65279585,65279688,103
ENSG00000272693,65018675,65020372,1697
ENSG00000272972,48173167,48648898,475731
ENSG00000273425,65112080,65235723,123643
ENSG00000273024,65112777,65183566,70789
ENSG00000268110,118230300,118269926,39626
ENSG00000269381,118267810,118272610,4800
ENSG00000268551,118271869,118302211,30342
ENSG00000270027,118286692,118287236,544
ENSG00000268254,118301123,118301419,296
ENSG00000267955,118303836,118305921,2085
ENSG00000269234,95168,95255,87
ENSG00000268429,96017,121634,25617
ENSG00000262150,143751669,143764085,12416
ENSG00000267910,118307205,118397539,90334
ENSG00000267805,123822,131585,7763
ENSG00000262378,143781472,143786488,5016
ENSG00000262916,143783613,143808334,24721
ENSG00000263194,143808564,143818288,9724
ENSG00000262232,143808644,143809051,407
ENSG00000262023,143738821,143751344,12523
ENSG00000268515,118382626,118401809,19183
ENSG00000268693,152500,326252,173752
ENSG00000269115,118398187,118401912,3725
ENSG00000267917,261390,262451,1061
ENSG00000268586,271203,273486,2283
ENSG00000268306,292636,297579,4943
ENSG00000268346,294735,296880,2145
ENSG00000273089,868,3903,3035
ENSG00000268320,77571,79067,1496
ENSG00000273410,117579602,117580247,645
ENSG00000268779,6896024,6929974,33950
ENSG00000272811,116853124,117708745,855621
ENSG00000269319,118401756,118417995,16239
ENSG00000269830,6930711,6939136,8425
ENSG00000268828,6937572,6949018,11446
ENSG00000269278,118415243,118443685,28442
ENSG00000269627,118431405,118432295,890
ENSG00000268195,6949118,6956557,7439
ENSG00000269382,118443105,118473748,30643
ENSG00000268599,118464703,118464808,105
ENSG00000268378,118507335,118508812,1477
ENSG00000268766,118558754,118561315,2561
ENSG00000268664,118573057,118573162,105
ENSG00000268331,118575322,118620979,45657
ENSG00000269612,118620040,118661864,41824
ENSG00000268136,6953957,6961230,7273
ENSG00000267867,118477213,118528753,51540
ENSG00000261309,21279509,21323179,43670
ENSG00000268462,6961292,6975796,14504
ENSG00000270478,33905065,34053436,148371
ENSG00000264096,21348145,21348751,606
ENSG00000263799,21359825,21363527,3702
ENSG00000265310,21360746,21362301,1555
ENSG00000261142,21407870,21408371,501
ENSG00000264492,21422826,21424581,1755
ENSG00000259857,21428102,21477770,49668
ENSG00000272847,21435789,21477829,42040
ENSG00000263836,21436286,21446098,9812
ENSG00000263867,21455821,21456023,202
ENSG00000273441,21469881,21477829,7948
ENSG00000265620,21477082,21477385,303
ENSG00000268021,118528947,118550387,21440
ENSG00000264516,21481130,21481217,87
ENSG00000265153,21496106,21497492,1386
ENSG00000260157,21536037,21544675,8638
ENSG00000260839,21559155,21560945,1790
ENSG00000264795,21752643,21752811,168
ENSG00000260458,21606053,21607836,1783
ENSG00000268548,6976283,6980112,3829
ENSG00000271510,34046907,34047461,554
ENSG00000268190,6980099,6998522,18423
ENSG00000267877,6982553,6993905,11352
ENSG00000268135,6982733,7023407,40674
ENSG00000269361,6993846,6994950,1104
ENSG00000269528,7022909,7032861,9952
ENSG00000268872,7033626,7051484,17858
ENSG00000268123,7052141,7055166,3025
ENSG00000272322,7052671,7053767,1096
ENSG00000269269,7052979,7053041,62
ENSG00000272740,22176022,22191945,15923
ENSG00000273094,22192161,22192940,779
ENSG00000272753,22192652,22194158,1506
ENSG00000272890,22203742,22205012,1270
ENSG00000268954,7055631,7070479,14848
ENSG00000269851,7072409,7073610,1201
ENSG00000268594,7072862,7072929,67
ENSG00000268031,7073260,7073354,94
ENSG00000272522,7074112,7074545,433
ENSG00000269079,7074490,7079988,5498
ENSG00000272204,121746048,121837699,91651
ENSG00000267818,7076500,7076769,269
ENSG00000272187,7087684,7089104,1420
ENSG00000269882,7097422,7180195,82773
ENSG00000268048,7141271,7141561,290
ENSG00000269322,7150319,7150804,485
ENSG00000268439,7079944,7085166,5222
ENSG00000268829,7085348,7127701,42353
ENSG00000271866,121829765,121837662,7897
ENSG00000271829,121837844,121868389,30545
ENSG00000272358,121866900,122018818,151918
ENSG00000271720,122018595,122031307,12712
ENSG00000272044,122042705,122042815,110
ENSG00000272171,122064353,122080481,16128
ENSG00000271801,122088922,122110435,21513
ENSG00000261352,20188803,20237885,49082
ENSG00000261503,20235248,20236293,1045
ENSG00000267017,20236186,20432114,195928
ENSG00000267584,20242703,20262717,20014
ENSG00000271479,20247742,20248042,300
ENSG00000272997,41937223,41946622,9399
ENSG00000263255,20278037,20311299,33262
ENSG00000267256,20285822,20287872,2050
ENSG00000267464,20317653,20317763,110
ENSG00000270407,20332678,20333272,594
ENSG00000268236,20359861,20361104,1243
ENSG00000261228,20368529,20370227,1698
ENSG00000268507,20378626,20379200,574
ENSG00000267947,20405898,20414603,8705
ENSG00000264053,20413399,20413481,82
ENSG00000270536,20434801,20435377,576
ENSG00000273205,41949063,41950670,1607
ENSG00000271445,20462311,20462888,577
ENSG00000262288,20473327,20473432,105
ENSG00000262269,20510081,20510163,82
ENSG00000268399,20527323,20527878,555
ENSG00000273152,41960074,42006554,46480
ENSG00000268504,20543361,20639424,96063
ENSG00000269284,20554024,20554534,510
ENSG00000273479,42012057,42012803,746
ENSG00000273280,42026948,42027894,946
ENSG00000273405,42037111,42038079,968
ENSG00000270885,34058668,34070540,11872
ENSG00000262578,20646634,20676618,29984
ENSG00000273435,42041088,42042809,1721
ENSG00000272938,42051097,42061367,10270
ENSG00000272924,20664601,20772392,107791
ENSG00000270765,34071530,34079897,8367
ENSG00000267956,20693893,20694456,563
ENSG00000272816,42105640,42111889,6249
ENSG00000269818,20722368,20726198,3830
ENSG00000271392,34084218,34085344,1126
ENSG00000273166,42111246,42111576,330
ENSG00000262249,20730870,20772405,41535
ENSG00000270806,34087916,34092098,4182
ENSG00000272708,42124876,42132979,8103
ENSG00000270829,34135508,34135916,408
ENSG00000273168,42144474,42144804,330
ENSG00000273101,42145564,42146507,943
ENSG00000272878,42158581,42158868,287
ENSG00000272684,42179212,42212881,33669
ENSG00000272743,42214490,42235703,21213
ENSG00000270647,34136474,34191634,55160
ENSG00000273020,42214517,42267187,52670
ENSG00000272939,42256882,42278113,21231
ENSG00000272552,42263803,42292798,28995
ENSG00000272611,42302342,42317458,15116
ENSG00000270871,34143736,34157312,13576
ENSG00000270894,34145418,34150732,5314
ENSG00000272616,42335597,42336843,1246
ENSG00000272728,45917775,46131461,213686
ENSG00000273337,45926690,45935738,9048
ENSG00000272929,45937099,45945835,8736
ENSG00000273436,42350648,42358238,7590
ENSG00000273229,45958864,45960078,1214
ENSG00000273157,45970240,45971388,1148
ENSG00000270379,34181970,34195910,13940
ENSG00000273054,45977673,45978643,970
ENSG00000273351,45993612,45994993,1381
ENSG00000273322,45999338,46000487,1149
ENSG00000272961,46011151,46012388,1237
ENSG00000272651,46031962,46032837,875
ENSG00000272586,46047006,46048260,1254
ENSG00000272852,42365823,42378831,13008
ENSG00000272704,46057239,46058336,1097
ENSG00000273412,46066297,46067530,1233
ENSG00000272951,46074096,46074542,446
ENSG00000273114,46077815,46078224,409
ENSG00000271268,34188112,34188585,473
ENSG00000272766,46086072,46086810,738
ENSG00000270240,34195986,34212882,16896
ENSG00000272985,42383025,42387277,4252
ENSG00000271503,34198510,34207812,9302
ENSG00000271394,34216577,34216823,246
ENSG00000273158,42414424,42416002,1578
ENSG00000270977,34220726,34238042,17316
ENSG00000271013,34239654,34245029,5375
ENSG00000272804,46020480,46022049,1569
ENSG00000272881,42462586,42465295,2709
ENSG00000270517,34245085,34257792,12707
ENSG00000261674,36337717,36421858,84141
ENSG00000262537,36387075,36387176,101
ENSG00000272584,42472487,42503402,30915
ENSG00000259980,36452989,36479101,26112
ENSG00000271447,34092876,34122655,29779
ENSG00000260825,36481413,36499730,18317
ENSG00000261413,36508111,36556020,47909
ENSG00000265004,36566043,36566303,260
ENSG00000272706,42504226,42575403,71177
ENSG00000272876,42082084,42092748,10664
ENSG00000260374,36584663,36668629,83966
ENSG00000273111,42342979,42350578,7599
ENSG00000272879,42389105,42413350,24245
ENSG00000260960,36606639,36608689,2050
ENSG00000262199,36686252,36762184,75932
ENSG00000268914,143922495,143923378,883
ENSG00000269045,144138825,144139154,329
ENSG00000269876,144258299,144258611,312
ENSG00000269548,144314646,144315336,690
ENSG00000269436,144328545,144337829,9284
ENSG00000268459,144711933,144714090,2157
ENSG00000270984,144849810,144850057,247
ENSG00000268737,144899547,144907557,8010
ENSG00000268210,144909125,144911565,2440
ENSG00000269333,145072582,145072652,70
ENSG00000269472,145074468,145074540,72
ENSG00000269241,145075990,145076066,76
ENSG00000269497,145076499,145076575,76
ENSG00000269661,145078384,145078458,74
ENSG00000267971,145078913,145078989,76
ENSG00000267953,145082768,145082846,78
ENSG00000269224,145109509,145109587,78
ENSG00000268454,145509171,145509287,116
ENSG00000268547,145619250,145619763,513
ENSG00000269447,145635443,145637480,2037
ENSG00000268008,145701312,145702299,987
ENSG00000268684,145891499,145892124,625
ENSG00000268774,145895821,145896441,620
ENSG00000268152,146036790,146036924,134
ENSG00000271501,146045891,146046200,309
ENSG00000268097,146271419,146271502,83
ENSG00000268749,146280759,146280842,83
ENSG00000269628,146295178,146295306,128
ENSG00000269532,146307541,146307667,126
ENSG00000268915,146312435,146312558,123
ENSG00000268102,146312699,146312792,93
ENSG00000268128,146318628,146318742,114
ENSG00000267936,146331866,146331945,79
ENSG00000269250,146340475,146340565,90
ENSG00000268283,146341367,146341441,74
ENSG00000268561,146342247,146342340,93
ENSG00000268522,146354050,146354123,73
ENSG00000268224,146360962,146361059,97
ENSG00000268106,146363658,146363745,87
ENSG00000269195,146366356,146366443,87
ENSG00000269344,146673327,146673624,297
ENSG00000269551,146882720,146883017,297
ENSG00000271517,146894448,146894689,241
ENSG00000269477,146908994,146909099,105
ENSG00000269705,146981893,146983174,1281
ENSG00000268817,146991146,146993532,2386
ENSG00000268103,146993666,147032842,39176
ENSG00000268323,147028658,147029300,642
ENSG00000268827,147063046,147108384,45338
ENSG00000268491,147089817,147089932,115
ENSG00000269777,147133950,147134463,513
ENSG00000269493,147279731,147280595,864
ENSG00000269142,147546425,147547145,720
ENSG00000268325,147579830,147582332,2502
ENSG00000269754,147582336,148082384,500048
ENSG00000268961,147628596,147629115,519
ENSG00000269718,147903885,147904169,284
ENSG00000269659,148138437,148138887,450
ENSG00000269414,148393954,148394036,82
ENSG00000267826,148412623,148412683,60
ENSG00000267816,148558712,148615657,56945
ENSG00000269041,148564265,148615657,51392
ENSG00000269254,148593231,148607986,14755
ENSG00000268608,148606723,148607765,1042
ENSG00000260856,950956,955100,4144
ENSG00000261370,969238,970836,1598
ENSG00000268314,148622077,148632232,10155
ENSG00000268168,148629932,148631557,1625
ENSG00000267978,148663377,148669190,5813
ENSG00000268523,148730896,148731846,950
ENSG00000268709,148769950,148798988,29038
ENSG00000268115,148839519,148839617,98
ENSG00000269398,148839743,148840017,274
ENSG00000268645,148842501,148842596,95
ENSG00000268010,148850619,148853090,2471
ENSG00000268122,148855790,148858589,2799
ENSG00000268337,148863652,148869459,5807
ENSG00000268096,148889936,148890877,941
ENSG00000268694,148898892,148899366,474
ENSG00000269701,148960558,148962792,2234
ENSG00000268422,148962863,148967557,4694
ENSG00000268871,149011249,149020533,9284
ENSG00000268099,149011384,149012420,1036
ENSG00000269312,149020350,149306302,285952
ENSG00000269557,149196100,149198242,2142
ENSG00000269684,149309726,149309805,79
ENSG00000268999,149312793,149314618,1825
ENSG00000269849,149443144,149595900,152756
ENSG00000268428,149571254,149571340,86
ENSG00000273169,46095751,46097969,2218
ENSG00000272863,46101457,46102044,587
ENSG00000269031,149650341,149755044,104703
ENSG00000272594,46117053,46117925,872
ENSG00000272697,46122102,46122672,570
ENSG00000272773,46188921,46221900,32979
ENSG00000273393,46222458,46224598,2140
ENSG00000269759,149774684,149846825,72141
ENSG00000269478,149848059,149980538,132479
ENSG00000268738,148674245,148677036,2791
ENSG00000269556,148678279,148713446,35167
ENSG00000269475,151851499,151852315,816
ENSG00000268902,151876733,151883021,6288
ENSG00000268920,151895956,151902207,6251
ENSG00000269452,151902251,151906141,3890
ENSG00000268132,151902299,151909457,7158
ENSG00000269219,149900475,149900968,493
ENSG00000269280,151915289,151916234,945
ENSG00000268063,149983843,149983958,115
ENSG00000268850,149997535,150002660,5125
ENSG00000269747,150037216,150037309,93
ENSG00000269411,150062231,150072497,10266
ENSG00000267821,150075223,150075813,590
ENSG00000269114,151934608,151938219,3611
ENSG00000268512,151995445,151999249,3804
ENSG00000269336,151999439,152038201,38762
ENSG00000267825,152082914,152141952,59038
ENSG00000268644,152157296,152162599,5303
ENSG00000268227,152163708,152163967,259
ENSG00000268933,152197257,152198918,1661
ENSG00000268990,152220622,152220885,263
ENSG00000269109,152240908,152243488,2580
ENSG00000268883,152244085,152246021,1936
ENSG00000268826,152486155,152489158,3003
ENSG00000272120,152502627,152528582,25955
ENSG00000269874,152519945,152520048,103
ENSG00000269297,152524205,152524428,223
ENSG00000269581,152565435,152567321,1886
ENSG00000268409,152572320,152572613,293
ENSG00000269523,152586794,152590101,3307
ENSG00000268969,152592224,152594948,2724
ENSG00000269342,152613192,152639059,25867
ENSG00000268671,152616138,152663992,47854
ENSG00000268274,152654328,152655560,1232
ENSG00000269168,152663411,152678026,14615
ENSG00000263148,152686148,152751411,65263
ENSG00000261960,152767812,152772825,5013
ENSG00000262424,152772969,152773820,851
ENSG00000262076,152774989,152775360,371
ENSG00000263122,152779166,152781397,2231
ENSG00000269798,152810963,152819798,8835
ENSG00000269328,152830628,152831164,536
ENSG00000269611,152834698,152834987,289
ENSG00000269773,152838202,152857482,19280
ENSG00000268982,152856571,152865065,8494
ENSG00000267977,152868964,152893169,24205
ENSG00000268757,152893340,152913233,19893
ENSG00000268808,152904097,152934950,30853
ENSG00000268591,152932668,152947818,15150
ENSG00000268444,152944884,152954204,9320
ENSG00000267989,152954238,152962995,8757
ENSG00000269520,152961988,152966977,4989
ENSG00000267915,152970638,152999037,28399
ENSG00000269672,153009723,153010037,314
ENSG00000269629,153024175,153024239,64
ENSG00000267951,153029986,153077694,47708
ENSG00000269655,153049144,153057461,8317
ENSG00000269623,153071002,153075637,4635
ENSG00000268876,153075838,153103469,27631
ENSG00000268281,153097712,153103693,5981
ENSG00000269198,153103733,153113249,9516
ENSG00000268768,153116021,153140275,24254
ENSG00000267974,153137793,153138555,762
ENSG00000268384,153140795,153151663,10868
ENSG00000269697,153149565,153149645,80
ENSG00000268944,153178968,153188448,9480
ENSG00000269207,153188388,153188457,69
ENSG00000268563,153190041,153266223,76182
ENSG00000268832,153312692,153327500,14808
ENSG00000268221,153351086,153364610,13524
ENSG00000269133,153388224,153401754,13530
ENSG00000268013,153464139,153498818,34679
ENSG00000269865,153502428,153503505,1077
ENSG00000269329,153516992,153543106,26114
ENSG00000268557,153547665,153549991,2326
ENSG00000268963,153558423,153577636,19213
ENSG00000268237,153568749,153568883,134
ENSG00000267993,153569706,153580580,10874
ENSG00000269723,153596659,153596917,258
ENSG00000269668,153597100,153604984,7884
ENSG00000268690,153605388,153611935,6547
ENSG00000269645,153612594,153619122,6528
ENSG00000268862,153626749,153642114,15365
ENSG00000269715,153652185,153655138,2953
ENSG00000268604,153655774,153659145,3371
ENSG00000269441,153662598,153662667,69
ENSG00000264122,153664285,153664581,296
ENSG00000269338,153686308,153687099,791
ENSG00000269087,153699859,153716040,16181
ENSG00000268089,151806655,151821834,15179
ENSG00000268196,151867224,151870818,3594
ENSG00000269081,151883064,151887057,3993
ENSG00000268606,151918357,151922350,3993
ENSG00000268916,151927690,151928694,1004
ENSG00000268624,152225502,152227744,2242
ENSG00000269790,152347756,152352350,4594
ENSG00000262919,152756399,152767649,11250
ENSG00000269433,153426025,153439479,13454
ENSG00000268904,153580024,153590188,10164
ENSG00000269007,153645369,153647725,2356
ENSG00000268160,153673487,153684710,11223
ENSG00000271165,29114554,29115847,1293
ENSG00000266424,76265165,76266410,1245
ENSG00000263183,27547691,27577753,30062
ENSG00000262241,27667586,27677481,9895
ENSG00000261982,27679665,27681146,1481
ENSG00000262255,27685946,27686519,573
ENSG00000263055,27714367,27714591,224
ENSG00000262672,27734416,27750597,16181
ENSG00000262924,34752615,34853664,101049
ENSG00000272165,34774456,34776522,2066
ENSG00000269013,22313127,22313291,164
ENSG00000268641,22323334,22323919,585
ENSG00000267822,22357568,22357993,425
ENSG00000269498,22385922,22386797,875
ENSG00000268571,22434263,22436356,2093
ENSG00000268315,22450702,22452344,1642
ENSG00000262918,22477417,22508185,30768
ENSG00000271273,22489986,22490877,891
ENSG00000262617,55822855,55840290,17435
ENSG00000265742,65243275,65250716,7441
ENSG00000263496,65253232,65636305,383073
ENSG00000267386,68308972,68371110,62138
ENSG00000262949,36587925,36588290,365
ENSG00000265120,75265441,75289601,24160
ENSG00000262455,80143789,80144323,534
ENSG00000263837,75271884,75272480,596
ENSG00000269823,153762078,153763786,1708
ENSG00000263299,72051359,72051832,473
ENSG00000261926,72095578,72117625,22047
ENSG00000263340,28560798,28561102,304
ENSG00000262504,28591635,28591792,157
ENSG00000262821,28802678,28806543,3865
ENSG00000261957,28810338,28818145,7807
ENSG00000262824,28821752,28821918,166
ENSG00000262364,28831785,28836166,4381
ENSG00000270303,68645774,68646283,509
ENSG00000273339,69437078,69439126,2048
ENSG00000268899,20929729,20938056,8327
ENSG00000268386,20941246,20941758,512
ENSG00000269111,20967402,20967958,556
ENSG00000268958,21161484,21172432,10948
ENSG00000271285,21215137,21215263,126
ENSG00000272759,54544079,54567207,23128
ENSG00000273215,54573149,54584634,11485
ENSG00000262093,45682910,45693771,10861
ENSG00000272919,54597933,54606000,8067
ENSG00000267738,47828560,47839965,11405
ENSG00000262673,48093680,48265426,171746
ENSG00000268763,11187087,11187275,188
ENSG00000273453,54606036,54612564,6528
ENSG00000272560,54610320,54619055,8735
ENSG00000273469,54618837,54635140,16303
ENSG00000261843,75288273,75508300,220027
ENSG00000272806,54622891,54628722,5831
ENSG00000273041,153749394,153750466,1072
ENSG00000268651,153753611,153755284,1673
ENSG00000268609,153774326,153774418,92
ENSG00000273022,153790896,153791968,1072
ENSG00000269592,153820440,153822047,1607
ENSG00000269455,153823014,153823793,779
ENSG00000269769,153827258,153828150,892
ENSG00000268699,153843720,153920051,76331
ENSG00000268226,153931224,153946157,14933
ENSG00000268261,153936996,153937127,131
ENSG00000268874,153943466,153943594,128
ENSG00000269326,153947152,153989475,42323
ENSG00000268017,153985567,153985869,302
ENSG00000268084,153991816,154003130,11314
ENSG00000269261,154004256,154195408,191152
ENSG00000273208,154053510,154054026,516
ENSG00000272623,154054828,154056528,1700
ENSG00000272830,154055828,154055926,98
ENSG00000269059,154066029,154066560,531
ENSG00000267860,154077353,154087571,10218
ENSG00000268300,154088046,154088650,604
ENSG00000268109,154194448,154228771,34323
ENSG00000268700,154230090,154316405,86315
ENSG00000269618,154230090,154239830,9740
ENSG00000269884,154239888,154291542,51654
ENSG00000269126,154305579,154324971,19392
ENSG00000268440,154365475,154408285,42810
ENSG00000268648,154381389,154382106,717
ENSG00000268359,154426709,154433057,6348
ENSG00000268943,154444679,154503125,58446
ENSG00000268246,154458828,154459821,993
ENSG00000268924,154460637,154461900,1263
ENSG00000269860,154478715,154478958,243
ENSG00000273440,154549247,154549763,516
ENSG00000272591,154550568,154552268,1700
ENSG00000272671,154551568,154551666,98
ENSG00000273207,154625383,154627083,1700
ENSG00000273438,154625985,154626083,98
ENSG00000272571,154627887,154628403,516
ENSG00000269492,154634438,154780084,145646
ENSG00000269166,154636754,154655514,18760
ENSG00000267946,154658583,154838412,179829
ENSG00000269335,153715815,153733513,17698
ENSG00000272976,153739716,153740423,707
ENSG00000269187,153786077,153787739,1662
ENSG00000272681,153800943,153801650,707
ENSG00000273242,54544079,54567207,23128
ENSG00000273418,54573149,54584634,11485
ENSG00000272833,54597933,54606000,8067
ENSG00000272553,54606036,54612564,6528
ENSG00000273031,54610320,54619055,8735
ENSG00000262174,54658898,54663619,4721
ENSG00000261917,54677072,54693566,16494
ENSG00000262716,54693622,54697413,3791
ENSG00000273462,54618837,54635140,16303
ENSG00000262798,54703140,54703657,517
ENSG00000272698,54622891,54628722,5831
ENSG00000263076,54704428,54752625,48197
ENSG00000262426,54712778,54713104,326
ENSG00000272883,54641444,54659419,17975
ENSG00000273182,54658899,54663620,4721
ENSG00000262044,54719965,54746384,26419
ENSG00000272757,54663846,54676944,13098
ENSG00000262642,54720555,54746431,25876
ENSG00000267888,54728210,54728568,358
ENSG00000262646,54732724,54733901,1177
ENSG00000273316,54677107,54693733,16626
ENSG00000261979,54749723,54750944,1221
ENSG00000262913,54771630,54772670,1040
ENSG00000261890,54771631,54772673,1042
ENSG00000262941,54797675,54797992,317
ENSG00000261935,54799626,54809724,10098
ENSG00000273053,54693789,54697585,3796
ENSG00000273364,54697731,54698394,663
ENSG00000272775,54703321,54703838,517
ENSG00000262192,54808486,54809195,709
ENSG00000263153,54812075,54816341,4266
ENSG00000273231,54712960,54713286,326
ENSG00000262266,54797554,54797871,317
ENSG00000262800,54817385,54823441,6056
ENSG00000262631,54830508,54831516,1008
ENSG00000261937,54799506,54809605,10099
ENSG00000262100,54808367,54809076,709
ENSG00000263112,54811988,54816264,4276
ENSG00000262300,54830436,54831444,1008
ENSG00000261988,54838504,54841666,3162
ENSG00000262284,54843416,54849383,5967
ENSG00000269750,54861674,54863577,1903
ENSG00000263109,54850624,54872311,21687
ENSG00000262530,54866064,54870109,4045
ENSG00000268398,54869594,54870076,482
ENSG00000262741,54880210,54884444,4234
ENSG00000263157,54882228,54882445,217
ENSG00000263030,54900426,54908565,8139
ENSG00000262317,54932960,54945775,12815
ENSG00000262460,54956784,54957092,308
ENSG00000262422,54987051,54987337,286
ENSG00000262004,55008197,55022837,14640
ENSG00000262936,54864045,54880850,16805
ENSG00000262423,54889779,54890250,471
ENSG00000261849,54933099,54937062,3963
ENSG00000262897,55024581,55041367,16786
ENSG00000262806,55048402,55064587,16185
ENSG00000262727,55009156,55072801,63645
ENSG00000269778,55064788,55065535,747
ENSG00000267994,55024718,55025564,846
ENSG00000262182,55080219,55090214,9995
ENSG00000262900,55028859,55037367,8508
ENSG00000262575,55043147,55043653,506
ENSG00000263216,55070995,55074165,3170
ENSG00000263108,55079162,55105649,26487
ENSG00000263026,55097598,55140400,42802
ENSG00000262238,55083215,55084124,909
ENSG00000262750,55087357,55087502,145
ENSG00000262555,55106521,55107881,1360
ENSG00000263251,55131487,55135787,4300
ENSG00000262830,55138833,55139116,283
ENSG00000262548,55142797,55148024,5227
ENSG00000267516,55125722,55126681,959
ENSG00000262335,55159054,55171068,12014
ENSG00000261912,55173047,55218870,45823
ENSG00000263145,55189570,55201916,12346
ENSG00000263208,55204359,55218868,14509
ENSG00000262625,55220901,55224864,3963
ENSG00000263100,55338425,55348425,10000
ENSG00000262615,55127218,55175230,48012
ENSG00000262706,55147905,55148505,600
ENSG00000262736,55355794,55398597,42803
ENSG00000267186,55383919,55384878,959
ENSG00000262886,55385415,55433427,48012
ENSG00000262363,55406102,55406702,600
ENSG00000267445,55438478,55480371,41893
ENSG00000273135,54704726,54711511,6785
ENSG00000262239,55445990,55470549,24559
ENSG00000268214,54950192,54961268,11076
ENSG00000267329,55459878,55486213,26335
ENSG00000261870,54991291,55006271,14980
ENSG00000261975,55471393,55503576,32183
ENSG00000263295,55504305,55520208,15903
ENSG00000262138,54641436,54659444,18008
ENSG00000263166,54663835,54676909,13074
ENSG00000262991,54754031,54760926,6895
ENSG00000263222,54777978,54784721,6743
ENSG00000263054,54884286,54897417,13131
ENSG00000262887,54897491,54898993,1502
ENSG00000262582,54967787,54979072,11285
ENSG00000272649,54544079,54567207,23128
ENSG00000273276,54573149,54584634,11485
ENSG00000273239,54597933,54606000,8067
ENSG00000273052,54606036,54612564,6528
ENSG00000273430,54610320,54619055,8735
ENSG00000273376,54618837,54635140,16303
ENSG00000273070,54622891,54628722,5831
ENSG00000273202,54641444,54659419,17975
ENSG00000273292,54658899,54663620,4721
ENSG00000272898,54544079,54567207,23128
ENSG00000273347,54663846,54676944,13098
ENSG00000273460,54544079,54567207,23128
ENSG00000272875,54573149,54584634,11485
ENSG00000273358,54573149,54584634,11485
ENSG00000272891,54597933,54606000,8067
ENSG00000273268,54597933,54606000,8067
ENSG00000273130,54677107,54693733,16626
ENSG00000273427,54606036,54612564,6528
ENSG00000273417,54610320,54619055,8735
ENSG00000273095,54606036,54612564,6528
ENSG00000272739,54693789,54697585,3796
ENSG00000272680,54610320,54619055,8735
ENSG00000273304,54697731,54698394,663
ENSG00000272850,54703321,54703838,517
ENSG00000272738,54712960,54713286,326
ENSG00000273060,54618837,54635140,16303
ENSG00000262161,55341441,55357334,15893
ENSG00000262680,55415012,55425012,10000
ENSG00000272928,54622891,54628722,5831
ENSG00000272964,54618837,54635140,16303
ENSG00000272608,54622891,54628722,5831
ENSG00000273159,54641444,54659419,17975
ENSG00000262690,55432381,55475184,42803
ENSG00000267572,55460506,55461465,959
ENSG00000273315,54658899,54663620,4721
ENSG00000273459,54641444,54659419,17975
ENSG00000272946,54663846,54676944,13098
ENSG00000272726,54658899,54663620,4721
ENSG00000273414,54544079,54567207,23128
ENSG00000262329,55462002,55510014,48012
ENSG00000272621,54663846,54676944,13098
ENSG00000273470,54677107,54693733,16626
ENSG00000262416,55482689,55483289,600
ENSG00000267622,55515065,55556958,41893
ENSG00000272561,54693789,54697585,3796
ENSG00000272683,54697731,54698394,663
ENSG00000261961,55522577,55547136,24559
ENSG00000273446,54677107,54693733,16626
ENSG00000267739,55536465,55562800,26335
ENSG00000262348,55547980,55580163,32183
ENSG00000272705,54693789,54697585,3796
ENSG00000273282,54697731,54698394,663
ENSG00000273163,54703321,54703838,517
ENSG00000272577,54712960,54713286,326
ENSG00000262007,55361247,55378033,16786
ENSG00000262287,55580892,55596795,15903
ENSG00000262661,55417098,55427098,10000
ENSG00000273103,54573149,54584634,11485
ENSG00000272943,54704726,54711511,6785
ENSG00000263233,55250100,55264425,14325
ENSG00000262457,55434467,55477270,42803
ENSG00000267126,55462592,55463551,959
ENSG00000262811,55464088,55512100,48012
ENSG00000262382,55484775,55485375,600
ENSG00000267468,55517151,55559044,41893
ENSG00000262131,55524663,55549222,24559
ENSG00000267362,55538551,55564886,26335
ENSG00000273222,54597933,54606000,8067
ENSG00000262163,55550066,55582249,32183
ENSG00000262467,55582978,55598881,15903
ENSG00000273467,54704726,54711511,6785
ENSG00000273178,54606036,54612564,6528
ENSG00000273458,54610320,54619055,8735
ENSG00000272932,54618837,54635140,16303
ENSG00000272648,54622891,54628722,5831
ENSG00000273223,54641444,54659419,17975
ENSG00000273128,54658899,54663620,4721
ENSG00000272723,54663846,54676944,13098
ENSG00000273057,54677107,54693733,16626
ENSG00000273490,54693789,54697585,3796
ENSG00000272893,54697731,54698394,663
ENSG00000273386,54703321,54703838,517
ENSG00000273016,54712960,54713286,326
ENSG00000262439,55342150,55354167,12017
ENSG00000262923,55442549,55452549,10000
ENSG00000263168,55459918,55502721,42803
ENSG00000267050,55488043,55489002,959
ENSG00000262175,55489539,55537551,48012
ENSG00000262436,55510226,55510826,600
ENSG00000267514,55542602,55584495,41893
ENSG00000262867,55550114,55574673,24559
ENSG00000267608,55564002,55590337,26335
ENSG00000262110,55575517,55607700,32183
ENSG00000262835,55608429,55624332,15903
ENSG00000273385,54704726,54711511,6785
ENSG00000267434,55180281,55222174,41893
ENSG00000262069,55187793,55212352,24559
ENSG00000267485,55201681,55228016,26335
ENSG00000262982,55213196,55245379,32183
ENSG00000262092,55246108,55262011,15903
ENSG00000272598,54544079,54567207,23128
ENSG00000272749,54573149,54584634,11485
ENSG00000273380,54597933,54606000,8067
ENSG00000273126,54606036,54612564,6528
ENSG00000272722,54610320,54619055,8735
ENSG00000273109,54618837,54635140,16303
ENSG00000272771,54622891,54628722,5831
ENSG00000262369,54641444,54659419,17975
ENSG00000262168,54658899,54663620,4721
ENSG00000262053,54677078,54693733,16655
ENSG00000262868,54693789,54697580,3791
ENSG00000263174,54703312,54703829,517
ENSG00000263332,54704601,54752858,48257
ENSG00000263202,54712963,54713289,326
ENSG00000262087,54720151,54746602,26451
ENSG00000272581,54703321,54703838,517
ENSG00000273354,54712960,54713286,326
ENSG00000262289,55236243,55248260,12017
ENSG00000262463,55266745,55279093,12348
ENSG00000261930,55297897,55314683,16786
ENSG00000262320,54720741,54746649,25908
ENSG00000268989,54728400,54728758,358
ENSG00000261950,54732907,54734088,1181
ENSG00000263224,54749956,54751177,1221
ENSG00000262849,54771873,54772913,1040
ENSG00000262219,54771874,54772916,1042
ENSG00000262105,54813028,54813499,471
ENSG00000262832,55353391,55363391,10000
ENSG00000262236,54848800,54870475,21675
ENSG00000263068,55370760,55413563,42803
ENSG00000267351,55398885,55399844,959
ENSG00000262614,54864227,54868273,4046
ENSG00000268479,54867758,54868240,482
ENSG00000268577,54871587,54871923,336
ENSG00000269768,54872242,54872757,515
ENSG00000262451,54878387,54882618,4231
ENSG00000263003,54880404,54880621,217
ENSG00000262929,55400381,55448393,48012
ENSG00000262602,54882460,54895612,13152
ENSG00000273349,54544079,54567207,23128
ENSG00000261906,54895376,54897289,1913
ENSG00000262386,55421068,55421668,600
ENSG00000261931,54898605,54906806,8201
ENSG00000267367,55453444,55495337,41893
ENSG00000262216,54931486,54944292,12806
ENSG00000272838,54573149,54584634,11485
ENSG00000263262,54955335,54955643,308
ENSG00000262586,54985567,54985853,286
ENSG00000263239,55460956,55485515,24559
ENSG00000273074,54597933,54606000,8067
ENSG00000262754,55006691,55021331,14640
ENSG00000267357,55474844,55501179,26335
ENSG00000262207,55486359,55518542,32183
ENSG00000273426,54606036,54612564,6528
ENSG00000273037,54610320,54619055,8735
ENSG00000262225,55519271,55535174,15903
ENSG00000272643,54704726,54711511,6785
ENSG00000273224,54618837,54635140,16303
ENSG00000262985,55007650,55071293,63643
ENSG00000272596,54622891,54628722,5831
ENSG00000268506,55023212,55024058,846
ENSG00000262462,55027353,55035861,8508
ENSG00000263149,55041643,55042149,506
ENSG00000262143,55069487,55072658,3171
ENSG00000273273,54641444,54659419,17975
ENSG00000263061,55077655,55104128,26473
ENSG00000272996,54658899,54663620,4721
ENSG00000262220,55081710,55082619,909
ENSG00000263025,55085852,55085997,145
ENSG00000262854,55105000,55106360,1360
ENSG00000263221,55130120,55134419,4299
ENSG00000262437,55137465,55137748,283
ENSG00000263066,55141428,55146730,5302
ENSG00000273099,54663846,54676944,13098
ENSG00000261860,55157745,55300255,142510
ENSG00000272809,54677107,54693733,16626
ENSG00000262763,55157760,55169775,12015
ENSG00000262638,55157777,55231506,73729
ENSG00000263027,55171751,55217545,45794
ENSG00000273235,54693789,54697585,3796
ENSG00000263260,55188244,55200592,12348
ENSG00000262556,55203032,55217543,14511
ENSG00000264945,55219576,55223539,3963
ENSG00000263184,55283720,55300469,16749
ENSG00000262827,55307510,55323724,16214
ENSG00000267925,55323925,55324672,747
ENSG00000262717,55339394,55349377,9983
ENSG00000266982,55384879,55385838,959
ENSG00000263173,55405459,55406059,600
ENSG00000267525,55437862,55479755,41893
ENSG00000262797,55445374,55469933,24559
ENSG00000267540,55459262,55485597,26335
ENSG00000263258,55470777,55502960,32183
ENSG00000262878,55503689,55519592,15903
ENSG00000269159,54663836,54676915,13079
ENSG00000268037,54754264,54761159,6895
ENSG00000267923,54787290,54804060,16770
ENSG00000268064,54966403,54977336,10933
ENSG00000267854,55236659,55247769,11110
ENSG00000269459,55356752,55397872,41120
ENSG00000272925,4961,5048,87
ENSG00000272670,5810,31427,25617
ENSG00000273378,42470255,42475445,5190
ENSG00000272835,42475695,42480288,4593
ENSG00000273397,42481529,42486959,5430
ENSG00000272820,42485634,42486032,398
ENSG00000273194,42503769,42504957,1188
ENSG00000272284,42528532,42528987,455
ENSG00000271903,42532424,42548066,15642
ENSG00000272000,42534642,42539049,4407
ENSG00000272532,42522487,42526867,4380
ENSG00000261958,56467862,56468779,917
ENSG00000261991,56514866,56515012,146
ENSG00000262268,56518729,56519646,917
ENSG00000262647,56521377,56522361,984
ENSG00000262675,56529573,56530452,879
ENSG00000262438,56553811,56554756,945
ENSG00000262939,56568756,56569515,759
ENSG00000262535,56580406,56598258,17852
ENSG00000263129,56598126,56599054,928
ENSG00000263059,56627028,56656628,29600
ENSG00000262191,56478942,56479859,917
ENSG00000268200,21901803,21902472,669
ENSG00000268374,21912082,21912316,234
ENSG00000269132,21961053,21986141,25088
ENSG00000268291,21992761,21993547,786
ENSG00000262928,21997231,22044406,47175
ENSG00000273121,42470255,42475445,5190
ENSG00000272901,42475695,42480288,4593
ENSG00000262373,55972601,55973101,500
ENSG00000263150,55978334,55979298,964
ENSG00000262851,55999490,56000737,1247
ENSG00000272765,42481529,42486959,5430
ENSG00000272802,42485634,42486032,398
ENSG00000261897,56019676,56020698,1022
ENSG00000272813,42503769,42504957,1188
ENSG00000262303,42520285,42523779,3494
ENSG00000262784,56043029,56044146,1117
ENSG00000262611,56057529,56058566,1037
ENSG00000262544,56064017,56064947,930
ENSG00000262755,56085783,56086721,938
ENSG00000262162,56098823,56099964,1141
ENSG00000263209,56102618,56103544,926
ENSG00000263328,56113421,56114507,1086
ENSG00000262285,56124804,56125697,893
ENSG00000262796,56127691,56128764,1073
ENSG00000262550,56156717,56157671,954
ENSG00000263181,42524055,42528427,4372
ENSG00000262327,141250989,141355044,104055
ENSG00000262907,149632819,149889353,256534
ENSG00000262315,56143101,56152270,9169
ENSG00000262671,141352181,141356610,4429
ENSG00000262599,141356528,141401956,45428
ENSG00000270042,141362722,141363646,924
ENSG00000261994,141410146,141444154,34008
ENSG00000263042,141414161,141437079,22918
ENSG00000262055,42533738,42538854,5116
ENSG00000264369,11831916,11888393,56477
ENSG00000262771,141444129,141493730,49601
ENSG00000262024,42543863,42727524,183661
ENSG00000266381,11996185,11996480,295
ENSG00000273411,54697731,54698394,663
ENSG00000272926,54703321,54703838,517
ENSG00000272673,54712960,54713286,326
ENSG00000262414,54749978,54751212,1234
ENSG00000263021,54754289,54761190,6901
ENSG00000262035,54771884,54772924,1040
ENSG00000262065,54771885,54772927,1042
ENSG00000262297,54797929,54798246,317
ENSG00000262383,54799881,54809979,10098
ENSG00000262724,54808741,54809450,709
ENSG00000262715,54812330,54816445,4115
ENSG00000263180,54830590,54831598,1008
ENSG00000262178,54838658,54841820,3162
ENSG00000261929,54843570,54849537,5967
ENSG00000268299,54862230,54864133,1903
ENSG00000262397,54899259,54925749,26490
ENSG00000263092,54903314,54904223,909
ENSG00000262645,54907456,54907601,145
ENSG00000261998,54926621,54927981,1360
ENSG00000262604,54951832,54956133,4301
ENSG00000262390,54959180,54959463,283
ENSG00000262486,54963144,54968401,5257
ENSG00000261880,55147187,55157187,10000
ENSG00000262009,55164556,55207359,42803
ENSG00000267438,55192681,55193640,959
ENSG00000262260,55194177,55242189,48012
ENSG00000262153,55214864,55215464,600
ENSG00000267700,55247240,55289133,41893
ENSG00000262729,55254752,55279311,24559
ENSG00000267494,55268640,55294975,26335
ENSG00000262244,55280155,55312338,32183
ENSG00000262430,55313067,55328970,15903
ENSG00000272614,54704726,54711511,6785
ENSG00000262630,54720147,54746736,26589
ENSG00000262843,54817736,54823469,5733
ENSG00000263303,54864474,54875961,11487
ENSG00000262596,54979403,55007752,28349
ENSG00000263175,55009655,55024167,14512
ENSG00000262494,55026196,55031822,5626
ENSG00000272860,33615,41378,7763
ENSG00000262334,62293,253878,191585
ENSG00000262737,189016,190077,1061
ENSG00000263267,198829,201112,2283
ENSG00000262336,220262,225205,4943
ENSG00000262005,222361,224506,2145
